Left Bin Edge (nm)	Right Bin Edge (nm)	Bin Center (nm)		Top of Atm Intensity (erg/s/nm/cm2)		Total Surface Flux (erg/s/nm/cm2)		Total Intensity at BOA (erg/s/nm/cm2)		Total Surface Intensity (erg/s/nm/cm2)		Total Surface Diffuse Intensity (erg/s/nm/cm2)		Total Surface Direct Intensity (erg/s/nm/cm2)
1.0000000e+02		1.0100000e+02		1.0050000e+02		1.9189487e-02		0.0000000e+00		0.0000000e+00		0.0000000e+00		0.0000000e+00		0.0000000e+00
1.0100000e+02		1.0200000e+02		1.0150000e+02		7.4861701e-02		0.0000000e+00		0.0000000e+00		0.0000000e+00		0.0000000e+00		0.0000000e+00
1.0200000e+02		1.0300000e+02		1.0250000e+02		3.9734366e-01		0.0000000e+00		0.0000000e+00		0.0000000e+00		0.0000000e+00		0.0000000e+00
1.0300000e+02		1.0400000e+02		1.0350000e+02		3.0179545e-01		0.0000000e+00		0.0000000e+00		0.0000000e+00		0.0000000e+00		0.0000000e+00
1.0400000e+02		1.0500000e+02		1.0450000e+02		6.0815352e-02		0.0000000e+00		0.0000000e+00		0.0000000e+00		0.0000000e+00		0.0000000e+00
1.0500000e+02		1.0600000e+02		1.0550000e+02		2.0834600e-02		0.0000000e+00		0.0000000e+00		0.0000000e+00		0.0000000e+00		0.0000000e+00
1.0600000e+02		1.0700000e+02		1.0650000e+02		1.9584792e-02		0.0000000e+00		0.0000000e+00		0.0000000e+00		0.0000000e+00		0.0000000e+00
1.0700000e+02		1.0800000e+02		1.0750000e+02		2.1853879e-02		0.0000000e+00		0.0000000e+00		0.0000000e+00		0.0000000e+00		0.0000000e+00
1.0800000e+02		1.0900000e+02		1.0850000e+02		3.0634999e-02		0.0000000e+00		0.0000000e+00		0.0000000e+00		0.0000000e+00		0.0000000e+00
1.0900000e+02		1.1000000e+02		1.0950000e+02		2.4032561e-02		0.0000000e+00		0.0000000e+00		0.0000000e+00		0.0000000e+00		0.0000000e+00
1.1000000e+02		1.1100000e+02		1.1050000e+02		2.3268893e-02		0.0000000e+00		0.0000000e+00		0.0000000e+00		0.0000000e+00		0.0000000e+00
1.1100000e+02		1.1200000e+02		1.1150000e+02		2.1871272e-02		0.0000000e+00		0.0000000e+00		0.0000000e+00		0.0000000e+00		0.0000000e+00
1.1200000e+02		1.1300000e+02		1.1250000e+02		2.2375602e-02		0.0000000e+00		0.0000000e+00		0.0000000e+00		0.0000000e+00		0.0000000e+00
1.1300000e+02		1.1400000e+02		1.1350000e+02		1.7748133e-02		0.0000000e+00		0.0000000e+00		0.0000000e+00		0.0000000e+00		0.0000000e+00
1.1400000e+02		1.1500000e+02		1.1450000e+02		1.3589480e-02		0.0000000e+00		0.0000000e+00		0.0000000e+00		0.0000000e+00		0.0000000e+00
1.1500000e+02		1.1600000e+02		1.1550000e+02		1.8751615e-02		0.0000000e+00		0.0000000e+00		0.0000000e+00		0.0000000e+00		0.0000000e+00
1.1600000e+02		1.1700000e+02		1.1650000e+02		4.3674487e-02		0.0000000e+00		0.0000000e+00		0.0000000e+00		0.0000000e+00		0.0000000e+00
1.1700000e+02		1.1800000e+02		1.1750000e+02		1.5546757e-01		0.0000000e+00		0.0000000e+00		0.0000000e+00		0.0000000e+00		0.0000000e+00
1.1800000e+02		1.1900000e+02		1.1850000e+02		5.2889236e-02		0.0000000e+00		0.0000000e+00		0.0000000e+00		0.0000000e+00		0.0000000e+00
1.1900000e+02		1.2000000e+02		1.1950000e+02		7.3692884e-02		0.0000000e+00		0.0000000e+00		0.0000000e+00		0.0000000e+00		0.0000000e+00
1.2000000e+02		1.2100000e+02		1.2050000e+02		4.0066072e-01		0.0000000e+00		0.0000000e+00		0.0000000e+00		0.0000000e+00		0.0000000e+00
1.2100000e+02		1.2200000e+02		1.2150000e+02		1.5905289e+01		0.0000000e+00		0.0000000e+00		0.0000000e+00		0.0000000e+00		0.0000000e+00
1.2200000e+02		1.2300000e+02		1.2250000e+02		1.0666543e-01		0.0000000e+00		0.0000000e+00		0.0000000e+00		0.0000000e+00		0.0000000e+00
1.2300000e+02		1.2400000e+02		1.2350000e+02		5.7456553e-02		0.0000000e+00		0.0000000e+00		0.0000000e+00		0.0000000e+00		0.0000000e+00
1.2400000e+02		1.2500000e+02		1.2450000e+02		4.6184197e-02		0.0000000e+00		0.0000000e+00		0.0000000e+00		0.0000000e+00		0.0000000e+00
1.2500000e+02		1.2600000e+02		1.2550000e+02		4.5085118e-02		0.0000000e+00		0.0000000e+00		0.0000000e+00		0.0000000e+00		0.0000000e+00
1.2600000e+02		1.2700000e+02		1.2650000e+02		6.3054464e-02		0.0000000e+00		0.0000000e+00		0.0000000e+00		0.0000000e+00		0.0000000e+00
1.2700000e+02		1.2800000e+02		1.2750000e+02		3.3006429e-02		0.0000000e+00		0.0000000e+00		0.0000000e+00		0.0000000e+00		0.0000000e+00
1.2800000e+02		1.2900000e+02		1.2850000e+02		2.6335196e-02		0.0000000e+00		0.0000000e+00		0.0000000e+00		0.0000000e+00		0.0000000e+00
1.2900000e+02		1.3000000e+02		1.2950000e+02		3.5131240e-02		0.0000000e+00		0.0000000e+00		0.0000000e+00		0.0000000e+00		0.0000000e+00
1.3000000e+02		1.3100000e+02		1.3050000e+02		2.8850634e-01		0.0000000e+00		0.0000000e+00		0.0000000e+00		0.0000000e+00		0.0000000e+00
1.3100000e+02		1.3200000e+02		1.3150000e+02		3.9064855e-02		0.0000000e+00		0.0000000e+00		0.0000000e+00		0.0000000e+00		0.0000000e+00
1.3200000e+02		1.3300000e+02		1.3250000e+02		3.0374778e-02		0.0000000e+00		0.0000000e+00		0.0000000e+00		0.0000000e+00		0.0000000e+00
1.3300000e+02		1.3400000e+02		1.3350000e+02		4.1056606e-01		0.0000000e+00		0.0000000e+00		0.0000000e+00		0.0000000e+00		0.0000000e+00
1.3400000e+02		1.3500000e+02		1.3450000e+02		2.8092500e-02		0.0000000e+00		0.0000000e+00		0.0000000e+00		0.0000000e+00		0.0000000e+00
1.3500000e+02		1.3600000e+02		1.3550000e+02		5.8954708e-02		0.0000000e+00		0.0000000e+00		0.0000000e+00		0.0000000e+00		0.0000000e+00
1.3600000e+02		1.3700000e+02		1.3650000e+02		3.8690656e-02		0.0000000e+00		0.0000000e+00		0.0000000e+00		0.0000000e+00		0.0000000e+00
1.3700000e+02		1.3800000e+02		1.3750000e+02		3.9732879e-02		0.0000000e+00		0.0000000e+00		0.0000000e+00		0.0000000e+00		0.0000000e+00
1.3800000e+02		1.3900000e+02		1.3850000e+02		4.0549866e-02		0.0000000e+00		0.0000000e+00		0.0000000e+00		0.0000000e+00		0.0000000e+00
1.3900000e+02		1.4000000e+02		1.3950000e+02		1.3692187e-01		0.0000000e+00		0.0000000e+00		0.0000000e+00		0.0000000e+00		0.0000000e+00
1.4000000e+02		1.4100000e+02		1.4050000e+02		1.1939088e-01		0.0000000e+00		0.0000000e+00		0.0000000e+00		0.0000000e+00		0.0000000e+00
1.4100000e+02		1.4200000e+02		1.4150000e+02		5.7521948e-02		0.0000000e+00		0.0000000e+00		0.0000000e+00		0.0000000e+00		0.0000000e+00
1.4200000e+02		1.4300000e+02		1.4250000e+02		6.2343151e-02		0.0000000e+00		0.0000000e+00		0.0000000e+00		0.0000000e+00		0.0000000e+00
1.4300000e+02		1.4400000e+02		1.4350000e+02		6.9165895e-02		0.0000000e+00		0.0000000e+00		0.0000000e+00		0.0000000e+00		0.0000000e+00
1.4400000e+02		1.4500000e+02		1.4450000e+02		6.6149126e-02		0.0000000e+00		0.0000000e+00		0.0000000e+00		0.0000000e+00		0.0000000e+00
1.4500000e+02		1.4600000e+02		1.4550000e+02		7.0536262e-02		0.0000000e+00		0.0000000e+00		0.0000000e+00		0.0000000e+00		0.0000000e+00
1.4600000e+02		1.4700000e+02		1.4650000e+02		8.6012655e-02		0.0000000e+00		0.0000000e+00		0.0000000e+00		0.0000000e+00		0.0000000e+00
1.4700000e+02		1.4800000e+02		1.4750000e+02		1.0610345e-01		0.0000000e+00		0.0000000e+00		0.0000000e+00		0.0000000e+00		0.0000000e+00
1.4800000e+02		1.4900000e+02		1.4850000e+02		1.0405386e-01		0.0000000e+00		0.0000000e+00		0.0000000e+00		0.0000000e+00		0.0000000e+00
1.4900000e+02		1.5000000e+02		1.4950000e+02		9.4002421e-02		0.0000000e+00		0.0000000e+00		0.0000000e+00		0.0000000e+00		0.0000000e+00
1.5000000e+02		1.5100000e+02		1.5050000e+02		1.0343288e-01		0.0000000e+00		0.0000000e+00		0.0000000e+00		0.0000000e+00		0.0000000e+00
1.5100000e+02		1.5200000e+02		1.5150000e+02		1.0875212e-01		0.0000000e+00		0.0000000e+00		0.0000000e+00		0.0000000e+00		0.0000000e+00
1.5200000e+02		1.5300000e+02		1.5250000e+02		1.3876638e-01		0.0000000e+00		0.0000000e+00		0.0000000e+00		0.0000000e+00		0.0000000e+00
1.5300000e+02		1.5400000e+02		1.5350000e+02		1.5371418e-01		0.0000000e+00		0.0000000e+00		0.0000000e+00		0.0000000e+00		0.0000000e+00
1.5400000e+02		1.5500000e+02		1.5450000e+02		4.1112511e-01		0.0000000e+00		0.0000000e+00		0.0000000e+00		0.0000000e+00		0.0000000e+00
1.5500000e+02		1.5600000e+02		1.5550000e+02		3.3836363e-01		0.0000000e+00		0.0000000e+00		0.0000000e+00		0.0000000e+00		0.0000000e+00
1.5600000e+02		1.5700000e+02		1.5650000e+02		2.0084632e-01		0.0000000e+00		0.0000000e+00		0.0000000e+00		0.0000000e+00		0.0000000e+00
1.5700000e+02		1.5800000e+02		1.5750000e+02		1.8216796e-01		0.0000000e+00		0.0000000e+00		0.0000000e+00		0.0000000e+00		0.0000000e+00
1.5800000e+02		1.5900000e+02		1.5850000e+02		1.6795176e-01		0.0000000e+00		0.0000000e+00		0.0000000e+00		0.0000000e+00		0.0000000e+00
1.5900000e+02		1.6000000e+02		1.5950000e+02		1.6379377e-01		0.0000000e+00		0.0000000e+00		0.0000000e+00		0.0000000e+00		0.0000000e+00
1.6000000e+02		1.6100000e+02		1.6050000e+02		1.7926410e-01		0.0000000e+00		0.0000000e+00		0.0000000e+00		0.0000000e+00		0.0000000e+00
1.6100000e+02		1.6200000e+02		1.6150000e+02		2.0306941e-01		0.0000000e+00		0.0000000e+00		0.0000000e+00		0.0000000e+00		0.0000000e+00
1.6200000e+02		1.6300000e+02		1.6250000e+02		2.2492895e-01		0.0000000e+00		0.0000000e+00		0.0000000e+00		0.0000000e+00		0.0000000e+00
1.6300000e+02		1.6400000e+02		1.6350000e+02		4.7671727e-01		0.0000000e+00		0.0000000e+00		0.0000000e+00		0.0000000e+00		0.0000000e+00
1.6400000e+02		1.6500000e+02		1.6450000e+02		4.8753270e-01		0.0000000e+00		0.0000000e+00		0.0000000e+00		0.0000000e+00		0.0000000e+00
1.6500000e+02		1.6600000e+02		1.6550000e+02		5.7072689e-01		0.0000000e+00		0.0000000e+00		0.0000000e+00		0.0000000e+00		0.0000000e+00
1.6600000e+02		1.6700000e+02		1.6650000e+02		2.6919628e-01		0.0000000e+00		0.0000000e+00		0.0000000e+00		0.0000000e+00		0.0000000e+00
1.6700000e+02		1.6800000e+02		1.6750000e+02		2.8728373e-01		0.0000000e+00		0.0000000e+00		0.0000000e+00		0.0000000e+00		0.0000000e+00
1.6800000e+02		1.6900000e+02		1.6850000e+02		3.0958866e-01		0.0000000e+00		0.0000000e+00		0.0000000e+00		0.0000000e+00		0.0000000e+00
1.6900000e+02		1.7000000e+02		1.6950000e+02		3.8988989e-01		0.0000000e+00		0.0000000e+00		0.0000000e+00		0.0000000e+00		0.0000000e+00
1.7000000e+02		1.7100000e+02		1.7050000e+02		4.3752516e-01		0.0000000e+00		0.0000000e+00		0.0000000e+00		0.0000000e+00		0.0000000e+00
1.7100000e+02		1.7200000e+02		1.7150000e+02		4.3618394e-01		0.0000000e+00		0.0000000e+00		0.0000000e+00		0.0000000e+00		0.0000000e+00
1.7200000e+02		1.7300000e+02		1.7250000e+02		4.5514763e-01		0.0000000e+00		0.0000000e+00		0.0000000e+00		0.0000000e+00		0.0000000e+00
1.7300000e+02		1.7400000e+02		1.7350000e+02		4.5120572e-01		0.0000000e+00		0.0000000e+00		0.0000000e+00		0.0000000e+00		0.0000000e+00
1.7400000e+02		1.7500000e+02		1.7450000e+02		5.3951828e-01		0.0000000e+00		0.0000000e+00		0.0000000e+00		0.0000000e+00		0.0000000e+00
1.7500000e+02		1.7600000e+02		1.7550000e+02		6.4389120e-01		0.0000000e+00		0.0000000e+00		0.0000000e+00		0.0000000e+00		0.0000000e+00
1.7600000e+02		1.7700000e+02		1.7650000e+02		6.9472845e-01		0.0000000e+00		0.0000000e+00		0.0000000e+00		0.0000000e+00		0.0000000e+00
1.7700000e+02		1.7800000e+02		1.7750000e+02		8.1849614e-01		0.0000000e+00		0.0000000e+00		0.0000000e+00		0.0000000e+00		0.0000000e+00
1.7800000e+02		1.7900000e+02		1.7850000e+02		8.9455089e-01		0.0000000e+00		0.0000000e+00		0.0000000e+00		0.0000000e+00		0.0000000e+00
1.7900000e+02		1.8000000e+02		1.7950000e+02		8.6966614e-01		0.0000000e+00		0.0000000e+00		0.0000000e+00		0.0000000e+00		0.0000000e+00
1.8000000e+02		1.8100000e+02		1.8050000e+02		1.0753674e+00		0.0000000e+00		0.0000000e+00		0.0000000e+00		0.0000000e+00		0.0000000e+00
1.8100000e+02		1.8200000e+02		1.8150000e+02		1.3093431e+00		0.0000000e+00		0.0000000e+00		0.0000000e+00		0.0000000e+00		0.0000000e+00
1.8200000e+02		1.8300000e+02		1.8250000e+02		1.2087370e+00		0.0000000e+00		0.0000000e+00		0.0000000e+00		0.0000000e+00		0.0000000e+00
1.8300000e+02		1.8400000e+02		1.8350000e+02		1.2728289e+00		0.0000000e+00		0.0000000e+00		0.0000000e+00		0.0000000e+00		0.0000000e+00
1.8400000e+02		1.8500000e+02		1.8450000e+02		1.0940339e+00		0.0000000e+00		0.0000000e+00		0.0000000e+00		0.0000000e+00		0.0000000e+00
1.8500000e+02		1.8600000e+02		1.8550000e+02		1.2372281e+00		0.0000000e+00		0.0000000e+00		0.0000000e+00		0.0000000e+00		0.0000000e+00
1.8600000e+02		1.8700000e+02		1.8650000e+02		1.4037992e+00		0.0000000e+00		0.0000000e+00		0.0000000e+00		0.0000000e+00		0.0000000e+00
1.8700000e+02		1.8800000e+02		1.8750000e+02		1.5907538e+00		0.0000000e+00		0.0000000e+00		0.0000000e+00		0.0000000e+00		0.0000000e+00
1.8800000e+02		1.8900000e+02		1.8850000e+02		1.6735993e+00		7.3204655e-206		0.0000000e+00		7.3272317e-206		1.6009025e-208		7.3112226e-206
1.8900000e+02		1.9000000e+02		1.8950000e+02		1.8559600e+00		3.7877873e-136		0.0000000e+00		3.7929628e-136		1.2245374e-138		3.7807174e-136
1.9000000e+02		1.9100000e+02		1.9050000e+02		1.9109940e+00		1.6582417e-87		3.8122148e-84		1.6616935e-87		8.1670515e-90		1.6535265e-87
1.9100000e+02		1.9200000e+02		1.9150000e+02		2.0707336e+00		1.5454540e-60		3.3649350e-58		1.5500094e-60		1.0778273e-62		1.5392312e-60
1.9200000e+02		1.9300000e+02		1.9250000e+02		2.1685186e+00		5.3839656e-42		2.3198539e-40		5.4064154e-42		5.3116702e-44		5.3532987e-42
1.9300000e+02		1.9400000e+02		1.9350000e+02		1.6554009e+00		2.8043757e-30		4.2966679e-29		2.8203901e-30		3.7890626e-32		2.7824995e-30
1.9400000e+02		1.9500000e+02		1.9450000e+02		2.6556632e+00		1.3638199e-23		1.1873715e-22		1.3736029e-23		2.3146774e-25		1.3504561e-23
1.9500000e+02		1.9600000e+02		1.9550000e+02		2.5630279e+00		1.4925685e-18		8.3787663e-18		1.5061971e-18		3.2245680e-20		1.4739514e-18
1.9600000e+02		1.9700000e+02		1.9650000e+02		2.8204934e+00		7.0931499e-16		3.1732003e-15		7.1693887e-16		1.8038304e-17		6.9890057e-16
1.9700000e+02		1.9800000e+02		1.9750000e+02		2.8068384e+00		6.5266393e-14		2.4687536e-13		6.6086055e-14		1.9393408e-15		6.4146714e-14
1.9800000e+02		1.9900000e+02		1.9850000e+02		2.7505577e+00		3.7867294e-07		8.3155222e-07		3.9310551e-07		3.4147831e-08		3.5895768e-07
1.9900000e+02		2.0000000e+02		1.9950000e+02		2.8965557e+00		4.2309592e-01		7.0788137e-01		5.3113968e-01		2.5563429e-01		2.7550539e-01
2.0000000e+02		2.0100000e+02		2.0050000e+02		3.0623388e+00		8.8333309e-01		1.4835945e+00		1.1364737e+00		5.9893707e-01		5.3753662e-01
2.0100000e+02		2.0200000e+02		2.0150000e+02		3.2593670e+00		2.0666135e+00		3.5222956e+00		2.7625953e+00		1.6467108e+00		1.1158846e+00
2.0200000e+02		2.0300000e+02		2.0250000e+02		3.2217937e+00		2.2156281e+00		3.7742150e+00		2.9673945e+00		1.7786985e+00		1.1886960e+00
2.0300000e+02		2.0400000e+02		2.0350000e+02		3.4484145e+00		2.6692898e+00		4.5519889e+00		3.5915294e+00		2.1820423e+00		1.4094871e+00
2.0400000e+02		2.0500000e+02		2.0450000e+02		3.7117169e+00		3.0019014e+00		5.1124765e+00		4.0391355e+00		2.4541224e+00		1.5850132e+00
2.0500000e+02		2.0600000e+02		2.0550000e+02		3.7200399e+00		3.0212030e+00		5.1303830e+00		4.0538742e+00		2.4433262e+00		1.6105480e+00
2.0600000e+02		2.0700000e+02		2.0650000e+02		3.7247532e+00		3.0373740e+00		5.1432011e+00		4.0645610e+00		2.4303506e+00		1.6342104e+00
2.0700000e+02		2.0800000e+02		2.0750000e+02		4.0454145e+00		3.3118173e+00		5.5927449e+00		4.4204226e+00		2.6229882e+00		1.7974344e+00
2.0800000e+02		2.0900000e+02		2.0850000e+02		4.3759554e+00		3.5963893e+00		6.0563166e+00		4.7873666e+00		2.8178825e+00		1.9694841e+00
2.0900000e+02		2.1000000e+02		2.0950000e+02		5.6528678e+00		4.6628850e+00		7.8327199e+00		6.1923584e+00		3.6187729e+00		2.5735855e+00
2.1000000e+02		2.1100000e+02		2.1050000e+02		6.9678423e+00		5.7696966e+00		9.6638346e+00		7.6405962e+00		4.4265962e+00		3.2140001e+00
2.1100000e+02		2.1200000e+02		2.1150000e+02		7.9326445e+00		6.5911979e+00		1.1014145e+01		8.7092339e+00		5.0113271e+00		3.6979068e+00
2.1200000e+02		2.1300000e+02		2.1250000e+02		7.0734222e+00		5.8976466e+00		9.8310221e+00		7.7744430e+00		4.4405482e+00		3.3338949e+00
2.1300000e+02		2.1400000e+02		2.1350000e+02		7.2066449e+00		6.0290814e+00		1.0025798e+01		7.9291659e+00		4.4956483e+00		3.4335176e+00
2.1400000e+02		2.1500000e+02		2.1450000e+02		9.2279181e+00		7.7446674e+00		1.2850828e+01		1.0164436e+01		5.7252341e+00		4.4392019e+00
2.1500000e+02		2.1600000e+02		2.1550000e+02		7.9257408e+00		6.6731938e+00		1.1047429e+01		8.7387032e+00		4.8870478e+00		3.8516555e+00
2.1600000e+02		2.1700000e+02		2.1650000e+02		7.3353469e+00		6.1969379e+00		1.0231240e+01		8.0933214e+00		4.4868915e+00		3.6064299e+00
2.1700000e+02		2.1800000e+02		2.1750000e+02		7.5953881e+00		6.4350926e+00		1.0604726e+01		8.3895999e+00		4.6244139e+00		3.7651861e+00
2.1800000e+02		2.1900000e+02		2.1850000e+02		1.0217230e+01		8.6836532e+00		1.4274439e+01		1.1293108e+01		6.1740353e+00		5.1190722e+00
2.1900000e+02		2.2000000e+02		2.1950000e+02		1.0786519e+01		9.1929546e+00		1.5083564e+01		1.1934214e+01		6.4858904e+00		5.4483241e+00
2.2000000e+02		2.2100000e+02		2.2050000e+02		1.0851638e+01		9.2759087e+00		1.5184535e+01		1.2014459e+01		6.4794791e+00		5.5349797e+00
2.2100000e+02		2.2200000e+02		2.2150000e+02		8.6872371e+00		7.4462996e+00		1.2164770e+01		9.6255956e+00		5.1562696e+00		4.4693260e+00
2.2200000e+02		2.2300000e+02		2.2250000e+02		1.1691346e+01		1.0047465e+01		1.6384591e+01		1.2965413e+01		6.9039387e+00		6.0614739e+00
2.2300000e+02		2.2400000e+02		2.2350000e+02		1.5139682e+01		1.3046326e+01		2.1230068e+01		1.6800139e+01		8.8816173e+00		7.9185217e+00
2.2400000e+02		2.2500000e+02		2.2450000e+02		1.4154944e+01		1.2228333e+01		1.9863918e+01		1.5719862e+01		8.2610463e+00		7.4588159e+00
2.2500000e+02		2.2600000e+02		2.2550000e+02		1.2365614e+01		1.0710285e+01		1.7362683e+01		1.3740681e+01		7.1699944e+00		6.5706868e+00
2.2600000e+02		2.2700000e+02		2.2650000e+02		9.0577089e+00		7.8643518e+00		1.2726209e+01		1.0071757e+01		5.2227761e+00		4.8489806e+00
2.2700000e+02		2.2800000e+02		2.2750000e+02		8.8108381e+00		7.6679983e+00		1.2387561e+01		9.8041197e+00		5.0541175e+00		4.7500022e+00
2.2800000e+02		2.2900000e+02		2.2850000e+02		1.2275156e+01		1.0708977e+01		1.7266472e+01		1.3665591e+01		6.9954237e+00		6.6701673e+00
2.2900000e+02		2.3000000e+02		2.2950000e+02		1.1031259e+01		9.6466387e+00		1.5524015e+01		1.2286554e+01		6.2461068e+00		6.0404473e+00
2.3000000e+02		2.3100000e+02		2.3050000e+02		1.2510180e+01		1.0966308e+01		1.7611413e+01		1.3938364e+01		7.0319599e+00		6.9064044e+00
2.3100000e+02		2.3200000e+02		2.3150000e+02		1.1791833e+01		1.0358133e+01		1.6611068e+01		1.3147183e+01		6.5989627e+00		6.5482198e+00
2.3200000e+02		2.3300000e+02		2.3250000e+02		1.2664003e+01		1.1147924e+01		1.7849134e+01		1.4127313e+01		7.0493118e+00		7.0780016e+00
2.3300000e+02		2.3400000e+02		2.3350000e+02		1.1428554e+01		1.0081989e+01		1.6114710e+01		1.2754521e+01		6.3232781e+00		6.4312425e+00
2.3400000e+02		2.3500000e+02		2.3450000e+02		9.9864853e+00		8.8287897e+00		1.4086265e+01		1.1148864e+01		5.4893549e+00		5.6595092e+00
2.3500000e+02		2.3600000e+02		2.3550000e+02		1.3443360e+01		1.1907456e+01		1.8973483e+01		1.5017422e+01		7.3582608e+00		7.6591617e+00
2.3600000e+02		2.3700000e+02		2.3650000e+02		1.2448020e+01		1.1048177e+01		1.7574872e+01		1.3910250e+01		6.7717377e+00		7.1385121e+00
2.3700000e+02		2.3800000e+02		2.3750000e+02		1.3294723e+01		1.1822010e+01		1.8779144e+01		1.4863548e+01		7.1963574e+00		7.6671910e+00
2.3800000e+02		2.3900000e+02		2.3850000e+02		1.1021422e+01		9.8187689e+00		1.5574570e+01		1.2327180e+01		5.9349651e+00		6.3922152e+00
2.3900000e+02		2.4000000e+02		2.3950000e+02		1.2008577e+01		1.0717365e+01		1.6977501e+01		1.3437736e+01		6.4364658e+00		7.0012699e+00
2.4000000e+02		2.4100000e+02		2.4050000e+02		1.1032163e+01		9.8647148e+00		1.5600752e+01		1.2347646e+01		5.8746791e+00		6.4729672e+00
2.4100000e+02		2.4200000e+02		2.4150000e+02		1.2918879e+01		1.1571556e+01		1.8276842e+01		1.4465818e+01		6.8478979e+00		7.6179200e+00
2.4200000e+02		2.4300000e+02		2.4250000e+02		1.7782729e+01		1.5955773e+01		2.5166160e+01		1.9918368e+01		9.3756005e+00		1.0542768e+01
2.4300000e+02		2.4400000e+02		2.4350000e+02		1.6701989e+01		1.5012778e+01		2.3641434e+01		1.8710933e+01		8.7499297e+00		9.9610036e+00
2.4400000e+02		2.4500000e+02		2.4450000e+02		1.5641720e+01		1.4083334e+01		2.2147146e+01		1.7527981e+01		8.1501213e+00		9.3778592e+00
2.4500000e+02		2.4600000e+02		2.4550000e+02		1.2691134e+01		1.1445470e+01		1.7974380e+01		1.4225246e+01		6.5770212e+00		7.6482252e+00
2.4600000e+02		2.4700000e+02		2.4650000e+02		1.2350906e+01		1.1156047e+01		1.7498173e+01		1.3848243e+01		6.3698042e+00		7.4784391e+00
2.4700000e+02		2.4800000e+02		2.4750000e+02		1.3639226e+01		1.2337642e+01		1.9331778e+01		1.5299562e+01		7.0079777e+00		8.2915841e+00
2.4800000e+02		2.4900000e+02		2.4850000e+02		1.0938846e+01		9.9126944e+00		1.5502756e+01		1.2268099e+01		5.5729462e+00		6.6951524e+00
2.4900000e+02		2.5000000e+02		2.4950000e+02		1.3333262e+01		1.2099683e+01		1.8902941e+01		1.4958836e+01		6.7648297e+00		8.1940065e+00
2.5000000e+02		2.5100000e+02		2.5050000e+02		1.4401571e+01		1.3086930e+01		2.0426503e+01		1.6164721e+01		7.2821314e+00		8.8825896e+00
2.5100000e+02		2.5200000e+02		2.5150000e+02		1.2007424e+01		1.0927534e+01		1.7033225e+01		1.3478912e+01		6.0366241e+00		7.4422875e+00
2.5200000e+02		2.5300000e+02		2.5250000e+02		1.0794009e+01		9.8358526e+00		1.5318321e+01		1.2122018e+01		5.4091258e+00		6.7128923e+00
2.5300000e+02		2.5400000e+02		2.5350000e+02		1.3602371e+01		1.2412405e+01		1.9307108e+01		1.5278019e+01		6.7801154e+00		8.4979034e+00
2.5400000e+02		2.5500000e+02		2.5450000e+02		1.5384114e+01		1.4055483e+01		2.1845275e+01		1.7286762e+01		7.6452883e+00		9.6414740e+00
2.5500000e+02		2.5600000e+02		2.5550000e+02		2.0992062e+01		1.9206306e+01		2.9809786e+01		2.3588034e+01		1.0367281e+01		1.3220754e+01
2.5600000e+02		2.5700000e+02		2.5650000e+02		2.7040612e+01		2.4771254e+01		3.8409637e+01		3.0392654e+01		1.3300377e+01		1.7092278e+01
2.5700000e+02		2.5800000e+02		2.5750000e+02		3.3946512e+01		3.1136587e+01		4.8229823e+01		3.8162395e+01		1.6623239e+01		2.1539156e+01
2.5800000e+02		2.5900000e+02		2.5850000e+02		3.5732434e+01		3.2811971e+01		5.0785566e+01		4.0184957e+01		1.7444673e+01		2.2740284e+01
2.5900000e+02		2.6000000e+02		2.5950000e+02		3.0409976e+01		2.7959026e+01		4.3227426e+01		3.4203396e+01		1.4774337e+01		1.9429059e+01
2.6000000e+02		2.6100000e+02		2.6050000e+02		2.4915606e+01		2.2930923e+01		3.5434594e+01		2.8038241e+01		1.2084045e+01		1.5954197e+01
2.6100000e+02		2.6200000e+02		2.6150000e+02		2.5442742e+01		2.3446679e+01		3.6181314e+01		2.8627060e+01		1.2256912e+01		1.6370147e+01
2.6200000e+02		2.6300000e+02		2.6250000e+02		3.0366547e+01		2.8014502e+01		4.3194442e+01		3.4175664e+01		1.4577468e+01		1.9598197e+01
2.6300000e+02		2.6400000e+02		2.6350000e+02		4.5700096e+01		4.2209033e+01		6.5013446e+01		5.1437225e+01		2.1834137e+01		2.9603088e+01
2.6400000e+02		2.6500000e+02		2.6450000e+02		7.1249372e+01		6.5881660e+01		1.0136799e+02		8.0196931e+01		3.3870294e+01		4.6326637e+01
2.6500000e+02		2.6600000e+02		2.6550000e+02		7.4731454e+01		6.9176065e+01		1.0633880e+02		8.4127414e+01		3.5375270e+01		4.8752144e+01
2.6600000e+02		2.6700000e+02		2.6650000e+02		7.2446611e+01		6.7127735e+01		1.0311512e+02		8.1576695e+01		3.4186607e+01		4.7390088e+01
2.6700000e+02		2.6800000e+02		2.6750000e+02		7.2937204e+01		6.7646346e+01		1.0384425e+02		8.2153744e+01		3.4324872e+01		4.7828872e+01
2.6800000e+02		2.6900000e+02		2.6850000e+02		7.2239021e+01		6.7070450e+01		1.0285464e+02		8.1367259e+01		3.3826613e+01		4.7540646e+01
2.6900000e+02		2.7000000e+02		2.6950000e+02		6.7758000e+01		6.2972222e+01		9.6487650e+01		7.6328464e+01		3.1601206e+01		4.4727257e+01
2.7000000e+02		2.7100000e+02		2.7050000e+02		7.8281462e+01		7.2818512e+01		1.1150163e+02		8.8205284e+01		3.6405494e+01		5.1799791e+01
2.7100000e+02		2.7200000e+02		2.7150000e+02		6.5051220e+01		6.0579322e+01		9.2640693e+01		7.3279004e+01		3.0047769e+01		4.3231235e+01
2.7200000e+02		2.7300000e+02		2.7250000e+02		5.2331568e+01		4.8770186e+01		7.4562548e+01		5.8981560e+01		2.4160371e+01		3.4821189e+01
2.7300000e+02		2.7400000e+02		2.7350000e+02		5.5800645e+01		5.2051751e+01		7.9512168e+01		6.2894875e+01		2.5655106e+01		3.7239769e+01
2.7400000e+02		2.7500000e+02		2.7450000e+02		3.8398649e+01		3.5854373e+01		5.4713760e+01		4.3276735e+01		1.7561498e+01		2.5715237e+01
2.7500000e+02		2.7600000e+02		2.7550000e+02		5.1208696e+01		4.7856023e+01		7.2982215e+01		5.7725941e+01		2.3352476e+01		3.4373465e+01
2.7600000e+02		2.7700000e+02		2.7650000e+02		7.1318275e+01		6.6703874e+01		1.0166121e+02		8.0408951e+01		3.2426562e+01		4.7982390e+01
2.7700000e+02		2.7800000e+02		2.7750000e+02		6.8188493e+01		6.3826116e+01		9.7224307e+01		7.6899645e+01		3.0932304e+01		4.5967342e+01
2.7800000e+02		2.7900000e+02		2.7850000e+02		4.7024496e+01		4.4052382e+01		6.7056096e+01		5.3036858e+01		2.1257497e+01		3.1779360e+01
2.7900000e+02		2.8000000e+02		2.7950000e+02		2.6422560e+01		2.4773406e+01		3.7679283e+01		2.9800678e+01		1.1894653e+01		1.7906025e+01
2.8000000e+02		2.8100000e+02		2.8050000e+02		2.8982131e+01		2.7195432e+01		4.1332501e+01		3.2689051e+01		1.2998041e+01		1.9691010e+01
2.8100000e+02		2.8200000e+02		2.8150000e+02		6.0033324e+01		5.6378770e+01		8.5619445e+01		6.7712269e+01		2.6815348e+01		4.0896921e+01
2.8200000e+02		2.8300000e+02		2.8250000e+02		8.1733762e+01		7.6812879e+01		1.1659334e+02		9.2207740e+01		3.6424632e+01		5.5783107e+01
2.8300000e+02		2.8400000e+02		2.8350000e+02		8.4433091e+01		7.9407519e+01		1.2046438e+02		9.5268047e+01		3.7526413e+01		5.7741635e+01
2.8400000e+02		2.8500000e+02		2.8450000e+02		6.2255376e+01		5.8599812e+01		8.8811494e+01		7.0231170e+01		2.7520088e+01		4.2711082e+01
2.8500000e+02		2.8600000e+02		2.8550000e+02		4.0018063e+01		3.7695672e+01		5.7096211e+01		4.5150245e+01		1.7637710e+01		2.7512536e+01
2.8600000e+02		2.8700000e+02		2.8650000e+02		8.2001717e+01		7.7290917e+01		1.1702646e+02		9.2542335e+01		3.6085242e+01		5.6457092e+01
2.8700000e+02		2.8800000e+02		2.8750000e+02		9.5189148e+01		8.9788787e+01		1.3583869e+02		1.0741352e+02		4.1700567e+01		6.5712954e+01
2.8800000e+02		2.8900000e+02		2.8850000e+02		9.0460934e+01		8.5382010e+01		1.2912104e+02		1.0210188e+02		3.9559648e+01		6.2542237e+01
2.8900000e+02		2.9000000e+02		2.8950000e+02		1.3728321e+02		1.2966460e+02		1.9596249e+02		1.5495196e+02		5.9830529e+01		9.5121429e+01
2.9000000e+02		2.9100000e+02		2.9050000e+02		1.8023325e+02		1.7034199e+02		2.5730094e+02		2.0345026e+02		7.8335025e+01		1.2511524e+02
2.9100000e+02		2.9200000e+02		2.9150000e+02		1.7359450e+02		1.6416739e+02		2.4786564e+02		1.9598854e+02		7.5289646e+01		1.2069890e+02
2.9200000e+02		2.9300000e+02		2.9250000e+02		1.5421676e+02		1.4593544e+02		2.2020831e+02		1.7411527e+02		6.6674183e+01		1.0744109e+02
2.9300000e+02		2.9400000e+02		2.9350000e+02		1.6099986e+02		1.5247202e+02		2.2985175e+02		1.8172700e+02		6.9218025e+01		1.1250897e+02
2.9400000e+02		2.9500000e+02		2.9450000e+02		1.4991794e+02		1.4206923e+02		2.1402813e+02		1.6921020e+02		6.4216238e+01		1.0499397e+02
2.9500000e+02		2.9600000e+02		2.9550000e+02		1.6232431e+02		1.5390181e+02		2.3181556e+02		1.8327738e+02		6.9503328e+01		1.1377405e+02
2.9600000e+02		2.9700000e+02		2.9650000e+02		1.4851381e+02		1.4090510e+02		2.1207966e+02		1.6766544e+02		6.3315646e+01		1.0434979e+02
2.9700000e+02		2.9800000e+02		2.9750000e+02		1.5140866e+02		1.4372984e+02		2.1623805e+02		1.7095113e+02		6.4406264e+01		1.0654487e+02
2.9800000e+02		2.9900000e+02		2.9850000e+02		1.3012850e+02		1.2360051e+02		1.8585026e+02		1.4692343e+02		5.5182627e+01		9.1740804e+01
2.9900000e+02		3.0000000e+02		2.9950000e+02		1.4682541e+02		1.3953136e+02		2.0973094e+02		1.6580185e+02		6.2156642e+01		1.0364521e+02
3.0000000e+02		3.0100000e+02		3.0050000e+02		1.1681452e+02		1.1107393e+02		1.6687488e+02		1.3191948e+02		4.9321098e+01		8.2598381e+01
3.0100000e+02		3.0200000e+02		3.0150000e+02		1.3434477e+02		1.2780479e+02		1.9195615e+02		1.5174761e+02		5.6649318e+01		9.5098289e+01
3.0200000e+02		3.0300000e+02		3.0250000e+02		1.4142283e+02		1.3461883e+02		2.0204743e+02		1.5971711e+02		5.9383159e+01		1.0033395e+02
3.0300000e+02		3.0400000e+02		3.0350000e+02		1.8342160e+02		1.7470311e+02		2.6201768e+02		2.0711203e+02		7.6680331e+01		1.3043170e+02
3.0400000e+02		3.0500000e+02		3.0450000e+02		1.7556728e+02		1.6728750e+02		2.5088427e+02		1.9831802e+02		7.3418998e+01		1.2489902e+02
3.0500000e+02		3.0600000e+02		3.0550000e+02		1.7728071e+02		1.6900896e+02		2.5333830e+02		2.0025256e+02		7.3923146e+01		1.2632941e+02
3.0600000e+02		3.0700000e+02		3.0650000e+02		1.6814926e+02		1.6038575e+02		2.4028756e+02		1.8993097e+02		6.9904740e+01		1.2002623e+02
3.0700000e+02		3.0800000e+02		3.0750000e+02		1.8878816e+02		1.8015913e+02		2.6980937e+02		2.1326335e+02		7.8325414e+01		1.3493794e+02
3.0800000e+02		3.0900000e+02		3.0850000e+02		1.8529086e+02		1.7689334e+02		2.6487007e+02		2.0936176e+02		7.6821115e+01		1.3254065e+02
3.0900000e+02		3.1000000e+02		3.0950000e+02		1.5026991e+02		1.4354435e+02		2.1476363e+02		1.6974465e+02		6.1990572e+01		1.0775408e+02
3.1000000e+02		3.1100000e+02		3.1050000e+02		1.8913229e+02		1.8072319e+02		2.7041705e+02		2.1374211e+02		7.8123613e+01		1.3561850e+02
3.1100000e+02		3.1200000e+02		3.1150000e+02		2.2495083e+02		2.1506722e+02		3.2157493e+02		2.5416333e+02		9.2502376e+01		1.6166095e+02
3.1200000e+02		3.1300000e+02		3.1250000e+02		2.0030306e+02		1.9158708e+02		2.8636143e+02		2.2632844e+02		8.2198928e+01		1.4412951e+02
3.1300000e+02		3.1400000e+02		3.1350000e+02		2.1331645e+02		2.0412331e+02		3.0498661e+02		2.4104545e+02		8.7358722e+01		1.5368672e+02
3.1400000e+02		3.1500000e+02		3.1450000e+02		2.0119548e+02		1.9260353e+02		2.8768673e+02		2.2737087e+02		8.2260419e+01		1.4511045e+02
3.1500000e+02		3.1600000e+02		3.1550000e+02		1.9522773e+02		1.8698591e+02		2.7911137e+02		2.2058159e+02		7.9488232e+01		1.4109336e+02
3.1600000e+02		3.1700000e+02		3.1650000e+02		1.9043254e+02		1.8244118e+02		2.7237124e+02		2.1526593e+02		7.7664198e+01		1.3760173e+02
3.1700000e+02		3.1800000e+02		3.1750000e+02		2.4155434e+02		2.3153585e+02		3.4542766e+02		2.7298939e+02		9.8080144e+01		1.7490925e+02
3.1800000e+02		3.1900000e+02		3.1850000e+02		1.9952276e+02		1.9132170e+02		2.8535064e+02		2.2550927e+02		8.0888651e+01		1.4462062e+02
3.1900000e+02		3.2000000e+02		3.1950000e+02		2.1430874e+02		2.0557677e+02		3.0652710e+02		2.4224324e+02		8.6753805e+01		1.5548944e+02
3.2000000e+02		3.2100000e+02		3.2050000e+02		2.4621307e+02		2.3628179e+02		3.5215044e+02		2.7829031e+02		9.9393220e+01		1.7889709e+02
3.2100000e+02		3.2200000e+02		3.2150000e+02		2.0677326e+02		1.9850653e+02		2.9576090e+02		2.3372534e+02		8.3328617e+01		1.5039673e+02
3.2200000e+02		3.2300000e+02		3.2250000e+02		2.0765168e+02		1.9941220e+02		2.9707972e+02		2.3477094e+02		8.3659665e+01		1.5111127e+02
3.2300000e+02		3.2400000e+02		3.2350000e+02		2.0066974e+02		1.9278619e+02		2.8708043e+02		2.2686197e+02		8.0624161e+01		1.4623781e+02
3.2400000e+02		3.2500000e+02		3.2450000e+02		2.3629853e+02		2.2710534e+02		3.3803750e+02		2.6712223e+02		9.4680960e+01		1.7244127e+02
3.2500000e+02		3.2600000e+02		3.2550000e+02		2.7209498e+02		2.6162274e+02		3.8919188e+02		3.0753038e+02		1.0861866e+02		1.9891172e+02
3.2600000e+02		3.2700000e+02		3.2650000e+02		3.0699214e+02		2.9525249e+02		4.3923401e+02		3.4708296e+02		1.2263221e+02		2.2445075e+02
3.2700000e+02		3.2800000e+02		3.2750000e+02		2.9701525e+02		2.8575798e+02		4.2497705e+02		3.3581209e+02		1.1842928e+02		2.1738280e+02
3.2800000e+02		3.2900000e+02		3.2850000e+02		2.8673370e+02		2.7596496e+02		4.1026912e+02		3.2418341e+02		1.1408608e+02		2.1009733e+02
3.2900000e+02		3.3000000e+02		3.2950000e+02		3.3379807e+02		3.2136918e+02		4.7763282e+02		3.7740753e+02		1.3258815e+02		2.4481938e+02
3.3000000e+02		3.3100000e+02		3.3050000e+02		3.1443449e+02		3.0281899e+02		4.4997736e+02		3.5555506e+02		1.2477488e+02		2.3078018e+02
3.3100000e+02		3.3200000e+02		3.3150000e+02		3.0087994e+02		2.8988214e+02		4.3051575e+02		3.4016087e+02		1.1896075e+02		2.2120012e+02
3.3200000e+02		3.3300000e+02		3.3250000e+02		2.9519831e+02		2.8448273e+02		4.2246084e+02		3.3380060e+02		1.1668732e+02		2.1711328e+02
3.3300000e+02		3.3400000e+02		3.3350000e+02		2.8364288e+02		2.7339590e+02		4.0607727e+02		3.2087108e+02		1.1232748e+02		2.0854360e+02
3.3400000e+02		3.3500000e+02		3.3450000e+02		2.9883003e+02		2.8818938e+02		4.2759794e+02		3.3783718e+02		1.1746797e+02		2.2036921e+02
3.3500000e+02		3.3600000e+02		3.3550000e+02		2.9511053e+02		2.8467067e+02		4.2235911e+02		3.3370367e+02		1.1601334e+02		2.1769034e+02
3.3600000e+02		3.3700000e+02		3.3650000e+02		2.4313126e+02		2.3460394e+02		3.4795146e+02		2.7490773e+02		9.5359781e+01		1.7954795e+02
3.3700000e+02		3.3800000e+02		3.3750000e+02		2.5649874e+02		2.4757082e+02		3.6713603e+02		2.9006637e+02		1.0054556e+02		1.8952081e+02
3.3800000e+02		3.3900000e+02		3.3850000e+02		2.7748673e+02		2.6791023e+02		3.9717746e+02		3.1379562e+02		1.0856601e+02		2.0522961e+02
3.3900000e+02		3.4000000e+02		3.3950000e+02		2.9040264e+02		2.8047179e+02		4.1564191e+02		3.2837422e+02		1.1333837e+02		2.1503586e+02
3.4000000e+02		3.4100000e+02		3.4050000e+02		3.0654056e+02		2.9610359e+02		4.3889673e+02		3.4676290e+02		1.1986119e+02		2.2690170e+02
3.4100000e+02		3.4200000e+02		3.4150000e+02		2.7979685e+02		2.7036778e+02		4.0053800e+02		3.1644093e+02		1.0901025e+02		2.0743068e+02
3.4200000e+02		3.4300000e+02		3.4250000e+02		3.0344565e+02		2.9329952e+02		4.3441040e+02		3.4319795e+02		1.1806095e+02		2.2513700e+02
3.4300000e+02		3.4400000e+02		3.4350000e+02		2.9822260e+02		2.8831576e+02		4.2699928e+02		3.3734648e+02		1.1600792e+02		2.2133856e+02
3.4400000e+02		3.4500000e+02		3.4450000e+02		2.3986676e+02		2.3199783e+02		3.4331470e+02		2.7120880e+02		9.2774143e+01		1.7843466e+02
3.4500000e+02		3.4600000e+02		3.4550000e+02		2.8907088e+02		2.7963893e+02		4.1383535e+02		3.2692645e+02		1.1188347e+02		2.1504297e+02
3.4600000e+02		3.4700000e+02		3.4650000e+02		2.8069735e+02		2.7159973e+02		4.0189326e+02		3.1749356e+02		1.0858596e+02		2.0890760e+02
3.4700000e+02		3.4800000e+02		3.4750000e+02		2.7782009e+02		2.6888656e+02		3.9777910e+02		3.1423885e+02		1.0730466e+02		2.0693419e+02
3.4800000e+02		3.4900000e+02		3.4850000e+02		2.8744416e+02		2.7827559e+02		4.1155349e+02		3.2511428e+02		1.1082152e+02		2.1429276e+02
3.4900000e+02		3.5000000e+02		3.4950000e+02		2.7550877e+02		2.6678943e+02		3.9446694e+02		3.1161168e+02		1.0605057e+02		2.0556110e+02
3.5000000e+02		3.5100000e+02		3.5050000e+02		3.3002358e+02		3.1967017e+02		4.7248516e+02		3.7323156e+02		1.2672761e+02		2.4650395e+02
3.5100000e+02		3.5200000e+02		3.5150000e+02		3.0660572e+02		2.9704931e+02		4.3900762e+02		3.4678806e+02		1.1768316e+02		2.2910490e+02
3.5200000e+02		3.5300000e+02		3.5250000e+02		2.8324198e+02		2.7449940e+02		4.0548510e+02		3.2029240e+02		1.0834740e+02		2.1194500e+02
3.5300000e+02		3.5400000e+02		3.5350000e+02		3.2405327e+02		3.1408902e+02		4.6405024e+02		3.6656790e+02		1.2416637e+02		2.4240153e+02
3.5400000e+02		3.5500000e+02		3.5450000e+02		3.4586270e+02		3.3533432e+02		4.9519206e+02		3.9114848e+02		1.3205773e+02		2.5909075e+02
3.5500000e+02		3.5600000e+02		3.5550000e+02		3.2478382e+02		3.1491604e+02		4.6520151e+02		3.6748202e+02		1.2437244e+02		2.4310958e+02
3.5600000e+02		3.5700000e+02		3.5650000e+02		2.8234357e+02		2.7383808e+02		4.0438326e+02		3.1942997e+02		1.0787158e+02		2.1155839e+02
3.5700000e+02		3.5800000e+02		3.5750000e+02		2.4674321e+02		2.3938074e+02		3.5333701e+02		2.7909502e+02		9.3964979e+01		1.8513004e+02
3.5800000e+02		3.5900000e+02		3.5850000e+02		2.1181106e+02		2.0552816e+02		3.0334708e+02		2.3961024e+02		8.0639074e+01		1.5897116e+02
3.5900000e+02		3.6000000e+02		3.5950000e+02		3.0582840e+02		2.9681023e+02		4.3805944e+02		3.4602172e+02		1.1643563e+02		2.2958609e+02
3.6000000e+02		3.6100000e+02		3.6050000e+02		3.0178862e+02		2.9295900e+02		4.3225182e+02		3.4142651e+02		1.1467537e+02		2.2675115e+02
3.6100000e+02		3.6200000e+02		3.6150000e+02		2.8033735e+02		2.7218532e+02		4.0156372e+02		3.1718746e+02		1.0647619e+02		2.1071127e+02
3.6200000e+02		3.6300000e+02		3.6250000e+02		3.1645921e+02		3.0731680e+02		4.5332667e+02		3.5807217e+02		1.2008850e+02		2.3798368e+02
3.6300000e+02		3.6400000e+02		3.6350000e+02		3.0810145e+02		2.9927005e+02		4.4133109e+02		3.4858900e+02		1.1668988e+02		2.3189912e+02
3.6400000e+02		3.6500000e+02		3.6450000e+02		3.2221950e+02		3.1301499e+02		4.6168593e+02		3.6468058e+02		1.2224210e+02		2.4243848e+02
3.6500000e+02		3.6600000e+02		3.6550000e+02		3.6674574e+02		3.5636034e+02		5.2540524e+02		4.1499517e+02		1.3873149e+02		2.7626368e+02
3.6600000e+02		3.6700000e+02		3.6650000e+02		3.9198946e+02		3.8093422e+02		5.6169380e+02		4.4367015e+02		1.4843480e+02		2.9523535e+02
3.6700000e+02		3.6800000e+02		3.6750000e+02		3.7850004e+02		3.6791483e+02		5.4230642e+02		4.2834233e+02		1.4297301e+02		2.8536932e+02
3.6800000e+02		3.6900000e+02		3.6850000e+02		3.4895620e+02		3.3925771e+02		4.9999463e+02		3.9492007e+02		1.3169856e+02		2.6322151e+02
3.6900000e+02		3.7000000e+02		3.6950000e+02		3.8736224e+02		3.7669033e+02		5.5493649e+02		4.3829785e+02		1.4576496e+02		2.9253289e+02
3.7000000e+02		3.7100000e+02		3.7050000e+02		3.6351013e+02		3.5355058e+02		5.2083703e+02		4.1136984e+02		1.3680182e+02		2.7456802e+02
3.7100000e+02		3.7200000e+02		3.7150000e+02		3.7529261e+02		3.6506969e+02		5.3773397e+02		4.2471328e+02		1.4111824e+02		2.8359503e+02
3.7200000e+02		3.7300000e+02		3.7250000e+02		3.1177186e+02		3.0334275e+02		4.4669506e+02		3.5280099e+02		1.1701945e+02		2.3578154e+02
3.7300000e+02		3.7400000e+02		3.7350000e+02		2.7192112e+02		2.6462099e+02		3.8958468e+02		3.0768945e+02		1.0190107e+02		2.0578837e+02
3.7400000e+02		3.7500000e+02		3.7450000e+02		2.7832167e+02		2.7088024e+02		3.9882555e+02		3.1499438e+02		1.0437519e+02		2.1061919e+02
3.7500000e+02		3.7600000e+02		3.7550000e+02		3.1876744e+02		3.1029814e+02		4.5679268e+02		3.6077420e+02		1.1942763e+02		2.4134656e+02
3.7600000e+02		3.7700000e+02		3.7650000e+02		3.3048657e+02		3.2173920e+02		4.7367652e+02		3.7411787e+02		1.2392926e+02		2.5018861e+02
3.7700000e+02		3.7800000e+02		3.7750000e+02		3.8770864e+02		3.7743722e+02		5.5597210e+02		4.3915264e+02		1.4602024e+02		2.9313240e+02
3.7800000e+02		3.7900000e+02		3.7850000e+02		4.0380398e+02		3.9324596e+02		5.7877402e+02		4.5711770e+02		1.5112215e+02		3.0599555e+02
3.7900000e+02		3.8000000e+02		3.7950000e+02		3.2744385e+02		3.1897294e+02		4.6918045e+02		3.7053506e+02		1.2199727e+02		2.4853779e+02
3.8000000e+02		3.8100000e+02		3.8050000e+02		3.5656330e+02		3.4735576e+02		5.1106112e+02		4.0362882e+02		1.3314348e+02		2.7048534e+02
3.8100000e+02		3.8200000e+02		3.8150000e+02		3.2019140e+02		3.1199034e+02		4.5886774e+02		3.6239430e+02		1.1925707e+02		2.4313724e+02
3.8200000e+02		3.8300000e+02		3.8250000e+02		2.2964197e+02		2.2378246e+02		3.2915550e+02		2.5995824e+02		8.5592804e+01		1.7436543e+02
3.8300000e+02		3.8400000e+02		3.8350000e+02		2.0267593e+02		1.9754703e+02		2.9046141e+02		2.2939005e+02		7.5341389e+01		1.5404866e+02
3.8400000e+02		3.8500000e+02		3.8450000e+02		2.7111947e+02		2.6430666e+02		3.8852213e+02		3.0682572e+02		1.0060119e+02		2.0622453e+02
3.8500000e+02		3.8600000e+02		3.8550000e+02		2.8715912e+02		2.7996714e+02		4.1158741e+02		3.2504914e+02		1.0666514e+02		2.1838399e+02
3.8600000e+02		3.8700000e+02		3.8650000e+02		2.8837692e+02		2.8117638e+02		4.1341582e+02		3.2650187e+02		1.0724126e+02		2.1926061e+02
3.8700000e+02		3.8800000e+02		3.8750000e+02		2.8805300e+02		2.8091908e+02		4.1289356e+02		3.2607752e+02		1.0684601e+02		2.1923151e+02
3.8800000e+02		3.8900000e+02		3.8850000e+02		2.9209390e+02		2.8494629e+02		4.1850799e+02		3.3048252e+02		1.0773987e+02		2.2274265e+02
3.8900000e+02		3.9000000e+02		3.8950000e+02		3.5069332e+02		3.4210311e+02		5.0269844e+02		3.9699474e+02		1.2987499e+02		2.6711975e+02
3.9000000e+02		3.9100000e+02		3.9050000e+02		3.6838836e+02		3.5943312e+02		5.2799414e+02		4.1695758e+02		1.3610434e+02		2.8085324e+02
3.9100000e+02		3.9200000e+02		3.9150000e+02		3.9613874e+02		3.8657881e+02		5.6770792e+02		4.4830676e+02		1.4604989e+02		3.0225687e+02
3.9200000e+02		3.9300000e+02		3.9250000e+02		3.0403432e+02		2.9669762e+02		4.3587658e+02		3.4422298e+02		1.1244622e+02		2.3177676e+02
3.9300000e+02		3.9400000e+02		3.9350000e+02		1.8639471e+02		1.8192292e+02		2.6722080e+02		2.1102881e+02		6.8865272e+01		1.4216354e+02
3.9400000e+02		3.9500000e+02		3.9450000e+02		3.0813115e+02		3.0075056e+02		4.4186033e+02		3.4895821e+02		1.1406052e+02		2.3489769e+02
3.9500000e+02		3.9600000e+02		3.9550000e+02		3.7840801e+02		3.6942759e+02		5.4250269e+02		4.2841692e+02		1.3957026e+02		2.8884666e+02
3.9600000e+02		3.9700000e+02		3.9650000e+02		2.6140326e+02		2.5522107e+02		3.7473901e+02		2.9592993e+02		9.6318197e+01		1.9961173e+02
3.9700000e+02		3.9800000e+02		3.9750000e+02		2.9300657e+02		2.8609098e+02		4.2011277e+02		3.3176935e+02		1.0807618e+02		2.2369317e+02
3.9800000e+02		3.9900000e+02		3.9850000e+02		4.5124719e+02		4.4065364e+02		6.4683911e+02		5.1079641e+02		1.6595958e+02		3.4483684e+02
3.9900000e+02		4.0000000e+02		3.9950000e+02		4.9846141e+02		4.8678221e+02		7.1450158e+02		5.6422684e+02		1.8323596e+02		3.8099088e+02
4.0000000e+02		4.0100000e+02		4.0050000e+02		5.1407199e+02		5.0214867e+02		7.3707242e+02		5.8205952e+02		1.8907109e+02		3.9298843e+02
4.0100000e+02		4.0200000e+02		4.0150000e+02		5.3860814e+02		5.2633347e+02		7.7176669e+02		6.0937758e+02		1.9648448e+02		4.1289310e+02
4.0200000e+02		4.0300000e+02		4.0250000e+02		5.4526519e+02		5.3272889e+02		7.8204636e+02		6.1759548e+02		2.0079650e+02		4.1679898e+02
4.0300000e+02		4.0400000e+02		4.0350000e+02		5.2165796e+02		5.0967001e+02		7.4838669e+02		5.9103905e+02		1.9252121e+02		3.9851784e+02
4.0400000e+02		4.0500000e+02		4.0450000e+02		5.1300620e+02		5.0148641e+02		7.3512805e+02		5.8044070e+02		1.8680784e+02		3.9363286e+02
4.0500000e+02		4.0600000e+02		4.0550000e+02		5.1256585e+02		5.0092016e+02		7.3529587e+02		5.8068420e+02		1.8872373e+02		3.9196047e+02
4.0600000e+02		4.0700000e+02		4.0650000e+02		4.9035274e+02		4.7934534e+02		7.0312065e+02		5.5522512e+02		1.7953350e+02		3.7569162e+02
4.0700000e+02		4.0800000e+02		4.0750000e+02		4.9838294e+02		4.8725198e+02		7.1463187e+02		5.6431028e+02		1.8232189e+02		3.8198838e+02
4.0800000e+02		4.0900000e+02		4.0850000e+02		5.2990289e+02		5.1811416e+02		7.5987844e+02		6.0004207e+02		1.9384354e+02		4.0619854e+02
4.0900000e+02		4.1000000e+02		4.0950000e+02		5.2713439e+02		5.1553939e+02		7.5561654e+02		5.9662946e+02		1.9186116e+02		4.0476830e+02
4.1000000e+02		4.1100000e+02		4.1050000e+02		4.8293937e+02		4.7230681e+02		6.9250067e+02		5.4682434e+02		1.7631036e+02		3.7051398e+02
4.1100000e+02		4.1200000e+02		4.1150000e+02		5.5986852e+02		5.4756863e+02		8.0295016e+02		6.3405476e+02		2.0462839e+02		4.2942637e+02
4.1200000e+02		4.1300000e+02		4.1250000e+02		5.4940473e+02		5.3742330e+02		7.8783350e+02		6.2209683e+02		2.0033972e+02		4.2175711e+02
4.1300000e+02		4.1400000e+02		4.1350000e+02		5.2995399e+02		5.1842635e+02		7.6004465e+02		6.0016466e+02		1.9339491e+02		4.0676975e+02
4.1400000e+02		4.1500000e+02		4.1450000e+02		5.3771640e+02		5.2609128e+02		7.7111248e+02		6.0889060e+02		1.9590531e+02		4.1298530e+02
4.1500000e+02		4.1600000e+02		4.1550000e+02		5.3722776e+02		5.2560104e+02		7.7068182e+02		6.0858559e+02		1.9634355e+02		4.1224204e+02
4.1600000e+02		4.1700000e+02		4.1650000e+02		5.5745703e+02		5.4545230e+02		7.9968432e+02		6.3148124e+02		2.0354667e+02		4.2793457e+02
4.1700000e+02		4.1800000e+02		4.1750000e+02		5.0725322e+02		4.9640733e+02		7.2755116e+02		5.7449989e+02		1.8476897e+02		3.8973092e+02
4.1800000e+02		4.1900000e+02		4.1850000e+02		5.2601513e+02		5.1490175e+02		7.5406345e+02		5.9537522e+02		1.9040227e+02		4.0497295e+02
4.1900000e+02		4.2000000e+02		4.1950000e+02		5.3123875e+02		5.2000554e+02		7.6188398e+02		6.0159141e+02		1.9303425e+02		4.0855716e+02
4.2000000e+02		4.2100000e+02		4.2050000e+02		5.3797708e+02		5.2662778e+02		7.7164922e+02		6.0931293e+02		1.9563517e+02		4.1367776e+02
4.2100000e+02		4.2200000e+02		4.2150000e+02		5.2958361e+02		5.1847769e+02		7.5954033e+02		5.9973758e+02		1.9226295e+02		4.0747462e+02
4.2200000e+02		4.2300000e+02		4.2250000e+02		5.0190537e+02		4.9142016e+02		7.1989008e+02		5.6843186e+02		1.8221164e+02		3.8622022e+02
4.2300000e+02		4.2400000e+02		4.2350000e+02		5.3474862e+02		5.2367816e+02		7.6677442e+02		6.0541640e+02		1.9339475e+02		4.1202165e+02
4.2400000e+02		4.2500000e+02		4.2450000e+02		5.5328403e+02		5.4179927e+02		7.9368256e+02		6.2670614e+02		2.0089182e+02		4.2581432e+02
4.2500000e+02		4.2600000e+02		4.2550000e+02		5.3248014e+02		5.2147096e+02		7.6384882e+02		6.0314680e+02		1.9324712e+02		4.0989968e+02
4.2600000e+02		4.2700000e+02		4.2650000e+02		5.3029841e+02		5.1938259e+02		7.6071680e+02		6.0066962e+02		1.9232717e+02		4.0834245e+02
4.2700000e+02		4.2800000e+02		4.2750000e+02		4.9171747e+02		4.8166485e+02		7.0527501e+02		5.5687443e+02		1.7794779e+02		3.7892664e+02
4.2800000e+02		4.2900000e+02		4.2850000e+02		4.9494538e+02		4.8482134e+02		7.1009317e+02		5.6070316e+02		1.7953831e+02		3.8116485e+02
4.2900000e+02		4.3000000e+02		4.2950000e+02		4.6063718e+02		4.5128237e+02		6.6075734e+02		5.2172696e+02		1.6667369e+02		3.5505327e+02
4.3000000e+02		4.3100000e+02		4.3050000e+02		3.7055843e+02		3.6305458e+02		5.3158789e+02		4.1973986e+02		1.3411882e+02		2.8562104e+02
4.3100000e+02		4.3200000e+02		4.3150000e+02		4.5818753e+02		4.4896205e+02		6.5724799e+02		5.1895011e+02		1.6559354e+02		3.5335657e+02
4.3200000e+02		4.3300000e+02		4.3250000e+02		5.1625369e+02		5.0589982e+02		7.4054253e+02		5.8471496e+02		1.8647862e+02		3.9823634e+02
4.3300000e+02		4.3400000e+02		4.3350000e+02		5.6047485e+02		5.4940939e+02		8.0341357e+02		6.3427236e+02		2.0078793e+02		4.3348442e+02
4.3400000e+02		4.3500000e+02		4.3450000e+02		4.7595241e+02		4.6646046e+02		6.8283662e+02		5.3916060e+02		1.7201037e+02		3.6715023e+02
4.3500000e+02		4.3600000e+02		4.3550000e+02		5.3162725e+02		5.2110561e+02		7.6255986e+02		6.0208363e+02		1.9159606e+02		4.1048758e+02
4.3600000e+02		4.3700000e+02		4.3650000e+02		5.9481241e+02		5.8300893e+02		8.5350471e+02		6.7393180e+02		2.1512582e+02		4.5880598e+02
4.3700000e+02		4.3800000e+02		4.3750000e+02		5.2629983e+02		5.1590024e+02		7.5518515e+02		5.9629338e+02		1.9021220e+02		4.0608118e+02
4.3800000e+02		4.3900000e+02		4.3850000e+02		5.1257868e+02		5.0251555e+02		7.3540110e+02		5.8065452e+02		1.8487879e+02		3.9577573e+02
4.3900000e+02		4.4000000e+02		4.3950000e+02		5.7051902e+02		5.5932649e+02		8.1868324e+02		6.4643074e+02		2.0609086e+02		4.4033987e+02
4.4000000e+02		4.4100000e+02		4.4050000e+02		5.4089681e+02		5.3031249e+02		7.7619090e+02		6.1287926e+02		1.9535507e+02		4.1752419e+02
4.4100000e+02		4.4200000e+02		4.4150000e+02		5.9491633e+02		5.8327456e+02		8.5329034e+02		6.7371243e+02		2.1397828e+02		4.5973414e+02
4.4200000e+02		4.4300000e+02		4.4250000e+02		6.2544254e+02		6.1313658e+02		8.9714463e+02		7.0835688e+02		2.2529367e+02		4.8306321e+02
4.4300000e+02		4.4400000e+02		4.4350000e+02		6.0497206e+02		5.9305285e+02		8.6805108e+02		6.8542071e+02		2.1854470e+02		4.6687601e+02
4.4400000e+02		4.4500000e+02		4.4450000e+02		6.2324411e+02		6.1097815e+02		8.9366323e+02		7.0557695e+02		2.2382318e+02		4.8175378e+02
4.4500000e+02		4.4600000e+02		4.4550000e+02		5.7783999e+02		5.6659438e+02		8.2836656e+02		6.5398658e+02		2.0677216e+02		4.4721442e+02
4.4600000e+02		4.4700000e+02		4.4650000e+02		5.8940025e+02		5.7802188e+02		8.4564886e+02		6.6770055e+02		2.1218200e+02		4.5551855e+02
4.4700000e+02		4.4800000e+02		4.4750000e+02		6.3881895e+02		6.2661441e+02		9.1646717e+02		7.2359211e+02		2.2945168e+02		4.9414042e+02
4.4800000e+02		4.4900000e+02		4.4850000e+02		6.2805979e+02		6.1608934e+02		9.0134164e+02		7.1168336e+02		2.2617790e+02		4.8550546e+02
4.4900000e+02		4.5000000e+02		4.4950000e+02		6.3454704e+02		6.2250900e+02		9.1071136e+02		7.1908312e+02		2.2849682e+02		4.9058629e+02
4.5000000e+02		4.5100000e+02		4.5050000e+02		6.7325368e+02		6.6051982e+02		9.6630371e+02		7.6297984e+02		2.4242300e+02		5.2055683e+02
4.5100000e+02		4.5200000e+02		4.5150000e+02		6.7122600e+02		6.5858504e+02		9.6336038e+02		7.6064720e+02		2.4148167e+02		5.1916553e+02
4.5200000e+02		4.5300000e+02		4.5250000e+02		6.3541039e+02		6.2350425e+02		9.1188874e+02		7.1999285e+02		2.2829450e+02		4.9169836e+02
4.5300000e+02		4.5400000e+02		4.5350000e+02		6.0888666e+02		5.9749035e+02		8.7392866e+02		6.9003333e+02		2.1895903e+02		4.7107430e+02
4.5400000e+02		4.5500000e+02		4.5450000e+02		6.4999363e+02		6.3795693e+02		9.3253745e+02		7.3625037e+02		2.3256478e+02		5.0368559e+02
4.5500000e+02		4.5600000e+02		4.5550000e+02		6.4380306e+02		6.3186633e+02		9.2392109e+02		7.2948164e+02		2.3096032e+02		4.9852133e+02
4.5600000e+02		4.5700000e+02		4.5650000e+02		6.6853861e+02		6.5611964e+02		9.5966878e+02		7.5774005e+02		2.4043647e+02		5.1730358e+02
4.5700000e+02		4.5800000e+02		4.5750000e+02		6.7499745e+02		6.6257825e+02		9.6860891e+02		7.6474790e+02		2.4173599e+02		5.2301191e+02
4.5800000e+02		4.5900000e+02		4.5850000e+02		6.3439039e+02		6.2276606e+02		9.1033472e+02		7.1873369e+02		2.2706186e+02		4.9167183e+02
4.5900000e+02		4.6000000e+02		4.5950000e+02		6.5539586e+02		6.4338545e+02		9.4064904e+02		7.4268945e+02		2.3495578e+02		5.0773367e+02
4.6000000e+02		4.6100000e+02		4.6050000e+02		6.4752339e+02		6.3571877e+02		9.2925168e+02		7.3367344e+02		2.3176323e+02		5.0191021e+02
4.6100000e+02		4.6200000e+02		4.6150000e+02		6.6245412e+02		6.5037144e+02		9.5086687e+02		7.5076356e+02		2.3753030e+02		5.1323326e+02
4.6200000e+02		4.6300000e+02		4.6250000e+02		6.6901120e+02		6.5680625e+02		9.6045447e+02		7.5835591e+02		2.4026907e+02		5.1808684e+02
4.6300000e+02		4.6400000e+02		4.6350000e+02		6.4662616e+02		6.3489210e+02		9.2823385e+02		7.3289923e+02		2.3188735e+02		5.0101188e+02
4.6400000e+02		4.6500000e+02		4.6450000e+02		6.5795753e+02		6.4608412e+02		9.4436696e+02		7.4561555e+02		2.3549390e+02		5.1012165e+02
4.6500000e+02		4.6600000e+02		4.6550000e+02		6.3552746e+02		6.2405378e+02		9.1233101e+02		7.2034250e+02		2.2782156e+02		4.9252094e+02
4.6600000e+02		4.6700000e+02		4.6650000e+02		6.3955371e+02		6.2805859e+02		9.1806806e+02		7.2486240e+02		2.2904027e+02		4.9582213e+02
4.6700000e+02		4.6800000e+02		4.6750000e+02		6.4572639e+02		6.3407921e+02		9.2704172e+02		7.3196786e+02		2.3160705e+02		5.0036081e+02
4.6800000e+02		4.6900000e+02		4.6850000e+02		6.3145002e+02		6.2009921e+02		9.0653587e+02		7.1577262e+02		2.2636572e+02		4.8940690e+02
4.6900000e+02		4.7000000e+02		4.6950000e+02		6.4956875e+02		6.3792020e+02		9.3235792e+02		7.3613770e+02		2.3238511e+02		5.0375259e+02
4.7000000e+02		4.7100000e+02		4.7050000e+02		6.1381170e+02		6.0278648e+02		8.8121875e+02		6.9578625e+02		2.2003982e+02		4.7574642e+02
4.7100000e+02		4.7200000e+02		4.7150000e+02		6.4174114e+02		6.3023730e+02		9.2128824e+02		7.2741963e+02		2.2993585e+02		4.9748378e+02
4.7200000e+02		4.7300000e+02		4.7250000e+02		6.5742798e+02		6.4562937e+02		9.4396603e+02		7.4534695e+02		2.3593433e+02		5.0941262e+02
4.7300000e+02		4.7400000e+02		4.7350000e+02		6.4563741e+02		6.3407930e+02		9.2672262e+02		7.3169429e+02		2.3095955e+02		5.0073474e+02
4.7400000e+02		4.7500000e+02		4.7450000e+02		6.6512717e+02		6.5339421e+02		9.5462874e+02		7.5369808e+02		2.3732150e+02		5.1637657e+02
4.7500000e+02		4.7600000e+02		4.7550000e+02		6.6365303e+02		6.5199492e+02		9.5279536e+02		7.5227775e+02		2.3727172e+02		5.1500603e+02
4.7600000e+02		4.7700000e+02		4.7650000e+02		6.3952653e+02		6.2835143e+02		9.1812515e+02		7.2489398e+02		2.2842213e+02		4.9647186e+02
4.7700000e+02		4.7800000e+02		4.7750000e+02		6.6772274e+02		6.5604855e+02		9.5876360e+02		7.5700029e+02		2.3885438e+02		5.1814591e+02
4.7800000e+02		4.7900000e+02		4.7850000e+02		6.6128260e+02		6.4973152e+02		9.4955610e+02		7.4973559e+02		2.3661217e+02		5.1312343e+02
4.7900000e+02		4.8000000e+02		4.7950000e+02		6.6320839e+02		6.5174761e+02		9.5195933e+02		7.5157711e+02		2.3619915e+02		5.1537796e+02
4.8000000e+02		4.8100000e+02		4.8050000e+02		6.6489751e+02		6.5307744e+02		9.5585707e+02		7.5486766e+02		2.4083824e+02		5.1402941e+02
4.8100000e+02		4.8200000e+02		4.8150000e+02		6.6630748e+02		6.5477926e+02		9.5675073e+02		7.5540410e+02		2.3808092e+02		5.1732318e+02
4.8200000e+02		4.8300000e+02		4.8250000e+02		6.6376999e+02		6.5233906e+02		9.5302154e+02		7.5244453e+02		2.3685208e+02		5.1559244e+02
4.8300000e+02		4.8400000e+02		4.8350000e+02		6.5373157e+02		6.4247882e+02		9.3863600e+02		7.4109067e+02		2.3331815e+02		5.0777252e+02
4.8400000e+02		4.8500000e+02		4.8450000e+02		6.4242337e+02		6.3120469e+02		9.2296122e+02		7.2880205e+02		2.3091783e+02		4.9788422e+02
4.8500000e+02		4.8600000e+02		4.8550000e+02		6.0369332e+02		5.9333751e+02		8.6635907e+02		6.8397511e+02		2.1445086e+02		4.6952425e+02
4.8600000e+02		4.8700000e+02		4.8650000e+02		5.2412565e+02		5.1508023e+02		7.5276297e+02		5.9436838e+02		1.8759778e+02		4.0677060e+02
4.8700000e+02		4.8800000e+02		4.8750000e+02		5.9966111e+02		5.8930210e+02		8.6119814e+02		6.7998393e+02		2.1455552e+02		4.6542841e+02
4.8800000e+02		4.8900000e+02		4.8850000e+02		6.3081686e+02		6.2001202e+02		9.0567880e+02		7.1506415e+02		2.2489575e+02		4.9016840e+02
4.8900000e+02		4.9000000e+02		4.8950000e+02		6.1880396e+02		6.0823419e+02		8.8844534e+02		7.0145695e+02		2.2056743e+02		4.8088952e+02
4.9000000e+02		4.9100000e+02		4.9050000e+02		6.5907671e+02		6.4783464e+02		9.4647203e+02		7.4729368e+02		2.3532263e+02		5.1197105e+02
4.9100000e+02		4.9200000e+02		4.9150000e+02		6.2110374e+02		6.1049806e+02		8.9208193e+02		7.0436849e+02		2.2209981e+02		4.8226868e+02
4.9200000e+02		4.9300000e+02		4.9250000e+02		5.9112858e+02		5.8116430e+02		8.4885042e+02		6.7019750e+02		2.1065481e+02		4.5954269e+02
4.9300000e+02		4.9400000e+02		4.9350000e+02		6.2472140e+02		6.1419804e+02		8.9722174e+02		7.0840380e+02		2.2289321e+02		4.8551059e+02
4.9400000e+02		4.9500000e+02		4.9450000e+02		6.4279699e+02		6.3200477e+02		9.2318517e+02		7.2890026e+02		2.2925720e+02		4.9964306e+02
4.9500000e+02		4.9600000e+02		4.9550000e+02		6.3133158e+02		6.2075351e+02		9.0674166e+02		7.1591841e+02		2.2516256e+02		4.9075585e+02
4.9600000e+02		4.9700000e+02		4.9650000e+02		6.3921352e+02		6.2849868e+02		9.1819294e+02		7.2497668e+02		2.2826938e+02		4.9670730e+02
4.9700000e+02		4.9800000e+02		4.9750000e+02		6.5113923e+02		6.4030012e+02		9.3511656e+02		7.3830685e+02		2.3188642e+02		5.0642043e+02
4.9800000e+02		4.9900000e+02		4.9850000e+02		5.9175801e+02		5.8190828e+02		8.4990835e+02		6.7104106e+02		2.1089043e+02		4.6015063e+02
4.9900000e+02		5.0000000e+02		4.9950000e+02		6.3385792e+02		6.2333299e+02		9.1008808e+02		7.1852138e+02		2.2521816e+02		4.9330323e+02
