Left Bin Edge (nm)	Right Bin Edge (nm)	Bin Center (nm)		Top of Atm Intensity (erg/s/nm/cm2)		Total Surface Flux (erg/s/nm/cm2)		Total Intensity at BOA (erg/s/nm/cm2)		Total Surface Intensity (erg/s/nm/cm2)		Total Surface Diffuse Intensity (erg/s/nm/cm2)		Total Surface Direct Intensity (erg/s/nm/cm2)
1.0000000e+02		1.0100000e+02		1.0050000e+02		1.9189487e-02		0.0000000e+00		0.0000000e+00		0.0000000e+00		0.0000000e+00		0.0000000e+00
1.0100000e+02		1.0200000e+02		1.0150000e+02		7.4861701e-02		0.0000000e+00		0.0000000e+00		0.0000000e+00		0.0000000e+00		0.0000000e+00
1.0200000e+02		1.0300000e+02		1.0250000e+02		3.9734366e-01		0.0000000e+00		0.0000000e+00		0.0000000e+00		0.0000000e+00		0.0000000e+00
1.0300000e+02		1.0400000e+02		1.0350000e+02		3.0179545e-01		0.0000000e+00		0.0000000e+00		0.0000000e+00		0.0000000e+00		0.0000000e+00
1.0400000e+02		1.0500000e+02		1.0450000e+02		6.0815352e-02		0.0000000e+00		0.0000000e+00		0.0000000e+00		0.0000000e+00		0.0000000e+00
1.0500000e+02		1.0600000e+02		1.0550000e+02		2.0834600e-02		0.0000000e+00		0.0000000e+00		0.0000000e+00		0.0000000e+00		0.0000000e+00
1.0600000e+02		1.0700000e+02		1.0650000e+02		1.9584792e-02		0.0000000e+00		0.0000000e+00		0.0000000e+00		0.0000000e+00		0.0000000e+00
1.0700000e+02		1.0800000e+02		1.0750000e+02		2.1853879e-02		0.0000000e+00		0.0000000e+00		0.0000000e+00		0.0000000e+00		0.0000000e+00
1.0800000e+02		1.0900000e+02		1.0850000e+02		3.0634999e-02		0.0000000e+00		0.0000000e+00		0.0000000e+00		0.0000000e+00		0.0000000e+00
1.0900000e+02		1.1000000e+02		1.0950000e+02		2.4032561e-02		0.0000000e+00		0.0000000e+00		0.0000000e+00		0.0000000e+00		0.0000000e+00
1.1000000e+02		1.1100000e+02		1.1050000e+02		2.3268893e-02		0.0000000e+00		0.0000000e+00		0.0000000e+00		0.0000000e+00		0.0000000e+00
1.1100000e+02		1.1200000e+02		1.1150000e+02		2.1871272e-02		0.0000000e+00		0.0000000e+00		0.0000000e+00		0.0000000e+00		0.0000000e+00
1.1200000e+02		1.1300000e+02		1.1250000e+02		2.2375602e-02		0.0000000e+00		0.0000000e+00		0.0000000e+00		0.0000000e+00		0.0000000e+00
1.1300000e+02		1.1400000e+02		1.1350000e+02		1.7748133e-02		0.0000000e+00		0.0000000e+00		0.0000000e+00		0.0000000e+00		0.0000000e+00
1.1400000e+02		1.1500000e+02		1.1450000e+02		1.3589480e-02		0.0000000e+00		0.0000000e+00		0.0000000e+00		0.0000000e+00		0.0000000e+00
1.1500000e+02		1.1600000e+02		1.1550000e+02		1.8751615e-02		0.0000000e+00		0.0000000e+00		0.0000000e+00		0.0000000e+00		0.0000000e+00
1.1600000e+02		1.1700000e+02		1.1650000e+02		4.3674487e-02		0.0000000e+00		0.0000000e+00		0.0000000e+00		0.0000000e+00		0.0000000e+00
1.1700000e+02		1.1800000e+02		1.1750000e+02		1.5546757e-01		0.0000000e+00		0.0000000e+00		0.0000000e+00		0.0000000e+00		0.0000000e+00
1.1800000e+02		1.1900000e+02		1.1850000e+02		5.2889236e-02		0.0000000e+00		0.0000000e+00		0.0000000e+00		0.0000000e+00		0.0000000e+00
1.1900000e+02		1.2000000e+02		1.1950000e+02		7.3692884e-02		0.0000000e+00		0.0000000e+00		0.0000000e+00		0.0000000e+00		0.0000000e+00
1.2000000e+02		1.2100000e+02		1.2050000e+02		4.0066072e-01		0.0000000e+00		0.0000000e+00		0.0000000e+00		0.0000000e+00		0.0000000e+00
1.2100000e+02		1.2200000e+02		1.2150000e+02		1.5905289e+01		0.0000000e+00		0.0000000e+00		0.0000000e+00		0.0000000e+00		0.0000000e+00
1.2200000e+02		1.2300000e+02		1.2250000e+02		1.0666543e-01		0.0000000e+00		0.0000000e+00		0.0000000e+00		0.0000000e+00		0.0000000e+00
1.2300000e+02		1.2400000e+02		1.2350000e+02		5.7456553e-02		0.0000000e+00		0.0000000e+00		0.0000000e+00		0.0000000e+00		0.0000000e+00
1.2400000e+02		1.2500000e+02		1.2450000e+02		4.6184197e-02		0.0000000e+00		0.0000000e+00		0.0000000e+00		0.0000000e+00		0.0000000e+00
1.2500000e+02		1.2600000e+02		1.2550000e+02		4.5085118e-02		0.0000000e+00		0.0000000e+00		0.0000000e+00		0.0000000e+00		0.0000000e+00
1.2600000e+02		1.2700000e+02		1.2650000e+02		6.3054464e-02		0.0000000e+00		0.0000000e+00		0.0000000e+00		0.0000000e+00		0.0000000e+00
1.2700000e+02		1.2800000e+02		1.2750000e+02		3.3006429e-02		0.0000000e+00		0.0000000e+00		0.0000000e+00		0.0000000e+00		0.0000000e+00
1.2800000e+02		1.2900000e+02		1.2850000e+02		2.6335196e-02		0.0000000e+00		0.0000000e+00		0.0000000e+00		0.0000000e+00		0.0000000e+00
1.2900000e+02		1.3000000e+02		1.2950000e+02		3.5131240e-02		0.0000000e+00		0.0000000e+00		0.0000000e+00		0.0000000e+00		0.0000000e+00
1.3000000e+02		1.3100000e+02		1.3050000e+02		2.8850634e-01		0.0000000e+00		0.0000000e+00		0.0000000e+00		0.0000000e+00		0.0000000e+00
1.3100000e+02		1.3200000e+02		1.3150000e+02		3.9064855e-02		0.0000000e+00		0.0000000e+00		0.0000000e+00		0.0000000e+00		0.0000000e+00
1.3200000e+02		1.3300000e+02		1.3250000e+02		3.0374778e-02		0.0000000e+00		0.0000000e+00		0.0000000e+00		0.0000000e+00		0.0000000e+00
1.3300000e+02		1.3400000e+02		1.3350000e+02		4.1056606e-01		0.0000000e+00		0.0000000e+00		0.0000000e+00		0.0000000e+00		0.0000000e+00
1.3400000e+02		1.3500000e+02		1.3450000e+02		2.8092500e-02		0.0000000e+00		0.0000000e+00		0.0000000e+00		0.0000000e+00		0.0000000e+00
1.3500000e+02		1.3600000e+02		1.3550000e+02		5.8954708e-02		0.0000000e+00		0.0000000e+00		0.0000000e+00		0.0000000e+00		0.0000000e+00
1.3600000e+02		1.3700000e+02		1.3650000e+02		3.8690656e-02		0.0000000e+00		0.0000000e+00		0.0000000e+00		0.0000000e+00		0.0000000e+00
1.3700000e+02		1.3800000e+02		1.3750000e+02		3.9732879e-02		0.0000000e+00		0.0000000e+00		0.0000000e+00		0.0000000e+00		0.0000000e+00
1.3800000e+02		1.3900000e+02		1.3850000e+02		4.0549866e-02		0.0000000e+00		0.0000000e+00		0.0000000e+00		0.0000000e+00		0.0000000e+00
1.3900000e+02		1.4000000e+02		1.3950000e+02		1.3692187e-01		0.0000000e+00		0.0000000e+00		0.0000000e+00		0.0000000e+00		0.0000000e+00
1.4000000e+02		1.4100000e+02		1.4050000e+02		1.1939088e-01		0.0000000e+00		0.0000000e+00		0.0000000e+00		0.0000000e+00		0.0000000e+00
1.4100000e+02		1.4200000e+02		1.4150000e+02		5.7521948e-02		0.0000000e+00		0.0000000e+00		0.0000000e+00		0.0000000e+00		0.0000000e+00
1.4200000e+02		1.4300000e+02		1.4250000e+02		6.2343151e-02		0.0000000e+00		0.0000000e+00		0.0000000e+00		0.0000000e+00		0.0000000e+00
1.4300000e+02		1.4400000e+02		1.4350000e+02		6.9165895e-02		0.0000000e+00		0.0000000e+00		0.0000000e+00		0.0000000e+00		0.0000000e+00
1.4400000e+02		1.4500000e+02		1.4450000e+02		6.6149126e-02		0.0000000e+00		0.0000000e+00		0.0000000e+00		0.0000000e+00		0.0000000e+00
1.4500000e+02		1.4600000e+02		1.4550000e+02		7.0536262e-02		0.0000000e+00		0.0000000e+00		0.0000000e+00		0.0000000e+00		0.0000000e+00
1.4600000e+02		1.4700000e+02		1.4650000e+02		8.6012655e-02		0.0000000e+00		0.0000000e+00		0.0000000e+00		0.0000000e+00		0.0000000e+00
1.4700000e+02		1.4800000e+02		1.4750000e+02		1.0610345e-01		0.0000000e+00		0.0000000e+00		0.0000000e+00		0.0000000e+00		0.0000000e+00
1.4800000e+02		1.4900000e+02		1.4850000e+02		1.0405386e-01		0.0000000e+00		0.0000000e+00		0.0000000e+00		0.0000000e+00		0.0000000e+00
1.4900000e+02		1.5000000e+02		1.4950000e+02		9.4002421e-02		0.0000000e+00		0.0000000e+00		0.0000000e+00		0.0000000e+00		0.0000000e+00
1.5000000e+02		1.5100000e+02		1.5050000e+02		1.0343288e-01		0.0000000e+00		0.0000000e+00		0.0000000e+00		0.0000000e+00		0.0000000e+00
1.5100000e+02		1.5200000e+02		1.5150000e+02		1.0875212e-01		0.0000000e+00		0.0000000e+00		0.0000000e+00		0.0000000e+00		0.0000000e+00
1.5200000e+02		1.5300000e+02		1.5250000e+02		1.3876638e-01		0.0000000e+00		0.0000000e+00		0.0000000e+00		0.0000000e+00		0.0000000e+00
1.5300000e+02		1.5400000e+02		1.5350000e+02		1.5371418e-01		0.0000000e+00		0.0000000e+00		0.0000000e+00		0.0000000e+00		0.0000000e+00
1.5400000e+02		1.5500000e+02		1.5450000e+02		4.1112511e-01		0.0000000e+00		0.0000000e+00		0.0000000e+00		0.0000000e+00		0.0000000e+00
1.5500000e+02		1.5600000e+02		1.5550000e+02		3.3836363e-01		0.0000000e+00		0.0000000e+00		0.0000000e+00		0.0000000e+00		0.0000000e+00
1.5600000e+02		1.5700000e+02		1.5650000e+02		2.0084632e-01		0.0000000e+00		0.0000000e+00		0.0000000e+00		0.0000000e+00		0.0000000e+00
1.5700000e+02		1.5800000e+02		1.5750000e+02		1.8216796e-01		0.0000000e+00		0.0000000e+00		0.0000000e+00		0.0000000e+00		0.0000000e+00
1.5800000e+02		1.5900000e+02		1.5850000e+02		1.6795176e-01		0.0000000e+00		0.0000000e+00		0.0000000e+00		0.0000000e+00		0.0000000e+00
1.5900000e+02		1.6000000e+02		1.5950000e+02		1.6379377e-01		0.0000000e+00		0.0000000e+00		0.0000000e+00		0.0000000e+00		0.0000000e+00
1.6000000e+02		1.6100000e+02		1.6050000e+02		1.7926410e-01		0.0000000e+00		0.0000000e+00		0.0000000e+00		0.0000000e+00		0.0000000e+00
1.6100000e+02		1.6200000e+02		1.6150000e+02		2.0306941e-01		0.0000000e+00		0.0000000e+00		0.0000000e+00		0.0000000e+00		0.0000000e+00
1.6200000e+02		1.6300000e+02		1.6250000e+02		2.2492895e-01		0.0000000e+00		0.0000000e+00		0.0000000e+00		0.0000000e+00		0.0000000e+00
1.6300000e+02		1.6400000e+02		1.6350000e+02		4.7671727e-01		0.0000000e+00		0.0000000e+00		0.0000000e+00		0.0000000e+00		0.0000000e+00
1.6400000e+02		1.6500000e+02		1.6450000e+02		4.8753270e-01		0.0000000e+00		0.0000000e+00		0.0000000e+00		0.0000000e+00		0.0000000e+00
1.6500000e+02		1.6600000e+02		1.6550000e+02		5.7072689e-01		0.0000000e+00		0.0000000e+00		0.0000000e+00		0.0000000e+00		0.0000000e+00
1.6600000e+02		1.6700000e+02		1.6650000e+02		2.6919628e-01		0.0000000e+00		0.0000000e+00		0.0000000e+00		0.0000000e+00		0.0000000e+00
1.6700000e+02		1.6800000e+02		1.6750000e+02		2.8728373e-01		0.0000000e+00		0.0000000e+00		0.0000000e+00		0.0000000e+00		0.0000000e+00
1.6800000e+02		1.6900000e+02		1.6850000e+02		3.0958866e-01		0.0000000e+00		0.0000000e+00		0.0000000e+00		0.0000000e+00		0.0000000e+00
1.6900000e+02		1.7000000e+02		1.6950000e+02		3.8988989e-01		0.0000000e+00		0.0000000e+00		0.0000000e+00		0.0000000e+00		0.0000000e+00
1.7000000e+02		1.7100000e+02		1.7050000e+02		4.3752516e-01		0.0000000e+00		0.0000000e+00		0.0000000e+00		0.0000000e+00		0.0000000e+00
1.7100000e+02		1.7200000e+02		1.7150000e+02		4.3618394e-01		0.0000000e+00		0.0000000e+00		0.0000000e+00		0.0000000e+00		0.0000000e+00
1.7200000e+02		1.7300000e+02		1.7250000e+02		4.5514763e-01		0.0000000e+00		0.0000000e+00		0.0000000e+00		0.0000000e+00		0.0000000e+00
1.7300000e+02		1.7400000e+02		1.7350000e+02		4.5120572e-01		0.0000000e+00		0.0000000e+00		0.0000000e+00		0.0000000e+00		0.0000000e+00
1.7400000e+02		1.7500000e+02		1.7450000e+02		5.3951828e-01		0.0000000e+00		0.0000000e+00		0.0000000e+00		0.0000000e+00		0.0000000e+00
1.7500000e+02		1.7600000e+02		1.7550000e+02		6.4389120e-01		0.0000000e+00		0.0000000e+00		0.0000000e+00		0.0000000e+00		0.0000000e+00
1.7600000e+02		1.7700000e+02		1.7650000e+02		6.9472845e-01		0.0000000e+00		0.0000000e+00		0.0000000e+00		0.0000000e+00		0.0000000e+00
1.7700000e+02		1.7800000e+02		1.7750000e+02		8.1849614e-01		0.0000000e+00		0.0000000e+00		0.0000000e+00		0.0000000e+00		0.0000000e+00
1.7800000e+02		1.7900000e+02		1.7850000e+02		8.9455089e-01		0.0000000e+00		0.0000000e+00		0.0000000e+00		0.0000000e+00		0.0000000e+00
1.7900000e+02		1.8000000e+02		1.7950000e+02		8.6966614e-01		0.0000000e+00		0.0000000e+00		0.0000000e+00		0.0000000e+00		0.0000000e+00
1.8000000e+02		1.8100000e+02		1.8050000e+02		1.0753674e+00		0.0000000e+00		0.0000000e+00		0.0000000e+00		0.0000000e+00		0.0000000e+00
1.8100000e+02		1.8200000e+02		1.8150000e+02		1.3093431e+00		0.0000000e+00		0.0000000e+00		0.0000000e+00		0.0000000e+00		0.0000000e+00
1.8200000e+02		1.8300000e+02		1.8250000e+02		1.2087370e+00		0.0000000e+00		0.0000000e+00		0.0000000e+00		0.0000000e+00		0.0000000e+00
1.8300000e+02		1.8400000e+02		1.8350000e+02		1.2728289e+00		0.0000000e+00		0.0000000e+00		0.0000000e+00		0.0000000e+00		0.0000000e+00
1.8400000e+02		1.8500000e+02		1.8450000e+02		1.0940339e+00		0.0000000e+00		0.0000000e+00		0.0000000e+00		0.0000000e+00		0.0000000e+00
1.8500000e+02		1.8600000e+02		1.8550000e+02		1.2372281e+00		0.0000000e+00		0.0000000e+00		0.0000000e+00		0.0000000e+00		0.0000000e+00
1.8600000e+02		1.8700000e+02		1.8650000e+02		1.4037992e+00		0.0000000e+00		0.0000000e+00		0.0000000e+00		0.0000000e+00		0.0000000e+00
1.8700000e+02		1.8800000e+02		1.8750000e+02		1.5907538e+00		0.0000000e+00		0.0000000e+00		0.0000000e+00		0.0000000e+00		0.0000000e+00
1.8800000e+02		1.8900000e+02		1.8850000e+02		1.6735993e+00		0.0000000e+00		0.0000000e+00		0.0000000e+00		0.0000000e+00		0.0000000e+00
1.8900000e+02		1.9000000e+02		1.8950000e+02		1.8559600e+00		0.0000000e+00		0.0000000e+00		0.0000000e+00		0.0000000e+00		0.0000000e+00
1.9000000e+02		1.9100000e+02		1.9050000e+02		1.9109940e+00		0.0000000e+00		0.0000000e+00		0.0000000e+00		0.0000000e+00		0.0000000e+00
1.9100000e+02		1.9200000e+02		1.9150000e+02		2.0707336e+00		0.0000000e+00		0.0000000e+00		0.0000000e+00		0.0000000e+00		0.0000000e+00
1.9200000e+02		1.9300000e+02		1.9250000e+02		2.1685186e+00		0.0000000e+00		0.0000000e+00		0.0000000e+00		0.0000000e+00		0.0000000e+00
1.9300000e+02		1.9400000e+02		1.9350000e+02		1.6554009e+00		2.4284315e-319		0.0000000e+00		4.2061785e-319		4.2061785e-319		0.0000000e+00
1.9400000e+02		1.9500000e+02		1.9450000e+02		2.6556632e+00		2.3771163e-283		0.0000000e+00		2.3818892e-283		1.1292651e-285		2.3705965e-283
1.9500000e+02		1.9600000e+02		1.9550000e+02		2.5630279e+00		3.1895024e-204		0.0000000e+00		5.5243802e-204		5.5243802e-204		5.5185028e-224
1.9600000e+02		1.9700000e+02		1.9650000e+02		2.8204934e+00		2.6833020e-192		0.0000000e+00		2.6905721e-192		1.7201118e-194		2.6733710e-192
1.9700000e+02		1.9800000e+02		1.9750000e+02		2.8068384e+00		4.0355153e-169		0.0000000e+00		4.0474412e-169		2.8216992e-171		4.0192243e-169
1.9800000e+02		1.9900000e+02		1.9850000e+02		2.7505577e+00		7.9998469e-84		5.8459995e-76		8.0510184e-84		1.2107313e-85		7.9299453e-84
1.9900000e+02		2.0000000e+02		1.9950000e+02		2.8965557e+00		4.5591182e-09		1.2705366e-08		5.5377495e-09		2.3154664e-09		3.2222831e-09
2.0000000e+02		2.0100000e+02		2.0050000e+02		3.0623388e+00		2.7700542e-06		7.0918992e-06		3.6946587e-06		2.1876375e-06		1.5070211e-06
2.0100000e+02		2.0200000e+02		2.0150000e+02		3.2593670e+00		1.2956089e-02		3.3639365e-02		2.1510323e-02		2.0239534e-02		1.2707887e-03
2.0200000e+02		2.0300000e+02		2.0250000e+02		3.2217937e+00		4.0508085e-02		1.0398966e-01		6.8247221e-02		6.5631500e-02		2.6157212e-03
2.0300000e+02		2.0400000e+02		2.0350000e+02		3.4484145e+00		3.4266162e-01		8.6329239e-01		5.8786330e-01		5.8015342e-01		7.7098865e-03
2.0400000e+02		2.0500000e+02		2.0450000e+02		3.7117169e+00		1.0425055e+00		2.5989590e+00		1.7963258e+00		1.7835580e+00		1.2767830e-02
2.0500000e+02		2.0600000e+02		2.0550000e+02		3.7200399e+00		1.0631099e+00		2.6400656e+00		1.8307555e+00		1.8162692e+00		1.4486372e-02
2.0600000e+02		2.0700000e+02		2.0650000e+02		3.7247532e+00		1.0828504e+00		2.6787402e+00		1.8635724e+00		1.8472082e+00		1.6364240e-02
2.0700000e+02		2.0800000e+02		2.0750000e+02		4.0454145e+00		1.1961567e+00		2.9477092e+00		2.0571739e+00		2.0371884e+00		1.9985425e-02
2.0800000e+02		2.0900000e+02		2.0850000e+02		4.3759554e+00		1.3157280e+00		3.2300160e+00		2.2611687e+00		2.2369367e+00		2.4231951e-02
2.0900000e+02		2.1000000e+02		2.0950000e+02		5.6528678e+00		1.7280034e+00		4.2260210e+00		2.9673833e+00		2.9324043e+00		3.4979051e-02
2.1000000e+02		2.1100000e+02		2.1050000e+02		6.9678423e+00		2.1650672e+00		5.2748766e+00		3.7148419e+00		3.6668063e+00		4.8035636e-02
2.1100000e+02		2.1200000e+02		2.1150000e+02		7.9326445e+00		2.5049754e+00		6.0799867e+00		4.2942718e+00		4.2335207e+00		6.0751038e-02
2.1200000e+02		2.1300000e+02		2.1250000e+02		7.0734222e+00		2.2695664e+00		5.4878689e+00		3.8870742e+00		3.8270646e+00		6.0009592e-02
2.1300000e+02		2.1400000e+02		2.1350000e+02		7.2066449e+00		2.3490382e+00		5.6586799e+00		4.0192060e+00		3.9516594e+00		6.7546598e-02
2.1400000e+02		2.1500000e+02		2.1450000e+02		9.2279181e+00		3.0550655e+00		7.3318151e+00		5.2217607e+00		5.1264559e+00		9.5304788e-02
2.1500000e+02		2.1600000e+02		2.1550000e+02		7.9257408e+00		2.6646062e+00		6.3707554e+00		4.5493721e+00		4.4594039e+00		8.9968186e-02
2.1600000e+02		2.1700000e+02		2.1650000e+02		7.3353469e+00		2.5038434e+00		5.9639261e+00		4.2699525e+00		4.1786589e+00		9.1293553e-02
2.1700000e+02		2.1800000e+02		2.1750000e+02		7.5953881e+00		2.6317653e+00		6.2450957e+00		4.4826597e+00		4.3792633e+00		1.0339642e-01
2.1800000e+02		2.1900000e+02		2.1850000e+02		1.0217230e+01		3.5930130e+00		8.4940868e+00		6.1121682e+00		5.9603854e+00		1.5178286e-01
2.1900000e+02		2.2000000e+02		2.1950000e+02		1.0786519e+01		3.8490499e+00		9.0651715e+00		6.5390253e+00		6.3645500e+00		1.7447531e-01
2.2000000e+02		2.2100000e+02		2.2050000e+02		1.0851638e+01		3.9285544e+00		9.2176026e+00		6.6648475e+00		6.4741390e+00		1.9070850e-01
2.2100000e+02		2.2200000e+02		2.2150000e+02		8.6872371e+00		3.1900939e+00		7.4567432e+00		5.4042312e+00		5.2387051e+00		1.6552607e-01
2.2200000e+02		2.2300000e+02		2.2250000e+02		1.1691346e+01		4.3540175e+00		1.0138971e+01		7.3649317e+00		7.1238996e+00		2.4103211e-01
2.2300000e+02		2.2400000e+02		2.2350000e+02		1.5139682e+01		5.7169750e+00		1.3262493e+01		9.6553529e+00		9.3183021e+00		3.3705080e-01
2.2400000e+02		2.2500000e+02		2.2450000e+02		1.4154944e+01		5.4187874e+00		1.2523136e+01		9.1369788e+00		8.7973352e+00		3.3964358e-01
2.2500000e+02		2.2600000e+02		2.2550000e+02		1.2365614e+01		4.7981642e+00		1.1046762e+01		8.0769945e+00		7.7577959e+00		3.1919862e-01
2.2600000e+02		2.2700000e+02		2.2650000e+02		9.0577089e+00		3.5617612e+00		8.1690264e+00		5.9853484e+00		5.7342689e+00		2.5107949e-01
2.2700000e+02		2.2800000e+02		2.2750000e+02		8.8108381e+00		3.5105309e+00		8.0208517e+00		5.8887543e+00		5.6269369e+00		2.6181735e-01
2.2800000e+02		2.2900000e+02		2.2850000e+02		1.2275156e+01		4.9546663e+00		1.1277188e+01		8.2959741e+00		7.9056191e+00		3.9035501e-01
2.2900000e+02		2.3000000e+02		2.2950000e+02		1.1031259e+01		4.5099064e+00		1.0225611e+01		7.5370178e+00		7.1622225e+00		3.7479538e-01
2.3000000e+02		2.3100000e+02		2.3050000e+02		1.2510180e+01		5.1794655e+00		1.1698725e+01		8.6391905e+00		8.1857972e+00		4.5339334e-01
2.3100000e+02		2.3200000e+02		2.3150000e+02		1.1791833e+01		4.9431755e+00		1.1122135e+01		8.2286332e+00		7.7734764e+00		4.5515680e-01
2.3200000e+02		2.3300000e+02		2.3250000e+02		1.2664003e+01		5.3743270e+00		1.2045686e+01		8.9280628e+00		8.4082291e+00		5.1983367e-01
2.3300000e+02		2.3400000e+02		2.3350000e+02		1.1428554e+01		4.9090611e+00		1.0960443e+01		8.1380699e+00		7.6399169e+00		4.9815304e-01
2.3400000e+02		2.3500000e+02		2.3450000e+02		9.9864853e+00		4.3411043e+00		9.6549317e+00		7.1811149e+00		6.7195371e+00		4.6157780e-01
2.3500000e+02		2.3600000e+02		2.3550000e+02		1.3443360e+01		5.9129306e+00		1.3099910e+01		9.7598344e+00		9.1018720e+00		6.5796239e-01
2.3600000e+02		2.3700000e+02		2.3650000e+02		1.2448020e+01		5.5389863e+00		1.2223901e+01		9.1221630e+00		8.4778873e+00		6.4427578e-01
2.3700000e+02		2.3800000e+02		2.3750000e+02		1.3294723e+01		5.9837398e+00		1.3154184e+01		9.8321506e+00		9.1054378e+00		7.2671284e-01
2.3800000e+02		2.3900000e+02		2.3850000e+02		1.1021422e+01		5.0167616e+00		1.0985613e+01		8.2241027e+00		7.5886506e+00		6.3545216e-01
2.3900000e+02		2.4000000e+02		2.3950000e+02		1.2008577e+01		5.5271282e+00		1.2056138e+01		9.0393117e+00		8.3099155e+00		7.2939622e-01
2.4000000e+02		2.4100000e+02		2.4050000e+02		1.1032163e+01		5.1335908e+00		1.1154143e+01		8.3754847e+00		7.6704032e+00		7.0508148e-01
2.4100000e+02		2.4200000e+02		2.4150000e+02		1.2918879e+01		6.0767191e+00		1.3151922e+01		9.8899347e+00		9.0221649e+00		8.6776973e-01
2.4200000e+02		2.4300000e+02		2.4250000e+02		1.7782729e+01		8.4539246e+00		1.8225631e+01		1.3724657e+01		1.2470686e+01		1.2539707e+00
2.4300000e+02		2.4400000e+02		2.4350000e+02		1.6701989e+01		8.0237317e+00		1.7230749e+01		1.2993384e+01		1.1758323e+01		1.2350606e+00
2.4400000e+02		2.4500000e+02		2.4450000e+02		1.5641720e+01		7.5923166e+00		1.6240722e+01		1.2263302e+01		1.1051671e+01		1.2116314e+00
2.4500000e+02		2.4600000e+02		2.4550000e+02		1.2691134e+01		6.2230879e+00		1.3259900e+01		1.0025625e+01		8.9968983e+00		1.0287263e+00
2.4600000e+02		2.4700000e+02		2.4650000e+02		1.2350906e+01		6.1172309e+00		1.2983532e+01		9.8292069e+00		8.7826295e+00		1.0465774e+00
2.4700000e+02		2.4800000e+02		2.4750000e+02		1.3639226e+01		6.8223177e+00		1.4423620e+01		1.0933016e+01		9.7260172e+00		1.2069991e+00
2.4800000e+02		2.4900000e+02		2.4850000e+02		1.0938846e+01		5.5250504e+00		1.1635472e+01		8.8303051e+00		7.8203165e+00		1.0099886e+00
2.4900000e+02		2.5000000e+02		2.4950000e+02		1.3333262e+01		6.7992468e+00		1.4263147e+01		1.0837254e+01		9.5540276e+00		1.2832264e+00
2.5000000e+02		2.5100000e+02		2.5050000e+02		1.4401571e+01		7.4136453e+00		1.5491550e+01		1.1784127e+01		1.0340671e+01		1.4434561e+00
2.5100000e+02		2.5200000e+02		2.5150000e+02		1.2007424e+01		6.2388994e+00		1.2986187e+01		9.8893913e+00		8.6371565e+00		1.2522348e+00
2.5200000e+02		2.5300000e+02		2.5250000e+02		1.0794009e+01		5.6600015e+00		1.1735544e+01		8.9467124e+00		7.7764415e+00		1.1702709e+00
2.5300000e+02		2.5400000e+02		2.5350000e+02		1.3602371e+01		7.1972107e+00		1.4865059e+01		1.1344530e+01		9.8126619e+00		1.5318677e+00
2.5400000e+02		2.5500000e+02		2.5450000e+02		1.5384114e+01		8.2125662e+00		1.6896631e+01		1.2908242e+01		1.1110087e+01		1.7981542e+00
2.5500000e+02		2.5600000e+02		2.5550000e+02		2.0992062e+01		1.1304726e+01		2.3168796e+01		1.7717617e+01		1.5173065e+01		2.5445522e+00
2.5600000e+02		2.5700000e+02		2.5650000e+02		2.7040612e+01		1.4687994e+01		2.9986920e+01		2.2953907e+01		1.9557360e+01		3.3965464e+00
2.5700000e+02		2.5800000e+02		2.5750000e+02		3.3946512e+01		1.8596252e+01		3.7820286e+01		2.8977486e+01		2.4562264e+01		4.4152223e+00
2.5800000e+02		2.5900000e+02		2.5850000e+02		3.5732434e+01		1.9738821e+01		3.9990327e+01		3.0668357e+01		2.5859560e+01		4.8087968e+00
2.5900000e+02		2.6000000e+02		2.5950000e+02		3.0409976e+01		1.6937442e+01		3.4183821e+01		2.6238836e+01		2.2007334e+01		4.2315013e+00
2.6000000e+02		2.6100000e+02		2.6050000e+02		2.4915606e+01		1.3990134e+01		2.8127990e+01		2.1609267e+01		1.8027061e+01		3.5822057e+00
2.6100000e+02		2.6200000e+02		2.6150000e+02		2.5442742e+01		1.4400559e+01		2.8843333e+01		2.2177542e+01		1.8400538e+01		3.7770037e+00
2.6200000e+02		2.6300000e+02		2.6250000e+02		3.0366547e+01		1.7322993e+01		3.4565581e+01		2.6599158e+01		2.1947642e+01		4.6515161e+00
2.6300000e+02		2.6400000e+02		2.6350000e+02		4.5700096e+01		2.6272689e+01		5.2225926e+01		4.0221283e+01		3.3002727e+01		7.2185555e+00
2.6400000e+02		2.6500000e+02		2.6450000e+02		7.1249372e+01		4.1274033e+01		8.1738251e+01		6.2998580e+01		5.1400829e+01		1.1597750e+01
2.6500000e+02		2.6600000e+02		2.6550000e+02		7.4731454e+01		4.3617127e+01		8.6055509e+01		6.6375816e+01		5.3847638e+01		1.2528178e+01
2.6600000e+02		2.6700000e+02		2.6650000e+02		7.2446611e+01		4.2597046e+01		8.3729971e+01		6.4629124e+01		5.2128455e+01		1.2500669e+01
2.6700000e+02		2.6800000e+02		2.6750000e+02		7.2937204e+01		4.3198541e+01		8.4597447e+01		6.5344837e+01		5.2398698e+01		1.2946139e+01
2.6800000e+02		2.6900000e+02		2.6850000e+02		7.2239021e+01		4.3092518e+01		8.4078297e+01		6.4988332e+01		5.1806052e+01		1.3182280e+01
2.6900000e+02		2.7000000e+02		2.6950000e+02		6.7758000e+01		4.0705478e+01		7.9129080e+01		6.1203470e+01		4.8498770e+01		1.2704700e+01
2.7000000e+02		2.7100000e+02		2.7050000e+02		7.8281462e+01		4.7355059e+01		9.1718821e+01		7.0986870e+01		5.5913464e+01		1.5073406e+01
2.7100000e+02		2.7200000e+02		2.7150000e+02		6.5051220e+01		3.9621573e+01		7.6461078e+01		5.9214901e+01		4.6358312e+01		1.2856589e+01
2.7200000e+02		2.7300000e+02		2.7250000e+02		5.2331568e+01		3.2089515e+01		6.1701611e+01		4.7813409e+01		3.7203132e+01		1.0610276e+01
2.7300000e+02		2.7400000e+02		2.7350000e+02		5.5800645e+01		3.4444253e+01		6.5990740e+01		5.1167076e+01		3.9566622e+01		1.1600453e+01
2.7400000e+02		2.7500000e+02		2.7450000e+02		3.8398649e+01		2.3857634e+01		4.5544387e+01		3.5333677e+01		2.7152610e+01		8.1810666e+00
2.7500000e+02		2.7600000e+02		2.7550000e+02		5.1208696e+01		3.2021774e+01		6.0911986e+01		4.7281938e+01		3.6105936e+01		1.1176002e+01
2.7600000e+02		2.7700000e+02		2.7650000e+02		7.1318275e+01		4.4879685e+01		8.5067922e+01		6.6067704e+01		5.0131392e+01		1.5936313e+01
2.7700000e+02		2.7800000e+02		2.7750000e+02		6.8188493e+01		4.3178255e+01		8.1554645e+01		6.3371722e+01		4.7778255e+01		1.5593467e+01
2.7800000e+02		2.7900000e+02		2.7850000e+02		4.7024496e+01		2.9959982e+01		5.6389969e+01		4.3839418e+01		3.2839098e+01		1.1000320e+01
2.7900000e+02		2.8000000e+02		2.7950000e+02		2.6422560e+01		1.6936152e+01		3.1765886e+01		2.4707734e+01		1.8387760e+01		6.3199732e+00
2.8000000e+02		2.8100000e+02		2.8050000e+02		2.8982131e+01		1.8687545e+01		3.4929617e+01		2.7181151e+01		2.0096086e+01		7.0850648e+00
2.8100000e+02		2.8200000e+02		2.8150000e+02		6.0033324e+01		3.8936485e+01		7.2527579e+01		5.6464109e+01		4.1470804e+01		1.4993306e+01
2.8200000e+02		2.8300000e+02		2.8250000e+02		8.1733762e+01		5.3317427e+01		9.8976056e+01		7.7088240e+01		5.6242347e+01		2.0845893e+01
2.8300000e+02		2.8400000e+02		2.8350000e+02		8.4433091e+01		5.5391775e+01		1.0247798e+02		7.9849237e+01		5.7866977e+01		2.1982260e+01
2.8400000e+02		2.8500000e+02		2.8450000e+02		6.2255376e+01		4.1071116e+01		7.5727909e+01		5.9029914e+01		4.2490972e+01		1.6538942e+01
2.8500000e+02		2.8600000e+02		2.8550000e+02		4.0018063e+01		2.6546394e+01		4.8783076e+01		3.8041287e+01		2.7197210e+01		1.0844077e+01
2.8600000e+02		2.8700000e+02		2.8650000e+02		8.2001717e+01		5.4692225e+01		1.0017135e+02		7.8143600e+01		5.5486550e+01		2.2657050e+01
2.8700000e+02		2.8800000e+02		2.8750000e+02		9.5189148e+01		6.3827408e+01		1.1651710e+02		9.0927983e+01		6.4120649e+01		2.6807335e+01
2.8800000e+02		2.8900000e+02		2.8850000e+02		9.0460934e+01		6.0976500e+01		1.1094806e+02		8.6612378e+01		6.0655139e+01		2.5957238e+01
2.8900000e+02		2.9000000e+02		2.8950000e+02		1.3728321e+02		9.3017700e+01		1.6869723e+02		1.3173920e+02		9.1616051e+01		4.0123149e+01
2.9000000e+02		2.9100000e+02		2.9050000e+02		1.8023325e+02		1.2274265e+02		2.2188779e+02		1.7333326e+02		1.1969867e+02		5.3634590e+01
2.9100000e+02		2.9200000e+02		2.9150000e+02		1.7359450e+02		1.1881607e+02		2.1410121e+02		1.6730304e+02		1.1472140e+02		5.2581634e+01
2.9200000e+02		2.9300000e+02		2.9250000e+02		1.5421676e+02		1.0607577e+02		1.9053587e+02		1.4893354e+02		1.0140258e+02		4.7530960e+01
2.9300000e+02		2.9400000e+02		2.9350000e+02		1.6099986e+02		1.1128145e+02		1.9925563e+02		1.5579461e+02		1.0531926e+02		5.0475349e+01
2.9400000e+02		2.9500000e+02		2.9450000e+02		1.4991794e+02		1.0411935e+02		1.8584767e+02		1.4535173e+02		9.7556861e+01		4.7794865e+01
2.9500000e+02		2.9600000e+02		2.9550000e+02		1.6232431e+02		1.1326879e+02		2.0155082e+02		1.5767547e+02		1.0506733e+02		5.2608140e+01
2.9600000e+02		2.9700000e+02		2.9650000e+02		1.4851381e+02		1.0411452e+02		1.8469066e+02		1.4452282e+02		9.5607059e+01		4.8915760e+01
2.9700000e+02		2.9800000e+02		2.9750000e+02		1.5140866e+02		1.0663072e+02		1.8857585e+02		1.4759954e+02		9.6933268e+01		5.0666269e+01
2.9800000e+02		2.9900000e+02		2.9850000e+02		1.3012850e+02		9.2057900e+01		1.6231017e+02		1.2707137e+02		8.2842766e+01		4.4228607e+01
2.9900000e+02		3.0000000e+02		2.9950000e+02		1.4682541e+02		1.0433194e+02		1.8339761e+02		1.4361325e+02		9.2940581e+01		5.0672667e+01
3.0000000e+02		3.0100000e+02		3.0050000e+02		1.1681452e+02		8.3370258e+01		1.4611343e+02		1.1444206e+02		7.3516680e+01		4.0925382e+01
3.0100000e+02		3.0200000e+02		3.0150000e+02		1.3434477e+02		9.6295210e+01		1.6826630e+02		1.3182062e+02		8.4054030e+01		4.7766594e+01
3.0200000e+02		3.0300000e+02		3.0250000e+02		1.4142283e+02		1.0179932e+02		1.7736243e+02		1.3897435e+02		8.7957065e+01		5.1017282e+01
3.0300000e+02		3.0400000e+02		3.0350000e+02		1.8342160e+02		1.3258351e+02		2.3032520e+02		1.8050842e+02		1.1339156e+02		6.7116863e+01
3.0400000e+02		3.0500000e+02		3.0450000e+02		1.7556728e+02		1.2742922e+02		2.2073289e+02		1.7302240e+02		1.0787463e+02		6.5147776e+01
3.0500000e+02		3.0600000e+02		3.0550000e+02		1.7728071e+02		1.2919525e+02		2.2315236e+02		1.7494941e+02		1.0825551e+02		6.6693898e+01
3.0600000e+02		3.0700000e+02		3.0650000e+02		1.6814926e+02		1.2303062e+02		2.1190244e+02		1.6615720e+02		1.0203858e+02		6.4118621e+01
3.0700000e+02		3.0800000e+02		3.0750000e+02		1.8878816e+02		1.3867568e+02		2.3817801e+02		1.8679003e+02		1.1383979e+02		7.2950243e+01
3.0800000e+02		3.0900000e+02		3.0850000e+02		1.8529086e+02		1.3663479e+02		2.3401954e+02		1.8355646e+02		1.1101788e+02		7.2538584e+01
3.0900000e+02		3.1000000e+02		3.0950000e+02		1.5026991e+02		1.1123359e+02		1.8998840e+02		1.4904142e+02		8.9454273e+01		5.9587144e+01
3.1000000e+02		3.1100000e+02		3.1050000e+02		1.8913229e+02		1.4052759e+02		2.3936674e+02		1.8780315e+02		1.1185519e+02		7.5947961e+01
3.1100000e+02		3.1200000e+02		3.1150000e+02		2.2495083e+02		1.6776107e+02		2.8498057e+02		2.2361994e+02		1.3216349e+02		9.1456445e+01
3.1200000e+02		3.1300000e+02		3.1250000e+02		2.0030306e+02		1.4992532e+02		2.5399879e+02		1.9933343e+02		1.1690085e+02		8.2432581e+01
3.1300000e+02		3.1400000e+02		3.1350000e+02		2.1331645e+02		1.6024042e+02		2.7075223e+02		2.1250587e+02		1.2366139e+02		8.8844484e+01
3.1400000e+02		3.1500000e+02		3.1450000e+02		2.0119548e+02		1.5167121e+02		2.5559780e+02		2.0063358e+02		1.1584621e+02		8.4787375e+01
3.1500000e+02		3.1600000e+02		3.1550000e+02		1.9522773e+02		1.4768655e+02		2.4823301e+02		1.9487269e+02		1.1164359e+02		8.3229094e+01
3.1600000e+02		3.1700000e+02		3.1650000e+02		1.9043254e+02		1.4455488e+02		2.4234082e+02		1.9026563e+02		1.0815278e+02		8.2112846e+01
3.1700000e+02		3.1800000e+02		3.1750000e+02		2.4155434e+02		1.8398255e+02		3.0764951e+02		2.4156264e+02		1.3623597e+02		1.0532667e+02
3.1800000e+02		3.1900000e+02		3.1850000e+02		1.9952276e+02		1.5247646e+02		2.5431894e+02		1.9970529e+02		1.1174462e+02		8.7960670e+01
3.1900000e+02		3.2000000e+02		3.1950000e+02		2.1430874e+02		1.6431512e+02		2.7337590e+02		2.1468715e+02		1.1918149e+02		9.5505660e+01
3.2000000e+02		3.2100000e+02		3.2050000e+02		2.4621307e+02		1.8938917e+02		3.1430773e+02		2.4685021e+02		1.3595426e+02		1.1089595e+02
3.2100000e+02		3.2200000e+02		3.2150000e+02		2.0677326e+02		1.5956008e+02		2.6415068e+02		2.0747251e+02		1.1336202e+02		9.4110490e+01
3.2200000e+02		3.2300000e+02		3.2250000e+02		2.0765168e+02		1.6074257e+02		2.6545831e+02		2.0851310e+02		1.1302627e+02		9.5486827e+01
3.2300000e+02		3.2400000e+02		3.2350000e+02		2.0066974e+02		1.5581995e+02		2.5670636e+02		2.0165071e+02		1.0843674e+02		9.3213969e+01
3.2400000e+02		3.2500000e+02		3.2450000e+02		2.3629853e+02		1.8404682e+02		3.0248252e+02		2.3762244e+02		1.2676128e+02		1.1086116e+02
3.2500000e+02		3.2600000e+02		3.2550000e+02		2.7209498e+02		2.1256644e+02		3.4852603e+02		2.7380694e+02		1.4489658e+02		1.2891036e+02
3.2600000e+02		3.2700000e+02		3.2650000e+02		3.0699214e+02		2.4054114e+02		3.9346720e+02		3.0912770e+02		1.6227753e+02		1.4685017e+02
3.2700000e+02		3.2800000e+02		3.2750000e+02		2.9701525e+02		2.3340501e+02		3.8090619e+02		2.9927173e+02		1.5584234e+02		1.4342940e+02
3.2800000e+02		3.2900000e+02		3.2850000e+02		2.8673370e+02		2.2597540e+02		3.6793210e+02		2.8908918e+02		1.4932880e+02		1.3976038e+02
3.2900000e+02		3.3000000e+02		3.2950000e+02		3.3379807e+02		2.6381484e+02		4.2856265e+02		3.3673884e+02		1.7254003e+02		1.6419880e+02
3.3000000e+02		3.3100000e+02		3.3050000e+02		3.1443449e+02		2.4920733e+02		4.0391906e+02		3.1738492e+02		1.6130990e+02		1.5607502e+02
3.3100000e+02		3.3200000e+02		3.3150000e+02		3.0087994e+02		2.3912318e+02		3.8670824e+02		3.0386927e+02		1.5319089e+02		1.5067838e+02
3.3200000e+02		3.3300000e+02		3.3250000e+02		2.9519831e+02		2.3524639e+02		3.7959689e+02		2.9828803e+02		1.4915814e+02		1.4912990e+02
3.3300000e+02		3.3400000e+02		3.3350000e+02		2.8364288e+02		2.2664427e+02		3.6491527e+02		2.8675666e+02		1.4222743e+02		1.4452923e+02
3.3400000e+02		3.3500000e+02		3.3450000e+02		2.9883003e+02		2.3941110e+02		3.8463494e+02		3.0225746e+02		1.4869609e+02		1.5356137e+02
3.3500000e+02		3.3600000e+02		3.3550000e+02		2.9511053e+02		2.3704761e+02		3.8002025e+02		2.9863480e+02		1.4571684e+02		1.5291795e+02
3.3600000e+02		3.3700000e+02		3.3650000e+02		2.4313126e+02		1.9579719e+02		3.1322307e+02		2.4614522e+02		1.1912473e+02		1.2702049e+02
3.3700000e+02		3.3800000e+02		3.3750000e+02		2.5649874e+02		2.0708557e+02		3.3058464e+02		2.5979033e+02		1.2470079e+02		1.3508954e+02
3.3800000e+02		3.3900000e+02		3.3850000e+02		2.7748673e+02		2.2458991e+02		3.5778151e+02		2.8116390e+02		1.3385550e+02		1.4730840e+02
3.3900000e+02		3.4000000e+02		3.3950000e+02		2.9040264e+02		2.3562247e+02		3.7458329e+02		2.9436772e+02		1.3899277e+02		1.5537495e+02
3.4000000e+02		3.4100000e+02		3.4050000e+02		3.0654056e+02		2.4932001e+02		3.9555062e+02		3.1084419e+02		1.4556776e+02		1.6527643e+02
3.4100000e+02		3.4200000e+02		3.4150000e+02		2.7979685e+02		2.2811312e+02		3.6117486e+02		2.8382844e+02		1.3182387e+02		1.5200457e+02
3.4200000e+02		3.4300000e+02		3.4250000e+02		3.0344565e+02		2.4797736e+02		3.9184166e+02		3.0792547e+02		1.4183876e+02		1.6608671e+02
3.4300000e+02		3.4400000e+02		3.4350000e+02		2.9822260e+02		2.4427612e+02		3.8522978e+02		3.0272646e+02		1.3829499e+02		1.6443146e+02
3.4400000e+02		3.4500000e+02		3.4450000e+02		2.3986676e+02		1.9692722e+02		3.0995150e+02		2.4356716e+02		1.1035128e+02		1.3321588e+02
3.4500000e+02		3.4600000e+02		3.4550000e+02		2.8907088e+02		2.3785998e+02		3.7365200e+02		2.9362008e+02		1.3192981e+02		1.6169027e+02
3.4600000e+02		3.4700000e+02		3.4650000e+02		2.8069735e+02		2.3148510e+02		3.6294066e+02		2.8519804e+02		1.2708619e+02		1.5811185e+02
3.4700000e+02		3.4800000e+02		3.4750000e+02		2.7782009e+02		2.2961625e+02		3.5932755e+02		2.8235336e+02		1.2477734e+02		1.5757602e+02
3.4800000e+02		3.4900000e+02		3.4850000e+02		2.8744416e+02		2.3808579e+02		3.7188208e+02		2.9221219e+02		1.2806442e+02		1.6414776e+02
3.4900000e+02		3.5000000e+02		3.4950000e+02		2.7550877e+02		2.2868802e+02		3.5653943e+02		2.8014985e+02		1.2175998e+02		1.5838987e+02
3.5000000e+02		3.5100000e+02		3.5050000e+02		3.3002358e+02		2.7451632e+02		4.2720183e+02		3.3566405e+02		1.4467710e+02		1.9098695e+02
3.5100000e+02		3.5200000e+02		3.5150000e+02		3.0660572e+02		2.5556774e+02		3.9699050e+02		3.1191765e+02		1.3332531e+02		1.7859234e+02
3.5200000e+02		3.5300000e+02		3.5250000e+02		2.8324198e+02		2.3657759e+02		3.6683020e+02		2.8821212e+02		1.2216862e+02		1.6604350e+02
3.5300000e+02		3.5400000e+02		3.5350000e+02		3.2405327e+02		2.7121291e+02		4.1978552e+02		3.2980800e+02		1.3863746e+02		1.9117054e+02
3.5400000e+02		3.5500000e+02		3.5450000e+02		3.4586270e+02		2.9004384e+02		4.4814078e+02		3.5207407e+02		1.4676510e+02		2.0530897e+02
3.5500000e+02		3.5600000e+02		3.5550000e+02		3.2478382e+02		2.7290308e+02		4.2092143e+02		3.3067835e+02		1.3669776e+02		1.9398060e+02
3.5600000e+02		3.5700000e+02		3.5650000e+02		2.8234357e+02		2.3770289e+02		3.6599639e+02		2.8751865e+02		1.1786535e+02		1.6965330e+02
3.5700000e+02		3.5800000e+02		3.5750000e+02		2.4674321e+02		2.0812910e+02		3.1991367e+02		2.5130774e+02		1.0216174e+02		1.4914599e+02
3.5800000e+02		3.5900000e+02		3.5850000e+02		2.1181106e+02		1.7900123e+02		2.7467646e+02		2.1576338e+02		8.6980202e+01		1.2878318e+02
3.5900000e+02		3.6000000e+02		3.5950000e+02		3.0582840e+02		2.5893685e+02		3.9667287e+02		3.1158135e+02		1.2455823e+02		1.8702312e+02
3.6000000e+02		3.6100000e+02		3.6050000e+02		3.0178862e+02		2.5598626e+02		3.9150398e+02		3.0750856e+02		1.2190307e+02		1.8560548e+02
3.6100000e+02		3.6200000e+02		3.6150000e+02		2.8033735e+02		2.3822193e+02		3.6373890e+02		2.8568821e+02		1.1230642e+02		1.7338179e+02
3.6200000e+02		3.6300000e+02		3.6250000e+02		3.1645921e+02		2.6939835e+02		4.1067563e+02		3.2253922e+02		1.2573265e+02		1.9680657e+02
3.6300000e+02		3.6400000e+02		3.6350000e+02		3.0810145e+02		2.6274649e+02		3.9989353e+02		3.1405701e+02		1.2140201e+02		1.9265500e+02
3.6400000e+02		3.6500000e+02		3.6450000e+02		3.2221950e+02		2.7526483e+02		4.1828184e+02		3.2848322e+02		1.2591606e+02		2.0256716e+02
3.6500000e+02		3.6600000e+02		3.6550000e+02		3.6674574e+02		3.1384095e+02		4.7615246e+02		3.7391235e+02		1.4213045e+02		2.3178190e+02
3.6600000e+02		3.6700000e+02		3.6650000e+02		3.9198946e+02		3.3601186e+02		5.0899838e+02		3.9968637e+02		1.5065550e+02		2.4903087e+02
3.6700000e+02		3.6800000e+02		3.6750000e+02		3.7850004e+02		3.2499154e+02		4.9154848e+02		3.8596512e+02		1.4426504e+02		2.4170008e+02
3.6800000e+02		3.6900000e+02		3.6850000e+02		3.4895620e+02		3.0011887e+02		4.5323895e+02		3.5586664e+02		1.3190064e+02		2.2396600e+02
3.6900000e+02		3.7000000e+02		3.6950000e+02		3.8736224e+02		3.3369250e+02		5.0318419e+02		3.9506179e+02		1.4520130e+02		2.4986049e+02
3.7000000e+02		3.7100000e+02		3.7050000e+02		3.6351013e+02		3.1364842e+02		4.7225571e+02		3.7076001e+02		1.3512747e+02		2.3563254e+02
3.7100000e+02		3.7200000e+02		3.7150000e+02		3.7529261e+02		3.2432830e+02		4.8761762e+02		3.8280037e+02		1.3834641e+02		2.4445396e+02
3.7200000e+02		3.7300000e+02		3.7250000e+02		3.1177186e+02		2.6985528e+02		4.0512842e+02		3.1802600e+02		1.1397316e+02		2.0405284e+02
3.7300000e+02		3.7400000e+02		3.7350000e+02		2.7192112e+02		2.3572585e+02		3.5338082e+02		2.7738920e+02		9.8576558e+01		1.7881264e+02
3.7400000e+02		3.7500000e+02		3.7450000e+02		2.7832167e+02		2.4164219e+02		3.6173386e+02		2.8393054e+02		1.0005532e+02		1.8387522e+02
3.7500000e+02		3.7600000e+02		3.7550000e+02		3.1876744e+02		2.7717402e+02		4.1433933e+02		3.2520349e+02		1.1363895e+02		2.1156455e+02
3.7600000e+02		3.7700000e+02		3.7650000e+02		3.3048657e+02		2.8779066e+02		4.2960971e+02		3.3717003e+02		1.1683284e+02		2.2033719e+02
3.7700000e+02		3.7800000e+02		3.7750000e+02		3.8770864e+02		3.3811488e+02		5.0403638e+02		3.9555998e+02		1.3591657e+02		2.5964341e+02
3.7800000e+02		3.7900000e+02		3.7850000e+02		4.0380398e+02		3.5266070e+02		5.2500237e+02		4.1199039e+02		1.4037555e+02		2.7161484e+02
3.7900000e+02		3.8000000e+02		3.7950000e+02		3.2744385e+02		2.8638011e+02		4.2575520e+02		3.3408804e+02		1.1287818e+02		2.2120986e+02
3.8000000e+02		3.8100000e+02		3.8050000e+02		3.5656330e+02		3.1228719e+02		4.6365021e+02		3.6380307e+02		1.2188788e+02		2.4191519e+02
3.8100000e+02		3.8200000e+02		3.8150000e+02		3.2019140e+02		2.8082181e+02		4.1638250e+02		3.2669548e+02		1.0853827e+02		2.1815721e+02
3.8200000e+02		3.8300000e+02		3.8250000e+02		2.2964197e+02		2.0168254e+02		2.9864924e+02		2.3430774e+02		7.7192056e+01		1.5711568e+02
3.8300000e+02		3.8400000e+02		3.8350000e+02		2.0267593e+02		1.7824092e+02		2.6359555e+02		2.0679388e+02		6.7557035e+01		1.3923685e+02
3.8400000e+02		3.8500000e+02		3.8450000e+02		2.7111947e+02		2.3875178e+02		3.5263125e+02		2.7662706e+02		8.9613875e+01		1.8701318e+02
3.8500000e+02		3.8600000e+02		3.8550000e+02		2.8715912e+02		2.5321053e+02		3.7351273e+02		2.9299038e+02		9.4120135e+01		1.9887024e+02
3.8600000e+02		3.8700000e+02		3.8650000e+02		2.8837692e+02		2.5461593e+02		3.7511509e+02		2.9422966e+02		9.3727098e+01		2.0050257e+02
3.8700000e+02		3.8800000e+02		3.8750000e+02		2.8805300e+02		2.5465734e+02		3.7471086e+02		2.9389490e+02		9.2837049e+01		2.0105785e+02
3.8800000e+02		3.8900000e+02		3.8850000e+02		2.9209390e+02		2.5855796e+02		3.7998358e+02		2.9801240e+02		9.3350213e+01		2.0466219e+02
3.8900000e+02		3.9000000e+02		3.8950000e+02		3.5069332e+02		3.1081899e+02		4.5623332e+02		3.5779159e+02		1.1113836e+02		2.4665323e+02
3.9000000e+02		3.9100000e+02		3.9050000e+02		3.6838836e+02		3.2690661e+02		4.7927115e+02		3.7583563e+02		1.1576732e+02		2.6006831e+02
3.9100000e+02		3.9200000e+02		3.9150000e+02		3.9613874e+02		3.5196224e+02		5.1539161e+02		4.0413594e+02		1.2344430e+02		2.8069164e+02
3.9200000e+02		3.9300000e+02		3.9250000e+02		3.0403432e+02		2.7045538e+02		3.9557250e+02		3.1016272e+02		9.3948558e+01		2.1621416e+02
3.9300000e+02		3.9400000e+02		3.9350000e+02		1.8639471e+02		1.6600619e+02		2.4252100e+02		1.9014555e+02		5.7114339e+01		1.3303121e+02
3.9400000e+02		3.9500000e+02		3.9450000e+02		3.0813115e+02		2.7474987e+02		4.0092445e+02		3.1432044e+02		9.3624961e+01		2.2069548e+02
3.9500000e+02		3.9600000e+02		3.9550000e+02		3.7840801e+02		3.3780573e+02		4.9237654e+02		3.8599407e+02		1.1401483e+02		2.7197924e+02
3.9600000e+02		3.9700000e+02		3.9650000e+02		2.6140326e+02		2.3343606e+02		3.3985982e+02		2.6640051e+02		7.7994727e+01		1.8840579e+02
3.9700000e+02		3.9800000e+02		3.9750000e+02		2.9300657e+02		2.6190719e+02		3.8088436e+02		2.9853600e+02		8.6664711e+01		2.1187129e+02
3.9800000e+02		3.9900000e+02		3.9850000e+02		4.5124719e+02		4.0339732e+02		5.8598810e+02		4.5923917e+02		1.3212324e+02		3.2711594e+02
3.9900000e+02		4.0000000e+02		3.9950000e+02		4.9846141e+02		4.4566734e+02		6.4666974e+02		5.0673441e+02		1.4448623e+02		3.6224817e+02
4.0000000e+02		4.0100000e+02		4.0050000e+02		5.1407199e+02		4.6117047e+02		6.6848025e+02		5.2386482e+02		1.4833641e+02		3.7552841e+02
4.0100000e+02		4.0200000e+02		4.0150000e+02		5.3860814e+02		4.8403775e+02		7.0088960e+02		5.4925184e+02		1.5429820e+02		3.9495364e+02
4.0200000e+02		4.0300000e+02		4.0250000e+02		5.4526519e+02		4.9054253e+02		7.0955801e+02		5.5601036e+02		1.5489855e+02		4.0111181e+02
4.0300000e+02		4.0400000e+02		4.0350000e+02		5.2165796e+02		4.6979850e+02		6.7884181e+02		5.3190813e+02		1.4695298e+02		3.8495515e+02
4.0400000e+02		4.0500000e+02		4.0450000e+02		5.1300620e+02		4.6248716e+02		6.6758591e+02		5.2305613e+02		1.4330772e+02		3.7974841e+02
4.0500000e+02		4.0600000e+02		4.0550000e+02		5.1256585e+02		4.6256471e+02		6.6701446e+02		5.2257603e+02		1.4198832e+02		3.8058772e+02
4.0600000e+02		4.0700000e+02		4.0650000e+02		4.9035274e+02		4.4296739e+02		6.3810842e+02		4.9989851e+02		1.3470048e+02		3.6519803e+02
4.0700000e+02		4.0800000e+02		4.0750000e+02		4.9838294e+02		4.5067271e+02		6.4855767e+02		5.0805312e+02		1.3576349e+02		3.7228963e+02
4.0800000e+02		4.0900000e+02		4.0850000e+02		5.2990289e+02		4.7964956e+02		6.8957354e+02		5.4014990e+02		1.4314534e+02		3.9700456e+02
4.0900000e+02		4.1000000e+02		4.0950000e+02		5.2713439e+02		4.7761016e+02		6.8596799e+02		5.3729251e+02		1.4120994e+02		3.9608257e+02
4.1000000e+02		4.1100000e+02		4.1050000e+02		4.8293937e+02		4.3798994e+02		6.2845279e+02		4.9221275e+02		1.2829256e+02		3.6392019e+02
4.1100000e+02		4.1200000e+02		4.1150000e+02		5.5986852e+02		5.0824348e+02		7.2855613e+02		5.7058000e+02		1.4748977e+02		4.2309022e+02
4.1200000e+02		4.1300000e+02		4.1250000e+02		5.4940473e+02		4.9921476e+02		7.1493355e+02		5.5987693e+02		1.4352824e+02		4.1634869e+02
4.1300000e+02		4.1400000e+02		4.1350000e+02		5.2995399e+02		4.8198944e+02		6.8961577e+02		5.4001710e+02		1.3729491e+02		4.0272218e+02
4.1400000e+02		4.1500000e+02		4.1450000e+02		5.3771640e+02		4.8949935e+02		6.9970903e+02		5.4788737e+02		1.3814754e+02		4.0973983e+02
4.1500000e+02		4.1600000e+02		4.1550000e+02		5.3722776e+02		4.8949919e+02		6.9906454e+02		5.4734938e+02		1.3687503e+02		4.1047435e+02
4.1600000e+02		4.1700000e+02		4.1650000e+02		5.5745703e+02		5.0838199e+02		7.2536983e+02		5.6791088e+02		1.4084688e+02		4.2706400e+02
4.1700000e+02		4.1800000e+02		4.1750000e+02		5.0725322e+02		4.6299403e+02		6.6001341e+02		5.1670939e+02		1.2709190e+02		3.8961749e+02
4.1800000e+02		4.1900000e+02		4.1850000e+02		5.2601513e+02		4.8036445e+02		6.8416008e+02		5.3556939e+02		1.3061631e+02		4.0495309e+02
4.1900000e+02		4.2000000e+02		4.1950000e+02		5.3123875e+02		4.8574258e+02		6.9121399e+02		5.4107099e+02		1.3090843e+02		4.1016256e+02
4.2000000e+02		4.2100000e+02		4.2050000e+02		5.3797708e+02		4.9233572e+02		6.9998431e+02		5.4790406e+02		1.3147609e+02		4.1642797e+02
4.2100000e+02		4.2200000e+02		4.2150000e+02		5.2958361e+02		4.8506449e+02		6.8905017e+02		5.3931322e+02		1.2835387e+02		4.1095934e+02
4.2200000e+02		4.2300000e+02		4.2250000e+02		5.0190537e+02		4.6009747e+02		6.5302455e+02		5.1108581e+02		1.2063973e+02		3.9044609e+02
4.2300000e+02		4.2400000e+02		4.2350000e+02		5.3474862e+02		4.9061005e+02		6.9574212e+02		5.4448611e+02		1.2747213e+02		4.1701398e+02
4.2400000e+02		4.2500000e+02		4.2450000e+02		5.5328403e+02		5.0803012e+02		7.1984225e+02		5.6331345e+02		1.3080178e+02		4.3251167e+02
4.2500000e+02		4.2600000e+02		4.2550000e+02		5.3248014e+02		4.8932245e+02		6.9276003e+02		5.4208824e+02		1.2484521e+02		4.1724303e+02
4.2600000e+02		4.2700000e+02		4.2650000e+02		5.3029841e+02		4.8770628e+02		6.8990546e+02		5.3982280e+02		1.2330901e+02		4.1651379e+02
4.2700000e+02		4.2800000e+02		4.2750000e+02		4.9171747e+02		4.5258059e+02		6.3969714e+02		5.0050754e+02		1.1339638e+02		3.8711116e+02
4.2800000e+02		4.2900000e+02		4.2850000e+02		4.9494538e+02		4.5590656e+02		6.4388043e+02		5.0375123e+02		1.1320171e+02		3.9054952e+02
4.2900000e+02		4.3000000e+02		4.2950000e+02		4.6063718e+02		4.2463120e+02		5.9923312e+02		4.6879339e+02		1.0448887e+02		3.6430452e+02
4.3000000e+02		4.3100000e+02		4.3050000e+02		3.7055843e+02		3.4185354e+02		4.8203890e+02		3.7708795e+02		8.3365501e+01		2.9372244e+02
4.3100000e+02		4.3200000e+02		4.3150000e+02		4.5818753e+02		4.2301259e+02		5.9601465e+02		4.6622171e+02		1.0223387e+02		3.6398784e+02
4.3200000e+02		4.3300000e+02		4.3250000e+02		5.1625369e+02		4.7697550e+02		6.7152911e+02		5.2526143e+02		1.1424572e+02		4.1101571e+02
4.3300000e+02		4.3400000e+02		4.3350000e+02		5.6047485e+02		5.1821287e+02		7.2903024e+02		5.7020553e+02		1.2301597e+02		4.4718956e+02
4.3400000e+02		4.3500000e+02		4.3450000e+02		4.7595241e+02		4.4038354e+02		6.1907096e+02		4.8417420e+02		1.0360982e+02		3.8056439e+02
4.3500000e+02		4.3600000e+02		4.3550000e+02		5.3162725e+02		4.9225104e+02		6.9146688e+02		5.4076434e+02		1.1478369e+02		4.2598065e+02
4.3600000e+02		4.3700000e+02		4.3650000e+02		5.9481241e+02		5.5114733e+02		7.7362623e+02		6.0498333e+02		1.2737734e+02		4.7760599e+02
4.3700000e+02		4.3800000e+02		4.3750000e+02		5.2629983e+02		4.8800662e+02		6.8449643e+02		5.3525298e+02		1.1178608e+02		4.2346690e+02
4.3800000e+02		4.3900000e+02		4.3850000e+02		5.1257868e+02		4.7561368e+02		6.6663034e+02		5.2125326e+02		1.0798441e+02		4.1326885e+02
4.3900000e+02		4.4000000e+02		4.3950000e+02		5.7051902e+02		5.2972461e+02		7.4194083e+02		5.8010717e+02		1.1920640e+02		4.6090077e+02
4.4000000e+02		4.4100000e+02		4.4050000e+02		5.4089681e+02		5.0248851e+02		7.0329297e+02		5.4985441e+02		1.1206892e+02		4.3778549e+02
4.4100000e+02		4.4200000e+02		4.4150000e+02		5.9491633e+02		5.5164774e+02		7.7153484e+02		6.0308834e+02		1.2170977e+02		4.8137857e+02
4.4200000e+02		4.4300000e+02		4.4250000e+02		6.2544254e+02		5.7934345e+02		8.0969385e+02		6.3282033e+02		1.2652765e+02		5.0629268e+02
4.4300000e+02		4.4400000e+02		4.4350000e+02		6.0497206e+02		5.6087931e+02		7.8335165e+02		6.1220748e+02		1.2144376e+02		4.9076372e+02
4.4400000e+02		4.4500000e+02		4.4450000e+02		6.2324411e+02		5.7646617e+02		8.0455209e+02		6.2863614e+02		1.2343546e+02		5.0520068e+02
4.4500000e+02		4.4600000e+02		4.4550000e+02		5.7783999e+02		5.3518848e+02		7.4644497e+02		5.8322634e+02		1.1365880e+02		4.6956754e+02
4.4600000e+02		4.4700000e+02		4.4650000e+02		5.8940025e+02		5.4840594e+02		7.6439648e+02		5.9735392e+02		1.1581218e+02		4.8154174e+02
4.4700000e+02		4.4800000e+02		4.4750000e+02		6.3881895e+02		5.9530882e+02		8.2923108e+02		6.4801960e+02		1.2471503e+02		5.2330456e+02
4.4800000e+02		4.4900000e+02		4.4850000e+02		6.2805979e+02		5.8626949e+02		8.1611334e+02		6.3777296e+02		1.2185852e+02		5.1591444e+02
4.4900000e+02		4.5000000e+02		4.4950000e+02		6.3454704e+02		5.9295847e+02		8.2489357e+02		6.4461712e+02		1.2222567e+02		5.2239144e+02
4.5000000e+02		4.5100000e+02		4.5050000e+02		6.7325368e+02		6.2955484e+02		8.7524399e+02		6.8393072e+02		1.2865471e+02		5.5527601e+02
4.5100000e+02		4.5200000e+02		4.5150000e+02		6.7122600e+02		6.2803485e+02		8.7257710e+02		6.8181134e+02		1.2723655e+02		5.5457479e+02
4.5200000e+02		4.5300000e+02		4.5250000e+02		6.3541039e+02		5.9487618e+02		8.2598829e+02		6.4537460e+02		1.1948054e+02		5.2589406e+02
4.5300000e+02		4.5400000e+02		4.5350000e+02		6.0888666e+02		5.7037853e+02		7.9148098e+02		6.1838103e+02		1.1357514e+02		5.0480590e+02
4.5400000e+02		4.5500000e+02		4.5450000e+02		6.4999363e+02		6.0923864e+02		8.4488478e+02		6.6007152e+02		1.2027189e+02		5.3979963e+02
4.5500000e+02		4.5600000e+02		4.5550000e+02		6.4380306e+02		6.0378208e+02		8.3680779e+02		6.5372814e+02		1.1817364e+02		5.3555450e+02
4.5600000e+02		4.5700000e+02		4.5650000e+02		6.6853861e+02		6.2733543e+02		8.6892717e+02		6.7878610e+02		1.2173357e+02		5.5705252e+02
4.5700000e+02		4.5800000e+02		4.5750000e+02		6.7499745e+02		6.3375136e+02		8.7728996e+02		6.8528455e+02		1.2192884e+02		5.6335571e+02
4.5800000e+02		4.5900000e+02		4.5850000e+02		6.3439039e+02		5.9595593e+02		8.2448299e+02		6.4400293e+02		1.1368041e+02		5.3032252e+02
4.5900000e+02		4.6000000e+02		4.5950000e+02		6.5539586e+02		6.1602650e+02		8.5175133e+02		6.6526925e+02		1.1650961e+02		5.4875964e+02
4.6000000e+02		4.6100000e+02		4.6050000e+02		6.4752339e+02		6.0895712e+02		8.4148923e+02		6.5722157e+02		1.1419494e+02		5.4302664e+02
4.6100000e+02		4.6200000e+02		4.6150000e+02		6.6245412e+02		6.2333283e+02		8.6086061e+02		6.7231816e+02		1.1590053e+02		5.5641763e+02
4.6200000e+02		4.6300000e+02		4.6250000e+02		6.6901120e+02		6.2983679e+02		8.6934929e+02		6.7891468e+02		1.1611953e+02		5.6279514e+02
4.6300000e+02		4.6400000e+02		4.6350000e+02		6.4662616e+02		6.0908216e+02		8.4022970e+02		6.5614216e+02		1.1134514e+02		5.4479702e+02
4.6400000e+02		4.6500000e+02		4.6450000e+02		6.5795753e+02		6.2007756e+02		8.5492187e+02		6.6758334e+02		1.1239987e+02		5.5518346e+02
4.6500000e+02		4.6600000e+02		4.6550000e+02		6.3552746e+02		5.9924665e+02		8.2574634e+02		6.4477027e+02		1.0771004e+02		5.3706023e+02
4.6600000e+02		4.6700000e+02		4.6650000e+02		6.3955371e+02		6.0334958e+02		8.3094659e+02		6.4880005e+02		1.0753695e+02		5.4126309e+02
4.6700000e+02		4.6800000e+02		4.6750000e+02		6.4572639e+02		6.0896969e+02		8.3823199e+02		6.5442786e+02		1.0755520e+02		5.4687266e+02
4.6800000e+02		4.6900000e+02		4.6850000e+02		6.3145002e+02		5.9584974e+02		8.1973453e+02		6.3995932e+02		1.0436439e+02		5.3559493e+02
4.6900000e+02		4.7000000e+02		4.6950000e+02		6.4956875e+02		6.1274005e+02		8.4252374e+02		6.5769052e+02		1.0635393e+02		5.5133658e+02
4.7000000e+02		4.7100000e+02		4.7050000e+02		6.1381170e+02		5.7925128e+02		7.9605910e+02		6.2138832e+02		9.9697303e+01		5.2169102e+02
4.7100000e+02		4.7200000e+02		4.7150000e+02		6.4174114e+02		6.0568229e+02		8.3195092e+02		6.4936245e+02		1.0334838e+02		5.4601407e+02
4.7200000e+02		4.7300000e+02		4.7250000e+02		6.5742798e+02		6.2071947e+02		8.5216786e+02		6.6510847e+02		1.0502551e+02		5.6008296e+02
4.7300000e+02		4.7400000e+02		4.7350000e+02		6.4563741e+02		6.0910556e+02		8.3579762e+02		6.5225784e+02		1.0209939e+02		5.5015845e+02
4.7400000e+02		4.7500000e+02		4.7450000e+02		6.6512717e+02		6.2895901e+02		8.6260675e+02		6.7321737e+02		1.0471639e+02		5.6850098e+02
4.7500000e+02		4.7600000e+02		4.7550000e+02		6.6365303e+02		6.2866591e+02		8.6177537e+02		6.7258526e+02		1.0391429e+02		5.6867097e+02
4.7600000e+02		4.7700000e+02		4.7650000e+02		6.3952653e+02		6.0622230e+02		8.3059920e+02		6.4823231e+02		9.9396752e+01		5.4883556e+02
4.7700000e+02		4.7800000e+02		4.7750000e+02		6.6772274e+02		6.3323634e+02		8.6718736e+02		6.7675734e+02		1.0297178e+02		5.7378555e+02
4.7800000e+02		4.7900000e+02		4.7850000e+02		6.6128260e+02		6.2740921e+02		8.5879124e+02		6.7017562e+02		1.0118640e+02		5.6898922e+02
4.7900000e+02		4.8000000e+02		4.7950000e+02		6.6320839e+02		6.2951478e+02		8.6125998e+02		6.7207293e+02		1.0069367e+02		5.7137926e+02
4.8000000e+02		4.8100000e+02		4.8050000e+02		6.6489751e+02		6.3139446e+02		8.6342123e+02		6.7373035e+02		1.0016779e+02		5.7356256e+02
4.8100000e+02		4.8200000e+02		4.8150000e+02		6.6630748e+02		6.3300760e+02		8.6521988e+02		6.7510488e+02		9.9603225e+01		5.7550165e+02
4.8200000e+02		4.8300000e+02		4.8250000e+02		6.6376999e+02		6.3086734e+02		8.6189274e+02		6.7248017e+02		9.8457011e+01		5.7402316e+02
4.8300000e+02		4.8400000e+02		4.8350000e+02		6.5373157e+02		6.2138548e+02		8.4854737e+02		6.6202804e+02		9.6161338e+01		5.6586670e+02
4.8400000e+02		4.8500000e+02		4.8450000e+02		6.4242337e+02		6.1048652e+02		8.3328429e+02		6.5006968e+02		9.3654757e+01		5.5641492e+02
4.8500000e+02		4.8600000e+02		4.8550000e+02		6.0369332e+02		5.7328733e+02		7.8215728e+02		6.1012290e+02		8.7153910e+01		5.2296900e+02
4.8600000e+02		4.8700000e+02		4.8650000e+02		5.2412565e+02		4.9845649e+02		6.7975661e+02		5.3025277e+02		7.5230808e+01		4.5502196e+02
4.8700000e+02		4.8800000e+02		4.8750000e+02		5.9966111e+02		5.7001104e+02		7.7699434e+02		6.0605057e+02		8.5270442e+01		5.2078013e+02
4.8800000e+02		4.8900000e+02		4.8850000e+02		6.3081686e+02		5.9985955e+02		8.1732254e+02		6.3747989e+02		8.9010658e+01		5.4846923e+02
4.8900000e+02		4.9000000e+02		4.8950000e+02		6.1880396e+02		5.8877465e+02		8.0186982e+02		6.2540790e+02		8.6675198e+01		5.3873270e+02
4.9000000e+02		4.9100000e+02		4.9050000e+02		6.5907671e+02		6.2771078e+02		8.5452815e+02		6.6647201e+02		9.1710066e+01		5.7476195e+02
4.9100000e+02		4.9200000e+02		4.9150000e+02		6.2110374e+02		5.9168650e+02		8.0514360e+02		6.2792547e+02		8.5742322e+01		5.4218315e+02
4.9200000e+02		4.9300000e+02		4.9250000e+02		5.9112858e+02		5.6396563e+02		7.6709456e+02		5.9826196e+02		8.1145984e+01		5.1711598e+02
4.9300000e+02		4.9400000e+02		4.9350000e+02		6.2472140e+02		5.9633477e+02		8.1078220e+02		6.3231441e+02		8.5128732e+01		5.4718568e+02
4.9400000e+02		4.9500000e+02		4.9450000e+02		6.4279699e+02		6.1388097e+02		8.3429160e+02		6.5062680e+02		8.6941546e+01		5.6368525e+02
4.9500000e+02		4.9600000e+02		4.9550000e+02		6.3133158e+02		6.0315739e+02		8.1938095e+02		6.3897381e+02		8.4742566e+01		5.5423124e+02
4.9600000e+02		4.9700000e+02		4.9650000e+02		6.3921352e+02		6.1091425e+02		8.2958075e+02		6.4690289e+02		8.5150048e+01		5.6175284e+02
4.9700000e+02		4.9800000e+02		4.9750000e+02		6.5113923e+02		6.2254062e+02		8.4502778e+02		6.5892316e+02		8.6082020e+01		5.7284114e+02
4.9800000e+02		4.9900000e+02		4.9850000e+02		5.9175801e+02		5.6584936e+02		7.6777004e+02		5.9865068e+02		7.7608763e+01		5.2104192e+02
4.9900000e+02		5.0000000e+02		4.9950000e+02		6.3385792e+02		6.0571468e+02		8.2154067e+02		6.4051940e+02		8.2348853e+01		5.5817055e+02
