Left Bin Edge (nm)	Right Bin Edge (nm)	Bin Center (nm)		Top of Atm Intensity (erg/s/nm/cm2)		Total Surface Flux (erg/s/nm/cm2)		Total Intensity at BOA (erg/s/nm/cm2)		Total Surface Intensity (erg/s/nm/cm2)		Total Surface Diffuse Intensity (erg/s/nm/cm2)		Total Surface Direct Intensity (erg/s/nm/cm2)
1.0000000e+02		1.0100000e+02		1.0050000e+02		1.9189487e-02		0.0000000e+00		0.0000000e+00		0.0000000e+00		0.0000000e+00		0.0000000e+00
1.0100000e+02		1.0200000e+02		1.0150000e+02		7.4861701e-02		0.0000000e+00		0.0000000e+00		0.0000000e+00		0.0000000e+00		0.0000000e+00
1.0200000e+02		1.0300000e+02		1.0250000e+02		3.9734366e-01		0.0000000e+00		0.0000000e+00		0.0000000e+00		0.0000000e+00		0.0000000e+00
1.0300000e+02		1.0400000e+02		1.0350000e+02		3.0179545e-01		0.0000000e+00		0.0000000e+00		0.0000000e+00		0.0000000e+00		0.0000000e+00
1.0400000e+02		1.0500000e+02		1.0450000e+02		6.0815352e-02		0.0000000e+00		0.0000000e+00		0.0000000e+00		0.0000000e+00		0.0000000e+00
1.0500000e+02		1.0600000e+02		1.0550000e+02		2.0834600e-02		0.0000000e+00		0.0000000e+00		0.0000000e+00		0.0000000e+00		0.0000000e+00
1.0600000e+02		1.0700000e+02		1.0650000e+02		1.9584792e-02		0.0000000e+00		0.0000000e+00		0.0000000e+00		0.0000000e+00		0.0000000e+00
1.0700000e+02		1.0800000e+02		1.0750000e+02		2.1853879e-02		0.0000000e+00		0.0000000e+00		0.0000000e+00		0.0000000e+00		0.0000000e+00
1.0800000e+02		1.0900000e+02		1.0850000e+02		3.0634999e-02		0.0000000e+00		0.0000000e+00		0.0000000e+00		0.0000000e+00		0.0000000e+00
1.0900000e+02		1.1000000e+02		1.0950000e+02		2.4032561e-02		0.0000000e+00		0.0000000e+00		0.0000000e+00		0.0000000e+00		0.0000000e+00
1.1000000e+02		1.1100000e+02		1.1050000e+02		2.3268893e-02		0.0000000e+00		0.0000000e+00		0.0000000e+00		0.0000000e+00		0.0000000e+00
1.1100000e+02		1.1200000e+02		1.1150000e+02		2.1871272e-02		0.0000000e+00		0.0000000e+00		0.0000000e+00		0.0000000e+00		0.0000000e+00
1.1200000e+02		1.1300000e+02		1.1250000e+02		2.2375602e-02		0.0000000e+00		0.0000000e+00		0.0000000e+00		0.0000000e+00		0.0000000e+00
1.1300000e+02		1.1400000e+02		1.1350000e+02		1.7748133e-02		0.0000000e+00		0.0000000e+00		0.0000000e+00		0.0000000e+00		0.0000000e+00
1.1400000e+02		1.1500000e+02		1.1450000e+02		1.3589480e-02		0.0000000e+00		0.0000000e+00		0.0000000e+00		0.0000000e+00		0.0000000e+00
1.1500000e+02		1.1600000e+02		1.1550000e+02		1.8751615e-02		0.0000000e+00		0.0000000e+00		0.0000000e+00		0.0000000e+00		0.0000000e+00
1.1600000e+02		1.1700000e+02		1.1650000e+02		4.3674487e-02		0.0000000e+00		0.0000000e+00		0.0000000e+00		0.0000000e+00		0.0000000e+00
1.1700000e+02		1.1800000e+02		1.1750000e+02		1.5546757e-01		0.0000000e+00		0.0000000e+00		0.0000000e+00		0.0000000e+00		0.0000000e+00
1.1800000e+02		1.1900000e+02		1.1850000e+02		5.2889236e-02		0.0000000e+00		0.0000000e+00		0.0000000e+00		0.0000000e+00		0.0000000e+00
1.1900000e+02		1.2000000e+02		1.1950000e+02		7.3692884e-02		0.0000000e+00		0.0000000e+00		0.0000000e+00		0.0000000e+00		0.0000000e+00
1.2000000e+02		1.2100000e+02		1.2050000e+02		4.0066072e-01		0.0000000e+00		0.0000000e+00		0.0000000e+00		0.0000000e+00		0.0000000e+00
1.2100000e+02		1.2200000e+02		1.2150000e+02		1.5905289e+01		0.0000000e+00		0.0000000e+00		0.0000000e+00		0.0000000e+00		0.0000000e+00
1.2200000e+02		1.2300000e+02		1.2250000e+02		1.0666543e-01		0.0000000e+00		0.0000000e+00		0.0000000e+00		0.0000000e+00		0.0000000e+00
1.2300000e+02		1.2400000e+02		1.2350000e+02		5.7456553e-02		0.0000000e+00		0.0000000e+00		0.0000000e+00		0.0000000e+00		0.0000000e+00
1.2400000e+02		1.2500000e+02		1.2450000e+02		4.6184197e-02		0.0000000e+00		0.0000000e+00		0.0000000e+00		0.0000000e+00		0.0000000e+00
1.2500000e+02		1.2600000e+02		1.2550000e+02		4.5085118e-02		0.0000000e+00		0.0000000e+00		0.0000000e+00		0.0000000e+00		0.0000000e+00
1.2600000e+02		1.2700000e+02		1.2650000e+02		6.3054464e-02		0.0000000e+00		0.0000000e+00		0.0000000e+00		0.0000000e+00		0.0000000e+00
1.2700000e+02		1.2800000e+02		1.2750000e+02		3.3006429e-02		0.0000000e+00		0.0000000e+00		0.0000000e+00		0.0000000e+00		0.0000000e+00
1.2800000e+02		1.2900000e+02		1.2850000e+02		2.6335196e-02		0.0000000e+00		0.0000000e+00		0.0000000e+00		0.0000000e+00		0.0000000e+00
1.2900000e+02		1.3000000e+02		1.2950000e+02		3.5131240e-02		0.0000000e+00		0.0000000e+00		0.0000000e+00		0.0000000e+00		0.0000000e+00
1.3000000e+02		1.3100000e+02		1.3050000e+02		2.8850634e-01		0.0000000e+00		0.0000000e+00		0.0000000e+00		0.0000000e+00		0.0000000e+00
1.3100000e+02		1.3200000e+02		1.3150000e+02		3.9064855e-02		0.0000000e+00		0.0000000e+00		0.0000000e+00		0.0000000e+00		0.0000000e+00
1.3200000e+02		1.3300000e+02		1.3250000e+02		3.0374778e-02		0.0000000e+00		0.0000000e+00		0.0000000e+00		0.0000000e+00		0.0000000e+00
1.3300000e+02		1.3400000e+02		1.3350000e+02		4.1056606e-01		0.0000000e+00		0.0000000e+00		0.0000000e+00		0.0000000e+00		0.0000000e+00
1.3400000e+02		1.3500000e+02		1.3450000e+02		2.8092500e-02		0.0000000e+00		0.0000000e+00		0.0000000e+00		0.0000000e+00		0.0000000e+00
1.3500000e+02		1.3600000e+02		1.3550000e+02		5.8954708e-02		0.0000000e+00		0.0000000e+00		0.0000000e+00		0.0000000e+00		0.0000000e+00
1.3600000e+02		1.3700000e+02		1.3650000e+02		3.8690656e-02		0.0000000e+00		0.0000000e+00		0.0000000e+00		0.0000000e+00		0.0000000e+00
1.3700000e+02		1.3800000e+02		1.3750000e+02		3.9732879e-02		0.0000000e+00		0.0000000e+00		0.0000000e+00		0.0000000e+00		0.0000000e+00
1.3800000e+02		1.3900000e+02		1.3850000e+02		4.0549866e-02		0.0000000e+00		0.0000000e+00		0.0000000e+00		0.0000000e+00		0.0000000e+00
1.3900000e+02		1.4000000e+02		1.3950000e+02		1.3692187e-01		0.0000000e+00		0.0000000e+00		0.0000000e+00		0.0000000e+00		0.0000000e+00
1.4000000e+02		1.4100000e+02		1.4050000e+02		1.1939088e-01		0.0000000e+00		0.0000000e+00		0.0000000e+00		0.0000000e+00		0.0000000e+00
1.4100000e+02		1.4200000e+02		1.4150000e+02		5.7521948e-02		0.0000000e+00		0.0000000e+00		0.0000000e+00		0.0000000e+00		0.0000000e+00
1.4200000e+02		1.4300000e+02		1.4250000e+02		6.2343151e-02		0.0000000e+00		0.0000000e+00		0.0000000e+00		0.0000000e+00		0.0000000e+00
1.4300000e+02		1.4400000e+02		1.4350000e+02		6.9165895e-02		0.0000000e+00		0.0000000e+00		0.0000000e+00		0.0000000e+00		0.0000000e+00
1.4400000e+02		1.4500000e+02		1.4450000e+02		6.6149126e-02		0.0000000e+00		0.0000000e+00		0.0000000e+00		0.0000000e+00		0.0000000e+00
1.4500000e+02		1.4600000e+02		1.4550000e+02		7.0536262e-02		0.0000000e+00		0.0000000e+00		0.0000000e+00		0.0000000e+00		0.0000000e+00
1.4600000e+02		1.4700000e+02		1.4650000e+02		8.6012655e-02		0.0000000e+00		0.0000000e+00		0.0000000e+00		0.0000000e+00		0.0000000e+00
1.4700000e+02		1.4800000e+02		1.4750000e+02		1.0610345e-01		0.0000000e+00		0.0000000e+00		0.0000000e+00		0.0000000e+00		0.0000000e+00
1.4800000e+02		1.4900000e+02		1.4850000e+02		1.0405386e-01		0.0000000e+00		0.0000000e+00		0.0000000e+00		0.0000000e+00		0.0000000e+00
1.4900000e+02		1.5000000e+02		1.4950000e+02		9.4002421e-02		0.0000000e+00		0.0000000e+00		0.0000000e+00		0.0000000e+00		0.0000000e+00
1.5000000e+02		1.5100000e+02		1.5050000e+02		1.0343288e-01		0.0000000e+00		0.0000000e+00		0.0000000e+00		0.0000000e+00		0.0000000e+00
1.5100000e+02		1.5200000e+02		1.5150000e+02		1.0875212e-01		0.0000000e+00		0.0000000e+00		0.0000000e+00		0.0000000e+00		0.0000000e+00
1.5200000e+02		1.5300000e+02		1.5250000e+02		1.3876638e-01		0.0000000e+00		0.0000000e+00		0.0000000e+00		0.0000000e+00		0.0000000e+00
1.5300000e+02		1.5400000e+02		1.5350000e+02		1.5371418e-01		0.0000000e+00		0.0000000e+00		0.0000000e+00		0.0000000e+00		0.0000000e+00
1.5400000e+02		1.5500000e+02		1.5450000e+02		4.1112511e-01		0.0000000e+00		0.0000000e+00		0.0000000e+00		0.0000000e+00		0.0000000e+00
1.5500000e+02		1.5600000e+02		1.5550000e+02		3.3836363e-01		0.0000000e+00		0.0000000e+00		0.0000000e+00		0.0000000e+00		0.0000000e+00
1.5600000e+02		1.5700000e+02		1.5650000e+02		2.0084632e-01		0.0000000e+00		0.0000000e+00		0.0000000e+00		0.0000000e+00		0.0000000e+00
1.5700000e+02		1.5800000e+02		1.5750000e+02		1.8216796e-01		0.0000000e+00		0.0000000e+00		0.0000000e+00		0.0000000e+00		0.0000000e+00
1.5800000e+02		1.5900000e+02		1.5850000e+02		1.6795176e-01		0.0000000e+00		0.0000000e+00		0.0000000e+00		0.0000000e+00		0.0000000e+00
1.5900000e+02		1.6000000e+02		1.5950000e+02		1.6379377e-01		0.0000000e+00		0.0000000e+00		0.0000000e+00		0.0000000e+00		0.0000000e+00
1.6000000e+02		1.6100000e+02		1.6050000e+02		1.7926410e-01		0.0000000e+00		0.0000000e+00		0.0000000e+00		0.0000000e+00		0.0000000e+00
1.6100000e+02		1.6200000e+02		1.6150000e+02		2.0306941e-01		0.0000000e+00		0.0000000e+00		0.0000000e+00		0.0000000e+00		0.0000000e+00
1.6200000e+02		1.6300000e+02		1.6250000e+02		2.2492895e-01		0.0000000e+00		0.0000000e+00		0.0000000e+00		0.0000000e+00		0.0000000e+00
1.6300000e+02		1.6400000e+02		1.6350000e+02		4.7671727e-01		0.0000000e+00		0.0000000e+00		0.0000000e+00		0.0000000e+00		0.0000000e+00
1.6400000e+02		1.6500000e+02		1.6450000e+02		4.8753270e-01		0.0000000e+00		0.0000000e+00		0.0000000e+00		0.0000000e+00		0.0000000e+00
1.6500000e+02		1.6600000e+02		1.6550000e+02		5.7072689e-01		0.0000000e+00		0.0000000e+00		0.0000000e+00		0.0000000e+00		0.0000000e+00
1.6600000e+02		1.6700000e+02		1.6650000e+02		2.6919628e-01		0.0000000e+00		0.0000000e+00		0.0000000e+00		0.0000000e+00		0.0000000e+00
1.6700000e+02		1.6800000e+02		1.6750000e+02		2.8728373e-01		0.0000000e+00		0.0000000e+00		0.0000000e+00		0.0000000e+00		0.0000000e+00
1.6800000e+02		1.6900000e+02		1.6850000e+02		3.0958866e-01		0.0000000e+00		0.0000000e+00		0.0000000e+00		0.0000000e+00		0.0000000e+00
1.6900000e+02		1.7000000e+02		1.6950000e+02		3.8988989e-01		0.0000000e+00		0.0000000e+00		0.0000000e+00		0.0000000e+00		0.0000000e+00
1.7000000e+02		1.7100000e+02		1.7050000e+02		4.3752516e-01		0.0000000e+00		0.0000000e+00		0.0000000e+00		0.0000000e+00		0.0000000e+00
1.7100000e+02		1.7200000e+02		1.7150000e+02		4.3618394e-01		0.0000000e+00		0.0000000e+00		0.0000000e+00		0.0000000e+00		0.0000000e+00
1.7200000e+02		1.7300000e+02		1.7250000e+02		4.5514763e-01		0.0000000e+00		0.0000000e+00		0.0000000e+00		0.0000000e+00		0.0000000e+00
1.7300000e+02		1.7400000e+02		1.7350000e+02		4.5120572e-01		0.0000000e+00		0.0000000e+00		0.0000000e+00		0.0000000e+00		0.0000000e+00
1.7400000e+02		1.7500000e+02		1.7450000e+02		5.3951828e-01		0.0000000e+00		0.0000000e+00		0.0000000e+00		0.0000000e+00		0.0000000e+00
1.7500000e+02		1.7600000e+02		1.7550000e+02		6.4389120e-01		0.0000000e+00		0.0000000e+00		0.0000000e+00		0.0000000e+00		0.0000000e+00
1.7600000e+02		1.7700000e+02		1.7650000e+02		6.9472845e-01		0.0000000e+00		0.0000000e+00		0.0000000e+00		0.0000000e+00		0.0000000e+00
1.7700000e+02		1.7800000e+02		1.7750000e+02		8.1849614e-01		0.0000000e+00		0.0000000e+00		0.0000000e+00		0.0000000e+00		0.0000000e+00
1.7800000e+02		1.7900000e+02		1.7850000e+02		8.9455089e-01		0.0000000e+00		0.0000000e+00		0.0000000e+00		0.0000000e+00		0.0000000e+00
1.7900000e+02		1.8000000e+02		1.7950000e+02		8.6966614e-01		0.0000000e+00		0.0000000e+00		0.0000000e+00		0.0000000e+00		0.0000000e+00
1.8000000e+02		1.8100000e+02		1.8050000e+02		1.0753674e+00		0.0000000e+00		0.0000000e+00		0.0000000e+00		0.0000000e+00		0.0000000e+00
1.8100000e+02		1.8200000e+02		1.8150000e+02		1.3093431e+00		0.0000000e+00		0.0000000e+00		0.0000000e+00		0.0000000e+00		0.0000000e+00
1.8200000e+02		1.8300000e+02		1.8250000e+02		1.2087370e+00		0.0000000e+00		0.0000000e+00		0.0000000e+00		0.0000000e+00		0.0000000e+00
1.8300000e+02		1.8400000e+02		1.8350000e+02		1.2728289e+00		0.0000000e+00		0.0000000e+00		0.0000000e+00		0.0000000e+00		0.0000000e+00
1.8400000e+02		1.8500000e+02		1.8450000e+02		1.0940339e+00		0.0000000e+00		0.0000000e+00		0.0000000e+00		0.0000000e+00		0.0000000e+00
1.8500000e+02		1.8600000e+02		1.8550000e+02		1.2372281e+00		0.0000000e+00		0.0000000e+00		0.0000000e+00		0.0000000e+00		0.0000000e+00
1.8600000e+02		1.8700000e+02		1.8650000e+02		1.4037992e+00		0.0000000e+00		0.0000000e+00		0.0000000e+00		0.0000000e+00		0.0000000e+00
1.8700000e+02		1.8800000e+02		1.8750000e+02		1.5907538e+00		0.0000000e+00		0.0000000e+00		0.0000000e+00		0.0000000e+00		0.0000000e+00
1.8800000e+02		1.8900000e+02		1.8850000e+02		1.6735993e+00		0.0000000e+00		0.0000000e+00		0.0000000e+00		0.0000000e+00		0.0000000e+00
1.8900000e+02		1.9000000e+02		1.8950000e+02		1.8559600e+00		6.8905416e-285		0.0000000e+00		6.8999566e-285		2.2276135e-287		6.8776804e-285
1.9000000e+02		1.9100000e+02		1.9050000e+02		1.9109940e+00		7.9209663e-236		0.0000000e+00		7.9374546e-236		3.9011767e-238		7.8984429e-236
1.9100000e+02		1.9200000e+02		1.9150000e+02		2.0707336e+00		4.5757213e-110		0.0000000e+00		7.9253817e-110		7.9253817e-110		1.4707752e-208
1.9200000e+02		1.9300000e+02		1.9250000e+02		2.1685186e+00		2.4915217e-78		2.5028600e-75		4.3154422e-78		4.3154422e-78		2.0185088e-189
1.9300000e+02		1.9400000e+02		1.9350000e+02		1.6554009e+00		6.0343167e-58		1.0086852e-55		1.0451743e-57		1.0451743e-57		1.9861921e-177
1.9400000e+02		1.9500000e+02		1.9450000e+02		2.6556632e+00		2.4198823e-46		1.5154155e-44		4.1913592e-46		4.1913592e-46		2.8071522e-170
1.9500000e+02		1.9600000e+02		1.9550000e+02		2.5630279e+00		2.3448133e-37		6.8301073e-36		4.0613357e-37		4.0613357e-37		8.4904073e-165
1.9600000e+02		1.9700000e+02		1.9650000e+02		2.8204934e+00		1.4386120e-32		2.8132078e-31		2.4917492e-32		2.4917492e-32		8.1484990e-162
1.9700000e+02		1.9800000e+02		1.9750000e+02		2.8068384e+00		5.2941030e-29		7.6920860e-28		9.1696553e-29		9.1696553e-29		1.2832960e-159
1.9800000e+02		1.9900000e+02		1.9850000e+02		2.7505577e+00		2.0261136e-16		1.0612305e-15		3.5093317e-16		3.5093317e-16		1.0903095e-152
1.9900000e+02		2.0000000e+02		1.9950000e+02		2.8965557e+00		3.1654972e-04		7.3055766e-04		5.4828020e-04		5.4828020e-04		2.7510239e-146
2.0000000e+02		2.0100000e+02		2.0050000e+02		3.0623388e+00		1.6313020e-03		3.6566578e-03		2.8254979e-03		2.8254979e-03		1.3111656e-145
2.0100000e+02		2.0200000e+02		2.0150000e+02		3.2593670e+00		1.3305365e-02		2.8936454e-02		2.3045568e-02		2.3045568e-02		3.3316840e-145
2.0200000e+02		2.0300000e+02		2.0250000e+02		3.2217937e+00		1.6748747e-02		3.6309953e-02		2.9009681e-02		2.9009681e-02		1.0733963e-144
2.0300000e+02		2.0400000e+02		2.0350000e+02		3.4484145e+00		2.5650010e-02		5.5365333e-02		4.4427121e-02		4.4427121e-02		2.5756312e-144
2.0400000e+02		2.0500000e+02		2.0450000e+02		3.7117169e+00		3.2177874e-02		6.9329091e-02		5.5733713e-02		5.5733713e-02		6.8233578e-144
2.0500000e+02		2.0600000e+02		2.0550000e+02		3.7200399e+00		3.2591886e-02		7.0185798e-02		5.6450802e-02		5.6450802e-02		1.2813682e-143
2.0600000e+02		2.0700000e+02		2.0650000e+02		3.7247532e+00		3.3245978e-02		7.1559329e-02		5.7583723e-02		5.7583723e-02		2.2265324e-143
2.0700000e+02		2.0800000e+02		2.0750000e+02		4.0454145e+00		3.6768086e-02		7.9102679e-02		6.3684193e-02		6.3684193e-02		5.9185921e-143
2.0800000e+02		2.0900000e+02		2.0850000e+02		4.3759554e+00		3.8394419e-02		8.2563240e-02		6.6501085e-02		6.6501085e-02		6.5490374e-143
2.0900000e+02		2.1000000e+02		2.0950000e+02		5.6528678e+00		5.2355828e-02		1.1253494e-01		9.0682954e-02		9.0682954e-02		1.4913163e-142
2.1000000e+02		2.1100000e+02		2.1050000e+02		6.9678423e+00		6.5767034e-02		1.4129912e-01		1.1391184e-01		1.1391184e-01		9.3162335e-142
2.1100000e+02		2.1200000e+02		2.1150000e+02		7.9326445e+00		7.5499983e-02		1.6214063e-01		1.3076981e-01		1.3076981e-01		1.2122002e-141
2.1200000e+02		2.1300000e+02		2.1250000e+02		7.0734222e+00		6.8278245e-02		1.4657029e-01		1.1826139e-01		1.1826139e-01		2.0947713e-141
2.1300000e+02		2.1400000e+02		2.1350000e+02		7.2066449e+00		7.0529728e-02		1.5134185e-01		1.2216107e-01		1.2216107e-01		3.8325590e-141
2.1400000e+02		2.1500000e+02		2.1450000e+02		9.2279181e+00		9.1490021e-02		1.9624035e-01		1.5846537e-01		1.5846537e-01		7.1812059e-141
2.1500000e+02		2.1600000e+02		2.1550000e+02		7.9257408e+00		7.8502340e-02		1.6831752e-01		1.3597004e-01		1.3597004e-01		8.9401359e-141
2.1600000e+02		2.1700000e+02		2.1650000e+02		7.3353469e+00		7.3944952e-02		1.5848626e-01		1.2807641e-01		1.2807641e-01		4.2684988e-140
2.1700000e+02		2.1800000e+02		2.1750000e+02		7.5953881e+00		7.7488302e-02		1.6601973e-01		1.3421368e-01		1.3421368e-01		2.7433578e-140
2.1800000e+02		2.1900000e+02		2.1850000e+02		1.0217230e+01		1.0528420e-01		2.2549205e-01		1.8235758e-01		1.8235758e-01		8.6469677e-140
2.1900000e+02		2.2000000e+02		2.1950000e+02		1.0786519e+01		1.1176296e-01		2.3928435e-01		1.9357913e-01		1.9357913e-01		9.7599208e-140
2.2000000e+02		2.2100000e+02		2.2050000e+02		1.0851638e+01		1.1285857e-01		2.4154778e-01		1.9547678e-01		1.9547678e-01		2.2474326e-139
2.2100000e+02		2.2200000e+02		2.2150000e+02		8.6872371e+00		9.0795077e-02		1.9426142e-01		1.5726169e-01		1.5726169e-01		2.6467469e-139
2.2200000e+02		2.2300000e+02		2.2250000e+02		1.1691346e+01		1.2310645e-01		2.6330818e-01		2.1322662e-01		2.1322662e-01		7.6707965e-139
2.2300000e+02		2.2400000e+02		2.2350000e+02		1.5139682e+01		1.6077629e-01		3.4377024e-01		2.7847270e-01		2.7847270e-01		1.5628588e-138
2.2400000e+02		2.2500000e+02		2.2450000e+02		1.4154944e+01		1.5098819e-01		3.2274187e-01		2.6151921e-01		2.6151921e-01		1.4390960e-138
2.2500000e+02		2.2600000e+02		2.2550000e+02		1.2365614e+01		1.3318517e-01		2.8460173e-01		2.3068349e-01		2.3068349e-01		2.6758182e-138
2.2600000e+02		2.2700000e+02		2.2650000e+02		9.0577089e+00		9.7680267e-02		2.0867045e-01		1.6918719e-01		1.6918719e-01		1.6791027e-138
2.2700000e+02		2.2800000e+02		2.2750000e+02		8.8108381e+00		9.5514072e-02		2.0398441e-01		1.6543523e-01		1.6543523e-01		2.1525396e-138
2.2800000e+02		2.2900000e+02		2.2850000e+02		1.2275156e+01		1.3403760e-01		2.8617701e-01		2.3215994e-01		2.3215994e-01		8.2950706e-138
2.2900000e+02		2.3000000e+02		2.2950000e+02		1.1031259e+01		1.2129606e-01		2.5890244e-01		2.1009094e-01		2.1009094e-01		1.8300849e-137
2.3000000e+02		2.3100000e+02		2.3050000e+02		1.2510180e+01		1.3789814e-01		2.9426055e-01		2.3884659e-01		2.3884659e-01		1.8393007e-137
2.3100000e+02		2.3200000e+02		2.3150000e+02		1.1791833e+01		1.3055991e-01		2.7852896e-01		2.2613640e-01		2.2613640e-01		2.9255154e-137
2.3200000e+02		2.3300000e+02		2.3250000e+02		1.2664003e+01		1.4105052e-01		3.0083249e-01		2.4430666e-01		2.4430666e-01		8.7109291e-137
2.3300000e+02		2.3400000e+02		2.3350000e+02		1.1428554e+01		1.2750230e-01		2.7186932e-01		2.2084047e-01		2.2084047e-01		6.4710791e-137
2.3400000e+02		2.3500000e+02		2.3450000e+02		9.9864853e+00		1.1168055e-01		2.3807530e-01		1.9343639e-01		1.9343639e-01		6.4378890e-137
2.3500000e+02		2.3600000e+02		2.3550000e+02		1.3443360e+01		1.5004013e-01		3.1977260e-01		2.5987712e-01		2.5987712e-01		7.3452224e-137
2.3600000e+02		2.3700000e+02		2.3650000e+02		1.2448020e+01		1.4004638e-01		2.9840432e-01		2.4256744e-01		2.4256744e-01		1.7848597e-136
2.3700000e+02		2.3800000e+02		2.3750000e+02		1.3294723e+01		1.4977794e-01		3.1906767e-01		2.5942300e-01		2.5942300e-01		3.4643948e-136
2.3800000e+02		2.3900000e+02		2.3850000e+02		1.1021422e+01		1.2484270e-01		2.6589003e-01		2.1623390e-01		2.1623390e-01		5.1121578e-136
2.3900000e+02		2.4000000e+02		2.3950000e+02		1.2008577e+01		1.3635377e-01		2.9034354e-01		2.3617166e-01		2.3617166e-01		8.0995236e-136
2.4000000e+02		2.4100000e+02		2.4050000e+02		1.1032163e+01		1.2529088e-01		2.6673053e-01		2.1701017e-01		2.1701017e-01		5.7301393e-136
2.4100000e+02		2.4200000e+02		2.4150000e+02		1.2918879e+01		1.4690598e-01		3.1268212e-01		2.5444862e-01		2.5444862e-01		1.0624467e-135
2.4200000e+02		2.4300000e+02		2.4250000e+02		1.7782729e+01		2.0238179e-01		4.3067267e-01		3.5053554e-01		3.5053554e-01		1.9588731e-135
2.4300000e+02		2.4400000e+02		2.4350000e+02		1.6701989e+01		1.9057742e-01		4.0547269e-01		3.3008978e-01		3.3008978e-01		2.7097576e-135
2.4400000e+02		2.4500000e+02		2.4450000e+02		1.5641720e+01		1.7900329e-01		3.8077405e-01		3.1004280e-01		3.1004280e-01		4.2711833e-135
2.4500000e+02		2.4600000e+02		2.4550000e+02		1.2691134e+01		1.4546748e-01		3.0937857e-01		2.5195706e-01		2.5195706e-01		4.0897728e-135
2.4600000e+02		2.4700000e+02		2.4650000e+02		1.2350906e+01		1.4212208e-01		3.0220782e-01		2.4616266e-01		2.4616266e-01		1.0515306e-134
2.4700000e+02		2.4800000e+02		2.4750000e+02		1.3639226e+01		1.5691228e-01		3.3359739e-01		2.7178004e-01		2.7178004e-01		1.0406172e-134
2.4800000e+02		2.4900000e+02		2.4850000e+02		1.0938846e+01		1.2556094e-01		2.6689692e-01		2.1747793e-01		2.1747793e-01		7.1730904e-135
2.4900000e+02		2.5000000e+02		2.4950000e+02		1.3333262e+01		1.5222858e-01		3.2352670e-01		2.6366763e-01		2.6366763e-01		1.2979159e-134
2.5000000e+02		2.5100000e+02		2.5050000e+02		1.4401571e+01		1.6590054e-01		3.5252368e-01		2.8734817e-01		2.8734817e-01		2.2222348e-134
2.5100000e+02		2.5200000e+02		2.5150000e+02		1.2007424e+01		1.3873799e-01		2.9475693e-01		2.4030124e-01		2.4030124e-01		2.6361331e-134
2.5200000e+02		2.5300000e+02		2.5250000e+02		1.0794009e+01		1.2478072e-01		2.6506097e-01		2.1612654e-01		2.1612654e-01		2.5458483e-134
2.5300000e+02		2.5400000e+02		2.5350000e+02		1.3602371e+01		1.5743095e-01		3.3436406e-01		2.7267840e-01		2.7267840e-01		4.7335454e-134
2.5400000e+02		2.5500000e+02		2.5450000e+02		1.5384114e+01		1.7811151e-01		3.7822837e-01		3.0849818e-01		3.0849818e-01		5.3053819e-134
2.5500000e+02		2.5600000e+02		2.5550000e+02		2.0992062e+01		2.4337557e-01		5.1674127e-01		4.2153885e-01		4.2153885e-01		1.0957187e-133
2.5600000e+02		2.5700000e+02		2.5650000e+02		2.7040612e+01		3.1407866e-01		6.6676079e-01		5.4400020e-01		5.4400020e-01		2.4821856e-133
2.5700000e+02		2.5800000e+02		2.5750000e+02		3.3946512e+01		3.9488372e-01		8.3818068e-01		6.8395867e-01		6.8395867e-01		4.1252398e-133
2.5800000e+02		2.5900000e+02		2.5850000e+02		3.5732434e+01		4.1530415e-01		8.8139951e-01		7.1932789e-01		7.1932789e-01		3.3740122e-133
2.5900000e+02		2.6000000e+02		2.5950000e+02		3.0409976e+01		3.5389683e-01		7.5097001e-01		6.1296728e-01		6.1296728e-01		4.7928354e-133
2.6000000e+02		2.6100000e+02		2.6050000e+02		2.4915606e+01		2.9032189e-01		6.1597965e-01		5.0285227e-01		5.0285227e-01		6.0084212e-133
2.6100000e+02		2.6200000e+02		2.6150000e+02		2.5442742e+01		2.9651267e-01		6.2903051e-01		5.1357501e-01		5.1357501e-01		4.7787607e-133
2.6200000e+02		2.6300000e+02		2.6250000e+02		3.0366547e+01		3.5395065e-01		7.5078267e-01		6.1306051e-01		6.1306051e-01		6.5731317e-133
2.6300000e+02		2.6400000e+02		2.6350000e+02		4.5700096e+01		5.3343704e-01		1.1313551e+00		9.2394005e-01		9.2394005e-01		1.4347621e-132
2.6400000e+02		2.6500000e+02		2.6450000e+02		7.1249372e+01		8.3241422e-01		1.7652272e+00		1.4417837e+00		1.4417837e+00		3.4919758e-132
2.6500000e+02		2.6600000e+02		2.6550000e+02		7.4731454e+01		8.7371815e-01		1.8525884e+00		1.5133242e+00		1.5133242e+00		3.4933289e-132
2.6600000e+02		2.6700000e+02		2.6650000e+02		7.2446611e+01		8.4919423e-01		1.8003717e+00		1.4708475e+00		1.4708475e+00		6.9854383e-132
2.6700000e+02		2.6800000e+02		2.6750000e+02		7.2937204e+01		8.5429028e-01		1.8109615e+00		1.4796742e+00		1.4796742e+00		5.7339815e-132
2.6800000e+02		2.6900000e+02		2.6850000e+02		7.2239021e+01		8.4601273e-01		1.7932064e+00		1.4653370e+00		1.4653370e+00		5.9797755e-132
2.6900000e+02		2.7000000e+02		2.6950000e+02		6.7758000e+01		7.9396932e-01		1.6827040e+00		1.3751952e+00		1.3751952e+00		1.2235744e-131
2.7000000e+02		2.7100000e+02		2.7050000e+02		7.8281462e+01		9.2108004e-01		1.9518795e+00		1.5953574e+00		1.5953574e+00		2.4194078e-131
2.7100000e+02		2.7200000e+02		2.7150000e+02		6.5051220e+01		7.6341949e-01		1.6176012e+00		1.3222813e+00		1.3222813e+00		1.0370818e-131
2.7200000e+02		2.7300000e+02		2.7250000e+02		5.2331568e+01		6.1614888e-01		1.3054113e+00		1.0672012e+00		1.0672012e+00		1.7277754e-131
2.7300000e+02		2.7400000e+02		2.7350000e+02		5.5800645e+01		6.5002637e-01		1.3770417e+00		1.1258787e+00		1.1258787e+00		1.9000445e-131
2.7400000e+02		2.7500000e+02		2.7450000e+02		3.8398649e+01		4.5215010e-01		9.5775422e-01		7.8314695e-01		7.8314695e-01		1.4035741e-131
2.7500000e+02		2.7600000e+02		2.7550000e+02		5.1208696e+01		6.0296426e-01		1.2770832e+00		1.0443647e+00		1.0443647e+00		1.8429940e-131
2.7600000e+02		2.7700000e+02		2.7650000e+02		7.1318275e+01		8.4013895e-01		1.7792450e+00		1.4551634e+00		1.4551634e+00		4.2914159e-131
2.7700000e+02		2.7800000e+02		2.7750000e+02		6.8188493e+01		8.0230823e-01		1.6989623e+00		1.3896386e+00		1.3896386e+00		2.2519486e-131
2.7800000e+02		2.7900000e+02		2.7850000e+02		4.7024496e+01		5.5386264e-01		1.1727441e+00		9.5931824e-01		9.5931824e-01		1.6749721e-131
2.7900000e+02		2.8000000e+02		2.7950000e+02		2.6422560e+01		3.1178569e-01		6.6011073e-01		5.4002865e-01		5.4002865e-01		1.5028548e-131
2.8000000e+02		2.8100000e+02		2.8050000e+02		2.8982131e+01		3.4244151e-01		7.2494866e-01		5.9312609e-01		5.9312609e-01		2.4843888e-131
2.8100000e+02		2.8200000e+02		2.8150000e+02		6.0033324e+01		7.1007650e-01		1.5030969e+00		1.2298886e+00		1.2298886e+00		7.0738811e-131
2.8200000e+02		2.8300000e+02		2.8250000e+02		8.1733762e+01		9.6514172e-01		2.0428414e+00		1.6716745e+00		1.6716745e+00		1.2415757e-130
2.8300000e+02		2.8400000e+02		2.8350000e+02		8.4433091e+01		9.9906194e-01		2.1144549e+00		1.7304260e+00		1.7304260e+00		1.8268963e-130
2.8400000e+02		2.8500000e+02		2.8450000e+02		6.2255376e+01		7.3681619e-01		1.5592951e+00		1.2762031e+00		1.2762031e+00		8.6896580e-131
2.8500000e+02		2.8600000e+02		2.8550000e+02		4.0018063e+01		4.7360987e-01		1.0021985e+00		8.2031636e-01		8.2031636e-01		5.5052472e-131
2.8600000e+02		2.8700000e+02		2.8650000e+02		8.2001717e+01		9.7271694e-01		2.0581830e+00		1.6847952e+00		1.6847952e+00		2.0366394e-130
2.8700000e+02		2.8800000e+02		2.8750000e+02		9.5189148e+01		1.1279712e+00		2.3864960e+00		1.9537034e+00		1.9537034e+00		1.7702079e-130
2.8800000e+02		2.8900000e+02		2.8850000e+02		9.0460934e+01		1.0741634e+00		2.2724737e+00		1.8605056e+00		1.8605056e+00		2.8454037e-130
2.8900000e+02		2.9000000e+02		2.8950000e+02		1.3728321e+02		1.6245474e+00		3.4365871e+00		2.8137987e+00		2.8137987e+00		2.3240644e-130
2.9000000e+02		2.9100000e+02		2.9050000e+02		1.8023325e+02		2.1391632e+00		4.5248683e+00		3.7051394e+00		3.7051394e+00		4.5098545e-130
2.9100000e+02		2.9200000e+02		2.9150000e+02		1.7359450e+02		2.0636264e+00		4.3647640e+00		3.5743058e+00		3.5743058e+00		6.8651347e-130
2.9200000e+02		2.9300000e+02		2.9250000e+02		1.5421676e+02		1.8358648e+00		3.8827429e+00		3.1798111e+00		3.1798111e+00		9.4121366e-130
2.9300000e+02		2.9400000e+02		2.9350000e+02		1.6099986e+02		1.9162459e+00		4.0524532e+00		3.3190353e+00		3.3190353e+00		9.1857613e-130
2.9400000e+02		2.9500000e+02		2.9450000e+02		1.4991794e+02		1.7844632e+00		3.7734949e+00		3.0907809e+00		3.0907809e+00		9.5697835e-130
2.9500000e+02		2.9600000e+02		2.9550000e+02		1.6232431e+02		1.9295800e+00		4.0800821e+00		3.3421306e+00		3.3421306e+00		9.1882080e-130
2.9600000e+02		2.9700000e+02		2.9650000e+02		1.4851381e+02		1.7675944e+00		3.7373108e+00		3.0615633e+00		3.0615633e+00		1.0170252e-129
2.9700000e+02		2.9800000e+02		2.9750000e+02		1.5140866e+02		1.8027033e+00		3.8112889e+00		3.1223738e+00		3.1223738e+00		1.5820273e-129
2.9800000e+02		2.9900000e+02		2.9850000e+02		1.3012850e+02		1.5479432e+00		3.2724587e+00		2.6811163e+00		2.6811163e+00		6.8948359e-130
2.9900000e+02		3.0000000e+02		2.9950000e+02		1.4682541e+02		1.7545174e+00		3.7089319e+00		3.0389133e+00		3.0389133e+00		2.5270630e-129
3.0000000e+02		3.0100000e+02		3.0050000e+02		1.1681452e+02		1.3919088e+00		2.9422156e+00		2.4108568e+00		2.4108568e+00		1.0366493e-129
3.0100000e+02		3.0200000e+02		3.0150000e+02		1.3434477e+02		1.5908906e+00		3.3626142e+00		2.7555034e+00		2.7555034e+00		1.8528798e-129
3.0200000e+02		3.0300000e+02		3.0250000e+02		1.4142283e+02		1.6888334e+00		3.5694147e+00		2.9251452e+00		2.9251452e+00		2.1722918e-129
3.0300000e+02		3.0400000e+02		3.0350000e+02		1.8342160e+02		2.1920982e+00		4.6328066e+00		3.7968255e+00		3.7968255e+00		3.4259265e-129
3.0400000e+02		3.0500000e+02		3.0450000e+02		1.7556728e+02		2.0974505e+00		4.4325157e+00		3.6328908e+00		3.6328908e+00		3.1759870e-129
3.0500000e+02		3.0600000e+02		3.0550000e+02		1.7728071e+02		2.1192171e+00		4.4782555e+00		3.6705917e+00		3.6705917e+00		3.7633719e-129
3.0600000e+02		3.0700000e+02		3.0650000e+02		1.6814926e+02		2.0110811e+00		4.2495045e+00		3.4832946e+00		3.4832946e+00		3.9338506e-129
3.0700000e+02		3.0800000e+02		3.0750000e+02		1.8878816e+02		2.2575880e+00		4.7701178e+00		3.9102571e+00		3.9102571e+00		4.4914307e-129
3.0800000e+02		3.0900000e+02		3.0850000e+02		1.8529086e+02		2.2195933e+00		4.6895800e+00		3.8444484e+00		3.8444484e+00		7.4114764e-129
3.0900000e+02		3.1000000e+02		3.0950000e+02		1.5026991e+02		1.7961697e+00		3.7947612e+00		3.1110572e+00		3.1110572e+00		2.7522726e-129
3.1000000e+02		3.1100000e+02		3.1050000e+02		1.8913229e+02		2.2649179e+00		4.7848297e+00		3.9229528e+00		3.9229528e+00		5.6101015e-129
3.1100000e+02		3.1200000e+02		3.1150000e+02		2.2495083e+02		2.6943291e+00		5.6917000e+00		4.6667150e+00		4.6667150e+00		8.4641217e-129
3.1200000e+02		3.1300000e+02		3.1250000e+02		2.0030306e+02		2.3992845e+00		5.0681659e+00		4.1556827e+00		4.1556827e+00		8.8362600e-129
3.1300000e+02		3.1400000e+02		3.1350000e+02		2.1331645e+02		2.5548706e+00		5.3965483e+00		4.4251656e+00		4.4251656e+00		8.0976163e-129
3.1400000e+02		3.1500000e+02		3.1450000e+02		2.0119548e+02		2.4076827e+00		5.0853972e+00		4.1702288e+00		4.1702288e+00		1.0362048e-128
3.1500000e+02		3.1600000e+02		3.1550000e+02		1.9522773e+02		2.3405024e+00		4.9432611e+00		4.0538692e+00		4.0538692e+00		9.4716691e-129
3.1600000e+02		3.1700000e+02		3.1650000e+02		1.9043254e+02		2.2859172e+00		4.8277428e+00		3.9593248e+00		3.9593248e+00		1.0698289e-128
3.1700000e+02		3.1800000e+02		3.1750000e+02		2.4155434e+02		2.9035575e+00		6.1318790e+00		5.0291091e+00		5.0291091e+00		2.1794052e-128
3.1800000e+02		3.1900000e+02		3.1850000e+02		1.9952276e+02		2.3822836e+00		5.0307933e+00		4.1262362e+00		4.1262362e+00		1.1728056e-128
3.1900000e+02		3.2000000e+02		3.1950000e+02		2.1430874e+02		2.5777237e+00		5.4432661e+00		4.4647484e+00		4.4647484e+00		2.1527572e-128
3.2000000e+02		3.2100000e+02		3.2050000e+02		2.4621307e+02		2.9605153e+00		6.2513100e+00		5.1277629e+00		5.1277629e+00		2.1436616e-128
3.2100000e+02		3.2200000e+02		3.2150000e+02		2.0677326e+02		2.4830348e+00		5.2428494e+00		4.3007424e+00		4.3007424e+00		1.4143262e-128
3.2200000e+02		3.2300000e+02		3.2250000e+02		2.0765168e+02		2.4963360e+00		5.2707058e+00		4.3237808e+00		4.3237808e+00		1.7205970e-128
3.2300000e+02		3.2400000e+02		3.2350000e+02		2.0066974e+02		2.4114309e+00		5.0912219e+00		4.1767209e+00		4.1767209e+00		1.5341393e-128
3.2400000e+02		3.2500000e+02		3.2450000e+02		2.3629853e+02		2.8362649e+00		5.9879167e+00		4.9125549e+00		4.9125549e+00		1.4941861e-128
3.2500000e+02		3.2600000e+02		3.2550000e+02		2.7209498e+02		3.2334065e+00		6.8260794e+00		5.6004244e+00		5.6004244e+00		1.0513373e-128
3.2600000e+02		3.2700000e+02		3.2650000e+02		3.0699214e+02		3.6868356e+00		7.7830022e+00		6.3857866e+00		6.3857866e+00		2.7260666e-128
3.2700000e+02		3.2800000e+02		3.2750000e+02		2.9701525e+02		3.5720442e+00		7.5403731e+00		6.1869621e+00		6.1869621e+00		2.6456428e-128
3.2800000e+02		3.2900000e+02		3.2850000e+02		2.8673370e+02		3.4478915e+00		7.2780079e+00		5.9719233e+00		5.9719233e+00		2.6560894e-128
3.2900000e+02		3.3000000e+02		3.2950000e+02		3.3379807e+02		4.0233348e+00		8.4923578e+00		6.9686203e+00		6.9686203e+00		6.1576091e-128
3.3000000e+02		3.3100000e+02		3.3050000e+02		3.1443449e+02		3.7851641e+00		7.9893285e+00		6.5560965e+00		6.5560965e+00		4.0553096e-128
3.3100000e+02		3.3200000e+02		3.3150000e+02		3.0087994e+02		3.6285737e+00		7.6585268e+00		6.2848739e+00		6.2848739e+00		6.6443495e-128
3.3200000e+02		3.3300000e+02		3.3250000e+02		2.9519831e+02		3.5535248e+00		7.4998507e+00		6.1548855e+00		6.1548855e+00		4.0615983e-128
3.3300000e+02		3.3400000e+02		3.3350000e+02		2.8364288e+02		3.4252692e+00		7.2288999e+00		5.9327403e+00		5.9327403e+00		9.0860615e-128
3.3400000e+02		3.3500000e+02		3.3450000e+02		2.9883003e+02		3.6077032e+00		7.6136477e+00		6.2487252e+00		6.2487252e+00		8.2898383e-128
3.3500000e+02		3.3600000e+02		3.3550000e+02		2.9511053e+02		3.5583694e+00		7.5092701e+00		6.1632765e+00		6.1632765e+00		6.5617083e-128
3.3600000e+02		3.3700000e+02		3.3650000e+02		2.4313126e+02		2.9339500e+00		6.1913360e+00		5.0817505e+00		5.0817505e+00		6.1736630e-128
3.3700000e+02		3.3800000e+02		3.3750000e+02		2.5649874e+02		3.0917481e+00		6.5241052e+00		5.3550648e+00		5.3550648e+00		4.5401920e-128
3.3800000e+02		3.3900000e+02		3.3850000e+02		2.7748673e+02		3.3435002e+00		7.0551075e+00		5.7911122e+00		5.7911122e+00		4.6856150e-128
3.3900000e+02		3.4000000e+02		3.3950000e+02		2.9040264e+02		3.5069685e+00		7.3997967e+00		6.0742475e+00		6.0742475e+00		8.6511755e-128
3.4000000e+02		3.4100000e+02		3.4050000e+02		3.0654056e+02		3.6970859e+00		7.8006958e+00		6.4035406e+00		6.4035406e+00		5.5339295e-128
3.4100000e+02		3.4200000e+02		3.4150000e+02		2.7979685e+02		3.3724307e+00		7.1154591e+00		5.8412213e+00		5.8412213e+00		4.3494662e-128
3.4200000e+02		3.4300000e+02		3.4250000e+02		3.0344565e+02		3.6706711e+00		7.7444695e+00		6.3577889e+00		6.3577889e+00		1.3857777e-127
3.4300000e+02		3.4400000e+02		3.4350000e+02		2.9822260e+02		3.6088973e+00		7.6139011e+00		6.2507934e+00		6.2507934e+00		1.5577481e-127
3.4400000e+02		3.4500000e+02		3.4450000e+02		2.3986676e+02		2.8891143e+00		6.0951466e+00		5.0040928e+00		5.0040928e+00		1.0961920e-127
3.4500000e+02		3.4600000e+02		3.4550000e+02		2.8907088e+02		3.4941206e+00		7.3713026e+00		6.0519945e+00		6.0519945e+00		1.0203578e-127
3.4600000e+02		3.4700000e+02		3.4650000e+02		2.8069735e+02		3.3984759e+00		7.1693150e+00		5.8863330e+00		5.8863330e+00		1.7577312e-127
3.4700000e+02		3.4800000e+02		3.4750000e+02		2.7782009e+02		3.3572563e+00		7.0821526e+00		5.8149385e+00		5.8149385e+00		1.0149500e-127
3.4800000e+02		3.4900000e+02		3.4850000e+02		2.8744416e+02		3.4790539e+00		7.3388743e+00		6.0258982e+00		6.0258982e+00		1.4507319e-127
3.4900000e+02		3.5000000e+02		3.4950000e+02		2.7550877e+02		3.3318619e+00		7.0281815e+00		5.7709541e+00		5.7709541e+00		1.1217637e-127
3.5000000e+02		3.5100000e+02		3.5050000e+02		3.3002358e+02		3.9886389e+00		8.4133427e+00		6.9085253e+00		6.9085253e+00		1.1168525e-127
3.5100000e+02		3.5200000e+02		3.5150000e+02		3.0660572e+02		3.7172665e+00		7.8407139e+00		6.4384944e+00		6.4384944e+00		2.4285942e-127
3.5200000e+02		3.5300000e+02		3.5250000e+02		2.8324198e+02		3.4198879e+00		7.2132671e+00		5.9234196e+00		5.9234196e+00		1.2765182e-127
3.5300000e+02		3.5400000e+02		3.5350000e+02		3.2405327e+02		3.9137846e+00		8.2547795e+00		6.7788738e+00		6.7788738e+00		1.0620709e-127
3.5400000e+02		3.5500000e+02		3.5450000e+02		3.4586270e+02		4.1837416e+00		8.8239287e+00		7.2464531e+00		7.2464531e+00		2.0097653e-127
3.5500000e+02		3.5600000e+02		3.5550000e+02		3.2478382e+02		3.9316136e+00		8.2919507e+00		6.8097545e+00		6.8097545e+00		1.6479267e-127
3.5600000e+02		3.5700000e+02		3.5650000e+02		2.8234357e+02		3.3987188e+00		7.1678685e+00		5.8867536e+00		5.8867536e+00		3.2837044e-128
3.5700000e+02		3.5800000e+02		3.5750000e+02		2.4674321e+02		2.9867608e+00		6.2988943e+00		5.1732215e+00		5.1732215e+00		1.1923413e-127
3.5800000e+02		3.5900000e+02		3.5850000e+02		2.1181106e+02		2.5685918e+00		5.4168674e+00		4.4489315e+00		4.4489315e+00		1.8422731e-127
3.5900000e+02		3.6000000e+02		3.5950000e+02		3.0582840e+02		3.6950640e+00		7.7922786e+00		6.4000386e+00		6.4000386e+00		9.0413316e-128
3.6000000e+02		3.6100000e+02		3.6050000e+02		3.0178862e+02		3.6540865e+00		7.7056782e+00		6.3290634e+00		6.3290634e+00		1.8546536e-127
3.6100000e+02		3.6200000e+02		3.6150000e+02		2.8033735e+02		3.3935826e+00		7.1561622e+00		5.8778576e+00		5.8778576e+00		1.6385824e-127
3.6200000e+02		3.6300000e+02		3.6250000e+02		3.1645921e+02		3.8334751e+00		8.0835893e+00		6.6397737e+00		6.6397737e+00		2.2924274e-127
3.6300000e+02		3.6400000e+02		3.6350000e+02		3.0810145e+02		3.7236703e+00		7.8518648e+00		6.4495862e+00		6.4495862e+00		1.6562812e-127
3.6400000e+02		3.6500000e+02		3.6450000e+02		3.2221950e+02		3.8709476e+00		8.1622336e+00		6.7046780e+00		6.7046780e+00		1.7541370e-127
3.6500000e+02		3.6600000e+02		3.6550000e+02		3.6674574e+02		4.4487357e+00		9.3803405e+00		7.7054362e+00		7.7054362e+00		3.5092088e-127
3.6600000e+02		3.6700000e+02		3.6650000e+02		3.9198946e+02		4.7466026e+00		1.0008184e+01		8.2213569e+00		8.2213569e+00		2.5270171e-127
3.6700000e+02		3.6800000e+02		3.6750000e+02		3.7850004e+02		4.5748115e+00		9.6457537e+00		7.9238059e+00		7.9238059e+00		1.1701427e-127
3.6800000e+02		3.6900000e+02		3.6850000e+02		3.4895620e+02		4.2283842e+00		8.9151386e+00		7.3237763e+00		7.3237763e+00		2.4608215e-127
3.6900000e+02		3.7000000e+02		3.6950000e+02		3.8736224e+02		4.6666860e+00		9.8390473e+00		8.0829372e+00		8.0829372e+00		7.8352429e-128
3.7000000e+02		3.7100000e+02		3.7050000e+02		3.6351013e+02		4.4200624e+00		9.3188822e+00		7.6557726e+00		7.6557726e+00		6.1290944e-127
3.7100000e+02		3.7200000e+02		3.7150000e+02		3.7529261e+02		4.5462015e+00		9.5846261e+00		7.8742519e+00		7.8742519e+00		2.8853342e-127
3.7200000e+02		3.7300000e+02		3.7250000e+02		3.1177186e+02		3.7640622e+00		7.9355034e+00		6.5195469e+00		6.5195469e+00		7.8875588e-128
3.7300000e+02		3.7400000e+02		3.7350000e+02		2.7192112e+02		3.2862435e+00		6.9280140e+00		5.6919406e+00		5.6919406e+00		9.9395932e-128
3.7400000e+02		3.7500000e+02		3.7450000e+02		2.7832167e+02		3.3789168e+00		7.1232463e+00		5.8524556e+00		5.8524556e+00		4.7760640e-127
3.7500000e+02		3.7600000e+02		3.7550000e+02		3.1876744e+02		3.8657433e+00		8.1493888e+00		6.6956638e+00		6.6956638e+00		2.6845543e-127
3.7600000e+02		3.7700000e+02		3.7650000e+02		3.3048657e+02		4.0030328e+00		8.4386477e+00		6.9334563e+00		6.9334563e+00		1.9415163e-127
3.7700000e+02		3.7800000e+02		3.7750000e+02		3.8770864e+02		4.7031187e+00		9.9142859e+00		8.1460405e+00		8.1460405e+00		3.8933879e-127
3.7800000e+02		3.7900000e+02		3.7850000e+02		4.0380398e+02		4.8986989e+00		1.0326381e+01		8.4847954e+00		8.4847954e+00		4.2529102e-127
3.7900000e+02		3.8000000e+02		3.7950000e+02		3.2744385e+02		3.9628786e+00		8.3535331e+00		6.8639071e+00		6.8639071e+00		1.6401333e-127
3.8000000e+02		3.8100000e+02		3.8050000e+02		3.5656330e+02		4.3193692e+00		9.1048308e+00		7.4813669e+00		7.4813669e+00		2.1118706e-127
3.8100000e+02		3.8200000e+02		3.8150000e+02		3.2019140e+02		3.9146658e+00		8.2516060e+00		6.7804001e+00		6.7804001e+00		2.1713147e-126
3.8200000e+02		3.8300000e+02		3.8250000e+02		2.2964197e+02		2.7788793e+00		5.8574126e+00		4.8131602e+00		4.8131602e+00		9.7689163e-128
3.8300000e+02		3.8400000e+02		3.8350000e+02		2.0267593e+02		2.4481289e+00		5.1601563e+00		4.2402836e+00		4.2402836e+00		2.3637214e-127
3.8400000e+02		3.8500000e+02		3.8450000e+02		2.7111947e+02		3.2950931e+00		6.9452649e+00		5.7072687e+00		5.7072687e+00		3.5915422e-127
3.8500000e+02		3.8600000e+02		3.8550000e+02		2.8715912e+02		3.4766803e+00		7.3278830e+00		6.0217869e+00		6.0217869e+00		1.3817598e-127
3.8600000e+02		3.8700000e+02		3.8650000e+02		2.8837692e+02		3.5103341e+00		7.3986925e+00		6.0800771e+00		6.0800771e+00		7.0552338e-127
3.8700000e+02		3.8800000e+02		3.8750000e+02		2.8805300e+02		3.4976271e+00		7.3717884e+00		6.0580678e+00		6.0580678e+00		3.3547050e-127
3.8800000e+02		3.8900000e+02		3.8850000e+02		2.9209390e+02		3.5414547e+00		7.4640406e+00		6.1339795e+00		6.1339795e+00		2.0841178e-127
3.8900000e+02		3.9000000e+02		3.8950000e+02		3.5069332e+02		4.2443830e+00		8.9454028e+00		7.3514869e+00		7.3514869e+00		3.3705679e-127
3.9000000e+02		3.9100000e+02		3.9050000e+02		3.6838836e+02		4.4937305e+00		9.4707744e+00		7.7833695e+00		7.7833695e+00		1.4323464e-126
3.9100000e+02		3.9200000e+02		3.9150000e+02		3.9613874e+02		4.8084477e+00		1.0133899e+01		8.3284758e+00		8.3284758e+00		4.4918921e-127
3.9200000e+02		3.9300000e+02		3.9250000e+02		3.0403432e+02		3.6804908e+00		7.7565882e+00		6.3747971e+00		6.3747971e+00		1.6570757e-127
3.9300000e+02		3.9400000e+02		3.9350000e+02		1.8639471e+02		2.2602944e+00		4.7634697e+00		3.9149448e+00		3.9149448e+00		1.6150547e-127
3.9400000e+02		3.9500000e+02		3.9450000e+02		3.0813115e+02		3.7181199e+00		7.8356543e+00		6.4399725e+00		6.4399725e+00		6.2036619e-128
3.9500000e+02		3.9600000e+02		3.9550000e+02		3.7840801e+02		4.6222450e+00		9.7408849e+00		8.0059633e+00		8.0059633e+00		2.2024891e-126
3.9600000e+02		3.9700000e+02		3.9650000e+02		2.6140326e+02		3.1747816e+00		6.6904282e+00		5.4988831e+00		5.4988831e+00		4.3732570e-127
3.9700000e+02		3.9800000e+02		3.9750000e+02		2.9300657e+02		3.5584041e+00		7.4987570e+00		6.1633367e+00		6.1633367e+00		3.3755441e-127
3.9800000e+02		3.9900000e+02		3.9850000e+02		4.5124719e+02		5.4773634e+00		1.1542519e+01		9.4870717e+00		9.4870717e+00		6.3719963e-127
3.9900000e+02		4.0000000e+02		3.9950000e+02		4.9846141e+02		6.0407010e+00		1.2729503e+01		1.0462801e+01		1.0462801e+01		3.6666789e-127
4.0000000e+02		4.0100000e+02		4.0050000e+02		5.1407199e+02		6.2443953e+00		1.3158481e+01		1.0815610e+01		1.0815610e+01		6.9152453e-127
4.0100000e+02		4.0200000e+02		4.0150000e+02		5.3860814e+02		6.5415290e+00		1.3784400e+01		1.1330261e+01		1.1330261e+01		5.9756648e-127
4.0200000e+02		4.0300000e+02		4.0250000e+02		5.4526519e+02		6.5830622e+00		1.3871732e+01		1.1402198e+01		1.1402198e+01		1.3236529e-127
4.0300000e+02		4.0400000e+02		4.0350000e+02		5.2165796e+02		6.3333529e+00		1.3345370e+01		1.0969689e+01		1.0969689e+01		1.3757115e-126
4.0400000e+02		4.0500000e+02		4.0450000e+02		5.1300620e+02		6.2578285e+00		1.3186055e+01		1.0838877e+01		1.0838877e+01		1.9722797e-126
4.0500000e+02		4.0600000e+02		4.0550000e+02		5.1256585e+02		6.1984375e+00		1.3060740e+01		1.0736009e+01		1.0736009e+01		2.1254308e-127
4.0600000e+02		4.0700000e+02		4.0650000e+02		4.9035274e+02		5.9048234e+00		1.2441906e+01		1.0227454e+01		1.0227454e+01		5.8683598e-128
4.0700000e+02		4.0800000e+02		4.0750000e+02		4.9838294e+02		6.0256239e+00		1.2696281e+01		1.0436687e+01		1.0436687e+01		1.7249615e-127
4.0800000e+02		4.0900000e+02		4.0850000e+02		5.2990289e+02		6.4451090e+00		1.3579986e+01		1.1163256e+01		1.1163256e+01		9.5349422e-127
4.0900000e+02		4.1000000e+02		4.0950000e+02		5.2713439e+02		6.3836482e+00		1.3450321e+01		1.1056803e+01		1.1056803e+01		4.1904785e-127
4.1000000e+02		4.1100000e+02		4.1050000e+02		4.8293937e+02		5.8622480e+00		1.2351582e+01		1.0153711e+01		1.0153711e+01		4.5345609e-127
4.1100000e+02		4.1200000e+02		4.1150000e+02		5.5986852e+02		6.7982332e+00		1.4323503e+01		1.1774885e+01		1.1774885e+01		5.8317671e-127
4.1200000e+02		4.1300000e+02		4.1250000e+02		5.4940473e+02		6.6659987e+00		1.4044725e+01		1.1545848e+01		1.1545848e+01		5.0913280e-127
4.1300000e+02		4.1400000e+02		4.1350000e+02		5.2995399e+02		6.4189207e+00		1.3523993e+01		1.1117897e+01		1.1117897e+01		3.1565086e-127
4.1400000e+02		4.1500000e+02		4.1450000e+02		5.3771640e+02		6.5286840e+00		1.3755093e+01		1.1308012e+01		1.1308012e+01		6.2203486e-127
4.1500000e+02		4.1600000e+02		4.1550000e+02		5.3722776e+02		6.4553481e+00		1.3600428e+01		1.1180991e+01		1.1180991e+01		3.7751976e-128
4.1600000e+02		4.1700000e+02		4.1650000e+02		5.5745703e+02		6.7553787e+00		1.4232386e+01		1.1700659e+01		1.1700659e+01		4.2042697e-127
4.1700000e+02		4.1800000e+02		4.1750000e+02		5.0725322e+02		6.1768435e+00		1.3013371e+01		1.0698607e+01		1.0698607e+01		1.3406249e-126
4.1800000e+02		4.1900000e+02		4.1850000e+02		5.2601513e+02		6.3972513e+00		1.3477591e+01		1.1080364e+01		1.1080364e+01		9.3149992e-127
4.1900000e+02		4.2000000e+02		4.1950000e+02		5.3123875e+02		6.4351069e+00		1.3557182e+01		1.1145932e+01		1.1145932e+01		2.7676001e-127
4.2000000e+02		4.2100000e+02		4.2050000e+02		5.3797708e+02		6.4241980e+00		1.3534053e+01		1.1127037e+01		1.1127037e+01		6.2507089e-127
4.2100000e+02		4.2200000e+02		4.2150000e+02		5.2958361e+02		6.4047190e+00		1.3492873e+01		1.1093299e+01		1.1093299e+01		3.3222173e-127
4.2200000e+02		4.2300000e+02		4.2250000e+02		5.0190537e+02		6.0704212e+00		1.2788471e+01		1.0514278e+01		1.0514278e+01		8.9808348e-127
4.2300000e+02		4.2400000e+02		4.2350000e+02		5.3474862e+02		6.4939125e+00		1.3680492e+01		1.1247786e+01		1.1247786e+01		6.1989458e-127
4.2400000e+02		4.2500000e+02		4.2450000e+02		5.5328403e+02		6.7232137e+00		1.4163408e+01		1.1644948e+01		1.1644948e+01		7.3213381e-127
4.2500000e+02		4.2600000e+02		4.2550000e+02		5.3248014e+02		6.4581033e+00		1.3604778e+01		1.1185763e+01		1.1185763e+01		6.1661430e-127
4.2600000e+02		4.2700000e+02		4.2650000e+02		5.3029841e+02		6.4068658e+00		1.3496705e+01		1.1097017e+01		1.1097017e+01		3.0093253e-127
4.2700000e+02		4.2800000e+02		4.2750000e+02		4.9171747e+02		5.9479628e+00		1.2529856e+01		1.0302174e+01		1.0302174e+01		2.5191040e-127
4.2800000e+02		4.2900000e+02		4.2850000e+02		4.9494538e+02		6.0127488e+00		1.2666209e+01		1.0414386e+01		1.0414386e+01		5.6103836e-127
4.2900000e+02		4.3000000e+02		4.2950000e+02		4.6063718e+02		5.5875724e+00		1.1770437e+01		9.6779593e+00		9.6779593e+00		3.9802390e-127
4.3000000e+02		4.3100000e+02		4.3050000e+02		3.7055843e+02		4.4652773e+00		9.4061892e+00		7.7340871e+00		7.7340871e+00		9.5198356e-128
4.3100000e+02		4.3200000e+02		4.3150000e+02		4.5818753e+02		5.5671913e+00		1.1727281e+01		9.6426581e+00		9.6426581e+00		6.1223408e-127
4.3200000e+02		4.3300000e+02		4.3250000e+02		5.1625369e+02		6.3231656e+00		1.3319616e+01		1.0952044e+01		1.0952044e+01		5.2566957e-126
4.3300000e+02		4.3400000e+02		4.3350000e+02		5.6047485e+02		6.7397461e+00		1.4197004e+01		1.1673583e+01		1.1673583e+01		4.7710541e-128
4.3400000e+02		4.3500000e+02		4.3450000e+02		4.7595241e+02		5.8621138e+00		1.2348195e+01		1.0153479e+01		1.0153479e+01		2.7663525e-125
4.3500000e+02		4.3600000e+02		4.3550000e+02		5.3162725e+02		6.4169014e+00		1.3516701e+01		1.1114399e+01		1.1114399e+01		9.8693856e-128
4.3600000e+02		4.3700000e+02		4.3650000e+02		5.9481241e+02		7.1611222e+00		1.5084210e+01		1.2403427e+01		1.2403427e+01		7.3837713e-128
4.3700000e+02		4.3800000e+02		4.3750000e+02		5.2629983e+02		6.4162421e+00		1.3515074e+01		1.1113257e+01		1.1113257e+01		2.6231631e-126
4.3800000e+02		4.3900000e+02		4.3850000e+02		5.1257868e+02		6.1852061e+00		1.3028311e+01		1.0713091e+01		1.0713091e+01		1.8835974e-127
4.3900000e+02		4.4000000e+02		4.3950000e+02		5.7051902e+02		6.9413671e+00		1.4620939e+01		1.2022800e+01		1.2022800e+01		1.2164702e-126
4.4000000e+02		4.4100000e+02		4.4050000e+02		5.4089681e+02		6.5429887e+00		1.3781704e+01		1.1332789e+01		1.1332789e+01		3.4148871e-127
4.4100000e+02		4.4200000e+02		4.4150000e+02		5.9491633e+02		7.1947406e+00		1.5154495e+01		1.2461656e+01		1.2461656e+01		2.6582757e-127
4.4200000e+02		4.4300000e+02		4.4250000e+02		6.2544254e+02		7.5633225e+00		1.5930798e+01		1.3100059e+01		1.3100059e+01		3.0635357e-127
4.4300000e+02		4.4400000e+02		4.4350000e+02		6.0497206e+02		7.3112655e+00		1.5399749e+01		1.2663483e+01		1.2663483e+01		2.1110805e-127
4.4400000e+02		4.4500000e+02		4.4450000e+02		6.2324411e+02		7.5273111e+00		1.5854818e+01		1.3037685e+01		1.3037685e+01		3.1010900e-127
4.4500000e+02		4.4600000e+02		4.4550000e+02		5.7783999e+02		6.9986449e+00		1.4741138e+01		1.2122009e+01		1.2122009e+01		4.2895388e-127
4.4600000e+02		4.4700000e+02		4.4650000e+02		5.8940025e+02		7.1237843e+00		1.5004426e+01		1.2338756e+01		1.2338756e+01		4.3145877e-127
4.4700000e+02		4.4800000e+02		4.4750000e+02		6.3881895e+02		7.7430393e+00		1.6308557e+01		1.3411338e+01		1.3411338e+01		6.7618483e-127
4.4800000e+02		4.4900000e+02		4.4850000e+02		6.2805979e+02		7.6372929e+00		1.6085657e+01		1.3228179e+01		1.3228179e+01		9.6765041e-127
4.4900000e+02		4.5000000e+02		4.4950000e+02		6.3454704e+02		7.6499757e+00		1.6112226e+01		1.3250147e+01		1.3250147e+01		1.7716981e-127
4.5000000e+02		4.5100000e+02		4.5050000e+02		6.7325368e+02		8.1030508e+00		1.7066351e+01		1.4034896e+01		1.4034896e+01		7.7050698e-128
4.5100000e+02		4.5200000e+02		4.5150000e+02		6.7122600e+02		8.1357650e+00		1.7135125e+01		1.4091558e+01		1.4091558e+01		5.3735310e-127
4.5200000e+02		4.5300000e+02		4.5250000e+02		6.3541039e+02		7.6780292e+00		1.6170947e+01		1.3298737e+01		1.3298737e+01		2.2146974e-127
4.5300000e+02		4.5400000e+02		4.5350000e+02		6.0888666e+02		7.3772239e+00		1.5537298e+01		1.2777727e+01		1.2777727e+01		3.3924824e-127
4.5400000e+02		4.5500000e+02		4.5450000e+02		6.4999363e+02		7.8451936e+00		1.6522779e+01		1.3588274e+01		1.3588274e+01		1.4180912e-127
4.5500000e+02		4.5600000e+02		4.5550000e+02		6.4380306e+02		7.8238094e+00		1.6477624e+01		1.3551235e+01		1.3551235e+01		7.2668088e-127
4.5600000e+02		4.5700000e+02		4.5650000e+02		6.6853861e+02		8.0612561e+00		1.6977589e+01		1.3962505e+01		1.3962505e+01		1.7794449e-127
4.5700000e+02		4.5800000e+02		4.5750000e+02		6.7499745e+02		8.1777267e+00		1.7222764e+01		1.4164238e+01		1.4164238e+01		6.7686706e-127
4.5800000e+02		4.5900000e+02		4.5850000e+02		6.3439039e+02		7.6367904e+00		1.6083411e+01		1.3227309e+01		1.3227309e+01		3.6198375e-127
4.5900000e+02		4.6000000e+02		4.5950000e+02		6.5539586e+02		7.9259227e+00		1.6692223e+01		1.3728101e+01		1.3728101e+01		2.4233673e-127
4.6000000e+02		4.6100000e+02		4.6050000e+02		6.4752339e+02		7.8256525e+00		1.6480940e+01		1.3554428e+01		1.3554428e+01		2.4431293e-127
4.6100000e+02		4.6200000e+02		4.6150000e+02		6.6245412e+02		7.9917488e+00		1.6830630e+01		1.3842115e+01		1.3842115e+01		1.2359069e-127
4.6200000e+02		4.6300000e+02		4.6250000e+02		6.6901120e+02		8.1225899e+00		1.7106069e+01		1.4068738e+01		1.4068738e+01		7.6399400e-127
4.6300000e+02		4.6400000e+02		4.6350000e+02		6.4662616e+02		7.8068180e+00		1.6440951e+01		1.3521805e+01		1.3521805e+01		1.6259487e-127
4.6400000e+02		4.6500000e+02		4.6450000e+02		6.5795753e+02		7.9836202e+00		1.6813183e+01		1.3828036e+01		1.3828036e+01		5.3231056e-127
4.6500000e+02		4.6600000e+02		4.6550000e+02		6.3552746e+02		7.6647686e+00		1.6141592e+01		1.3275769e+01		1.3275769e+01		2.0800869e-127
4.6600000e+02		4.6700000e+02		4.6650000e+02		6.3955371e+02		7.7558989e+00		1.6333405e+01		1.3433611e+01		1.3433611e+01		6.1425040e-127
4.6700000e+02		4.6800000e+02		4.6750000e+02		6.4572639e+02		7.8168292e+00		1.6461659e+01		1.3539145e+01		1.3539145e+01		4.1393061e-127
4.6800000e+02		4.6900000e+02		4.6850000e+02		6.3145002e+02		7.6599130e+00		1.6131103e+01		1.3267359e+01		1.3267359e+01		6.3920449e-127
4.6900000e+02		4.7000000e+02		4.6950000e+02		6.4956875e+02		7.8428656e+00		1.6516325e+01		1.3584242e+01		1.3584242e+01		1.6116486e-127
4.7000000e+02		4.7100000e+02		4.7050000e+02		6.1381170e+02		7.4157922e+00		1.5616859e+01		1.2844529e+01		1.2844529e+01		1.7694249e-127
4.7100000e+02		4.7200000e+02		4.7150000e+02		6.4174114e+02		7.7595982e+00		1.6340798e+01		1.3440018e+01		1.3440018e+01		3.2890277e-127
4.7200000e+02		4.7300000e+02		4.7250000e+02		6.5742798e+02		7.9642030e+00		1.6771578e+01		1.3794404e+01		1.3794404e+01		3.8824995e-127
4.7300000e+02		4.7400000e+02		4.7350000e+02		6.4563741e+02		7.8137537e+00		1.6454718e+01		1.3533818e+01		1.3533818e+01		3.2919151e-127
4.7400000e+02		4.7500000e+02		4.7450000e+02		6.6512717e+02		8.0535450e+00		1.6959494e+01		1.3949149e+01		1.3949149e+01		4.1288572e-127
4.7500000e+02		4.7600000e+02		4.7550000e+02		6.6365303e+02		8.0247109e+00		1.6898612e+01		1.3899207e+01		1.3899207e+01		2.1154689e-127
4.7600000e+02		4.7700000e+02		4.7650000e+02		6.3952653e+02		7.7369769e+00		1.6292593e+01		1.3400837e+01		1.3400837e+01		2.8907730e-127
4.7700000e+02		4.7800000e+02		4.7750000e+02		6.6772274e+02		8.0873626e+00		1.7030344e+01		1.4007723e+01		1.4007723e+01		2.8968730e-127
4.7800000e+02		4.7900000e+02		4.7850000e+02		6.6128260e+02		8.0298670e+00		1.6909177e+01		1.3908138e+01		1.3908138e+01		8.5782783e-127
4.7900000e+02		4.8000000e+02		4.7950000e+02		6.6320839e+02		8.0202195e+00		1.6888769e+01		1.3891428e+01		1.3891428e+01		4.8064678e-127
4.8000000e+02		4.8100000e+02		4.8050000e+02		6.6489751e+02		8.0393990e+00		1.6929065e+01		1.3924648e+01		1.3924648e+01		1.9776366e-127
4.8100000e+02		4.8200000e+02		4.8150000e+02		6.6630748e+02		8.0267542e+00		1.6902348e+01		1.3902746e+01		1.3902746e+01		7.7191935e-128
4.8200000e+02		4.8300000e+02		4.8250000e+02		6.6376999e+02		8.0002794e+00		1.6846510e+01		1.3856890e+01		1.3856890e+01		1.0256071e-127
4.8300000e+02		4.8400000e+02		4.8350000e+02		6.5373157e+02		7.9229876e+00		1.6683683e+01		1.3723017e+01		1.3723017e+01		4.3387197e-127
4.8400000e+02		4.8500000e+02		4.8450000e+02		6.4242337e+02		7.7179005e+00		1.6251774e+01		1.3367796e+01		1.3367796e+01		5.5144879e-128
4.8500000e+02		4.8600000e+02		4.8550000e+02		6.0369332e+02		7.2764482e+00		1.5322170e+01		1.2603178e+01		1.2603178e+01		1.9246626e-127
4.8600000e+02		4.8700000e+02		4.8650000e+02		5.2412565e+02		6.3325274e+00		1.3334426e+01		1.0968259e+01		1.0968259e+01		1.6276088e-127
4.8700000e+02		4.8800000e+02		4.8750000e+02		5.9966111e+02		7.2284847e+00		1.5221012e+01		1.2520103e+01		1.2520103e+01		9.7019808e-128
4.8800000e+02		4.8900000e+02		4.8850000e+02		6.3081686e+02		7.6085473e+00		1.6021231e+01		1.3178390e+01		1.3178390e+01		1.3351792e-127
4.8900000e+02		4.9000000e+02		4.8950000e+02		6.1880396e+02		7.4949219e+00		1.5781885e+01		1.2981585e+01		1.2981585e+01		3.0536825e-127
4.9000000e+02		4.9100000e+02		4.9050000e+02		6.5907671e+02		7.9571581e+00		1.6755094e+01		1.3782202e+01		1.3782202e+01		1.6539010e-127
4.9100000e+02		4.9200000e+02		4.9150000e+02		6.2110374e+02		7.4783187e+00		1.5746752e+01		1.2952828e+01		1.2952828e+01		3.9025833e-127
4.9200000e+02		4.9300000e+02		4.9250000e+02		5.9112858e+02		7.1300146e+00		1.5013223e+01		1.2349547e+01		1.2349547e+01		1.0160285e-127
4.9300000e+02		4.9400000e+02		4.9350000e+02		6.2472140e+02		7.5379934e+00		1.5872196e+01		1.3056188e+01		1.3056188e+01		1.3355436e-127
4.9400000e+02		4.9500000e+02		4.9450000e+02		6.4279699e+02		7.7471031e+00		1.6312422e+01		1.3418376e+01		1.3418376e+01		1.7395675e-127
4.9500000e+02		4.9600000e+02		4.9550000e+02		6.3133158e+02		7.6046741e+00		1.6012448e+01		1.3171682e+01		1.3171682e+01		8.5563198e-128
4.9600000e+02		4.9700000e+02		4.9650000e+02		6.3921352e+02		7.7228724e+00		1.6261253e+01		1.3376407e+01		1.3376407e+01		1.6014769e-127
4.9700000e+02		4.9800000e+02		4.9750000e+02		6.5113923e+02		7.8668526e+00		1.6564342e+01		1.3625788e+01		1.3625788e+01		1.8948349e-127
4.9800000e+02		4.9900000e+02		4.9850000e+02		5.9175801e+02		7.1314997e+00		1.5015936e+01		1.2352120e+01		1.2352120e+01		7.6903106e-128
4.9900000e+02		5.0000000e+02		4.9950000e+02		6.3385792e+02		7.6277880e+00		1.6060889e+01		1.3211716e+01		1.3211716e+01		6.1578066e-128
