Left Bin Edge (nm)	Right Bin Edge (nm)	Bin Center (nm)		Top of Atm Intensity (erg/s/nm/cm2)		Total Surface Flux (erg/s/nm/cm2)		Total Intensity at BOA (erg/s/nm/cm2)		Total Surface Intensity (erg/s/nm/cm2)		Total Surface Diffuse Intensity (erg/s/nm/cm2)		Total Surface Direct Intensity (erg/s/nm/cm2)
1.0000000e+02		1.0100000e+02		1.0050000e+02		1.9189487e-02		0.0000000e+00		0.0000000e+00		0.0000000e+00		0.0000000e+00		0.0000000e+00
1.0100000e+02		1.0200000e+02		1.0150000e+02		7.4861701e-02		0.0000000e+00		0.0000000e+00		0.0000000e+00		0.0000000e+00		0.0000000e+00
1.0200000e+02		1.0300000e+02		1.0250000e+02		3.9734366e-01		0.0000000e+00		0.0000000e+00		0.0000000e+00		0.0000000e+00		0.0000000e+00
1.0300000e+02		1.0400000e+02		1.0350000e+02		3.0179545e-01		0.0000000e+00		0.0000000e+00		0.0000000e+00		0.0000000e+00		0.0000000e+00
1.0400000e+02		1.0500000e+02		1.0450000e+02		6.0815352e-02		0.0000000e+00		0.0000000e+00		0.0000000e+00		0.0000000e+00		0.0000000e+00
1.0500000e+02		1.0600000e+02		1.0550000e+02		2.0834600e-02		0.0000000e+00		0.0000000e+00		0.0000000e+00		0.0000000e+00		0.0000000e+00
1.0600000e+02		1.0700000e+02		1.0650000e+02		1.9584792e-02		0.0000000e+00		0.0000000e+00		0.0000000e+00		0.0000000e+00		0.0000000e+00
1.0700000e+02		1.0800000e+02		1.0750000e+02		2.1853879e-02		0.0000000e+00		0.0000000e+00		0.0000000e+00		0.0000000e+00		0.0000000e+00
1.0800000e+02		1.0900000e+02		1.0850000e+02		3.0634999e-02		0.0000000e+00		0.0000000e+00		0.0000000e+00		0.0000000e+00		0.0000000e+00
1.0900000e+02		1.1000000e+02		1.0950000e+02		2.4032561e-02		0.0000000e+00		0.0000000e+00		0.0000000e+00		0.0000000e+00		0.0000000e+00
1.1000000e+02		1.1100000e+02		1.1050000e+02		2.3268893e-02		0.0000000e+00		0.0000000e+00		0.0000000e+00		0.0000000e+00		0.0000000e+00
1.1100000e+02		1.1200000e+02		1.1150000e+02		2.1871272e-02		0.0000000e+00		0.0000000e+00		0.0000000e+00		0.0000000e+00		0.0000000e+00
1.1200000e+02		1.1300000e+02		1.1250000e+02		2.2375602e-02		0.0000000e+00		0.0000000e+00		0.0000000e+00		0.0000000e+00		0.0000000e+00
1.1300000e+02		1.1400000e+02		1.1350000e+02		1.7748133e-02		0.0000000e+00		0.0000000e+00		0.0000000e+00		0.0000000e+00		0.0000000e+00
1.1400000e+02		1.1500000e+02		1.1450000e+02		1.3589480e-02		0.0000000e+00		0.0000000e+00		0.0000000e+00		0.0000000e+00		0.0000000e+00
1.1500000e+02		1.1600000e+02		1.1550000e+02		1.8751615e-02		0.0000000e+00		0.0000000e+00		0.0000000e+00		0.0000000e+00		0.0000000e+00
1.1600000e+02		1.1700000e+02		1.1650000e+02		4.3674487e-02		0.0000000e+00		0.0000000e+00		0.0000000e+00		0.0000000e+00		0.0000000e+00
1.1700000e+02		1.1800000e+02		1.1750000e+02		1.5546757e-01		0.0000000e+00		0.0000000e+00		0.0000000e+00		0.0000000e+00		0.0000000e+00
1.1800000e+02		1.1900000e+02		1.1850000e+02		5.2889236e-02		0.0000000e+00		0.0000000e+00		0.0000000e+00		0.0000000e+00		0.0000000e+00
1.1900000e+02		1.2000000e+02		1.1950000e+02		7.3692884e-02		0.0000000e+00		0.0000000e+00		0.0000000e+00		0.0000000e+00		0.0000000e+00
1.2000000e+02		1.2100000e+02		1.2050000e+02		4.0066072e-01		0.0000000e+00		0.0000000e+00		0.0000000e+00		0.0000000e+00		0.0000000e+00
1.2100000e+02		1.2200000e+02		1.2150000e+02		1.5905289e+01		0.0000000e+00		0.0000000e+00		0.0000000e+00		0.0000000e+00		0.0000000e+00
1.2200000e+02		1.2300000e+02		1.2250000e+02		1.0666543e-01		0.0000000e+00		0.0000000e+00		0.0000000e+00		0.0000000e+00		0.0000000e+00
1.2300000e+02		1.2400000e+02		1.2350000e+02		5.7456553e-02		0.0000000e+00		0.0000000e+00		0.0000000e+00		0.0000000e+00		0.0000000e+00
1.2400000e+02		1.2500000e+02		1.2450000e+02		4.6184197e-02		0.0000000e+00		0.0000000e+00		0.0000000e+00		0.0000000e+00		0.0000000e+00
1.2500000e+02		1.2600000e+02		1.2550000e+02		4.5085118e-02		0.0000000e+00		0.0000000e+00		0.0000000e+00		0.0000000e+00		0.0000000e+00
1.2600000e+02		1.2700000e+02		1.2650000e+02		6.3054464e-02		0.0000000e+00		0.0000000e+00		0.0000000e+00		0.0000000e+00		0.0000000e+00
1.2700000e+02		1.2800000e+02		1.2750000e+02		3.3006429e-02		0.0000000e+00		0.0000000e+00		0.0000000e+00		0.0000000e+00		0.0000000e+00
1.2800000e+02		1.2900000e+02		1.2850000e+02		2.6335196e-02		0.0000000e+00		0.0000000e+00		0.0000000e+00		0.0000000e+00		0.0000000e+00
1.2900000e+02		1.3000000e+02		1.2950000e+02		3.5131240e-02		0.0000000e+00		0.0000000e+00		0.0000000e+00		0.0000000e+00		0.0000000e+00
1.3000000e+02		1.3100000e+02		1.3050000e+02		2.8850634e-01		0.0000000e+00		0.0000000e+00		0.0000000e+00		0.0000000e+00		0.0000000e+00
1.3100000e+02		1.3200000e+02		1.3150000e+02		3.9064855e-02		0.0000000e+00		0.0000000e+00		0.0000000e+00		0.0000000e+00		0.0000000e+00
1.3200000e+02		1.3300000e+02		1.3250000e+02		3.0374778e-02		0.0000000e+00		0.0000000e+00		0.0000000e+00		0.0000000e+00		0.0000000e+00
1.3300000e+02		1.3400000e+02		1.3350000e+02		4.1056606e-01		0.0000000e+00		0.0000000e+00		0.0000000e+00		0.0000000e+00		0.0000000e+00
1.3400000e+02		1.3500000e+02		1.3450000e+02		2.8092500e-02		0.0000000e+00		0.0000000e+00		0.0000000e+00		0.0000000e+00		0.0000000e+00
1.3500000e+02		1.3600000e+02		1.3550000e+02		5.8954708e-02		0.0000000e+00		0.0000000e+00		0.0000000e+00		0.0000000e+00		0.0000000e+00
1.3600000e+02		1.3700000e+02		1.3650000e+02		3.8690656e-02		0.0000000e+00		0.0000000e+00		0.0000000e+00		0.0000000e+00		0.0000000e+00
1.3700000e+02		1.3800000e+02		1.3750000e+02		3.9732879e-02		0.0000000e+00		0.0000000e+00		0.0000000e+00		0.0000000e+00		0.0000000e+00
1.3800000e+02		1.3900000e+02		1.3850000e+02		4.0549866e-02		0.0000000e+00		0.0000000e+00		0.0000000e+00		0.0000000e+00		0.0000000e+00
1.3900000e+02		1.4000000e+02		1.3950000e+02		1.3692187e-01		0.0000000e+00		0.0000000e+00		0.0000000e+00		0.0000000e+00		0.0000000e+00
1.4000000e+02		1.4100000e+02		1.4050000e+02		1.1939088e-01		0.0000000e+00		0.0000000e+00		0.0000000e+00		0.0000000e+00		0.0000000e+00
1.4100000e+02		1.4200000e+02		1.4150000e+02		5.7521948e-02		0.0000000e+00		0.0000000e+00		0.0000000e+00		0.0000000e+00		0.0000000e+00
1.4200000e+02		1.4300000e+02		1.4250000e+02		6.2343151e-02		0.0000000e+00		0.0000000e+00		0.0000000e+00		0.0000000e+00		0.0000000e+00
1.4300000e+02		1.4400000e+02		1.4350000e+02		6.9165895e-02		0.0000000e+00		0.0000000e+00		0.0000000e+00		0.0000000e+00		0.0000000e+00
1.4400000e+02		1.4500000e+02		1.4450000e+02		6.6149126e-02		0.0000000e+00		0.0000000e+00		0.0000000e+00		0.0000000e+00		0.0000000e+00
1.4500000e+02		1.4600000e+02		1.4550000e+02		7.0536262e-02		0.0000000e+00		0.0000000e+00		0.0000000e+00		0.0000000e+00		0.0000000e+00
1.4600000e+02		1.4700000e+02		1.4650000e+02		8.6012655e-02		0.0000000e+00		0.0000000e+00		0.0000000e+00		0.0000000e+00		0.0000000e+00
1.4700000e+02		1.4800000e+02		1.4750000e+02		1.0610345e-01		0.0000000e+00		0.0000000e+00		0.0000000e+00		0.0000000e+00		0.0000000e+00
1.4800000e+02		1.4900000e+02		1.4850000e+02		1.0405386e-01		0.0000000e+00		0.0000000e+00		0.0000000e+00		0.0000000e+00		0.0000000e+00
1.4900000e+02		1.5000000e+02		1.4950000e+02		9.4002421e-02		0.0000000e+00		0.0000000e+00		0.0000000e+00		0.0000000e+00		0.0000000e+00
1.5000000e+02		1.5100000e+02		1.5050000e+02		1.0343288e-01		0.0000000e+00		0.0000000e+00		0.0000000e+00		0.0000000e+00		0.0000000e+00
1.5100000e+02		1.5200000e+02		1.5150000e+02		1.0875212e-01		0.0000000e+00		0.0000000e+00		0.0000000e+00		0.0000000e+00		0.0000000e+00
1.5200000e+02		1.5300000e+02		1.5250000e+02		1.3876638e-01		0.0000000e+00		0.0000000e+00		0.0000000e+00		0.0000000e+00		0.0000000e+00
1.5300000e+02		1.5400000e+02		1.5350000e+02		1.5371418e-01		0.0000000e+00		0.0000000e+00		0.0000000e+00		0.0000000e+00		0.0000000e+00
1.5400000e+02		1.5500000e+02		1.5450000e+02		4.1112511e-01		0.0000000e+00		0.0000000e+00		0.0000000e+00		0.0000000e+00		0.0000000e+00
1.5500000e+02		1.5600000e+02		1.5550000e+02		3.3836363e-01		0.0000000e+00		0.0000000e+00		0.0000000e+00		0.0000000e+00		0.0000000e+00
1.5600000e+02		1.5700000e+02		1.5650000e+02		2.0084632e-01		0.0000000e+00		0.0000000e+00		0.0000000e+00		0.0000000e+00		0.0000000e+00
1.5700000e+02		1.5800000e+02		1.5750000e+02		1.8216796e-01		0.0000000e+00		0.0000000e+00		0.0000000e+00		0.0000000e+00		0.0000000e+00
1.5800000e+02		1.5900000e+02		1.5850000e+02		1.6795176e-01		0.0000000e+00		0.0000000e+00		0.0000000e+00		0.0000000e+00		0.0000000e+00
1.5900000e+02		1.6000000e+02		1.5950000e+02		1.6379377e-01		0.0000000e+00		0.0000000e+00		0.0000000e+00		0.0000000e+00		0.0000000e+00
1.6000000e+02		1.6100000e+02		1.6050000e+02		1.7926410e-01		0.0000000e+00		0.0000000e+00		0.0000000e+00		0.0000000e+00		0.0000000e+00
1.6100000e+02		1.6200000e+02		1.6150000e+02		2.0306941e-01		0.0000000e+00		0.0000000e+00		0.0000000e+00		0.0000000e+00		0.0000000e+00
1.6200000e+02		1.6300000e+02		1.6250000e+02		2.2492895e-01		0.0000000e+00		0.0000000e+00		0.0000000e+00		0.0000000e+00		0.0000000e+00
1.6300000e+02		1.6400000e+02		1.6350000e+02		4.7671727e-01		0.0000000e+00		0.0000000e+00		0.0000000e+00		0.0000000e+00		0.0000000e+00
1.6400000e+02		1.6500000e+02		1.6450000e+02		4.8753270e-01		0.0000000e+00		0.0000000e+00		0.0000000e+00		0.0000000e+00		0.0000000e+00
1.6500000e+02		1.6600000e+02		1.6550000e+02		5.7072689e-01		0.0000000e+00		0.0000000e+00		0.0000000e+00		0.0000000e+00		0.0000000e+00
1.6600000e+02		1.6700000e+02		1.6650000e+02		2.6919628e-01		0.0000000e+00		0.0000000e+00		0.0000000e+00		0.0000000e+00		0.0000000e+00
1.6700000e+02		1.6800000e+02		1.6750000e+02		2.8728373e-01		0.0000000e+00		0.0000000e+00		0.0000000e+00		0.0000000e+00		0.0000000e+00
1.6800000e+02		1.6900000e+02		1.6850000e+02		3.0958866e-01		0.0000000e+00		0.0000000e+00		0.0000000e+00		0.0000000e+00		0.0000000e+00
1.6900000e+02		1.7000000e+02		1.6950000e+02		3.8988989e-01		0.0000000e+00		0.0000000e+00		0.0000000e+00		0.0000000e+00		0.0000000e+00
1.7000000e+02		1.7100000e+02		1.7050000e+02		4.3752516e-01		0.0000000e+00		0.0000000e+00		0.0000000e+00		0.0000000e+00		0.0000000e+00
1.7100000e+02		1.7200000e+02		1.7150000e+02		4.3618394e-01		0.0000000e+00		0.0000000e+00		0.0000000e+00		0.0000000e+00		0.0000000e+00
1.7200000e+02		1.7300000e+02		1.7250000e+02		4.5514763e-01		0.0000000e+00		0.0000000e+00		0.0000000e+00		0.0000000e+00		0.0000000e+00
1.7300000e+02		1.7400000e+02		1.7350000e+02		4.5120572e-01		0.0000000e+00		0.0000000e+00		0.0000000e+00		0.0000000e+00		0.0000000e+00
1.7400000e+02		1.7500000e+02		1.7450000e+02		5.3951828e-01		0.0000000e+00		0.0000000e+00		0.0000000e+00		0.0000000e+00		0.0000000e+00
1.7500000e+02		1.7600000e+02		1.7550000e+02		6.4389120e-01		0.0000000e+00		0.0000000e+00		0.0000000e+00		0.0000000e+00		0.0000000e+00
1.7600000e+02		1.7700000e+02		1.7650000e+02		6.9472845e-01		0.0000000e+00		0.0000000e+00		0.0000000e+00		0.0000000e+00		0.0000000e+00
1.7700000e+02		1.7800000e+02		1.7750000e+02		8.1849614e-01		0.0000000e+00		0.0000000e+00		0.0000000e+00		0.0000000e+00		0.0000000e+00
1.7800000e+02		1.7900000e+02		1.7850000e+02		8.9455089e-01		0.0000000e+00		0.0000000e+00		0.0000000e+00		0.0000000e+00		0.0000000e+00
1.7900000e+02		1.8000000e+02		1.7950000e+02		8.6966614e-01		0.0000000e+00		0.0000000e+00		0.0000000e+00		0.0000000e+00		0.0000000e+00
1.8000000e+02		1.8100000e+02		1.8050000e+02		1.0753674e+00		0.0000000e+00		0.0000000e+00		0.0000000e+00		0.0000000e+00		0.0000000e+00
1.8100000e+02		1.8200000e+02		1.8150000e+02		1.3093431e+00		0.0000000e+00		0.0000000e+00		0.0000000e+00		0.0000000e+00		0.0000000e+00
1.8200000e+02		1.8300000e+02		1.8250000e+02		1.2087370e+00		0.0000000e+00		0.0000000e+00		0.0000000e+00		0.0000000e+00		0.0000000e+00
1.8300000e+02		1.8400000e+02		1.8350000e+02		1.2728289e+00		0.0000000e+00		0.0000000e+00		0.0000000e+00		0.0000000e+00		0.0000000e+00
1.8400000e+02		1.8500000e+02		1.8450000e+02		1.0940339e+00		0.0000000e+00		0.0000000e+00		0.0000000e+00		0.0000000e+00		0.0000000e+00
1.8500000e+02		1.8600000e+02		1.8550000e+02		1.2372281e+00		0.0000000e+00		0.0000000e+00		0.0000000e+00		0.0000000e+00		0.0000000e+00
1.8600000e+02		1.8700000e+02		1.8650000e+02		1.4037992e+00		0.0000000e+00		0.0000000e+00		0.0000000e+00		0.0000000e+00		0.0000000e+00
1.8700000e+02		1.8800000e+02		1.8750000e+02		1.5907538e+00		0.0000000e+00		0.0000000e+00		0.0000000e+00		0.0000000e+00		0.0000000e+00
1.8800000e+02		1.8900000e+02		1.8850000e+02		1.6735993e+00		0.0000000e+00		0.0000000e+00		0.0000000e+00		0.0000000e+00		0.0000000e+00
1.8900000e+02		1.9000000e+02		1.8950000e+02		1.8559600e+00		0.0000000e+00		0.0000000e+00		0.0000000e+00		0.0000000e+00		0.0000000e+00
1.9000000e+02		1.9100000e+02		1.9050000e+02		1.9109940e+00		0.0000000e+00		0.0000000e+00		0.0000000e+00		0.0000000e+00		0.0000000e+00
1.9100000e+02		1.9200000e+02		1.9150000e+02		2.0707336e+00		0.0000000e+00		0.0000000e+00		0.0000000e+00		0.0000000e+00		0.0000000e+00
1.9200000e+02		1.9300000e+02		1.9250000e+02		2.1685186e+00		0.0000000e+00		0.0000000e+00		0.0000000e+00		0.0000000e+00		0.0000000e+00
1.9300000e+02		1.9400000e+02		1.9350000e+02		1.6554009e+00		0.0000000e+00		0.0000000e+00		0.0000000e+00		0.0000000e+00		0.0000000e+00
1.9400000e+02		1.9500000e+02		1.9450000e+02		2.6556632e+00		0.0000000e+00		0.0000000e+00		0.0000000e+00		0.0000000e+00		0.0000000e+00
1.9500000e+02		1.9600000e+02		1.9550000e+02		2.5630279e+00		0.0000000e+00		0.0000000e+00		0.0000000e+00		0.0000000e+00		0.0000000e+00
1.9600000e+02		1.9700000e+02		1.9650000e+02		2.8204934e+00		0.0000000e+00		0.0000000e+00		0.0000000e+00		0.0000000e+00		0.0000000e+00
1.9700000e+02		1.9800000e+02		1.9750000e+02		2.8068384e+00		0.0000000e+00		0.0000000e+00		0.0000000e+00		0.0000000e+00		0.0000000e+00
1.9800000e+02		1.9900000e+02		1.9850000e+02		2.7505577e+00		1.1204931e-252		0.0000000e+00		1.1214418e-252		2.2445849e-255		1.1191972e-252
1.9900000e+02		2.0000000e+02		1.9950000e+02		2.8965557e+00		3.9008609e-01		6.2048915e-01		4.6751388e-01		1.8319613e-01		2.8431775e-01
2.0000000e+02		2.0100000e+02		2.0050000e+02		3.0623388e+00		8.1490059e-01		1.3136763e+00		1.0058768e+00		4.5185464e-01		5.5402219e-01
2.0100000e+02		2.0200000e+02		2.0150000e+02		3.2593670e+00		1.9339340e+00		3.2108583e+00		2.5068623e+00		1.3555629e+00		1.1512994e+00
2.0200000e+02		2.0300000e+02		2.0250000e+02		3.2217937e+00		2.0824717e+00		3.4577202e+00		2.7053077e+00		1.4736458e+00		1.2316620e+00
2.0300000e+02		2.0400000e+02		2.0350000e+02		3.4484145e+00		2.5240044e+00		4.2023882e+00		3.2980710e+00		1.8314611e+00		1.4666099e+00
2.0400000e+02		2.0500000e+02		2.0450000e+02		3.7117169e+00		2.8475018e+00		4.7330286e+00		3.7188208e+00		2.0615628e+00		1.6572580e+00
2.0500000e+02		2.0600000e+02		2.0550000e+02		3.7200399e+00		2.8695909e+00		4.7496468e+00		3.7322874e+00		2.0411617e+00		1.6911257e+00
2.0600000e+02		2.0700000e+02		2.0650000e+02		3.7247532e+00		2.8886330e+00		4.7613609e+00		3.7418493e+00		2.0187316e+00		1.7231178e+00
2.0700000e+02		2.0800000e+02		2.0750000e+02		4.0454145e+00		3.1537078e+00		5.1771222e+00		4.0689203e+00		2.1654161e+00		1.9035042e+00
2.0800000e+02		2.0900000e+02		2.0850000e+02		4.3759554e+00		3.4287650e+00		5.6061325e+00		4.4064023e+00		2.3131148e+00		2.0932876e+00
2.0900000e+02		2.1000000e+02		2.0950000e+02		5.6528678e+00		4.4512772e+00		7.2493487e+00		5.6982902e+00		2.9504645e+00		2.7478257e+00
2.1000000e+02		2.1100000e+02		2.1050000e+02		6.9678423e+00		5.5132960e+00		8.9442520e+00		7.0308759e+00		3.5906326e+00		3.4402433e+00
2.1100000e+02		2.1200000e+02		2.1150000e+02		7.9326445e+00		6.3063195e+00		1.0191927e+01		8.0119249e+00		4.0355057e+00		3.9764192e+00
2.1200000e+02		2.1300000e+02		2.1250000e+02		7.0734222e+00		5.6491340e+00		9.0957539e+00		7.1503943e+00		3.5520200e+00		3.5983743e+00
2.1300000e+02		2.1400000e+02		2.1350000e+02		7.2066449e+00		5.7813672e+00		9.2745384e+00		7.2910515e+00		3.5719516e+00		3.7191000e+00
2.1400000e+02		2.1500000e+02		2.1450000e+02		9.2279181e+00		7.4353007e+00		1.1884838e+01		9.3431597e+00		4.5140430e+00		4.8291168e+00
2.1500000e+02		2.1600000e+02		2.1550000e+02		7.9257408e+00		6.4133608e+00		1.0215062e+01		8.0304609e+00		3.8260999e+00		4.2043610e+00
2.1600000e+02		2.1700000e+02		2.1650000e+02		7.3353469e+00		5.9603593e+00		9.4605329e+00		7.4372185e+00		3.4942866e+00		3.9429320e+00
2.1700000e+02		2.1800000e+02		2.1750000e+02		7.5953881e+00		6.1967500e+00		9.8021601e+00		7.7056439e+00		3.5700812e+00		4.1355627e+00
2.1800000e+02		2.1900000e+02		2.1850000e+02		1.0217230e+01		8.3688717e+00		1.3193675e+01		1.0371511e+01		4.7382964e+00		5.6332150e+00
2.1900000e+02		2.2000000e+02		2.1950000e+02		1.0786519e+01		8.8693848e+00		1.3936683e+01		1.0955241e+01		4.9351882e+00		6.0200526e+00
2.2000000e+02		2.2100000e+02		2.2050000e+02		1.0851638e+01		8.9566542e+00		1.4028278e+01		1.1026823e+01		4.8980721e+00		6.1287510e+00
2.2100000e+02		2.2200000e+02		2.2150000e+02		8.6872371e+00		7.1966689e+00		1.1235901e+01		8.8315093e+00		3.8680739e+00		4.9634354e+00
2.2200000e+02		2.2300000e+02		2.2250000e+02		1.1691346e+01		9.7202135e+00		1.5128463e+01		1.1890508e+01		5.1349724e+00		6.7555358e+00
2.2300000e+02		2.2400000e+02		2.2350000e+02		1.5139682e+01		1.2631434e+01		1.9599213e+01		1.5403543e+01		6.5588799e+00		8.8446629e+00
2.2400000e+02		2.2500000e+02		2.2450000e+02		1.4154944e+01		1.1850396e+01		1.8331997e+01		1.4406751e+01		6.0484020e+00		8.3583492e+00
2.2500000e+02		2.2600000e+02		2.2550000e+02		1.2365614e+01		1.0387101e+01		1.6020859e+01		1.2589673e+01		5.2113398e+00		7.3783328e+00
2.2600000e+02		2.2700000e+02		2.2650000e+02		9.0577089e+00		7.6333848e+00		1.1739410e+01		9.2245558e+00		3.7647509e+00		5.4598049e+00
2.2700000e+02		2.2800000e+02		2.2750000e+02		8.8108381e+00		7.4490898e+00		1.1423332e+01		8.9755453e+00		3.6116324e+00		5.3639129e+00
2.2800000e+02		2.2900000e+02		2.2850000e+02		1.2275156e+01		1.0410418e+01		1.5919910e+01		1.2507657e+01		4.9621201e+00		7.5455368e+00
2.2900000e+02		2.3000000e+02		2.2950000e+02		1.1031259e+01		9.3840486e+00		1.4310919e+01		1.1242651e+01		4.3975009e+00		6.8451503e+00
2.3000000e+02		2.3100000e+02		2.3050000e+02		1.2510180e+01		1.0673888e+01		1.6234025e+01		1.2752399e+01		4.9178095e+00		7.8345898e+00
2.3100000e+02		2.3200000e+02		2.3150000e+02		1.1791833e+01		1.0090310e+01		1.5305795e+01		1.2022225e+01		4.5709593e+00		7.4512656e+00
2.3200000e+02		2.3300000e+02		2.3250000e+02		1.2664003e+01		1.0867499e+01		1.6441811e+01		1.2913404e+01		4.8406635e+00		8.0727404e+00
2.3300000e+02		2.3400000e+02		2.3350000e+02		1.1428554e+01		9.8346152e+00		1.4841117e+01		1.1655173e+01		4.3074867e+00		7.3476866e+00
2.3400000e+02		2.3500000e+02		2.3450000e+02		9.9864853e+00		8.6170592e+00		1.2971122e+01		1.0185675e+01		3.7113848e+00		6.4742902e+00
2.3500000e+02		2.3600000e+02		2.3550000e+02		1.3443360e+01		1.1630761e+01		1.7464479e+01		1.3712830e+01		4.9262296e+00		8.7866008e+00
2.3600000e+02		2.3700000e+02		2.3650000e+02		1.2448020e+01		1.0797637e+01		1.6174268e+01		1.2698561e+01		4.4976363e+00		8.2009251e+00
2.3700000e+02		2.3800000e+02		2.3750000e+02		1.3294723e+01		1.1561410e+01		1.7277232e+01		1.3563187e+01		4.7362562e+00		8.8269310e+00
2.3800000e+02		2.3900000e+02		2.3850000e+02		1.1021422e+01		9.6083275e+00		1.4325089e+01		1.1244546e+01		3.8713355e+00		7.3732109e+00
2.3900000e+02		2.4000000e+02		2.3950000e+02		1.2008577e+01		1.0494376e+01		1.5610278e+01		1.2252133e+01		4.1588978e+00		8.0932349e+00
2.4000000e+02		2.4100000e+02		2.4050000e+02		1.1032163e+01		9.6640122e+00		1.4342802e+01		1.1256179e+01		3.7671066e+00		7.4890722e+00
2.4100000e+02		2.4200000e+02		2.4150000e+02		1.2918879e+01		1.1343076e+01		1.6797612e+01		1.3181353e+01		4.3494101e+00		8.8319424e+00
2.4200000e+02		2.4300000e+02		2.4250000e+02		1.7782729e+01		1.5649181e+01		2.3124157e+01		1.8144013e+01		5.9028356e+00		1.2241178e+01
2.4300000e+02		2.4400000e+02		2.4350000e+02		1.6701989e+01		1.4730830e+01		2.1720814e+01		1.7041123e+01		5.4662108e+00		1.1574912e+01
2.4400000e+02		2.4500000e+02		2.4450000e+02		1.5641720e+01		1.3825744e+01		2.0343640e+01		1.5958981e+01		5.0472916e+00		1.0911689e+01
2.4500000e+02		2.4600000e+02		2.4550000e+02		1.2691134e+01		1.1241625e+01		1.6507333e+01		1.2948144e+01		4.0376666e+00		8.9104769e+00
2.4600000e+02		2.4700000e+02		2.4650000e+02		1.2350906e+01		1.0963073e+01		1.6065858e+01		1.2600518e+01		3.8742356e+00		8.7262825e+00
2.4700000e+02		2.4800000e+02		2.4750000e+02		1.3639226e+01		1.2131340e+01		1.7742709e+01		1.3914196e+01		4.2182832e+00		9.6959132e+00
2.4800000e+02		2.4900000e+02		2.4850000e+02		1.0938846e+01		9.7489378e+00		1.4230609e+01		1.1158743e+01		3.3356347e+00		7.8231082e+00
2.4900000e+02		2.5000000e+02		2.4950000e+02		1.3333262e+01		1.1906130e+01		1.7346307e+01		1.3600419e+01		4.0087325e+00		9.5916867e+00
2.5000000e+02		2.5100000e+02		2.5050000e+02		1.4401571e+01		1.2884708e+01		1.8736831e+01		1.4689088e+01		4.2692093e+00		1.0419879e+01
2.5100000e+02		2.5200000e+02		2.5150000e+02		1.2007424e+01		1.0762859e+01		1.5622443e+01		1.2246192e+01		3.5096035e+00		8.7365883e+00
2.5200000e+02		2.5300000e+02		2.5250000e+02		1.0794009e+01		9.6929654e+00		1.4044040e+01		1.1007725e+01		3.1107550e+00		7.8969701e+00
2.5300000e+02		2.5400000e+02		2.5350000e+02		1.3602371e+01		1.2236804e+01		1.7698301e+01		1.3870449e+01		3.8652458e+00		1.0005204e+01
2.5400000e+02		2.5500000e+02		2.5450000e+02		1.5384114e+01		1.3864022e+01		2.0016805e+01		1.5685820e+01		4.3104196e+00		1.1375400e+01
2.5500000e+02		2.5600000e+02		2.5550000e+02		2.0992062e+01		1.8950446e+01		2.7313693e+01		2.1401612e+01		5.7995222e+00		1.5602090e+01
2.5600000e+02		2.5700000e+02		2.5650000e+02		2.7040612e+01		2.4451924e+01		3.5183804e+01		2.7565290e+01		7.3663032e+00		2.0198987e+01
2.5700000e+02		2.5800000e+02		2.5750000e+02		3.3946512e+01		3.0747434e+01		4.4169287e+01		3.4601428e+01		9.1186485e+00		2.5482779e+01
2.5800000e+02		2.5900000e+02		2.5850000e+02		3.5732434e+01		3.2417451e+01		4.6492716e+01		3.6417704e+01		9.4646991e+00		2.6953005e+01
2.5900000e+02		2.6000000e+02		2.5950000e+02		3.0409976e+01		2.7632527e+01		3.9567054e+01		3.0989570e+01		7.9428470e+00		2.3046723e+01
2.6000000e+02		2.6100000e+02		2.6050000e+02		2.4915606e+01		2.2675157e+01		3.2417741e+01		2.5387443e+01		6.4173366e+00		1.8970106e+01
2.6100000e+02		2.6200000e+02		2.6150000e+02		2.5442742e+01		2.3190146e+01		3.3102995e+01		2.5921380e+01		6.4621673e+00		1.9459212e+01
2.6200000e+02		2.6300000e+02		2.6250000e+02		3.0366547e+01		2.7719311e+01		3.9508397e+01		3.0933928e+01		7.6058647e+00		2.3328063e+01
2.6300000e+02		2.6400000e+02		2.6350000e+02		4.5700096e+01		4.1777131e+01		5.9456638e+01		4.6548006e+01		1.1288012e+01		3.5259994e+01
2.6400000e+02		2.6500000e+02		2.6450000e+02		7.1249372e+01		6.5226544e+01		9.2694127e+01		7.2561842e+01		1.7355500e+01		5.5206341e+01
2.6500000e+02		2.6600000e+02		2.6550000e+02		7.4731454e+01		6.8510358e+01		9.7221280e+01		7.6097963e+01		1.7952466e+01		5.8145497e+01
2.6600000e+02		2.6700000e+02		2.6650000e+02		7.2446611e+01		6.6507143e+01		9.4245704e+01		7.3761402e+01		1.7163759e+01		5.6597642e+01
2.6700000e+02		2.6800000e+02		2.6750000e+02		7.2937204e+01		6.7047868e+01		9.4880533e+01		7.4250762e+01		1.7042231e+01		5.7208531e+01
2.6800000e+02		2.6900000e+02		2.6850000e+02		7.2239021e+01		6.6493907e+01		9.3968735e+01		7.3529851e+01		1.6647223e+01		5.6882628e+01
2.6900000e+02		2.7000000e+02		2.6950000e+02		6.7758000e+01		6.2450150e+01		8.8136276e+01		6.8959139e+01		1.5400433e+01		5.3558706e+01
2.7000000e+02		2.7100000e+02		2.7050000e+02		7.8281462e+01		7.2241004e+01		1.0182039e+02		7.9657936e+01		1.7548649e+01		6.2109287e+01
2.7100000e+02		2.7200000e+02		2.7150000e+02		6.5051220e+01		6.0106510e+01		8.4608149e+01		6.6185669e+01		1.4383444e+01		5.1802225e+01
2.7200000e+02		2.7300000e+02		2.7250000e+02		5.2331568e+01		4.8412842e+01		6.8061365e+01		5.3236592e+01		1.1413117e+01		4.1823475e+01
2.7300000e+02		2.7400000e+02		2.7350000e+02		5.5800645e+01		5.1684054e+01		7.2569743e+01		5.6757512e+01		1.2003930e+01		4.4753582e+01
2.7400000e+02		2.7500000e+02		2.7450000e+02		3.8398649e+01		3.5607693e+01		4.9935698e+01		3.9051472e+01		8.1480690e+00		3.0903403e+01
2.7500000e+02		2.7600000e+02		2.7550000e+02		5.1208696e+01		4.7541446e+01		6.6591240e+01		5.2071763e+01		1.0718844e+01		4.1352918e+01
2.7600000e+02		2.7700000e+02		2.7650000e+02		7.1318275e+01		6.6285836e+01		9.2736750e+01		7.2509731e+01		1.4725895e+01		5.7783836e+01
2.7700000e+02		2.7800000e+02		2.7750000e+02		6.8188493e+01		6.3447266e+01		8.8662358e+01		6.9317568e+01		1.3889285e+01		5.5428283e+01
2.7800000e+02		2.7900000e+02		2.7850000e+02		4.7024496e+01		4.3802487e+01		6.1140503e+01		4.7796163e+01		9.4491405e+00		3.8347023e+01
2.7900000e+02		2.8000000e+02		2.7950000e+02		2.6422560e+01		2.4638451e+01		3.4352314e+01		2.6852232e+01		5.2378613e+00		2.1614370e+01
2.8000000e+02		2.8100000e+02		2.8050000e+02		2.8982131e+01		2.7053534e+01		3.7677950e+01		2.9449125e+01		5.6680292e+00		2.3781096e+01
2.8100000e+02		2.8200000e+02		2.8150000e+02		6.0033324e+01		5.6096111e+01		7.8041360e+01		6.0991749e+01		1.1583203e+01		4.9408546e+01
2.8200000e+02		2.8300000e+02		2.8250000e+02		8.1733762e+01		7.6450478e+01		1.0624515e+02		8.3026524e+01		1.5559091e+01		6.7467433e+01
2.8300000e+02		2.8400000e+02		2.8350000e+02		8.4433091e+01		7.9053594e+01		1.0974763e+02		8.5756059e+01		1.5858203e+01		6.9897856e+01
2.8400000e+02		2.8500000e+02		2.8450000e+02		6.2255376e+01		5.8345591e+01		8.0915915e+01		6.3221656e+01		1.1536893e+01		5.1684763e+01
2.8500000e+02		2.8600000e+02		2.8550000e+02		4.0018063e+01		3.7540644e+01		5.2010081e+01		4.0633301e+01		7.3173040e+00		3.3315997e+01
2.8600000e+02		2.8700000e+02		2.8650000e+02		8.2001717e+01		7.6997295e+01		1.0656843e+02		8.3250375e+01		1.4794946e+01		6.8455429e+01
2.8700000e+02		2.8800000e+02		2.8750000e+02		9.5189148e+01		8.9462161e+01		1.2369925e+02		9.6624689e+01		1.6946724e+01		7.9677965e+01
2.8800000e+02		2.8900000e+02		2.8850000e+02		9.0460934e+01		8.5095217e+01		1.1754780e+02		9.1811986e+01		1.5892047e+01		7.5919940e+01
2.8900000e+02		2.9000000e+02		2.8950000e+02		1.3728321e+02		1.2925475e+02		1.7837935e+02		1.3931364e+02		2.3799579e+01		1.1551406e+02
2.9000000e+02		2.9100000e+02		2.9050000e+02		1.8023325e+02		1.6984081e+02		2.3417237e+02		1.8287288e+02		3.0834191e+01		1.5203869e+02
2.9100000e+02		2.9200000e+02		2.9150000e+02		1.7359450e+02		1.6372475e+02		2.2553304e+02		1.7611194e+02		2.9308407e+01		1.4680354e+02
2.9200000e+02		2.9300000e+02		2.9250000e+02		1.5421676e+02		1.4557088e+02		2.0034532e+02		1.5643113e+02		2.5695630e+01		1.3073550e+02
2.9300000e+02		2.9400000e+02		2.9350000e+02		1.6099986e+02		1.5209904e+02		2.0914452e+02		1.6328873e+02		2.6475097e+01		1.3681364e+02
2.9400000e+02		2.9500000e+02		2.9450000e+02		1.4991794e+02		1.4174450e+02		1.9473676e+02		1.5202807e+02		2.4331171e+01		1.2769690e+02
2.9500000e+02		2.9600000e+02		2.9550000e+02		1.6232431e+02		1.5359659e+02		2.1083912e+02		1.6458625e+02		2.6001797e+01		1.3858445e+02
2.9600000e+02		2.9700000e+02		2.9650000e+02		1.4851381e+02		1.4063847e+02		1.9288913e+02		1.5056256e+02		2.3480649e+01		1.2708191e+02
2.9700000e+02		2.9800000e+02		2.9750000e+02		1.5140866e+02		1.4348989e+02		1.9663687e+02		1.5347634e+02		2.3628196e+01		1.2984814e+02
2.9800000e+02		2.9900000e+02		2.9850000e+02		1.3012850e+02		1.2341570e+02		1.6898960e+02		1.3188764e+02		2.0044814e+01		1.1184283e+02
2.9900000e+02		3.0000000e+02		2.9950000e+02		1.4682541e+02		1.3935447e+02		1.9066112e+02		1.4879018e+02		2.2325120e+01		1.2646506e+02
3.0000000e+02		3.0100000e+02		3.0050000e+02		1.1681452e+02		1.1095135e+02		1.5168099e+02		1.1836182e+02		1.7533379e+01		1.0082845e+02
3.0100000e+02		3.0200000e+02		3.0150000e+02		1.3434477e+02		1.2769300e+02		1.7443297e+02		1.3610617e+02		1.9905773e+01		1.1620039e+02
3.0200000e+02		3.0300000e+02		3.0250000e+02		1.4142283e+02		1.3451509e+02		1.8361192e+02		1.4325811e+02		2.0686195e+01		1.2257191e+02
3.0300000e+02		3.0400000e+02		3.0350000e+02		1.8342160e+02		1.7458296e+02		2.3812525e+02		1.8577756e+02		2.6486691e+01		1.5929087e+02
3.0400000e+02		3.0500000e+02		3.0450000e+02		1.7556728e+02		1.6722057e+02		2.2791466e+02		1.7779923e+02		2.5029392e+01		1.5276984e+02
3.0500000e+02		3.0600000e+02		3.0550000e+02		1.7728071e+02		1.6896520e+02		2.3012509e+02		1.7951130e+02		2.4952328e+01		1.5455897e+02
3.0600000e+02		3.0700000e+02		3.0650000e+02		1.6814926e+02		1.6036717e+02		2.1825860e+02		1.7024318e+02		2.3366885e+01		1.4687629e+02
3.0700000e+02		3.0800000e+02		3.0750000e+02		1.8878816e+02		1.8016695e+02		2.4503334e+02		1.9111485e+02		2.5903014e+01		1.6521183e+02
3.0800000e+02		3.0900000e+02		3.0850000e+02		1.8529086e+02		1.7694140e+02		2.4047979e+02		1.8755086e+02		2.5102251e+01		1.6244861e+02
3.0900000e+02		3.1000000e+02		3.0950000e+02		1.5026991e+02		1.4358793e+02		1.9501629e+02		1.5208380e+02		2.0101443e+01		1.3198236e+02
3.1000000e+02		3.1100000e+02		3.1050000e+02		1.8913229e+02		1.8083291e+02		2.4543639e+02		1.9139164e+02		2.4982211e+01		1.6640942e+02
3.1100000e+02		3.1200000e+02		3.1150000e+02		2.2495083e+02		2.1520918e+02		2.9190090e+02		2.2761019e+02		2.9341090e+01		1.9826910e+02
3.1200000e+02		3.1300000e+02		3.1250000e+02		2.0030306e+02		1.9174225e+02		2.5990230e+02		2.0264644e+02		2.5799609e+01		1.7684683e+02
3.1300000e+02		3.1400000e+02		3.1350000e+02		2.1331645e+02		2.0431832e+02		2.7677174e+02		2.1578614e+02		2.7133151e+01		1.8865299e+02
3.1400000e+02		3.1500000e+02		3.1450000e+02		2.0119548e+02		1.9281894e+02		2.6103012e+02		2.0350060e+02		2.5273065e+01		1.7822753e+02
3.1500000e+02		3.1600000e+02		3.1550000e+02		1.9522773e+02		1.8720497e+02		2.5327311e+02		1.9744118e+02		2.4219126e+01		1.7322205e+02
3.1600000e+02		3.1700000e+02		3.1650000e+02		1.9043254e+02		1.8270793e+02		2.4703817e+02		1.9256912e+02		2.3331831e+01		1.6923729e+02
3.1700000e+02		3.1800000e+02		3.1750000e+02		2.4155434e+02		2.3188223e+02		3.1333814e+02		2.4423622e+02		2.9229855e+01		2.1500636e+02
3.1800000e+02		3.1900000e+02		3.1850000e+02		1.9952276e+02		1.9163621e+02		2.5880135e+02		2.0171486e+02		2.3846347e+01		1.7786851e+02
3.1900000e+02		3.2000000e+02		3.1950000e+02		2.1430874e+02		2.0594616e+02		2.7796481e+02		2.1663870e+02		2.5298823e+01		1.9133988e+02
3.2000000e+02		3.2100000e+02		3.2050000e+02		2.4621307e+02		2.3672814e+02		3.1932805e+02		2.4886193e+02		2.8708861e+01		2.2015307e+02
3.2100000e+02		3.2200000e+02		3.2150000e+02		2.0677326e+02		1.9890901e+02		2.6816158e+02		2.0897457e+02		2.3815356e+01		1.8515921e+02
3.2200000e+02		3.2300000e+02		3.2250000e+02		2.0765168e+02		1.9985419e+02		2.6928615e+02		2.0983923e+02		2.3624867e+01		1.8621436e+02
3.2300000e+02		3.2400000e+02		3.2350000e+02		2.0066974e+02		1.9322970e+02		2.6021782e+02		2.0276164e+02		2.2552797e+01		1.8020884e+02
3.2400000e+02		3.2500000e+02		3.2450000e+02		2.3629853e+02		2.2764796e+02		3.0640294e+02		2.3873608e+02		2.6234785e+01		2.1250130e+02
3.2500000e+02		3.2600000e+02		3.2550000e+02		2.7209498e+02		2.6225914e+02		3.5280066e+02		2.7487244e+02		2.9843402e+01		2.4502904e+02
3.2600000e+02		3.2700000e+02		3.2650000e+02		3.0699214e+02		2.9603386e+02		3.9802767e+02		3.1009305e+02		3.3264399e+01		2.7682865e+02
3.2700000e+02		3.2800000e+02		3.2750000e+02		2.9701525e+02		2.8654555e+02		3.8507213e+02		2.9998402e+02		3.1795752e+01		2.6818826e+02
3.2800000e+02		3.2900000e+02		3.2850000e+02		2.8673370e+02		2.7675230e+02		3.7172315e+02		2.8956973e+02		3.0326361e+01		2.5924337e+02
3.2900000e+02		3.3000000e+02		3.2950000e+02		3.3379807e+02		3.2232262e+02		4.3271546e+02		3.3706510e+02		3.4881074e+01		3.0218402e+02
3.3000000e+02		3.3100000e+02		3.3050000e+02		3.1443449e+02		3.0375856e+02		4.0759297e+02		3.1747983e+02		3.2464888e+01		2.8501495e+02
3.3100000e+02		3.3200000e+02		3.3150000e+02		3.0087994e+02		2.9079032e+02		3.9000291e+02		3.0376356e+02		3.0695016e+01		2.7306854e+02
3.3200000e+02		3.3300000e+02		3.3250000e+02		2.9519831e+02		2.8542104e+02		3.8261923e+02		2.9799793e+02		2.9757237e+01		2.6824069e+02
3.3300000e+02		3.3400000e+02		3.3350000e+02		2.8364288e+02		2.7436361e+02		3.6762354e+02		2.8630483e+02		2.8253215e+01		2.5805161e+02
3.3400000e+02		3.3500000e+02		3.3450000e+02		2.9883003e+02		2.8917352e+02		3.8728828e+02		3.0160524e+02		2.9413764e+01		2.7219148e+02
3.3500000e+02		3.3600000e+02		3.3550000e+02		2.9511053e+02		2.8569053e+02		3.8244917e+02		2.9782261e+02		2.8704802e+01		2.6911781e+02
3.3600000e+02		3.3700000e+02		3.3650000e+02		2.4313126e+02		2.3546484e+02		3.1507134e+02		2.4534236e+02		2.3370458e+01		2.2197190e+02
3.3700000e+02		3.3800000e+02		3.3750000e+02		2.5649874e+02		2.4850889e+02		3.3237827e+02		2.5880710e+02		2.4365833e+01		2.3444127e+02
3.3800000e+02		3.3900000e+02		3.3850000e+02		2.7748673e+02		2.6894761e+02		3.5955811e+02		2.7995797e+02		2.6050787e+01		2.5390719e+02
3.3900000e+02		3.4000000e+02		3.3950000e+02		2.9040264e+02		2.8157379e+02		3.7627651e+02		2.9296200e+02		2.6944790e+01		2.6601721e+02
3.4000000e+02		3.4100000e+02		3.4050000e+02		3.0654056e+02		2.9733310e+02		3.9716810e+02		3.0921406e+02		2.8110640e+01		2.8110342e+02
3.4100000e+02		3.4200000e+02		3.4150000e+02		2.7979685e+02		2.7149341e+02		3.6250108e+02		2.8221175e+02		2.5359873e+01		2.5685188e+02
3.4200000e+02		3.4300000e+02		3.4250000e+02		3.0344565e+02		2.9454800e+02		3.9312228e+02		3.0603747e+02		2.7184385e+01		2.7885309e+02
3.4300000e+02		3.4400000e+02		3.4350000e+02		2.9822260e+02		2.8958229e+02		3.8633829e+02		3.0074339e+02		2.6407443e+01		2.7433595e+02
3.4400000e+02		3.4500000e+02		3.4450000e+02		2.3986676e+02		2.3299974e+02		3.1072623e+02		2.4187327e+02		2.0995000e+01		2.2087827e+02
3.4500000e+02		3.4600000e+02		3.4550000e+02		2.8907088e+02		2.8089326e+02		3.7444930e+02		2.9146395e+02		2.5010533e+01		2.6645342e+02
3.4600000e+02		3.4700000e+02		3.4650000e+02		2.8069735e+02		2.7285041e+02		3.6358673e+02		2.8299706e+02		2.4007253e+01		2.5898981e+02
3.4700000e+02		3.4800000e+02		3.4750000e+02		2.7782009e+02		2.7014505e+02		3.5984426e+02		2.8007271e+02		2.3489082e+01		2.5658363e+02
3.4800000e+02		3.4900000e+02		3.4850000e+02		2.8744416e+02		2.7959651e+02		3.7229382e+02		2.8975075e+02		2.4025189e+01		2.6572556e+02
3.4900000e+02		3.5000000e+02		3.4950000e+02		2.7550877e+02		2.6807506e+02		3.5682014e+02		2.7769678e+02		2.2765244e+01		2.5493154e+02
3.5000000e+02		3.5100000e+02		3.5050000e+02		3.3002358e+02		3.2122295e+02		4.2740607e+02		3.3261753e+02		2.6959883e+01		3.0565765e+02
3.5100000e+02		3.5200000e+02		3.5150000e+02		3.0660572e+02		2.9852476e+02		3.9706164e+02		3.0899081e+02		2.4762928e+01		2.8422788e+02
3.5200000e+02		3.5300000e+02		3.5250000e+02		2.8324198e+02		2.7586348e+02		3.6678998e+02		2.8542267e+02		2.2617292e+01		2.6280538e+02
3.5300000e+02		3.5400000e+02		3.5350000e+02		3.2405327e+02		3.1570936e+02		4.1962232e+02		3.2652255e+02		2.5584275e+01		3.0093828e+02
3.5400000e+02		3.5500000e+02		3.5450000e+02		3.4586270e+02		3.3706005e+02		4.4784571e+02		3.4847114e+02		2.6998933e+01		3.2147221e+02
3.5500000e+02		3.5600000e+02		3.5550000e+02		3.2478382e+02		3.1661282e+02		4.2053465e+02		3.2720819e+02		2.5068932e+01		3.0213926e+02
3.5600000e+02		3.5700000e+02		3.5650000e+02		2.8234357e+02		2.7532184e+02		3.6556800e+02		2.8442958e+02		2.1549158e+01		2.6288042e+02
3.5700000e+02		3.5800000e+02		3.5750000e+02		2.4674321e+02		2.4067708e+02		3.1946152e+02		2.4854757e+02		1.8621766e+01		2.2992580e+02
3.5800000e+02		3.5900000e+02		3.5850000e+02		2.1181106e+02		2.0666318e+02		2.7422384e+02		2.1334416e+02		1.5807378e+01		1.9753678e+02
3.5900000e+02		3.6000000e+02		3.5950000e+02		3.0582840e+02		2.9848012e+02		3.9592944e+02		3.0801944e+02		2.2570274e+01		2.8544917e+02
3.6000000e+02		3.6100000e+02		3.6050000e+02		3.0178862e+02		2.9461972e+02		3.9068473e+02		3.0392871e+02		2.2025303e+01		2.8190341e+02
3.6100000e+02		3.6200000e+02		3.6150000e+02		2.8033735e+02		2.7375341e+02		3.6290111e+02		2.8230511e+02		2.0233554e+01		2.6207156e+02
3.6200000e+02		3.6300000e+02		3.6250000e+02		3.1645921e+02		3.0911082e+02		4.0964627e+02		3.1865797e+02		2.2588804e+01		2.9606917e+02
3.6300000e+02		3.6400000e+02		3.6350000e+02		3.0810145e+02		3.0102767e+02		3.9881282e+02		3.1022044e+02		2.1750318e+01		2.8847012e+02
3.6400000e+02		3.6500000e+02		3.6450000e+02		3.2221950e+02		3.1490463e+02		4.1707241e+02		3.2441315e+02		2.2497389e+01		3.0191576e+02
3.6500000e+02		3.6600000e+02		3.6550000e+02		3.6674574e+02		3.5851327e+02		4.7468899e+02		3.6921728e+02		2.5325953e+01		3.4389132e+02
3.6600000e+02		3.6700000e+02		3.6650000e+02		3.9198946e+02		3.8328857e+02		5.0734464e+02		3.9460445e+02		2.6773645e+01		3.6783080e+02
3.6700000e+02		3.6800000e+02		3.6750000e+02		3.7850004e+02		3.7019212e+02		4.8986835e+02		3.8099958e+02		2.5570742e+01		3.5542884e+02
3.6800000e+02		3.6900000e+02		3.6850000e+02		3.4895620e+02		3.4138180e+02		4.5161599e+02		3.5123744e+02		2.3318709e+01		3.2791873e+02
3.6900000e+02		3.7000000e+02		3.6950000e+02		3.8736224e+02		3.7904730e+02		5.0130353e+02		3.8986910e+02		2.5604652e+01		3.6426445e+02
3.7000000e+02		3.7100000e+02		3.7050000e+02		3.6351013e+02		3.5579336e+02		4.7041943e+02		3.6583902e+02		2.3768288e+01		3.4207073e+02
3.7100000e+02		3.7200000e+02		3.7150000e+02		3.7529261e+02		3.6741345e+02		4.8565086e+02		3.7767289e+02		2.4274089e+01		3.5339880e+02
3.7200000e+02		3.7300000e+02		3.7250000e+02		3.1177186e+02		3.0529819e+02		4.0343784e+02		3.1372947e+02		1.9948631e+01		2.9378084e+02
3.7300000e+02		3.7400000e+02		3.7350000e+02		2.7192112e+02		2.6633676e+02		3.5185877e+02		2.7361145e+02		1.7212107e+01		2.5639934e+02
3.7400000e+02		3.7500000e+02		3.7450000e+02		2.7832167e+02		2.7266830e+02		3.6012921e+02		2.8003453e+02		1.7428687e+01		2.6260584e+02
3.7500000e+02		3.7600000e+02		3.7550000e+02		3.1876744e+02		3.1236306e+02		4.1245000e+02		3.2070967e+02		1.9748300e+01		3.0096137e+02
3.7600000e+02		3.7700000e+02		3.7650000e+02		3.3048657e+02		3.2391888e+02		4.2759966e+02		3.3248018e+02		2.0256259e+01		3.1222392e+02
3.7700000e+02		3.7800000e+02		3.7750000e+02		3.8770864e+02		3.8008727e+02		5.0162058e+02		3.9002421e+02		2.3511051e+01		3.6651316e+02
3.7800000e+02		3.7900000e+02		3.7850000e+02		4.0380398e+02		3.9595200e+02		5.2242860e+02		4.0619177e+02		2.4227565e+01		3.8196421e+02
3.7900000e+02		3.8000000e+02		3.7950000e+02		3.2744385e+02		3.2114532e+02		4.2362328e+02		3.2936094e+02		1.9438378e+01		3.0992256e+02
3.8000000e+02		3.8100000e+02		3.8050000e+02		3.5656330e+02		3.4977836e+02		4.6128187e+02		3.5863025e+02		2.0943786e+01		3.3768646e+02
3.8100000e+02		3.8200000e+02		3.8150000e+02		3.2019140e+02		3.1416389e+02		4.1421548e+02		3.2202920e+02		1.8609509e+01		3.0341969e+02
3.8200000e+02		3.8300000e+02		3.8250000e+02		2.2964197e+02		2.2536525e+02		2.9706739e+02		2.3094706e+02		1.3206705e+01		2.1774035e+02
3.8300000e+02		3.8400000e+02		3.8350000e+02		2.0267593e+02		1.9894166e+02		2.6217610e+02		2.0381644e+02		1.1533859e+01		1.9228258e+02
3.8400000e+02		3.8500000e+02		3.8450000e+02		2.7111947e+02		2.6617727e+02		3.5070258e+02		2.7263016e+02		1.5267698e+01		2.5736246e+02
3.8500000e+02		3.8600000e+02		3.8550000e+02		2.8715912e+02		2.8198006e+02		3.7143972e+02		2.8874350e+02		1.6002471e+01		2.7274103e+02
3.8600000e+02		3.8700000e+02		3.8650000e+02		2.8837692e+02		2.8323092e+02		3.7300430e+02		2.8995245e+02		1.5903313e+01		2.7404914e+02
3.8700000e+02		3.8800000e+02		3.8750000e+02		2.8805300e+02		2.8296702e+02		3.7257481e+02		2.8961139e+02		1.5720750e+01		2.7389064e+02
3.8800000e+02		3.8900000e+02		3.8850000e+02		2.9209390e+02		2.8699085e+02		3.7779087e+02		2.9365874e+02		1.5776407e+01		2.7788234e+02
3.8900000e+02		3.9000000e+02		3.8950000e+02		3.5069332e+02		3.4463082e+02		4.5357016e+02		3.5255381e+02		1.8746011e+01		3.3380780e+02
3.9000000e+02		3.9100000e+02		3.9050000e+02		3.6838836e+02		3.6208663e+02		4.7644308e+02		3.7032374e+02		1.9489198e+01		3.5083454e+02
3.9100000e+02		3.9200000e+02		3.9150000e+02		3.9613874e+02		3.8943307e+02		5.1231929e+02		3.9819972e+02		2.0742112e+01		3.7745761e+02
3.9200000e+02		3.9300000e+02		3.9250000e+02		3.0403432e+02		2.9894136e+02		3.9319176e+02		3.0560079e+02		1.5756390e+01		2.8984440e+02
3.9300000e+02		3.9400000e+02		3.9350000e+02		1.8639471e+02		1.8330480e+02		2.4104821e+02		1.8734579e+02		9.5610798e+00		1.7778471e+02
3.9400000e+02		3.9500000e+02		3.9450000e+02		3.0813115e+02		3.0307611e+02		3.9846903e+02		3.0968821e+02		1.5644403e+01		2.9404381e+02
3.9500000e+02		3.9600000e+02		3.9550000e+02		3.7840801e+02		3.7226420e+02		4.8933701e+02		3.8030178e+02		1.9017108e+01		3.6128467e+02
3.9600000e+02		3.9700000e+02		3.9650000e+02		2.6140326e+02		2.5657938e+02		3.3720585e+02		2.6205342e+02		1.2951711e+01		2.4910171e+02
3.9700000e+02		3.9800000e+02		3.9750000e+02		2.9300657e+02		2.8748777e+02		3.7775422e+02		2.9355594e+02		1.4357429e+01		2.7919851e+02
3.9800000e+02		3.9900000e+02		3.9850000e+02		4.5124719e+02		4.4146612e+02		5.7997187e+02		4.5067044e+02		2.1777664e+01		4.2889278e+02
3.9900000e+02		4.0000000e+02		3.9950000e+02		4.9846141e+02		4.8630192e+02		6.3875813e+02		4.9631814e+02		2.3698615e+01		4.7261952e+02
4.0000000e+02		4.0100000e+02		4.0050000e+02		5.1407199e+02		5.0507985e+02		6.6329129e+02		5.1542273e+02		2.4471521e+01		4.9095121e+02
4.0100000e+02		4.0200000e+02		4.0150000e+02		5.3860814e+02		5.3038718e+02		6.9639528e+02		5.4115246e+02		2.5470923e+01		5.1568154e+02
4.0200000e+02		4.0300000e+02		4.0250000e+02		5.4526519e+02		5.3702712e+02		7.0498565e+02		5.4781645e+02		2.5527845e+01		5.2228861e+02
4.0300000e+02		4.0400000e+02		4.0350000e+02		5.2165796e+02		5.1385636e+02		6.7444736e+02		5.2407559e+02		2.4178943e+01		4.9989664e+02
4.0400000e+02		4.0500000e+02		4.0450000e+02		5.1300620e+02		5.0541149e+02		6.6324603e+02		5.1536119e+02		2.3541251e+01		4.9181994e+02
4.0500000e+02		4.0600000e+02		4.0550000e+02		5.1256585e+02		5.0505411e+02		6.6266136e+02		5.1489655e+02		2.3287472e+01		4.9160908e+02
4.0600000e+02		4.0700000e+02		4.0650000e+02		4.9035274e+02		4.8323876e+02		6.3392902e+02		4.9256138e+02		2.2057552e+01		4.7050382e+02
4.0700000e+02		4.0800000e+02		4.0750000e+02		4.9838294e+02		4.9122494e+02		6.4429587e+02		5.0060658e+02		2.2197197e+01		4.7840938e+02
4.0800000e+02		4.0900000e+02		4.0850000e+02		5.2990289e+02		5.2236829e+02		6.8502863e+02		5.3224491e+02		2.3368332e+01		5.0887658e+02
4.0900000e+02		4.1000000e+02		4.0950000e+02		5.2713439e+02		5.1971392e+02		6.8143455e+02		5.2944229e+02		2.3017565e+01		5.0642473e+02
4.1000000e+02		4.1100000e+02		4.1050000e+02		4.8293937e+02		4.7620868e+02		6.2428928e+02		4.8503395e+02		2.0880811e+01		4.6415314e+02
4.1100000e+02		4.1200000e+02		4.1150000e+02		5.5986852e+02		5.5214312e+02		7.2371886e+02		5.6227403e+02		2.3969975e+01		5.3830405e+02
4.1200000e+02		4.1300000e+02		4.1250000e+02		5.4940473e+02		5.4189878e+02		7.1017750e+02		5.5174322e+02		2.3292212e+01		5.2845101e+02
4.1300000e+02		4.1400000e+02		4.1350000e+02		5.2995399e+02		5.2278528e+02		6.8502032e+02		5.3218866e+02		2.2248631e+01		5.0994003e+02
4.1400000e+02		4.1500000e+02		4.1450000e+02		5.3771640e+02		5.3051435e+02		6.9503943e+02		5.3996269e+02		2.2355025e+01		5.1760767e+02
4.1500000e+02		4.1600000e+02		4.1550000e+02		5.3722776e+02		5.3010297e+02		6.9439339e+02		5.3945116e+02		2.2118074e+01		5.1733309e+02
4.1600000e+02		4.1700000e+02		4.1650000e+02		5.5745703e+02		5.5011771e+02		7.2050146e+02		5.5972349e+02		2.2727520e+01		5.3699597e+02
4.1700000e+02		4.1800000e+02		4.1750000e+02		5.0725322e+02		5.0059150e+02		6.5553745e+02		5.0924642e+02		2.0477752e+01		4.8876866e+02
4.1800000e+02		4.1900000e+02		4.1850000e+02		5.2601513e+02		5.1858235e+02		6.7899873e+02		5.2745418e+02		2.0990982e+01		5.0646320e+02
4.1900000e+02		4.2000000e+02		4.1950000e+02		5.3123875e+02		5.2442927e+02		6.8655058e+02		5.3332079e+02		2.1037557e+01		5.1228323e+02
4.2000000e+02		4.2100000e+02		4.2050000e+02		5.3797708e+02		5.3118363e+02		6.9529196e+02		5.4010262e+02		2.1102566e+01		5.1900005e+02
4.2100000e+02		4.2200000e+02		4.2150000e+02		5.2958361e+02		5.2296089e+02		6.8443074e+02		5.3165677e+02		2.0574664e+01		5.1108210e+02
4.2200000e+02		4.2300000e+02		4.2250000e+02		5.0190537e+02		4.9568948e+02		6.4864704e+02		5.0385214e+02		1.9313061e+01		4.8453908e+02
4.2300000e+02		4.2400000e+02		4.2350000e+02		5.3474862e+02		5.2818981e+02		6.9107946e+02		5.3680380e+02		2.0380904e+01		5.1642289e+02
4.2400000e+02		4.2500000e+02		4.2450000e+02		5.5328403e+02		5.4656313e+02		7.1502011e+02		5.5539102e+02		2.0886995e+01		5.3450402e+02
4.2500000e+02		4.2600000e+02		4.2550000e+02		5.3248014e+02		5.2607400e+02		6.8812198e+02		5.3448941e+02		1.9911082e+01		5.1457833e+02
4.2600000e+02		4.2700000e+02		4.2650000e+02		5.3029841e+02		5.2397955e+02		6.8528989e+02		5.3228123e+02		1.9641988e+01		5.1263925e+02
4.2700000e+02		4.2800000e+02		4.2750000e+02		4.9171747e+02		4.8591426e+02		6.3542120e+02		4.9353934e+02		1.8041128e+01		4.7549821e+02
4.2800000e+02		4.2900000e+02		4.2850000e+02		4.9494538e+02		4.8915970e+02		6.3958091e+02		4.9676258e+02		1.7988593e+01		4.7877398e+02
4.2900000e+02		4.3000000e+02		4.2950000e+02		4.6063718e+02		4.5530372e+02		5.9523634e+02		4.6231310e+02		1.6584379e+01		4.4572872e+02
4.3000000e+02		4.3100000e+02		4.3050000e+02		3.7055843e+02		3.6630861e+02		4.7882792e+02		3.7189444e+02		1.3216226e+01		3.5867821e+02
4.3100000e+02		4.3200000e+02		4.3150000e+02		4.5818753e+02		4.5298240e+02		5.9205006e+02		4.5982458e+02		1.6188772e+01		4.4363581e+02
4.3200000e+02		4.3300000e+02		4.3250000e+02		5.1625369e+02		5.1044424e+02		6.6706908e+02		5.1808160e+02		1.8070200e+01		5.0001140e+02
4.3300000e+02		4.3400000e+02		4.3350000e+02		5.6047485e+02		5.5422713e+02		7.2419635e+02		5.6244151e+02		1.9435435e+01		5.4300608e+02
4.3400000e+02		4.3500000e+02		4.3450000e+02		4.7595241e+02		4.7069669e+02		6.1497345e+02		4.7760752e+02		1.6351184e+01		4.6125633e+02
4.3500000e+02		4.3600000e+02		4.3550000e+02		5.3162725e+02		5.2581169e+02		6.8689885e+02		5.3345943e+02		1.8094747e+01		5.1536468e+02
4.3600000e+02		4.3700000e+02		4.3650000e+02		5.9481241e+02		5.8836636e+02		7.6852568e+02		5.9684407e+02		2.0058466e+01		5.7678560e+02
4.3700000e+02		4.3800000e+02		4.3750000e+02		5.2629983e+02		5.2064951e+02		6.7999301e+02		5.2808142e+02		1.7584092e+01		5.1049733e+02
4.3800000e+02		4.3900000e+02		4.3850000e+02		5.1257868e+02		5.0712689e+02		6.6225416e+02		5.1429837e+02		1.6967916e+01		4.9733046e+02
4.3900000e+02		4.4000000e+02		4.3950000e+02		5.7051902e+02		5.6445899e+02		7.3703875e+02		5.7236667e+02		1.8709769e+01		5.5365690e+02
4.4000000e+02		4.4100000e+02		4.4050000e+02		5.4089681e+02		5.3495708e+02		6.9843851e+02		5.4237979e+02		1.7562314e+01		5.2481747e+02
4.4100000e+02		4.4200000e+02		4.4150000e+02		5.9491633e+02		5.8370887e+02		7.6203504e+02		5.9169079e+02		1.8885420e+01		5.7280537e+02
4.4200000e+02		4.4300000e+02		4.4250000e+02		6.2544254e+02		6.1035358e+02		7.9675499e+02		6.1859328e+02		1.9495332e+01		5.9909795e+02
4.4300000e+02		4.4400000e+02		4.4350000e+02		6.0497206e+02		5.9086456e+02		7.7122630e+02		5.9877154e+02		1.8708118e+01		5.8006342e+02
4.4400000e+02		4.4500000e+02		4.4450000e+02		6.2324411e+02		6.0294482e+02		7.8695146e+02		6.1088968e+02		1.8797737e+01		5.9209194e+02
4.4500000e+02		4.4600000e+02		4.4550000e+02		5.7783999e+02		5.6032282e+02		7.3123463e+02		5.6764904e+02		1.7334022e+01		5.5031502e+02
4.4600000e+02		4.4700000e+02		4.4650000e+02		5.8940025e+02		5.7888212e+02		7.5532030e+02		5.8644409e+02		1.7891803e+01		5.6855229e+02
4.4700000e+02		4.4800000e+02		4.4750000e+02		6.3881895e+02		6.2933470e+02		8.2105020e+02		6.3749662e+02		1.9311312e+01		6.1818530e+02
4.4800000e+02		4.4900000e+02		4.4850000e+02		6.2805979e+02		6.2091256e+02		8.0996221e+02		6.2891001e+02		1.8922181e+01		6.0998783e+02
4.4900000e+02		4.5000000e+02		4.4950000e+02		6.3454704e+02		6.2830278e+02		8.1951107e+02		6.3632976e+02		1.8992056e+01		6.1733771e+02
4.5000000e+02		4.5100000e+02		4.5050000e+02		6.7325368e+02		6.6684176e+02		8.6968856e+02		6.7528537e+02		1.9977813e+01		6.5530756e+02
4.5100000e+02		4.5200000e+02		4.5150000e+02		6.7122600e+02		6.6489101e+02		8.6705699e+02		6.7323401e+02		1.9739772e+01		6.5349424e+02
4.5200000e+02		4.5300000e+02		4.5250000e+02		6.3541039e+02		6.2946752e+02		8.2078059e+02		6.3729476e+02		1.8519440e+01		6.1877532e+02
4.5300000e+02		4.5400000e+02		4.5350000e+02		6.0888666e+02		6.0324308e+02		7.8650808e+02		6.1067674e+02		1.7588214e+01		5.9308852e+02
4.5400000e+02		4.5500000e+02		4.5450000e+02		6.4999363e+02		6.4402304e+02		8.3959504e+02		6.5188807e+02		1.8608867e+01		6.3327920e+02
4.5500000e+02		4.5600000e+02		4.5550000e+02		6.4380306e+02		6.3794213e+02		8.3158741e+02		6.4566332e+02		1.8268519e+01		6.2739480e+02
4.5600000e+02		4.5700000e+02		4.5650000e+02		6.6853861e+02		6.6250688e+02		8.6352618e+02		6.7045371e+02		1.8802404e+01		6.5165131e+02
4.5700000e+02		4.5800000e+02		4.5750000e+02		6.7499745e+02		6.6896175e+02		8.7185719e+02		6.7691443e+02		1.8816249e+01		6.5809818e+02
4.5800000e+02		4.5900000e+02		4.5850000e+02		6.3439039e+02		6.2876821e+02		8.1939647e+02		6.3617661e+02		1.7528445e+01		6.1864816e+02
4.5900000e+02		4.6000000e+02		4.5950000e+02		6.5539586e+02		6.4963902e+02		8.4651668e+02		6.5722544e+02		1.7949664e+01		6.3927577e+02
4.6000000e+02		4.6100000e+02		4.6050000e+02		6.4752339e+02		6.4188598e+02		8.3633771e+02		6.4931557e+02		1.7578611e+01		6.3173696e+02
4.6100000e+02		4.6200000e+02		4.6150000e+02		6.6245412e+02		6.5673735e+02		8.5561128e+02		6.6427209e+02		1.7827382e+01		6.4644471e+02
4.6200000e+02		4.6300000e+02		4.6250000e+02		6.6901120e+02		6.6328851e+02		8.6406936e+02		6.7083161e+02		1.7847165e+01		6.5298444e+02
4.6300000e+02		4.6400000e+02		4.6350000e+02		6.4662616e+02		6.4114354e+02		8.3514724e+02		6.4837073e+02		1.7099709e+01		6.3127102e+02
4.6400000e+02		4.6500000e+02		4.6450000e+02		6.5795753e+02		6.5242790e+02		8.4977165e+02		6.5971759e+02		1.7247583e+01		6.4247000e+02
4.6500000e+02		4.6600000e+02		4.6550000e+02		6.3552746e+02		6.3023334e+02		8.2079242e+02		6.3721305e+02		1.6514182e+01		6.2069887e+02
4.6600000e+02		4.6700000e+02		4.6650000e+02		6.3955371e+02		6.3427263e+02		8.2598232e+02		6.4123564e+02		1.6474654e+01		6.2476099e+02
4.6700000e+02		4.6800000e+02		4.6750000e+02		6.4572639e+02		6.3869424e+02		8.3168528e+02		6.4563216e+02		1.6415295e+01		6.2921687e+02
4.6800000e+02		4.6900000e+02		4.6850000e+02		6.3145002e+02		6.2477982e+02		8.1349704e+02		6.3150873e+02		1.5920778e+01		6.1558795e+02
4.6900000e+02		4.7000000e+02		4.6950000e+02		6.4956875e+02		6.4101000e+02		8.3457615e+02		6.4784157e+02		1.6163668e+01		6.3167790e+02
4.7000000e+02		4.7100000e+02		4.7050000e+02		6.1381170e+02		6.0562423e+02		7.8844186e+02		6.1202181e+02		1.5136832e+01		5.9688497e+02
4.7100000e+02		4.7200000e+02		4.7150000e+02		6.4174114e+02		6.3247815e+02		8.2334239e+02		6.3909654e+02		1.5659280e+01		6.2343726e+02
4.7200000e+02		4.7300000e+02		4.7250000e+02		6.5742798e+02		6.4776136e+02		8.4317239e+02		6.5447974e+02		1.5895851e+01		6.3858389e+02
4.7300000e+02		4.7400000e+02		4.7350000e+02		6.4563741e+02		6.3355643e+02		8.2464135e+02		6.4005324e+02		1.5371624e+01		6.2468162e+02
4.7400000e+02		4.7500000e+02		4.7450000e+02		6.6512717e+02		6.5673459e+02		8.5470641e+02		6.6343823e+02		1.5860988e+01		6.4757725e+02
4.7500000e+02		4.7600000e+02		4.7550000e+02		6.6365303e+02		6.5810500e+02		8.5639794e+02		6.6478378e+02		1.5802154e+01		6.4898163e+02
4.7600000e+02		4.7700000e+02		4.7650000e+02		6.3952653e+02		6.3468339e+02		8.2585158e+02		6.4107251e+02		1.5116824e+01		6.2595569e+02
4.7700000e+02		4.7800000e+02		4.7750000e+02		6.6772274e+02		6.6270962e+02		8.6225409e+02		6.6932414e+02		1.5650135e+01		6.5367401e+02
4.7800000e+02		4.7900000e+02		4.7850000e+02		6.6128260e+02		6.5635986e+02		8.5392856e+02		6.6285553e+02		1.5368906e+01		6.4748662e+02
4.7900000e+02		4.8000000e+02		4.7950000e+02		6.6320839e+02		6.5831316e+02		8.5640626e+02		6.6477292e+02		1.5283959e+01		6.4948896e+02
4.8000000e+02		4.8100000e+02		4.8050000e+02		6.6489751e+02		6.6003146e+02		8.5857836e+02		6.6645311e+02		1.5193797e+01		6.5125931e+02
4.8100000e+02		4.8200000e+02		4.8150000e+02		6.6630748e+02		6.6147252e+02		8.6039001e+02		6.6785352e+02		1.5097620e+01		6.5275590e+02
4.8200000e+02		4.8300000e+02		4.8250000e+02		6.6376999e+02		6.5899413e+02		8.5710452e+02		6.6529751e+02		1.4913960e+01		6.5038355e+02
4.8300000e+02		4.8400000e+02		4.8350000e+02		6.5373157e+02		6.4836227e+02		8.4322316e+02		6.5450729e+02		1.4539286e+01		6.3996801e+02
4.8400000e+02		4.8500000e+02		4.8450000e+02		6.4242337e+02		6.3578491e+02		8.2682113e+02		6.4175142e+02		1.4116900e+01		6.2763452e+02
4.8500000e+02		4.8600000e+02		4.8550000e+02		6.0369332e+02		5.9531438e+02		7.7415772e+02		6.0084092e+02		1.3075943e+01		5.8776498e+02
4.8600000e+02		4.8700000e+02		4.8650000e+02		5.2412565e+02		5.1868248e+02		6.7444004e+02		5.2346832e+02		1.1323417e+01		5.1214491e+02
4.8700000e+02		4.8800000e+02		4.8750000e+02		5.9966111e+02		5.9170056e+02		7.6935011e+02		5.9710390e+02		1.2784437e+01		5.8431946e+02
4.8800000e+02		4.8900000e+02		4.8850000e+02		6.3081686e+02		6.2244776e+02		8.0927453e+02		6.2808434e+02		1.3336301e+01		6.1474804e+02
4.8900000e+02		4.9000000e+02		4.8950000e+02		6.1880396e+02		6.1098380e+02		7.9431319e+02		6.1647269e+02		1.2986836e+01		6.0348585e+02
4.9000000e+02		4.9100000e+02		4.9050000e+02		6.5907671e+02		6.5205635e+02		8.4764106e+02		6.5787312e+02		1.3762634e+01		6.4411049e+02
4.9100000e+02		4.9200000e+02		4.9150000e+02		6.2110374e+02		6.1421260e+02		7.9839700e+02		6.1964462e+02		1.2852287e+01		6.0679233e+02
4.9200000e+02		4.9300000e+02		4.9250000e+02		5.9112858e+02		5.8672798e+02		7.6259965e+02		5.9188645e+02		1.2205060e+01		5.7968139e+02
4.9300000e+02		4.9400000e+02		4.9350000e+02		6.2472140e+02		6.2042173e+02		8.0633816e+02		6.2583330e+02		1.2803911e+01		6.1302939e+02
4.9400000e+02		4.9500000e+02		4.9450000e+02		6.4279699e+02		6.3861317e+02		8.2992612e+02		6.4413882e+02		1.3073813e+01		6.3106501e+02
4.9500000e+02		4.9600000e+02		4.9550000e+02		6.3133158e+02		6.2725607e+02		8.1511553e+02		6.3263895e+02		1.2736045e+01		6.1990291e+02
4.9600000e+02		4.9700000e+02		4.9650000e+02		6.3921352e+02		6.3512097e+02		8.2528449e+02		6.4052663e+02		1.2789948e+01		6.2773669e+02
4.9700000e+02		4.9800000e+02		4.9750000e+02		6.5113923e+02		6.4700440e+02		8.4067420e+02		6.5246618e+02		1.2922710e+01		6.3954347e+02
4.9800000e+02		4.9900000e+02		4.9850000e+02		5.9175801e+02		5.8760251e+02		7.6344922e+02		5.9251996e+02		1.1634824e+01		5.8088514e+02
4.9900000e+02		5.0000000e+02		4.9950000e+02		6.3385792e+02		6.2733343e+02		8.1504290e+02		6.3252908e+02		1.2293038e+01		6.2023604e+02
