Left Bin Edge (nm)	Right Bin Edge (nm)	Bin Center (nm)		Top of Atm Intensity (erg/s/nm/cm2)		Total Surface Flux (erg/s/nm/cm2)		Total Intensity at BOA (erg/s/nm/cm2)		Total Surface Intensity (erg/s/nm/cm2)		Total Surface Diffuse Intensity (erg/s/nm/cm2)		Total Surface Direct Intensity (erg/s/nm/cm2)
1.0000000e+02		1.0100000e+02		1.0050000e+02		1.9189487e-02		0.0000000e+00		0.0000000e+00		0.0000000e+00		0.0000000e+00		0.0000000e+00
1.0100000e+02		1.0200000e+02		1.0150000e+02		7.4861701e-02		0.0000000e+00		0.0000000e+00		0.0000000e+00		0.0000000e+00		0.0000000e+00
1.0200000e+02		1.0300000e+02		1.0250000e+02		3.9734366e-01		0.0000000e+00		0.0000000e+00		0.0000000e+00		0.0000000e+00		0.0000000e+00
1.0300000e+02		1.0400000e+02		1.0350000e+02		3.0179545e-01		0.0000000e+00		0.0000000e+00		0.0000000e+00		0.0000000e+00		0.0000000e+00
1.0400000e+02		1.0500000e+02		1.0450000e+02		6.0815352e-02		0.0000000e+00		0.0000000e+00		0.0000000e+00		0.0000000e+00		0.0000000e+00
1.0500000e+02		1.0600000e+02		1.0550000e+02		2.0834600e-02		0.0000000e+00		0.0000000e+00		0.0000000e+00		0.0000000e+00		0.0000000e+00
1.0600000e+02		1.0700000e+02		1.0650000e+02		1.9584792e-02		0.0000000e+00		0.0000000e+00		0.0000000e+00		0.0000000e+00		0.0000000e+00
1.0700000e+02		1.0800000e+02		1.0750000e+02		2.1853879e-02		0.0000000e+00		0.0000000e+00		0.0000000e+00		0.0000000e+00		0.0000000e+00
1.0800000e+02		1.0900000e+02		1.0850000e+02		3.0634999e-02		0.0000000e+00		0.0000000e+00		0.0000000e+00		0.0000000e+00		0.0000000e+00
1.0900000e+02		1.1000000e+02		1.0950000e+02		2.4032561e-02		0.0000000e+00		0.0000000e+00		0.0000000e+00		0.0000000e+00		0.0000000e+00
1.1000000e+02		1.1100000e+02		1.1050000e+02		2.3268893e-02		0.0000000e+00		0.0000000e+00		0.0000000e+00		0.0000000e+00		0.0000000e+00
1.1100000e+02		1.1200000e+02		1.1150000e+02		2.1871272e-02		0.0000000e+00		0.0000000e+00		0.0000000e+00		0.0000000e+00		0.0000000e+00
1.1200000e+02		1.1300000e+02		1.1250000e+02		2.2375602e-02		0.0000000e+00		0.0000000e+00		0.0000000e+00		0.0000000e+00		0.0000000e+00
1.1300000e+02		1.1400000e+02		1.1350000e+02		1.7748133e-02		0.0000000e+00		0.0000000e+00		0.0000000e+00		0.0000000e+00		0.0000000e+00
1.1400000e+02		1.1500000e+02		1.1450000e+02		1.3589480e-02		0.0000000e+00		0.0000000e+00		0.0000000e+00		0.0000000e+00		0.0000000e+00
1.1500000e+02		1.1600000e+02		1.1550000e+02		1.8751615e-02		0.0000000e+00		0.0000000e+00		0.0000000e+00		0.0000000e+00		0.0000000e+00
1.1600000e+02		1.1700000e+02		1.1650000e+02		4.3674487e-02		0.0000000e+00		0.0000000e+00		0.0000000e+00		0.0000000e+00		0.0000000e+00
1.1700000e+02		1.1800000e+02		1.1750000e+02		1.5546757e-01		0.0000000e+00		0.0000000e+00		0.0000000e+00		0.0000000e+00		0.0000000e+00
1.1800000e+02		1.1900000e+02		1.1850000e+02		5.2889236e-02		0.0000000e+00		0.0000000e+00		0.0000000e+00		0.0000000e+00		0.0000000e+00
1.1900000e+02		1.2000000e+02		1.1950000e+02		7.3692884e-02		0.0000000e+00		0.0000000e+00		0.0000000e+00		0.0000000e+00		0.0000000e+00
1.2000000e+02		1.2100000e+02		1.2050000e+02		4.0066072e-01		0.0000000e+00		0.0000000e+00		0.0000000e+00		0.0000000e+00		0.0000000e+00
1.2100000e+02		1.2200000e+02		1.2150000e+02		1.5905289e+01		0.0000000e+00		0.0000000e+00		0.0000000e+00		0.0000000e+00		0.0000000e+00
1.2200000e+02		1.2300000e+02		1.2250000e+02		1.0666543e-01		0.0000000e+00		0.0000000e+00		0.0000000e+00		0.0000000e+00		0.0000000e+00
1.2300000e+02		1.2400000e+02		1.2350000e+02		5.7456553e-02		0.0000000e+00		0.0000000e+00		0.0000000e+00		0.0000000e+00		0.0000000e+00
1.2400000e+02		1.2500000e+02		1.2450000e+02		4.6184197e-02		0.0000000e+00		0.0000000e+00		0.0000000e+00		0.0000000e+00		0.0000000e+00
1.2500000e+02		1.2600000e+02		1.2550000e+02		4.5085118e-02		0.0000000e+00		0.0000000e+00		0.0000000e+00		0.0000000e+00		0.0000000e+00
1.2600000e+02		1.2700000e+02		1.2650000e+02		6.3054464e-02		0.0000000e+00		0.0000000e+00		0.0000000e+00		0.0000000e+00		0.0000000e+00
1.2700000e+02		1.2800000e+02		1.2750000e+02		3.3006429e-02		0.0000000e+00		0.0000000e+00		0.0000000e+00		0.0000000e+00		0.0000000e+00
1.2800000e+02		1.2900000e+02		1.2850000e+02		2.6335196e-02		0.0000000e+00		0.0000000e+00		0.0000000e+00		0.0000000e+00		0.0000000e+00
1.2900000e+02		1.3000000e+02		1.2950000e+02		3.5131240e-02		0.0000000e+00		0.0000000e+00		0.0000000e+00		0.0000000e+00		0.0000000e+00
1.3000000e+02		1.3100000e+02		1.3050000e+02		2.8850634e-01		0.0000000e+00		0.0000000e+00		0.0000000e+00		0.0000000e+00		0.0000000e+00
1.3100000e+02		1.3200000e+02		1.3150000e+02		3.9064855e-02		0.0000000e+00		0.0000000e+00		0.0000000e+00		0.0000000e+00		0.0000000e+00
1.3200000e+02		1.3300000e+02		1.3250000e+02		3.0374778e-02		0.0000000e+00		0.0000000e+00		0.0000000e+00		0.0000000e+00		0.0000000e+00
1.3300000e+02		1.3400000e+02		1.3350000e+02		4.1056606e-01		0.0000000e+00		0.0000000e+00		0.0000000e+00		0.0000000e+00		0.0000000e+00
1.3400000e+02		1.3500000e+02		1.3450000e+02		2.8092500e-02		0.0000000e+00		0.0000000e+00		0.0000000e+00		0.0000000e+00		0.0000000e+00
1.3500000e+02		1.3600000e+02		1.3550000e+02		5.8954708e-02		0.0000000e+00		0.0000000e+00		0.0000000e+00		0.0000000e+00		0.0000000e+00
1.3600000e+02		1.3700000e+02		1.3650000e+02		3.8690656e-02		0.0000000e+00		0.0000000e+00		0.0000000e+00		0.0000000e+00		0.0000000e+00
1.3700000e+02		1.3800000e+02		1.3750000e+02		3.9732879e-02		0.0000000e+00		0.0000000e+00		0.0000000e+00		0.0000000e+00		0.0000000e+00
1.3800000e+02		1.3900000e+02		1.3850000e+02		4.0549866e-02		0.0000000e+00		0.0000000e+00		0.0000000e+00		0.0000000e+00		0.0000000e+00
1.3900000e+02		1.4000000e+02		1.3950000e+02		1.3692187e-01		0.0000000e+00		0.0000000e+00		0.0000000e+00		0.0000000e+00		0.0000000e+00
1.4000000e+02		1.4100000e+02		1.4050000e+02		1.1939088e-01		0.0000000e+00		0.0000000e+00		0.0000000e+00		0.0000000e+00		0.0000000e+00
1.4100000e+02		1.4200000e+02		1.4150000e+02		5.7521948e-02		0.0000000e+00		0.0000000e+00		0.0000000e+00		0.0000000e+00		0.0000000e+00
1.4200000e+02		1.4300000e+02		1.4250000e+02		6.2343151e-02		0.0000000e+00		0.0000000e+00		0.0000000e+00		0.0000000e+00		0.0000000e+00
1.4300000e+02		1.4400000e+02		1.4350000e+02		6.9165895e-02		0.0000000e+00		0.0000000e+00		0.0000000e+00		0.0000000e+00		0.0000000e+00
1.4400000e+02		1.4500000e+02		1.4450000e+02		6.6149126e-02		0.0000000e+00		0.0000000e+00		0.0000000e+00		0.0000000e+00		0.0000000e+00
1.4500000e+02		1.4600000e+02		1.4550000e+02		7.0536262e-02		0.0000000e+00		0.0000000e+00		0.0000000e+00		0.0000000e+00		0.0000000e+00
1.4600000e+02		1.4700000e+02		1.4650000e+02		8.6012655e-02		0.0000000e+00		0.0000000e+00		0.0000000e+00		0.0000000e+00		0.0000000e+00
1.4700000e+02		1.4800000e+02		1.4750000e+02		1.0610345e-01		0.0000000e+00		0.0000000e+00		0.0000000e+00		0.0000000e+00		0.0000000e+00
1.4800000e+02		1.4900000e+02		1.4850000e+02		1.0405386e-01		0.0000000e+00		0.0000000e+00		0.0000000e+00		0.0000000e+00		0.0000000e+00
1.4900000e+02		1.5000000e+02		1.4950000e+02		9.4002421e-02		0.0000000e+00		0.0000000e+00		0.0000000e+00		0.0000000e+00		0.0000000e+00
1.5000000e+02		1.5100000e+02		1.5050000e+02		1.0343288e-01		0.0000000e+00		0.0000000e+00		0.0000000e+00		0.0000000e+00		0.0000000e+00
1.5100000e+02		1.5200000e+02		1.5150000e+02		1.0875212e-01		0.0000000e+00		0.0000000e+00		0.0000000e+00		0.0000000e+00		0.0000000e+00
1.5200000e+02		1.5300000e+02		1.5250000e+02		1.3876638e-01		0.0000000e+00		0.0000000e+00		0.0000000e+00		0.0000000e+00		0.0000000e+00
1.5300000e+02		1.5400000e+02		1.5350000e+02		1.5371418e-01		0.0000000e+00		0.0000000e+00		0.0000000e+00		0.0000000e+00		0.0000000e+00
1.5400000e+02		1.5500000e+02		1.5450000e+02		4.1112511e-01		0.0000000e+00		0.0000000e+00		0.0000000e+00		0.0000000e+00		0.0000000e+00
1.5500000e+02		1.5600000e+02		1.5550000e+02		3.3836363e-01		0.0000000e+00		0.0000000e+00		0.0000000e+00		0.0000000e+00		0.0000000e+00
1.5600000e+02		1.5700000e+02		1.5650000e+02		2.0084632e-01		0.0000000e+00		0.0000000e+00		0.0000000e+00		0.0000000e+00		0.0000000e+00
1.5700000e+02		1.5800000e+02		1.5750000e+02		1.8216796e-01		0.0000000e+00		0.0000000e+00		0.0000000e+00		0.0000000e+00		0.0000000e+00
1.5800000e+02		1.5900000e+02		1.5850000e+02		1.6795176e-01		0.0000000e+00		0.0000000e+00		0.0000000e+00		0.0000000e+00		0.0000000e+00
1.5900000e+02		1.6000000e+02		1.5950000e+02		1.6379377e-01		0.0000000e+00		0.0000000e+00		0.0000000e+00		0.0000000e+00		0.0000000e+00
1.6000000e+02		1.6100000e+02		1.6050000e+02		1.7926410e-01		0.0000000e+00		0.0000000e+00		0.0000000e+00		0.0000000e+00		0.0000000e+00
1.6100000e+02		1.6200000e+02		1.6150000e+02		2.0306941e-01		0.0000000e+00		0.0000000e+00		0.0000000e+00		0.0000000e+00		0.0000000e+00
1.6200000e+02		1.6300000e+02		1.6250000e+02		2.2492895e-01		0.0000000e+00		0.0000000e+00		0.0000000e+00		0.0000000e+00		0.0000000e+00
1.6300000e+02		1.6400000e+02		1.6350000e+02		4.7671727e-01		0.0000000e+00		0.0000000e+00		0.0000000e+00		0.0000000e+00		0.0000000e+00
1.6400000e+02		1.6500000e+02		1.6450000e+02		4.8753270e-01		0.0000000e+00		0.0000000e+00		0.0000000e+00		0.0000000e+00		0.0000000e+00
1.6500000e+02		1.6600000e+02		1.6550000e+02		5.7072689e-01		0.0000000e+00		0.0000000e+00		0.0000000e+00		0.0000000e+00		0.0000000e+00
1.6600000e+02		1.6700000e+02		1.6650000e+02		2.6919628e-01		0.0000000e+00		0.0000000e+00		0.0000000e+00		0.0000000e+00		0.0000000e+00
1.6700000e+02		1.6800000e+02		1.6750000e+02		2.8728373e-01		0.0000000e+00		0.0000000e+00		0.0000000e+00		0.0000000e+00		0.0000000e+00
1.6800000e+02		1.6900000e+02		1.6850000e+02		3.0958866e-01		0.0000000e+00		0.0000000e+00		0.0000000e+00		0.0000000e+00		0.0000000e+00
1.6900000e+02		1.7000000e+02		1.6950000e+02		3.8988989e-01		0.0000000e+00		0.0000000e+00		0.0000000e+00		0.0000000e+00		0.0000000e+00
1.7000000e+02		1.7100000e+02		1.7050000e+02		4.3752516e-01		0.0000000e+00		0.0000000e+00		0.0000000e+00		0.0000000e+00		0.0000000e+00
1.7100000e+02		1.7200000e+02		1.7150000e+02		4.3618394e-01		0.0000000e+00		0.0000000e+00		0.0000000e+00		0.0000000e+00		0.0000000e+00
1.7200000e+02		1.7300000e+02		1.7250000e+02		4.5514763e-01		0.0000000e+00		0.0000000e+00		0.0000000e+00		0.0000000e+00		0.0000000e+00
1.7300000e+02		1.7400000e+02		1.7350000e+02		4.5120572e-01		0.0000000e+00		0.0000000e+00		0.0000000e+00		0.0000000e+00		0.0000000e+00
1.7400000e+02		1.7500000e+02		1.7450000e+02		5.3951828e-01		0.0000000e+00		0.0000000e+00		0.0000000e+00		0.0000000e+00		0.0000000e+00
1.7500000e+02		1.7600000e+02		1.7550000e+02		6.4389120e-01		0.0000000e+00		0.0000000e+00		0.0000000e+00		0.0000000e+00		0.0000000e+00
1.7600000e+02		1.7700000e+02		1.7650000e+02		6.9472845e-01		0.0000000e+00		0.0000000e+00		0.0000000e+00		0.0000000e+00		0.0000000e+00
1.7700000e+02		1.7800000e+02		1.7750000e+02		8.1849614e-01		0.0000000e+00		0.0000000e+00		0.0000000e+00		0.0000000e+00		0.0000000e+00
1.7800000e+02		1.7900000e+02		1.7850000e+02		8.9455089e-01		0.0000000e+00		0.0000000e+00		0.0000000e+00		0.0000000e+00		0.0000000e+00
1.7900000e+02		1.8000000e+02		1.7950000e+02		8.6966614e-01		0.0000000e+00		0.0000000e+00		0.0000000e+00		0.0000000e+00		0.0000000e+00
1.8000000e+02		1.8100000e+02		1.8050000e+02		1.0753674e+00		0.0000000e+00		0.0000000e+00		0.0000000e+00		0.0000000e+00		0.0000000e+00
1.8100000e+02		1.8200000e+02		1.8150000e+02		1.3093431e+00		0.0000000e+00		0.0000000e+00		0.0000000e+00		0.0000000e+00		0.0000000e+00
1.8200000e+02		1.8300000e+02		1.8250000e+02		1.2087370e+00		0.0000000e+00		0.0000000e+00		0.0000000e+00		0.0000000e+00		0.0000000e+00
1.8300000e+02		1.8400000e+02		1.8350000e+02		1.2728289e+00		0.0000000e+00		0.0000000e+00		0.0000000e+00		0.0000000e+00		0.0000000e+00
1.8400000e+02		1.8500000e+02		1.8450000e+02		1.0940339e+00		0.0000000e+00		0.0000000e+00		0.0000000e+00		0.0000000e+00		0.0000000e+00
1.8500000e+02		1.8600000e+02		1.8550000e+02		1.2372281e+00		0.0000000e+00		0.0000000e+00		0.0000000e+00		0.0000000e+00		0.0000000e+00
1.8600000e+02		1.8700000e+02		1.8650000e+02		1.4037992e+00		0.0000000e+00		0.0000000e+00		0.0000000e+00		0.0000000e+00		0.0000000e+00
1.8700000e+02		1.8800000e+02		1.8750000e+02		1.5907538e+00		0.0000000e+00		0.0000000e+00		0.0000000e+00		0.0000000e+00		0.0000000e+00
1.8800000e+02		1.8900000e+02		1.8850000e+02		1.6735993e+00		0.0000000e+00		0.0000000e+00		0.0000000e+00		0.0000000e+00		0.0000000e+00
1.8900000e+02		1.9000000e+02		1.8950000e+02		1.8559600e+00		2.3326473e-285		0.0000000e+00		2.3408972e-285		1.9519424e-287		2.3213778e-285
1.9000000e+02		1.9100000e+02		1.9050000e+02		1.9109940e+00		2.6921210e-236		0.0000000e+00		2.7067343e-236		3.4575466e-238		2.6721589e-236
1.9100000e+02		1.9200000e+02		1.9150000e+02		2.0707336e+00		1.5683150e-110		0.0000000e+00		2.7164012e-110		2.7164012e-110		4.9953377e-209
1.9200000e+02		1.9300000e+02		1.9250000e+02		2.1685186e+00		8.0270583e-79		8.4493865e-76		1.3903273e-78		1.3903273e-78		6.9420481e-190
1.9300000e+02		1.9400000e+02		1.9350000e+02		1.6554009e+00		1.9290716e-58		3.3785332e-56		3.3412500e-58		3.3412500e-58		6.8715060e-178
1.9400000e+02		1.9500000e+02		1.9450000e+02		2.6556632e+00		8.0069252e-47		5.2443323e-45		1.3868401e-46		1.3868401e-46		1.0013742e-170
1.9500000e+02		1.9600000e+02		1.9550000e+02		2.5630279e+00		7.4442164e-38		2.2711141e-36		1.2893761e-37		1.2893761e-37		2.9788147e-165
1.9600000e+02		1.9700000e+02		1.9650000e+02		2.8204934e+00		4.5074962e-33		9.2350193e-32		7.8072125e-33		7.8072125e-33		2.8569357e-162
1.9700000e+02		1.9800000e+02		1.9750000e+02		2.8068384e+00		1.6523211e-29		2.5152216e-28		2.8619040e-29		2.8619040e-29		4.5201309e-160
1.9800000e+02		1.9900000e+02		1.9850000e+02		2.7505577e+00		6.1169486e-17		3.3559214e-16		1.0594866e-16		1.0594866e-16		3.8578575e-153
1.9900000e+02		2.0000000e+02		1.9950000e+02		2.8965557e+00		7.5806937e-05		1.8152902e-04		1.3130147e-04		1.3130147e-04		9.7773585e-147
2.0000000e+02		2.0100000e+02		2.0050000e+02		3.0623388e+00		3.6135879e-04		8.3910340e-04		6.2589178e-04		6.2589178e-04		4.6932834e-146
2.0100000e+02		2.0200000e+02		2.0150000e+02		3.2593670e+00		2.2766240e-03		5.1201266e-03		3.9432285e-03		3.9432285e-03		1.1949875e-145
2.0200000e+02		2.0300000e+02		2.0250000e+02		3.2217937e+00		2.7720922e-03		6.2121714e-03		4.8014046e-03		4.8014046e-03		3.8832523e-145
2.0300000e+02		2.0400000e+02		2.0350000e+02		3.4484145e+00		3.9129501e-03		8.7282885e-03		6.7774285e-03		6.7774285e-03		9.3538515e-145
2.0400000e+02		2.0500000e+02		2.0450000e+02		3.7117169e+00		4.7287112e-03		1.0528577e-02		8.1903680e-03		8.1903680e-03		2.4825247e-144
2.0500000e+02		2.0600000e+02		2.0550000e+02		3.7200399e+00		4.7998816e-03		1.0682021e-02		8.3136388e-03		8.3136388e-03		4.6762411e-144
2.0600000e+02		2.0700000e+02		2.0650000e+02		3.7247532e+00		4.9312847e-03		1.0967931e-02		8.5412356e-03		8.5412356e-03		8.1724913e-144
2.0700000e+02		2.0800000e+02		2.0750000e+02		4.0454145e+00		5.4928820e-03		1.2210335e-02		9.5139507e-03		9.5139507e-03		2.1832261e-143
2.0800000e+02		2.0900000e+02		2.0850000e+02		4.3759554e+00		5.8035824e-03		1.2894728e-02		1.0052100e-02		1.0052100e-02		2.4252110e-143
2.0900000e+02		2.1000000e+02		2.0950000e+02		5.6528678e+00		7.8164162e-03		1.7362254e-02		1.3538430e-02		1.3538430e-02		5.5165897e-143
2.1000000e+02		2.1100000e+02		2.1050000e+02		6.9678423e+00		9.9550471e-03		2.2099314e-02		1.7242647e-02		1.7242647e-02		3.4714605e-142
2.1100000e+02		2.1200000e+02		2.1150000e+02		7.9326445e+00		1.1429915e-02		2.5364072e-02		1.9797194e-02		1.9797194e-02		4.5259015e-142
2.1200000e+02		2.1300000e+02		2.1250000e+02		7.0734222e+00		1.0396104e-02		2.3058967e-02		1.8006581e-02		1.8006581e-02		7.8564391e-142
2.1300000e+02		2.1400000e+02		2.1350000e+02		7.2066449e+00		1.0775967e-02		2.3890752e-02		1.8664522e-02		1.8664522e-02		1.4436324e-141
2.1400000e+02		2.1500000e+02		2.1450000e+02		9.2279181e+00		1.4069762e-02		3.1178466e-02		2.4369543e-02		2.4369543e-02		2.7178760e-141
2.1500000e+02		2.1600000e+02		2.1550000e+02		7.9257408e+00		1.2159898e-02		2.6935016e-02		2.1061562e-02		2.1061562e-02		3.3960036e-141
2.1600000e+02		2.1700000e+02		2.1650000e+02		7.3353469e+00		1.1542979e-02		2.5556902e-02		1.9993026e-02		1.9993026e-02		1.6291736e-140
2.1700000e+02		2.1800000e+02		2.1750000e+02		7.5953881e+00		1.2137701e-02		2.6861447e-02		2.1023115e-02		2.1023115e-02		1.0523070e-140
2.1800000e+02		2.1900000e+02		2.1850000e+02		1.0217230e+01		1.6559904e-02		3.6633642e-02		2.8682595e-02		2.8682595e-02		3.3296697e-140
2.1900000e+02		2.2000000e+02		2.1950000e+02		1.0786519e+01		1.7497933e-02		3.8700035e-02		3.0307308e-02		3.0307308e-02		3.7599791e-140
2.2000000e+02		2.2100000e+02		2.2050000e+02		1.0851638e+01		1.7933569e-02		3.9642100e-02		3.1061853e-02		3.1061853e-02		8.7242002e-140
2.2100000e+02		2.2200000e+02		2.2150000e+02		8.6872371e+00		1.4716382e-02		3.2509914e-02		2.5489521e-02		2.5489521e-02		1.0371026e-139
2.2200000e+02		2.2300000e+02		2.2250000e+02		1.1691346e+01		1.9756559e-02		4.3643347e-02		3.4219365e-02		3.4219365e-02		2.9918553e-139
2.2300000e+02		2.2400000e+02		2.2350000e+02		1.5139682e+01		2.5937359e-02		5.7277225e-02		4.4924824e-02		4.4924824e-02		6.1158385e-139
2.2400000e+02		2.2500000e+02		2.2450000e+02		1.4154944e+01		2.4473651e-02		5.4025974e-02		4.2389607e-02		4.2389607e-02		5.6519221e-139
2.2500000e+02		2.2600000e+02		2.2550000e+02		1.2365614e+01		2.1690307e-02		4.7865425e-02		3.7568714e-02		3.7568714e-02		1.0546356e-138
2.2600000e+02		2.2700000e+02		2.2650000e+02		9.0577089e+00		1.5966358e-02		3.5221876e-02		2.7654543e-02		2.7654543e-02		6.6438754e-139
2.2700000e+02		2.2800000e+02		2.2750000e+02		8.8108381e+00		1.5678765e-02		3.4576126e-02		2.7156418e-02		2.7156418e-02		8.5473979e-139
2.2800000e+02		2.2900000e+02		2.2850000e+02		1.2275156e+01		2.2641757e-02		4.9892919e-02		3.9216674e-02		3.9216674e-02		3.3406985e-138
2.2900000e+02		2.3000000e+02		2.2950000e+02		1.1031259e+01		2.0093400e-02		4.4286355e-02		3.4802791e-02		3.4802791e-02		7.3064261e-138
2.3000000e+02		2.3100000e+02		2.3050000e+02		1.2510180e+01		2.2942630e-02		5.0550167e-02		3.9737801e-02		3.9737801e-02		7.3694759e-138
2.3100000e+02		2.3200000e+02		2.3150000e+02		1.1791833e+01		2.1899094e-02		4.8233584e-02		3.7930344e-02		3.7930344e-02		1.1775391e-137
2.3200000e+02		2.3300000e+02		2.3250000e+02		1.2664003e+01		2.3709316e-02		5.2210494e-02		4.1065740e-02		4.1065740e-02		3.5097914e-137
2.3300000e+02		2.3400000e+02		2.3350000e+02		1.1428554e+01		2.1535489e-02		4.7408722e-02		3.7300561e-02		3.7300561e-02		2.6169858e-137
2.3400000e+02		2.3500000e+02		2.3450000e+02		9.9864853e+00		1.8940677e-02		4.1684883e-02		3.2806215e-02		3.2806215e-02		2.6115843e-137
2.3500000e+02		2.3600000e+02		2.3550000e+02		1.3443360e+01		2.4915546e-02		5.4846001e-02		4.3154991e-02		4.3154991e-02		2.9594308e-137
2.3600000e+02		2.3700000e+02		2.3650000e+02		1.2448020e+01		2.3954854e-02		5.2692902e-02		4.1491025e-02		4.1491025e-02		7.2809294e-137
2.3700000e+02		2.3800000e+02		2.3750000e+02		1.3294723e+01		2.5724252e-02		5.6571884e-02		4.4555712e-02		4.4555712e-02		1.4165026e-136
2.3800000e+02		2.3900000e+02		2.3850000e+02		1.1021422e+01		2.1564559e-02		4.7411076e-02		3.7350912e-02		3.7350912e-02		2.0970185e-136
2.3900000e+02		2.4000000e+02		2.3950000e+02		1.2008577e+01		2.3676831e-02		5.2041262e-02		4.1009475e-02		4.1009475e-02		3.3330735e-136
2.4000000e+02		2.4100000e+02		2.4050000e+02		1.1032163e+01		2.1841777e-02		4.7995571e-02		3.7831067e-02		3.7831067e-02		2.3651891e-136
2.4100000e+02		2.4200000e+02		2.4150000e+02		1.2918879e+01		2.5747203e-02		5.6563433e-02		4.4595463e-02		4.4595463e-02		4.3983342e-136
2.4200000e+02		2.4300000e+02		2.4250000e+02		1.7782729e+01		3.5575388e-02		7.8139161e-02		6.1618379e-02		6.1618379e-02		8.1252581e-136
2.4300000e+02		2.4400000e+02		2.4350000e+02		1.6701989e+01		3.3627181e-02		7.3844010e-02		5.8243985e-02		5.8243985e-02		1.1267058e-135
2.4400000e+02		2.4500000e+02		2.4450000e+02		1.5641720e+01		3.1726087e-02		6.9653470e-02		5.4951194e-02		5.4951194e-02		1.7808179e-135
2.4500000e+02		2.4600000e+02		2.4550000e+02		1.2691134e+01		2.5879819e-02		5.6806005e-02		4.4825161e-02		4.4825161e-02		1.7093717e-135
2.4600000e+02		2.4700000e+02		2.4650000e+02		1.2350906e+01		2.5496399e-02		5.5949587e-02		4.4161059e-02		4.4161059e-02		4.4103769e-135
2.4700000e+02		2.4800000e+02		2.4750000e+02		1.3639226e+01		2.8220570e-02		6.1915719e-02		4.8879461e-02		4.8879461e-02		4.3736762e-135
2.4800000e+02		2.4900000e+02		2.4850000e+02		1.0938846e+01		2.2611556e-02		4.9601290e-02		3.9164363e-02		3.9164363e-02		3.0200133e-135
2.4900000e+02		2.5000000e+02		2.4950000e+02		1.3333262e+01		2.7535150e-02		6.0390900e-02		4.7692280e-02		4.7692280e-02		5.4753457e-135
2.5000000e+02		2.5100000e+02		2.5050000e+02		1.4401571e+01		3.0127617e-02		6.6063824e-02		5.2182563e-02		5.2182563e-02		9.3945937e-135
2.5100000e+02		2.5200000e+02		2.5150000e+02		1.2007424e+01		2.5246992e-02		5.5351701e-02		4.3729072e-02		4.3729072e-02		1.1168975e-134
2.5200000e+02		2.5300000e+02		2.5250000e+02		1.0794009e+01		2.2788217e-02		4.9950990e-02		3.9470350e-02		3.9470350e-02		1.0815701e-134
2.5300000e+02		2.5400000e+02		2.5350000e+02		1.3602371e+01		2.8907442e-02		6.3349408e-02		5.0069159e-02		5.0069159e-02		2.0179377e-134
2.5400000e+02		2.5500000e+02		2.5450000e+02		1.5384114e+01		3.2850535e-02		7.1978218e-02		5.6898796e-02		5.6898796e-02		2.2653312e-134
2.5500000e+02		2.5600000e+02		2.5550000e+02		2.0992062e+01		4.5058370e-02		9.8707027e-02		7.8043386e-02		7.8043386e-02		4.6920987e-134
2.5600000e+02		2.5700000e+02		2.5650000e+02		2.7040612e+01		5.8363931e-02		1.2783406e-01		1.0108929e-01		1.0108929e-01		1.0649065e-133
2.5700000e+02		2.5800000e+02		2.5750000e+02		3.3946512e+01		7.3758988e-02		1.6152392e-01		1.2775431e-01		1.2775431e-01		1.7735995e-133
2.5800000e+02		2.5900000e+02		2.5850000e+02		3.5732434e+01		7.7861955e-02		1.7047848e-01		1.3486086e-01		1.3486086e-01		1.4537791e-133
2.5900000e+02		2.6000000e+02		2.5950000e+02		3.0409976e+01		6.6459741e-02		1.4549651e-01		1.1511165e-01		1.1511165e-01		2.0672287e-133
2.6000000e+02		2.6100000e+02		2.6050000e+02		2.4915606e+01		5.4968653e-02		1.2030928e-01		9.5208500e-02		9.5208500e-02		2.6021639e-133
2.6100000e+02		2.6200000e+02		2.6150000e+02		2.5442742e+01		5.9398639e-02		1.2985111e-01		1.0288146e-01		1.0288146e-01		2.1170779e-133
2.6200000e+02		2.6300000e+02		2.6250000e+02		3.0366547e+01		6.9575376e-02		1.5213929e-01		1.2050809e-01		1.2050809e-01		2.8925738e-133
2.6300000e+02		2.6400000e+02		2.6350000e+02		4.5700096e+01		1.0278702e-01		2.2482949e-01		1.7803234e-01		1.7803234e-01		6.2682375e-133
2.6400000e+02		2.6500000e+02		2.6450000e+02		7.1249372e+01		1.7020065e-01		3.7183438e-01		2.9479617e-01		2.9479617e-01		1.5618342e-132
2.6500000e+02		2.6600000e+02		2.6550000e+02		7.4731454e+01		1.7006314e-01		3.7184959e-01		2.9455800e-01		2.9455800e-01		1.5338623e-132
2.6600000e+02		2.6700000e+02		2.6650000e+02		7.2446611e+01		1.6473429e-01		3.6019912e-01		2.8532816e-01		2.8532816e-01		3.0633683e-132
2.6700000e+02		2.6800000e+02		2.6750000e+02		7.2937204e+01		1.6932385e-01		3.7005371e-01		2.9327750e-01		2.9327750e-01		2.5362790e-132
2.6800000e+02		2.6900000e+02		2.6850000e+02		7.2239021e+01		1.6737052e-01		3.6576987e-01		2.8989424e-01		2.8989424e-01		2.6441462e-132
2.6900000e+02		2.7000000e+02		2.6950000e+02		6.7758000e+01		1.5576684e-01		3.4045976e-01		2.6979608e-01		2.6979608e-01		5.3853136e-132
2.7000000e+02		2.7100000e+02		2.7050000e+02		7.8281462e+01		1.7694348e-01		3.8686963e-01		3.0647509e-01		3.0647509e-01		1.0570474e-131
2.7100000e+02		2.7200000e+02		2.7150000e+02		6.5051220e+01		1.5070515e-01		3.2929876e-01		2.6102897e-01		2.6102897e-01		4.5830955e-132
2.7200000e+02		2.7300000e+02		2.7250000e+02		5.2331568e+01		1.2207782e-01		2.6670932e-01		2.1144498e-01		2.1144498e-01		7.6533397e-132
2.7300000e+02		2.7400000e+02		2.7350000e+02		5.5800645e+01		1.2936711e-01		2.8260078e-01		2.2407040e-01		2.2407040e-01		8.4281556e-132
2.7400000e+02		2.7500000e+02		2.7450000e+02		3.8398649e+01		9.1340389e-02		1.9945237e-01		1.5820620e-01		1.5820620e-01		6.2708997e-132
2.7500000e+02		2.7600000e+02		2.7550000e+02		5.1208696e+01		1.2227693e-01		2.6696641e-01		2.1178985e-01		2.1178985e-01		8.2512546e-132
2.7600000e+02		2.7700000e+02		2.7650000e+02		7.1318275e+01		1.6535740e-01		3.6121394e-01		2.8640741e-01		2.8640741e-01		1.8990827e-131
2.7700000e+02		2.7800000e+02		2.7750000e+02		6.8188493e+01		1.6620108e-01		3.6266854e-01		2.8786871e-01		2.8786871e-01		1.0175066e-131
2.7800000e+02		2.7900000e+02		2.7850000e+02		4.7024496e+01		1.1227798e-01		2.4509061e-01		1.9447116e-01		1.9447116e-01		7.5053600e-132
2.7900000e+02		2.8000000e+02		2.7950000e+02		2.6422560e+01		6.3257580e-02		1.3807683e-01		1.0956534e-01		1.0956534e-01		6.7347780e-132
2.8000000e+02		2.8100000e+02		2.8050000e+02		2.8982131e+01		6.9774345e-02		1.5228246e-01		1.2085271e-01		1.2085271e-01		1.1151135e-131
2.8100000e+02		2.8200000e+02		2.8150000e+02		6.0033324e+01		1.4442797e-01		3.1521170e-01		2.5015658e-01		2.5015658e-01		3.1723647e-131
2.8200000e+02		2.8300000e+02		2.8250000e+02		8.1733762e+01		1.9524963e-01		4.2615545e-01		3.3818228e-01		3.3818228e-01		5.5563167e-131
2.8300000e+02		2.8400000e+02		2.8350000e+02		8.4433091e+01		2.0541504e-01		4.4817626e-01		3.5578929e-01		3.5578929e-01		8.2322064e-131
2.8400000e+02		2.8500000e+02		2.8450000e+02		6.2255376e+01		1.5145585e-01		3.3042536e-01		2.6232922e-01		2.6232922e-01		3.9174933e-131
2.8500000e+02		2.8600000e+02		2.8550000e+02		4.0018063e+01		9.8088476e-02		2.1395504e-01		1.6989422e-01		1.6989422e-01		2.4892140e-131
2.8600000e+02		2.8700000e+02		2.8650000e+02		8.2001717e+01		1.9913971e-01		4.3446139e-01		3.4492010e-01		3.4492010e-01		9.1611723e-131
2.8700000e+02		2.8800000e+02		2.8750000e+02		9.5189148e+01		2.3547344e-01		5.1349597e-01		4.0785196e-01		4.0785196e-01		8.0328106e-131
2.8800000e+02		2.8900000e+02		2.8850000e+02		9.0460934e+01		2.2480420e-01		4.9019835e-01		3.8937230e-01		3.8937230e-01		1.2915215e-130
2.8900000e+02		2.9000000e+02		2.8950000e+02		1.3728321e+02		3.4056000e-01		7.4254437e-01		5.8986722e-01		5.8986722e-01		1.0558939e-130
2.9000000e+02		2.9100000e+02		2.9050000e+02		1.8023325e+02		4.4794797e-01		9.7666750e-01		7.7586864e-01		7.7586864e-01		2.0484406e-130
2.9100000e+02		2.9200000e+02		2.9150000e+02		1.7359450e+02		4.4195790e-01		9.6311358e-01		7.6549354e-01		7.6549354e-01		3.1519955e-130
2.9200000e+02		2.9300000e+02		2.9250000e+02		1.5421676e+02		3.8788671e-01		8.4551753e-01		6.7183949e-01		6.7183949e-01		4.2889807e-130
2.9300000e+02		2.9400000e+02		2.9350000e+02		1.6099986e+02		4.0635726e-01		8.8567206e-01		7.0383142e-01		7.0383142e-01		4.1934011e-130
2.9400000e+02		2.9500000e+02		2.9450000e+02		1.4991794e+02		3.7958339e-01		8.2723815e-01		6.5745772e-01		6.5745772e-01		4.3740822e-130
2.9500000e+02		2.9600000e+02		2.9550000e+02		1.6232431e+02		4.1077839e-01		8.9517816e-01		7.1148905e-01		7.1148905e-01		4.2003909e-130
2.9600000e+02		2.9700000e+02		2.9650000e+02		1.4851381e+02		3.7931473e-01		8.2644795e-01		6.5699239e-01		6.5699239e-01		4.6654037e-130
2.9700000e+02		2.9800000e+02		2.9750000e+02		1.5140866e+02		3.8901698e-01		8.4748147e-01		6.7379717e-01		6.7379717e-01		7.2704186e-130
2.9800000e+02		2.9900000e+02		2.9850000e+02		1.3012850e+02		3.3482768e-01		7.2934978e-01		5.7993855e-01		5.7993855e-01		3.1733782e-130
2.9900000e+02		3.0000000e+02		2.9950000e+02		1.4682541e+02		3.8098362e-01		8.2983983e-01		6.5988299e-01		6.5988299e-01		1.1634821e-129
3.0000000e+02		3.0100000e+02		3.0050000e+02		1.1681452e+02		3.0359256e-01		6.6116318e-01		5.2583774e-01		5.2583774e-01		4.7869198e-130
3.0100000e+02		3.0200000e+02		3.0150000e+02		1.3434477e+02		3.4187814e-01		7.4477570e-01		5.9215031e-01		5.9215031e-01		8.4926469e-130
3.0200000e+02		3.0300000e+02		3.0250000e+02		1.4142283e+02		3.5793536e-01		7.7996326e-01		6.1996223e-01		6.1996223e-01		9.8887173e-130
3.0300000e+02		3.0400000e+02		3.0350000e+02		1.8342160e+02		4.6066247e-01		1.0038259e+00		7.9789081e-01		7.9789081e-01		1.5607778e-129
3.0400000e+02		3.0500000e+02		3.0450000e+02		1.7556728e+02		4.4191050e-01		9.6285816e-01		7.6541143e-01		7.6541143e-01		1.4497267e-129
3.0500000e+02		3.0600000e+02		3.0550000e+02		1.7728071e+02		4.4665994e-01		9.7318994e-01		7.7363771e-01		7.7363771e-01		1.7169870e-129
3.0600000e+02		3.0700000e+02		3.0650000e+02		1.6814926e+02		4.2534994e-01		9.2668120e-01		7.3672771e-01		7.3672771e-01		1.7964840e-129
3.0700000e+02		3.0800000e+02		3.0750000e+02		1.8878816e+02		4.8059942e-01		1.0469196e+00		8.3242262e-01		8.3242262e-01		2.0540284e-129
3.0800000e+02		3.0900000e+02		3.0850000e+02		1.8529086e+02		4.8944650e-01		1.0654535e+00		8.4774621e-01		8.4774621e-01		3.4355935e-129
3.0900000e+02		3.1000000e+02		3.0950000e+02		1.5026991e+02		3.9824081e-01		8.6676768e-01		6.8977332e-01		6.8977332e-01		1.2795165e-129
3.1000000e+02		3.1100000e+02		3.1050000e+02		1.8913229e+02		5.0606969e-01		1.1012796e+00		8.7653841e-01		8.7653841e-01		2.6150834e-129
3.1100000e+02		3.1200000e+02		3.1150000e+02		2.2495083e+02		6.0649325e-01		1.3196298e+00		1.0504771e+00		1.0504771e+00		3.9533726e-129
3.1200000e+02		3.1300000e+02		3.1250000e+02		2.0030306e+02		5.4145340e-01		1.1780378e+00		9.3782481e-01		9.3782481e-01		4.1297073e-129
3.1300000e+02		3.1400000e+02		3.1350000e+02		2.1331645e+02		5.7857949e-01		1.2587018e+00		1.0021291e+00		1.0021291e+00		3.7888169e-129
3.1400000e+02		3.1500000e+02		3.1450000e+02		2.0119548e+02		5.4784893e-01		1.1917273e+00		9.4890217e-01		9.4890217e-01		4.8555550e-129
3.1500000e+02		3.1600000e+02		3.1550000e+02		1.9522773e+02		5.3488993e-01		1.1633875e+00		9.2645653e-01		9.2645653e-01		4.4484157e-129
3.1600000e+02		3.1700000e+02		3.1650000e+02		1.9043254e+02		5.2286747e-01		1.1371943e+00		9.0563303e-01		9.0563303e-01		5.0256888e-129
3.1700000e+02		3.1800000e+02		3.1750000e+02		2.4155434e+02		6.6956173e-01		1.4559892e+00		1.1597149e+00		1.1597149e+00		1.0271260e-128
3.1800000e+02		3.1900000e+02		3.1850000e+02		1.9952276e+02		5.4931811e-01		1.1945103e+00		9.5144688e-01		9.5144688e-01		5.5231527e-129
3.1900000e+02		3.2000000e+02		3.1950000e+02		2.1430874e+02		5.9568112e-01		1.2952661e+00		1.0317500e+00		1.0317500e+00		1.0139951e-128
3.2000000e+02		3.2100000e+02		3.2050000e+02		2.4621307e+02		6.9757491e-01		1.5162579e+00		1.2082352e+00		1.2082352e+00		1.0165712e-128
3.2100000e+02		3.2200000e+02		3.2150000e+02		2.0677326e+02		5.7383026e-01		1.2477119e+00		9.9390317e-01		9.9390317e-01		6.6569106e-129
3.2200000e+02		3.2300000e+02		3.2250000e+02		2.0765168e+02		5.7784959e-01		1.2564355e+00		1.0008649e+00		1.0008649e+00		8.0921870e-129
3.2300000e+02		3.2400000e+02		3.2350000e+02		2.0066974e+02		5.6449848e-01		1.2270890e+00		9.7774004e-01		9.7774004e-01		7.2518912e-129
3.2400000e+02		3.2500000e+02		3.2450000e+02		2.3629853e+02		6.6438128e-01		1.4442221e+00		1.1507421e+00		1.1507421e+00		7.0539310e-129
3.2500000e+02		3.2600000e+02		3.2550000e+02		2.7209498e+02		7.5829831e-01		1.6483123e+00		1.3134112e+00		1.3134112e+00		4.9653745e-129
3.2600000e+02		3.2700000e+02		3.2650000e+02		3.0699214e+02		8.7527014e-01		1.9021604e+00		1.5160124e+00		1.5160124e+00		1.2920361e-128
3.2700000e+02		3.2800000e+02		3.2750000e+02		2.9701525e+02		8.5052179e-01		1.8482547e+00		1.4731470e+00		1.4731470e+00		1.2546543e-128
3.2800000e+02		3.2900000e+02		3.2850000e+02		2.8673370e+02		8.2566547e-01		1.7939149e+00		1.4300945e+00		1.4300945e+00		1.2647379e-128
3.2900000e+02		3.3000000e+02		3.2950000e+02		3.3379807e+02		9.6707275e-01		2.1010938e+00		1.6750191e+00		1.6750191e+00		2.9302659e-128
3.3000000e+02		3.3100000e+02		3.3050000e+02		3.1443449e+02		9.1796971e-01		1.9940122e+00		1.5899702e+00		1.5899702e+00		1.9369459e-128
3.3100000e+02		3.3200000e+02		3.3150000e+02		3.0087994e+02		8.9324297e-01		1.9395769e+00		1.5471422e+00		1.5471422e+00		3.2008099e-128
3.3200000e+02		3.3300000e+02		3.3250000e+02		2.9519831e+02		8.8047343e-01		1.9115476e+00		1.5250247e+00		1.5250247e+00		1.9621129e-128
3.3300000e+02		3.3400000e+02		3.3350000e+02		2.8364288e+02		8.5262754e-01		1.8510755e+00		1.4767942e+00		1.4767942e+00		4.3836006e-128
3.3400000e+02		3.3500000e+02		3.3450000e+02		2.9883003e+02		9.0289651e-01		1.9599889e+00		1.5638626e+00		1.5638626e+00		4.0062057e-128
3.3500000e+02		3.3600000e+02		3.3550000e+02		2.9511053e+02		8.9380489e-01		1.9400360e+00		1.5481155e+00		1.5481155e+00		3.1777726e-128
3.3600000e+02		3.3700000e+02		3.3650000e+02		2.4313126e+02		7.3942166e-01		1.6047764e+00		1.2807159e+00		1.2807159e+00		2.9958455e-128
3.3700000e+02		3.3800000e+02		3.3750000e+02		2.5649874e+02		7.8166023e-01		1.6963908e+00		1.3538752e+00		1.3538752e+00		2.2019898e-128
3.3800000e+02		3.3900000e+02		3.3850000e+02		2.7748673e+02		8.4820012e-01		1.8406376e+00		1.4691257e+00		1.4691257e+00		2.2758372e-128
3.3900000e+02		3.4000000e+02		3.3950000e+02		2.9040264e+02		8.9053640e-01		1.9325565e+00		1.5424543e+00		1.5424543e+00		4.1953980e-128
3.4000000e+02		3.4100000e+02		3.4050000e+02		3.0654056e+02		9.4298768e-01		2.0462027e+00		1.6333026e+00		1.6333026e+00		2.6863934e-128
3.4100000e+02		3.4200000e+02		3.4150000e+02		2.7979685e+02		8.6122526e-01		1.8687629e+00		1.4916859e+00		1.4916859e+00		2.1101297e-128
3.4200000e+02		3.4300000e+02		3.4250000e+02		3.0344565e+02		9.4236877e-01		2.0447168e+00		1.6322306e+00		1.6322306e+00		6.7256882e-128
3.4300000e+02		3.4400000e+02		3.4350000e+02		2.9822260e+02		9.2479300e-01		2.0067568e+00		1.6017885e+00		1.6017885e+00		7.5365628e-128
3.4400000e+02		3.4500000e+02		3.4450000e+02		2.3986676e+02		7.4832377e-01		1.6234898e+00		1.2961348e+00		1.2961348e+00		5.3241639e-128
3.4500000e+02		3.4600000e+02		3.4550000e+02		2.8907088e+02		9.1190096e-01		1.9780532e+00		1.5794588e+00		1.5794588e+00		4.9693229e-128
3.4600000e+02		3.4700000e+02		3.4650000e+02		2.8069735e+02		9.0143363e-01		1.9547606e+00		1.5613289e+00		1.5613289e+00		8.6100058e-128
3.4700000e+02		3.4800000e+02		3.4750000e+02		2.7782009e+02		9.1205481e-01		1.9768261e+00		1.5797253e+00		1.5797253e+00		5.0208458e-128
3.4800000e+02		3.4900000e+02		3.4850000e+02		2.8744416e+02		9.6860626e-01		2.0983391e+00		1.6776752e+00		1.6776752e+00		7.2527799e-128
3.4900000e+02		3.5000000e+02		3.4950000e+02		2.7550877e+02		8.8355692e-01		1.9159876e+00		1.5303655e+00		1.5303655e+00		5.4845404e-128
3.5000000e+02		3.5100000e+02		3.5050000e+02		3.3002358e+02		1.0696622e+00		2.3189888e+00		1.8527093e+00		1.8527093e+00		5.4881152e-128
3.5100000e+02		3.5200000e+02		3.5150000e+02		3.0660572e+02		1.0018806e+00		2.1718641e+00		1.7353081e+00		1.7353081e+00		1.1949539e-127
3.5200000e+02		3.5300000e+02		3.5250000e+02		2.8324198e+02		9.2380811e-01		2.0025461e+00		1.6000826e+00		1.6000826e+00		6.2809765e-128
3.5300000e+02		3.5400000e+02		3.5350000e+02		3.2405327e+02		1.0694382e+00		2.3177664e+00		1.8523212e+00		1.8523212e+00		5.2421124e-128
3.5400000e+02		3.5500000e+02		3.5450000e+02		3.4586270e+02		1.2210921e+00		2.6432308e+00		2.1149935e+00		2.1149935e+00		1.0165322e-127
3.5500000e+02		3.5600000e+02		3.5550000e+02		3.2478382e+02		1.1484057e+00		2.4858946e+00		1.9890970e+00		1.9890970e+00		8.3279105e-128
3.5600000e+02		3.5700000e+02		3.5650000e+02		2.8234357e+02		9.9250710e-01		2.1483562e+00		1.7190727e+00		1.7190727e+00		1.6598360e-128
3.5700000e+02		3.5800000e+02		3.5750000e+02		2.4674321e+02		8.7447601e-01		1.8928460e+00		1.5146369e+00		1.5146369e+00		6.0254807e-128
3.5800000e+02		3.5900000e+02		3.5850000e+02		2.1181106e+02		7.4517228e-01		1.6132460e+00		1.2906762e+00		1.2906762e+00		9.2729468e-128
3.5900000e+02		3.6000000e+02		3.5950000e+02		3.0582840e+02		1.0325248e+00		2.2369310e+00		1.7883854e+00		1.7883854e+00		4.4803401e-128
3.6000000e+02		3.6100000e+02		3.6050000e+02		3.0178862e+02		1.0198549e+00		2.2096241e+00		1.7664405e+00		1.7664405e+00		9.1701724e-128
3.6100000e+02		3.6200000e+02		3.6150000e+02		2.8033735e+02		9.5438481e-01		2.0674814e+00		1.6530430e+00		1.6530430e+00		8.1222253e-128
3.6200000e+02		3.6300000e+02		3.6250000e+02		3.1645921e+02		1.0797027e+00		2.3389155e+00		1.8700999e+00		1.8700999e+00		1.1362131e-127
3.6300000e+02		3.6400000e+02		3.6350000e+02		3.0810145e+02		1.0561168e+00		2.2875102e+00		1.8292479e+00		1.8292479e+00		8.2286025e-128
3.6400000e+02		3.6500000e+02		3.6450000e+02		3.2221950e+02		1.1047390e+00		2.3926478e+00		1.9134642e+00		1.9134642e+00		8.7209143e-128
3.6500000e+02		3.6600000e+02		3.6550000e+02		3.6674574e+02		1.2775844e+00		2.7666888e+00		2.2128412e+00		2.2128412e+00		1.7476068e-127
3.6600000e+02		3.6700000e+02		3.6650000e+02		3.9198946e+02		1.3592021e+00		2.9436969e+00		2.3542071e+00		2.3542071e+00		1.2545058e-127
3.6700000e+02		3.6800000e+02		3.6750000e+02		3.7850004e+02		1.3270550e+00		2.8732858e+00		2.2985267e+00		2.2985267e+00		5.8421437e-128
3.6800000e+02		3.6900000e+02		3.6850000e+02		3.4895620e+02		1.2353470e+00		2.6744161e+00		2.1396837e+00		2.1396837e+00		1.2310777e-127
3.6900000e+02		3.7000000e+02		3.6950000e+02		3.8736224e+02		1.3691864e+00		2.9638840e+00		2.3715005e+00		2.3715005e+00		3.9252843e-128
3.7000000e+02		3.7100000e+02		3.7050000e+02		3.6351013e+02		1.3072421e+00		2.8294611e+00		2.2642096e+00		2.2642096e+00		3.0773959e-127
3.7100000e+02		3.7200000e+02		3.7150000e+02		3.7529261e+02		1.3522887e+00		2.9265786e+00		2.3422327e+00		2.3422327e+00		1.4521579e-127
3.7200000e+02		3.7300000e+02		3.7250000e+02		3.1177186e+02		1.1174536e+00		2.4183518e+00		1.9354864e+00		1.9354864e+00		3.9687553e-128
3.7300000e+02		3.7400000e+02		3.7350000e+02		2.7192112e+02		9.8273522e-01		2.1266053e+00		1.7021473e+00		1.7021473e+00		5.0061836e-128
3.7400000e+02		3.7500000e+02		3.7450000e+02		2.7832167e+02		1.0132459e+00		2.1927183e+00		1.7549934e+00		1.7549934e+00		2.4007818e-127
3.7500000e+02		3.7600000e+02		3.7550000e+02		3.1876744e+02		1.1659838e+00		2.5227623e+00		2.0195432e+00		2.0195432e+00		1.3555866e-127
3.7600000e+02		3.7700000e+02		3.7650000e+02		3.3048657e+02		1.2146650e+00		2.6277585e+00		2.1038615e+00		2.1038615e+00		9.8272814e-128
3.7700000e+02		3.7800000e+02		3.7750000e+02		3.8770864e+02		1.4369030e+00		3.1082713e+00		2.4887890e+00		2.4887890e+00		1.9727829e-127
3.7800000e+02		3.7900000e+02		3.7850000e+02		4.0380398e+02		1.4953960e+00		3.2348891e+00		2.5901019e+00		2.5901019e+00		2.1525177e-127
3.7900000e+02		3.8000000e+02		3.7950000e+02		3.2744385e+02		1.2127060e+00		2.6232513e+00		2.1004684e+00		2.1004684e+00		8.3032055e-128
3.8000000e+02		3.8100000e+02		3.8050000e+02		3.5656330e+02		1.3262899e+00		2.8689726e+00		2.2972015e+00		2.2972015e+00		1.0675068e-127
3.8100000e+02		3.8200000e+02		3.8150000e+02		3.2019140e+02		1.2119537e+00		2.6214168e+00		2.0991653e+00		2.0991653e+00		1.0990273e-126
3.8200000e+02		3.8300000e+02		3.8250000e+02		2.2964197e+02		8.6290977e-01		1.8662461e+00		1.4946036e+00		1.4946036e+00		4.9530736e-128
3.8300000e+02		3.8400000e+02		3.8350000e+02		2.0267593e+02		7.6468592e-01		1.6537374e+00		1.3244749e+00		1.3244749e+00		1.1987219e-127
3.8400000e+02		3.8500000e+02		3.8450000e+02		2.7111947e+02		1.0369098e+00		2.2421683e+00		1.7959805e+00		1.7959805e+00		1.8251857e-127
3.8500000e+02		3.8600000e+02		3.8550000e+02		2.8715912e+02		1.0973562e+00		2.3727068e+00		1.9006767e+00		1.9006767e+00		7.0289943e-128
3.8600000e+02		3.8700000e+02		3.8650000e+02		2.8837692e+02		1.1158536e+00		2.4124890e+00		1.9327151e+00		1.9327151e+00		3.5942600e-127
3.8700000e+02		3.8800000e+02		3.8750000e+02		2.8805300e+02		1.1164614e+00		2.4135931e+00		1.9337679e+00		1.9337679e+00		1.7113451e-127
3.8800000e+02		3.8900000e+02		3.8850000e+02		2.9209390e+02		1.1391298e+00		2.4622554e+00		1.9730307e+00		1.9730307e+00		1.0657301e-127
3.8900000e+02		3.9000000e+02		3.8950000e+02		3.5069332e+02		1.3681359e+00		2.9572629e+00		2.3696809e+00		2.3696809e+00		1.7222381e-127
3.9000000e+02		3.9100000e+02		3.9050000e+02		3.6838836e+02		1.4568553e+00		3.1487578e+00		2.5233473e+00		2.5233473e+00		7.3304511e-127
3.9100000e+02		3.9200000e+02		3.9150000e+02		3.9613874e+02		1.5641446e+00		3.3803817e+00		2.7091778e+00		2.7091778e+00		2.3014560e-127
3.9200000e+02		3.9300000e+02		3.9250000e+02		3.0403432e+02		1.2009345e+00		2.5952895e+00		2.0800795e+00		2.0800795e+00		8.4942461e-128
3.9300000e+02		3.9400000e+02		3.9350000e+02		1.8639471e+02		7.4097369e-01		1.6011943e+00		1.2834041e+00		1.2834041e+00		8.2839522e-128
3.9400000e+02		3.9500000e+02		3.9450000e+02		3.0813115e+02		1.2225313e+00		2.6416281e+00		2.1174863e+00		2.1174863e+00		3.1847192e-128
3.9500000e+02		3.9600000e+02		3.9550000e+02		3.7840801e+02		1.5325379e+00		3.3112827e+00		2.6544335e+00		2.6544335e+00		1.1315161e-126
3.9600000e+02		3.9700000e+02		3.9650000e+02		2.6140326e+02		1.0561494e+00		2.2818076e+00		1.8293044e+00		1.8293044e+00		2.2492155e-127
3.9700000e+02		3.9800000e+02		3.9750000e+02		2.9300657e+02		1.1881847e+00		2.5669241e+00		2.0579963e+00		2.0579963e+00		1.7370929e-127
3.9800000e+02		3.9900000e+02		3.9850000e+02		4.5124719e+02		1.8371614e+00		3.9687715e+00		3.1820568e+00		3.1820568e+00		3.2803506e-127
3.9900000e+02		4.0000000e+02		3.9950000e+02		4.9846141e+02		2.0336800e+00		4.3929781e+00		3.5224372e+00		3.5224372e+00		1.8899421e-127
4.0000000e+02		4.0100000e+02		4.0050000e+02		5.1407199e+02		2.1115584e+00		4.5609926e+00		3.6573263e+00		3.6573263e+00		3.5649595e-127
4.0100000e+02		4.0200000e+02		4.0150000e+02		5.3860814e+02		2.2213109e+00		4.7977764e+00		3.8474233e+00		3.8474233e+00		3.0823277e-127
4.0200000e+02		4.0300000e+02		4.0250000e+02		5.4526519e+02		2.2481144e+00		4.8552309e+00		3.8938484e+00		3.8938484e+00		6.8343921e-128
4.0300000e+02		4.0400000e+02		4.0350000e+02		5.2165796e+02		2.1773742e+00		4.7020955e+00		3.7713228e+00		3.7713228e+00		7.1137436e-127
4.0400000e+02		4.0500000e+02		4.0450000e+02		5.1300620e+02		2.1632364e+00		4.6711689e+00		3.7468354e+00		3.7468354e+00		1.0211568e-126
4.0500000e+02		4.0600000e+02		4.0550000e+02		5.1256585e+02		2.1479320e+00		4.6378103e+00		3.7203274e+00		3.7203274e+00		1.1013468e-127
4.0600000e+02		4.0700000e+02		4.0650000e+02		4.9035274e+02		2.0516462e+00		4.4297274e+00		3.5535554e+00		3.5535554e+00		3.0412581e-128
4.0700000e+02		4.0800000e+02		4.0750000e+02		4.9838294e+02		2.1071257e+00		4.5491651e+00		3.6496488e+00		3.6496488e+00		8.9493883e-128
4.0800000e+02		4.0900000e+02		4.0850000e+02		5.2990289e+02		2.2729616e+00		4.9066813e+00		3.9368850e+00		3.9368850e+00		4.9554992e-127
4.0900000e+02		4.1000000e+02		4.0950000e+02		5.2713439e+02		2.2569975e+00		4.8720164e+00		3.9092343e+00		3.9092343e+00		2.1785793e-127
4.1000000e+02		4.1100000e+02		4.1050000e+02		4.8293937e+02		2.0817600e+00		4.4934459e+00		3.6057140e+00		3.6057140e+00		2.3597403e-127
4.1100000e+02		4.1200000e+02		4.1150000e+02		5.5986852e+02		2.4263823e+00		5.2369220e+00		4.2026175e+00		4.2026175e+00		3.0380441e-127
4.1200000e+02		4.1300000e+02		4.1250000e+02		5.4940473e+02		2.3916565e+00		5.1615494e+00		4.1424706e+00		4.1424706e+00		2.6556903e-127
4.1300000e+02		4.1400000e+02		4.1350000e+02		5.2995399e+02		2.3083329e+00		4.9816944e+00		3.9981499e+00		3.9981499e+00		1.6450145e-127
4.1400000e+02		4.1500000e+02		4.1450000e+02		5.3771640e+02		2.3729359e+00		5.1201779e+00		4.1100455e+00		4.1100455e+00		3.2541672e-127
4.1500000e+02		4.1600000e+02		4.1550000e+02		5.3722776e+02		2.3544879e+00		5.0796508e+00		4.0780926e+00		4.0780926e+00		1.9809925e-128
4.1600000e+02		4.1700000e+02		4.1650000e+02		5.5745703e+02		2.4874810e+00		5.3660515e+00		4.3084435e+00		4.3084435e+00		2.2093524e-127
4.1700000e+02		4.1800000e+02		4.1750000e+02		5.0725322e+02		2.2935570e+00		4.9471930e+00		3.9725572e+00		3.9725572e+00		7.0570783e-127
4.1800000e+02		4.1900000e+02		4.1850000e+02		5.2601513e+02		2.3869760e+00		5.1483511e+00		4.1343638e+00		4.1343638e+00		4.9075193e-127
4.1900000e+02		4.2000000e+02		4.1950000e+02		5.3123875e+02		2.4008871e+00		5.1783382e+00		4.1584585e+00		4.1584585e+00		1.4573915e-127
4.2000000e+02		4.2100000e+02		4.2050000e+02		5.3797708e+02		2.4112256e+00		5.2004548e+00		4.1763653e+00		4.1763653e+00		3.2921346e-127
4.2100000e+02		4.2200000e+02		4.2150000e+02		5.2958361e+02		2.3942821e+00		5.1642416e+00		4.1470182e+00		4.1470182e+00		1.7461519e-127
4.2200000e+02		4.2300000e+02		4.2250000e+02		5.0190537e+02		2.2883441e+00		4.9352495e+00		3.9635282e+00		3.9635282e+00		4.7279890e-127
4.2300000e+02		4.2400000e+02		4.2350000e+02		5.3474862e+02		2.4501261e+00		5.2841720e+00		4.2437429e+00		4.2437429e+00		3.2609700e-127
4.2400000e+02		4.2500000e+02		4.2450000e+02		5.5328403e+02		2.5410372e+00		5.4803619e+00		4.4012055e+00		4.4012055e+00		3.8461111e-127
4.2500000e+02		4.2600000e+02		4.2550000e+02		5.3248014e+02		2.4506263e+00		5.2851858e+00		4.2446092e+00		4.2446092e+00		3.2392928e-127
4.2600000e+02		4.2700000e+02		4.2650000e+02		5.3029841e+02		2.4474892e+00		5.2777910e+00		4.2391756e+00		4.2391756e+00		1.5843210e-127
4.2700000e+02		4.2800000e+02		4.2750000e+02		4.9171747e+02		2.2844361e+00		4.9258189e+00		3.9567594e+00		3.9567594e+00		1.3275165e-127
4.2800000e+02		4.2900000e+02		4.2850000e+02		4.9494538e+02		2.3519358e+00		5.0699521e+00		4.0736724e+00		4.0736724e+00		2.9721075e-127
4.2900000e+02		4.3000000e+02		4.2950000e+02		4.6063718e+02		2.1987239e+00		4.7390987e+00		3.8083015e+00		3.8083015e+00		2.1138881e-127
4.3000000e+02		4.3100000e+02		4.3050000e+02		3.7055843e+02		1.7625123e+00		3.7985690e+00		3.0527608e+00		3.0527608e+00		5.0648753e-128
4.3100000e+02		4.3200000e+02		4.3150000e+02		4.5818753e+02		2.2131351e+00		4.7693574e+00		3.8332625e+00		3.8332625e+00		3.2614307e-127
4.3200000e+02		4.3300000e+02		4.3250000e+02		5.1625369e+02		2.5049180e+00		5.3985495e+00		4.3386453e+00		4.3386453e+00		2.7961827e-126
4.3300000e+02		4.3400000e+02		4.3350000e+02		5.6047485e+02		2.6550789e+00		5.7228326e+00		4.5987316e+00		4.5987316e+00		2.5276157e-128
4.3400000e+02		4.3500000e+02		4.3450000e+02		4.7595241e+02		2.3190287e+00		4.9989237e+00		4.0166755e+00		4.0166755e+00		1.4618406e-125
4.3500000e+02		4.3600000e+02		4.3550000e+02		5.3162725e+02		2.5285008e+00		5.4504427e+00		4.3794919e+00		4.3794919e+00		5.2127086e-128
4.3600000e+02		4.3700000e+02		4.3650000e+02		5.9481241e+02		2.8522397e+00		6.1471501e+00		4.9402241e+00		4.9402241e+00		3.9139461e-128
4.3700000e+02		4.3800000e+02		4.3750000e+02		5.2629983e+02		2.5886057e+00		5.5781575e+00		4.4835965e+00		4.4835965e+00		1.3941956e-126
4.3800000e+02		4.3900000e+02		4.3850000e+02		5.1257868e+02		2.5118113e+00		5.4119465e+00		4.3505848e+00		4.3505848e+00		1.0034890e-127
4.3900000e+02		4.4000000e+02		4.3950000e+02		5.7051902e+02		2.8308180e+00		6.0991956e+00		4.9031206e+00		4.9031206e+00		6.4785341e-127
4.4000000e+02		4.4100000e+02		4.4050000e+02		5.4089681e+02		2.6718176e+00		5.7566987e+00		4.6277239e+00		4.6277239e+00		1.8166050e-127
4.4100000e+02		4.4200000e+02		4.4150000e+02		5.9491633e+02		2.9466859e+00		6.3483412e+00		5.1038098e+00		5.1038098e+00		1.4175035e-127
4.4200000e+02		4.4300000e+02		4.4250000e+02		6.2544254e+02		3.1048949e+00		6.6890227e+00		5.3778357e+00		5.3778357e+00		1.6342384e-127
4.4300000e+02		4.4400000e+02		4.4350000e+02		6.0497206e+02		3.0087033e+00		6.4816837e+00		5.2112269e+00		5.2112269e+00		1.1258540e-127
4.4400000e+02		4.4500000e+02		4.4450000e+02		6.2324411e+02		3.1094204e+00		6.6986052e+00		5.3856742e+00		5.3856742e+00		1.6533218e-127
4.4500000e+02		4.4600000e+02		4.4550000e+02		5.7783999e+02		2.8996783e+00		6.2474613e+00		5.0223901e+00		5.0223901e+00		2.2763900e-127
4.4600000e+02		4.4700000e+02		4.4650000e+02		5.8940025e+02		2.9628403e+00		6.3836296e+00		5.1317900e+00		5.1317900e+00		2.2855627e-127
4.4700000e+02		4.4800000e+02		4.4750000e+02		6.3881895e+02		3.2303931e+00		6.9601239e+00		5.5952049e+00		5.5952049e+00		3.5781326e-127
4.4800000e+02		4.4900000e+02		4.4850000e+02		6.2805979e+02		3.1975176e+00		6.8892044e+00		5.5382629e+00		5.5382629e+00		5.1173404e-127
4.4900000e+02		4.5000000e+02		4.4950000e+02		6.3454704e+02		3.2150280e+00		6.9266196e+00		5.5685918e+00		5.5685918e+00		9.3714471e-128
4.5000000e+02		4.5100000e+02		4.5050000e+02		6.7325368e+02		3.4175948e+00		7.3627407e+00		5.9194479e+00		5.9194479e+00		4.0763506e-128
4.5100000e+02		4.5200000e+02		4.5150000e+02		6.7122600e+02		3.4308939e+00		7.3923031e+00		5.9424825e+00		5.9424825e+00		2.8312008e-127
4.5200000e+02		4.5300000e+02		4.5250000e+02		6.3541039e+02		3.2565057e+00		7.0154000e+00		5.6404334e+00		5.6404334e+00		1.1717280e-127
4.5300000e+02		4.5400000e+02		4.5350000e+02		6.0888666e+02		3.1498151e+00		6.7852413e+00		5.4556398e+00		5.4556398e+00		1.7952381e-127
4.5400000e+02		4.5500000e+02		4.5450000e+02		6.4999363e+02		3.3567279e+00		7.2305507e+00		5.8140233e+00		5.8140233e+00		7.5125986e-128
4.5500000e+02		4.5600000e+02		4.5550000e+02		6.4380306e+02		3.3567245e+00		7.2300932e+00		5.8140174e+00		5.8140174e+00		3.8557372e-127
4.5600000e+02		4.5700000e+02		4.5650000e+02		6.6853861e+02		3.4639387e+00		7.4603778e+00		5.9997178e+00		5.9997178e+00		9.4617518e-128
4.5700000e+02		4.5800000e+02		4.5750000e+02		6.7499745e+02		3.5342647e+00		7.6108821e+00		6.1215261e+00		6.1215261e+00		3.6102923e-127
4.5800000e+02		4.5900000e+02		4.5850000e+02		6.3439039e+02		3.3102550e+00		7.1284662e+00		5.7335298e+00		5.7335298e+00		1.9293871e-127
4.5900000e+02		4.6000000e+02		4.5950000e+02		6.5539586e+02		3.4414800e+00		7.4109937e+00		5.9608181e+00		5.9608181e+00		1.2910526e-127
4.6000000e+02		4.6100000e+02		4.6050000e+02		6.4752339e+02		3.4162911e+00		7.3563883e+00		5.9171898e+00		5.9171898e+00		1.3020946e-127
4.6100000e+02		4.6200000e+02		4.6150000e+02		6.6245412e+02		3.5093511e+00		7.5558191e+00		6.0783743e+00		6.0783743e+00		6.6044083e-128
4.6200000e+02		4.6300000e+02		4.6250000e+02		6.6901120e+02		3.5820065e+00		7.7121621e+00		6.2042172e+00		6.2042172e+00		4.0812392e-127
4.6300000e+02		4.6400000e+02		4.6350000e+02		6.4662616e+02		3.4488561e+00		7.4263630e+00		5.9735940e+00		5.9735940e+00		8.6449036e-128
4.6400000e+02		4.6500000e+02		4.6450000e+02		6.5795753e+02		3.5485138e+00		7.6412720e+00		6.1462062e+00		6.1462062e+00		2.8229417e-127
4.6500000e+02		4.6600000e+02		4.6550000e+02		6.3552746e+02		3.4230275e+00		7.3670469e+00		5.9288575e+00		5.9288575e+00		1.1217227e-127
4.6600000e+02		4.6700000e+02		4.6650000e+02		6.3955371e+02		3.4899985e+00		7.5099899e+00		6.0448548e+00		6.0448548e+00		3.3249908e-127
4.6700000e+02		4.6800000e+02		4.6750000e+02		6.4572639e+02		3.5267116e+00		7.5887219e+00		6.1084437e+00		6.1084437e+00		2.2415489e-127
4.6800000e+02		4.6900000e+02		4.6850000e+02		6.3145002e+02		3.4677074e+00		7.4619472e+00		6.0062454e+00		6.0062454e+00		3.4557806e-127
4.6900000e+02		4.7000000e+02		4.6950000e+02		6.4956875e+02		3.5653481e+00		7.6715194e+00		6.1753641e+00		6.1753641e+00		8.7230235e-128
4.7000000e+02		4.7100000e+02		4.7050000e+02		6.1381170e+02		3.3957705e+00		7.3059259e+00		5.8816470e+00		5.8816470e+00		9.5926392e-128
4.7100000e+02		4.7200000e+02		4.7150000e+02		6.4174114e+02		3.5612137e+00		7.6618697e+00		6.1682030e+00		6.1682030e+00		1.7822944e-127
4.7200000e+02		4.7300000e+02		4.7250000e+02		6.5742798e+02		3.6865299e+00		7.9304900e+00		6.3852572e+00		6.3852572e+00		2.1086795e-127
4.7300000e+02		4.7400000e+02		4.7350000e+02		6.4563741e+02		3.6276075e+00		7.8034672e+00		6.2832004e+00		6.2832004e+00		1.7888315e-127
4.7400000e+02		4.7500000e+02		4.7450000e+02		6.6512717e+02		3.7529872e+00		8.0758653e+00		6.5003645e+00		6.5003645e+00		2.2168002e-127
4.7500000e+02		4.7600000e+02		4.7550000e+02		6.6365303e+02		3.7553916e+00		8.0793370e+00		6.5045291e+00		6.5045291e+00		1.1422409e-127
4.7600000e+02		4.7700000e+02		4.7650000e+02		6.3952653e+02		3.6373875e+00		7.8235215e+00		6.3001399e+00		6.3001399e+00		1.5720209e-127
4.7700000e+02		4.7800000e+02		4.7750000e+02		6.6772274e+02		3.8171841e+00		8.2099780e+00		6.6115569e+00		6.6115569e+00		1.5754539e-127
4.7800000e+02		4.7900000e+02		4.7850000e+02		6.6128260e+02		3.8096224e+00		8.1933967e+00		6.5984596e+00		6.5984596e+00		4.6666640e-127
4.7900000e+02		4.8000000e+02		4.7950000e+02		6.6320839e+02		3.8207177e+00		8.2168751e+00		6.6176772e+00		6.6176772e+00		2.6161162e-127
4.8000000e+02		4.8100000e+02		4.8050000e+02		6.6489751e+02		3.8473968e+00		8.2742614e+00		6.6638868e+00		6.6638868e+00		1.0750359e-127
4.8100000e+02		4.8200000e+02		4.8150000e+02		6.6630748e+02		3.8503209e+00		8.2835697e+00		6.6689514e+00		6.6689514e+00		4.1432845e-128
4.8200000e+02		4.8300000e+02		4.8250000e+02		6.6376999e+02		3.8609186e+00		8.3056603e+00		6.6873071e+00		6.6873071e+00		5.5132589e-128
4.8300000e+02		4.8400000e+02		4.8350000e+02		6.5373157e+02		3.8410809e+00		8.2628070e+00		6.6529473e+00		6.6529473e+00		2.3321928e-127
4.8400000e+02		4.8500000e+02		4.8450000e+02		6.4242337e+02		3.7431921e+00		8.0521878e+00		6.4833989e+00		6.4833989e+00		2.9634844e-128
4.8500000e+02		4.8600000e+02		4.8550000e+02		6.0369332e+02		3.5191750e+00		7.5715522e+00		6.0953899e+00		6.0953899e+00		1.0294397e-127
4.8600000e+02		4.8700000e+02		4.8650000e+02		5.2412565e+02		3.0858969e+00		6.6387933e+00		5.3449302e+00		5.3449302e+00		8.7141224e-128
4.8700000e+02		4.8800000e+02		4.8750000e+02		5.9966111e+02		3.5833320e+00		7.7025957e+00		6.2065131e+00		6.2065131e+00		5.3177611e-128
4.8800000e+02		4.8900000e+02		4.8850000e+02		6.3081686e+02		3.7719337e+00		8.1080861e+00		6.5331809e+00		6.5331809e+00		7.3149846e-128
4.8900000e+02		4.9000000e+02		4.8950000e+02		6.1880396e+02		3.7381737e+00		8.0350608e+00		6.4747067e+00		6.4747067e+00		1.6740736e-127
4.9000000e+02		4.9100000e+02		4.9050000e+02		6.5907671e+02		3.9788335e+00		8.5521701e+00		6.8915417e+00		6.8915417e+00		9.0659396e-128
4.9100000e+02		4.9200000e+02		4.9150000e+02		6.2110374e+02		3.8310586e+00		8.2313702e+00		6.6355881e+00		6.6355881e+00		2.1566425e-127
4.9200000e+02		4.9300000e+02		4.9250000e+02		5.9112858e+02		3.6547360e+00		7.8524722e+00		6.3301885e+00		6.3301885e+00		5.6124539e-128
4.9300000e+02		4.9400000e+02		4.9350000e+02		6.2472140e+02		3.8284672e+00		8.2273467e+00		6.6310997e+00		6.6310997e+00		7.3423829e-128
4.9400000e+02		4.9500000e+02		4.9450000e+02		6.4279699e+02		3.9567131e+00		8.5024716e+00		6.8532280e+00		6.8532280e+00		9.5702810e-128
4.9500000e+02		4.9600000e+02		4.9550000e+02		6.3133158e+02		3.9031897e+00		8.3868513e+00		6.7605229e+00		6.7605229e+00		4.7127199e-128
4.9600000e+02		4.9700000e+02		4.9650000e+02		6.3921352e+02		3.9807460e+00		8.5531282e+00		6.8948544e+00		6.8948544e+00		8.8255801e-128
4.9700000e+02		4.9800000e+02		4.9750000e+02		6.5113923e+02		4.0391756e+00		8.6794319e+00		6.9960574e+00		6.9960574e+00		1.0418686e-127
4.9800000e+02		4.9900000e+02		4.9850000e+02		5.9175801e+02		3.6534657e+00		7.8511032e+00		6.3279883e+00		6.3279883e+00		4.2206074e-128
4.9900000e+02		5.0000000e+02		4.9950000e+02		6.3385792e+02		3.9340845e+00		8.4536640e+00		6.8140343e+00		6.8140343e+00		3.3811040e-128
