Left Bin Edge (nm)	Right Bin Edge (nm)	Bin Center (nm)		Top of Atm Intensity (erg/s/nm/cm2)		Total Surface Flux (erg/s/nm/cm2)		Total Intensity at BOA (erg/s/nm/cm2)		Total Surface Intensity (erg/s/nm/cm2)		Total Surface Diffuse Intensity (erg/s/nm/cm2)		Total Surface Direct Intensity (erg/s/nm/cm2)
1.0000000e+02		1.0100000e+02		1.0050000e+02		1.9189487e-02		0.0000000e+00		0.0000000e+00		0.0000000e+00		0.0000000e+00		0.0000000e+00
1.0100000e+02		1.0200000e+02		1.0150000e+02		7.4861701e-02		0.0000000e+00		0.0000000e+00		0.0000000e+00		0.0000000e+00		0.0000000e+00
1.0200000e+02		1.0300000e+02		1.0250000e+02		3.9734366e-01		0.0000000e+00		0.0000000e+00		0.0000000e+00		0.0000000e+00		0.0000000e+00
1.0300000e+02		1.0400000e+02		1.0350000e+02		3.0179545e-01		0.0000000e+00		0.0000000e+00		0.0000000e+00		0.0000000e+00		0.0000000e+00
1.0400000e+02		1.0500000e+02		1.0450000e+02		6.0815352e-02		0.0000000e+00		0.0000000e+00		0.0000000e+00		0.0000000e+00		0.0000000e+00
1.0500000e+02		1.0600000e+02		1.0550000e+02		2.0834600e-02		0.0000000e+00		0.0000000e+00		0.0000000e+00		0.0000000e+00		0.0000000e+00
1.0600000e+02		1.0700000e+02		1.0650000e+02		1.9584792e-02		0.0000000e+00		0.0000000e+00		0.0000000e+00		0.0000000e+00		0.0000000e+00
1.0700000e+02		1.0800000e+02		1.0750000e+02		2.1853879e-02		0.0000000e+00		0.0000000e+00		0.0000000e+00		0.0000000e+00		0.0000000e+00
1.0800000e+02		1.0900000e+02		1.0850000e+02		3.0634999e-02		0.0000000e+00		0.0000000e+00		0.0000000e+00		0.0000000e+00		0.0000000e+00
1.0900000e+02		1.1000000e+02		1.0950000e+02		2.4032561e-02		0.0000000e+00		0.0000000e+00		0.0000000e+00		0.0000000e+00		0.0000000e+00
1.1000000e+02		1.1100000e+02		1.1050000e+02		2.3268893e-02		0.0000000e+00		0.0000000e+00		0.0000000e+00		0.0000000e+00		0.0000000e+00
1.1100000e+02		1.1200000e+02		1.1150000e+02		2.1871272e-02		0.0000000e+00		0.0000000e+00		0.0000000e+00		0.0000000e+00		0.0000000e+00
1.1200000e+02		1.1300000e+02		1.1250000e+02		2.2375602e-02		0.0000000e+00		0.0000000e+00		0.0000000e+00		0.0000000e+00		0.0000000e+00
1.1300000e+02		1.1400000e+02		1.1350000e+02		1.7748133e-02		0.0000000e+00		0.0000000e+00		0.0000000e+00		0.0000000e+00		0.0000000e+00
1.1400000e+02		1.1500000e+02		1.1450000e+02		1.3589480e-02		0.0000000e+00		0.0000000e+00		0.0000000e+00		0.0000000e+00		0.0000000e+00
1.1500000e+02		1.1600000e+02		1.1550000e+02		1.8751615e-02		0.0000000e+00		0.0000000e+00		0.0000000e+00		0.0000000e+00		0.0000000e+00
1.1600000e+02		1.1700000e+02		1.1650000e+02		4.3674487e-02		0.0000000e+00		0.0000000e+00		0.0000000e+00		0.0000000e+00		0.0000000e+00
1.1700000e+02		1.1800000e+02		1.1750000e+02		1.5546757e-01		0.0000000e+00		0.0000000e+00		0.0000000e+00		0.0000000e+00		0.0000000e+00
1.1800000e+02		1.1900000e+02		1.1850000e+02		5.2889236e-02		0.0000000e+00		0.0000000e+00		0.0000000e+00		0.0000000e+00		0.0000000e+00
1.1900000e+02		1.2000000e+02		1.1950000e+02		7.3692884e-02		0.0000000e+00		0.0000000e+00		0.0000000e+00		0.0000000e+00		0.0000000e+00
1.2000000e+02		1.2100000e+02		1.2050000e+02		4.0066072e-01		0.0000000e+00		0.0000000e+00		0.0000000e+00		0.0000000e+00		0.0000000e+00
1.2100000e+02		1.2200000e+02		1.2150000e+02		1.5905289e+01		0.0000000e+00		0.0000000e+00		0.0000000e+00		0.0000000e+00		0.0000000e+00
1.2200000e+02		1.2300000e+02		1.2250000e+02		1.0666543e-01		0.0000000e+00		0.0000000e+00		0.0000000e+00		0.0000000e+00		0.0000000e+00
1.2300000e+02		1.2400000e+02		1.2350000e+02		5.7456553e-02		0.0000000e+00		0.0000000e+00		0.0000000e+00		0.0000000e+00		0.0000000e+00
1.2400000e+02		1.2500000e+02		1.2450000e+02		4.6184197e-02		0.0000000e+00		0.0000000e+00		0.0000000e+00		0.0000000e+00		0.0000000e+00
1.2500000e+02		1.2600000e+02		1.2550000e+02		4.5085118e-02		0.0000000e+00		0.0000000e+00		0.0000000e+00		0.0000000e+00		0.0000000e+00
1.2600000e+02		1.2700000e+02		1.2650000e+02		6.3054464e-02		0.0000000e+00		0.0000000e+00		0.0000000e+00		0.0000000e+00		0.0000000e+00
1.2700000e+02		1.2800000e+02		1.2750000e+02		3.3006429e-02		0.0000000e+00		0.0000000e+00		0.0000000e+00		0.0000000e+00		0.0000000e+00
1.2800000e+02		1.2900000e+02		1.2850000e+02		2.6335196e-02		0.0000000e+00		0.0000000e+00		0.0000000e+00		0.0000000e+00		0.0000000e+00
1.2900000e+02		1.3000000e+02		1.2950000e+02		3.5131240e-02		0.0000000e+00		0.0000000e+00		0.0000000e+00		0.0000000e+00		0.0000000e+00
1.3000000e+02		1.3100000e+02		1.3050000e+02		2.8850634e-01		0.0000000e+00		0.0000000e+00		0.0000000e+00		0.0000000e+00		0.0000000e+00
1.3100000e+02		1.3200000e+02		1.3150000e+02		3.9064855e-02		0.0000000e+00		0.0000000e+00		0.0000000e+00		0.0000000e+00		0.0000000e+00
1.3200000e+02		1.3300000e+02		1.3250000e+02		3.0374778e-02		0.0000000e+00		0.0000000e+00		0.0000000e+00		0.0000000e+00		0.0000000e+00
1.3300000e+02		1.3400000e+02		1.3350000e+02		4.1056606e-01		0.0000000e+00		0.0000000e+00		0.0000000e+00		0.0000000e+00		0.0000000e+00
1.3400000e+02		1.3500000e+02		1.3450000e+02		2.8092500e-02		0.0000000e+00		0.0000000e+00		0.0000000e+00		0.0000000e+00		0.0000000e+00
1.3500000e+02		1.3600000e+02		1.3550000e+02		5.8954708e-02		0.0000000e+00		0.0000000e+00		0.0000000e+00		0.0000000e+00		0.0000000e+00
1.3600000e+02		1.3700000e+02		1.3650000e+02		3.8690656e-02		0.0000000e+00		0.0000000e+00		0.0000000e+00		0.0000000e+00		0.0000000e+00
1.3700000e+02		1.3800000e+02		1.3750000e+02		3.9732879e-02		0.0000000e+00		0.0000000e+00		0.0000000e+00		0.0000000e+00		0.0000000e+00
1.3800000e+02		1.3900000e+02		1.3850000e+02		4.0549866e-02		0.0000000e+00		0.0000000e+00		0.0000000e+00		0.0000000e+00		0.0000000e+00
1.3900000e+02		1.4000000e+02		1.3950000e+02		1.3692187e-01		0.0000000e+00		0.0000000e+00		0.0000000e+00		0.0000000e+00		0.0000000e+00
1.4000000e+02		1.4100000e+02		1.4050000e+02		1.1939088e-01		0.0000000e+00		0.0000000e+00		0.0000000e+00		0.0000000e+00		0.0000000e+00
1.4100000e+02		1.4200000e+02		1.4150000e+02		5.7521948e-02		0.0000000e+00		0.0000000e+00		0.0000000e+00		0.0000000e+00		0.0000000e+00
1.4200000e+02		1.4300000e+02		1.4250000e+02		6.2343151e-02		0.0000000e+00		0.0000000e+00		0.0000000e+00		0.0000000e+00		0.0000000e+00
1.4300000e+02		1.4400000e+02		1.4350000e+02		6.9165895e-02		0.0000000e+00		0.0000000e+00		0.0000000e+00		0.0000000e+00		0.0000000e+00
1.4400000e+02		1.4500000e+02		1.4450000e+02		6.6149126e-02		0.0000000e+00		0.0000000e+00		0.0000000e+00		0.0000000e+00		0.0000000e+00
1.4500000e+02		1.4600000e+02		1.4550000e+02		7.0536262e-02		0.0000000e+00		0.0000000e+00		0.0000000e+00		0.0000000e+00		0.0000000e+00
1.4600000e+02		1.4700000e+02		1.4650000e+02		8.6012655e-02		0.0000000e+00		0.0000000e+00		0.0000000e+00		0.0000000e+00		0.0000000e+00
1.4700000e+02		1.4800000e+02		1.4750000e+02		1.0610345e-01		0.0000000e+00		0.0000000e+00		0.0000000e+00		0.0000000e+00		0.0000000e+00
1.4800000e+02		1.4900000e+02		1.4850000e+02		1.0405386e-01		0.0000000e+00		0.0000000e+00		0.0000000e+00		0.0000000e+00		0.0000000e+00
1.4900000e+02		1.5000000e+02		1.4950000e+02		9.4002421e-02		0.0000000e+00		0.0000000e+00		0.0000000e+00		0.0000000e+00		0.0000000e+00
1.5000000e+02		1.5100000e+02		1.5050000e+02		1.0343288e-01		0.0000000e+00		0.0000000e+00		0.0000000e+00		0.0000000e+00		0.0000000e+00
1.5100000e+02		1.5200000e+02		1.5150000e+02		1.0875212e-01		0.0000000e+00		0.0000000e+00		0.0000000e+00		0.0000000e+00		0.0000000e+00
1.5200000e+02		1.5300000e+02		1.5250000e+02		1.3876638e-01		0.0000000e+00		0.0000000e+00		0.0000000e+00		0.0000000e+00		0.0000000e+00
1.5300000e+02		1.5400000e+02		1.5350000e+02		1.5371418e-01		0.0000000e+00		0.0000000e+00		0.0000000e+00		0.0000000e+00		0.0000000e+00
1.5400000e+02		1.5500000e+02		1.5450000e+02		4.1112511e-01		0.0000000e+00		0.0000000e+00		0.0000000e+00		0.0000000e+00		0.0000000e+00
1.5500000e+02		1.5600000e+02		1.5550000e+02		3.3836363e-01		0.0000000e+00		0.0000000e+00		0.0000000e+00		0.0000000e+00		0.0000000e+00
1.5600000e+02		1.5700000e+02		1.5650000e+02		2.0084632e-01		0.0000000e+00		0.0000000e+00		0.0000000e+00		0.0000000e+00		0.0000000e+00
1.5700000e+02		1.5800000e+02		1.5750000e+02		1.8216796e-01		0.0000000e+00		0.0000000e+00		0.0000000e+00		0.0000000e+00		0.0000000e+00
1.5800000e+02		1.5900000e+02		1.5850000e+02		1.6795176e-01		0.0000000e+00		0.0000000e+00		0.0000000e+00		0.0000000e+00		0.0000000e+00
1.5900000e+02		1.6000000e+02		1.5950000e+02		1.6379377e-01		0.0000000e+00		0.0000000e+00		0.0000000e+00		0.0000000e+00		0.0000000e+00
1.6000000e+02		1.6100000e+02		1.6050000e+02		1.7926410e-01		0.0000000e+00		0.0000000e+00		0.0000000e+00		0.0000000e+00		0.0000000e+00
1.6100000e+02		1.6200000e+02		1.6150000e+02		2.0306941e-01		0.0000000e+00		0.0000000e+00		0.0000000e+00		0.0000000e+00		0.0000000e+00
1.6200000e+02		1.6300000e+02		1.6250000e+02		2.2492895e-01		0.0000000e+00		0.0000000e+00		0.0000000e+00		0.0000000e+00		0.0000000e+00
1.6300000e+02		1.6400000e+02		1.6350000e+02		4.7671727e-01		0.0000000e+00		0.0000000e+00		0.0000000e+00		0.0000000e+00		0.0000000e+00
1.6400000e+02		1.6500000e+02		1.6450000e+02		4.8753270e-01		0.0000000e+00		0.0000000e+00		0.0000000e+00		0.0000000e+00		0.0000000e+00
1.6500000e+02		1.6600000e+02		1.6550000e+02		5.7072689e-01		0.0000000e+00		0.0000000e+00		0.0000000e+00		0.0000000e+00		0.0000000e+00
1.6600000e+02		1.6700000e+02		1.6650000e+02		2.6919628e-01		0.0000000e+00		0.0000000e+00		0.0000000e+00		0.0000000e+00		0.0000000e+00
1.6700000e+02		1.6800000e+02		1.6750000e+02		2.8728373e-01		0.0000000e+00		0.0000000e+00		0.0000000e+00		0.0000000e+00		0.0000000e+00
1.6800000e+02		1.6900000e+02		1.6850000e+02		3.0958866e-01		0.0000000e+00		0.0000000e+00		0.0000000e+00		0.0000000e+00		0.0000000e+00
1.6900000e+02		1.7000000e+02		1.6950000e+02		3.8988989e-01		0.0000000e+00		0.0000000e+00		0.0000000e+00		0.0000000e+00		0.0000000e+00
1.7000000e+02		1.7100000e+02		1.7050000e+02		4.3752516e-01		0.0000000e+00		0.0000000e+00		0.0000000e+00		0.0000000e+00		0.0000000e+00
1.7100000e+02		1.7200000e+02		1.7150000e+02		4.3618394e-01		0.0000000e+00		0.0000000e+00		0.0000000e+00		0.0000000e+00		0.0000000e+00
1.7200000e+02		1.7300000e+02		1.7250000e+02		4.5514763e-01		0.0000000e+00		0.0000000e+00		0.0000000e+00		0.0000000e+00		0.0000000e+00
1.7300000e+02		1.7400000e+02		1.7350000e+02		4.5120572e-01		0.0000000e+00		0.0000000e+00		0.0000000e+00		0.0000000e+00		0.0000000e+00
1.7400000e+02		1.7500000e+02		1.7450000e+02		5.3951828e-01		0.0000000e+00		0.0000000e+00		0.0000000e+00		0.0000000e+00		0.0000000e+00
1.7500000e+02		1.7600000e+02		1.7550000e+02		6.4389120e-01		0.0000000e+00		0.0000000e+00		0.0000000e+00		0.0000000e+00		0.0000000e+00
1.7600000e+02		1.7700000e+02		1.7650000e+02		6.9472845e-01		0.0000000e+00		0.0000000e+00		0.0000000e+00		0.0000000e+00		0.0000000e+00
1.7700000e+02		1.7800000e+02		1.7750000e+02		8.1849614e-01		0.0000000e+00		0.0000000e+00		0.0000000e+00		0.0000000e+00		0.0000000e+00
1.7800000e+02		1.7900000e+02		1.7850000e+02		8.9455089e-01		0.0000000e+00		0.0000000e+00		0.0000000e+00		0.0000000e+00		0.0000000e+00
1.7900000e+02		1.8000000e+02		1.7950000e+02		8.6966614e-01		0.0000000e+00		0.0000000e+00		0.0000000e+00		0.0000000e+00		0.0000000e+00
1.8000000e+02		1.8100000e+02		1.8050000e+02		1.0753674e+00		0.0000000e+00		0.0000000e+00		0.0000000e+00		0.0000000e+00		0.0000000e+00
1.8100000e+02		1.8200000e+02		1.8150000e+02		1.3093431e+00		0.0000000e+00		0.0000000e+00		0.0000000e+00		0.0000000e+00		0.0000000e+00
1.8200000e+02		1.8300000e+02		1.8250000e+02		1.2087370e+00		0.0000000e+00		0.0000000e+00		0.0000000e+00		0.0000000e+00		0.0000000e+00
1.8300000e+02		1.8400000e+02		1.8350000e+02		1.2728289e+00		0.0000000e+00		0.0000000e+00		0.0000000e+00		0.0000000e+00		0.0000000e+00
1.8400000e+02		1.8500000e+02		1.8450000e+02		1.0940339e+00		0.0000000e+00		0.0000000e+00		0.0000000e+00		0.0000000e+00		0.0000000e+00
1.8500000e+02		1.8600000e+02		1.8550000e+02		1.2372281e+00		0.0000000e+00		0.0000000e+00		0.0000000e+00		0.0000000e+00		0.0000000e+00
1.8600000e+02		1.8700000e+02		1.8650000e+02		1.4037992e+00		0.0000000e+00		0.0000000e+00		0.0000000e+00		0.0000000e+00		0.0000000e+00
1.8700000e+02		1.8800000e+02		1.8750000e+02		1.5907538e+00		0.0000000e+00		0.0000000e+00		0.0000000e+00		0.0000000e+00		0.0000000e+00
1.8800000e+02		1.8900000e+02		1.8850000e+02		1.6735993e+00		1.0303968e-220		0.0000000e+00		1.0315082e-220		2.6294701e-223		1.0288787e-220
1.8900000e+02		1.9000000e+02		1.8950000e+02		1.8559600e+00		6.0753528e-151		0.0000000e+00		6.0850712e-151		2.2994022e-153		6.0620772e-151
1.9000000e+02		1.9100000e+02		1.9050000e+02		1.9109940e+00		2.9223953e-102		0.0000000e+00		2.9295399e-102		1.6904267e-104		2.9126356e-102
1.9100000e+02		1.9200000e+02		1.9150000e+02		2.0707336e+00		2.9148760e-75		6.3737347e-73		2.9250017e-75		2.3957758e-77		2.9010440e-75
1.9200000e+02		1.9300000e+02		1.9250000e+02		2.1685186e+00		1.1628159e-56		5.0328622e-55		1.1685483e-56		1.3563121e-58		1.1549852e-56
1.9300000e+02		1.9400000e+02		1.9350000e+02		1.6554009e+00		6.4496545e-45		9.9288542e-44		6.4933379e-45		1.0335595e-46		6.3899819e-45
1.9400000e+02		1.9500000e+02		1.9450000e+02		2.6556632e+00		3.6327530e-38		4.8063246e-37		3.7687473e-38		3.2176592e-39		3.4469814e-38
1.9500000e+02		1.9600000e+02		1.9550000e+02		2.5630279e+00		2.5629231e-31		7.4068698e-30		4.4086168e-31		4.3669581e-31		4.1658677e-33
1.9600000e+02		1.9700000e+02		1.9650000e+02		2.8204934e+00		5.6981896e-27		1.1174634e-25		9.8680066e-27		9.8658928e-27		2.1137271e-30
1.9700000e+02		1.9800000e+02		1.9750000e+02		2.8068384e+00		9.4761976e-24		1.3810941e-22		1.6413106e-23		1.6412902e-23		2.0440566e-28
1.9800000e+02		1.9900000e+02		1.9850000e+02		2.7505577e+00		1.3822293e-12		7.2620760e-12		2.3940914e-12		2.3940914e-12		1.1930857e-21
1.9900000e+02		2.0000000e+02		1.9950000e+02		2.8965557e+00		1.3146533e-02		3.0412628e-02		2.2770463e-02		2.2770463e-02		1.0305609e-15
2.0000000e+02		2.0100000e+02		2.0050000e+02		3.0623388e+00		4.2411506e-02		9.5283568e-02		7.3458884e-02		7.3458884e-02		2.1934585e-15
2.0100000e+02		2.0200000e+02		2.0150000e+02		3.2593670e+00		1.7858709e-01		3.8922102e-01		3.0932191e-01		3.0932191e-01		4.6482619e-15
2.0200000e+02		2.0300000e+02		2.0250000e+02		3.2217937e+00		2.0580994e-01		4.4712861e-01		3.5647328e-01		3.5647328e-01		5.5248161e-15
2.0300000e+02		2.0400000e+02		2.0350000e+02		3.4484145e+00		2.7854994e-01		6.0251574e-01		4.8246265e-01		4.8246265e-01		7.0241328e-15
2.0400000e+02		2.0500000e+02		2.0450000e+02		3.7117169e+00		3.2738765e-01		7.0685963e-01		5.6705205e-01		5.6705205e-01		8.6011750e-15
2.0500000e+02		2.0600000e+02		2.0550000e+02		3.7200399e+00		3.2915812e-01		7.1032440e-01		5.7011858e-01		5.7011858e-01		9.2837881e-15
2.0600000e+02		2.0700000e+02		2.0650000e+02		3.7247532e+00		3.3050745e-01		7.1288803e-01		5.7245570e-01		5.7245570e-01		9.9305966e-15
2.0700000e+02		2.0800000e+02		2.0750000e+02		4.0454145e+00		3.6037000e-01		7.7692904e-01		6.2417915e-01		6.2417915e-01		1.1922622e-14
2.0800000e+02		2.0900000e+02		2.0850000e+02		4.3759554e+00		3.9005968e-01		8.4054715e-01		6.7560319e-01		6.7560319e-01		1.3062070e-14
2.0900000e+02		2.1000000e+02		2.0950000e+02		5.6528678e+00		5.0548642e-01		1.0887920e+00		8.7552817e-01		8.7552817e-01		1.8038514e-14
2.1000000e+02		2.1100000e+02		2.1050000e+02		6.9678423e+00		6.2692920e-01		1.3497768e+00		1.0858732e+00		1.0858732e+00		2.6412085e-14
2.1100000e+02		2.1200000e+02		2.1150000e+02		7.9326445e+00		7.1473915e-01		1.5381725e+00		1.2379645e+00		1.2379645e+00		3.0767859e-14
2.1200000e+02		2.1300000e+02		2.1250000e+02		7.0734222e+00		6.3930660e-01		1.3752603e+00		1.1073115e+00		1.1073115e+00		2.9587592e-14
2.1300000e+02		2.1400000e+02		2.1350000e+02		7.2066449e+00		6.5315719e-01		1.4044846e+00		1.1313014e+00		1.1313014e+00		3.2254231e-14
2.1400000e+02		2.1500000e+02		2.1450000e+02		9.2279181e+00		8.3857773e-01		1.8024595e+00		1.4524592e+00		1.4524592e+00		4.3304340e-14
2.1500000e+02		2.1600000e+02		2.1550000e+02		7.9257408e+00		7.2122522e-01		1.5496381e+00		1.2491987e+00		1.2491987e+00		3.8917888e-14
2.1600000e+02		2.1700000e+02		2.1650000e+02		7.3353469e+00		6.7149450e-01		1.4422442e+00		1.1630626e+00		1.1630626e+00		4.2798346e-14
2.1700000e+02		2.1800000e+02		2.1750000e+02		7.5953881e+00		6.9487783e-01		1.4919219e+00		1.2035637e+00		1.2035637e+00		4.2598670e-14
2.1800000e+02		2.1900000e+02		2.1850000e+02		1.0217230e+01		9.3779034e-01		2.0127429e+00		1.6243005e+00		1.6243005e+00		6.2896127e-14
2.1900000e+02		2.2000000e+02		2.1950000e+02		1.0786519e+01		9.9115276e-01		2.1265304e+00		1.7167269e+00		1.7167269e+00		6.7368857e-14
2.2000000e+02		2.2100000e+02		2.2050000e+02		1.0851638e+01		1.0003132e+00		2.1454580e+00		1.7325933e+00		1.7325933e+00		7.4177728e-14
2.2100000e+02		2.2200000e+02		2.2150000e+02		8.6872371e+00		8.0261787e-01		1.7208638e+00		1.3901749e+00		1.3901749e+00		6.2187952e-14
2.2200000e+02		2.2300000e+02		2.2250000e+02		1.1691346e+01		1.0836817e+00		2.3227268e+00		1.8769918e+00		1.8769918e+00		9.1021643e-14
2.2300000e+02		2.2400000e+02		2.2350000e+02		1.5139682e+01		1.4065845e+00		3.0138671e+00		2.4362758e+00		2.4362758e+00		1.2420756e-13
2.2400000e+02		2.2500000e+02		2.2450000e+02		1.4154944e+01		1.3118718e+00		2.8102240e+00		2.2722286e+00		2.2722286e+00		1.1661272e-13
2.2500000e+02		2.2600000e+02		2.2550000e+02		1.2365614e+01		1.1507122e+00		2.4642121e+00		1.9930921e+00		1.9930921e+00		1.1064279e-13
2.2600000e+02		2.2700000e+02		2.2650000e+02		9.0577089e+00		8.4259884e-01		1.8038841e+00		1.4594240e+00		1.4594240e+00		8.0309212e-14
2.2700000e+02		2.2800000e+02		2.2750000e+02		8.8108381e+00		8.2347263e-01		1.7623357e+00		1.4262964e+00		1.4262964e+00		8.0905859e-14
2.2800000e+02		2.2900000e+02		2.2850000e+02		1.2275156e+01		1.1516852e+00		2.4640608e+00		1.9947773e+00		1.9947773e+00		1.2556850e-13
2.2900000e+02		2.3000000e+02		2.2950000e+02		1.1031259e+01		1.0386972e+00		2.2217099e+00		1.7990763e+00		1.7990763e+00		1.2420149e-13
2.3000000e+02		2.3100000e+02		2.3050000e+02		1.2510180e+01		1.1783213e+00		2.5196824e+00		2.0409124e+00		2.0409124e+00		1.3999154e-13
2.3100000e+02		2.3200000e+02		2.3150000e+02		1.1791833e+01		1.1132963e+00		2.3800120e+00		1.9282857e+00		1.9282857e+00		1.3985077e-13
2.3200000e+02		2.3300000e+02		2.3250000e+02		1.2664003e+01		1.2003772e+00		2.5655177e+00		2.0791143e+00		2.0791143e+00		1.6726523e-13
2.3300000e+02		2.3400000e+02		2.3350000e+02		1.1428554e+01		1.0834192e+00		2.3149699e+00		1.8765372e+00		1.8765372e+00		1.4886342e-13
2.3400000e+02		2.3500000e+02		2.3450000e+02		9.9864853e+00		9.4482235e-01		2.0184547e+00		1.6364803e+00		1.6364803e+00		1.3233543e-13
2.3500000e+02		2.3600000e+02		2.3550000e+02		1.3443360e+01		1.2752986e+00		2.7236890e+00		2.2088820e+00		2.2088820e+00		1.7631348e-13
2.3600000e+02		2.3700000e+02		2.3650000e+02		1.2448020e+01		1.1864666e+00		2.5333411e+00		2.0550204e+00		2.0550204e+00		1.8079295e-13
2.3700000e+02		2.3800000e+02		2.3750000e+02		1.3294723e+01		1.2708077e+00		2.7127950e+00		2.2011035e+00		2.2011035e+00		2.0606127e-13
2.3800000e+02		2.3900000e+02		2.3850000e+02		1.1021422e+01		1.0560850e+00		2.2539355e+00		1.8291929e+00		1.8291929e+00		1.8183209e-13
2.3900000e+02		2.4000000e+02		2.3950000e+02		1.2008577e+01		1.1527007e+00		2.4596129e+00		1.9965361e+00		1.9965361e+00		2.0665747e-13
2.4000000e+02		2.4100000e+02		2.4050000e+02		1.1032163e+01		1.0588261e+00		2.2588256e+00		1.8339406e+00		1.8339406e+00		1.8583606e-13
2.4100000e+02		2.4200000e+02		2.4150000e+02		1.2918879e+01		1.2426416e+00		2.6504124e+00		2.1523184e+00		2.1523184e+00		2.2891598e-13
2.4200000e+02		2.4300000e+02		2.4250000e+02		1.7782729e+01		1.7132428e+00		3.6534461e+00		2.9674236e+00		2.9674236e+00		3.2588715e-13
2.4300000e+02		2.4400000e+02		2.4350000e+02		1.6701989e+01		1.6121005e+00		3.4370544e+00		2.7922400e+00		2.7922400e+00		3.1959130e-13
2.4400000e+02		2.4500000e+02		2.4450000e+02		1.5641720e+01		1.5129115e+00		3.2250148e+00		2.6204395e+00		2.6204395e+00		3.1661721e-13
2.4500000e+02		2.4600000e+02		2.4550000e+02		1.2691134e+01		1.2287046e+00		2.6186525e+00		2.1281788e+00		2.1281788e+00		2.6230973e-13
2.4600000e+02		2.4700000e+02		2.4650000e+02		1.2350906e+01		1.2000761e+00		2.5571574e+00		2.0785927e+00		2.0785927e+00		2.8249475e-13
2.4700000e+02		2.4800000e+02		2.4750000e+02		1.3639226e+01		1.3253752e+00		2.8236373e+00		2.2956173e+00		2.2956173e+00		3.0981028e-13
2.4800000e+02		2.4900000e+02		2.4850000e+02		1.0938846e+01		1.0629123e+00		2.2640708e+00		1.8410182e+00		1.8410182e+00		2.4571669e-13
2.4900000e+02		2.5000000e+02		2.4950000e+02		1.3333262e+01		1.2975215e+00		2.7633293e+00		2.2473731e+00		2.2473731e+00		3.1277047e-13
2.5000000e+02		2.5100000e+02		2.5050000e+02		1.4401571e+01		1.4042948e+00		2.9902193e+00		2.4323099e+00		2.4323099e+00		3.5509355e-13
2.5100000e+02		2.5200000e+02		2.5150000e+02		1.2007424e+01		1.1725620e+00		2.4963694e+00		2.0309369e+00		2.0309369e+00		3.0782571e-13
2.5200000e+02		2.5300000e+02		2.5250000e+02		1.0794009e+01		1.0547650e+00		2.2452191e+00		1.8269066e+00		1.8269066e+00		2.7972019e-13
2.5300000e+02		2.5400000e+02		2.5350000e+02		1.3602371e+01		1.3317499e+00		2.8343607e+00		2.3066584e+00		2.3066584e+00		3.6778989e-13
2.5400000e+02		2.5500000e+02		2.5450000e+02		1.5384114e+01		1.5078810e+00		3.2086887e+00		2.6117266e+00		2.6117266e+00		4.1706599e-13
2.5500000e+02		2.5600000e+02		2.5550000e+02		2.0992062e+01		2.0629111e+00		4.3890427e+00		3.5730668e+00		3.5730668e+00		5.9526731e-13
2.5600000e+02		2.5700000e+02		2.5650000e+02		2.7040612e+01		2.6655110e+00		5.6702219e+00		4.6168005e+00		4.6168005e+00		8.1411021e-13
2.5700000e+02		2.5800000e+02		2.5750000e+02		3.3946512e+01		3.3533730e+00		7.1323528e+00		5.8082124e+00		5.8082124e+00		1.0546270e-12
2.5800000e+02		2.5900000e+02		2.5850000e+02		3.5732434e+01		3.5321029e+00		7.5113233e+00		6.1177817e+00		6.1177817e+00		1.0860488e-12
2.5900000e+02		2.6000000e+02		2.5950000e+02		3.0409976e+01		3.0151758e+00		6.4110541e+00		5.2224377e+00		5.2224377e+00		9.7601265e-13
2.6000000e+02		2.6100000e+02		2.6050000e+02		2.4915606e+01		2.4786167e+00		5.2693409e+00		4.2930900e+00		4.2930900e+00		8.3723240e-13
2.6100000e+02		2.6200000e+02		2.6150000e+02		2.5442742e+01		2.5340565e+00		5.3863392e+00		4.3891146e+00		4.3891146e+00		8.3672184e-13
2.6200000e+02		2.6300000e+02		2.6250000e+02		3.0366547e+01		3.0315782e+00		6.4428754e+00		5.2508475e+00		5.2508475e+00		1.0160769e-12
2.6300000e+02		2.6400000e+02		2.6350000e+02		4.5700096e+01		4.5683558e+00		9.7077708e+00		7.9126244e+00		7.9126244e+00		1.5911612e-12
2.6400000e+02		2.6500000e+02		2.6450000e+02		7.1249372e+01		7.1511359e+00		1.5193573e+01		1.2386131e+01		1.2386131e+01		2.6035093e-12
2.6500000e+02		2.6600000e+02		2.6550000e+02		7.4731454e+01		7.4853055e+00		1.5902290e+01		1.2964929e+01		1.2964929e+01		2.7231032e-12
2.6600000e+02		2.6700000e+02		2.6650000e+02		7.2446611e+01		7.2733692e+00		1.5450271e+01		1.2597845e+01		1.2597845e+01		2.8454849e-12
2.6700000e+02		2.6800000e+02		2.6750000e+02		7.2937204e+01		7.3259976e+00		1.5559999e+01		1.2689000e+01		1.2689000e+01		2.8152679e-12
2.6800000e+02		2.6900000e+02		2.6850000e+02		7.2239021e+01		7.2578959e+00		1.5413634e+01		1.2571044e+01		1.2571044e+01		2.8098946e-12
2.6900000e+02		2.7000000e+02		2.6950000e+02		6.7758000e+01		6.8220350e+00		1.4486584e+01		1.1816111e+01		1.1816111e+01		2.8551991e-12
2.7000000e+02		2.7100000e+02		2.7050000e+02		7.8281462e+01		7.8898479e+00		1.6752535e+01		1.3665617e+01		1.3665617e+01		3.4882356e-12
2.7100000e+02		2.7200000e+02		2.7150000e+02		6.5051220e+01		6.5509355e+00		1.3907813e+01		1.1346553e+01		1.1346553e+01		2.7209352e-12
2.7200000e+02		2.7300000e+02		2.7250000e+02		5.2331568e+01		5.2850996e+00		1.1219157e+01		9.1540611e+00		9.1540611e+00		2.3607339e-12
2.7300000e+02		2.7400000e+02		2.7350000e+02		5.5800645e+01		5.6367343e+00		1.1964355e+01		9.7631102e+00		9.7631102e+00		2.5310086e-12
2.7400000e+02		2.7500000e+02		2.7450000e+02		3.8398649e+01		3.8836458e+00		8.2423583e+00		6.7266718e+00		6.7266718e+00		1.7586180e-12
2.7500000e+02		2.7600000e+02		2.7550000e+02		5.1208696e+01		5.1803881e+00		1.0993346e+01		8.9726954e+00		8.9726954e+00		2.3471212e-12
2.7600000e+02		2.7700000e+02		2.7650000e+02		7.1318275e+01		7.2177523e+00		1.5315765e+01		1.2501514e+01		1.2501514e+01		3.4471033e-12
2.7700000e+02		2.7800000e+02		2.7750000e+02		6.8188493e+01		6.9044971e+00		1.4649022e+01		1.1958940e+01		1.1958940e+01		3.1134768e-12
2.7800000e+02		2.7900000e+02		2.7850000e+02		4.7024496e+01		4.7590253e+00		1.0096306e+01		8.2428737e+00		8.2428737e+00		2.1672484e-12
2.7900000e+02		2.8000000e+02		2.7950000e+02		2.6422560e+01		2.6785795e+00		5.6821111e+00		4.6394357e+00		4.6394357e+00		1.2787786e-12
2.8000000e+02		2.8100000e+02		2.8050000e+02		2.8982131e+01		2.9428546e+00		6.2421471e+00		5.0971737e+00		5.0971737e+00		1.4645130e-12
2.8100000e+02		2.8200000e+02		2.8150000e+02		6.0033324e+01		6.1024392e+00		1.2942909e+01		1.0569735e+01		1.0569735e+01		3.1377439e-12
2.8200000e+02		2.8300000e+02		2.8250000e+02		8.1733762e+01		8.3138261e+00		1.7631707e+01		1.4399969e+01		1.4399969e+01		4.3900802e-12
2.8300000e+02		2.8400000e+02		2.8350000e+02		8.4433091e+01		8.6056861e+00		1.8248878e+01		1.4905486e+01		1.4905486e+01		4.7089936e-12
2.8400000e+02		2.8500000e+02		2.8450000e+02		6.2255376e+01		6.3368577e+00		1.3436577e+01		1.0975759e+01		1.0975759e+01		3.3295572e-12
2.8500000e+02		2.8600000e+02		2.8550000e+02		4.0018063e+01		4.0750832e+00		8.6399952e+00		7.0582511e+00		7.0582511e+00		2.1414497e-12
2.8600000e+02		2.8700000e+02		2.8650000e+02		8.2001717e+01		8.3628303e+00		1.7729677e+01		1.4484847e+01		1.4484847e+01		4.6627098e-12
2.8700000e+02		2.8800000e+02		2.8750000e+02		9.5189148e+01		9.7084800e+00		2.0580555e+01		1.6815581e+01		1.6815581e+01		5.2696314e-12
2.8800000e+02		2.8900000e+02		2.8850000e+02		9.0460934e+01		9.2440010e+00		1.9594428e+01		1.6011079e+01		1.6011079e+01		5.2875912e-12
2.8900000e+02		2.9000000e+02		2.8950000e+02		1.3728321e+02		1.4004258e+01		2.9682426e+01		2.4256086e+01		2.4256086e+01		7.5559824e-12
2.9000000e+02		2.9100000e+02		2.9050000e+02		1.8023325e+02		1.8410416e+01		3.9018565e+01		3.1887776e+01		3.1887776e+01		1.0332955e-11
2.9100000e+02		2.9200000e+02		2.9150000e+02		1.7359450e+02		1.7780768e+01		3.7680336e+01		3.0797194e+01		3.0797194e+01		1.0445557e-11
2.9200000e+02		2.9300000e+02		2.9250000e+02		1.5421676e+02		1.5806538e+01		3.3494976e+01		2.7377726e+01		2.7377726e+01		9.6996011e-12
2.9300000e+02		2.9400000e+02		2.9350000e+02		1.6099986e+02		1.6502230e+01		3.4966630e+01		2.8582700e+01		2.8582700e+01		1.0075462e-11
2.9400000e+02		2.9500000e+02		2.9450000e+02		1.4991794e+02		1.5375886e+01		3.2577708e+01		2.6631816e+01		2.6631816e+01		9.5038701e-12
2.9500000e+02		2.9600000e+02		2.9550000e+02		1.6232431e+02		1.6643449e+01		3.5260997e+01		2.8827300e+01		2.8827300e+01		1.0183557e-11
2.9600000e+02		2.9700000e+02		2.9650000e+02		1.4851381e+02		1.5244154e+01		3.2294079e+01		2.6403650e+01		2.6403650e+01		9.5124480e-12
2.9700000e+02		2.9800000e+02		2.9750000e+02		1.5140866e+02		1.5568013e+01		3.2977894e+01		2.6964589e+01		2.6964589e+01		1.0133089e-11
2.9800000e+02		2.9900000e+02		2.9850000e+02		1.3012850e+02		1.3353873e+01		2.8285778e+01		2.3129587e+01		2.3129587e+01		8.1499261e-12
2.9900000e+02		3.0000000e+02		2.9950000e+02		1.4682541e+02		1.5128563e+01		3.2042872e+01		2.6203439e+01		2.6203439e+01		1.0360608e-11
3.0000000e+02		3.0100000e+02		3.0050000e+02		1.1681452e+02		1.2014061e+01		2.5444521e+01		2.0808964e+01		2.0808964e+01		7.7269158e-12
3.0100000e+02		3.0200000e+02		3.0150000e+02		1.3434477e+02		1.3826758e+01		2.9282346e+01		2.3948647e+01		2.3948647e+01		9.2972454e-12
3.0200000e+02		3.0300000e+02		3.0250000e+02		1.4142283e+02		1.4555388e+01		3.0824078e+01		2.5210672e+01		2.5210672e+01		9.9042458e-12
3.0300000e+02		3.0400000e+02		3.0350000e+02		1.8342160e+02		1.8883404e+01		3.9987218e+01		3.2707014e+01		3.2707014e+01		1.3116508e-11
3.0400000e+02		3.0500000e+02		3.0450000e+02		1.7556728e+02		1.8074181e+01		3.8271300e+01		3.1305400e+01		3.1305400e+01		1.2532562e-11
3.0500000e+02		3.0600000e+02		3.0550000e+02		1.7728071e+02		1.8263921e+01		3.8670953e+01		3.1634039e+01		3.1634039e+01		1.2875936e-11
3.0600000e+02		3.0700000e+02		3.0650000e+02		1.6814926e+02		1.7333413e+01		3.6698653e+01		3.0022352e+01		3.0022352e+01		1.2349126e-11
3.0700000e+02		3.0800000e+02		3.0750000e+02		1.8878816e+02		1.9468208e+01		4.1216166e+01		3.3719926e+01		3.3719926e+01		1.3906440e-11
3.0800000e+02		3.0900000e+02		3.0850000e+02		1.8529086e+02		1.9170120e+01		4.0581727e+01		3.3203622e+01		3.3203622e+01		1.4404212e-11
3.0900000e+02		3.1000000e+02		3.0950000e+02		1.5026991e+02		1.5512089e+01		3.2836027e+01		2.6867726e+01		2.6867726e+01		1.0819177e-11
3.1000000e+02		3.1100000e+02		3.1050000e+02		1.8913229e+02		1.9564455e+01		4.1411730e+01		3.3886629e+01		3.3886629e+01		1.4309171e-11
3.1100000e+02		3.1200000e+02		3.1150000e+02		2.2495083e+02		2.3296013e+01		4.9307557e+01		4.0349879e+01		4.0349879e+01		1.7451727e-11
3.1200000e+02		3.1300000e+02		3.1250000e+02		2.0030306e+02		2.0754088e+01		4.3925195e+01		3.5947134e+01		3.5947134e+01		1.5807645e-11
3.1300000e+02		3.1400000e+02		3.1350000e+02		2.1331645e+02		2.2100074e+01		4.6771506e+01		3.8278451e+01		3.8278451e+01		1.6604932e-11
3.1400000e+02		3.1500000e+02		3.1450000e+02		2.0119548e+02		2.0870475e+01		4.4166993e+01		3.6148722e+01		3.6148722e+01		1.6166492e-11
3.1500000e+02		3.1600000e+02		3.1550000e+02		1.9522773e+02		2.0254043e+01		4.2860250e+01		3.5081032e+01		3.5081032e+01		1.5613062e-11
3.1600000e+02		3.1700000e+02		3.1650000e+02		1.9043254e+02		1.9768454e+01		4.1830741e+01		3.4239967e+01		3.4239967e+01		1.5471867e-11
3.1700000e+02		3.1800000e+02		3.1750000e+02		2.4155434e+02		2.5126542e+01		5.3165803e+01		4.3520448e+01		4.3520448e+01		2.0604997e-11
3.1800000e+02		3.1900000e+02		3.1850000e+02		1.9952276e+02		2.0723545e+01		4.3847559e+01		3.5894232e+01		3.5894232e+01		1.6322079e-11
3.1900000e+02		3.2000000e+02		3.1950000e+02		2.1430874e+02		2.2303711e+01		4.7188848e+01		3.8631160e+01		3.8631160e+01		1.8516636e-11
3.2000000e+02		3.2100000e+02		3.2050000e+02		2.4621307e+02		2.5635135e+01		5.4234133e+01		4.4401356e+01		4.4401356e+01		2.0999701e-11
3.2100000e+02		3.2200000e+02		3.2150000e+02		2.0677326e+02		2.1494319e+01		4.5472591e+01		3.7229253e+01		3.7229253e+01		1.7227363e-11
3.2200000e+02		3.2300000e+02		3.2250000e+02		2.0765168e+02		2.1602145e+01		4.5698879e+01		3.7416013e+01		3.7416013e+01		1.7653086e-11
3.2300000e+02		3.2400000e+02		3.2350000e+02		2.0066974e+02		2.0882288e+01		4.4173739e+01		3.6169183e+01		3.6169183e+01		1.6943679e-11
3.2400000e+02		3.2500000e+02		3.2450000e+02		2.3629853e+02		2.4576862e+01		5.1987163e+01		4.2568374e+01		4.2568374e+01		1.9595845e-11
3.2500000e+02		3.2600000e+02		3.2550000e+02		2.7209498e+02		2.8253518e+01		5.9761948e+01		4.8936528e+01		4.8936528e+01		2.1500994e-11
3.2600000e+02		3.2700000e+02		3.2650000e+02		3.0699214e+02		3.1986257e+01		6.7654205e+01		5.5401822e+01		5.5401822e+01		2.6395740e-11
3.2700000e+02		3.2800000e+02		3.2750000e+02		2.9701525e+02		3.0951487e+01		6.5463039e+01		5.3609549e+01		5.3609549e+01		2.5568837e-11
3.2800000e+02		3.2900000e+02		3.2850000e+02		2.8673370e+02		2.9894296e+01		6.3224100e+01		5.1778439e+01		5.1778439e+01		2.4808726e-11
3.2900000e+02		3.3000000e+02		3.2950000e+02		3.3379807e+02		3.4886629e+01		7.3779911e+01		6.0425415e+01		6.0425415e+01		3.0966614e-11
3.3000000e+02		3.3100000e+02		3.3050000e+02		3.1443449e+02		3.2837510e+01		6.9443187e+01		5.6876235e+01		5.6876235e+01		2.8176592e-11
3.3100000e+02		3.3200000e+02		3.3150000e+02		3.0087994e+02		3.1502205e+01		6.6615624e+01		5.4563419e+01		5.4563419e+01		2.8490674e-11
3.3200000e+02		3.3300000e+02		3.3250000e+02		2.9519831e+02		3.0869600e+01		6.5275206e+01		5.3467715e+01		5.3467715e+01		2.6687353e-11
3.3300000e+02		3.3400000e+02		3.3350000e+02		2.8364288e+02		2.9751565e+01		6.2909078e+01		5.1531222e+01		5.1531222e+01		2.7926203e-11
3.3400000e+02		3.3500000e+02		3.3450000e+02		2.9883003e+02		3.1339618e+01		6.6264505e+01		5.4281811e+01		5.4281811e+01		2.9027273e-11
3.3500000e+02		3.3600000e+02		3.3550000e+02		2.9511053e+02		3.0931240e+01		6.5398567e+01		5.3574479e+01		5.3574479e+01		2.8063865e-11
3.3600000e+02		3.3700000e+02		3.3650000e+02		2.4313126e+02		2.5495997e+01		5.3904736e+01		4.4160362e+01		4.4160362e+01		2.3450433e-11
3.3700000e+02		3.3800000e+02		3.3750000e+02		2.5649874e+02		2.6872524e+01		5.6813283e+01		4.6544577e+01		4.6544577e+01		2.3881457e-11
3.3800000e+02		3.3900000e+02		3.3850000e+02		2.7748673e+02		2.9072751e+01		6.1462794e+01		5.0355481e+01		5.0355481e+01		2.5736441e-11
3.3900000e+02		3.4000000e+02		3.3950000e+02		2.9040264e+02		3.0482797e+01		6.4441972e+01		5.2797752e+01		5.2797752e+01		2.8528315e-11
3.4000000e+02		3.4100000e+02		3.4050000e+02		3.0654056e+02		3.2135795e+01		6.7934203e+01		5.5660830e+01		5.5660830e+01		2.8666900e-11
3.4100000e+02		3.4200000e+02		3.4150000e+02		2.7979685e+02		2.9320129e+01		6.1980157e+01		5.0783953e+01		5.0783953e+01		2.5796614e-11
3.4200000e+02		3.4300000e+02		3.4250000e+02		3.0344565e+02		3.1920200e+01		6.7474414e+01		5.5287408e+01		5.5287408e+01		3.1183932e-11
3.4300000e+02		3.4400000e+02		3.4350000e+02		2.9822260e+02		3.1377998e+01		6.6326799e+01		5.4348287e+01		5.4348287e+01		3.1080113e-11
3.4400000e+02		3.4500000e+02		3.4450000e+02		2.3986676e+02		2.5239502e+01		5.3349212e+01		4.3716099e+01		4.3716099e+01		2.4689857e-11
3.4500000e+02		3.4600000e+02		3.4550000e+02		2.8907088e+02		3.0406096e+01		6.4267657e+01		5.2664902e+01		5.2664902e+01		2.9022079e-11
3.4600000e+02		3.4700000e+02		3.4650000e+02		2.8069735e+02		2.9603556e+01		6.2568774e+01		5.1274863e+01		5.1274863e+01		2.9874077e-11
3.4700000e+02		3.4800000e+02		3.4750000e+02		2.7782009e+02		2.9281667e+01		6.1885304e+01		5.0717334e+01		5.0717334e+01		2.8050336e-11
3.4800000e+02		3.4900000e+02		3.4850000e+02		2.8744416e+02		3.0360704e+01		6.4162500e+01		5.2586281e+01		5.2586281e+01		3.0010819e-11
3.4900000e+02		3.5000000e+02		3.4950000e+02		2.7550877e+02		2.9012508e+01		6.1314934e+01		5.0251138e+01		5.0251138e+01		2.8138777e-11
3.5000000e+02		3.5100000e+02		3.5050000e+02		3.3002358e+02		3.4755090e+01		7.3448354e+01		6.0197582e+01		6.0197582e+01		3.3123971e-11
3.5100000e+02		3.5200000e+02		3.5150000e+02		3.0660572e+02		3.2389554e+01		6.8447232e+01		5.6100353e+01		5.6100353e+01		3.3530252e-11
3.5200000e+02		3.5300000e+02		3.5250000e+02		2.8324198e+02		2.9870390e+01		6.3121978e+01		5.1737034e+01		5.1737034e+01		2.9296383e-11
3.5300000e+02		3.5400000e+02		3.5350000e+02		3.2405327e+02		3.4159003e+01		7.2182349e+01		5.9165128e+01		5.9165128e+01		3.2491182e-11
3.5400000e+02		3.5500000e+02		3.5450000e+02		3.4586270e+02		3.6634893e+01		7.7407917e+01		6.3453496e+01		6.3453496e+01		3.6786849e-11
3.5500000e+02		3.5600000e+02		3.5550000e+02		3.2478382e+02		3.4391374e+01		7.2665816e+01		5.9567608e+01		5.9567608e+01		3.4099827e-11
3.5600000e+02		3.5700000e+02		3.5650000e+02		2.8234357e+02		2.9749794e+01		6.2856999e+01		5.1528154e+01		5.1528154e+01		2.5600738e-11
3.5700000e+02		3.5800000e+02		3.5750000e+02		2.4674321e+02		2.6126634e+01		5.5200501e+01		4.5252657e+01		4.5252657e+01		2.5813213e-11
3.5800000e+02		3.5900000e+02		3.5850000e+02		2.1181106e+02		2.2458945e+01		4.7450694e+01		3.8900034e+01		3.8900034e+01		2.3510907e-11
3.5900000e+02		3.6000000e+02		3.5950000e+02		3.0582840e+02		3.2264906e+01		6.8169360e+01		5.5884457e+01		5.5884457e+01		3.0470820e-11
3.6000000e+02		3.6100000e+02		3.6050000e+02		3.0178862e+02		3.1904552e+01		6.7406861e+01		5.5260305e+01		5.5260305e+01		3.2365309e-11
3.6100000e+02		3.6200000e+02		3.6150000e+02		2.8033735e+02		2.9650704e+01		6.2643217e+01		5.1356526e+01		5.1356526e+01		2.9936179e-11
3.6200000e+02		3.6300000e+02		3.6250000e+02		3.1645921e+02		3.3497238e+01		7.0768199e+01		5.8018917e+01		5.8018917e+01		3.4548416e-11
3.6300000e+02		3.6400000e+02		3.6350000e+02		3.0810145e+02		3.2589619e+01		6.8848834e+01		5.6446876e+01		5.6446876e+01		3.2669898e-11
3.6400000e+02		3.6500000e+02		3.6450000e+02		3.2221950e+02		3.4092905e+01		7.2022999e+01		5.9050643e+01		5.9050643e+01		3.4230607e-11
3.6500000e+02		3.6600000e+02		3.6550000e+02		3.6674574e+02		3.8893873e+01		8.2163218e+01		6.7366165e+01		6.7366165e+01		4.1247559e-11
3.6600000e+02		3.6700000e+02		3.6650000e+02		3.9198946e+02		4.1505667e+01		8.7679693e+01		7.1889924e+01		7.1889924e+01		4.2387762e-11
3.6700000e+02		3.6800000e+02		3.6750000e+02		3.7850004e+02		4.0011455e+01		8.4520074e+01		6.9301873e+01		6.9301873e+01		3.8068550e-11
3.6800000e+02		3.6900000e+02		3.6850000e+02		3.4895620e+02		3.7001564e+01		7.8160035e+01		6.4088589e+01		6.4088589e+01		3.8138310e-11
3.6900000e+02		3.7000000e+02		3.6950000e+02		3.8736224e+02		4.0917691e+01		8.6430208e+01		7.0871519e+01		7.0871519e+01		3.7388303e-11
3.7000000e+02		3.7100000e+02		3.7050000e+02		3.6351013e+02		3.8676989e+01		8.1695152e+01		6.6990510e+01		6.6990510e+01		4.3401459e-11
3.7100000e+02		3.7200000e+02		3.7150000e+02		3.7529261e+02		3.9839588e+01		8.4148778e+01		6.9004191e+01		6.9004191e+01		4.1449066e-11
3.7200000e+02		3.7300000e+02		3.7250000e+02		3.1177186e+02		3.2974312e+01		6.9646720e+01		5.7113183e+01		5.7113183e+01		3.0826716e-11
3.7300000e+02		3.7400000e+02		3.7350000e+02		2.7192112e+02		2.8800081e+01		6.0828814e+01		4.9883204e+01		4.9883204e+01		2.7909691e-11
3.7400000e+02		3.7500000e+02		3.7450000e+02		2.7832167e+02		2.9630243e+01		6.2581311e+01		5.1321086e+01		5.1321086e+01		3.3357498e-11
3.7500000e+02		3.7600000e+02		3.7550000e+02		3.1876744e+02		3.3869669e+01		7.1533248e+01		5.8663987e+01		5.8663987e+01		3.5605465e-11
3.7600000e+02		3.7700000e+02		3.7650000e+02		3.3048657e+02		3.5089680e+01		7.4108132e+01		6.0777108e+01		6.0777108e+01		3.5631414e-11
3.7700000e+02		3.7800000e+02		3.7750000e+02		3.8770864e+02		4.1253661e+01		8.7124431e+01		7.1453436e+01		7.1453436e+01		4.4127040e-11
3.7800000e+02		3.7900000e+02		3.7850000e+02		4.0380398e+02		4.2971381e+01		9.0750815e+01		7.4428615e+01		7.4428615e+01		4.6196011e-11
3.7900000e+02		3.8000000e+02		3.7950000e+02		3.2744385e+02		3.4768898e+01		7.3426752e+01		6.0221498e+01		6.0221498e+01		3.4793795e-11
3.8000000e+02		3.8100000e+02		3.8050000e+02		3.5656330e+02		3.7883439e+01		8.0003107e+01		6.5616041e+01		6.5616041e+01		3.8542647e-11
3.8100000e+02		3.8200000e+02		3.8150000e+02		3.2019140e+02		3.4311226e+01		7.2457782e+01		5.9428787e+01		5.9428787e+01		4.4188983e-11
3.8200000e+02		3.8300000e+02		3.8250000e+02		2.2964197e+02		2.4388554e+01		5.1502183e+01		4.2242214e+01		4.2242214e+01		2.4040758e-11
3.8300000e+02		3.8400000e+02		3.8350000e+02		2.0267593e+02		2.1597781e+01		4.5608042e+01		3.7408454e+01		3.7408454e+01		2.3479495e-11
3.8400000e+02		3.8500000e+02		3.8450000e+02		2.7111947e+02		2.8916970e+01		6.1062677e+01		5.0085662e+01		5.0085662e+01		3.1828347e-11
3.8500000e+02		3.8600000e+02		3.8550000e+02		2.8715912e+02		3.0529126e+01		6.4465815e+01		5.2877998e+01		5.2877998e+01		3.0479125e-11
3.8600000e+02		3.8700000e+02		3.8650000e+02		2.8837692e+02		3.0836875e+01		6.5114403e+01		5.3411034e+01		5.3411034e+01		3.6031594e-11
3.8700000e+02		3.8800000e+02		3.8750000e+02		2.8805300e+02		3.0729657e+01		6.4886786e+01		5.3225328e+01		5.3225328e+01		3.3432624e-11
3.8800000e+02		3.8900000e+02		3.8850000e+02		2.9209390e+02		3.1125369e+01		6.5720948e+01		5.3910720e+01		5.3910720e+01		3.2298129e-11
3.8900000e+02		3.9000000e+02		3.8950000e+02		3.5069332e+02		3.7406865e+01		7.8983230e+01		6.4790590e+01		6.4790590e+01		3.9964733e-11
3.9000000e+02		3.9100000e+02		3.9050000e+02		3.6838836e+02		3.9493163e+01		8.3386813e+01		6.8404165e+01		6.8404165e+01		4.8301804e-11
3.9100000e+02		3.9200000e+02		3.9150000e+02		3.9613874e+02		4.2294609e+01		8.9300296e+01		7.3256411e+01		7.3256411e+01		4.5939501e-11
3.9200000e+02		3.9300000e+02		3.9250000e+02		3.0403432e+02		3.2396181e+01		6.8399807e+01		5.6111831e+01		5.6111831e+01		3.2781266e-11
3.9300000e+02		3.9400000e+02		3.9350000e+02		1.8639471e+02		1.9890242e+01		4.1994677e+01		3.4450909e+01		3.4450909e+01		2.1059673e-11
3.9400000e+02		3.9500000e+02		3.9450000e+02		3.0813115e+02		3.2735695e+01		6.9114419e+01		5.6699886e+01		5.6699886e+01		3.0099277e-11
3.9500000e+02		3.9600000e+02		3.9550000e+02		3.7840801e+02		4.0667439e+01		8.5859246e+01		7.0438071e+01		7.0438071e+01		5.1768465e-11
3.9600000e+02		3.9700000e+02		3.9650000e+02		2.6140326e+02		2.7977377e+01		5.9066463e+01		4.8458238e+01		4.8458238e+01		3.1582240e-11
3.9700000e+02		3.9800000e+02		3.9750000e+02		2.9300657e+02		3.1327457e+01		6.6138265e+01		5.4260746e+01		5.4260746e+01		3.4117232e-11
3.9800000e+02		3.9900000e+02		3.9850000e+02		4.5124719e+02		4.8279624e+01		1.0192636e+02		8.3622762e+01		8.3622762e+01		5.3639997e-11
3.9900000e+02		4.0000000e+02		3.9950000e+02		4.9846141e+02		5.3215902e+01		1.1234615e+02		9.2172645e+01		9.2172645e+01		5.5532187e-11
4.0000000e+02		4.0100000e+02		4.0050000e+02		5.1407199e+02		5.5027867e+01		1.1616916e+02		9.5311062e+01		9.5311062e+01		6.0864855e-11
4.0100000e+02		4.0200000e+02		4.0150000e+02		5.3860814e+02		5.7639068e+01		1.2167968e+02		9.9833795e+01		9.9833795e+01		6.2579260e-11
4.0200000e+02		4.0300000e+02		4.0250000e+02		5.4526519e+02		5.8073984e+01		1.2259592e+02		1.0058709e+02		1.0058709e+02		5.4443129e-11
4.0300000e+02		4.0400000e+02		4.0350000e+02		5.2165796e+02		5.6011839e+01		1.1824076e+02		9.7015351e+01		9.7015351e+01		6.6146521e-11
4.0400000e+02		4.0500000e+02		4.0450000e+02		5.1300620e+02		5.5168204e+01		1.1645805e+02		9.5554132e+01		9.5554132e+01		6.7574838e-11
4.0500000e+02		4.0600000e+02		4.0550000e+02		5.1256585e+02		5.4723702e+01		1.1551807e+02		9.4784232e+01		9.4784232e+01		5.4058056e-11
4.0600000e+02		4.0700000e+02		4.0650000e+02		4.9035274e+02		5.2146743e+01		1.1007690e+02		9.0320809e+01		9.0320809e+01		4.5687460e-11
4.0700000e+02		4.0800000e+02		4.0750000e+02		4.9838294e+02		5.3205115e+01		1.1230937e+02		9.2153962e+01		9.2153962e+01		5.1658188e-11
4.0800000e+02		4.0900000e+02		4.0850000e+02		5.2990289e+02		5.6902660e+01		1.2011250e+02		9.8558298e+01		9.8558298e+01		6.4795026e-11
4.0900000e+02		4.1000000e+02		4.0950000e+02		5.2713439e+02		5.6452546e+01		1.1916092e+02		9.7778678e+01		9.7778678e+01		5.9419455e-11
4.1000000e+02		4.1100000e+02		4.1050000e+02		4.8293937e+02		5.1768606e+01		1.0927247e+02		8.9665857e+01		8.9665857e+01		5.5371839e-11
4.1100000e+02		4.1200000e+02		4.1150000e+02		5.5986852e+02		6.0051277e+01		1.2675365e+02		1.0401186e+02		1.0401186e+02		6.4885419e-11
4.1200000e+02		4.1300000e+02		4.1250000e+02		5.4940473e+02		5.8920139e+01		1.2436430e+02		1.0205267e+02		1.0205267e+02		6.2956214e-11
4.1300000e+02		4.1400000e+02		4.1350000e+02		5.2995399e+02		5.6756032e+01		1.1979554e+02		9.8304331e+01		9.8304331e+01		5.8110979e-11
4.1400000e+02		4.1500000e+02		4.1450000e+02		5.3771640e+02		5.7748327e+01		1.2188734e+02		1.0002304e+02		1.0002304e+02		6.3046165e-11
4.1500000e+02		4.1600000e+02		4.1550000e+02		5.3722776e+02		5.7172082e+01		1.2066889e+02		9.9024951e+01		9.9024951e+01		4.7623030e-11
4.1600000e+02		4.1700000e+02		4.1650000e+02		5.5745703e+02		5.9821244e+01		1.2625848e+02		1.0361343e+02		1.0361343e+02		6.2675193e-11
4.1700000e+02		4.1800000e+02		4.1750000e+02		5.0725322e+02		5.4687332e+01		1.1542116e+02		9.4721237e+01		9.4721237e+01		6.4674506e-11
4.1800000e+02		4.1900000e+02		4.1850000e+02		5.2601513e+02		5.6643832e+01		1.1954910e+02		9.8109995e+01		9.8109995e+01		6.4453862e-11
4.1900000e+02		4.2000000e+02		4.1950000e+02		5.3123875e+02		5.6975499e+01		1.2024786e+02		9.8684459e+01		9.8684459e+01		5.7613920e-11
4.2000000e+02		4.2100000e+02		4.2050000e+02		5.3797708e+02		5.7849210e+01		1.2209057e+02		1.0019777e+02		1.0019777e+02		6.3235033e-11
4.2100000e+02		4.2200000e+02		4.2150000e+02		5.2958361e+02		5.6838908e+01		1.1995777e+02		9.8447876e+01		9.8447876e+01		5.8536158e-11
4.2200000e+02		4.2300000e+02		4.2250000e+02		5.0190537e+02		5.4076104e+01		1.1412528e+02		9.3662560e+01		9.3662560e+01		6.1630200e-11
4.2300000e+02		4.2400000e+02		4.2350000e+02		5.3474862e+02		5.7539902e+01		1.2143452e+02		9.9662033e+01		9.9662033e+01		6.2887419e-11
4.2400000e+02		4.2500000e+02		4.2450000e+02		5.5328403e+02		5.9567713e+01		1.2571330e+02		1.0317430e+02		1.0317430e+02		6.5945835e-11
4.2500000e+02		4.2600000e+02		4.2550000e+02		5.3248014e+02		5.7311969e+01		1.2095156e+02		9.9267241e+01		9.9267241e+01		6.2640991e-11
4.2600000e+02		4.2700000e+02		4.2650000e+02		5.3029841e+02		5.6961531e+01		1.2021020e+02		9.8660266e+01		9.8660266e+01		5.8111793e-11
4.2700000e+02		4.2800000e+02		4.2750000e+02		4.9171747e+02		5.2813831e+01		1.1145568e+02		9.1476238e+01		9.1476238e+01		5.3351619e-11
4.2800000e+02		4.2900000e+02		4.2850000e+02		4.9494538e+02		5.3353420e+01		1.1259184e+02		9.2410835e+01		9.2410835e+01		5.8171152e-11
4.2900000e+02		4.3000000e+02		4.2950000e+02		4.6063718e+02		4.9626056e+01		1.0472436e+02		8.5954850e+01		8.5954850e+01		5.2709782e-11
4.3000000e+02		4.3100000e+02		4.3050000e+02		3.7055843e+02		3.9767416e+01		8.3918853e+01		6.8879184e+01		6.8879184e+01		3.7572002e-11
4.3100000e+02		4.3200000e+02		4.3150000e+02		4.5818753e+02		4.9444474e+01		1.0433852e+02		8.5640340e+01		8.5640340e+01		5.4801733e-11
4.3200000e+02		4.3300000e+02		4.3250000e+02		5.1625369e+02		5.6103294e+01		1.1838956e+02		9.7173756e+01		9.7173756e+01		7.5661933e-11
4.3300000e+02		4.3400000e+02		4.3350000e+02		5.6047485e+02		5.9921303e+01		1.2644657e+02		1.0378674e+02		1.0378674e+02		5.0906726e-11
4.3400000e+02		4.3500000e+02		4.3450000e+02		4.7595241e+02		5.2008610e+01		1.0974890e+02		9.0081555e+01		9.0081555e+01		8.3032611e-11
4.3500000e+02		4.3600000e+02		4.3550000e+02		5.3162725e+02		5.7005247e+01		1.2029197e+02		9.8735984e+01		9.8735984e+01		5.2217190e-11
4.3600000e+02		4.3700000e+02		4.3650000e+02		5.9481241e+02		6.3706215e+01		1.3442992e+02		1.1034240e+02		1.1034240e+02		5.6142617e-11
4.3700000e+02		4.3800000e+02		4.3750000e+02		5.2629983e+02		5.7085037e+01		1.2045638e+02		9.8874184e+01		9.8874184e+01		7.1891678e-11
4.3800000e+02		4.3900000e+02		4.3850000e+02		5.1257868e+02		5.5152078e+01		1.1637592e+02		9.5526200e+01		9.5526200e+01		5.3966333e-11
4.3900000e+02		4.4000000e+02		4.3950000e+02		5.7051902e+02		6.1752389e+01		1.3030224e+02		1.0695827e+02		1.0695827e+02		7.1627272e-11
4.4000000e+02		4.4100000e+02		4.4050000e+02		5.4089681e+02		5.8321669e+01		1.2306255e+02		1.0101609e+02		1.0101609e+02		6.0135553e-11
4.4100000e+02		4.4200000e+02		4.4150000e+02		5.9491633e+02		6.4055372e+01		1.3516021e+02		1.1094716e+02		1.1094716e+02		6.3906550e-11
4.4200000e+02		4.4300000e+02		4.4250000e+02		6.2544254e+02		6.7352519e+01		1.4211678e+02		1.1665799e+02		1.1665799e+02		6.7816564e-11
4.4300000e+02		4.4400000e+02		4.4350000e+02		6.0497206e+02		6.5091380e+01		1.3734461e+02		1.1274158e+02		1.1274158e+02		6.3422963e-11
4.4400000e+02		4.4500000e+02		4.4450000e+02		6.2324411e+02		6.7112841e+01		1.4161020e+02		1.1624285e+02		1.1624285e+02		6.7698705e-11
4.4500000e+02		4.4600000e+02		4.4550000e+02		5.7783999e+02		6.2325080e+01		1.3150810e+02		1.0795021e+02		1.0795021e+02		6.5325380e-11
4.4600000e+02		4.4700000e+02		4.4650000e+02		5.8940025e+02		6.3616164e+01		1.3423036e+02		1.1018643e+02		1.1018643e+02		6.6561133e-11
4.4700000e+02		4.4800000e+02		4.4750000e+02		6.3881895e+02		6.9059003e+01		1.4571369e+02		1.1961370e+02		1.1961370e+02		7.4865893e-11
4.4800000e+02		4.4900000e+02		4.4850000e+02		6.2805979e+02		6.8005354e+01		1.4348924e+02		1.1778873e+02		1.1778873e+02		7.6436576e-11
4.4900000e+02		4.5000000e+02		4.4950000e+02		6.3454704e+02		6.8366232e+01		1.4424936e+02		1.1841379e+02		1.1841379e+02		6.5115175e-11
4.5000000e+02		4.5100000e+02		4.5050000e+02		6.7325368e+02		7.2300181e+01		1.5254859e+02		1.2522759e+02		1.2522759e+02		6.3205166e-11
4.5100000e+02		4.5200000e+02		4.5150000e+02		6.7122600e+02		7.2559464e+01		1.5309637e+02		1.2567668e+02		1.2567668e+02		7.6534431e-11
4.5200000e+02		4.5300000e+02		4.5250000e+02		6.3541039e+02		6.8521829e+01		1.4457454e+02		1.1868329e+02		1.1868329e+02		6.6703731e-11
4.5300000e+02		4.5400000e+02		4.5350000e+02		6.0888666e+02		6.5796699e+01		1.3882365e+02		1.1396323e+02		1.1396323e+02		6.7004162e-11
4.5400000e+02		4.5500000e+02		4.5450000e+02		6.4999363e+02		7.0019932e+01		1.4773278e+02		1.2127808e+02		1.2127808e+02		6.5142759e-11
4.5500000e+02		4.5600000e+02		4.5550000e+02		6.4380306e+02		6.9745178e+01		1.4715157e+02		1.2080219e+02		1.2080219e+02		7.6068860e-11
4.5600000e+02		4.5700000e+02		4.5650000e+02		6.6853861e+02		7.2080513e+01		1.5207697e+02		1.2484711e+02		1.2484711e+02		6.8387007e-11
4.5700000e+02		4.5800000e+02		4.5750000e+02		6.7499745e+02		7.3120409e+01		1.5426871e+02		1.2664826e+02		1.2664826e+02		7.8871855e-11
4.5800000e+02		4.5900000e+02		4.5850000e+02		6.3439039e+02		6.8598530e+01		1.4472781e+02		1.1881614e+02		1.1881614e+02		7.0071909e-11
4.5900000e+02		4.6000000e+02		4.5950000e+02		6.5539586e+02		7.0777355e+01		1.4932387e+02		1.2258998e+02		1.2258998e+02		6.9328037e-11
4.6000000e+02		4.6100000e+02		4.6050000e+02		6.4752339e+02		6.9956677e+01		1.4759133e+02		1.2116852e+02		1.2116852e+02		6.8646504e-11
4.6100000e+02		4.6200000e+02		4.6150000e+02		6.6245412e+02		7.1422892e+01		1.5068272e+02		1.2370808e+02		1.2370808e+02		6.5474142e-11
4.6200000e+02		4.6300000e+02		4.6250000e+02		6.6901120e+02		7.2582777e+01		1.5312895e+02		1.2571706e+02		1.2571706e+02		7.9266464e-11
4.6300000e+02		4.6400000e+02		4.6350000e+02		6.4662616e+02		6.9809454e+01		1.4727890e+02		1.2091352e+02		1.2091352e+02		6.5844058e-11
4.6400000e+02		4.6500000e+02		4.6450000e+02		6.5795753e+02		7.1324465e+01		1.5047523e+02		1.2353760e+02		1.2353760e+02		7.5300508e-11
4.6500000e+02		4.6600000e+02		4.6550000e+02		6.3552746e+02		6.8713479e+01		1.4495973e+02		1.1901524e+02		1.1901524e+02		6.6526232e-11
4.6600000e+02		4.6700000e+02		4.6650000e+02		6.3955371e+02		6.9419813e+01		1.4644749e+02		1.2023864e+02		1.2023864e+02		7.4587625e-11
4.6700000e+02		4.6800000e+02		4.6750000e+02		6.4572639e+02		6.9989578e+01		1.4764887e+02		1.2122550e+02		1.2122550e+02		7.2330846e-11
4.6800000e+02		4.6900000e+02		4.6850000e+02		6.3145002e+02		6.8565096e+01		1.4464353e+02		1.1875823e+02		1.1875823e+02		7.4041161e-11
4.6900000e+02		4.7000000e+02		4.6950000e+02		6.4956875e+02		7.0211437e+01		1.4811570e+02		1.2160978e+02		1.2160978e+02		6.6185513e-11
4.7000000e+02		4.7100000e+02		4.7050000e+02		6.1381170e+02		6.6402471e+01		1.4007906e+02		1.1501245e+02		1.1501245e+02		6.3501965e-11
4.7100000e+02		4.7200000e+02		4.7150000e+02		6.4174114e+02		6.9562035e+01		1.4674381e+02		1.2048498e+02		1.2048498e+02		7.0330764e-11
4.7200000e+02		4.7300000e+02		4.7250000e+02		6.5742798e+02		7.1328623e+01		1.5046880e+02		1.2354480e+02		1.2354480e+02		7.3097309e-11
4.7300000e+02		4.7400000e+02		4.7350000e+02		6.4563741e+02		7.0011114e+01		1.4768904e+02		1.2126281e+02		1.2126281e+02		7.0746548e-11
4.7400000e+02		4.7500000e+02		4.7450000e+02		6.6512717e+02		7.2213396e+01		1.5233781e+02		1.2507727e+02		1.2507727e+02		7.4286389e-11
4.7500000e+02		4.7600000e+02		4.7550000e+02		6.6365303e+02		7.1922778e+01		1.5172111e+02		1.2457391e+02		1.2457391e+02		6.9384166e-11
4.7600000e+02		4.7700000e+02		4.7650000e+02		6.3952653e+02		6.9404640e+01		1.4640555e+02		1.2021236e+02		1.2021236e+02		6.9282325e-11
4.7700000e+02		4.7800000e+02		4.7750000e+02		6.6772274e+02		7.2473640e+01		1.5287861e+02		1.2552803e+02		1.2552803e+02		7.2049942e-11
4.7800000e+02		4.7900000e+02		4.7850000e+02		6.6128260e+02		7.2055448e+01		1.5199555e+02		1.2480370e+02		1.2480370e+02		7.9626005e-11
4.7900000e+02		4.8000000e+02		4.7950000e+02		6.6320839e+02		7.2139464e+01		1.5217178e+02		1.2494922e+02		1.2494922e+02		7.5353399e-11
4.8000000e+02		4.8100000e+02		4.8050000e+02		6.6489751e+02		7.2145729e+01		1.5218471e+02		1.2496007e+02		1.2496007e+02		6.9109267e-11
4.8100000e+02		4.8200000e+02		4.8150000e+02		6.6630748e+02		7.2066858e+01		1.5202261e+02		1.2482346e+02		1.2482346e+02		6.2974651e-11
4.8200000e+02		4.8300000e+02		4.8250000e+02		6.6376999e+02		7.1884956e+01		1.5163755e+02		1.2450840e+02		1.2450840e+02		6.4580822e-11
4.8300000e+02		4.8400000e+02		4.8350000e+02		6.5373157e+02		7.1157845e+01		1.5010318e+02		1.2324900e+02		1.2324900e+02		7.3591141e-11
4.8400000e+02		4.8500000e+02		4.8450000e+02		6.4242337e+02		6.9458985e+01		1.4651922e+02		1.2030649e+02		1.2030649e+02		5.8945491e-11
4.8500000e+02		4.8600000e+02		4.8550000e+02		6.0369332e+02		6.5520381e+01		1.3821253e+02		1.1348463e+02		1.1348463e+02		6.3142760e-11
4.8600000e+02		4.8700000e+02		4.8650000e+02		5.2412565e+02		5.6914297e+01		1.2005709e+02		9.8578455e+01		9.8578455e+01		5.4688011e-11
4.8700000e+02		4.8800000e+02		4.8750000e+02		5.9966111e+02		6.5025121e+01		1.3715754e+02		1.1262681e+02		1.1262681e+02		5.8717856e-11
4.8800000e+02		4.8900000e+02		4.8850000e+02		6.3081686e+02		6.8465125e+01		1.4441306e+02		1.1858507e+02		1.1858507e+02		6.3456957e-11
4.8900000e+02		4.9000000e+02		4.8950000e+02		6.1880396e+02		6.7375681e+01		1.4211412e+02		1.1669810e+02		1.1669810e+02		6.7757627e-11
4.9000000e+02		4.9100000e+02		4.9050000e+02		6.5907671e+02		7.1616386e+01		1.5105804e+02		1.2404322e+02		1.2404322e+02		6.7457612e-11
4.9100000e+02		4.9200000e+02		4.9150000e+02		6.2110374e+02		6.7772778e+01		1.4294710e+02		1.1738589e+02		1.1738589e+02		6.9720550e-11
4.9200000e+02		4.9300000e+02		4.9250000e+02		5.9112858e+02		6.4250584e+01		1.3551714e+02		1.1128528e+02		1.1128528e+02		5.8297396e-11
4.9300000e+02		4.9400000e+02		4.9350000e+02		6.2472140e+02		6.7916157e+01		1.4324972e+02		1.1763423e+02		1.1763423e+02		6.2960148e-11
4.9400000e+02		4.9500000e+02		4.9450000e+02		6.4279699e+02		6.9957177e+01		1.4755368e+02		1.2116939e+02		1.2116939e+02		6.6337428e-11
4.9500000e+02		4.9600000e+02		4.9550000e+02		6.3133158e+02		6.8572063e+01		1.4463112e+02		1.1877030e+02		1.1877030e+02		6.0810812e-11
4.9600000e+02		4.9700000e+02		4.9650000e+02		6.3921352e+02		6.9586676e+01		1.4677027e+02		1.2052766e+02		1.2052766e+02		6.5480682e-11
4.9700000e+02		4.9800000e+02		4.9750000e+02		6.5113923e+02		7.0903975e+01		1.4954897e+02		1.2280929e+02		1.2280929e+02		6.7707457e-11
4.9800000e+02		4.9900000e+02		4.9850000e+02		5.9175801e+02		6.4256696e+01		1.3552890e+02		1.1129586e+02		1.1129586e+02		5.6765927e-11
4.9900000e+02		5.0000000e+02		4.9950000e+02		6.3385792e+02		6.8773990e+01		1.4505635e+02		1.1912005e+02		1.1912005e+02		5.9062370e-11
