Left Bin Edge (nm)	Right Bin Edge (nm)	Bin Center (nm)		Top of Atm Intensity (erg/s/nm/cm2)		Total Surface Flux (erg/s/nm/cm2)		Total Intensity at BOA (erg/s/nm/cm2)		Total Surface Intensity (erg/s/nm/cm2)		Total Surface Diffuse Intensity (erg/s/nm/cm2)		Total Surface Direct Intensity (erg/s/nm/cm2)
1.0000000e+02		1.0100000e+02		1.0050000e+02		1.9189487e-02		0.0000000e+00		0.0000000e+00		0.0000000e+00		0.0000000e+00		0.0000000e+00
1.0100000e+02		1.0200000e+02		1.0150000e+02		7.4861701e-02		0.0000000e+00		0.0000000e+00		0.0000000e+00		0.0000000e+00		0.0000000e+00
1.0200000e+02		1.0300000e+02		1.0250000e+02		3.9734366e-01		0.0000000e+00		0.0000000e+00		0.0000000e+00		0.0000000e+00		0.0000000e+00
1.0300000e+02		1.0400000e+02		1.0350000e+02		3.0179545e-01		0.0000000e+00		0.0000000e+00		0.0000000e+00		0.0000000e+00		0.0000000e+00
1.0400000e+02		1.0500000e+02		1.0450000e+02		6.0815352e-02		0.0000000e+00		0.0000000e+00		0.0000000e+00		0.0000000e+00		0.0000000e+00
1.0500000e+02		1.0600000e+02		1.0550000e+02		2.0834600e-02		0.0000000e+00		0.0000000e+00		0.0000000e+00		0.0000000e+00		0.0000000e+00
1.0600000e+02		1.0700000e+02		1.0650000e+02		1.9584792e-02		0.0000000e+00		0.0000000e+00		0.0000000e+00		0.0000000e+00		0.0000000e+00
1.0700000e+02		1.0800000e+02		1.0750000e+02		2.1853879e-02		0.0000000e+00		0.0000000e+00		0.0000000e+00		0.0000000e+00		0.0000000e+00
1.0800000e+02		1.0900000e+02		1.0850000e+02		3.0634999e-02		0.0000000e+00		0.0000000e+00		0.0000000e+00		0.0000000e+00		0.0000000e+00
1.0900000e+02		1.1000000e+02		1.0950000e+02		2.4032561e-02		0.0000000e+00		0.0000000e+00		0.0000000e+00		0.0000000e+00		0.0000000e+00
1.1000000e+02		1.1100000e+02		1.1050000e+02		2.3268893e-02		0.0000000e+00		0.0000000e+00		0.0000000e+00		0.0000000e+00		0.0000000e+00
1.1100000e+02		1.1200000e+02		1.1150000e+02		2.1871272e-02		0.0000000e+00		0.0000000e+00		0.0000000e+00		0.0000000e+00		0.0000000e+00
1.1200000e+02		1.1300000e+02		1.1250000e+02		2.2375602e-02		0.0000000e+00		0.0000000e+00		0.0000000e+00		0.0000000e+00		0.0000000e+00
1.1300000e+02		1.1400000e+02		1.1350000e+02		1.7748133e-02		0.0000000e+00		0.0000000e+00		0.0000000e+00		0.0000000e+00		0.0000000e+00
1.1400000e+02		1.1500000e+02		1.1450000e+02		1.3589480e-02		0.0000000e+00		0.0000000e+00		0.0000000e+00		0.0000000e+00		0.0000000e+00
1.1500000e+02		1.1600000e+02		1.1550000e+02		1.8751615e-02		0.0000000e+00		0.0000000e+00		0.0000000e+00		0.0000000e+00		0.0000000e+00
1.1600000e+02		1.1700000e+02		1.1650000e+02		4.3674487e-02		0.0000000e+00		0.0000000e+00		0.0000000e+00		0.0000000e+00		0.0000000e+00
1.1700000e+02		1.1800000e+02		1.1750000e+02		1.5546757e-01		0.0000000e+00		0.0000000e+00		0.0000000e+00		0.0000000e+00		0.0000000e+00
1.1800000e+02		1.1900000e+02		1.1850000e+02		5.2889236e-02		0.0000000e+00		0.0000000e+00		0.0000000e+00		0.0000000e+00		0.0000000e+00
1.1900000e+02		1.2000000e+02		1.1950000e+02		7.3692884e-02		0.0000000e+00		0.0000000e+00		0.0000000e+00		0.0000000e+00		0.0000000e+00
1.2000000e+02		1.2100000e+02		1.2050000e+02		4.0066072e-01		0.0000000e+00		0.0000000e+00		0.0000000e+00		0.0000000e+00		0.0000000e+00
1.2100000e+02		1.2200000e+02		1.2150000e+02		1.5905289e+01		0.0000000e+00		0.0000000e+00		0.0000000e+00		0.0000000e+00		0.0000000e+00
1.2200000e+02		1.2300000e+02		1.2250000e+02		1.0666543e-01		0.0000000e+00		0.0000000e+00		0.0000000e+00		0.0000000e+00		0.0000000e+00
1.2300000e+02		1.2400000e+02		1.2350000e+02		5.7456553e-02		0.0000000e+00		0.0000000e+00		0.0000000e+00		0.0000000e+00		0.0000000e+00
1.2400000e+02		1.2500000e+02		1.2450000e+02		4.6184197e-02		0.0000000e+00		0.0000000e+00		0.0000000e+00		0.0000000e+00		0.0000000e+00
1.2500000e+02		1.2600000e+02		1.2550000e+02		4.5085118e-02		0.0000000e+00		0.0000000e+00		0.0000000e+00		0.0000000e+00		0.0000000e+00
1.2600000e+02		1.2700000e+02		1.2650000e+02		6.3054464e-02		0.0000000e+00		0.0000000e+00		0.0000000e+00		0.0000000e+00		0.0000000e+00
1.2700000e+02		1.2800000e+02		1.2750000e+02		3.3006429e-02		0.0000000e+00		0.0000000e+00		0.0000000e+00		0.0000000e+00		0.0000000e+00
1.2800000e+02		1.2900000e+02		1.2850000e+02		2.6335196e-02		0.0000000e+00		0.0000000e+00		0.0000000e+00		0.0000000e+00		0.0000000e+00
1.2900000e+02		1.3000000e+02		1.2950000e+02		3.5131240e-02		0.0000000e+00		0.0000000e+00		0.0000000e+00		0.0000000e+00		0.0000000e+00
1.3000000e+02		1.3100000e+02		1.3050000e+02		2.8850634e-01		0.0000000e+00		0.0000000e+00		0.0000000e+00		0.0000000e+00		0.0000000e+00
1.3100000e+02		1.3200000e+02		1.3150000e+02		3.9064855e-02		0.0000000e+00		0.0000000e+00		0.0000000e+00		0.0000000e+00		0.0000000e+00
1.3200000e+02		1.3300000e+02		1.3250000e+02		3.0374778e-02		0.0000000e+00		0.0000000e+00		0.0000000e+00		0.0000000e+00		0.0000000e+00
1.3300000e+02		1.3400000e+02		1.3350000e+02		4.1056606e-01		0.0000000e+00		0.0000000e+00		0.0000000e+00		0.0000000e+00		0.0000000e+00
1.3400000e+02		1.3500000e+02		1.3450000e+02		2.8092500e-02		0.0000000e+00		0.0000000e+00		0.0000000e+00		0.0000000e+00		0.0000000e+00
1.3500000e+02		1.3600000e+02		1.3550000e+02		5.8954708e-02		0.0000000e+00		0.0000000e+00		0.0000000e+00		0.0000000e+00		0.0000000e+00
1.3600000e+02		1.3700000e+02		1.3650000e+02		3.8690656e-02		0.0000000e+00		0.0000000e+00		0.0000000e+00		0.0000000e+00		0.0000000e+00
1.3700000e+02		1.3800000e+02		1.3750000e+02		3.9732879e-02		0.0000000e+00		0.0000000e+00		0.0000000e+00		0.0000000e+00		0.0000000e+00
1.3800000e+02		1.3900000e+02		1.3850000e+02		4.0549866e-02		0.0000000e+00		0.0000000e+00		0.0000000e+00		0.0000000e+00		0.0000000e+00
1.3900000e+02		1.4000000e+02		1.3950000e+02		1.3692187e-01		0.0000000e+00		0.0000000e+00		0.0000000e+00		0.0000000e+00		0.0000000e+00
1.4000000e+02		1.4100000e+02		1.4050000e+02		1.1939088e-01		0.0000000e+00		0.0000000e+00		0.0000000e+00		0.0000000e+00		0.0000000e+00
1.4100000e+02		1.4200000e+02		1.4150000e+02		5.7521948e-02		0.0000000e+00		0.0000000e+00		0.0000000e+00		0.0000000e+00		0.0000000e+00
1.4200000e+02		1.4300000e+02		1.4250000e+02		6.2343151e-02		0.0000000e+00		0.0000000e+00		0.0000000e+00		0.0000000e+00		0.0000000e+00
1.4300000e+02		1.4400000e+02		1.4350000e+02		6.9165895e-02		0.0000000e+00		0.0000000e+00		0.0000000e+00		0.0000000e+00		0.0000000e+00
1.4400000e+02		1.4500000e+02		1.4450000e+02		6.6149126e-02		0.0000000e+00		0.0000000e+00		0.0000000e+00		0.0000000e+00		0.0000000e+00
1.4500000e+02		1.4600000e+02		1.4550000e+02		7.0536262e-02		0.0000000e+00		0.0000000e+00		0.0000000e+00		0.0000000e+00		0.0000000e+00
1.4600000e+02		1.4700000e+02		1.4650000e+02		8.6012655e-02		0.0000000e+00		0.0000000e+00		0.0000000e+00		0.0000000e+00		0.0000000e+00
1.4700000e+02		1.4800000e+02		1.4750000e+02		1.0610345e-01		0.0000000e+00		0.0000000e+00		0.0000000e+00		0.0000000e+00		0.0000000e+00
1.4800000e+02		1.4900000e+02		1.4850000e+02		1.0405386e-01		0.0000000e+00		0.0000000e+00		0.0000000e+00		0.0000000e+00		0.0000000e+00
1.4900000e+02		1.5000000e+02		1.4950000e+02		9.4002421e-02		0.0000000e+00		0.0000000e+00		0.0000000e+00		0.0000000e+00		0.0000000e+00
1.5000000e+02		1.5100000e+02		1.5050000e+02		1.0343288e-01		0.0000000e+00		0.0000000e+00		0.0000000e+00		0.0000000e+00		0.0000000e+00
1.5100000e+02		1.5200000e+02		1.5150000e+02		1.0875212e-01		0.0000000e+00		0.0000000e+00		0.0000000e+00		0.0000000e+00		0.0000000e+00
1.5200000e+02		1.5300000e+02		1.5250000e+02		1.3876638e-01		0.0000000e+00		0.0000000e+00		0.0000000e+00		0.0000000e+00		0.0000000e+00
1.5300000e+02		1.5400000e+02		1.5350000e+02		1.5371418e-01		0.0000000e+00		0.0000000e+00		0.0000000e+00		0.0000000e+00		0.0000000e+00
1.5400000e+02		1.5500000e+02		1.5450000e+02		4.1112511e-01		0.0000000e+00		0.0000000e+00		0.0000000e+00		0.0000000e+00		0.0000000e+00
1.5500000e+02		1.5600000e+02		1.5550000e+02		3.3836363e-01		0.0000000e+00		0.0000000e+00		0.0000000e+00		0.0000000e+00		0.0000000e+00
1.5600000e+02		1.5700000e+02		1.5650000e+02		2.0084632e-01		0.0000000e+00		0.0000000e+00		0.0000000e+00		0.0000000e+00		0.0000000e+00
1.5700000e+02		1.5800000e+02		1.5750000e+02		1.8216796e-01		0.0000000e+00		0.0000000e+00		0.0000000e+00		0.0000000e+00		0.0000000e+00
1.5800000e+02		1.5900000e+02		1.5850000e+02		1.6795176e-01		0.0000000e+00		0.0000000e+00		0.0000000e+00		0.0000000e+00		0.0000000e+00
1.5900000e+02		1.6000000e+02		1.5950000e+02		1.6379377e-01		0.0000000e+00		0.0000000e+00		0.0000000e+00		0.0000000e+00		0.0000000e+00
1.6000000e+02		1.6100000e+02		1.6050000e+02		1.7926410e-01		0.0000000e+00		0.0000000e+00		0.0000000e+00		0.0000000e+00		0.0000000e+00
1.6100000e+02		1.6200000e+02		1.6150000e+02		2.0306941e-01		0.0000000e+00		0.0000000e+00		0.0000000e+00		0.0000000e+00		0.0000000e+00
1.6200000e+02		1.6300000e+02		1.6250000e+02		2.2492895e-01		0.0000000e+00		0.0000000e+00		0.0000000e+00		0.0000000e+00		0.0000000e+00
1.6300000e+02		1.6400000e+02		1.6350000e+02		4.7671727e-01		0.0000000e+00		0.0000000e+00		0.0000000e+00		0.0000000e+00		0.0000000e+00
1.6400000e+02		1.6500000e+02		1.6450000e+02		4.8753270e-01		0.0000000e+00		0.0000000e+00		0.0000000e+00		0.0000000e+00		0.0000000e+00
1.6500000e+02		1.6600000e+02		1.6550000e+02		5.7072689e-01		0.0000000e+00		0.0000000e+00		0.0000000e+00		0.0000000e+00		0.0000000e+00
1.6600000e+02		1.6700000e+02		1.6650000e+02		2.6919628e-01		0.0000000e+00		0.0000000e+00		0.0000000e+00		0.0000000e+00		0.0000000e+00
1.6700000e+02		1.6800000e+02		1.6750000e+02		2.8728373e-01		0.0000000e+00		0.0000000e+00		0.0000000e+00		0.0000000e+00		0.0000000e+00
1.6800000e+02		1.6900000e+02		1.6850000e+02		3.0958866e-01		0.0000000e+00		0.0000000e+00		0.0000000e+00		0.0000000e+00		0.0000000e+00
1.6900000e+02		1.7000000e+02		1.6950000e+02		3.8988989e-01		0.0000000e+00		0.0000000e+00		0.0000000e+00		0.0000000e+00		0.0000000e+00
1.7000000e+02		1.7100000e+02		1.7050000e+02		4.3752516e-01		0.0000000e+00		0.0000000e+00		0.0000000e+00		0.0000000e+00		0.0000000e+00
1.7100000e+02		1.7200000e+02		1.7150000e+02		4.3618394e-01		0.0000000e+00		0.0000000e+00		0.0000000e+00		0.0000000e+00		0.0000000e+00
1.7200000e+02		1.7300000e+02		1.7250000e+02		4.5514763e-01		0.0000000e+00		0.0000000e+00		0.0000000e+00		0.0000000e+00		0.0000000e+00
1.7300000e+02		1.7400000e+02		1.7350000e+02		4.5120572e-01		0.0000000e+00		0.0000000e+00		0.0000000e+00		0.0000000e+00		0.0000000e+00
1.7400000e+02		1.7500000e+02		1.7450000e+02		5.3951828e-01		0.0000000e+00		0.0000000e+00		0.0000000e+00		0.0000000e+00		0.0000000e+00
1.7500000e+02		1.7600000e+02		1.7550000e+02		6.4389120e-01		0.0000000e+00		0.0000000e+00		0.0000000e+00		0.0000000e+00		0.0000000e+00
1.7600000e+02		1.7700000e+02		1.7650000e+02		6.9472845e-01		0.0000000e+00		0.0000000e+00		0.0000000e+00		0.0000000e+00		0.0000000e+00
1.7700000e+02		1.7800000e+02		1.7750000e+02		8.1849614e-01		0.0000000e+00		0.0000000e+00		0.0000000e+00		0.0000000e+00		0.0000000e+00
1.7800000e+02		1.7900000e+02		1.7850000e+02		8.9455089e-01		0.0000000e+00		0.0000000e+00		0.0000000e+00		0.0000000e+00		0.0000000e+00
1.7900000e+02		1.8000000e+02		1.7950000e+02		8.6966614e-01		0.0000000e+00		0.0000000e+00		0.0000000e+00		0.0000000e+00		0.0000000e+00
1.8000000e+02		1.8100000e+02		1.8050000e+02		1.0753674e+00		0.0000000e+00		0.0000000e+00		0.0000000e+00		0.0000000e+00		0.0000000e+00
1.8100000e+02		1.8200000e+02		1.8150000e+02		1.3093431e+00		0.0000000e+00		0.0000000e+00		0.0000000e+00		0.0000000e+00		0.0000000e+00
1.8200000e+02		1.8300000e+02		1.8250000e+02		1.2087370e+00		0.0000000e+00		0.0000000e+00		0.0000000e+00		0.0000000e+00		0.0000000e+00
1.8300000e+02		1.8400000e+02		1.8350000e+02		1.2728289e+00		0.0000000e+00		0.0000000e+00		0.0000000e+00		0.0000000e+00		0.0000000e+00
1.8400000e+02		1.8500000e+02		1.8450000e+02		1.0940339e+00		0.0000000e+00		0.0000000e+00		0.0000000e+00		0.0000000e+00		0.0000000e+00
1.8500000e+02		1.8600000e+02		1.8550000e+02		1.2372281e+00		0.0000000e+00		0.0000000e+00		0.0000000e+00		0.0000000e+00		0.0000000e+00
1.8600000e+02		1.8700000e+02		1.8650000e+02		1.4037992e+00		0.0000000e+00		0.0000000e+00		0.0000000e+00		0.0000000e+00		0.0000000e+00
1.8700000e+02		1.8800000e+02		1.8750000e+02		1.5907538e+00		0.0000000e+00		0.0000000e+00		0.0000000e+00		0.0000000e+00		0.0000000e+00
1.8800000e+02		1.8900000e+02		1.8850000e+02		1.6735993e+00		5.4435162e-221		0.0000000e+00		5.4540728e-221		2.4977062e-223		5.4290957e-221
1.8900000e+02		1.9000000e+02		1.8950000e+02		1.8559600e+00		3.2195697e-151		0.0000000e+00		3.2288727e-151		2.2011071e-153		3.2068616e-151
1.9000000e+02		1.9100000e+02		1.9050000e+02		1.9109940e+00		1.5550219e-102		0.0000000e+00		1.5619134e-102		1.6305568e-104		1.5456079e-102
1.9100000e+02		1.9200000e+02		1.9150000e+02		2.0707336e+00		1.5553561e-75		3.5033185e-73		1.5651877e-75		2.3261966e-77		1.5419258e-75
1.9200000e+02		1.9300000e+02		1.9250000e+02		2.1685186e+00		6.1982478e-57		2.7665788e-55		6.2539994e-57		1.3190980e-58		6.1220896e-57
1.9300000e+02		1.9400000e+02		1.9350000e+02		1.6554009e+00		3.4649619e-45		5.5058133e-44		3.5078560e-45		1.0148851e-46		3.4063674e-45
1.9400000e+02		1.9500000e+02		1.9450000e+02		2.6556632e+00		1.8881356e-38		1.7307208e-37		1.9188052e-38		7.2565075e-40		1.8462402e-38
1.9500000e+02		1.9600000e+02		1.9550000e+02		2.5630279e+00		1.0974751e-32		2.8365401e-31		1.7372909e-32		1.5138205e-32		2.2347041e-33
1.9600000e+02		1.9700000e+02		1.9650000e+02		2.8204934e+00		3.3307430e-28		6.7027951e-27		5.7606975e-28		5.7493342e-28		1.1363383e-30
1.9700000e+02		1.9800000e+02		1.9750000e+02		2.8068384e+00		8.0669888e-25		1.2088117e-23		1.3971628e-24		1.3970526e-24		1.1018266e-28
1.9800000e+02		1.9900000e+02		1.9850000e+02		2.7505577e+00		3.7953166e-13		2.0499605e-12		6.5736812e-13		6.5736812e-13		6.4455703e-22
1.9900000e+02		2.0000000e+02		1.9950000e+02		2.8965557e+00		6.4203889e-03		1.5178139e-02		1.1120440e-02		1.1120440e-02		5.5791963e-16
2.0000000e+02		2.0100000e+02		2.0050000e+02		3.0623388e+00		2.0302085e-02		4.6568855e-02		3.5164243e-02		3.5164243e-02		1.1900628e-15
2.0100000e+02		2.0200000e+02		2.0150000e+02		3.2593670e+00		7.7232305e-02		1.7166336e-01		1.3377028e-01		1.3377028e-01		2.5272028e-15
2.0200000e+02		2.0300000e+02		2.0250000e+02		3.2217937e+00		8.7279548e-02		1.9336095e-01		1.5117261e-01		1.5117261e-01		3.0096811e-15
2.0300000e+02		2.0400000e+02		2.0350000e+02		3.4484145e+00		1.1371432e-01		2.5078630e-01		1.9695898e-01		1.9695898e-01		3.8340773e-15
2.0400000e+02		2.0500000e+02		2.0450000e+02		3.7117169e+00		1.3174663e-01		2.9001143e-01		2.2819185e-01		2.2819185e-01		4.7036178e-15
2.0500000e+02		2.0600000e+02		2.0550000e+02		3.7200399e+00		1.3290387e-01		2.9240960e-01		2.3019625e-01		2.3019625e-01		5.0889530e-15
2.0600000e+02		2.0700000e+02		2.0650000e+02		3.7247532e+00		1.3380738e-01		2.9425697e-01		2.3176119e-01		2.3176119e-01		5.4538971e-15
2.0700000e+02		2.0800000e+02		2.0750000e+02		4.0454145e+00		1.4635905e-01		3.2170341e-01		2.5350131e-01		2.5350131e-01		6.5634730e-15
2.0800000e+02		2.0900000e+02		2.0850000e+02		4.3759554e+00		1.5887665e-01		3.4905432e-01		2.7518243e-01		2.7518243e-01		7.2073221e-15
2.0900000e+02		2.1000000e+02		2.0950000e+02		5.6528678e+00		2.0631194e-01		4.5307289e-01		3.5734276e-01		3.5734276e-01		9.9716731e-15
2.1000000e+02		2.1100000e+02		2.1050000e+02		6.9678423e+00		2.5670190e-01		5.6347357e-01		4.4462073e-01		4.4462073e-01		1.4637000e-14
2.1100000e+02		2.1200000e+02		2.1150000e+02		7.9326445e+00		2.9345805e-01		6.4388225e-01		5.0828425e-01		5.0828425e-01		1.7085150e-14
2.1200000e+02		2.1300000e+02		2.1250000e+02		7.0734222e+00		2.6325336e-01		5.7736372e-01		4.5596819e-01		4.5596819e-01		1.6466690e-14
2.1300000e+02		2.1400000e+02		2.1350000e+02		7.2066449e+00		2.6956487e-01		5.9096983e-01		4.6690005e-01		4.6690005e-01		1.7986380e-14
2.1400000e+02		2.1500000e+02		2.1450000e+02		9.2279181e+00		3.4828293e-01		7.6315310e-01		6.0324372e-01		6.0324372e-01		2.4260525e-14
2.1500000e+02		2.1600000e+02		2.1550000e+02		7.9257408e+00		2.9901411e-01		6.5502225e-01		5.1790762e-01		5.1790762e-01		2.1791201e-14
2.1600000e+02		2.1700000e+02		2.1650000e+02		7.3353469e+00		2.7894585e-01		6.1083902e-01		4.8314838e-01		4.8314838e-01		2.4007543e-14
2.1700000e+02		2.1800000e+02		2.1750000e+02		7.5953881e+00		2.8914368e-01		6.3295018e-01		5.0081154e-01		5.0081154e-01		2.3935856e-14
2.1800000e+02		2.1900000e+02		2.1850000e+02		1.0217230e+01		3.9097932e-01		8.5557611e-01		6.7719605e-01		6.7719605e-01		3.5405831e-14
2.1900000e+02		2.2000000e+02		2.1950000e+02		1.0786519e+01		4.1409202e-01		9.0583940e-01		7.1722842e-01		7.1722842e-01		3.7998452e-14
2.2000000e+02		2.2100000e+02		2.2050000e+02		1.0851638e+01		4.1843813e-01		9.1505529e-01		7.2475610e-01		7.2475610e-01		4.1900107e-14
2.2100000e+02		2.2200000e+02		2.2150000e+02		8.6872371e+00		3.3713860e-01		7.3698468e-01		5.8394118e-01		5.8394118e-01		3.5229457e-14
2.2200000e+02		2.2300000e+02		2.2250000e+02		1.1691346e+01		4.5652191e-01		9.9761847e-01		7.9071915e-01		7.9071915e-01		5.1673005e-14
2.2300000e+02		2.2400000e+02		2.2350000e+02		1.5139682e+01		5.9429407e-01		1.2982494e+00		1.0293475e+00		1.0293475e+00		7.0669436e-14
2.2400000e+02		2.2500000e+02		2.2450000e+02		1.4154944e+01		5.4355215e-01		1.1877566e+00		9.4145994e-01		9.4145994e-01		6.5769876e-14
2.2500000e+02		2.2600000e+02		2.2550000e+02		1.2365614e+01		4.8083850e-01		1.0502100e+00		8.3283671e-01		8.3283671e-01		6.2719489e-14
2.2600000e+02		2.2700000e+02		2.2650000e+02		9.0577089e+00		3.5162439e-01		7.6783822e-01		6.0903132e-01		6.0903132e-01		4.5531238e-14
2.2700000e+02		2.2800000e+02		2.2750000e+02		8.8108381e+00		3.5152558e-01		7.6696259e-01		6.0886016e-01		6.0886016e-01		4.6409499e-14
2.2800000e+02		2.2900000e+02		2.2850000e+02		1.2275156e+01		4.9284848e-01		1.0749930e+00		8.5363860e-01		8.5363860e-01		7.2164681e-14
2.2900000e+02		2.3000000e+02		2.2950000e+02		1.1031259e+01		4.4559840e-01		9.7165200e-01		7.7179907e-01		7.7179907e-01		7.1523524e-14
2.3000000e+02		2.3100000e+02		2.3050000e+02		1.2510180e+01		5.0667906e-01		1.1045340e+00		8.7759388e-01		8.7759388e-01		8.0772727e-14
2.3100000e+02		2.3200000e+02		2.3150000e+02		1.1791833e+01		4.7989309e-01		1.0458551e+00		8.3119921e-01		8.3119921e-01		8.0848595e-14
2.3200000e+02		2.3300000e+02		2.3250000e+02		1.2664003e+01		5.1874037e-01		1.1302107e+00		8.9848467e-01		8.9848467e-01		9.6888383e-14
2.3300000e+02		2.3400000e+02		2.3350000e+02		1.1428554e+01		4.6949162e-01		1.0226403e+00		8.1318333e-01		8.1318333e-01		8.6386499e-14
2.3400000e+02		2.3500000e+02		2.3450000e+02		9.9864853e+00		4.0175569e-01		8.7542034e-01		6.9586127e-01		6.9586127e-01		7.6085809e-14
2.3500000e+02		2.3600000e+02		2.3550000e+02		1.3443360e+01		5.5335820e-01		1.2048847e+00		9.5844453e-01		9.5844453e-01		1.0237489e-13
2.3600000e+02		2.3700000e+02		2.3650000e+02		1.2448020e+01		5.1927478e-01		1.1302202e+00		8.9941029e-01		8.9941029e-01		1.0543538e-13
2.3700000e+02		2.3800000e+02		2.3750000e+02		1.3294723e+01		5.5896454e-01		1.2162492e+00		9.6815498e-01		9.6815498e-01		1.2049132e-13
2.3800000e+02		2.3900000e+02		2.3850000e+02		1.1021422e+01		4.6523522e-01		1.0121154e+00		8.0581104e-01		8.0581104e-01		1.0638069e-13
2.3900000e+02		2.4000000e+02		2.3950000e+02		1.2008577e+01		5.0862610e-01		1.1063096e+00		8.8096624e-01		8.8096624e-01		1.2098039e-13
2.4000000e+02		2.4100000e+02		2.4050000e+02		1.1032163e+01		4.6858129e-01		1.0189816e+00		8.1160659e-01		8.1160659e-01		1.0894730e-13
2.4100000e+02		2.4200000e+02		2.4150000e+02		1.2918879e+01		5.5171849e-01		1.1994996e+00		9.5560445e-01		9.5560445e-01		1.3442067e-13
2.4200000e+02		2.4300000e+02		2.4250000e+02		1.7782729e+01		7.6218402e-01		1.6568878e+00		1.3201414e+00		1.3201414e+00		1.9115989e-13
2.4300000e+02		2.4400000e+02		2.4350000e+02		1.6701989e+01		7.1914348e-01		1.5628768e+00		1.2455930e+00		1.2455930e+00		1.8812392e-13
2.4400000e+02		2.4500000e+02		2.4450000e+02		1.5641720e+01		6.7491157e-01		1.4667289e+00		1.1689811e+00		1.1689811e+00		1.8581820e-13
2.4500000e+02		2.4600000e+02		2.4550000e+02		1.2691134e+01		5.4930612e-01		1.1933755e+00		9.5142612e-01		9.5142612e-01		1.5469797e-13
2.4600000e+02		2.4700000e+02		2.4650000e+02		1.2350906e+01		5.3740812e-01		1.1672701e+00		9.3081817e-01		9.3081817e-01		1.6699122e-13
2.4700000e+02		2.4800000e+02		2.4750000e+02		1.3639226e+01		5.9441332e-01		1.2908475e+00		1.0295541e+00		1.0295541e+00		1.8341360e-13
2.4800000e+02		2.4900000e+02		2.4850000e+02		1.0938846e+01		4.7764286e-01		1.0370624e+00		8.2730170e-01		8.2730170e-01		1.4571867e-13
2.4900000e+02		2.5000000e+02		2.4950000e+02		1.3333262e+01		5.8354892e-01		1.2668047e+00		1.0107364e+00		1.0107364e+00		1.8569551e-13
2.5000000e+02		2.5100000e+02		2.5050000e+02		1.4401571e+01		6.3227419e-01		1.3723525e+00		1.0951310e+00		1.0951310e+00		2.1110145e-13
2.5100000e+02		2.5200000e+02		2.5150000e+02		1.2007424e+01		5.2847430e-01		1.1468685e+00		9.1534434e-01		9.1534434e-01		1.8324389e-13
2.5200000e+02		2.5300000e+02		2.5250000e+02		1.0794009e+01		4.7586854e-01		1.0325456e+00		8.2422850e-01		8.2422850e-01		1.6671302e-13
2.5300000e+02		2.5400000e+02		2.5350000e+02		1.3602371e+01		6.0287910e-01		1.3078716e+00		1.0442172e+00		1.0442172e+00		2.1958887e-13
2.5400000e+02		2.5500000e+02		2.5450000e+02		1.5384114e+01		6.8711156e-01		1.4902044e+00		1.1901121e+00		1.1901121e+00		2.4966712e-13
2.5500000e+02		2.5600000e+02		2.5550000e+02		2.0992062e+01		9.4687011e-01		2.0529912e+00		1.6400271e+00		1.6400271e+00		3.5736933e-13
2.5600000e+02		2.5700000e+02		2.5650000e+02		2.7040612e+01		1.2323121e+00		2.6711476e+00		2.1344272e+00		2.1344272e+00		4.9012450e-13
2.5700000e+02		2.5800000e+02		2.5750000e+02		3.3946512e+01		1.5618148e+00		3.3844330e+00		2.7051426e+00		2.7051426e+00		6.3674592e-13
2.5800000e+02		2.5900000e+02		2.5850000e+02		3.5732434e+01		1.6585867e+00		3.5931001e+00		2.8727564e+00		2.8727564e+00		6.5766183e-13
2.5900000e+02		2.6000000e+02		2.5950000e+02		3.0409976e+01		1.4278311e+00		3.0923340e+00		2.4730761e+00		2.4730761e+00		5.9262870e-13
2.6000000e+02		2.6100000e+02		2.6050000e+02		2.4915606e+01		1.1883497e+00		2.5726668e+00		2.0582820e+00		2.0582820e+00		5.1078668e-13
2.6100000e+02		2.6200000e+02		2.6150000e+02		2.5442742e+01		1.2306517e+00		2.6631558e+00		2.1315514e+00		2.1315514e+00		5.1316398e-13
2.6200000e+02		2.6300000e+02		2.6250000e+02		3.0366547e+01		1.4901154e+00		3.2234710e+00		2.5809556e+00		2.5809556e+00		6.2570076e-13
2.6300000e+02		2.6400000e+02		2.6350000e+02		4.5700096e+01		2.2422195e+00		4.8503283e+00		3.8836381e+00		3.8836381e+00		9.7859697e-13
2.6400000e+02		2.6500000e+02		2.6450000e+02		7.1249372e+01		3.5755881e+00		7.7299572e+00		6.1931002e+00		6.1931002e+00		1.6165616e-12
2.6500000e+02		2.6600000e+02		2.6550000e+02		7.4731454e+01		3.6860450e+00		7.9713471e+00		6.3844173e+00		6.3844173e+00		1.6791815e-12
2.6600000e+02		2.6700000e+02		2.6650000e+02		7.2446611e+01		3.5771988e+00		7.7355333e+00		6.1958901e+00		6.1958901e+00		1.7543559e-12
2.6700000e+02		2.6800000e+02		2.6750000e+02		7.2937204e+01		3.6279517e+00		7.8431684e+00		6.2837967e+00		6.2837967e+00		1.7418786e-12
2.6800000e+02		2.6900000e+02		2.6850000e+02		7.2239021e+01		3.5923981e+00		7.7657507e+00		6.2222160e+00		6.2222160e+00		1.7388282e-12
2.6900000e+02		2.7000000e+02		2.6950000e+02		6.7758000e+01		3.3624104e+00		7.2689814e+00		5.8238656e+00		5.8238656e+00		1.7625066e-12
2.7000000e+02		2.7100000e+02		2.7050000e+02		7.8281462e+01		3.8636680e+00		8.3533323e+00		6.6920693e+00		6.6920693e+00		2.1481128e-12
2.7100000e+02		2.7200000e+02		2.7150000e+02		6.5051220e+01		3.2365826e+00		6.9952950e+00		5.6059254e+00		5.6059254e+00		1.6834005e-12
2.7200000e+02		2.7300000e+02		2.7250000e+02		5.2331568e+01		2.6168630e+00		5.6550076e+00		4.5325398e+00		4.5325398e+00		1.4636113e-12
2.7300000e+02		2.7400000e+02		2.7350000e+02		5.5800645e+01		2.7932037e+00		6.0354807e+00		4.8379707e+00		4.8379707e+00		1.5703507e-12
2.7400000e+02		2.7500000e+02		2.7450000e+02		3.8398649e+01		1.9347534e+00		4.1796162e+00		3.3510912e+00		3.3510912e+00		1.0945025e-12
2.7500000e+02		2.7600000e+02		2.7550000e+02		5.1208696e+01		2.5841269e+00		5.5818203e+00		4.4758390e+00		4.4758390e+00		1.4623221e-12
2.7600000e+02		2.7700000e+02		2.7650000e+02		7.1318275e+01		3.5662736e+00		7.7047607e+00		6.1769671e+00		6.1769671e+00		2.1385323e-12
2.7700000e+02		2.7800000e+02		2.7750000e+02		6.8188493e+01		3.4684568e+00		7.4894757e+00		6.0075434e+00		6.0075434e+00		1.9478578e-12
2.7800000e+02		2.7900000e+02		2.7850000e+02		4.7024496e+01		2.3743575e+00		5.1276159e+00		4.1125078e+00		4.1125078e+00		1.3515976e-12
2.7900000e+02		2.8000000e+02		2.7950000e+02		2.6422560e+01		1.3365072e+00		2.8861094e+00		2.3148983e+00		2.3148983e+00		7.9765615e-13
2.8000000e+02		2.8100000e+02		2.8050000e+02		2.8982131e+01		1.4702081e+00		3.1745190e+00		2.5464751e+00		2.5464751e+00		9.1427399e-13
2.8100000e+02		2.8200000e+02		2.8150000e+02		6.0033324e+01		3.0462195e+00		6.5772504e+00		5.2762069e+00		5.2762069e+00		1.9582976e-12
2.8200000e+02		2.8300000e+02		2.8250000e+02		8.1733762e+01		4.1420861e+00		8.9433000e+00		7.1743036e+00		7.1743036e+00		2.7381521e-12
2.8300000e+02		2.8400000e+02		2.8350000e+02		8.4433091e+01		4.3096670e+00		9.3031621e+00		7.4645622e+00		7.4645622e+00		2.9459610e-12
2.8400000e+02		2.8500000e+02		2.8450000e+02		6.2255376e+01		3.1741470e+00		6.8515058e+00		5.4977839e+00		5.4977839e+00		2.0835730e-12
2.8500000e+02		2.8600000e+02		2.8550000e+02		4.0018063e+01		2.0461412e+00		4.4161344e+00		3.5440205e+00		3.5440205e+00		1.3417727e-12
2.8600000e+02		2.8700000e+02		2.8650000e+02		8.2001717e+01		4.1826767e+00		9.0279123e+00		7.2446086e+00		7.2446086e+00		2.9157518e-12
2.8700000e+02		2.8800000e+02		2.8750000e+02		9.5189148e+01		4.8865849e+00		1.0544653e+01		8.4638133e+00		8.4638133e+00		3.3075489e-12
2.8800000e+02		2.8900000e+02		2.8850000e+02		9.0460934e+01		4.6551539e+00		1.0044679e+01		8.0629631e+00		8.0629631e+00		3.3191378e-12
2.8900000e+02		2.9000000e+02		2.8950000e+02		1.3728321e+02		7.0578452e+00		1.5227998e+01		1.2224546e+01		1.2224546e+01		4.7453106e-12
2.9000000e+02		2.9100000e+02		2.9050000e+02		1.8023325e+02		9.2751335e+00		2.0011126e+01		1.6065003e+01		1.6065003e+01		6.4898842e-12
2.9100000e+02		2.9200000e+02		2.9150000e+02		1.7359450e+02		9.0388983e+00		1.9494849e+01		1.5655831e+01		1.5655831e+01		6.5999045e-12
2.9200000e+02		2.9300000e+02		2.9250000e+02		1.5421676e+02		7.9822256e+00		1.7218829e+01		1.3825620e+01		1.3825620e+01		6.1009823e-12
2.9300000e+02		2.9400000e+02		2.9350000e+02		1.6099986e+02		8.3439079e+00		1.7997476e+01		1.4452072e+01		1.4452072e+01		6.3428546e-12
2.9400000e+02		2.9500000e+02		2.9450000e+02		1.4991794e+02		7.7822704e+00		1.6784782e+01		1.3479288e+01		1.3479288e+01		5.9868276e-12
2.9500000e+02		2.9600000e+02		2.9550000e+02		1.6232431e+02		8.4257343e+00		1.8171734e+01		1.4593800e+01		1.4593800e+01		6.4154885e-12
2.9600000e+02		2.9700000e+02		2.9650000e+02		1.4851381e+02		7.7366865e+00		1.6683668e+01		1.3400334e+01		1.3400334e+01		6.0017690e-12
2.9700000e+02		2.9800000e+02		2.9750000e+02		1.5140866e+02		7.9141882e+00		1.7064939e+01		1.3707776e+01		1.3707776e+01		6.3988854e-12
2.9800000e+02		2.9900000e+02		2.9850000e+02		1.3012850e+02		6.7964063e+00		1.4653624e+01		1.1771721e+01		1.1771721e+01		5.1498957e-12
2.9900000e+02		3.0000000e+02		2.9950000e+02		1.4682541e+02		7.7034502e+00		1.6608536e+01		1.3342767e+01		1.3342767e+01		6.5467640e-12
3.0000000e+02		3.0100000e+02		3.0050000e+02		1.1681452e+02		6.1289438e+00		1.3212502e+01		1.0615642e+01		1.0615642e+01		4.8896627e-12
3.0100000e+02		3.0200000e+02		3.0150000e+02		1.3434477e+02		7.0145132e+00		1.5123523e+01		1.2149493e+01		1.2149493e+01		5.8649246e-12
3.0200000e+02		3.0300000e+02		3.0250000e+02		1.4142283e+02		7.3530963e+00		1.5855287e+01		1.2735936e+01		1.2735936e+01		6.2284916e-12
3.0300000e+02		3.0400000e+02		3.0350000e+02		1.8342160e+02		9.5143419e+00		2.0514680e+01		1.6479324e+01		1.6479324e+01		8.2585659e-12
3.0400000e+02		3.0500000e+02		3.0450000e+02		1.7556728e+02		9.1141626e+00		1.9650316e+01		1.5786193e+01		1.5786193e+01		7.8984741e-12
3.0500000e+02		3.0600000e+02		3.0550000e+02		1.7728071e+02		9.2090226e+00		1.9854342e+01		1.5950495e+01		1.5950495e+01		8.1123706e-12
3.0600000e+02		3.0700000e+02		3.0650000e+02		1.6814926e+02		8.7494440e+00		1.8862370e+01		1.5154482e+01		1.5154482e+01		7.7833657e-12
3.0700000e+02		3.0800000e+02		3.0750000e+02		1.8878816e+02		9.8433872e+00		2.1219437e+01		1.7049247e+01		1.7049247e+01		8.7662574e-12
3.0800000e+02		3.0900000e+02		3.0850000e+02		1.8529086e+02		9.8015653e+00		2.1122025e+01		1.6976809e+01		1.6976809e+01		9.1299351e-12
3.0900000e+02		3.1000000e+02		3.0950000e+02		1.5026991e+02		7.9489062e+00		1.7127894e+01		1.3767909e+01		1.3767909e+01		6.8661664e-12
3.1000000e+02		3.1100000e+02		3.1050000e+02		1.8913229e+02		1.0047473e+01		2.1647771e+01		1.7402734e+01		1.7402734e+01		9.0905850e-12
3.1100000e+02		3.1200000e+02		3.1150000e+02		2.2495083e+02		1.1989685e+01		2.5830317e+01		2.0766744e+01		2.0766744e+01		1.1094127e-11
3.1200000e+02		3.1300000e+02		3.1250000e+02		2.0030306e+02		1.0687154e+01		2.3023222e+01		1.8510693e+01		1.8510693e+01		1.0049742e-11
3.1300000e+02		3.1400000e+02		3.1350000e+02		2.1331645e+02		1.1395515e+01		2.4547679e+01		1.9737611e+01		1.9737611e+01		1.0561971e-11
3.1400000e+02		3.1500000e+02		3.1450000e+02		2.0119548e+02		1.0774896e+01		2.3209281e+01		1.8662667e+01		1.8662667e+01		1.0289034e-11
3.1500000e+02		3.1600000e+02		3.1550000e+02		1.9522773e+02		1.0473115e+01		2.2557408e+01		1.8139968e+01		1.8139968e+01		9.9468822e-12
3.1600000e+02		3.1700000e+02		3.1650000e+02		1.9043254e+02		1.0223076e+01		2.2018166e+01		1.7706887e+01		1.7706887e+01		9.8570262e-12
3.1700000e+02		3.1800000e+02		3.1750000e+02		2.4155434e+02		1.3029851e+01		2.8060160e+01		2.2568364e+01		2.2568364e+01		1.3148453e-11
3.1800000e+02		3.1900000e+02		3.1850000e+02		1.9952276e+02		1.0741044e+01		2.3131084e+01		1.8604033e+01		1.8604033e+01		1.0408381e-11
3.1900000e+02		3.2000000e+02		3.1950000e+02		2.1430874e+02		1.1566560e+01		2.4908087e+01		2.0033870e+01		2.0033870e+01		1.1805922e-11
3.2000000e+02		3.2100000e+02		3.2050000e+02		2.4621307e+02		1.3377572e+01		2.8802788e+01		2.3170635e+01		2.3170635e+01		1.3421565e-11
3.2100000e+02		3.2200000e+02		3.2150000e+02		2.0677326e+02		1.1145143e+01		2.3999771e+01		1.9303954e+01		1.9303954e+01		1.0976439e-11
3.2200000e+02		3.2300000e+02		3.2250000e+02		2.0765168e+02		1.1203598e+01		2.4125433e+01		1.9405201e+01		1.9405201e+01		1.1239769e-11
3.2300000e+02		3.2400000e+02		3.2350000e+02		2.0066974e+02		1.0870317e+01		2.3404495e+01		1.8827941e+01		1.8827941e+01		1.0811258e-11
3.2400000e+02		3.2500000e+02		3.2450000e+02		2.3629853e+02		1.2795197e+01		2.7548879e+01		2.2161931e+01		2.2161931e+01		1.2492036e-11
3.2500000e+02		3.2600000e+02		3.2550000e+02		2.7209498e+02		1.4709662e+01		3.1669889e+01		2.5477882e+01		2.5477882e+01		1.3708012e-11
3.2600000e+02		3.2700000e+02		3.2650000e+02		3.0699214e+02		1.6724033e+01		3.6002559e+01		2.8966874e+01		2.8966874e+01		1.6850704e-11
3.2700000e+02		3.2800000e+02		3.2750000e+02		2.9701525e+02		1.6191506e+01		3.4855257e+01		2.8044511e+01		2.8044511e+01		1.6319045e-11
3.2800000e+02		3.2900000e+02		3.2850000e+02		2.8673370e+02		1.5670387e+01		3.3729573e+01		2.7141906e+01		2.7141906e+01		1.5867448e-11
3.2900000e+02		3.3000000e+02		3.2950000e+02		3.3379807e+02		1.8294165e+01		3.9376995e+01		3.1686423e+01		3.1686423e+01		1.9788160e-11
3.3000000e+02		3.3100000e+02		3.3050000e+02		3.1443449e+02		1.7276462e+01		3.7182231e+01		2.9923709e+01		2.9923709e+01		1.8033558e-11
3.3100000e+02		3.3200000e+02		3.3150000e+02		3.0087994e+02		1.6663014e+01		3.5853867e+01		2.8861187e+01		2.8861187e+01		1.8316205e-11
3.3200000e+02		3.3300000e+02		3.3250000e+02		2.9519831e+02		1.6363939e+01		3.5207458e+01		2.8343174e+01		2.8343174e+01		1.7173964e-11
3.3300000e+02		3.3400000e+02		3.3350000e+02		2.8364288e+02		1.5781890e+01		3.3955470e+01		2.7335035e+01		2.7335035e+01		1.7946833e-11
3.3400000e+02		3.3500000e+02		3.3450000e+02		2.9883003e+02		1.6649912e+01		3.5821129e+01		2.8838494e+01		2.8838494e+01		1.8661034e-11
3.3500000e+02		3.3600000e+02		3.3550000e+02		2.9511053e+02		1.6450301e+01		3.5389533e+01		2.8492758e+01		2.8492758e+01		1.8055923e-11
3.3600000e+02		3.3700000e+02		3.3650000e+02		2.4313126e+02		1.3570910e+01		2.9193442e+01		2.3505506e+01		2.3505506e+01		1.5099321e-11
3.3700000e+02		3.3800000e+02		3.3750000e+02		2.5649874e+02		1.4314835e+01		3.0793595e+01		2.4794022e+01		2.4794022e+01		1.5362808e-11
3.3800000e+02		3.3900000e+02		3.3850000e+02		2.7748673e+02		1.5502539e+01		3.3346876e+01		2.6851184e+01		2.6851184e+01		1.6564407e-11
3.3900000e+02		3.4000000e+02		3.3950000e+02		2.9040264e+02		1.6250626e+01		3.4956660e+01		2.8146909e+01		2.8146909e+01		1.8339493e-11
3.4000000e+02		3.4100000e+02		3.4050000e+02		3.0654056e+02		1.7159153e+01		3.6909342e+01		2.9720524e+01		2.9720524e+01		1.8430349e-11
3.4100000e+02		3.4200000e+02		3.4150000e+02		2.7979685e+02		1.5658760e+01		3.3681892e+01		2.7121767e+01		2.7121767e+01		1.6573624e-11
3.4200000e+02		3.4300000e+02		3.4250000e+02		3.0344565e+02		1.7062746e+01		3.6701016e+01		2.9553543e+01		2.9553543e+01		2.0028698e-11
3.4300000e+02		3.4400000e+02		3.4350000e+02		2.9822260e+02		1.6753940e+01		3.6038833e+01		2.9018675e+01		2.9018675e+01		1.9920272e-11
3.4400000e+02		3.4500000e+02		3.4450000e+02		2.3986676e+02		1.3522787e+01		2.9085218e+01		2.3422155e+01		2.3422155e+01		1.5848636e-11
3.4500000e+02		3.4600000e+02		3.4550000e+02		2.8907088e+02		1.6339208e+01		3.5139810e+01		2.8300339e+01		2.8300339e+01		1.8647791e-11
3.4600000e+02		3.4700000e+02		3.4650000e+02		2.8069735e+02		1.5990655e+01		3.4384917e+01		2.7696627e+01		2.7696627e+01		1.9238770e-11
3.4700000e+02		3.4800000e+02		3.4750000e+02		2.7782009e+02		1.5952245e+01		3.4293677e+01		2.7630098e+01		2.7630098e+01		1.8139160e-11
3.4800000e+02		3.4900000e+02		3.4850000e+02		2.8744416e+02		1.6678246e+01		3.5845038e+01		2.8887569e+01		2.8887569e+01		1.9495538e-11
3.4900000e+02		3.5000000e+02		3.4950000e+02		2.7550877e+02		1.5651708e+01		3.3656855e+01		2.7109554e+01		2.7109554e+01		1.8080621e-11
3.5000000e+02		3.5100000e+02		3.5050000e+02		3.3002358e+02		1.8835030e+01		4.0495995e+01		3.2623229e+01		3.2623229e+01		2.1338672e-11
3.5100000e+02		3.5200000e+02		3.5150000e+02		3.0660572e+02		1.7575112e+01		3.7785355e+01		3.0440987e+01		3.0440987e+01		2.1609718e-11
3.5200000e+02		3.5300000e+02		3.5250000e+02		2.8324198e+02		1.6219280e+01		3.4869874e+01		2.8092618e+01		2.8092618e+01		1.8873486e-11
3.5300000e+02		3.5400000e+02		3.5350000e+02		3.2405327e+02		1.8616071e+01		4.0019414e+01		3.2243980e+01		3.2243980e+01		2.0943888e-11
3.5400000e+02		3.5500000e+02		3.5450000e+02		3.4586270e+02		2.0419880e+01		4.3870862e+01		3.5368270e+01		3.5368270e+01		2.3947744e-11
3.5500000e+02		3.5600000e+02		3.5550000e+02		3.2478382e+02		1.9171757e+01		4.1189609e+01		3.3206458e+01		3.3206458e+01		2.2179566e-11
3.5600000e+02		3.5700000e+02		3.5650000e+02		2.8234357e+02		1.6593358e+01		3.5649228e+01		2.8740540e+01		2.8740540e+01		1.6650510e-11
3.5700000e+02		3.5800000e+02		3.5750000e+02		2.4674321e+02		1.4574187e+01		3.1311022e+01		2.5243233e+01		2.5243233e+01		1.6782385e-11
3.5800000e+02		3.5900000e+02		3.5850000e+02		2.1181106e+02		1.2484592e+01		2.6823901e+01		2.1623948e+01		2.1623948e+01		1.5258869e-11
3.5900000e+02		3.6000000e+02		3.5950000e+02		3.0582840e+02		1.7704404e+01		3.8052678e+01		3.0664926e+01		3.0664926e+01		1.9635924e-11
3.6000000e+02		3.6100000e+02		3.6050000e+02		3.0178862e+02		1.7484378e+01		3.7581574e+01		3.0283831e+01		3.0283831e+01		2.0822691e-11
3.6100000e+02		3.6200000e+02		3.6150000e+02		2.8033735e+02		1.6290894e+01		3.5013639e+01		2.8216655e+01		2.8216655e+01		1.9276652e-11
3.6200000e+02		3.6300000e+02		3.6250000e+02		3.1645921e+02		1.8413943e+01		3.9575955e+01		3.1893885e+01		3.1893885e+01		2.2243614e-11
3.6300000e+02		3.6400000e+02		3.6350000e+02		3.0810145e+02		1.7957111e+01		3.8591504e+01		3.1102629e+01		3.1102629e+01		2.1049368e-11
3.6400000e+02		3.6500000e+02		3.6450000e+02		3.2221950e+02		1.8815797e+01		4.0435686e+01		3.2589916e+01		3.2589916e+01		2.2050460e-11
3.6500000e+02		3.6600000e+02		3.6550000e+02		3.6674574e+02		2.1511256e+01		4.6225865e+01		3.7258588e+01		3.7258588e+01		2.6579881e-11
3.6600000e+02		3.6700000e+02		3.6650000e+02		3.9198946e+02		2.2904406e+01		4.9224232e+01		3.9671594e+01		3.9671594e+01		2.7237774e-11
3.6700000e+02		3.6800000e+02		3.6750000e+02		3.7850004e+02		2.2211787e+01		4.7727117e+01		3.8471943e+01		3.8471943e+01		2.4538523e-11
3.6800000e+02		3.6900000e+02		3.6850000e+02		3.4895620e+02		2.0581902e+01		4.4222332e+01		3.5648899e+01		3.5648899e+01		2.4599054e-11
3.6900000e+02		3.7000000e+02		3.6950000e+02		3.8736224e+02		2.2802197e+01		4.8990570e+01		3.9494563e+01		3.9494563e+01		2.4122112e-11
3.7000000e+02		3.7100000e+02		3.7050000e+02		3.6351013e+02		2.1594612e+01		4.6393150e+01		3.7402965e+01		3.7402965e+01		2.8025056e-11
3.7100000e+02		3.7200000e+02		3.7150000e+02		3.7529261e+02		2.2289512e+01		4.7883062e+01		3.8606567e+01		3.8606567e+01		2.6783139e-11
3.7200000e+02		3.7300000e+02		3.7250000e+02		3.1177186e+02		1.8442544e+01		3.9618781e+01		3.1943423e+01		3.1943423e+01		1.9913653e-11
3.7300000e+02		3.7400000e+02		3.7350000e+02		2.7192112e+02		1.6143353e+01		3.4678326e+01		2.7961107e+01		2.7961107e+01		1.8026366e-11
3.7400000e+02		3.7500000e+02		3.7450000e+02		2.7832167e+02		1.6607858e+01		3.5677382e+01		2.8765654e+01		2.8765654e+01		2.1511316e-11
3.7500000e+02		3.7600000e+02		3.7550000e+02		3.1876744e+02		1.9031060e+01		4.0878319e+01		3.2962763e+01		3.2962763e+01		2.3012862e-11
3.7600000e+02		3.7700000e+02		3.7650000e+02		3.3048657e+02		1.9763031e+01		4.2447512e+01		3.4230574e+01		3.4230574e+01		2.3052301e-11
3.7700000e+02		3.7800000e+02		3.7750000e+02		3.8770864e+02		2.3282393e+01		5.0004521e+01		4.0326288e+01		4.0326288e+01		2.8549312e-11
3.7800000e+02		3.7900000e+02		3.7850000e+02		4.0380398e+02		2.4234009e+01		5.2049624e+01		4.1974535e+01		4.1974535e+01		2.9858346e-11
3.7900000e+02		3.8000000e+02		3.7950000e+02		3.2744385e+02		1.9627750e+01		4.2155655e+01		3.3996261e+01		3.3996261e+01		2.2481271e-11
3.8000000e+02		3.8100000e+02		3.8050000e+02		3.5656330e+02		2.1402646e+01		4.5968852e+01		3.7070469e+01		3.7070469e+01		2.4864009e-11
3.8100000e+02		3.8200000e+02		3.8150000e+02		3.2019140e+02		1.9417226e+01		4.1702880e+01		3.3631622e+01		3.3631622e+01		2.8512781e-11
3.8200000e+02		3.8300000e+02		3.8250000e+02		2.2964197e+02		1.3832998e+01		2.9707838e+01		2.3959456e+01		2.3959456e+01		1.5519573e-11
3.8300000e+02		3.8400000e+02		3.8350000e+02		2.0267593e+02		1.2264001e+01		2.6337920e+01		2.1241874e+01		2.1241874e+01		1.5150106e-11
3.8400000e+02		3.8500000e+02		3.8450000e+02		2.7111947e+02		1.6465350e+01		3.5358492e+01		2.8518823e+01		2.8518823e+01		2.0547137e-11
3.8500000e+02		3.8600000e+02		3.8550000e+02		2.8715912e+02		1.7406665e+01		3.7378717e+01		3.0149229e+01		3.0149229e+01		1.9677759e-11
3.8600000e+02		3.8700000e+02		3.8650000e+02		2.8837692e+02		1.7612364e+01		3.7818748e+01		3.0505509e+01		3.0505509e+01		2.3271471e-11
3.8700000e+02		3.8800000e+02		3.8750000e+02		2.8805300e+02		1.7581187e+01		3.7750248e+01		3.0451510e+01		3.0451510e+01		2.1598286e-11
3.8800000e+02		3.8900000e+02		3.8850000e+02		2.9209390e+02		1.7859109e+01		3.8344358e+01		3.0932885e+01		3.0932885e+01		2.0880118e-11
3.8900000e+02		3.9000000e+02		3.8950000e+02		3.5069332e+02		2.1468344e+01		4.6094097e+01		3.7184263e+01		3.7184263e+01		2.5813624e-11
3.9000000e+02		3.9100000e+02		3.9050000e+02		3.6838836e+02		2.2700096e+01		4.8736525e+01		3.9317719e+01		3.9317719e+01		3.1214879e-11
3.9100000e+02		3.9200000e+02		3.9150000e+02		3.9613874e+02		2.4349134e+01		5.2275117e+01		4.2173937e+01		4.2173937e+01		2.9691725e-11
3.9200000e+02		3.9300000e+02		3.9250000e+02		3.0403432e+02		1.8672773e+01		4.0087762e+01		3.2342192e+01		3.2342192e+01		2.1182457e-11
3.9300000e+02		3.9400000e+02		3.9350000e+02		1.8639471e+02		1.1480288e+01		2.4645960e+01		1.9884442e+01		1.9884442e+01		1.3605936e-11
3.9400000e+02		3.9500000e+02		3.9450000e+02		3.0813115e+02		1.8923327e+01		4.0623528e+01		3.2776163e+01		3.2776163e+01		1.9445534e-11
3.9500000e+02		3.9600000e+02		3.9550000e+02		3.7840801e+02		2.3543225e+01		5.0539947e+01		4.0778061e+01		4.0778061e+01		3.3442561e-11
3.9600000e+02		3.9700000e+02		3.9650000e+02		2.6140326e+02		1.6223138e+01		3.4824815e+01		2.8099300e+01		2.8099300e+01		2.0405950e-11
3.9700000e+02		3.9800000e+02		3.9750000e+02		2.9300657e+02		1.8191108e+01		3.9048448e+01		3.1507923e+01		3.1507923e+01		2.2039390e-11
3.9800000e+02		3.9900000e+02		3.9850000e+02		4.5124719e+02		2.8071447e+01		6.0256449e+01		4.8621172e+01		4.8621172e+01		3.4639263e-11
3.9900000e+02		4.0000000e+02		3.9950000e+02		4.9846141e+02		3.0990823e+01		6.6520699e+01		5.3677680e+01		5.3677680e+01		3.5869760e-11
4.0000000e+02		4.0100000e+02		4.0050000e+02		5.1407199e+02		3.2083164e+01		6.8864092e+01		5.5569670e+01		5.5569670e+01		3.9297849e-11
4.0100000e+02		4.0200000e+02		4.0150000e+02		5.3860814e+02		3.3654725e+01		7.2235619e+01		5.8291693e+01		5.8291693e+01		4.0395879e-11
4.0200000e+02		4.0300000e+02		4.0250000e+02		5.4526519e+02		3.3994957e+01		7.2963311e+01		5.8880993e+01		5.8880993e+01		3.5137046e-11
4.0300000e+02		4.0400000e+02		4.0350000e+02		5.2165796e+02		3.2831790e+01		7.0463778e+01		5.6866328e+01		5.6866328e+01		4.2714556e-11
4.0400000e+02		4.0500000e+02		4.0450000e+02		5.1300620e+02		3.2397687e+01		6.9529510e+01		5.6114439e+01		5.6114439e+01		4.3643217e-11
4.0500000e+02		4.0600000e+02		4.0550000e+02		5.1256585e+02		3.2189215e+01		6.9080192e+01		5.5753356e+01		5.5753356e+01		3.4910205e-11
4.0600000e+02		4.0700000e+02		4.0650000e+02		4.9035274e+02		3.0714338e+01		6.5914232e+01		5.3198794e+01		5.3198794e+01		2.9490582e-11
4.0700000e+02		4.0800000e+02		4.0750000e+02		4.9838294e+02		3.1395680e+01		6.7374081e+01		5.4378913e+01		5.4378913e+01		3.3347964e-11
4.0800000e+02		4.0900000e+02		4.0850000e+02		5.2990289e+02		3.3658142e+01		7.2225599e+01		5.8297611e+01		5.8297611e+01		4.1845762e-11
4.0900000e+02		4.1000000e+02		4.0950000e+02		5.2713439e+02		3.3425559e+01		7.1725619e+01		5.7894767e+01		5.7894767e+01		3.8361406e-11
4.1000000e+02		4.1100000e+02		4.1050000e+02		4.8293937e+02		3.0698765e+01		6.5872365e+01		5.3171820e+01		5.3171820e+01		3.5751576e-11
4.1100000e+02		4.1200000e+02		4.1150000e+02		5.5986852e+02		3.5671590e+01		7.6540375e+01		6.1785005e+01		6.1785005e+01		4.1897838e-11
4.1200000e+02		4.1300000e+02		4.1250000e+02		5.4940473e+02		3.5066265e+01		7.5238632e+01		6.0736552e+01		6.0736552e+01		4.0660745e-11
4.1300000e+02		4.1400000e+02		4.1350000e+02		5.2995399e+02		3.3790070e+01		7.2502432e+01		5.8526118e+01		5.8526118e+01		3.7476794e-11
4.1400000e+02		4.1500000e+02		4.1450000e+02		5.3771640e+02		3.4526757e+01		7.4074537e+01		5.9802097e+01		5.9802097e+01		4.0739179e-11
4.1500000e+02		4.1600000e+02		4.1550000e+02		5.3722776e+02		3.4265823e+01		7.3508817e+01		5.9350146e+01		5.9350146e+01		3.0814361e-11
4.1600000e+02		4.1700000e+02		4.1650000e+02		5.5745703e+02		3.5944320e+01		7.7106266e+01		6.2257388e+01		6.2257388e+01		4.0560787e-11
4.1700000e+02		4.1800000e+02		4.1750000e+02		5.0725322e+02		3.2945758e+01		7.0670295e+01		5.7063727e+01		5.7063727e+01		4.1870407e-11
4.1800000e+02		4.1900000e+02		4.1850000e+02		5.2601513e+02		3.4189528e+01		7.3336254e+01		5.9218000e+01		5.9218000e+01		4.1723419e-11
4.1900000e+02		4.2000000e+02		4.1950000e+02		5.3123875e+02		3.4401004e+01		7.3790212e+01		5.9584287e+01		5.9584287e+01		3.7272841e-11
4.2000000e+02		4.2100000e+02		4.2050000e+02		5.3797708e+02		3.4963944e+01		7.4997107e+01		6.0559327e+01		6.0559327e+01		4.0892182e-11
4.2100000e+02		4.2200000e+02		4.2150000e+02		5.2958361e+02		3.4319342e+01		7.3618065e+01		5.9442844e+01		5.9442844e+01		3.7795535e-11
4.2200000e+02		4.2300000e+02		4.2250000e+02		5.0190537e+02		3.2737241e+01		7.0220766e+01		5.6702565e+01		5.6702565e+01		3.9809261e-11
4.2300000e+02		4.2400000e+02		4.2350000e+02		5.3474862e+02		3.4852925e+01		7.4759867e+01		6.0367037e+01		6.0367037e+01		4.0583983e-11
4.2400000e+02		4.2500000e+02		4.2450000e+02		5.5328403e+02		3.6093887e+01		7.7423958e+01		6.2516447e+01		6.2516447e+01		4.2501009e-11
4.2500000e+02		4.2600000e+02		4.2550000e+02		5.3248014e+02		3.4773648e+01		7.4591489e+01		6.0229725e+01		6.0229725e+01		4.0347711e-11
4.2600000e+02		4.2700000e+02		4.2650000e+02		5.3029841e+02		3.4657545e+01		7.4337849e+01		6.0028630e+01		6.0028630e+01		3.7456260e-11
4.2700000e+02		4.2800000e+02		4.2750000e+02		4.9171747e+02		3.2200433e+01		6.9065405e+01		5.5772786e+01		5.5772786e+01		3.4386473e-11
4.2800000e+02		4.2900000e+02		4.2850000e+02		4.9494538e+02		3.2756565e+01		7.0248012e+01		5.6736034e+01		5.6736034e+01		3.7563794e-11
4.2900000e+02		4.3000000e+02		4.2950000e+02		4.6063718e+02		3.0541893e+01		6.5494018e+01		5.2900110e+01		5.2900110e+01		3.4073313e-11
4.3000000e+02		4.3100000e+02		4.3050000e+02		3.7055843e+02		2.4512387e+01		5.2561786e+01		4.2456700e+01		4.2456700e+01		2.4305376e-11
4.3100000e+02		4.3200000e+02		4.3150000e+02		4.5818753e+02		3.0545091e+01		6.5495166e+01		5.2905650e+01		5.2905650e+01		3.5457559e-11
4.3200000e+02		4.3300000e+02		4.3250000e+02		5.1625369e+02		3.4572613e+01		7.4134186e+01		5.9881522e+01		5.9881522e+01		4.8916804e-11
4.3300000e+02		4.3400000e+02		4.3350000e+02		5.6047485e+02		3.6890201e+01		7.9111685e+01		6.3895702e+01		6.3895702e+01		3.2807277e-11
4.3400000e+02		4.3500000e+02		4.3450000e+02		4.7595241e+02		3.1982630e+01		6.8591530e+01		5.5395539e+01		5.5395539e+01		5.3416228e-11
4.3500000e+02		4.3600000e+02		4.3550000e+02		5.3162725e+02		3.5070565e+01		7.5214687e+01		6.0744000e+01		6.0744000e+01		3.3567919e-11
4.3600000e+02		4.3700000e+02		4.3650000e+02		5.9481241e+02		3.9367849e+01		8.4422480e+01		6.8187115e+01		6.8187115e+01		3.6140491e-11
4.3700000e+02		4.3800000e+02		4.3750000e+02		5.2629983e+02		3.5407744e+01		7.5924394e+01		6.1328012e+01		6.1328012e+01		4.6321174e-11
4.3800000e+02		4.3900000e+02		4.3850000e+02		5.1257868e+02		3.4329073e+01		7.3606343e+01		5.9459698e+01		5.9459698e+01		3.4795841e-11
4.3900000e+02		4.4000000e+02		4.3950000e+02		5.7051902e+02		3.8474929e+01		8.2495890e+01		6.6640531e+01		6.6640531e+01		4.6152380e-11
4.4000000e+02		4.4100000e+02		4.4050000e+02		5.4089681e+02		3.6364768e+01		7.7973052e+01		6.2985627e+01		6.2985627e+01		3.8703375e-11
4.4100000e+02		4.4200000e+02		4.4150000e+02		5.9491633e+02		3.9993387e+01		8.5748926e+01		6.9270577e+01		6.9270577e+01		4.1179602e-11
4.4200000e+02		4.4300000e+02		4.4250000e+02		6.2544254e+02		4.2091623e+01		9.0246573e+01		7.2904829e+01		7.2904829e+01		4.3701192e-11
4.4300000e+02		4.4400000e+02		4.4350000e+02		6.0497206e+02		4.0717721e+01		8.7300924e+01		7.0525162e+01		7.0525162e+01		4.0844633e-11
4.4400000e+02		4.4500000e+02		4.4450000e+02		6.2324411e+02		4.2033506e+01		9.0122963e+01		7.2804168e+01		7.2804168e+01		4.3568988e-11
4.4500000e+02		4.4600000e+02		4.4550000e+02		5.7783999e+02		3.9060668e+01		8.3757752e+01		6.7655061e+01		6.7655061e+01		4.1881786e-11
4.4600000e+02		4.4700000e+02		4.4650000e+02		5.8940025e+02		3.9918098e+01		8.5598536e+01		6.9140174e+01		6.9140174e+01		4.2596581e-11
4.4700000e+02		4.4800000e+02		4.4750000e+02		6.3881895e+02		4.3375330e+01		9.3013793e+01		7.5128275e+01		7.5128275e+01		4.7852818e-11
4.4800000e+02		4.4900000e+02		4.4850000e+02		6.2805979e+02		4.2762510e+01		9.1700391e+01		7.4066840e+01		7.4066840e+01		4.8809191e-11
4.4900000e+02		4.5000000e+02		4.4950000e+02		6.3454704e+02		4.3069693e+01		9.2357947e+01		7.4598896e+01		7.4598896e+01		4.1558823e-11
4.5000000e+02		4.5100000e+02		4.5050000e+02		6.7325368e+02		4.5631379e+01		9.7850061e+01		7.9035867e+01		7.9035867e+01		4.0320851e-11
4.5100000e+02		4.5200000e+02		4.5150000e+02		6.7122600e+02		4.5721243e+01		9.8053864e+01		7.9191516e+01		7.9191516e+01		4.8658880e-11
4.5200000e+02		4.5300000e+02		4.5250000e+02		6.3541039e+02		4.3311412e+01		9.2874705e+01		7.5017566e+01		7.5017566e+01		4.2518319e-11
4.5300000e+02		4.5400000e+02		4.5350000e+02		6.0888666e+02		4.1699279e+01		8.9416078e+01		7.2225270e+01		7.2225270e+01		4.2692476e-11
4.5400000e+02		4.5500000e+02		4.5450000e+02		6.4999363e+02		4.4427766e+01		9.5263770e+01		7.6951147e+01		7.6951147e+01		4.1522081e-11
4.5500000e+02		4.5600000e+02		4.5550000e+02		6.4380306e+02		4.4273554e+01		9.4929422e+01		7.6684045e+01		7.6684045e+01		4.8525044e-11
4.5600000e+02		4.5700000e+02		4.5650000e+02		6.6853861e+02		4.5804463e+01		9.8206471e+01		7.9335658e+01		7.9335658e+01		4.3674333e-11
4.5700000e+02		4.5800000e+02		4.5750000e+02		6.7499745e+02		4.6559541e+01		9.9816958e+01		8.0643491e+01		8.0643491e+01		5.0460082e-11
4.5800000e+02		4.5900000e+02		4.5850000e+02		6.3439039e+02		4.3727479e+01		9.3746660e+01		7.5738215e+01		7.5738215e+01		4.4786386e-11
4.5900000e+02		4.6000000e+02		4.5950000e+02		6.5539586e+02		4.5160464e+01		9.6819548e+01		7.8220218e+01		7.8220218e+01		4.4277101e-11
4.6000000e+02		4.6100000e+02		4.6050000e+02		6.4752339e+02		4.4729654e+01		9.5894371e+01		7.7474034e+01		7.7474034e+01		4.3825775e-11
4.6100000e+02		4.6200000e+02		4.6150000e+02		6.6245412e+02		4.5790910e+01		9.8162511e+01		7.9312182e+01		7.9312182e+01		4.1847140e-11
4.6200000e+02		4.6300000e+02		4.6250000e+02		6.6901120e+02		4.6578426e+01		9.9851234e+01		8.0676200e+01		8.0676200e+01		5.0628405e-11
4.6300000e+02		4.6400000e+02		4.6350000e+02		6.4662616e+02		4.4834977e+01		9.6124753e+01		7.7656458e+01		7.7656458e+01		4.1887443e-11
4.6400000e+02		4.6500000e+02		4.6450000e+02		6.5795753e+02		4.5892465e+01		9.8397822e+01		7.9488081e+01		7.9488081e+01		4.7778797e-11
4.6500000e+02		4.6600000e+02		4.6550000e+02		6.3552746e+02		4.4353038e+01		9.5056825e+01		7.6821715e+01		7.6821715e+01		4.2713864e-11
4.6600000e+02		4.6700000e+02		4.6650000e+02		6.3955371e+02		4.4946238e+01		9.6318113e+01		7.7849168e+01		7.7849168e+01		4.7990355e-11
4.6700000e+02		4.6800000e+02		4.6750000e+02		6.4572639e+02		4.5362080e+01		9.7208464e+01		7.8569427e+01		7.8569427e+01		4.6525828e-11
4.6800000e+02		4.6900000e+02		4.6850000e+02		6.3145002e+02		4.4484888e+01		9.5332204e+01		7.7050086e+01		7.7050086e+01		4.7545742e-11
4.6900000e+02		4.7000000e+02		4.6950000e+02		6.4956875e+02		4.5653365e+01		9.7833175e+01		7.9073947e+01		7.9073947e+01		4.2507628e-11
4.7000000e+02		4.7100000e+02		4.7050000e+02		6.1381170e+02		4.3304630e+01		9.2795484e+01		7.5005819e+01		7.5005819e+01		4.0798143e-11
4.7100000e+02		4.7200000e+02		4.7150000e+02		6.4174114e+02		4.5390665e+01		9.7266490e+01		7.8618937e+01		7.8618937e+01		4.5156562e-11
4.7200000e+02		4.7300000e+02		4.7250000e+02		6.5742798e+02		4.6711545e+01		1.0009044e+02		8.0906769e+01		8.0906769e+01		4.6964879e-11
4.7300000e+02		4.7400000e+02		4.7350000e+02		6.4563741e+02		4.5905775e+01		9.8362558e+01		7.9511134e+01		7.9511134e+01		4.5452869e-11
4.7400000e+02		4.7500000e+02		4.7450000e+02		6.6512717e+02		4.7376324e+01		1.0154349e+02		8.2058201e+01		8.2058201e+01		4.7271416e-11
4.7500000e+02		4.7600000e+02		4.7550000e+02		6.6365303e+02		4.7295007e+01		1.0135375e+02		8.1917355e+01		8.1917355e+01		4.4311554e-11
4.7600000e+02		4.7700000e+02		4.7650000e+02		6.3952653e+02		4.5736380e+01		9.7995470e+01		7.9217733e+01		7.9217733e+01		4.4457986e-11
4.7700000e+02		4.7800000e+02		4.7750000e+02		6.6772274e+02		4.7836635e+01		1.0249486e+02		8.2855482e+01		8.2855482e+01		4.6210365e-11
4.7800000e+02		4.7900000e+02		4.7850000e+02		6.6128260e+02		4.7640387e+01		1.0207315e+02		8.2515571e+01		8.2515571e+01		5.1052107e-11
4.7900000e+02		4.8000000e+02		4.7950000e+02		6.6320839e+02		4.7782295e+01		1.0237535e+02		8.2761363e+01		8.2761363e+01		4.8303330e-11
4.8000000e+02		4.8100000e+02		4.8050000e+02		6.6489751e+02		4.7888479e+01		1.0260565e+02		8.2945279e+01		8.2945279e+01		4.4226156e-11
4.8100000e+02		4.8200000e+02		4.8150000e+02		6.6630748e+02		4.7854491e+01		1.0256594e+02		8.2886409e+01		8.2886409e+01		3.9895058e-11
4.8200000e+02		4.8300000e+02		4.8250000e+02		6.6376999e+02		4.7850094e+01		1.0255212e+02		8.2878794e+01		8.2878794e+01		4.0927445e-11
4.8300000e+02		4.8400000e+02		4.8350000e+02		6.5373157e+02		4.7431815e+01		1.0165557e+02		8.2154314e+01		8.2154314e+01		4.6613078e-11
4.8400000e+02		4.8500000e+02		4.8450000e+02		6.4242337e+02		4.6331972e+01		9.9298940e+01		8.0249329e+01		8.0249329e+01		3.7318228e-11
4.8500000e+02		4.8600000e+02		4.8550000e+02		6.0369332e+02		4.3615314e+01		9.3488482e+01		7.5543940e+01		7.5543940e+01		3.9843483e-11
4.8600000e+02		4.8700000e+02		4.8650000e+02		5.2412565e+02		3.8010899e+01		8.1472811e+01		6.5836809e+01		6.5836809e+01		3.4499782e-11
4.8700000e+02		4.8800000e+02		4.8750000e+02		5.9966111e+02		4.3823611e+01		9.3873559e+01		7.5904722e+01		7.5904722e+01		3.7638682e-11
4.8800000e+02		4.8900000e+02		4.8850000e+02		6.3081686e+02		4.6133056e+01		9.8821633e+01		7.9904797e+01		7.9904797e+01		4.0657945e-11
4.8900000e+02		4.9000000e+02		4.8950000e+02		6.1880396e+02		4.5505388e+01		9.7474932e+01		7.8817644e+01		7.8817644e+01		4.3403984e-11
4.9000000e+02		4.9100000e+02		4.9050000e+02		6.5907671e+02		4.8427211e+01		1.0373341e+02		8.3878390e+01		8.3878390e+01		4.3188436e-11
4.9100000e+02		4.9200000e+02		4.9150000e+02		6.2110374e+02		4.6311767e+01		9.9179344e+01		8.0214334e+01		8.0214334e+01		4.4801068e-11
4.9200000e+02		4.9300000e+02		4.9250000e+02		5.9112858e+02		4.3939103e+01		9.4098562e+01		7.6104759e+01		7.6104759e+01		3.7436689e-11
4.9300000e+02		4.9400000e+02		4.9350000e+02		6.2472140e+02		4.6238702e+01		9.9036107e+01		8.0087781e+01		8.0087781e+01		4.0318625e-11
4.9400000e+02		4.9500000e+02		4.9450000e+02		6.4279699e+02		4.7737472e+01		1.0224378e+02		8.2683727e+01		8.2683727e+01		4.2476604e-11
4.9500000e+02		4.9600000e+02		4.9550000e+02		6.3133158e+02		4.6906677e+01		1.0046086e+02		8.1244748e+01		8.1244748e+01		3.8944174e-11
4.9600000e+02		4.9700000e+02		4.9650000e+02		6.3921352e+02		4.7680489e+01		1.0211626e+02		8.2585030e+01		8.2585030e+01		4.1930685e-11
4.9700000e+02		4.9800000e+02		4.9750000e+02		6.5113923e+02		4.8486267e+01		1.0384830e+02		8.3980679e+01		8.3980679e+01		4.3294583e-11
4.9800000e+02		4.9900000e+02		4.9850000e+02		5.9175801e+02		4.3900801e+01		9.4031790e+01		7.6038418e+01		7.6038418e+01		3.6247584e-11
4.9900000e+02		5.0000000e+02		4.9950000e+02		6.3385792e+02		4.7126037e+01		1.0093857e+02		8.1624690e+01		8.1624690e+01		3.7693215e-11
