Left Bin Edge (nm)	Right Bin Edge (nm)	Bin Center (nm)		Top of Atm Intensity (erg/s/nm/cm2)		Total Surface Flux (erg/s/nm/cm2)		Total Intensity at BOA (erg/s/nm/cm2)		Total Surface Intensity (erg/s/nm/cm2)		Total Surface Diffuse Intensity (erg/s/nm/cm2)		Total Surface Direct Intensity (erg/s/nm/cm2)
1.0000000e+02		1.0100000e+02		1.0050000e+02		1.9189487e-02		0.0000000e+00		0.0000000e+00		0.0000000e+00		0.0000000e+00		0.0000000e+00
1.0100000e+02		1.0200000e+02		1.0150000e+02		7.4861701e-02		0.0000000e+00		0.0000000e+00		0.0000000e+00		0.0000000e+00		0.0000000e+00
1.0200000e+02		1.0300000e+02		1.0250000e+02		3.9734366e-01		0.0000000e+00		0.0000000e+00		0.0000000e+00		0.0000000e+00		0.0000000e+00
1.0300000e+02		1.0400000e+02		1.0350000e+02		3.0179545e-01		0.0000000e+00		0.0000000e+00		0.0000000e+00		0.0000000e+00		0.0000000e+00
1.0400000e+02		1.0500000e+02		1.0450000e+02		6.0815352e-02		0.0000000e+00		0.0000000e+00		0.0000000e+00		0.0000000e+00		0.0000000e+00
1.0500000e+02		1.0600000e+02		1.0550000e+02		2.0834600e-02		0.0000000e+00		0.0000000e+00		0.0000000e+00		0.0000000e+00		0.0000000e+00
1.0600000e+02		1.0700000e+02		1.0650000e+02		1.9584792e-02		0.0000000e+00		0.0000000e+00		0.0000000e+00		0.0000000e+00		0.0000000e+00
1.0700000e+02		1.0800000e+02		1.0750000e+02		2.1853879e-02		0.0000000e+00		0.0000000e+00		0.0000000e+00		0.0000000e+00		0.0000000e+00
1.0800000e+02		1.0900000e+02		1.0850000e+02		3.0634999e-02		0.0000000e+00		0.0000000e+00		0.0000000e+00		0.0000000e+00		0.0000000e+00
1.0900000e+02		1.1000000e+02		1.0950000e+02		2.4032561e-02		0.0000000e+00		0.0000000e+00		0.0000000e+00		0.0000000e+00		0.0000000e+00
1.1000000e+02		1.1100000e+02		1.1050000e+02		2.3268893e-02		0.0000000e+00		0.0000000e+00		0.0000000e+00		0.0000000e+00		0.0000000e+00
1.1100000e+02		1.1200000e+02		1.1150000e+02		2.1871272e-02		0.0000000e+00		0.0000000e+00		0.0000000e+00		0.0000000e+00		0.0000000e+00
1.1200000e+02		1.1300000e+02		1.1250000e+02		2.2375602e-02		0.0000000e+00		0.0000000e+00		0.0000000e+00		0.0000000e+00		0.0000000e+00
1.1300000e+02		1.1400000e+02		1.1350000e+02		1.7748133e-02		0.0000000e+00		0.0000000e+00		0.0000000e+00		0.0000000e+00		0.0000000e+00
1.1400000e+02		1.1500000e+02		1.1450000e+02		1.3589480e-02		0.0000000e+00		0.0000000e+00		0.0000000e+00		0.0000000e+00		0.0000000e+00
1.1500000e+02		1.1600000e+02		1.1550000e+02		1.8751615e-02		0.0000000e+00		0.0000000e+00		0.0000000e+00		0.0000000e+00		0.0000000e+00
1.1600000e+02		1.1700000e+02		1.1650000e+02		4.3674487e-02		0.0000000e+00		0.0000000e+00		0.0000000e+00		0.0000000e+00		0.0000000e+00
1.1700000e+02		1.1800000e+02		1.1750000e+02		1.5546757e-01		0.0000000e+00		0.0000000e+00		0.0000000e+00		0.0000000e+00		0.0000000e+00
1.1800000e+02		1.1900000e+02		1.1850000e+02		5.2889236e-02		0.0000000e+00		0.0000000e+00		0.0000000e+00		0.0000000e+00		0.0000000e+00
1.1900000e+02		1.2000000e+02		1.1950000e+02		7.3692884e-02		0.0000000e+00		0.0000000e+00		0.0000000e+00		0.0000000e+00		0.0000000e+00
1.2000000e+02		1.2100000e+02		1.2050000e+02		4.0066072e-01		0.0000000e+00		0.0000000e+00		0.0000000e+00		0.0000000e+00		0.0000000e+00
1.2100000e+02		1.2200000e+02		1.2150000e+02		1.5905289e+01		0.0000000e+00		0.0000000e+00		0.0000000e+00		0.0000000e+00		0.0000000e+00
1.2200000e+02		1.2300000e+02		1.2250000e+02		1.0666543e-01		0.0000000e+00		0.0000000e+00		0.0000000e+00		0.0000000e+00		0.0000000e+00
1.2300000e+02		1.2400000e+02		1.2350000e+02		5.7456553e-02		0.0000000e+00		0.0000000e+00		0.0000000e+00		0.0000000e+00		0.0000000e+00
1.2400000e+02		1.2500000e+02		1.2450000e+02		4.6184197e-02		0.0000000e+00		0.0000000e+00		0.0000000e+00		0.0000000e+00		0.0000000e+00
1.2500000e+02		1.2600000e+02		1.2550000e+02		4.5085118e-02		0.0000000e+00		0.0000000e+00		0.0000000e+00		0.0000000e+00		0.0000000e+00
1.2600000e+02		1.2700000e+02		1.2650000e+02		6.3054464e-02		0.0000000e+00		0.0000000e+00		0.0000000e+00		0.0000000e+00		0.0000000e+00
1.2700000e+02		1.2800000e+02		1.2750000e+02		3.3006429e-02		0.0000000e+00		0.0000000e+00		0.0000000e+00		0.0000000e+00		0.0000000e+00
1.2800000e+02		1.2900000e+02		1.2850000e+02		2.6335196e-02		0.0000000e+00		0.0000000e+00		0.0000000e+00		0.0000000e+00		0.0000000e+00
1.2900000e+02		1.3000000e+02		1.2950000e+02		3.5131240e-02		0.0000000e+00		0.0000000e+00		0.0000000e+00		0.0000000e+00		0.0000000e+00
1.3000000e+02		1.3100000e+02		1.3050000e+02		2.8850634e-01		0.0000000e+00		0.0000000e+00		0.0000000e+00		0.0000000e+00		0.0000000e+00
1.3100000e+02		1.3200000e+02		1.3150000e+02		3.9064855e-02		0.0000000e+00		0.0000000e+00		0.0000000e+00		0.0000000e+00		0.0000000e+00
1.3200000e+02		1.3300000e+02		1.3250000e+02		3.0374778e-02		0.0000000e+00		0.0000000e+00		0.0000000e+00		0.0000000e+00		0.0000000e+00
1.3300000e+02		1.3400000e+02		1.3350000e+02		4.1056606e-01		0.0000000e+00		0.0000000e+00		0.0000000e+00		0.0000000e+00		0.0000000e+00
1.3400000e+02		1.3500000e+02		1.3450000e+02		2.8092500e-02		0.0000000e+00		0.0000000e+00		0.0000000e+00		0.0000000e+00		0.0000000e+00
1.3500000e+02		1.3600000e+02		1.3550000e+02		5.8954708e-02		0.0000000e+00		0.0000000e+00		0.0000000e+00		0.0000000e+00		0.0000000e+00
1.3600000e+02		1.3700000e+02		1.3650000e+02		3.8690656e-02		0.0000000e+00		0.0000000e+00		0.0000000e+00		0.0000000e+00		0.0000000e+00
1.3700000e+02		1.3800000e+02		1.3750000e+02		3.9732879e-02		0.0000000e+00		0.0000000e+00		0.0000000e+00		0.0000000e+00		0.0000000e+00
1.3800000e+02		1.3900000e+02		1.3850000e+02		4.0549866e-02		0.0000000e+00		0.0000000e+00		0.0000000e+00		0.0000000e+00		0.0000000e+00
1.3900000e+02		1.4000000e+02		1.3950000e+02		1.3692187e-01		0.0000000e+00		0.0000000e+00		0.0000000e+00		0.0000000e+00		0.0000000e+00
1.4000000e+02		1.4100000e+02		1.4050000e+02		1.1939088e-01		0.0000000e+00		0.0000000e+00		0.0000000e+00		0.0000000e+00		0.0000000e+00
1.4100000e+02		1.4200000e+02		1.4150000e+02		5.7521948e-02		0.0000000e+00		0.0000000e+00		0.0000000e+00		0.0000000e+00		0.0000000e+00
1.4200000e+02		1.4300000e+02		1.4250000e+02		6.2343151e-02		0.0000000e+00		0.0000000e+00		0.0000000e+00		0.0000000e+00		0.0000000e+00
1.4300000e+02		1.4400000e+02		1.4350000e+02		6.9165895e-02		0.0000000e+00		0.0000000e+00		0.0000000e+00		0.0000000e+00		0.0000000e+00
1.4400000e+02		1.4500000e+02		1.4450000e+02		6.6149126e-02		0.0000000e+00		0.0000000e+00		0.0000000e+00		0.0000000e+00		0.0000000e+00
1.4500000e+02		1.4600000e+02		1.4550000e+02		7.0536262e-02		0.0000000e+00		0.0000000e+00		0.0000000e+00		0.0000000e+00		0.0000000e+00
1.4600000e+02		1.4700000e+02		1.4650000e+02		8.6012655e-02		0.0000000e+00		0.0000000e+00		0.0000000e+00		0.0000000e+00		0.0000000e+00
1.4700000e+02		1.4800000e+02		1.4750000e+02		1.0610345e-01		0.0000000e+00		0.0000000e+00		0.0000000e+00		0.0000000e+00		0.0000000e+00
1.4800000e+02		1.4900000e+02		1.4850000e+02		1.0405386e-01		0.0000000e+00		0.0000000e+00		0.0000000e+00		0.0000000e+00		0.0000000e+00
1.4900000e+02		1.5000000e+02		1.4950000e+02		9.4002421e-02		0.0000000e+00		0.0000000e+00		0.0000000e+00		0.0000000e+00		0.0000000e+00
1.5000000e+02		1.5100000e+02		1.5050000e+02		1.0343288e-01		0.0000000e+00		0.0000000e+00		0.0000000e+00		0.0000000e+00		0.0000000e+00
1.5100000e+02		1.5200000e+02		1.5150000e+02		1.0875212e-01		0.0000000e+00		0.0000000e+00		0.0000000e+00		0.0000000e+00		0.0000000e+00
1.5200000e+02		1.5300000e+02		1.5250000e+02		1.3876638e-01		0.0000000e+00		0.0000000e+00		0.0000000e+00		0.0000000e+00		0.0000000e+00
1.5300000e+02		1.5400000e+02		1.5350000e+02		1.5371418e-01		0.0000000e+00		0.0000000e+00		0.0000000e+00		0.0000000e+00		0.0000000e+00
1.5400000e+02		1.5500000e+02		1.5450000e+02		4.1112511e-01		0.0000000e+00		0.0000000e+00		0.0000000e+00		0.0000000e+00		0.0000000e+00
1.5500000e+02		1.5600000e+02		1.5550000e+02		3.3836363e-01		0.0000000e+00		0.0000000e+00		0.0000000e+00		0.0000000e+00		0.0000000e+00
1.5600000e+02		1.5700000e+02		1.5650000e+02		2.0084632e-01		0.0000000e+00		0.0000000e+00		0.0000000e+00		0.0000000e+00		0.0000000e+00
1.5700000e+02		1.5800000e+02		1.5750000e+02		1.8216796e-01		0.0000000e+00		0.0000000e+00		0.0000000e+00		0.0000000e+00		0.0000000e+00
1.5800000e+02		1.5900000e+02		1.5850000e+02		1.6795176e-01		0.0000000e+00		0.0000000e+00		0.0000000e+00		0.0000000e+00		0.0000000e+00
1.5900000e+02		1.6000000e+02		1.5950000e+02		1.6379377e-01		0.0000000e+00		0.0000000e+00		0.0000000e+00		0.0000000e+00		0.0000000e+00
1.6000000e+02		1.6100000e+02		1.6050000e+02		1.7926410e-01		0.0000000e+00		0.0000000e+00		0.0000000e+00		0.0000000e+00		0.0000000e+00
1.6100000e+02		1.6200000e+02		1.6150000e+02		2.0306941e-01		0.0000000e+00		0.0000000e+00		0.0000000e+00		0.0000000e+00		0.0000000e+00
1.6200000e+02		1.6300000e+02		1.6250000e+02		2.2492895e-01		0.0000000e+00		0.0000000e+00		0.0000000e+00		0.0000000e+00		0.0000000e+00
1.6300000e+02		1.6400000e+02		1.6350000e+02		4.7671727e-01		0.0000000e+00		0.0000000e+00		0.0000000e+00		0.0000000e+00		0.0000000e+00
1.6400000e+02		1.6500000e+02		1.6450000e+02		4.8753270e-01		0.0000000e+00		0.0000000e+00		0.0000000e+00		0.0000000e+00		0.0000000e+00
1.6500000e+02		1.6600000e+02		1.6550000e+02		5.7072689e-01		0.0000000e+00		0.0000000e+00		0.0000000e+00		0.0000000e+00		0.0000000e+00
1.6600000e+02		1.6700000e+02		1.6650000e+02		2.6919628e-01		0.0000000e+00		0.0000000e+00		0.0000000e+00		0.0000000e+00		0.0000000e+00
1.6700000e+02		1.6800000e+02		1.6750000e+02		2.8728373e-01		0.0000000e+00		0.0000000e+00		0.0000000e+00		0.0000000e+00		0.0000000e+00
1.6800000e+02		1.6900000e+02		1.6850000e+02		3.0958866e-01		0.0000000e+00		0.0000000e+00		0.0000000e+00		0.0000000e+00		0.0000000e+00
1.6900000e+02		1.7000000e+02		1.6950000e+02		3.8988989e-01		0.0000000e+00		0.0000000e+00		0.0000000e+00		0.0000000e+00		0.0000000e+00
1.7000000e+02		1.7100000e+02		1.7050000e+02		4.3752516e-01		0.0000000e+00		0.0000000e+00		0.0000000e+00		0.0000000e+00		0.0000000e+00
1.7100000e+02		1.7200000e+02		1.7150000e+02		4.3618394e-01		0.0000000e+00		0.0000000e+00		0.0000000e+00		0.0000000e+00		0.0000000e+00
1.7200000e+02		1.7300000e+02		1.7250000e+02		4.5514763e-01		0.0000000e+00		0.0000000e+00		0.0000000e+00		0.0000000e+00		0.0000000e+00
1.7300000e+02		1.7400000e+02		1.7350000e+02		4.5120572e-01		0.0000000e+00		0.0000000e+00		0.0000000e+00		0.0000000e+00		0.0000000e+00
1.7400000e+02		1.7500000e+02		1.7450000e+02		5.3951828e-01		0.0000000e+00		0.0000000e+00		0.0000000e+00		0.0000000e+00		0.0000000e+00
1.7500000e+02		1.7600000e+02		1.7550000e+02		6.4389120e-01		0.0000000e+00		0.0000000e+00		0.0000000e+00		0.0000000e+00		0.0000000e+00
1.7600000e+02		1.7700000e+02		1.7650000e+02		6.9472845e-01		0.0000000e+00		0.0000000e+00		0.0000000e+00		0.0000000e+00		0.0000000e+00
1.7700000e+02		1.7800000e+02		1.7750000e+02		8.1849614e-01		0.0000000e+00		0.0000000e+00		0.0000000e+00		0.0000000e+00		0.0000000e+00
1.7800000e+02		1.7900000e+02		1.7850000e+02		8.9455089e-01		0.0000000e+00		0.0000000e+00		0.0000000e+00		0.0000000e+00		0.0000000e+00
1.7900000e+02		1.8000000e+02		1.7950000e+02		8.6966614e-01		0.0000000e+00		0.0000000e+00		0.0000000e+00		0.0000000e+00		0.0000000e+00
1.8000000e+02		1.8100000e+02		1.8050000e+02		1.0753674e+00		0.0000000e+00		0.0000000e+00		0.0000000e+00		0.0000000e+00		0.0000000e+00
1.8100000e+02		1.8200000e+02		1.8150000e+02		1.3093431e+00		0.0000000e+00		0.0000000e+00		0.0000000e+00		0.0000000e+00		0.0000000e+00
1.8200000e+02		1.8300000e+02		1.8250000e+02		1.2087370e+00		0.0000000e+00		0.0000000e+00		0.0000000e+00		0.0000000e+00		0.0000000e+00
1.8300000e+02		1.8400000e+02		1.8350000e+02		1.2728289e+00		0.0000000e+00		0.0000000e+00		0.0000000e+00		0.0000000e+00		0.0000000e+00
1.8400000e+02		1.8500000e+02		1.8450000e+02		1.0940339e+00		0.0000000e+00		0.0000000e+00		0.0000000e+00		0.0000000e+00		0.0000000e+00
1.8500000e+02		1.8600000e+02		1.8550000e+02		1.2372281e+00		0.0000000e+00		0.0000000e+00		0.0000000e+00		0.0000000e+00		0.0000000e+00
1.8600000e+02		1.8700000e+02		1.8650000e+02		1.4037992e+00		0.0000000e+00		0.0000000e+00		0.0000000e+00		0.0000000e+00		0.0000000e+00
1.8700000e+02		1.8800000e+02		1.8750000e+02		1.5907538e+00		0.0000000e+00		0.0000000e+00		0.0000000e+00		0.0000000e+00		0.0000000e+00
1.8800000e+02		1.8900000e+02		1.8850000e+02		1.6735993e+00		0.0000000e+00		0.0000000e+00		0.0000000e+00		0.0000000e+00		0.0000000e+00
1.8900000e+02		1.9000000e+02		1.8950000e+02		1.8559600e+00		0.0000000e+00		0.0000000e+00		0.0000000e+00		0.0000000e+00		0.0000000e+00
1.9000000e+02		1.9100000e+02		1.9050000e+02		1.9109940e+00		0.0000000e+00		0.0000000e+00		0.0000000e+00		0.0000000e+00		0.0000000e+00
1.9100000e+02		1.9200000e+02		1.9150000e+02		2.0707336e+00		0.0000000e+00		0.0000000e+00		0.0000000e+00		0.0000000e+00		0.0000000e+00
1.9200000e+02		1.9300000e+02		1.9250000e+02		2.1685186e+00		0.0000000e+00		0.0000000e+00		0.0000000e+00		0.0000000e+00		0.0000000e+00
1.9300000e+02		1.9400000e+02		1.9350000e+02		1.6554009e+00		0.0000000e+00		0.0000000e+00		0.0000000e+00		0.0000000e+00		0.0000000e+00
1.9400000e+02		1.9500000e+02		1.9450000e+02		2.6556632e+00		0.0000000e+00		0.0000000e+00		0.0000000e+00		0.0000000e+00		0.0000000e+00
1.9500000e+02		1.9600000e+02		1.9550000e+02		2.5630279e+00		0.0000000e+00		0.0000000e+00		0.0000000e+00		0.0000000e+00		0.0000000e+00
1.9600000e+02		1.9700000e+02		1.9650000e+02		2.8204934e+00		0.0000000e+00		0.0000000e+00		0.0000000e+00		0.0000000e+00		0.0000000e+00
1.9700000e+02		1.9800000e+02		1.9750000e+02		2.8068384e+00		0.0000000e+00		0.0000000e+00		0.0000000e+00		0.0000000e+00		0.0000000e+00
1.9800000e+02		1.9900000e+02		1.9850000e+02		2.7505577e+00		0.0000000e+00		0.0000000e+00		0.0000000e+00		0.0000000e+00		0.0000000e+00
1.9900000e+02		2.0000000e+02		1.9950000e+02		2.8965557e+00		1.1201189e-10		2.5850960e-10		1.9401028e-10		1.9401028e-10		0.0000000e+00
2.0000000e+02		2.0100000e+02		2.0050000e+02		3.0623388e+00		1.6295647e-09		3.6527638e-09		2.8224889e-09		2.8224889e-09		0.0000000e+00
2.0100000e+02		2.0200000e+02		2.0150000e+02		3.2593670e+00		6.1977543e-08		1.3478852e-07		1.0734825e-07		1.0734825e-07		0.0000000e+00
2.0200000e+02		2.0300000e+02		2.0250000e+02		3.2217937e+00		1.2510189e-07		2.7121095e-07		2.1668283e-07		2.1668283e-07		0.0000000e+00
2.0300000e+02		2.0400000e+02		2.0350000e+02		3.4484145e+00		2.8238998e-07		6.0953642e-07		4.8911379e-07		4.8911379e-07		0.0000000e+00
2.0400000e+02		2.0500000e+02		2.0450000e+02		3.7117169e+00		6.5946756e-07		1.4208610e-06		1.1422313e-06		1.1422313e-06		0.0000000e+00
2.0500000e+02		2.0600000e+02		2.0550000e+02		3.7200399e+00		8.1510261e-07		1.7553028e-06		1.4117991e-06		1.4117991e-06		0.0000000e+00
2.0600000e+02		2.0700000e+02		2.0650000e+02		3.7247532e+00		1.2526588e-06		2.6962486e-06		2.1696686e-06		2.1696686e-06		0.0000000e+00
2.0700000e+02		2.0800000e+02		2.0750000e+02		4.0454145e+00		2.0285898e-06		4.3642980e-06		3.5136206e-06		3.5136206e-06		0.0000000e+00
2.0800000e+02		2.0900000e+02		2.0850000e+02		4.3759554e+00		8.8033044e-07		1.8930599e-06		1.5247770e-06		1.5247770e-06		0.0000000e+00
2.0900000e+02		2.1000000e+02		2.0950000e+02		5.6528678e+00		4.4767722e-06		9.6224875e-06		7.7539969e-06		7.7539969e-06		0.0000000e+00
2.1000000e+02		2.1100000e+02		2.1050000e+02		6.9678423e+00		8.0831456e-06		1.7366472e-05		1.4000419e-05		1.4000419e-05		0.0000000e+00
2.1100000e+02		2.1200000e+02		2.1150000e+02		7.9326445e+00		1.1545167e-05		2.4793921e-05		1.9996815e-05		1.9996815e-05		0.0000000e+00
2.1200000e+02		2.1300000e+02		2.1250000e+02		7.0734222e+00		1.4641955e-05		3.1431323e-05		2.5360611e-05		2.5360611e-05		0.0000000e+00
2.1300000e+02		2.1400000e+02		2.1350000e+02		7.2066449e+00		2.1419543e-05		4.5961800e-05		3.7099736e-05		3.7099736e-05		0.0000000e+00
2.1400000e+02		2.1500000e+02		2.1450000e+02		9.2279181e+00		3.9792115e-05		8.5351588e-05		6.8921964e-05		6.8921964e-05		0.0000000e+00
2.1500000e+02		2.1600000e+02		2.1550000e+02		7.9257408e+00		3.1749368e-05		6.8074082e-05		5.4991518e-05		5.4991518e-05		0.0000000e+00
2.1600000e+02		2.1700000e+02		2.1650000e+02		7.3353469e+00		4.3836137e-05		9.3954019e-05		7.5926417e-05		7.5926417e-05		0.0000000e+00
2.1700000e+02		2.1800000e+02		2.1750000e+02		7.5953881e+00		7.2114862e-05		1.5450707e-04		1.2490660e-04		1.2490660e-04		0.0000000e+00
2.1800000e+02		2.1900000e+02		2.1850000e+02		1.0217230e+01		1.2635028e-04		2.7061025e-04		2.1884510e-04		2.1884510e-04		0.0000000e+00
2.1900000e+02		2.2000000e+02		2.1950000e+02		1.0786519e+01		1.6099385e-04		3.4468762e-04		2.7884953e-04		2.7884953e-04		0.0000000e+00
2.2000000e+02		2.2100000e+02		2.2050000e+02		1.0851638e+01		1.6786924e-04		3.5928545e-04		2.9075806e-04		2.9075806e-04		0.0000000e+00
2.2100000e+02		2.2200000e+02		2.2150000e+02		8.6872371e+00		1.5400713e-04		3.2950734e-04		2.6674818e-04		2.6674818e-04		0.0000000e+00
2.2200000e+02		2.2300000e+02		2.2250000e+02		1.1691346e+01		2.5054027e-04		5.3587202e-04		4.3394847e-04		4.3394847e-04		0.0000000e+00
2.2300000e+02		2.2400000e+02		2.2350000e+02		1.5139682e+01		4.2800610e-04		9.1515834e-04		7.4132832e-04		7.4132832e-04		0.0000000e+00
2.2400000e+02		2.2500000e+02		2.2450000e+02		1.4154944e+01		4.8088972e-04		1.0279165e-03		8.3292544e-04		8.3292544e-04		0.0000000e+00
2.2500000e+02		2.2600000e+02		2.2550000e+02		1.2365614e+01		5.6986681e-04		1.2177412e-03		9.8703827e-04		9.8703827e-04		0.0000000e+00
2.2600000e+02		2.2700000e+02		2.2650000e+02		9.0577089e+00		4.5177573e-04		9.6511040e-04		7.8249851e-04		7.8249851e-04		0.0000000e+00
2.2700000e+02		2.2800000e+02		2.2750000e+02		8.8108381e+00		5.2963069e-04		1.1311046e-03		9.1734727e-04		9.1734727e-04		0.0000000e+00
2.2800000e+02		2.2900000e+02		2.2850000e+02		1.2275156e+01		8.8553797e-04		1.8906680e-03		1.5337968e-03		1.5337968e-03		0.0000000e+00
2.2900000e+02		2.3000000e+02		2.2950000e+02		1.1031259e+01		9.5984543e-04		2.0487585e-03		1.6625011e-03		1.6625011e-03		0.0000000e+00
2.3000000e+02		2.3100000e+02		2.3050000e+02		1.2510180e+01		1.2536330e-03		2.6751248e-03		2.1713561e-03		2.1713561e-03		0.0000000e+00
2.3100000e+02		2.3200000e+02		2.3150000e+02		1.1791833e+01		1.3522853e-03		2.8848871e-03		2.3422268e-03		2.3422268e-03		0.0000000e+00
2.3200000e+02		2.3300000e+02		2.3250000e+02		1.2664003e+01		1.6497181e-03		3.5185181e-03		2.8573956e-03		2.8573956e-03		0.0000000e+00
2.3300000e+02		2.3400000e+02		2.3350000e+02		1.1428554e+01		1.6823774e-03		3.5872825e-03		2.9139631e-03		2.9139631e-03		0.0000000e+00
2.3400000e+02		2.3500000e+02		2.3450000e+02		9.9864853e+00		1.6371097e-03		3.4899127e-03		2.8355572e-03		2.8355572e-03		0.0000000e+00
2.3500000e+02		2.3600000e+02		2.3550000e+02		1.3443360e+01		2.0347792e-03		4.3366174e-03		3.5243409e-03		3.5243409e-03		0.0000000e+00
2.3600000e+02		2.3700000e+02		2.3650000e+02		1.2448020e+01		2.4443285e-03		5.2082617e-03		4.2337011e-03		4.2337011e-03		0.0000000e+00
2.3700000e+02		2.3800000e+02		2.3750000e+02		1.3294723e+01		2.5177446e-03		5.3634795e-03		4.3608616e-03		4.3608616e-03		0.0000000e+00
2.3800000e+02		2.3900000e+02		2.3850000e+02		1.1021422e+01		2.5465304e-03		5.4236013e-03		4.4107200e-03		4.4107200e-03		0.0000000e+00
2.3900000e+02		2.4000000e+02		2.3950000e+02		1.2008577e+01		2.9653705e-03		6.3142822e-03		5.1361724e-03		5.1361724e-03		0.0000000e+00
2.4000000e+02		2.4100000e+02		2.4050000e+02		1.1032163e+01		2.9123571e-03		6.2000885e-03		5.0443504e-03		5.0443504e-03		0.0000000e+00
2.4100000e+02		2.4200000e+02		2.4150000e+02		1.2918879e+01		3.3475858e-03		7.1251710e-03		5.7981887e-03		5.7981887e-03		0.0000000e+00
2.4200000e+02		2.4300000e+02		2.4250000e+02		1.7782729e+01		4.5417086e-03		9.6648507e-03		7.8664700e-03		7.8664700e-03		0.0000000e+00
2.4300000e+02		2.4400000e+02		2.4350000e+02		1.6701989e+01		4.6052390e-03		9.7981104e-03		7.9765080e-03		7.9765080e-03		0.0000000e+00
2.4400000e+02		2.4500000e+02		2.4450000e+02		1.5641720e+01		4.6249315e-03		9.8381089e-03		8.0106164e-03		8.0106164e-03		0.0000000e+00
2.4500000e+02		2.4600000e+02		2.4550000e+02		1.2691134e+01		4.0016419e-03		8.5106466e-03		6.9310472e-03		6.9310472e-03		0.0000000e+00
2.4600000e+02		2.4700000e+02		2.4650000e+02		1.2350906e+01		4.0283729e-03		8.5659161e-03		6.9773466e-03		6.9773466e-03		0.0000000e+00
2.4700000e+02		2.4800000e+02		2.4750000e+02		1.3639226e+01		4.4875630e-03		9.5406130e-03		7.7726872e-03		7.7726872e-03		0.0000000e+00
2.4800000e+02		2.4900000e+02		2.4850000e+02		1.0938846e+01		3.2234215e-03		6.8518222e-03		5.5831298e-03		5.5831298e-03		0.0000000e+00
2.4900000e+02		2.5000000e+02		2.4950000e+02		1.3333262e+01		2.6236845e-03		5.5760356e-03		4.5443548e-03		4.5443548e-03		0.0000000e+00
2.5000000e+02		2.5100000e+02		2.5050000e+02		1.4401571e+01		4.3969126e-03		9.3430426e-03		7.6156761e-03		7.6156761e-03		0.0000000e+00
2.5100000e+02		2.5200000e+02		2.5150000e+02		1.2007424e+01		4.1251135e-03		8.7640436e-03		7.1449061e-03		7.1449061e-03		0.0000000e+00
2.5200000e+02		2.5300000e+02		2.5250000e+02		1.0794009e+01		3.7464700e-03		7.9583047e-03		6.4890763e-03		6.4890763e-03		0.0000000e+00
2.5300000e+02		2.5400000e+02		2.5350000e+02		1.3602371e+01		4.6748425e-03		9.9287932e-03		8.0970648e-03		8.0970648e-03		0.0000000e+00
2.5400000e+02		2.5500000e+02		2.5450000e+02		1.5384114e+01		5.4148558e-03		1.1498707e-02		9.3788054e-03		9.3788054e-03		0.0000000e+00
2.5500000e+02		2.5600000e+02		2.5550000e+02		2.0992062e+01		7.3536043e-03		1.5613362e-02		1.2736816e-02		1.2736816e-02		0.0000000e+00
2.5600000e+02		2.5700000e+02		2.5650000e+02		2.7040612e+01		9.3851111e-03		1.9923748e-02		1.6255489e-02		1.6255489e-02		0.0000000e+00
2.5700000e+02		2.5800000e+02		2.5750000e+02		3.3946512e+01		1.2234472e-02		2.5968906e-02		2.1190728e-02		2.1190728e-02		0.0000000e+00
2.5800000e+02		2.5900000e+02		2.5850000e+02		3.5732434e+01		1.2791194e-02		2.7146735e-02		2.2154997e-02		2.2154997e-02		0.0000000e+00
2.5900000e+02		2.6000000e+02		2.5950000e+02		3.0409976e+01		1.0537333e-02		2.2360249e-02		1.8251196e-02		1.8251196e-02		0.0000000e+00
2.6000000e+02		2.6100000e+02		2.6050000e+02		2.4915606e+01		8.5070985e-03		1.8049619e-02		1.4734727e-02		1.4734727e-02		0.0000000e+00
2.6100000e+02		2.6200000e+02		2.6150000e+02		2.5442742e+01		9.2964756e-03		1.9721811e-02		1.6101968e-02		1.6101968e-02		0.0000000e+00
2.6200000e+02		2.6300000e+02		2.6250000e+02		3.0366547e+01		1.0836082e-02		2.2984963e-02		1.8768645e-02		1.8768645e-02		0.0000000e+00
2.6300000e+02		2.6400000e+02		2.6350000e+02		4.5700096e+01		1.6313739e-02		3.4599456e-02		2.8256225e-02		2.8256225e-02		0.0000000e+00
2.6400000e+02		2.6500000e+02		2.6450000e+02		7.1249372e+01		2.4548193e-02		5.2057181e-02		4.2518718e-02		4.2518718e-02		0.0000000e+00
2.6500000e+02		2.6600000e+02		2.6550000e+02		7.4731454e+01		2.7210180e-02		5.7695111e-02		4.7129415e-02		4.7129415e-02		0.0000000e+00
2.6600000e+02		2.6700000e+02		2.6650000e+02		7.2446611e+01		2.6500810e-02		5.6184211e-02		4.5900749e-02		4.5900749e-02		0.0000000e+00
2.6700000e+02		2.6800000e+02		2.6750000e+02		7.2937204e+01		2.6514597e-02		5.6206789e-02		4.5924629e-02		4.5924629e-02		0.0000000e+00
2.6800000e+02		2.6900000e+02		2.6850000e+02		7.2239021e+01		2.5666414e-02		5.4402465e-02		4.4455534e-02		4.4455534e-02		0.0000000e+00
2.6900000e+02		2.7000000e+02		2.6950000e+02		6.7758000e+01		2.0902967e-02		4.4300838e-02		3.6205000e-02		3.6205000e-02		0.0000000e+00
2.7000000e+02		2.7100000e+02		2.7050000e+02		7.8281462e+01		2.7915803e-02		5.9156948e-02		4.8351589e-02		4.8351589e-02		0.0000000e+00
2.7100000e+02		2.7200000e+02		2.7150000e+02		6.5051220e+01		2.2774085e-02		4.8255758e-02		3.9445872e-02		3.9445872e-02		0.0000000e+00
2.7200000e+02		2.7300000e+02		2.7250000e+02		5.2331568e+01		1.9136146e-02		4.0543029e-02		3.3144777e-02		3.3144777e-02		0.0000000e+00
2.7300000e+02		2.7400000e+02		2.7350000e+02		5.5800645e+01		1.0537000e-02		2.2322001e-02		1.8250620e-02		1.8250620e-02		0.0000000e+00
2.7400000e+02		2.7500000e+02		2.7450000e+02		3.8398649e+01		1.3763923e-02		2.9155042e-02		2.3839814e-02		2.3839814e-02		0.0000000e+00
2.7500000e+02		2.7600000e+02		2.7550000e+02		5.1208696e+01		1.8407405e-02		3.8987032e-02		3.1882560e-02		3.1882560e-02		0.0000000e+00
2.7600000e+02		2.7700000e+02		2.7650000e+02		7.1318275e+01		2.3606667e-02		4.9994164e-02		4.0887946e-02		4.0887946e-02		0.0000000e+00
2.7700000e+02		2.7800000e+02		2.7750000e+02		6.8188493e+01		2.3792730e-02		5.0383318e-02		4.1210216e-02		4.1210216e-02		0.0000000e+00
2.7800000e+02		2.7900000e+02		2.7850000e+02		4.7024496e+01		1.7222451e-02		3.6466670e-02		2.9830159e-02		2.9830159e-02		0.0000000e+00
2.7900000e+02		2.8000000e+02		2.7950000e+02		2.6422560e+01		9.7984969e-03		2.0745317e-02		1.6971495e-02		1.6971495e-02		0.0000000e+00
2.8000000e+02		2.8100000e+02		2.8050000e+02		2.8982131e+01		1.0666817e-02		2.2581651e-02		1.8475468e-02		1.8475468e-02		0.0000000e+00
2.8100000e+02		2.8200000e+02		2.8150000e+02		6.0033324e+01		2.1942352e-02		4.6447786e-02		3.8005268e-02		3.8005268e-02		0.0000000e+00
2.8200000e+02		2.8300000e+02		2.8250000e+02		8.1733762e+01		2.5272276e-02		5.3491886e-02		4.3772866e-02		4.3772866e-02		0.0000000e+00
2.8300000e+02		2.8400000e+02		2.8350000e+02		8.4433091e+01		2.7432724e-02		5.8059720e-02		4.7514871e-02		4.7514871e-02		0.0000000e+00
2.8400000e+02		2.8500000e+02		2.8450000e+02		6.2255376e+01		2.2784607e-02		4.8218168e-02		3.9464097e-02		3.9464097e-02		0.0000000e+00
2.8500000e+02		2.8600000e+02		2.8550000e+02		4.0018063e+01		1.4620174e-02		3.0937524e-02		2.5322885e-02		2.5322885e-02		0.0000000e+00
2.8600000e+02		2.8700000e+02		2.8650000e+02		8.2001717e+01		3.0482459e-02		6.4498189e-02		5.2797168e-02		5.2797168e-02		0.0000000e+00
2.8700000e+02		2.8800000e+02		2.8750000e+02		9.5189148e+01		3.5117507e-02		7.4299582e-02		6.0825307e-02		6.0825307e-02		0.0000000e+00
2.8800000e+02		2.8900000e+02		2.8850000e+02		9.0460934e+01		3.3849865e-02		7.1611942e-02		5.8629686e-02		5.8629686e-02		0.0000000e+00
2.8900000e+02		2.9000000e+02		2.8950000e+02		1.3728321e+02		4.6877240e-02		9.9164674e-02		8.1193762e-02		8.1193762e-02		0.0000000e+00
2.9000000e+02		2.9100000e+02		2.9050000e+02		1.8023325e+02		6.8474431e-02		1.4484065e-01		1.1860119e-01		1.1860119e-01		0.0000000e+00
2.9100000e+02		2.9200000e+02		2.9150000e+02		1.7359450e+02		6.6108164e-02		1.3982498e-01		1.1450270e-01		1.1450270e-01		0.0000000e+00
2.9200000e+02		2.9300000e+02		2.9250000e+02		1.5421676e+02		5.8251735e-02		1.2319889e-01		1.0089497e-01		1.0089497e-01		0.0000000e+00
2.9300000e+02		2.9400000e+02		2.9350000e+02		1.6099986e+02		6.1030943e-02		1.2906749e-01		1.0570869e-01		1.0570869e-01		0.0000000e+00
2.9400000e+02		2.9500000e+02		2.9450000e+02		1.4991794e+02		5.5484246e-02		1.1732913e-01		9.6101534e-02		9.6101534e-02		0.0000000e+00
2.9500000e+02		2.9600000e+02		2.9550000e+02		1.6232431e+02		5.6632281e-02		1.1974852e-01		9.8089988e-02		9.8089988e-02		0.0000000e+00
2.9600000e+02		2.9700000e+02		2.9650000e+02		1.4851381e+02		5.3627610e-02		1.1338746e-01		9.2885745e-02		9.2885745e-02		0.0000000e+00
2.9700000e+02		2.9800000e+02		2.9750000e+02		1.5140866e+02		5.0710794e-02		1.0721314e-01		8.7833672e-02		8.7833672e-02		0.0000000e+00
2.9800000e+02		2.9900000e+02		2.9850000e+02		1.3012850e+02		4.7947561e-02		1.0136445e-01		8.3047612e-02		8.3047612e-02		0.0000000e+00
2.9900000e+02		3.0000000e+02		2.9950000e+02		1.4682541e+02		5.5563198e-02		1.1745687e-01		9.6238283e-02		9.6238283e-02		0.0000000e+00
3.0000000e+02		3.0100000e+02		3.0050000e+02		1.1681452e+02		4.2597245e-02		9.0042018e-02		7.3780593e-02		7.3780593e-02		0.0000000e+00
3.0100000e+02		3.0200000e+02		3.0150000e+02		1.3434477e+02		3.0202938e-02		6.3838975e-02		5.2313022e-02		5.2313022e-02		0.0000000e+00
3.0200000e+02		3.0300000e+02		3.0250000e+02		1.4142283e+02		5.2412519e-02		1.1077589e-01		9.0781146e-02		9.0781146e-02		0.0000000e+00
3.0300000e+02		3.0400000e+02		3.0350000e+02		1.8342160e+02		6.8498348e-02		1.4476523e-01		1.1864262e-01		1.1864262e-01		0.0000000e+00
3.0400000e+02		3.0500000e+02		3.0450000e+02		1.7556728e+02		6.4911576e-02		1.3717682e-01		1.1243015e-01		1.1243015e-01		0.0000000e+00
3.0500000e+02		3.0600000e+02		3.0550000e+02		1.7728071e+02		6.5152459e-02		1.3767790e-01		1.1284737e-01		1.1284737e-01		0.0000000e+00
3.0600000e+02		3.0700000e+02		3.0650000e+02		1.6814926e+02		6.2310723e-02		1.3166535e-01		1.0792534e-01		1.0792534e-01		0.0000000e+00
3.0700000e+02		3.0800000e+02		3.0750000e+02		1.8878816e+02		6.8978959e-02		1.4574748e-01		1.1947506e-01		1.1947506e-01		0.0000000e+00
3.0800000e+02		3.0900000e+02		3.0850000e+02		1.8529086e+02		6.7377203e-02		1.4235526e-01		1.1670074e-01		1.1670074e-01		0.0000000e+00
3.0900000e+02		3.1000000e+02		3.0950000e+02		1.5026991e+02		5.6904964e-02		1.2022291e-01		9.8562288e-02		9.8562288e-02		0.0000000e+00
3.1000000e+02		3.1100000e+02		3.1050000e+02		1.8913229e+02		7.1828775e-02		1.5174433e-01		1.2441109e-01		1.2441109e-01		0.0000000e+00
3.1100000e+02		3.1200000e+02		3.1150000e+02		2.2495083e+02		8.1841185e-02		1.7288737e-01		1.4175309e-01		1.4175309e-01		0.0000000e+00
3.1200000e+02		3.1300000e+02		3.1250000e+02		2.0030306e+02		7.1335530e-02		1.5068672e-01		1.2355676e-01		1.2355676e-01		0.0000000e+00
3.1300000e+02		3.1400000e+02		3.1350000e+02		2.1331645e+02		7.7340428e-02		1.6336301e-01		1.3395755e-01		1.3395755e-01		0.0000000e+00
3.1400000e+02		3.1500000e+02		3.1450000e+02		2.0119548e+02		6.4260059e-02		1.3572715e-01		1.1130169e-01		1.1130169e-01		0.0000000e+00
3.1500000e+02		3.1600000e+02		3.1550000e+02		1.9522773e+02		7.0958514e-02		1.4986802e-01		1.2290375e-01		1.2290375e-01		0.0000000e+00
3.1600000e+02		3.1700000e+02		3.1650000e+02		1.9043254e+02		7.2629012e-02		1.5338884e-01		1.2579714e-01		1.2579714e-01		0.0000000e+00
3.1700000e+02		3.1800000e+02		3.1750000e+02		2.4155434e+02		8.9994840e-02		1.9005564e-01		1.5587563e-01		1.5587563e-01		0.0000000e+00
3.1800000e+02		3.1900000e+02		3.1850000e+02		1.9952276e+02		5.3371124e-02		1.1270660e-01		9.2441499e-02		9.2441499e-02		0.0000000e+00
3.1900000e+02		3.2000000e+02		3.1950000e+02		2.1430874e+02		8.1303604e-02		1.7168526e-01		1.4082197e-01		1.4082197e-01		0.0000000e+00
3.2000000e+02		3.2100000e+02		3.2050000e+02		2.4621307e+02		9.4606759e-02		1.9976799e-01		1.6386371e-01		1.6386371e-01		0.0000000e+00
3.2100000e+02		3.2200000e+02		3.2150000e+02		2.0677326e+02		7.7046919e-02		1.6268213e-01		1.3344918e-01		1.3344918e-01		0.0000000e+00
3.2200000e+02		3.2300000e+02		3.2250000e+02		2.0765168e+02		7.9524023e-02		1.6790517e-01		1.3773965e-01		1.3773965e-01		0.0000000e+00
3.2300000e+02		3.2400000e+02		3.2350000e+02		2.0066974e+02		7.6040226e-02		1.6054271e-01		1.3170554e-01		1.3170554e-01		0.0000000e+00
3.2400000e+02		3.2500000e+02		3.2450000e+02		2.3629853e+02		8.6576739e-02		1.8278064e-01		1.4995531e-01		1.4995531e-01		0.0000000e+00
3.2500000e+02		3.2600000e+02		3.2550000e+02		2.7209498e+02		5.9494258e-02		1.2559897e-01		1.0304708e-01		1.0304708e-01		0.0000000e+00
3.2600000e+02		3.2700000e+02		3.2650000e+02		3.0699214e+02		1.0810524e-01		2.2821287e-01		1.8724377e-01		1.8724377e-01		0.0000000e+00
3.2700000e+02		3.2800000e+02		3.2750000e+02		2.9701525e+02		1.1482912e-01		2.4239745e-01		1.9888987e-01		1.9888987e-01		0.0000000e+00
3.2800000e+02		3.2900000e+02		3.2850000e+02		2.8673370e+02		1.0834344e-01		2.2869757e-01		1.8765634e-01		1.8765634e-01		0.0000000e+00
3.2900000e+02		3.3000000e+02		3.2950000e+02		3.3379807e+02		1.2519009e-01		2.6424822e-01		2.1683560e-01		2.1683560e-01		0.0000000e+00
3.3000000e+02		3.3100000e+02		3.3050000e+02		3.1443449e+02		1.1857811e-01		2.5028228e-01		2.0538332e-01		2.0538332e-01		0.0000000e+00
3.3100000e+02		3.3200000e+02		3.3150000e+02		3.0087994e+02		1.1243494e-01		2.3730701e-01		1.9474302e-01		1.9474302e-01		0.0000000e+00
3.3200000e+02		3.3300000e+02		3.3250000e+02		2.9519831e+02		1.0901499e-01		2.3008033e-01		1.8881951e-01		1.8881951e-01		0.0000000e+00
3.3300000e+02		3.3400000e+02		3.3350000e+02		2.8364288e+02		1.0562533e-01		2.2291822e-01		1.8294843e-01		1.8294843e-01		0.0000000e+00
3.3400000e+02		3.3500000e+02		3.3450000e+02		2.9883003e+02		1.1261876e-01		2.3766910e-01		1.9506142e-01		1.9506142e-01		0.0000000e+00
3.3500000e+02		3.3600000e+02		3.3550000e+02		2.9511053e+02		1.0808330e-01		2.2808951e-01		1.8720577e-01		1.8720577e-01		0.0000000e+00
3.3600000e+02		3.3700000e+02		3.3650000e+02		2.4313126e+02		9.1574539e-02		1.9324417e-01		1.5861175e-01		1.5861175e-01		0.0000000e+00
3.3700000e+02		3.3800000e+02		3.3750000e+02		2.5649874e+02		9.6967371e-02		2.0461736e-01		1.6795241e-01		1.6795241e-01		0.0000000e+00
3.3800000e+02		3.3900000e+02		3.3850000e+02		2.7748673e+02		1.0328474e-01		2.1794076e-01		1.7889443e-01		1.7889443e-01		0.0000000e+00
3.3900000e+02		3.4000000e+02		3.3950000e+02		2.9040264e+02		1.1025523e-01		2.3264147e-01		1.9096766e-01		1.9096766e-01		0.0000000e+00
3.4000000e+02		3.4100000e+02		3.4050000e+02		3.0654056e+02		1.1920730e-01		2.5152238e-01		2.0647309e-01		2.0647309e-01		0.0000000e+00
3.4100000e+02		3.4200000e+02		3.4150000e+02		2.7979685e+02		1.0808628e-01		2.2805019e-01		1.8721092e-01		1.8721092e-01		0.0000000e+00
3.4200000e+02		3.4300000e+02		3.4250000e+02		3.0344565e+02		1.1501565e-01		2.4266275e-01		1.9921294e-01		1.9921294e-01		0.0000000e+00
3.4300000e+02		3.4400000e+02		3.4350000e+02		2.9822260e+02		1.1355213e-01		2.3956754e-01		1.9667805e-01		1.9667805e-01		0.0000000e+00
3.4400000e+02		3.4500000e+02		3.4450000e+02		2.3986676e+02		6.9274522e-02		1.4614803e-01		1.1998699e-01		1.1998699e-01		0.0000000e+00
3.4500000e+02		3.4600000e+02		3.4550000e+02		2.8907088e+02		1.1127207e-01		2.3474292e-01		1.9272887e-01		1.9272887e-01		0.0000000e+00
3.4600000e+02		3.4700000e+02		3.4650000e+02		2.8069735e+02		1.0515164e-01		2.2182450e-01		1.8212798e-01		1.8212798e-01		0.0000000e+00
3.4700000e+02		3.4800000e+02		3.4750000e+02		2.7782009e+02		1.0409716e-01		2.1959359e-01		1.8030157e-01		1.8030157e-01		0.0000000e+00
3.4800000e+02		3.4900000e+02		3.4850000e+02		2.8744416e+02		1.1141244e-01		2.3501846e-01		1.9297201e-01		1.9297201e-01		0.0000000e+00
3.4900000e+02		3.5000000e+02		3.4950000e+02		2.7550877e+02		1.0639432e-01		2.2442664e-01		1.8428037e-01		1.8428037e-01		0.0000000e+00
3.5000000e+02		3.5100000e+02		3.5050000e+02		3.3002358e+02		1.2729228e-01		2.6850101e-01		2.2047670e-01		2.2047670e-01		0.0000000e+00
3.5100000e+02		3.5200000e+02		3.5150000e+02		3.0660572e+02		1.1863986e-01		2.5024334e-01		2.0549026e-01		2.0549026e-01		0.0000000e+00
3.5200000e+02		3.5300000e+02		3.5250000e+02		2.8324198e+02		9.4925906e-02		2.0021882e-01		1.6441649e-01		1.6441649e-01		0.0000000e+00
3.5300000e+02		3.5400000e+02		3.5350000e+02		3.2405327e+02		1.1871800e-01		2.5039470e-01		2.0562561e-01		2.0562561e-01		0.0000000e+00
3.5400000e+02		3.5500000e+02		3.5450000e+02		3.4586270e+02		1.2340942e-01		2.6028279e-01		2.1375139e-01		2.1375139e-01		0.0000000e+00
3.5500000e+02		3.5600000e+02		3.5550000e+02		3.2478382e+02		1.2506451e-01		2.6376671e-01		2.1661809e-01		2.1661809e-01		0.0000000e+00
3.5600000e+02		3.5700000e+02		3.5650000e+02		2.8234357e+02		1.0700766e-01		2.2567822e-01		1.8534270e-01		1.8534270e-01		0.0000000e+00
3.5700000e+02		3.5800000e+02		3.5750000e+02		2.4674321e+02		9.6125288e-02		2.0272230e-01		1.6649388e-01		1.6649388e-01		0.0000000e+00
3.5800000e+02		3.5900000e+02		3.5850000e+02		2.1181106e+02		8.1944495e-02		1.7281160e-01		1.4193203e-01		1.4193203e-01		0.0000000e+00
3.5900000e+02		3.6000000e+02		3.5950000e+02		3.0582840e+02		1.1770364e-01		2.4821749e-01		2.0386868e-01		2.0386868e-01		0.0000000e+00
3.6000000e+02		3.6100000e+02		3.6050000e+02		3.0178862e+02		1.1479363e-01		2.4207494e-01		1.9882839e-01		1.9882839e-01		0.0000000e+00
3.6100000e+02		3.6200000e+02		3.6150000e+02		2.8033735e+02		1.0428238e-01		2.1990378e-01		1.8062239e-01		1.8062239e-01		0.0000000e+00
3.6200000e+02		3.6300000e+02		3.6250000e+02		3.1645921e+02		1.1750852e-01		2.4778839e-01		2.0353073e-01		2.0353073e-01		0.0000000e+00
3.6300000e+02		3.6400000e+02		3.6350000e+02		3.0810145e+02		1.0574599e-01		2.2297978e-01		1.8315743e-01		1.8315743e-01		0.0000000e+00
3.6400000e+02		3.6500000e+02		3.6450000e+02		3.2221950e+02		7.5630854e-02		1.5947431e-01		1.3099648e-01		1.3099648e-01		0.0000000e+00
3.6500000e+02		3.6600000e+02		3.6550000e+02		3.6674574e+02		1.3933123e-01		2.9378559e-01		2.4132878e-01		2.4132878e-01		0.0000000e+00
3.6600000e+02		3.6700000e+02		3.6650000e+02		3.9198946e+02		1.4567349e-01		3.0715172e-01		2.5231389e-01		2.5231389e-01		0.0000000e+00
3.6700000e+02		3.6800000e+02		3.6750000e+02		3.7850004e+02		1.4805959e-01		3.1217600e-01		2.5644673e-01		2.5644673e-01		0.0000000e+00
3.6800000e+02		3.6900000e+02		3.6850000e+02		3.4895620e+02		1.3263267e-01		2.7964315e-01		2.2972653e-01		2.2972653e-01		0.0000000e+00
3.6900000e+02		3.7000000e+02		3.6950000e+02		3.8736224e+02		1.3375260e-01		2.8199844e-01		2.3166630e-01		2.3166630e-01		0.0000000e+00
3.7000000e+02		3.7100000e+02		3.7050000e+02		3.6351013e+02		1.4216410e-01		2.9972666e-01		2.4623545e-01		2.4623545e-01		0.0000000e+00
3.7100000e+02		3.7200000e+02		3.7150000e+02		3.7529261e+02		1.3703890e-01		2.8891519e-01		2.3735834e-01		2.3735834e-01		0.0000000e+00
3.7200000e+02		3.7300000e+02		3.7250000e+02		3.1177186e+02		1.1820923e-01		2.4921207e-01		2.0474439e-01		2.0474439e-01		0.0000000e+00
3.7300000e+02		3.7400000e+02		3.7350000e+02		2.7192112e+02		1.0216259e-01		2.1537779e-01		1.7695080e-01		1.7695080e-01		0.0000000e+00
3.7400000e+02		3.7500000e+02		3.7450000e+02		2.7832167e+02		9.8586044e-02		2.0783367e-01		1.7075604e-01		1.7075604e-01		0.0000000e+00
3.7500000e+02		3.7600000e+02		3.7550000e+02		3.1876744e+02		1.2355932e-01		2.6047590e-01		2.1401102e-01		2.1401102e-01		0.0000000e+00
3.7600000e+02		3.7700000e+02		3.7650000e+02		3.3048657e+02		1.2731688e-01		2.6839209e-01		2.2051931e-01		2.2051931e-01		0.0000000e+00
3.7700000e+02		3.7800000e+02		3.7750000e+02		3.8770864e+02		1.4471710e-01		3.0506709e-01		2.5065738e-01		2.5065738e-01		0.0000000e+00
3.7800000e+02		3.7900000e+02		3.7850000e+02		4.0380398e+02		1.4950470e-01		3.1515360e-01		2.5894974e-01		2.5894974e-01		0.0000000e+00
3.7900000e+02		3.8000000e+02		3.7950000e+02		3.2744385e+02		1.2230710e-01		2.5781673e-01		2.1184211e-01		2.1184211e-01		0.0000000e+00
3.8000000e+02		3.8100000e+02		3.8050000e+02		3.5656330e+02		1.3762779e-01		2.9010665e-01		2.3837832e-01		2.3837832e-01		0.0000000e+00
3.8100000e+02		3.8200000e+02		3.8150000e+02		3.2019140e+02		1.2685911e-01		2.6740249e-01		2.1972642e-01		2.1972642e-01		0.0000000e+00
3.8200000e+02		3.8300000e+02		3.8250000e+02		2.2964197e+02		8.8507095e-02		1.8655815e-01		1.5329879e-01		1.5329879e-01		0.0000000e+00
3.8300000e+02		3.8400000e+02		3.8350000e+02		2.0267593e+02		5.5660124e-02		1.1732019e-01		9.6406163e-02		9.6406163e-02		0.0000000e+00
3.8400000e+02		3.8500000e+02		3.8450000e+02		2.7111947e+02		1.0751141e-01		2.2660822e-01		1.8621522e-01		1.8621522e-01		0.0000000e+00
3.8500000e+02		3.8600000e+02		3.8550000e+02		2.8715912e+02		1.1243321e-01		2.3697820e-01		1.9474004e-01		1.9474004e-01		0.0000000e+00
3.8600000e+02		3.8700000e+02		3.8650000e+02		2.8837692e+02		1.0914223e-01		2.3003787e-01		1.8903988e-01		1.8903988e-01		0.0000000e+00
3.8700000e+02		3.8800000e+02		3.8750000e+02		2.8805300e+02		1.1106418e-01		2.3408489e-01		1.9236880e-01		1.9236880e-01		0.0000000e+00
3.8800000e+02		3.8900000e+02		3.8850000e+02		2.9209390e+02		1.1385439e-01		2.3996178e-01		1.9720159e-01		1.9720159e-01		0.0000000e+00
3.8900000e+02		3.9000000e+02		3.8950000e+02		3.5069332e+02		1.1376348e-01		2.3976635e-01		1.9704414e-01		1.9704414e-01		0.0000000e+00
3.9000000e+02		3.9100000e+02		3.9050000e+02		3.6838836e+02		1.4321639e-01		3.0183611e-01		2.4805807e-01		2.4805807e-01		0.0000000e+00
3.9100000e+02		3.9200000e+02		3.9150000e+02		3.9613874e+02		1.5061001e-01		3.1741359e-01		2.6086419e-01		2.6086419e-01		0.0000000e+00
3.9200000e+02		3.9300000e+02		3.9250000e+02		3.0403432e+02		1.1263612e-01		2.3737921e-01		1.9509148e-01		1.9509148e-01		0.0000000e+00
3.9300000e+02		3.9400000e+02		3.9350000e+02		1.8639471e+02		7.0904519e-02		1.4942811e-01		1.2281023e-01		1.2281023e-01		0.0000000e+00
3.9400000e+02		3.9500000e+02		3.9450000e+02		3.0813115e+02		1.1728348e-01		2.4716600e-01		2.0314095e-01		2.0314095e-01		0.0000000e+00
3.9500000e+02		3.9600000e+02		3.9550000e+02		3.7840801e+02		1.4605155e-01		3.0778796e-01		2.5296871e-01		2.5296871e-01		0.0000000e+00
3.9600000e+02		3.9700000e+02		3.9650000e+02		2.6140326e+02		9.4026493e-02		1.9814827e-01		1.6285866e-01		1.6285866e-01		0.0000000e+00
3.9700000e+02		3.9800000e+02		3.9750000e+02		2.9300657e+02		1.1487397e-01		2.4207819e-01		1.9896756e-01		1.9896756e-01		0.0000000e+00
3.9800000e+02		3.9900000e+02		3.9850000e+02		4.5124719e+02		1.6564038e-01		3.4905612e-01		2.8689756e-01		2.8689756e-01		0.0000000e+00
3.9900000e+02		4.0000000e+02		3.9950000e+02		4.9846141e+02		1.9560997e-01		4.1220673e-01		3.3880640e-01		3.3880640e-01		0.0000000e+00
4.0000000e+02		4.0100000e+02		4.0050000e+02		5.1407199e+02		1.9599595e-01		4.1301180e-01		3.3947494e-01		3.3947494e-01		0.0000000e+00
4.0100000e+02		4.0200000e+02		4.0150000e+02		5.3860814e+02		2.1009434e-01		4.4271369e-01		3.6389408e-01		3.6389408e-01		0.0000000e+00
4.0200000e+02		4.0300000e+02		4.0250000e+02		5.4526519e+02		2.0563782e-01		4.3331699e-01		3.5617515e-01		3.5617515e-01		0.0000000e+00
4.0300000e+02		4.0400000e+02		4.0350000e+02		5.2165796e+02		1.6328529e-01		3.4406777e-01		2.8281842e-01		2.8281842e-01		0.0000000e+00
4.0400000e+02		4.0500000e+02		4.0450000e+02		5.1300620e+02		2.0060766e-01		4.2270630e-01		3.4746265e-01		3.4746265e-01		0.0000000e+00
4.0500000e+02		4.0600000e+02		4.0550000e+02		5.1256585e+02		1.9073572e-01		4.0189963e-01		3.3036396e-01		3.3036396e-01		0.0000000e+00
4.0600000e+02		4.0700000e+02		4.0650000e+02		4.9035274e+02		1.8461753e-01		3.8900298e-01		3.1976694e-01		3.1976694e-01		0.0000000e+00
4.0700000e+02		4.0800000e+02		4.0750000e+02		4.9838294e+02		1.9015419e-01		4.0066407e-01		3.2935672e-01		3.2935672e-01		0.0000000e+00
4.0800000e+02		4.0900000e+02		4.0850000e+02		5.2990289e+02		2.0346651e-01		4.2870841e-01		3.5241433e-01		3.5241433e-01		0.0000000e+00
4.0900000e+02		4.1000000e+02		4.0950000e+02		5.2713439e+02		1.8547680e-01		3.9079886e-01		3.2125524e-01		3.2125524e-01		0.0000000e+00
4.1000000e+02		4.1100000e+02		4.1050000e+02		4.8293937e+02		1.8899987e-01		3.9821711e-01		3.2735738e-01		3.2735738e-01		0.0000000e+00
4.1100000e+02		4.1200000e+02		4.1150000e+02		5.5986852e+02		2.1815314e-01		4.5963665e-01		3.7785232e-01		3.7785232e-01		0.0000000e+00
4.1200000e+02		4.1300000e+02		4.1250000e+02		5.4940473e+02		2.0926718e-01		4.4090919e-01		3.6246140e-01		3.6246140e-01		0.0000000e+00
4.1300000e+02		4.1400000e+02		4.1350000e+02		5.2995399e+02		1.9955239e-01		4.2043597e-01		3.4563489e-01		3.4563489e-01		0.0000000e+00
4.1400000e+02		4.1500000e+02		4.1450000e+02		5.3771640e+02		2.0287712e-01		4.2743587e-01		3.5139348e-01		3.5139348e-01		0.0000000e+00
4.1500000e+02		4.1600000e+02		4.1550000e+02		5.3722776e+02		1.9787461e-01		4.1689146e-01		3.4272888e-01		3.4272888e-01		0.0000000e+00
4.1600000e+02		4.1700000e+02		4.1650000e+02		5.5745703e+02		2.0508304e-01		4.3207363e-01		3.5521424e-01		3.5521424e-01		0.0000000e+00
4.1700000e+02		4.1800000e+02		4.1750000e+02		5.0725322e+02		1.9020952e-01		4.0073333e-01		3.2945256e-01		3.2945256e-01		0.0000000e+00
4.1800000e+02		4.1900000e+02		4.1850000e+02		5.2601513e+02		2.0119052e-01		4.2386385e-01		3.4847220e-01		3.4847220e-01		0.0000000e+00
4.1900000e+02		4.2000000e+02		4.1950000e+02		5.3123875e+02		2.0833841e-01		4.3891762e-01		3.6085271e-01		3.6085271e-01		0.0000000e+00
4.2000000e+02		4.2100000e+02		4.2050000e+02		5.3797708e+02		7.6319546e-02		1.6078471e-01		1.3218933e-01		1.3218933e-01		0.0000000e+00
4.2100000e+02		4.2200000e+02		4.2150000e+02		5.2958361e+02		1.7791578e-01		3.7481661e-01		3.0815918e-01		3.0815918e-01		0.0000000e+00
4.2200000e+02		4.2300000e+02		4.2250000e+02		5.0190537e+02		1.3375740e-01		2.8178483e-01		2.3167461e-01		2.3167461e-01		0.0000000e+00
4.2300000e+02		4.2400000e+02		4.2350000e+02		5.3474862e+02		2.0385936e-01		4.2946320e-01		3.5309477e-01		3.5309477e-01		0.0000000e+00
4.2400000e+02		4.2500000e+02		4.2450000e+02		5.5328403e+02		2.1262801e-01		4.4793122e-01		3.6828252e-01		3.6828252e-01		0.0000000e+00
4.2500000e+02		4.2600000e+02		4.2550000e+02		5.3248014e+02		1.8635762e-01		3.9258493e-01		3.2278087e-01		3.2278087e-01		0.0000000e+00
4.2600000e+02		4.2700000e+02		4.2650000e+02		5.3029841e+02		1.7031273e-01		3.5878082e-01		2.9499030e-01		2.9499030e-01		0.0000000e+00
4.2700000e+02		4.2800000e+02		4.2750000e+02		4.9171747e+02		1.7531409e-01		3.6931304e-01		3.0365291e-01		3.0365291e-01		0.0000000e+00
4.2800000e+02		4.2900000e+02		4.2850000e+02		4.9494538e+02		1.9385992e-01		4.0837733e-01		3.3577523e-01		3.3577523e-01		0.0000000e+00
4.2900000e+02		4.3000000e+02		4.2950000e+02		4.6063718e+02		1.7385035e-01		3.6622246e-01		3.0111764e-01		3.0111764e-01		0.0000000e+00
4.3000000e+02		4.3100000e+02		4.3050000e+02		3.7055843e+02		1.2018408e-01		2.5316998e-01		2.0816493e-01		2.0816493e-01		0.0000000e+00
4.3100000e+02		4.3200000e+02		4.3150000e+02		4.5818753e+02		1.7817127e-01		3.7531756e-01		3.0860170e-01		3.0860170e-01		0.0000000e+00
4.3200000e+02		4.3300000e+02		4.3250000e+02		5.1625369e+02		2.0367099e-01		4.2902869e-01		3.5276851e-01		3.5276851e-01		0.0000000e+00
4.3300000e+02		4.3400000e+02		4.3350000e+02		5.6047485e+02		2.0577546e-01		4.3345773e-01		3.5641355e-01		3.5641355e-01		0.0000000e+00
4.3400000e+02		4.3500000e+02		4.3450000e+02		4.7595241e+02		1.8203721e-01		3.8345057e-01		3.1529769e-01		3.1529769e-01		0.0000000e+00
4.3500000e+02		4.3600000e+02		4.3550000e+02		5.3162725e+02		2.0308303e-01		4.2777852e-01		3.5175013e-01		3.5175013e-01		0.0000000e+00
4.3600000e+02		4.3700000e+02		4.3650000e+02		5.9481241e+02		2.1635383e-01		4.5572837e-01		3.7473582e-01		3.7473582e-01		0.0000000e+00
4.3700000e+02		4.3800000e+02		4.3750000e+02		5.2629983e+02		1.8666570e-01		3.9318977e-01		3.2331448e-01		3.2331448e-01		0.0000000e+00
4.3800000e+02		4.3900000e+02		4.3850000e+02		5.1257868e+02		1.6765888e-01		3.5315104e-01		2.9039370e-01		2.9039370e-01		0.0000000e+00
4.3900000e+02		4.4000000e+02		4.3950000e+02		5.7051902e+02		2.1426001e-01		4.5130629e-01		3.7110923e-01		3.7110923e-01		0.0000000e+00
4.4000000e+02		4.4100000e+02		4.4050000e+02		5.4089681e+02		1.8313017e-01		3.8573289e-01		3.1719076e-01		3.1719076e-01		0.0000000e+00
4.4100000e+02		4.4200000e+02		4.4150000e+02		5.9491633e+02		2.2410371e-01		4.7203628e-01		3.8815901e-01		3.8815901e-01		0.0000000e+00
4.4200000e+02		4.4300000e+02		4.4250000e+02		6.2544254e+02		2.3568739e-01		4.9643373e-01		4.0822254e-01		4.0822254e-01		0.0000000e+00
4.4300000e+02		4.4400000e+02		4.4350000e+02		6.0497206e+02		2.3504397e-01		4.9507411e-01		4.0710810e-01		4.0710810e-01		0.0000000e+00
4.4400000e+02		4.4500000e+02		4.4450000e+02		6.2324411e+02		2.2425552e-01		4.7235067e-01		3.8842195e-01		3.8842195e-01		0.0000000e+00
4.4500000e+02		4.4600000e+02		4.4550000e+02		5.7783999e+02		2.2565597e-01		4.7529571e-01		3.9084761e-01		3.9084761e-01		0.0000000e+00
4.4600000e+02		4.4700000e+02		4.4650000e+02		5.8940025e+02		1.9028453e-01		4.0078558e-01		3.2958247e-01		3.2958247e-01		0.0000000e+00
4.4700000e+02		4.4800000e+02		4.4750000e+02		6.3881895e+02		2.2414813e-01		4.7210562e-01		3.8823594e-01		3.8823594e-01		0.0000000e+00
4.4800000e+02		4.4900000e+02		4.4850000e+02		6.2805979e+02		2.4606092e-01		5.1825322e-01		4.2619002e-01		4.2619002e-01		0.0000000e+00
4.4900000e+02		4.5000000e+02		4.4950000e+02		6.3454704e+02		2.0269605e-01		4.2691436e-01		3.5107986e-01		3.5107986e-01		0.0000000e+00
4.5000000e+02		4.5100000e+02		4.5050000e+02		6.7325368e+02		2.4633583e-01		5.1882358e-01		4.2666618e-01		4.2666618e-01		0.0000000e+00
4.5100000e+02		4.5200000e+02		4.5150000e+02		6.7122600e+02		2.4358933e-01		5.1303518e-01		4.2190909e-01		4.2190909e-01		0.0000000e+00
4.5200000e+02		4.5300000e+02		4.5250000e+02		6.3541039e+02		2.2893927e-01		4.8217645e-01		3.9653446e-01		3.9653446e-01		0.0000000e+00
4.5300000e+02		4.5400000e+02		4.5350000e+02		6.0888666e+02		2.3259000e-01		4.8986181e-01		4.0285770e-01		4.0285770e-01		0.0000000e+00
4.5400000e+02		4.5500000e+02		4.5450000e+02		6.4999363e+02		2.4252947e-01		5.1079183e-01		4.2007336e-01		4.2007336e-01		0.0000000e+00
4.5500000e+02		4.5600000e+02		4.5550000e+02		6.4380306e+02		2.5538686e-01		5.3786697e-01		4.4234301e-01		4.4234301e-01		0.0000000e+00
4.5600000e+02		4.5700000e+02		4.5650000e+02		6.6853861e+02		2.2278263e-01		4.6919634e-01		3.8587083e-01		3.8587083e-01		0.0000000e+00
4.5700000e+02		4.5800000e+02		4.5750000e+02		6.7499745e+02		2.2465356e-01		4.7313336e-01		3.8911138e-01		3.8911138e-01		0.0000000e+00
4.5800000e+02		4.5900000e+02		4.5850000e+02		6.3439039e+02		1.6074215e-01		3.3852991e-01		2.7841356e-01		2.7841356e-01		0.0000000e+00
4.5900000e+02		4.6000000e+02		4.5950000e+02		6.5539586e+02		2.4609497e-01		5.1828314e-01		4.2624900e-01		4.2624900e-01		0.0000000e+00
4.6000000e+02		4.6100000e+02		4.6050000e+02		6.4752339e+02		2.3047736e-01		4.8538874e-01		3.9919850e-01		3.9919850e-01		0.0000000e+00
4.6100000e+02		4.6200000e+02		4.6150000e+02		6.6245412e+02		2.4789858e-01		5.2207463e-01		4.2937294e-01		4.2937294e-01		0.0000000e+00
4.6200000e+02		4.6300000e+02		4.6250000e+02		6.6901120e+02		2.4836359e-01		5.2305050e-01		4.3017836e-01		4.3017836e-01		0.0000000e+00
4.6300000e+02		4.6400000e+02		4.6350000e+02		6.4662616e+02		2.3689729e-01		4.9889939e-01		4.1031815e-01		4.1031815e-01		0.0000000e+00
4.6400000e+02		4.6500000e+02		4.6450000e+02		6.5795753e+02		2.5734338e-01		5.4195483e-01		4.4573181e-01		4.4573181e-01		0.0000000e+00
4.6500000e+02		4.6600000e+02		4.6550000e+02		6.3552746e+02		2.0284413e-01		4.2717888e-01		3.5133634e-01		3.5133634e-01		0.0000000e+00
4.6600000e+02		4.6700000e+02		4.6650000e+02		6.3955371e+02		2.2875843e-01		4.8174999e-01		3.9622123e-01		3.9622123e-01		0.0000000e+00
4.6700000e+02		4.6800000e+02		4.6750000e+02		6.4572639e+02		2.3012786e-01		4.8463210e-01		3.9859314e-01		3.9859314e-01		0.0000000e+00
4.6800000e+02		4.6900000e+02		4.6850000e+02		6.3145002e+02		2.3021779e-01		4.8481840e-01		3.9874891e-01		3.9874891e-01		0.0000000e+00
4.6900000e+02		4.7000000e+02		4.6950000e+02		6.4956875e+02		2.4525155e-01		5.1647631e-01		4.2478814e-01		4.2478814e-01		0.0000000e+00
4.7000000e+02		4.7100000e+02		4.7050000e+02		6.1381170e+02		2.3390151e-01		4.9257137e-01		4.0512930e-01		4.0512930e-01		0.0000000e+00
4.7100000e+02		4.7200000e+02		4.7150000e+02		6.4174114e+02		2.2598851e-01		4.7590512e-01		3.9142357e-01		3.9142357e-01		0.0000000e+00
4.7200000e+02		4.7300000e+02		4.7250000e+02		6.5742798e+02		2.5395138e-01		5.3478865e-01		4.3985668e-01		4.3985668e-01		0.0000000e+00
4.7300000e+02		4.7400000e+02		4.7350000e+02		6.4563741e+02		2.4706719e-01		5.2029039e-01		4.2793293e-01		4.2793293e-01		0.0000000e+00
4.7400000e+02		4.7500000e+02		4.7450000e+02		6.6512717e+02		2.4267961e-01		5.1104493e-01		4.2033341e-01		4.2033341e-01		0.0000000e+00
4.7500000e+02		4.7600000e+02		4.7550000e+02		6.6365303e+02		2.5449213e-01		5.3591512e-01		4.4079331e-01		4.4079331e-01		0.0000000e+00
4.7600000e+02		4.7700000e+02		4.7650000e+02		6.3952653e+02		2.3295363e-01		4.9055578e-01		4.0348752e-01		4.0348752e-01		0.0000000e+00
4.7700000e+02		4.7800000e+02		4.7750000e+02		6.6772274e+02		2.6465778e-01		5.5731555e-01		4.5840072e-01		4.5840072e-01		0.0000000e+00
4.7800000e+02		4.7900000e+02		4.7850000e+02		6.6128260e+02		2.3906437e-01		5.0341827e-01		4.1407164e-01		4.1407164e-01		0.0000000e+00
4.7900000e+02		4.8000000e+02		4.7950000e+02		6.6320839e+02		2.1015668e-01		4.4254245e-01		3.6400204e-01		3.6400204e-01		0.0000000e+00
4.8000000e+02		4.8100000e+02		4.8050000e+02		6.6489751e+02		2.5310377e-01		5.3297645e-01		4.3838859e-01		4.3838859e-01		0.0000000e+00
4.8100000e+02		4.8200000e+02		4.8150000e+02		6.6630748e+02		2.5253471e-01		5.3177530e-01		4.3740294e-01		4.3740294e-01		0.0000000e+00
4.8200000e+02		4.8300000e+02		4.8250000e+02		6.6376999e+02		2.4265430e-01		5.1096693e-01		4.2028958e-01		4.2028958e-01		0.0000000e+00
4.8300000e+02		4.8400000e+02		4.8350000e+02		6.5373157e+02		2.4477916e-01		5.1543916e-01		4.2396995e-01		4.2396995e-01		0.0000000e+00
4.8400000e+02		4.8500000e+02		4.8450000e+02		6.4242337e+02		2.1781387e-01		4.5865604e-01		3.7726468e-01		3.7726468e-01		0.0000000e+00
4.8500000e+02		4.8600000e+02		4.8550000e+02		6.0369332e+02		1.9291824e-01		4.0623199e-01		3.3414420e-01		3.3414420e-01		0.0000000e+00
4.8600000e+02		4.8700000e+02		4.8650000e+02		5.2412565e+02		1.9383602e-01		4.0816120e-01		3.3573383e-01		3.3573383e-01		0.0000000e+00
4.8700000e+02		4.8800000e+02		4.8750000e+02		5.9966111e+02		2.2497615e-01		4.7373202e-01		3.8967012e-01		3.8967012e-01		0.0000000e+00
4.8800000e+02		4.8900000e+02		4.8850000e+02		6.3081686e+02		2.3072415e-01		4.8583319e-01		3.9962595e-01		3.9962595e-01		0.0000000e+00
4.8900000e+02		4.9000000e+02		4.8950000e+02		6.1880396e+02		2.4379525e-01		5.1335407e-01		4.2226576e-01		4.2226576e-01		0.0000000e+00
4.9000000e+02		4.9100000e+02		4.9050000e+02		6.5907671e+02		2.4371778e-01		5.1318754e-01		4.2213158e-01		4.2213158e-01		0.0000000e+00
4.9100000e+02		4.9200000e+02		4.9150000e+02		6.2110374e+02		1.5810136e-01		3.3290675e-01		2.7383958e-01		2.7383958e-01		0.0000000e+00
4.9200000e+02		4.9300000e+02		4.9250000e+02		5.9112858e+02		2.2066587e-01		4.6464223e-01		3.8220451e-01		3.8220451e-01		0.0000000e+00
4.9300000e+02		4.9400000e+02		4.9350000e+02		6.2472140e+02		2.2697069e-01		4.7791540e-01		3.9312476e-01		3.9312476e-01		0.0000000e+00
4.9400000e+02		4.9500000e+02		4.9450000e+02		6.4279699e+02		2.0452861e-01		4.3065866e-01		3.5425395e-01		3.5425395e-01		0.0000000e+00
4.9500000e+02		4.9600000e+02		4.9550000e+02		6.3133158e+02		2.2745090e-01		4.7892198e-01		3.9395651e-01		3.9395651e-01		0.0000000e+00
4.9600000e+02		4.9700000e+02		4.9650000e+02		6.3921352e+02		2.4329714e-01		5.1228559e-01		4.2140301e-01		4.2140301e-01		0.0000000e+00
4.9700000e+02		4.9800000e+02		4.9750000e+02		6.5113923e+02		2.3906963e-01		5.0338189e-01		4.1408074e-01		4.1408074e-01		0.0000000e+00
4.9800000e+02		4.9900000e+02		4.9850000e+02		5.9175801e+02		2.2324116e-01		4.7005189e-01		3.8666503e-01		3.8666503e-01		0.0000000e+00
4.9900000e+02		5.0000000e+02		4.9950000e+02		6.3385792e+02		2.3668342e-01		4.9835496e-01		4.0994770e-01		4.0994770e-01		0.0000000e+00
