Left Bin Edge (nm)	Right Bin Edge (nm)	Bin Center (nm)		Top of Atm Intensity (erg/s/nm/cm2)		Total Surface Flux (erg/s/nm/cm2)		Total Intensity at BOA (erg/s/nm/cm2)		Total Surface Intensity (erg/s/nm/cm2)		Total Surface Diffuse Intensity (erg/s/nm/cm2)		Total Surface Direct Intensity (erg/s/nm/cm2)
1.0000000e+02		1.0100000e+02		1.0050000e+02		1.9189487e-02		0.0000000e+00		0.0000000e+00		0.0000000e+00		0.0000000e+00		0.0000000e+00
1.0100000e+02		1.0200000e+02		1.0150000e+02		7.4861701e-02		0.0000000e+00		0.0000000e+00		0.0000000e+00		0.0000000e+00		0.0000000e+00
1.0200000e+02		1.0300000e+02		1.0250000e+02		3.9734366e-01		0.0000000e+00		0.0000000e+00		0.0000000e+00		0.0000000e+00		0.0000000e+00
1.0300000e+02		1.0400000e+02		1.0350000e+02		3.0179545e-01		0.0000000e+00		0.0000000e+00		0.0000000e+00		0.0000000e+00		0.0000000e+00
1.0400000e+02		1.0500000e+02		1.0450000e+02		6.0815352e-02		0.0000000e+00		0.0000000e+00		0.0000000e+00		0.0000000e+00		0.0000000e+00
1.0500000e+02		1.0600000e+02		1.0550000e+02		2.0834600e-02		0.0000000e+00		0.0000000e+00		0.0000000e+00		0.0000000e+00		0.0000000e+00
1.0600000e+02		1.0700000e+02		1.0650000e+02		1.9584792e-02		0.0000000e+00		0.0000000e+00		0.0000000e+00		0.0000000e+00		0.0000000e+00
1.0700000e+02		1.0800000e+02		1.0750000e+02		2.1853879e-02		0.0000000e+00		0.0000000e+00		0.0000000e+00		0.0000000e+00		0.0000000e+00
1.0800000e+02		1.0900000e+02		1.0850000e+02		3.0634999e-02		0.0000000e+00		0.0000000e+00		0.0000000e+00		0.0000000e+00		0.0000000e+00
1.0900000e+02		1.1000000e+02		1.0950000e+02		2.4032561e-02		0.0000000e+00		0.0000000e+00		0.0000000e+00		0.0000000e+00		0.0000000e+00
1.1000000e+02		1.1100000e+02		1.1050000e+02		2.3268893e-02		0.0000000e+00		0.0000000e+00		0.0000000e+00		0.0000000e+00		0.0000000e+00
1.1100000e+02		1.1200000e+02		1.1150000e+02		2.1871272e-02		0.0000000e+00		0.0000000e+00		0.0000000e+00		0.0000000e+00		0.0000000e+00
1.1200000e+02		1.1300000e+02		1.1250000e+02		2.2375602e-02		0.0000000e+00		0.0000000e+00		0.0000000e+00		0.0000000e+00		0.0000000e+00
1.1300000e+02		1.1400000e+02		1.1350000e+02		1.7748133e-02		0.0000000e+00		0.0000000e+00		0.0000000e+00		0.0000000e+00		0.0000000e+00
1.1400000e+02		1.1500000e+02		1.1450000e+02		1.3589480e-02		0.0000000e+00		0.0000000e+00		0.0000000e+00		0.0000000e+00		0.0000000e+00
1.1500000e+02		1.1600000e+02		1.1550000e+02		1.8751615e-02		0.0000000e+00		0.0000000e+00		0.0000000e+00		0.0000000e+00		0.0000000e+00
1.1600000e+02		1.1700000e+02		1.1650000e+02		4.3674487e-02		0.0000000e+00		0.0000000e+00		0.0000000e+00		0.0000000e+00		0.0000000e+00
1.1700000e+02		1.1800000e+02		1.1750000e+02		1.5546757e-01		0.0000000e+00		0.0000000e+00		0.0000000e+00		0.0000000e+00		0.0000000e+00
1.1800000e+02		1.1900000e+02		1.1850000e+02		5.2889236e-02		0.0000000e+00		0.0000000e+00		0.0000000e+00		0.0000000e+00		0.0000000e+00
1.1900000e+02		1.2000000e+02		1.1950000e+02		7.3692884e-02		0.0000000e+00		0.0000000e+00		0.0000000e+00		0.0000000e+00		0.0000000e+00
1.2000000e+02		1.2100000e+02		1.2050000e+02		4.0066072e-01		0.0000000e+00		0.0000000e+00		0.0000000e+00		0.0000000e+00		0.0000000e+00
1.2100000e+02		1.2200000e+02		1.2150000e+02		1.5905289e+01		0.0000000e+00		0.0000000e+00		0.0000000e+00		0.0000000e+00		0.0000000e+00
1.2200000e+02		1.2300000e+02		1.2250000e+02		1.0666543e-01		0.0000000e+00		0.0000000e+00		0.0000000e+00		0.0000000e+00		0.0000000e+00
1.2300000e+02		1.2400000e+02		1.2350000e+02		5.7456553e-02		0.0000000e+00		0.0000000e+00		0.0000000e+00		0.0000000e+00		0.0000000e+00
1.2400000e+02		1.2500000e+02		1.2450000e+02		4.6184197e-02		0.0000000e+00		0.0000000e+00		0.0000000e+00		0.0000000e+00		0.0000000e+00
1.2500000e+02		1.2600000e+02		1.2550000e+02		4.5085118e-02		0.0000000e+00		0.0000000e+00		0.0000000e+00		0.0000000e+00		0.0000000e+00
1.2600000e+02		1.2700000e+02		1.2650000e+02		6.3054464e-02		0.0000000e+00		0.0000000e+00		0.0000000e+00		0.0000000e+00		0.0000000e+00
1.2700000e+02		1.2800000e+02		1.2750000e+02		3.3006429e-02		0.0000000e+00		0.0000000e+00		0.0000000e+00		0.0000000e+00		0.0000000e+00
1.2800000e+02		1.2900000e+02		1.2850000e+02		2.6335196e-02		0.0000000e+00		0.0000000e+00		0.0000000e+00		0.0000000e+00		0.0000000e+00
1.2900000e+02		1.3000000e+02		1.2950000e+02		3.5131240e-02		0.0000000e+00		0.0000000e+00		0.0000000e+00		0.0000000e+00		0.0000000e+00
1.3000000e+02		1.3100000e+02		1.3050000e+02		2.8850634e-01		0.0000000e+00		0.0000000e+00		0.0000000e+00		0.0000000e+00		0.0000000e+00
1.3100000e+02		1.3200000e+02		1.3150000e+02		3.9064855e-02		0.0000000e+00		0.0000000e+00		0.0000000e+00		0.0000000e+00		0.0000000e+00
1.3200000e+02		1.3300000e+02		1.3250000e+02		3.0374778e-02		0.0000000e+00		0.0000000e+00		0.0000000e+00		0.0000000e+00		0.0000000e+00
1.3300000e+02		1.3400000e+02		1.3350000e+02		4.1056606e-01		0.0000000e+00		0.0000000e+00		0.0000000e+00		0.0000000e+00		0.0000000e+00
1.3400000e+02		1.3500000e+02		1.3450000e+02		2.8092500e-02		0.0000000e+00		0.0000000e+00		0.0000000e+00		0.0000000e+00		0.0000000e+00
1.3500000e+02		1.3600000e+02		1.3550000e+02		5.8954708e-02		0.0000000e+00		0.0000000e+00		0.0000000e+00		0.0000000e+00		0.0000000e+00
1.3600000e+02		1.3700000e+02		1.3650000e+02		3.8690656e-02		0.0000000e+00		0.0000000e+00		0.0000000e+00		0.0000000e+00		0.0000000e+00
1.3700000e+02		1.3800000e+02		1.3750000e+02		3.9732879e-02		0.0000000e+00		0.0000000e+00		0.0000000e+00		0.0000000e+00		0.0000000e+00
1.3800000e+02		1.3900000e+02		1.3850000e+02		4.0549866e-02		0.0000000e+00		0.0000000e+00		0.0000000e+00		0.0000000e+00		0.0000000e+00
1.3900000e+02		1.4000000e+02		1.3950000e+02		1.3692187e-01		0.0000000e+00		0.0000000e+00		0.0000000e+00		0.0000000e+00		0.0000000e+00
1.4000000e+02		1.4100000e+02		1.4050000e+02		1.1939088e-01		0.0000000e+00		0.0000000e+00		0.0000000e+00		0.0000000e+00		0.0000000e+00
1.4100000e+02		1.4200000e+02		1.4150000e+02		5.7521948e-02		0.0000000e+00		0.0000000e+00		0.0000000e+00		0.0000000e+00		0.0000000e+00
1.4200000e+02		1.4300000e+02		1.4250000e+02		6.2343151e-02		0.0000000e+00		0.0000000e+00		0.0000000e+00		0.0000000e+00		0.0000000e+00
1.4300000e+02		1.4400000e+02		1.4350000e+02		6.9165895e-02		0.0000000e+00		0.0000000e+00		0.0000000e+00		0.0000000e+00		0.0000000e+00
1.4400000e+02		1.4500000e+02		1.4450000e+02		6.6149126e-02		0.0000000e+00		0.0000000e+00		0.0000000e+00		0.0000000e+00		0.0000000e+00
1.4500000e+02		1.4600000e+02		1.4550000e+02		7.0536262e-02		0.0000000e+00		0.0000000e+00		0.0000000e+00		0.0000000e+00		0.0000000e+00
1.4600000e+02		1.4700000e+02		1.4650000e+02		8.6012655e-02		0.0000000e+00		0.0000000e+00		0.0000000e+00		0.0000000e+00		0.0000000e+00
1.4700000e+02		1.4800000e+02		1.4750000e+02		1.0610345e-01		0.0000000e+00		0.0000000e+00		0.0000000e+00		0.0000000e+00		0.0000000e+00
1.4800000e+02		1.4900000e+02		1.4850000e+02		1.0405386e-01		0.0000000e+00		0.0000000e+00		0.0000000e+00		0.0000000e+00		0.0000000e+00
1.4900000e+02		1.5000000e+02		1.4950000e+02		9.4002421e-02		0.0000000e+00		0.0000000e+00		0.0000000e+00		0.0000000e+00		0.0000000e+00
1.5000000e+02		1.5100000e+02		1.5050000e+02		1.0343288e-01		0.0000000e+00		0.0000000e+00		0.0000000e+00		0.0000000e+00		0.0000000e+00
1.5100000e+02		1.5200000e+02		1.5150000e+02		1.0875212e-01		0.0000000e+00		0.0000000e+00		0.0000000e+00		0.0000000e+00		0.0000000e+00
1.5200000e+02		1.5300000e+02		1.5250000e+02		1.3876638e-01		0.0000000e+00		0.0000000e+00		0.0000000e+00		0.0000000e+00		0.0000000e+00
1.5300000e+02		1.5400000e+02		1.5350000e+02		1.5371418e-01		0.0000000e+00		0.0000000e+00		0.0000000e+00		0.0000000e+00		0.0000000e+00
1.5400000e+02		1.5500000e+02		1.5450000e+02		4.1112511e-01		0.0000000e+00		0.0000000e+00		0.0000000e+00		0.0000000e+00		0.0000000e+00
1.5500000e+02		1.5600000e+02		1.5550000e+02		3.3836363e-01		0.0000000e+00		0.0000000e+00		0.0000000e+00		0.0000000e+00		0.0000000e+00
1.5600000e+02		1.5700000e+02		1.5650000e+02		2.0084632e-01		0.0000000e+00		0.0000000e+00		0.0000000e+00		0.0000000e+00		0.0000000e+00
1.5700000e+02		1.5800000e+02		1.5750000e+02		1.8216796e-01		0.0000000e+00		0.0000000e+00		0.0000000e+00		0.0000000e+00		0.0000000e+00
1.5800000e+02		1.5900000e+02		1.5850000e+02		1.6795176e-01		0.0000000e+00		0.0000000e+00		0.0000000e+00		0.0000000e+00		0.0000000e+00
1.5900000e+02		1.6000000e+02		1.5950000e+02		1.6379377e-01		0.0000000e+00		0.0000000e+00		0.0000000e+00		0.0000000e+00		0.0000000e+00
1.6000000e+02		1.6100000e+02		1.6050000e+02		1.7926410e-01		0.0000000e+00		0.0000000e+00		0.0000000e+00		0.0000000e+00		0.0000000e+00
1.6100000e+02		1.6200000e+02		1.6150000e+02		2.0306941e-01		0.0000000e+00		0.0000000e+00		0.0000000e+00		0.0000000e+00		0.0000000e+00
1.6200000e+02		1.6300000e+02		1.6250000e+02		2.2492895e-01		0.0000000e+00		0.0000000e+00		0.0000000e+00		0.0000000e+00		0.0000000e+00
1.6300000e+02		1.6400000e+02		1.6350000e+02		4.7671727e-01		0.0000000e+00		0.0000000e+00		0.0000000e+00		0.0000000e+00		0.0000000e+00
1.6400000e+02		1.6500000e+02		1.6450000e+02		4.8753270e-01		0.0000000e+00		0.0000000e+00		0.0000000e+00		0.0000000e+00		0.0000000e+00
1.6500000e+02		1.6600000e+02		1.6550000e+02		5.7072689e-01		0.0000000e+00		0.0000000e+00		0.0000000e+00		0.0000000e+00		0.0000000e+00
1.6600000e+02		1.6700000e+02		1.6650000e+02		2.6919628e-01		0.0000000e+00		0.0000000e+00		0.0000000e+00		0.0000000e+00		0.0000000e+00
1.6700000e+02		1.6800000e+02		1.6750000e+02		2.8728373e-01		0.0000000e+00		0.0000000e+00		0.0000000e+00		0.0000000e+00		0.0000000e+00
1.6800000e+02		1.6900000e+02		1.6850000e+02		3.0958866e-01		0.0000000e+00		0.0000000e+00		0.0000000e+00		0.0000000e+00		0.0000000e+00
1.6900000e+02		1.7000000e+02		1.6950000e+02		3.8988989e-01		0.0000000e+00		0.0000000e+00		0.0000000e+00		0.0000000e+00		0.0000000e+00
1.7000000e+02		1.7100000e+02		1.7050000e+02		4.3752516e-01		0.0000000e+00		0.0000000e+00		0.0000000e+00		0.0000000e+00		0.0000000e+00
1.7100000e+02		1.7200000e+02		1.7150000e+02		4.3618394e-01		0.0000000e+00		0.0000000e+00		0.0000000e+00		0.0000000e+00		0.0000000e+00
1.7200000e+02		1.7300000e+02		1.7250000e+02		4.5514763e-01		0.0000000e+00		0.0000000e+00		0.0000000e+00		0.0000000e+00		0.0000000e+00
1.7300000e+02		1.7400000e+02		1.7350000e+02		4.5120572e-01		0.0000000e+00		0.0000000e+00		0.0000000e+00		0.0000000e+00		0.0000000e+00
1.7400000e+02		1.7500000e+02		1.7450000e+02		5.3951828e-01		0.0000000e+00		0.0000000e+00		0.0000000e+00		0.0000000e+00		0.0000000e+00
1.7500000e+02		1.7600000e+02		1.7550000e+02		6.4389120e-01		0.0000000e+00		0.0000000e+00		0.0000000e+00		0.0000000e+00		0.0000000e+00
1.7600000e+02		1.7700000e+02		1.7650000e+02		6.9472845e-01		0.0000000e+00		0.0000000e+00		0.0000000e+00		0.0000000e+00		0.0000000e+00
1.7700000e+02		1.7800000e+02		1.7750000e+02		8.1849614e-01		0.0000000e+00		0.0000000e+00		0.0000000e+00		0.0000000e+00		0.0000000e+00
1.7800000e+02		1.7900000e+02		1.7850000e+02		8.9455089e-01		0.0000000e+00		0.0000000e+00		0.0000000e+00		0.0000000e+00		0.0000000e+00
1.7900000e+02		1.8000000e+02		1.7950000e+02		8.6966614e-01		0.0000000e+00		0.0000000e+00		0.0000000e+00		0.0000000e+00		0.0000000e+00
1.8000000e+02		1.8100000e+02		1.8050000e+02		1.0753674e+00		0.0000000e+00		0.0000000e+00		0.0000000e+00		0.0000000e+00		0.0000000e+00
1.8100000e+02		1.8200000e+02		1.8150000e+02		1.3093431e+00		0.0000000e+00		0.0000000e+00		0.0000000e+00		0.0000000e+00		0.0000000e+00
1.8200000e+02		1.8300000e+02		1.8250000e+02		1.2087370e+00		0.0000000e+00		0.0000000e+00		0.0000000e+00		0.0000000e+00		0.0000000e+00
1.8300000e+02		1.8400000e+02		1.8350000e+02		1.2728289e+00		0.0000000e+00		0.0000000e+00		0.0000000e+00		0.0000000e+00		0.0000000e+00
1.8400000e+02		1.8500000e+02		1.8450000e+02		1.0940339e+00		0.0000000e+00		0.0000000e+00		0.0000000e+00		0.0000000e+00		0.0000000e+00
1.8500000e+02		1.8600000e+02		1.8550000e+02		1.2372281e+00		0.0000000e+00		0.0000000e+00		0.0000000e+00		0.0000000e+00		0.0000000e+00
1.8600000e+02		1.8700000e+02		1.8650000e+02		1.4037992e+00		0.0000000e+00		0.0000000e+00		0.0000000e+00		0.0000000e+00		0.0000000e+00
1.8700000e+02		1.8800000e+02		1.8750000e+02		1.5907538e+00		0.0000000e+00		0.0000000e+00		0.0000000e+00		0.0000000e+00		0.0000000e+00
1.8800000e+02		1.8900000e+02		1.8850000e+02		1.6735993e+00		0.0000000e+00		0.0000000e+00		0.0000000e+00		0.0000000e+00		0.0000000e+00
1.8900000e+02		1.9000000e+02		1.8950000e+02		1.8559600e+00		2.3374716e-288		0.0000000e+00		2.3589662e-288		5.0856728e-290		2.3081095e-288
1.9000000e+02		1.9100000e+02		1.9050000e+02		1.9109940e+00		2.6760980e-239		0.0000000e+00		2.7137475e-239		8.9079792e-241		2.6246677e-239
1.9100000e+02		1.9200000e+02		1.9150000e+02		2.0707336e+00		7.9041878e-115		0.0000000e+00		1.3690455e-114		1.3690455e-114		4.9208533e-212
1.9200000e+02		1.9300000e+02		1.9250000e+02		2.1685186e+00		4.5812164e-83		7.3429708e-80		7.9348996e-83		7.9348996e-83		7.3799312e-193
1.9300000e+02		1.9400000e+02		1.9350000e+02		1.6554009e+00		1.0157038e-62		2.7060703e-60		1.7592506e-62		1.7592506e-62		7.4539160e-181
1.9400000e+02		1.9500000e+02		1.9450000e+02		2.6556632e+00		5.6483134e-51		5.5388268e-49		9.7831658e-51		9.7831658e-51		1.3639809e-173
1.9500000e+02		1.9600000e+02		1.9550000e+02		2.5630279e+00		3.5774082e-42		1.6547737e-40		6.1962528e-42		6.1962528e-42		3.4282553e-168
1.9600000e+02		1.9700000e+02		1.9650000e+02		2.8204934e+00		1.9039011e-37		5.9313233e-36		3.2976535e-37		3.2976535e-37		3.1746488e-165
1.9700000e+02		1.9800000e+02		1.9750000e+02		2.8068384e+00		6.6679971e-34		1.5428347e-32		1.1549310e-33		1.1549310e-33		5.0680452e-163
1.9800000e+02		1.9900000e+02		1.9850000e+02		2.7505577e+00		1.7722469e-21		1.4760716e-20		3.0696217e-21		3.0696217e-21		4.3626110e-156
1.9900000e+02		2.0000000e+02		1.9950000e+02		2.8965557e+00		6.0213009e-10		2.0992775e-09		1.0429199e-09		1.0429199e-09		1.1140416e-149
2.0000000e+02		2.0100000e+02		2.0050000e+02		3.0623388e+00		2.4385218e-09		8.1745418e-09		4.2236437e-09		4.2236437e-09		5.4791386e-149
2.0100000e+02		2.0200000e+02		2.0150000e+02		3.2593670e+00		1.0464709e-08		3.3716004e-08		1.8125407e-08		1.8125407e-08		1.3879993e-148
2.0200000e+02		2.0300000e+02		2.0250000e+02		3.2217937e+00		1.3279915e-08		4.2481351e-08		2.3001487e-08		2.3001487e-08		4.7265905e-148
2.0300000e+02		2.0400000e+02		2.0350000e+02		3.4484145e+00		1.7712295e-08		5.6320531e-08		3.0678595e-08		3.0678595e-08		1.1427771e-147
2.0400000e+02		2.0500000e+02		2.0450000e+02		3.7117169e+00		2.0453903e-08		6.4947896e-08		3.5427199e-08		3.5427199e-08		2.9922003e-147
2.0500000e+02		2.0600000e+02		2.0550000e+02		3.7200399e+00		2.0704682e-08		6.5738986e-08		3.5861561e-08		3.5861561e-08		5.6173777e-147
2.0600000e+02		2.0700000e+02		2.0650000e+02		3.7247532e+00		2.2093024e-08		7.0018957e-08		3.8266239e-08		3.8266239e-08		1.0044323e-146
2.0700000e+02		2.0800000e+02		2.0750000e+02		4.0454145e+00		2.5446510e-08		8.0531390e-08		4.4074648e-08		4.4074648e-08		2.7176804e-146
2.0800000e+02		2.0900000e+02		2.0850000e+02		4.3759554e+00		2.7647037e-08		8.7429922e-08		4.7886072e-08		4.7886072e-08		3.0396158e-146
2.0900000e+02		2.1000000e+02		2.0950000e+02		5.6528678e+00		3.4974080e-08		1.1079179e-07		6.0576884e-08		6.0576884e-08		6.6552454e-146
2.1000000e+02		2.1100000e+02		2.1050000e+02		6.9678423e+00		4.7890356e-08		1.5130628e-07		8.2948531e-08		8.2948531e-08		4.3114011e-145
2.1100000e+02		2.1200000e+02		2.1150000e+02		7.9326445e+00		5.4286916e-08		1.7156488e-07		9.4027697e-08		9.4027697e-08		5.5508327e-145
2.1200000e+02		2.1300000e+02		2.1250000e+02		7.0734222e+00		5.0696795e-08		1.6002797e-07		8.7809424e-08		8.7809424e-08		9.7513334e-145
2.1300000e+02		2.1400000e+02		2.1350000e+02		7.2066449e+00		5.3355423e-08		1.6826988e-07		9.2414304e-08		9.2414304e-08		1.8164947e-144
2.1400000e+02		2.1500000e+02		2.1450000e+02		9.2279181e+00		7.1958788e-08		2.2661179e-07		1.2463628e-07		1.2463628e-07		3.4655272e-144
2.1500000e+02		2.1600000e+02		2.1550000e+02		7.9257408e+00		6.3721063e-08		2.0049585e-07		1.1036812e-07		1.1036812e-07		4.3426884e-144
2.1600000e+02		2.1700000e+02		2.1650000e+02		7.3353469e+00		6.2807912e-08		1.9735354e-07		1.0878649e-07		1.0878649e-07		2.1174843e-143
2.1700000e+02		2.1800000e+02		2.1750000e+02		7.5953881e+00		6.7543133e-08		2.1192617e-07		1.1698814e-07		1.1698814e-07		1.3953170e-143
2.1800000e+02		2.1900000e+02		2.1850000e+02		1.0217230e+01		9.3669839e-08		2.9368006e-07		1.6224092e-07		1.6224092e-07		4.4618272e-143
2.1900000e+02		2.2000000e+02		2.1950000e+02		1.0786519e+01		9.5136086e-08		2.9865763e-07		1.6478053e-07		1.6478053e-07		4.9379874e-143
2.2000000e+02		2.2100000e+02		2.2050000e+02		1.0851638e+01		1.0547060e-07		3.3012795e-07		1.8268044e-07		1.8268044e-07		1.1895256e-142
2.2100000e+02		2.2200000e+02		2.2150000e+02		8.6872371e+00		9.6917990e-08		3.0204811e-07		1.6786688e-07		1.6786688e-07		1.4897534e-142
2.2200000e+02		2.2300000e+02		2.2250000e+02		1.1691346e+01		1.1975731e-07		3.7450035e-07		2.0742574e-07		2.0742574e-07		4.0294442e-142
2.2300000e+02		2.2400000e+02		2.2350000e+02		1.5139682e+01		1.6065485e-07		5.0197792e-07		2.7826236e-07		2.7826236e-07		8.2514491e-142
2.2400000e+02		2.2500000e+02		2.2450000e+02		1.4154944e+01		1.5467928e-07		4.8286069e-07		2.6791237e-07		2.6791237e-07		7.6729903e-142
2.2500000e+02		2.2600000e+02		2.2550000e+02		1.2365614e+01		1.3994742e-07		4.3651426e-07		2.4239604e-07		2.4239604e-07		1.4429836e-141
2.2600000e+02		2.2700000e+02		2.2650000e+02		9.0577089e+00		1.0466103e-07		3.2615945e-07		1.8127821e-07		1.8127821e-07		9.2100956e-142
2.2700000e+02		2.2800000e+02		2.2750000e+02		8.8108381e+00		1.0465355e-07		3.2587111e-07		1.8126526e-07		1.8126526e-07		1.1951876e-141
2.2800000e+02		2.2900000e+02		2.2850000e+02		1.2275156e+01		1.7991459e-07		5.5652424e-07		3.1162122e-07		3.1162122e-07		5.1283278e-141
2.2900000e+02		2.3000000e+02		2.2950000e+02		1.1031259e+01		1.3836448e-07		4.3044717e-07		2.3965431e-07		2.3965431e-07		1.0216672e-140
2.3000000e+02		2.3100000e+02		2.3050000e+02		1.2510180e+01		1.6111048e-07		5.0074376e-07		2.7905154e-07		2.7905154e-07		1.0395764e-140
2.3100000e+02		2.3200000e+02		2.3150000e+02		1.1791833e+01		1.6027107e-07		4.9735409e-07		2.7759763e-07		2.7759763e-07		1.6908620e-140
2.3200000e+02		2.3300000e+02		2.3250000e+02		1.2664003e+01		1.7302870e-07		5.3714895e-07		2.9969450e-07		2.9969450e-07		4.9613318e-140
2.3300000e+02		2.3400000e+02		2.3350000e+02		1.1428554e+01		1.6091411e-07		4.9899742e-07		2.7871141e-07		2.7871141e-07		3.7417139e-140
2.3400000e+02		2.3500000e+02		2.3450000e+02		9.9864853e+00		1.4395800e-07		4.4609143e-07		2.4934256e-07		2.4934256e-07		3.7550161e-140
2.3500000e+02		2.3600000e+02		2.3550000e+02		1.3443360e+01		1.6330972e-07		5.0886539e-07		2.8286073e-07		2.8286073e-07		3.9221889e-140
2.3600000e+02		2.3700000e+02		2.3650000e+02		1.2448020e+01		1.8814084e-07		5.8230717e-07		3.2586949e-07		3.2586949e-07		1.0533501e-139
2.3700000e+02		2.3800000e+02		2.3750000e+02		1.3294723e+01		2.0460209e-07		6.3302985e-07		3.5438122e-07		3.5438122e-07		2.0478683e-139
2.3800000e+02		2.3900000e+02		2.3850000e+02		1.1021422e+01		1.7618941e-07		5.4460173e-07		3.0516901e-07		3.0516901e-07		3.0549547e-139
2.3900000e+02		2.4000000e+02		2.3950000e+02		1.2008577e+01		1.9809091e-07		6.1175912e-07		3.4310352e-07		3.4310352e-07		4.8947612e-139
2.4000000e+02		2.4100000e+02		2.4050000e+02		1.1032163e+01		1.8608374e-07		5.7419836e-07		3.2230650e-07		3.2230650e-07		3.4967633e-139
2.4100000e+02		2.4200000e+02		2.4150000e+02		1.2918879e+01		2.2443281e-07		6.9198725e-07		3.8872903e-07		3.8872903e-07		6.5419522e-139
2.4200000e+02		2.4300000e+02		2.4250000e+02		1.7782729e+01		3.1253969e-07		9.6341677e-07		5.4133462e-07		5.4133462e-07		1.2053255e-138
2.4300000e+02		2.4400000e+02		2.4350000e+02		1.6701989e+01		2.9976027e-07		9.2355715e-07		5.1920002e-07		5.1920002e-07		1.6746879e-138
2.4400000e+02		2.4500000e+02		2.4450000e+02		1.5641720e+01		2.8826950e-07		8.8756620e-07		4.9929742e-07		4.9929742e-07		2.6615992e-138
2.4500000e+02		2.4600000e+02		2.4550000e+02		1.2691134e+01		2.3883386e-07		7.3492559e-07		4.1367238e-07		4.1367238e-07		2.5615633e-138
2.4600000e+02		2.4700000e+02		2.4650000e+02		1.2350906e+01		2.4514110e-07		7.5335464e-07		4.2459684e-07		4.2459684e-07		6.6876654e-138
2.4700000e+02		2.4800000e+02		2.4750000e+02		1.3639226e+01		2.7359108e-07		8.4047269e-07		4.7387365e-07		4.7387365e-07		6.6315108e-138
2.4800000e+02		2.4900000e+02		2.4850000e+02		1.0938846e+01		2.1923175e-07		6.7342525e-07		3.7972052e-07		3.7972052e-07		4.5682749e-138
2.4900000e+02		2.5000000e+02		2.4950000e+02		1.3333262e+01		2.7052922e-07		8.3072823e-07		4.6857035e-07		4.6857035e-07		8.2808441e-138
2.5000000e+02		2.5100000e+02		2.5050000e+02		1.4401571e+01		3.0183309e-07		9.2625137e-07		5.2279024e-07		5.2279024e-07		1.4203212e-137
2.5100000e+02		2.5200000e+02		2.5150000e+02		1.2007424e+01		2.5480978e-07		7.8169847e-07		4.4134349e-07		4.4134349e-07		1.6946947e-137
2.5200000e+02		2.5300000e+02		2.5250000e+02		1.0794009e+01		2.3382923e-07		7.1684635e-07		4.0500411e-07		4.0500411e-07		1.6535226e-137
2.5300000e+02		2.5400000e+02		2.5350000e+02		1.3602371e+01		3.0513398e-07		9.3443158e-07		5.2850756e-07		5.2850756e-07		3.1322234e-137
2.5400000e+02		2.5500000e+02		2.5450000e+02		1.5384114e+01		3.5310949e-07		1.0807521e-06		6.1160358e-07		6.1160358e-07		3.4988082e-137
2.5500000e+02		2.5600000e+02		2.5550000e+02		2.0992062e+01		4.9322353e-07		1.5085306e-06		8.5428821e-07		8.5428821e-07		7.3258550e-137
2.5600000e+02		2.5700000e+02		2.5650000e+02		2.7040612e+01		6.4795237e-07		1.9810061e-06		1.1222864e-06		1.1222864e-06		1.6632995e-136
2.5700000e+02		2.5800000e+02		2.5750000e+02		3.3946512e+01		8.3878457e-07		2.5624550e-06		1.4528175e-06		1.4528175e-06		2.7760376e-136
2.5800000e+02		2.5900000e+02		2.5850000e+02		3.5732434e+01		9.0105386e-07		2.7507703e-06		1.5606711e-06		1.5606711e-06		2.2830850e-136
2.5900000e+02		2.6000000e+02		2.5950000e+02		3.0409976e+01		7.6989364e-07		2.3506064e-06		1.3334949e-06		1.3334949e-06		3.2253018e-136
2.6000000e+02		2.6100000e+02		2.6050000e+02		2.4915606e+01		6.6668226e-07		2.0321054e-06		1.1547276e-06		1.1547276e-06		4.1454064e-136
2.6100000e+02		2.6200000e+02		2.6150000e+02		2.5442742e+01		1.0388798e-06		3.1231978e-06		1.7993925e-06		1.7993925e-06		4.0683417e-136
2.6200000e+02		2.6300000e+02		2.6250000e+02		3.0366547e+01		1.0664084e-06		3.2219478e-06		1.8470735e-06		1.8470735e-06		5.1597941e-136
2.6300000e+02		2.6400000e+02		2.6350000e+02		4.5700096e+01		1.3703838e-06		4.1624734e-06		2.3735743e-06		2.3735743e-06		1.0333458e-135
2.6400000e+02		2.6500000e+02		2.6450000e+02		7.1249372e+01		3.3267114e-06		9.9621433e-06		5.7620331e-06		5.7620331e-06		3.1299696e-135
2.6500000e+02		2.6600000e+02		2.6550000e+02		7.4731454e+01		2.3886223e-06		7.2418987e-06		4.1372152e-06		4.1372152e-06		2.5697992e-135
2.6600000e+02		2.6700000e+02		2.6650000e+02		7.2446611e+01		2.2407854e-06		6.8033030e-06		3.8811541e-06		3.8811541e-06		5.0042652e-135
2.6700000e+02		2.6800000e+02		2.6750000e+02		7.2937204e+01		2.6355169e-06		7.9616604e-06		4.5648492e-06		4.5648492e-06		4.4081632e-135
2.6800000e+02		2.6900000e+02		2.6850000e+02		7.2239021e+01		2.5549250e-06		7.7242183e-06		4.4252599e-06		4.4252599e-06		4.5197218e-135
2.6900000e+02		2.7000000e+02		2.6950000e+02		6.7758000e+01		2.2174165e-06		6.7240623e-06		3.8406780e-06		3.8406780e-06		8.7178845e-135
2.7000000e+02		2.7100000e+02		2.7050000e+02		7.8281462e+01		2.1804638e-06		6.6483280e-06		3.7766741e-06		3.7766741e-06		1.5827067e-134
2.7100000e+02		2.7200000e+02		2.7150000e+02		6.5051220e+01		2.2156106e-06		6.7099343e-06		3.8375501e-06		3.8375501e-06		7.4980561e-135
2.7200000e+02		2.7300000e+02		2.7250000e+02		5.2331568e+01		1.8261219e-06		5.5274846e-06		3.1629360e-06		3.1629360e-06		1.2607242e-134
2.7300000e+02		2.7400000e+02		2.7350000e+02		5.5800645e+01		1.9643431e-06		5.9437006e-06		3.4023420e-06		3.4023420e-06		1.3882057e-134
2.7400000e+02		2.7500000e+02		2.7450000e+02		3.8398649e+01		1.5356598e-06		4.6282223e-06		2.6598408e-06		2.6598408e-06		1.0882733e-134
2.7500000e+02		2.7600000e+02		2.7550000e+02		5.1208696e+01		2.0980525e-06		6.3183720e-06		3.6339335e-06		3.6339335e-06		1.4412909e-134
2.7600000e+02		2.7700000e+02		2.7650000e+02		7.1318275e+01		2.3070238e-06		7.0029491e-06		3.9958824e-06		3.9958824e-06		2.9539942e-134
2.7700000e+02		2.7800000e+02		2.7750000e+02		6.8188493e+01		3.2472441e-06		9.7322779e-06		5.6243918e-06		5.6243918e-06		1.8834303e-134
2.7800000e+02		2.7900000e+02		2.7850000e+02		4.7024496e+01		1.8888311e-06		5.6931514e-06		3.2715514e-06		3.2715514e-06		1.2739557e-134
2.7900000e+02		2.8000000e+02		2.7950000e+02		2.6422560e+01		1.0612258e-06		3.1996093e-06		1.8380971e-06		1.8380971e-06		1.1304943e-134
2.8000000e+02		2.8100000e+02		2.8050000e+02		2.8982131e+01		1.1948638e-06		3.6003501e-06		2.0695647e-06		2.0695647e-06		1.8766022e-134
2.8100000e+02		2.8200000e+02		2.8150000e+02		6.0033324e+01		2.4259783e-06		7.3163529e-06		4.2019178e-06		4.2019178e-06		5.2379072e-134
2.8200000e+02		2.8300000e+02		2.8250000e+02		8.1733762e+01		3.1380159e-06		9.4806349e-06		5.4352029e-06		5.4352029e-06		8.9057006e-134
2.8300000e+02		2.8400000e+02		2.8350000e+02		8.4433091e+01		3.6590470e-06		1.1013042e-05		6.3376553e-06		6.3376553e-06		1.3885527e-133
2.8400000e+02		2.8500000e+02		2.8450000e+02		6.2255376e+01		2.6874011e-06		8.0890097e-06		4.6547153e-06		4.6547153e-06		6.5641030e-134
2.8500000e+02		2.8600000e+02		2.8550000e+02		4.0018063e+01		1.8189704e-06		5.4664606e-06		3.1505492e-06		3.1505492e-06		4.2357028e-134
2.8600000e+02		2.8700000e+02		2.8650000e+02		8.2001717e+01		3.3885020e-06		1.0218735e-05		5.8690576e-06		5.8690576e-06		1.4718597e-133
2.8700000e+02		2.8800000e+02		2.8750000e+02		9.5189148e+01		4.5547941e-06		1.3668585e-05		7.8891347e-06		7.8891347e-06		1.3830226e-133
2.8800000e+02		2.8900000e+02		2.8850000e+02		9.0460934e+01		4.3823638e-06		1.3150760e-05		7.5904768e-06		7.5904768e-06		2.2048448e-133
2.8900000e+02		2.9000000e+02		2.8950000e+02		1.3728321e+02		6.6862862e-06		2.0057940e-05		1.1580987e-05		1.1580987e-05		1.7995269e-133
2.9000000e+02		2.9100000e+02		2.9050000e+02		1.8023325e+02		8.6880859e-06		2.6077621e-05		1.5048206e-05		1.5048206e-05		3.4493910e-133
2.9100000e+02		2.9200000e+02		2.9150000e+02		1.7359450e+02		9.9425761e-06		2.9676646e-05		1.7221047e-05		1.7221047e-05		5.7850957e-133
2.9200000e+02		2.9300000e+02		2.9250000e+02		1.5421676e+02		7.8789616e-06		2.3615901e-05		1.3646762e-05		1.3646762e-05		7.2941696e-133
2.9300000e+02		2.9400000e+02		2.9350000e+02		1.6099986e+02		8.4264756e-06		2.5237666e-05		1.4595084e-05		1.4595084e-05		7.1819054e-133
2.9400000e+02		2.9500000e+02		2.9450000e+02		1.4991794e+02		7.9911051e-06		2.3922405e-05		1.3841000e-05		1.3841000e-05		7.5034138e-133
2.9500000e+02		2.9600000e+02		2.9550000e+02		1.6232431e+02		8.6454465e-06		2.5883320e-05		1.4974353e-05		1.4974353e-05		7.1491437e-133
2.9600000e+02		2.9700000e+02		2.9650000e+02		1.4851381e+02		8.3866460e-06		2.5063834e-05		1.4526097e-05		1.4526097e-05		8.1199237e-133
2.9700000e+02		2.9800000e+02		2.9750000e+02		1.5140866e+02		8.8602669e-06		2.6455383e-05		1.5346432e-05		1.5346432e-05		1.2743611e-132
2.9800000e+02		2.9900000e+02		2.9850000e+02		1.3012850e+02		7.7419731e-06		2.3100245e-05		1.3409491e-05		1.3409491e-05		5.5888192e-133
2.9900000e+02		3.0000000e+02		2.9950000e+02		1.4682541e+02		8.9452002e-06		2.6686343e-05		1.5493541e-05		1.5493541e-05		2.0370607e-132
3.0000000e+02		3.0100000e+02		3.0050000e+02		1.1681452e+02		7.3451545e-06		2.1883953e-05		1.2722181e-05		1.2722181e-05		8.5393162e-133
3.0100000e+02		3.0200000e+02		3.0150000e+02		1.3434477e+02		7.3828964e-06		2.2098084e-05		1.2787552e-05		1.2787552e-05		1.4046061e-132
3.0200000e+02		3.0300000e+02		3.0250000e+02		1.4142283e+02		7.0140788e-06		2.1075004e-05		1.2148741e-05		1.2148741e-05		1.5225895e-132
3.0300000e+02		3.0400000e+02		3.0350000e+02		1.8342160e+02		8.5982147e-06		2.5868962e-05		1.4892545e-05		1.4892545e-05		2.4118739e-132
3.0400000e+02		3.0500000e+02		3.0450000e+02		1.7556728e+02		8.3809269e-06		2.5198098e-05		1.4516191e-05		1.4516191e-05		2.2638285e-132
3.0500000e+02		3.0600000e+02		3.0550000e+02		1.7728071e+02		8.4354147e-06		2.5370420e-05		1.4610567e-05		1.4610567e-05		2.6470603e-132
3.0600000e+02		3.0700000e+02		3.0650000e+02		1.6814926e+02		8.1765743e-06		2.4578958e-05		1.4162242e-05		1.4162242e-05		2.7707222e-132
3.0700000e+02		3.0800000e+02		3.0750000e+02		1.8878816e+02		9.5768941e-06		2.8755813e-05		1.6587667e-05		1.6587667e-05		3.1819862e-132
3.0800000e+02		3.0900000e+02		3.0850000e+02		1.8529086e+02		1.2267909e-05		3.6530514e-05		2.1248641e-05		2.1248641e-05		5.9631656e-132
3.0900000e+02		3.1000000e+02		3.0950000e+02		1.5026991e+02		1.0357002e-05		3.0792692e-05		1.7938853e-05		1.7938853e-05		2.2628421e-132
3.1000000e+02		3.1100000e+02		3.1050000e+02		1.8913229e+02		1.3777252e-05		4.0900062e-05		2.3862901e-05		2.3862901e-05		4.7029626e-132
3.1100000e+02		3.1200000e+02		3.1150000e+02		2.2495083e+02		1.7223595e-05		5.1062737e-05		2.9832141e-05		2.9832141e-05		7.1829932e-132
3.1200000e+02		3.1300000e+02		3.1250000e+02		2.0030306e+02		1.5560195e-05		4.6116669e-05		2.6951049e-05		2.6951049e-05		7.4917284e-132
3.1300000e+02		3.1400000e+02		3.1350000e+02		2.1331645e+02		1.6951391e-05		5.0207621e-05		2.9360670e-05		2.9360670e-05		6.8929203e-132
3.1400000e+02		3.1500000e+02		3.1450000e+02		2.0119548e+02		1.6465702e-05		4.8731320e-05		2.8519433e-05		2.8519433e-05		8.8920039e-132
3.1500000e+02		3.1600000e+02		3.1550000e+02		1.9522773e+02		1.6541682e-05		4.8902490e-05		2.8651033e-05		2.8651033e-05		8.2616341e-132
3.1600000e+02		3.1700000e+02		3.1650000e+02		1.9043254e+02		1.6205366e-05		4.7908277e-05		2.8068517e-05		2.8068517e-05		9.2934044e-132
3.1700000e+02		3.1800000e+02		3.1750000e+02		2.4155434e+02		2.1810675e-05		6.4370075e-05		3.7777197e-05		3.7777197e-05		1.9424888e-131
3.1800000e+02		3.1900000e+02		3.1850000e+02		1.9952276e+02		1.7760366e-05		5.2435978e-05		3.0761856e-05		3.0761856e-05		1.0308529e-131
3.1900000e+02		3.2000000e+02		3.1950000e+02		2.1430874e+02		1.9474063e-05		5.7483341e-05		3.3730066e-05		3.3730066e-05		1.8830361e-131
3.2000000e+02		3.2100000e+02		3.2050000e+02		2.4621307e+02		2.5839000e-05		7.5933645e-05		4.4754460e-05		4.4754460e-05		1.9925123e-131
3.2100000e+02		3.2200000e+02		3.2150000e+02		2.0677326e+02		1.8621166e-05		5.4988037e-05		3.2252806e-05		3.2252806e-05		1.2126151e-131
3.2200000e+02		3.2300000e+02		3.2250000e+02		2.0765168e+02		1.8817104e-05		5.5574619e-05		3.2592180e-05		3.2592180e-05		1.4538307e-131
3.2300000e+02		3.2400000e+02		3.2350000e+02		2.0066974e+02		1.9799238e-05		5.8312807e-05		3.4293286e-05		3.4293286e-05		1.3562490e-131
3.2400000e+02		3.2500000e+02		3.2450000e+02		2.3629853e+02		2.3230013e-05		6.8441166e-05		4.0235563e-05		4.0235563e-05		1.2949235e-131
3.2500000e+02		3.2600000e+02		3.2550000e+02		2.7209498e+02		2.6558739e-05		7.8244596e-05		4.6001086e-05		4.6001086e-05		9.1010702e-132
3.2600000e+02		3.2700000e+02		3.2650000e+02		3.0699214e+02		3.3117485e-05		9.7323245e-05		5.7361167e-05		5.7361167e-05		2.4273929e-131
3.2700000e+02		3.2800000e+02		3.2750000e+02		2.9701525e+02		3.2706920e-05		9.6069693e-05		5.6650048e-05		5.6650048e-05		2.3567048e-131
3.2800000e+02		3.2900000e+02		3.2850000e+02		2.8673370e+02		3.3068502e-05		9.6967840e-05		5.7276325e-05		5.7276325e-05		2.4538932e-131
3.2900000e+02		3.3000000e+02		3.2950000e+02		3.3379807e+02		3.9312770e-05		1.1526568e-04		6.8091715e-05		6.8091715e-05		5.6202229e-131
3.3000000e+02		3.3100000e+02		3.3050000e+02		3.1443449e+02		3.9557363e-05		1.1573221e-04		6.8515362e-05		6.8515362e-05		3.8189851e-131
3.3100000e+02		3.3200000e+02		3.3150000e+02		3.0087994e+02		4.2716387e-05		1.2447145e-04		7.3986953e-05		7.3986953e-05		6.7909749e-131
3.3200000e+02		3.3300000e+02		3.3250000e+02		2.9519831e+02		4.3942212e-05		1.2783581e-04		7.6110144e-05		7.6110144e-05		4.2483661e-131
3.3300000e+02		3.3400000e+02		3.3350000e+02		2.8364288e+02		4.3312446e-05		1.2600004e-04		7.5019356e-05		7.5019356e-05		9.3185266e-131
3.3400000e+02		3.3500000e+02		3.3450000e+02		2.9883003e+02		4.7399733e-05		1.3773616e-04		8.2098745e-05		8.2098745e-05		8.6032019e-131
3.3500000e+02		3.3600000e+02		3.3550000e+02		2.9511053e+02		4.8083718e-05		1.3958604e-04		8.3283442e-05		8.3283442e-05		6.9261495e-131
3.3600000e+02		3.3700000e+02		3.3650000e+02		2.4313126e+02		4.0670813e-05		1.1796498e-04		7.0443915e-05		7.0443915e-05		6.6218249e-131
3.3700000e+02		3.3800000e+02		3.3750000e+02		2.5649874e+02		4.3617630e-05		1.2647628e-04		7.5547951e-05		7.5547951e-05		4.8157884e-131
3.3800000e+02		3.3900000e+02		3.3850000e+02		2.7748673e+02		4.8333397e-05		1.4004594e-04		8.3715900e-05		8.3715900e-05		5.0206721e-131
3.3900000e+02		3.4000000e+02		3.3950000e+02		2.9040264e+02		5.0630784e-05		1.4677224e-04		8.7695090e-05		8.7695090e-05		9.0773095e-131
3.4000000e+02		3.4100000e+02		3.4050000e+02		3.0654056e+02		5.5047842e-05		1.5943587e-04		9.5345660e-05		9.5345660e-05		5.8355011e-131
3.4100000e+02		3.4200000e+02		3.4150000e+02		2.7979685e+02		5.0430021e-05		1.4606922e-04		8.7347358e-05		8.7347358e-05		4.5362769e-131
3.4200000e+02		3.4300000e+02		3.4250000e+02		3.0344565e+02		5.6657551e-05		1.6402246e-04		9.8133757e-05		9.8133757e-05		1.4441370e-130
3.4300000e+02		3.4400000e+02		3.4350000e+02		2.9822260e+02		5.4408709e-05		1.5769681e-04		9.4238648e-05		9.4238648e-05		1.5645724e-130
3.4400000e+02		3.4500000e+02		3.4450000e+02		2.3986676e+02		4.7084215e-05		1.3614994e-04		8.1552253e-05		8.1552253e-05		1.1397022e-130
3.4500000e+02		3.4600000e+02		3.4550000e+02		2.8907088e+02		6.0343430e-05		1.7417704e-04		1.0451789e-04		1.0451789e-04		1.0850005e-130
3.4600000e+02		3.4700000e+02		3.4650000e+02		2.8069735e+02		6.6179032e-05		1.9034980e-04		1.1462545e-04		1.1462545e-04		1.9717639e-130
3.4700000e+02		3.4800000e+02		3.4750000e+02		2.7782009e+02		7.8640167e-05		2.2487070e-04		1.3620876e-04		1.3620876e-04		1.2513688e-130
3.4800000e+02		3.4900000e+02		3.4850000e+02		2.8744416e+02		9.8507967e-05		2.8001334e-04		1.7062080e-04		1.7062080e-04		1.9811782e-130
3.4900000e+02		3.5000000e+02		3.4950000e+02		2.7550877e+02		6.4162353e-05		1.8466826e-04		1.1113245e-04		1.1113245e-04		1.2204491e-130
3.5000000e+02		3.5100000e+02		3.5050000e+02		3.3002358e+02		8.3746565e-05		2.4037092e-04		1.4505331e-04		1.4505331e-04		1.2726195e-130
3.5100000e+02		3.5200000e+02		3.5150000e+02		3.0660572e+02		8.0692676e-05		2.3142945e-04		1.3976382e-04		1.3976382e-04		2.7930132e-130
3.5200000e+02		3.5300000e+02		3.5250000e+02		2.8324198e+02		7.5212946e-05		2.1564959e-04		1.3027264e-04		1.3027264e-04		1.4620866e-130
3.5300000e+02		3.5400000e+02		3.5350000e+02		3.2405327e+02		9.3630600e-05		2.6780887e-04		1.6217296e-04		1.6217296e-04		1.2496959e-130
3.5400000e+02		3.5500000e+02		3.5450000e+02		3.4586270e+02		1.6528681e-04		4.6568052e-04		2.8628514e-04		2.8628514e-04		3.0074711e-130
3.5500000e+02		3.5600000e+02		3.5550000e+02		3.2478382e+02		1.5558935e-04		4.3842507e-04		2.6948867e-04		2.6948867e-04		2.4347136e-130
3.5600000e+02		3.5700000e+02		3.5650000e+02		2.8234357e+02		1.3444681e-04		3.7876828e-04		2.3286871e-04		2.3286871e-04		4.8447802e-131
3.5700000e+02		3.5800000e+02		3.5750000e+02		2.4674321e+02		1.1966847e-04		3.3715204e-04		2.0727188e-04		2.0727188e-04		1.7484395e-130
3.5800000e+02		3.5900000e+02		3.5850000e+02		2.1181106e+02		9.5535887e-05		2.6982210e-04		1.6547301e-04		1.6547301e-04		2.5872960e-130
3.5900000e+02		3.6000000e+02		3.5950000e+02		3.0582840e+02		1.0264197e-04		2.9251383e-04		1.7778110e-04		1.7778110e-04		1.0819258e-130
3.6000000e+02		3.6100000e+02		3.6050000e+02		3.0178862e+02		9.9816987e-05		2.8472379e-04		1.7288809e-04		1.7288809e-04		2.1629216e-130
3.6100000e+02		3.6200000e+02		3.6150000e+02		2.8033735e+02		9.8005141e-05		2.7910969e-04		1.6974988e-04		1.6974988e-04		1.9528449e-130
3.6200000e+02		3.6300000e+02		3.6250000e+02		3.1645921e+02		1.1154647e-04		3.1765804e-04		1.9320415e-04		1.9320415e-04		2.7195935e-130
3.6300000e+02		3.6400000e+02		3.6350000e+02		3.0810145e+02		1.1406005e-04		3.2432105e-04		1.9755780e-04		1.9755780e-04		2.0053893e-130
3.6400000e+02		3.6500000e+02		3.6450000e+02		3.2221950e+02		1.2329194e-04		3.5027726e-04		2.1354790e-04		2.1354790e-04		2.1311665e-130
3.6500000e+02		3.6600000e+02		3.6550000e+02		3.6674574e+02		1.4849941e-04		4.2136146e-04		2.5720853e-04		2.5720853e-04		4.3217656e-130
3.6600000e+02		3.6700000e+02		3.6650000e+02		3.9198946e+02		1.5403439e-04		4.3755857e-04		2.6679539e-04		2.6679539e-04		3.0066353e-130
3.6700000e+02		3.6800000e+02		3.6750000e+02		3.7850004e+02		1.6422869e-04		4.6501525e-04		2.8445243e-04		2.8445243e-04		1.4680817e-130
3.6800000e+02		3.6900000e+02		3.6850000e+02		3.4895620e+02		1.5958064e-04		4.5128923e-04		2.7640177e-04		2.7640177e-04		3.1406114e-130
3.6900000e+02		3.7000000e+02		3.6950000e+02		3.8736224e+02		1.8183933e-04		5.1368952e-04		3.1495495e-04		3.1495495e-04		1.0109620e-130
3.7000000e+02		3.7100000e+02		3.7050000e+02		3.6351013e+02		1.8205669e-04		5.1366610e-04		3.1533143e-04		3.1533143e-04		8.0645344e-130
3.7100000e+02		3.7200000e+02		3.7150000e+02		3.7529261e+02		1.9573079e-04		5.5144874e-04		3.3901567e-04		3.3901567e-04		3.8771988e-130
3.7200000e+02		3.7300000e+02		3.7250000e+02		3.1177186e+02		1.5997359e-04		4.5078688e-04		2.7708238e-04		2.7708238e-04		1.0544706e-130
3.7300000e+02		3.7400000e+02		3.7350000e+02		2.7192112e+02		1.4670521e-04		4.1293800e-04		2.5410088e-04		2.5410088e-04		1.3374491e-130
3.7400000e+02		3.7500000e+02		3.7450000e+02		2.7832167e+02		1.5218688e-04		4.2857096e-04		2.6359540e-04		2.6359540e-04		6.2794165e-130
3.7500000e+02		3.7600000e+02		3.7550000e+02		3.1876744e+02		1.8334909e-04		5.1528357e-04		3.1756995e-04		3.1756995e-04		3.6868417e-130
3.7600000e+02		3.7700000e+02		3.7650000e+02		3.3048657e+02		1.9872304e-04		5.5771086e-04		3.4419840e-04		3.4419840e-04		2.7233769e-130
3.7700000e+02		3.7800000e+02		3.7750000e+02		3.8770864e+02		2.4450192e-04		6.8548769e-04		4.2348974e-04		4.2348974e-04		5.5024465e-130
3.7800000e+02		3.7900000e+02		3.7850000e+02		4.0380398e+02		2.5216882e-04		7.0730330e-04		4.3676921e-04		4.3676921e-04		5.9277684e-130
3.7900000e+02		3.8000000e+02		3.7950000e+02		3.2744385e+02		2.0748478e-04		5.8169927e-04		3.5937417e-04		3.5937417e-04		2.2851637e-130
3.8000000e+02		3.8100000e+02		3.8050000e+02		3.5656330e+02		2.3005408e-04		6.4496900e-04		3.9846536e-04		3.9846536e-04		2.8880653e-130
3.8100000e+02		3.8200000e+02		3.8150000e+02		3.2019140e+02		2.2005129e-04		6.1632917e-04		3.8114002e-04		3.8114002e-04		3.0018267e-129
3.8200000e+02		3.8300000e+02		3.8250000e+02		2.2964197e+02		1.6052996e-04		4.4905983e-04		2.7804605e-04		2.7804605e-04		1.3700780e-130
3.8300000e+02		3.8400000e+02		3.8350000e+02		2.0267593e+02		1.4650368e-04		4.0960543e-04		2.5375181e-04		2.5375181e-04		3.3133992e-130
3.8400000e+02		3.8500000e+02		3.8450000e+02		2.7111947e+02		2.0854821e-04		5.8217484e-04		3.6121610e-04		3.6121610e-04		5.1268748e-130
3.8500000e+02		3.8600000e+02		3.8550000e+02		2.8715912e+02		2.2519815e-04		6.2816635e-04		3.9005463e-04		3.9005463e-04		1.9874563e-130
3.8600000e+02		3.8700000e+02		3.8650000e+02		2.8837692e+02		2.3848599e-04		6.6458596e-04		4.1306986e-04		4.1306986e-04		1.0273786e-129
3.8700000e+02		3.8800000e+02		3.8750000e+02		2.8805300e+02		2.4526479e-04		6.8280613e-04		4.2481108e-04		4.2481108e-04		4.9396097e-130
3.8800000e+02		3.8900000e+02		3.8850000e+02		2.9209390e+02		2.6295004e-04		7.3083779e-04		4.5544283e-04		4.5544283e-04		3.1355937e-130
3.8900000e+02		3.9000000e+02		3.8950000e+02		3.5069332e+02		3.1821926e-04		8.8449771e-04		5.5117193e-04		5.5117193e-04		5.0197251e-130
3.9000000e+02		3.9100000e+02		3.9050000e+02		3.6838836e+02		3.5095770e-04		9.7459260e-04		6.0787658e-04		6.0787658e-04		2.1629438e-129
3.9100000e+02		3.9200000e+02		3.9150000e+02		3.9613874e+02		3.8550790e-04		1.0695836e-03		6.6771927e-04		6.6771927e-04		6.8445558e-130
3.9200000e+02		3.9300000e+02		3.9250000e+02		3.0403432e+02		3.0155293e-04		8.3616388e-04		5.2230499e-04		5.2230499e-04		2.5313134e-130
3.9300000e+02		3.9400000e+02		3.9350000e+02		1.8639471e+02		1.9112166e-04		5.2959840e-04		3.3103243e-04		3.3103243e-04		2.4767077e-130
3.9400000e+02		3.9500000e+02		3.9450000e+02		3.0813115e+02		3.2176306e-04		8.9090275e-04		5.5730997e-04		5.5730997e-04		9.5737547e-131
3.9500000e+02		3.9600000e+02		3.9550000e+02		3.7840801e+02		4.2159875e-04		1.1665139e-03		7.3023046e-04		7.3023046e-04		3.4169327e-129
3.9600000e+02		3.9700000e+02		3.9650000e+02		2.6140326e+02		2.9706369e-04		8.2124534e-04		5.1452941e-04		5.1452941e-04		6.8450889e-130
3.9700000e+02		3.9800000e+02		3.9750000e+02		2.9300657e+02		3.4189454e-04		9.4454838e-04		5.9217871e-04		5.9217871e-04		5.3027490e-130
3.9800000e+02		3.9900000e+02		3.9850000e+02		4.5124719e+02		5.4197826e-04		1.4964405e-03		9.3873389e-04		9.3873389e-04		1.0026405e-129
3.9900000e+02		4.0000000e+02		3.9950000e+02		4.9846141e+02		6.1495718e-04		1.6964708e-03		1.0651371e-03		1.0651371e-03		5.8289077e-130
4.0000000e+02		4.0100000e+02		4.0050000e+02		5.1407199e+02		6.5412675e-04		1.8036464e-03		1.1329808e-03		1.1329808e-03		1.0987505e-129
4.0100000e+02		4.0200000e+02		4.0150000e+02		5.3860814e+02		7.0552239e-04		1.9440293e-03		1.2220006e-03		1.2220006e-03		9.5284677e-130
4.0200000e+02		4.0300000e+02		4.0250000e+02		5.4526519e+02		7.4000582e-04		2.0366654e-03		1.2817277e-03		1.2817277e-03		2.1268657e-130
4.0300000e+02		4.0400000e+02		4.0350000e+02		5.2165796e+02		7.4419032e-04		2.0465660e-03		1.2889754e-03		1.2889754e-03		2.2397865e-129
4.0400000e+02		4.0500000e+02		4.0450000e+02		5.1300620e+02		7.6541148e-04		2.1028379e-03		1.3257316e-03		1.3257316e-03		3.2460672e-129
4.0500000e+02		4.0600000e+02		4.0550000e+02		5.1256585e+02		7.7354370e-04		2.1234680e-03		1.3398170e-03		1.3398170e-03		3.5197421e-130
4.0600000e+02		4.0700000e+02		4.0650000e+02		4.9035274e+02		7.5098274e-04		2.0604508e-03		1.3007403e-03		1.3007403e-03		9.7114094e-131
4.0700000e+02		4.0800000e+02		4.0750000e+02		4.9838294e+02		8.0090457e-04		2.1954324e-03		1.3872074e-03		1.3872074e-03		2.8807441e-130
4.0800000e+02		4.0900000e+02		4.0850000e+02		5.2990289e+02		9.0854263e-04		2.4874056e-03		1.5736420e-03		1.5736420e-03		1.6173635e-129
4.0900000e+02		4.1000000e+02		4.0950000e+02		5.2713439e+02		9.1600477e-04		2.5066287e-03		1.5865668e-03		1.5865668e-03		7.1184843e-130
4.1000000e+02		4.1100000e+02		4.1050000e+02		4.8293937e+02		8.6818039e-04		2.3739522e-03		1.5037325e-03		1.5037325e-03		7.7641670e-130
4.1100000e+02		4.1200000e+02		4.1150000e+02		5.5986852e+02		1.0437083e-03		2.8514524e-03		1.8077558e-03		1.8077558e-03		1.0075232e-129
4.1200000e+02		4.1300000e+02		4.1250000e+02		5.4940473e+02		1.0628856e-03		2.9010539e-03		1.8409719e-03		1.8409719e-03		8.8933044e-130
4.1300000e+02		4.1400000e+02		4.1350000e+02		5.2995399e+02		1.0371837e-03		2.8305131e-03		1.7964549e-03		1.7964549e-03		5.4561929e-130
4.1400000e+02		4.1500000e+02		4.1450000e+02		5.3771640e+02		1.1427439e-03		3.1119313e-03		1.9792904e-03		1.9792904e-03		1.1151345e-129
4.1500000e+02		4.1600000e+02		4.1550000e+02		5.3722776e+02		1.1687839e-03		3.1778634e-03		2.0243931e-03		2.0243931e-03		6.9671627e-131
4.1600000e+02		4.1700000e+02		4.1650000e+02		5.5745703e+02		1.3048616e-03		3.5436196e-03		2.2600865e-03		2.2600865e-03		7.8591009e-130
4.1700000e+02		4.1800000e+02		4.1750000e+02		5.0725322e+02		1.2655745e-03		3.4325616e-03		2.1920393e-03		2.1920393e-03		2.5450378e-129
4.1800000e+02		4.1900000e+02		4.1850000e+02		5.2601513e+02		1.3570984e-03		3.6776984e-03		2.3505633e-03		2.3505633e-03		1.7801135e-129
4.1900000e+02		4.2000000e+02		4.1950000e+02		5.3123875e+02		1.3636986e-03		3.6955234e-03		2.3619952e-03		2.3619952e-03		5.2553538e-130
4.2000000e+02		4.2100000e+02		4.2050000e+02		5.3797708e+02		1.4093642e-03		3.8176779e-03		2.4410904e-03		2.4410904e-03		1.1871675e-129
4.2100000e+02		4.2200000e+02		4.2150000e+02		5.2958361e+02		1.3660699e-03		3.7031718e-03		2.3661024e-03		2.3661024e-03		6.1713041e-130
4.2200000e+02		4.2300000e+02		4.2250000e+02		5.0190537e+02		1.3718436e-03		3.7143128e-03		2.3761028e-03		2.3761028e-03		1.6928454e-129
4.2300000e+02		4.2400000e+02		4.2350000e+02		5.3474862e+02		1.4754236e-03		3.9946513e-03		2.5555086e-03		2.5555086e-03		1.1577115e-129
4.2400000e+02		4.2500000e+02		4.2450000e+02		5.5328403e+02		1.5388558e-03		4.1671257e-03		2.6653764e-03		2.6653764e-03		1.3463358e-129
4.2500000e+02		4.2600000e+02		4.2550000e+02		5.3248014e+02		1.5174635e-03		4.1072630e-03		2.6283239e-03		2.6283239e-03		1.1322427e-129
4.2600000e+02		4.2700000e+02		4.2650000e+02		5.3029841e+02		1.5834544e-03		4.2798289e-03		2.7426234e-03		2.7426234e-03		5.6383180e-130
4.2700000e+02		4.2800000e+02		4.2750000e+02		4.9171747e+02		1.5283155e-03		4.1270215e-03		2.6471202e-03		2.6471202e-03		4.7585562e-130
4.2800000e+02		4.2900000e+02		4.2850000e+02		4.9494538e+02		1.7705638e-03		4.7648014e-03		3.0667065e-03		3.0667065e-03		1.1150523e-129
4.2900000e+02		4.3000000e+02		4.2950000e+02		4.6063718e+02		1.7239911e-03		4.6331165e-03		2.9860401e-03		2.9860401e-03		8.1043207e-130
4.3000000e+02		4.3100000e+02		4.3050000e+02		3.7055843e+02		1.4131981e-03		3.7943977e-03		2.4477309e-03		2.4477309e-03		1.9706381e-130
4.3100000e+02		4.3200000e+02		4.3150000e+02		4.5818753e+02		1.8528937e-03		4.9700035e-03		3.2093061e-03		3.2093061e-03		1.2817741e-129
4.3200000e+02		4.3300000e+02		4.3250000e+02		5.1625369e+02		2.0435258e-03		5.4871213e-03		3.5394905e-03		3.5394905e-03		1.0835784e-128
4.3300000e+02		4.3400000e+02		4.3350000e+02		5.6047485e+02		2.0828351e-03		5.5989163e-03		3.6075762e-03		3.6075762e-03		9.4280909e-131
4.3400000e+02		4.3500000e+02		4.3450000e+02		4.7595241e+02		1.8404097e-03		4.9519955e-03		3.1876832e-03		3.1876832e-03		5.3218786e-128
4.3500000e+02		4.3600000e+02		4.3550000e+02		5.3162725e+02		1.9676894e-03		5.2940545e-03		3.4081380e-03		3.4081380e-03		1.8865705e-130
4.3600000e+02		4.3700000e+02		4.3650000e+02		5.9481241e+02		2.3832757e-03		6.3979101e-03		4.1279547e-03		4.1279547e-03		1.4612972e-130
4.3700000e+02		4.3800000e+02		4.3750000e+02		5.2629983e+02		2.3374153e-03		6.2638743e-03		4.0485220e-03		4.0485220e-03		5.3252397e-129
4.3800000e+02		4.3900000e+02		4.3850000e+02		5.1257868e+02		2.3732710e-03		6.3495425e-03		4.1106260e-03		4.1106260e-03		3.9101088e-130
4.3900000e+02		4.4000000e+02		4.3950000e+02		5.7051902e+02		2.7348806e-03		7.3154379e-03		4.7369522e-03		4.7369522e-03		2.5132245e-129
4.4000000e+02		4.4100000e+02		4.4050000e+02		5.4089681e+02		2.5931911e-03		6.9367585e-03		4.4915387e-03		4.4915387e-03		6.9655115e-130
4.4100000e+02		4.4200000e+02		4.4150000e+02		5.9491633e+02		2.9279783e-03		7.8244927e-03		5.0714072e-03		5.0714072e-03		5.5494978e-130
4.4200000e+02		4.4300000e+02		4.4250000e+02		6.2544254e+02		3.1278041e-03		8.3558387e-03		5.4175155e-03		5.4175155e-03		6.4127048e-130
4.4300000e+02		4.4400000e+02		4.4350000e+02		6.0497206e+02		3.0716805e-03		8.2039107e-03		5.3203067e-03		5.3203067e-03		4.4017693e-130
4.4400000e+02		4.4500000e+02		4.4450000e+02		6.2324411e+02		3.2382675e-03		8.6465047e-03		5.6088439e-03		5.6088439e-03		6.4376611e-130
4.4500000e+02		4.4600000e+02		4.4550000e+02		5.7783999e+02		3.0347959e-03		8.1103879e-03		5.2564208e-03		5.2564208e-03		8.4851808e-130
4.4600000e+02		4.4700000e+02		4.4650000e+02		5.8940025e+02		3.1539453e-03		8.4291577e-03		5.4627935e-03		5.4627935e-03		8.3691567e-130
4.4700000e+02		4.4800000e+02		4.4750000e+02		6.3881895e+02		3.4908511e-03		9.3291008e-03		6.0463314e-03		6.0463314e-03		1.2959797e-129
4.4800000e+02		4.4900000e+02		4.4850000e+02		6.2805979e+02		3.5210880e-03		9.4077724e-03		6.0987033e-03		6.0987033e-03		1.8410286e-129
4.4900000e+02		4.5000000e+02		4.4950000e+02		6.3454704e+02		3.6220635e-03		9.6715756e-03		6.2735979e-03		6.2735979e-03		3.3737375e-130
4.5000000e+02		4.5100000e+02		4.5050000e+02		6.7325368e+02		3.9362444e-03		1.0504444e-02		6.8177752e-03		6.8177752e-03		1.4680675e-130
4.5100000e+02		4.5200000e+02		4.5150000e+02		6.7122600e+02		3.9019810e-03		1.0425951e-02		6.7584294e-03		6.7584294e-03		9.8153203e-130
4.5200000e+02		4.5300000e+02		4.5250000e+02		6.3541039e+02		3.8700696e-03		1.0322553e-02		6.7031572e-03		6.7031572e-03		4.2131859e-130
4.5300000e+02		4.5400000e+02		4.5350000e+02		6.0888666e+02		3.8901914e-03		1.0368757e-02		6.7380092e-03		6.7380092e-03		6.4582225e-130
4.5400000e+02		4.5500000e+02		4.5450000e+02		6.4999363e+02		4.2107132e-03		1.1216141e-02		7.2931692e-03		7.2931692e-03		2.7273806e-130
4.5500000e+02		4.5600000e+02		4.5550000e+02		6.4380306e+02		4.2909085e-03		1.1423430e-02		7.4320716e-03		7.4320716e-03		1.4187874e-129
4.5600000e+02		4.5700000e+02		4.5650000e+02		6.6853861e+02		4.4934890e-03		1.1952646e-02		7.7829513e-03		7.7829513e-03		3.5467232e-130
4.5700000e+02		4.5800000e+02		4.5750000e+02		6.7499745e+02		4.7731996e-03		1.2680238e-02		8.2674241e-03		8.2674241e-03		1.3908749e-129
4.5800000e+02		4.5900000e+02		4.5850000e+02		6.3439039e+02		4.5363902e-03		1.2049315e-02		7.8572583e-03		7.8572583e-03		7.3772597e-130
4.5900000e+02		4.6000000e+02		4.5950000e+02		6.5539586e+02		4.7646684e-03		1.2653419e-02		8.2526477e-03		8.2526477e-03		4.9103189e-130
4.6000000e+02		4.6100000e+02		4.6050000e+02		6.4752339e+02		4.8834871e-03		1.2960133e-02		8.4584478e-03		8.4584478e-03		4.9645675e-130
4.6100000e+02		4.6200000e+02		4.6150000e+02		6.6245412e+02		5.2294410e-03		1.3858513e-02		9.0576574e-03		9.0576574e-03		2.5770391e-130
4.6200000e+02		4.6300000e+02		4.6250000e+02		6.6901120e+02		5.4597834e-03		1.4466083e-02		9.4566223e-03		9.4566223e-03		1.5861506e-129
4.6300000e+02		4.6400000e+02		4.6350000e+02		6.4662616e+02		5.2519488e-03		1.3927669e-02		9.0966421e-03		9.0966421e-03		3.2146574e-130
4.6400000e+02		4.6500000e+02		4.6450000e+02		6.5795753e+02		5.5594769e-03		1.4744721e-02		9.6292965e-03		9.6292965e-03		1.0242081e-129
4.6500000e+02		4.6600000e+02		4.6550000e+02		6.3552746e+02		5.7526447e-03		1.5182223e-02		9.9638729e-03		9.9638729e-03		4.7388911e-130
4.6600000e+02		4.6700000e+02		4.6650000e+02		6.3955371e+02		6.1859463e-03		1.6297933e-02		1.0714373e-02		1.0714373e-02		1.4523575e-129
4.6700000e+02		4.6800000e+02		4.6750000e+02		6.4572639e+02		6.3560206e-03		1.6738536e-02		1.1008951e-02		1.1008951e-02		9.8194140e-130
4.6800000e+02		4.6900000e+02		4.6850000e+02		6.3145002e+02		6.3469977e-03		1.6716376e-02		1.0993322e-02		1.0993322e-02		1.4898955e-129
4.6900000e+02		4.7000000e+02		4.6950000e+02		6.4956875e+02		6.7108706e-03		1.7659167e-02		1.1623569e-02		1.1623569e-02		3.7959114e-130
4.7000000e+02		4.7100000e+02		4.7050000e+02		6.1381170e+02		6.6964202e-03		1.7599963e-02		1.1598540e-02		1.1598540e-02		4.2324550e-130
4.7100000e+02		4.7200000e+02		4.7150000e+02		6.4174114e+02		7.1029149e-03		1.8667257e-02		1.2302609e-02		1.2302609e-02		7.8256457e-130
4.7200000e+02		4.7300000e+02		4.7250000e+02		6.5742798e+02		7.7774878e-03		2.0409091e-02		1.3471004e-02		1.3471004e-02		9.4421576e-130
4.7300000e+02		4.7400000e+02		4.7350000e+02		6.4563741e+02		7.7957157e-03		2.0447714e-02		1.3502576e-02		1.3502576e-02		8.0404828e-130
4.7400000e+02		4.7500000e+02		4.7450000e+02		6.6512717e+02		7.9999194e-03		2.1040875e-02		1.3856267e-02		1.3856267e-02		8.9183122e-130
4.7500000e+02		4.7600000e+02		4.7550000e+02		6.6365303e+02		8.3288510e-03		2.1862124e-02		1.4425993e-02		1.4425993e-02		4.8346461e-130
4.7600000e+02		4.7700000e+02		4.7650000e+02		6.3952653e+02		8.4344015e-03		2.2087978e-02		1.4608812e-02		1.4608812e-02		7.0955187e-130
4.7700000e+02		4.7800000e+02		4.7750000e+02		6.6772274e+02		9.0637854e-03		2.3725316e-02		1.5698937e-02		1.5698937e-02		7.1096823e-130
4.7800000e+02		4.7900000e+02		4.7850000e+02		6.6128260e+02		9.3242691e-03		2.4394479e-02		1.6150108e-02		1.6150108e-02		2.1099441e-129
4.7900000e+02		4.8000000e+02		4.7950000e+02		6.6320839e+02		9.5925807e-03		2.5081279e-02		1.6614837e-02		1.6614837e-02		1.1874025e-129
4.8000000e+02		4.8100000e+02		4.8050000e+02		6.6489751e+02		9.9020904e-03		2.5883975e-02		1.7150924e-02		1.7150924e-02		4.8184046e-130
4.8100000e+02		4.8200000e+02		4.8150000e+02		6.6630748e+02		9.7425353e-03		2.5542789e-02		1.6874566e-02		1.6874566e-02		1.6527264e-130
4.8200000e+02		4.8300000e+02		4.8250000e+02		6.6376999e+02		1.0162877e-02		2.6617966e-02		1.7602619e-02		1.7602619e-02		2.2277725e-130
4.8300000e+02		4.8400000e+02		4.8350000e+02		6.5373157e+02		1.0379518e-02		2.7176108e-02		1.7977852e-02		1.7977852e-02		9.4118453e-130
4.8400000e+02		4.8500000e+02		4.8450000e+02		6.4242337e+02		1.0139200e-02		2.6543560e-02		1.7561610e-02		1.7561610e-02		1.1924937e-130
4.8500000e+02		4.8600000e+02		4.8550000e+02		6.0369332e+02		9.2567530e-03		2.4273336e-02		1.6033166e-02		1.6033166e-02		3.9661815e-130
4.8600000e+02		4.8700000e+02		4.8650000e+02		5.2412565e+02		8.5168363e-03		2.2308898e-02		1.4751593e-02		1.4751593e-02		3.3844883e-130
4.8700000e+02		4.8800000e+02		4.8750000e+02		5.9966111e+02		1.1603229e-02		3.0152239e-02		2.0097383e-02		2.0097383e-02		2.5552977e-130
4.8800000e+02		4.8900000e+02		4.8850000e+02		6.3081686e+02		1.2201438e-02		3.1710935e-02		2.1133511e-02		2.1133511e-02		3.4987983e-130
4.8900000e+02		4.9000000e+02		4.8950000e+02		6.1880396e+02		1.2555177e-02		3.2606139e-02		2.1746205e-02		2.1746205e-02		8.0473008e-130
4.9000000e+02		4.9100000e+02		4.9050000e+02		6.5907671e+02		1.3567663e-02		3.5225348e-02		2.3499882e-02		2.3499882e-02		4.3507412e-130
4.9100000e+02		4.9200000e+02		4.9150000e+02		6.2110374e+02		1.5389701e-02		3.9776786e-02		2.6655744e-02		2.6655744e-02		1.1126321e-129
4.9200000e+02		4.9300000e+02		4.9250000e+02		5.9112858e+02		1.4739416e-02		3.8092096e-02		2.5529417e-02		2.5529417e-02		2.8828253e-130
4.9300000e+02		4.9400000e+02		4.9350000e+02		6.2472140e+02		1.4438175e-02		3.7395761e-02		2.5007653e-02		2.5007653e-02		3.6108068e-130
4.9400000e+02		4.9500000e+02		4.9450000e+02		6.4279699e+02		1.5450939e-02		3.9990138e-02		2.6761812e-02		2.6761812e-02		4.7329237e-130
4.9500000e+02		4.9600000e+02		4.9550000e+02		6.3133158e+02		1.5754902e-02		4.0741044e-02		2.7288290e-02		2.7288290e-02		2.3535134e-130
4.9600000e+02		4.9700000e+02		4.9650000e+02		6.3921352e+02		1.6504628e-02		4.2656803e-02		2.8586854e-02		2.8586854e-02		4.4264984e-130
4.9700000e+02		4.9800000e+02		4.9750000e+02		6.5113923e+02		1.6265817e-02		4.2081511e-02		2.8173221e-02		2.8173221e-02		5.1174308e-130
4.9800000e+02		4.9900000e+02		4.9850000e+02		5.9175801e+02		1.4456267e-02		3.7424175e-02		2.5038989e-02		2.5038989e-02		2.0372555e-130
4.9900000e+02		5.0000000e+02		4.9950000e+02		6.3385792e+02		1.6231865e-02		4.1985760e-02		2.8114415e-02		2.8114415e-02		1.6376981e-130
