Left Bin Edge (nm)	Right Bin Edge (nm)	Bin Center (nm)		Top of Atm Intensity (erg/s/nm/cm2)		Total Surface Flux (erg/s/nm/cm2)		Total Intensity at BOA (erg/s/nm/cm2)		Total Surface Intensity (erg/s/nm/cm2)		Total Surface Diffuse Intensity (erg/s/nm/cm2)		Total Surface Direct Intensity (erg/s/nm/cm2)
1.0000000e+02		1.0100000e+02		1.0050000e+02		1.9189487e-02		0.0000000e+00		0.0000000e+00		0.0000000e+00		0.0000000e+00		0.0000000e+00
1.0100000e+02		1.0200000e+02		1.0150000e+02		7.4861701e-02		0.0000000e+00		0.0000000e+00		0.0000000e+00		0.0000000e+00		0.0000000e+00
1.0200000e+02		1.0300000e+02		1.0250000e+02		3.9734366e-01		0.0000000e+00		0.0000000e+00		0.0000000e+00		0.0000000e+00		0.0000000e+00
1.0300000e+02		1.0400000e+02		1.0350000e+02		3.0179545e-01		0.0000000e+00		0.0000000e+00		0.0000000e+00		0.0000000e+00		0.0000000e+00
1.0400000e+02		1.0500000e+02		1.0450000e+02		6.0815352e-02		0.0000000e+00		0.0000000e+00		0.0000000e+00		0.0000000e+00		0.0000000e+00
1.0500000e+02		1.0600000e+02		1.0550000e+02		2.0834600e-02		0.0000000e+00		0.0000000e+00		0.0000000e+00		0.0000000e+00		0.0000000e+00
1.0600000e+02		1.0700000e+02		1.0650000e+02		1.9584792e-02		0.0000000e+00		0.0000000e+00		0.0000000e+00		0.0000000e+00		0.0000000e+00
1.0700000e+02		1.0800000e+02		1.0750000e+02		2.1853879e-02		0.0000000e+00		0.0000000e+00		0.0000000e+00		0.0000000e+00		0.0000000e+00
1.0800000e+02		1.0900000e+02		1.0850000e+02		3.0634999e-02		0.0000000e+00		0.0000000e+00		0.0000000e+00		0.0000000e+00		0.0000000e+00
1.0900000e+02		1.1000000e+02		1.0950000e+02		2.4032561e-02		0.0000000e+00		0.0000000e+00		0.0000000e+00		0.0000000e+00		0.0000000e+00
1.1000000e+02		1.1100000e+02		1.1050000e+02		2.3268893e-02		0.0000000e+00		0.0000000e+00		0.0000000e+00		0.0000000e+00		0.0000000e+00
1.1100000e+02		1.1200000e+02		1.1150000e+02		2.1871272e-02		0.0000000e+00		0.0000000e+00		0.0000000e+00		0.0000000e+00		0.0000000e+00
1.1200000e+02		1.1300000e+02		1.1250000e+02		2.2375602e-02		0.0000000e+00		0.0000000e+00		0.0000000e+00		0.0000000e+00		0.0000000e+00
1.1300000e+02		1.1400000e+02		1.1350000e+02		1.7748133e-02		0.0000000e+00		0.0000000e+00		0.0000000e+00		0.0000000e+00		0.0000000e+00
1.1400000e+02		1.1500000e+02		1.1450000e+02		1.3589480e-02		0.0000000e+00		0.0000000e+00		0.0000000e+00		0.0000000e+00		0.0000000e+00
1.1500000e+02		1.1600000e+02		1.1550000e+02		1.8751615e-02		0.0000000e+00		0.0000000e+00		0.0000000e+00		0.0000000e+00		0.0000000e+00
1.1600000e+02		1.1700000e+02		1.1650000e+02		4.3674487e-02		0.0000000e+00		0.0000000e+00		0.0000000e+00		0.0000000e+00		0.0000000e+00
1.1700000e+02		1.1800000e+02		1.1750000e+02		1.5546757e-01		0.0000000e+00		0.0000000e+00		0.0000000e+00		0.0000000e+00		0.0000000e+00
1.1800000e+02		1.1900000e+02		1.1850000e+02		5.2889236e-02		0.0000000e+00		0.0000000e+00		0.0000000e+00		0.0000000e+00		0.0000000e+00
1.1900000e+02		1.2000000e+02		1.1950000e+02		7.3692884e-02		0.0000000e+00		0.0000000e+00		0.0000000e+00		0.0000000e+00		0.0000000e+00
1.2000000e+02		1.2100000e+02		1.2050000e+02		4.0066072e-01		0.0000000e+00		0.0000000e+00		0.0000000e+00		0.0000000e+00		0.0000000e+00
1.2100000e+02		1.2200000e+02		1.2150000e+02		1.5905289e+01		0.0000000e+00		0.0000000e+00		0.0000000e+00		0.0000000e+00		0.0000000e+00
1.2200000e+02		1.2300000e+02		1.2250000e+02		1.0666543e-01		0.0000000e+00		0.0000000e+00		0.0000000e+00		0.0000000e+00		0.0000000e+00
1.2300000e+02		1.2400000e+02		1.2350000e+02		5.7456553e-02		0.0000000e+00		0.0000000e+00		0.0000000e+00		0.0000000e+00		0.0000000e+00
1.2400000e+02		1.2500000e+02		1.2450000e+02		4.6184197e-02		0.0000000e+00		0.0000000e+00		0.0000000e+00		0.0000000e+00		0.0000000e+00
1.2500000e+02		1.2600000e+02		1.2550000e+02		4.5085118e-02		0.0000000e+00		0.0000000e+00		0.0000000e+00		0.0000000e+00		0.0000000e+00
1.2600000e+02		1.2700000e+02		1.2650000e+02		6.3054464e-02		0.0000000e+00		0.0000000e+00		0.0000000e+00		0.0000000e+00		0.0000000e+00
1.2700000e+02		1.2800000e+02		1.2750000e+02		3.3006429e-02		0.0000000e+00		0.0000000e+00		0.0000000e+00		0.0000000e+00		0.0000000e+00
1.2800000e+02		1.2900000e+02		1.2850000e+02		2.6335196e-02		0.0000000e+00		0.0000000e+00		0.0000000e+00		0.0000000e+00		0.0000000e+00
1.2900000e+02		1.3000000e+02		1.2950000e+02		3.5131240e-02		0.0000000e+00		0.0000000e+00		0.0000000e+00		0.0000000e+00		0.0000000e+00
1.3000000e+02		1.3100000e+02		1.3050000e+02		2.8850634e-01		0.0000000e+00		0.0000000e+00		0.0000000e+00		0.0000000e+00		0.0000000e+00
1.3100000e+02		1.3200000e+02		1.3150000e+02		3.9064855e-02		0.0000000e+00		0.0000000e+00		0.0000000e+00		0.0000000e+00		0.0000000e+00
1.3200000e+02		1.3300000e+02		1.3250000e+02		3.0374778e-02		0.0000000e+00		0.0000000e+00		0.0000000e+00		0.0000000e+00		0.0000000e+00
1.3300000e+02		1.3400000e+02		1.3350000e+02		4.1056606e-01		0.0000000e+00		0.0000000e+00		0.0000000e+00		0.0000000e+00		0.0000000e+00
1.3400000e+02		1.3500000e+02		1.3450000e+02		2.8092500e-02		0.0000000e+00		0.0000000e+00		0.0000000e+00		0.0000000e+00		0.0000000e+00
1.3500000e+02		1.3600000e+02		1.3550000e+02		5.8954708e-02		0.0000000e+00		0.0000000e+00		0.0000000e+00		0.0000000e+00		0.0000000e+00
1.3600000e+02		1.3700000e+02		1.3650000e+02		3.8690656e-02		0.0000000e+00		0.0000000e+00		0.0000000e+00		0.0000000e+00		0.0000000e+00
1.3700000e+02		1.3800000e+02		1.3750000e+02		3.9732879e-02		0.0000000e+00		0.0000000e+00		0.0000000e+00		0.0000000e+00		0.0000000e+00
1.3800000e+02		1.3900000e+02		1.3850000e+02		4.0549866e-02		0.0000000e+00		0.0000000e+00		0.0000000e+00		0.0000000e+00		0.0000000e+00
1.3900000e+02		1.4000000e+02		1.3950000e+02		1.3692187e-01		0.0000000e+00		0.0000000e+00		0.0000000e+00		0.0000000e+00		0.0000000e+00
1.4000000e+02		1.4100000e+02		1.4050000e+02		1.1939088e-01		0.0000000e+00		0.0000000e+00		0.0000000e+00		0.0000000e+00		0.0000000e+00
1.4100000e+02		1.4200000e+02		1.4150000e+02		5.7521948e-02		0.0000000e+00		0.0000000e+00		0.0000000e+00		0.0000000e+00		0.0000000e+00
1.4200000e+02		1.4300000e+02		1.4250000e+02		6.2343151e-02		0.0000000e+00		0.0000000e+00		0.0000000e+00		0.0000000e+00		0.0000000e+00
1.4300000e+02		1.4400000e+02		1.4350000e+02		6.9165895e-02		0.0000000e+00		0.0000000e+00		0.0000000e+00		0.0000000e+00		0.0000000e+00
1.4400000e+02		1.4500000e+02		1.4450000e+02		6.6149126e-02		0.0000000e+00		0.0000000e+00		0.0000000e+00		0.0000000e+00		0.0000000e+00
1.4500000e+02		1.4600000e+02		1.4550000e+02		7.0536262e-02		0.0000000e+00		0.0000000e+00		0.0000000e+00		0.0000000e+00		0.0000000e+00
1.4600000e+02		1.4700000e+02		1.4650000e+02		8.6012655e-02		0.0000000e+00		0.0000000e+00		0.0000000e+00		0.0000000e+00		0.0000000e+00
1.4700000e+02		1.4800000e+02		1.4750000e+02		1.0610345e-01		0.0000000e+00		0.0000000e+00		0.0000000e+00		0.0000000e+00		0.0000000e+00
1.4800000e+02		1.4900000e+02		1.4850000e+02		1.0405386e-01		0.0000000e+00		0.0000000e+00		0.0000000e+00		0.0000000e+00		0.0000000e+00
1.4900000e+02		1.5000000e+02		1.4950000e+02		9.4002421e-02		0.0000000e+00		0.0000000e+00		0.0000000e+00		0.0000000e+00		0.0000000e+00
1.5000000e+02		1.5100000e+02		1.5050000e+02		1.0343288e-01		0.0000000e+00		0.0000000e+00		0.0000000e+00		0.0000000e+00		0.0000000e+00
1.5100000e+02		1.5200000e+02		1.5150000e+02		1.0875212e-01		0.0000000e+00		0.0000000e+00		0.0000000e+00		0.0000000e+00		0.0000000e+00
1.5200000e+02		1.5300000e+02		1.5250000e+02		1.3876638e-01		0.0000000e+00		0.0000000e+00		0.0000000e+00		0.0000000e+00		0.0000000e+00
1.5300000e+02		1.5400000e+02		1.5350000e+02		1.5371418e-01		0.0000000e+00		0.0000000e+00		0.0000000e+00		0.0000000e+00		0.0000000e+00
1.5400000e+02		1.5500000e+02		1.5450000e+02		4.1112511e-01		0.0000000e+00		0.0000000e+00		0.0000000e+00		0.0000000e+00		0.0000000e+00
1.5500000e+02		1.5600000e+02		1.5550000e+02		3.3836363e-01		0.0000000e+00		0.0000000e+00		0.0000000e+00		0.0000000e+00		0.0000000e+00
1.5600000e+02		1.5700000e+02		1.5650000e+02		2.0084632e-01		0.0000000e+00		0.0000000e+00		0.0000000e+00		0.0000000e+00		0.0000000e+00
1.5700000e+02		1.5800000e+02		1.5750000e+02		1.8216796e-01		0.0000000e+00		0.0000000e+00		0.0000000e+00		0.0000000e+00		0.0000000e+00
1.5800000e+02		1.5900000e+02		1.5850000e+02		1.6795176e-01		0.0000000e+00		0.0000000e+00		0.0000000e+00		0.0000000e+00		0.0000000e+00
1.5900000e+02		1.6000000e+02		1.5950000e+02		1.6379377e-01		0.0000000e+00		0.0000000e+00		0.0000000e+00		0.0000000e+00		0.0000000e+00
1.6000000e+02		1.6100000e+02		1.6050000e+02		1.7926410e-01		0.0000000e+00		0.0000000e+00		0.0000000e+00		0.0000000e+00		0.0000000e+00
1.6100000e+02		1.6200000e+02		1.6150000e+02		2.0306941e-01		0.0000000e+00		0.0000000e+00		0.0000000e+00		0.0000000e+00		0.0000000e+00
1.6200000e+02		1.6300000e+02		1.6250000e+02		2.2492895e-01		0.0000000e+00		0.0000000e+00		0.0000000e+00		0.0000000e+00		0.0000000e+00
1.6300000e+02		1.6400000e+02		1.6350000e+02		4.7671727e-01		0.0000000e+00		0.0000000e+00		0.0000000e+00		0.0000000e+00		0.0000000e+00
1.6400000e+02		1.6500000e+02		1.6450000e+02		4.8753270e-01		0.0000000e+00		0.0000000e+00		0.0000000e+00		0.0000000e+00		0.0000000e+00
1.6500000e+02		1.6600000e+02		1.6550000e+02		5.7072689e-01		0.0000000e+00		0.0000000e+00		0.0000000e+00		0.0000000e+00		0.0000000e+00
1.6600000e+02		1.6700000e+02		1.6650000e+02		2.6919628e-01		0.0000000e+00		0.0000000e+00		0.0000000e+00		0.0000000e+00		0.0000000e+00
1.6700000e+02		1.6800000e+02		1.6750000e+02		2.8728373e-01		0.0000000e+00		0.0000000e+00		0.0000000e+00		0.0000000e+00		0.0000000e+00
1.6800000e+02		1.6900000e+02		1.6850000e+02		3.0958866e-01		0.0000000e+00		0.0000000e+00		0.0000000e+00		0.0000000e+00		0.0000000e+00
1.6900000e+02		1.7000000e+02		1.6950000e+02		3.8988989e-01		0.0000000e+00		0.0000000e+00		0.0000000e+00		0.0000000e+00		0.0000000e+00
1.7000000e+02		1.7100000e+02		1.7050000e+02		4.3752516e-01		0.0000000e+00		0.0000000e+00		0.0000000e+00		0.0000000e+00		0.0000000e+00
1.7100000e+02		1.7200000e+02		1.7150000e+02		4.3618394e-01		0.0000000e+00		0.0000000e+00		0.0000000e+00		0.0000000e+00		0.0000000e+00
1.7200000e+02		1.7300000e+02		1.7250000e+02		4.5514763e-01		0.0000000e+00		0.0000000e+00		0.0000000e+00		0.0000000e+00		0.0000000e+00
1.7300000e+02		1.7400000e+02		1.7350000e+02		4.5120572e-01		0.0000000e+00		0.0000000e+00		0.0000000e+00		0.0000000e+00		0.0000000e+00
1.7400000e+02		1.7500000e+02		1.7450000e+02		5.3951828e-01		0.0000000e+00		0.0000000e+00		0.0000000e+00		0.0000000e+00		0.0000000e+00
1.7500000e+02		1.7600000e+02		1.7550000e+02		6.4389120e-01		0.0000000e+00		0.0000000e+00		0.0000000e+00		0.0000000e+00		0.0000000e+00
1.7600000e+02		1.7700000e+02		1.7650000e+02		6.9472845e-01		0.0000000e+00		0.0000000e+00		0.0000000e+00		0.0000000e+00		0.0000000e+00
1.7700000e+02		1.7800000e+02		1.7750000e+02		8.1849614e-01		0.0000000e+00		0.0000000e+00		0.0000000e+00		0.0000000e+00		0.0000000e+00
1.7800000e+02		1.7900000e+02		1.7850000e+02		8.9455089e-01		0.0000000e+00		0.0000000e+00		0.0000000e+00		0.0000000e+00		0.0000000e+00
1.7900000e+02		1.8000000e+02		1.7950000e+02		8.6966614e-01		0.0000000e+00		0.0000000e+00		0.0000000e+00		0.0000000e+00		0.0000000e+00
1.8000000e+02		1.8100000e+02		1.8050000e+02		1.0753674e+00		0.0000000e+00		0.0000000e+00		0.0000000e+00		0.0000000e+00		0.0000000e+00
1.8100000e+02		1.8200000e+02		1.8150000e+02		1.3093431e+00		0.0000000e+00		0.0000000e+00		0.0000000e+00		0.0000000e+00		0.0000000e+00
1.8200000e+02		1.8300000e+02		1.8250000e+02		1.2087370e+00		0.0000000e+00		0.0000000e+00		0.0000000e+00		0.0000000e+00		0.0000000e+00
1.8300000e+02		1.8400000e+02		1.8350000e+02		1.2728289e+00		0.0000000e+00		0.0000000e+00		0.0000000e+00		0.0000000e+00		0.0000000e+00
1.8400000e+02		1.8500000e+02		1.8450000e+02		1.0940339e+00		0.0000000e+00		0.0000000e+00		0.0000000e+00		0.0000000e+00		0.0000000e+00
1.8500000e+02		1.8600000e+02		1.8550000e+02		1.2372281e+00		0.0000000e+00		0.0000000e+00		0.0000000e+00		0.0000000e+00		0.0000000e+00
1.8600000e+02		1.8700000e+02		1.8650000e+02		1.4037992e+00		0.0000000e+00		0.0000000e+00		0.0000000e+00		0.0000000e+00		0.0000000e+00
1.8700000e+02		1.8800000e+02		1.8750000e+02		1.5907538e+00		0.0000000e+00		0.0000000e+00		0.0000000e+00		0.0000000e+00		0.0000000e+00
1.8800000e+02		1.8900000e+02		1.8850000e+02		1.6735993e+00		0.0000000e+00		0.0000000e+00		0.0000000e+00		0.0000000e+00		0.0000000e+00
1.8900000e+02		1.9000000e+02		1.8950000e+02		1.8559600e+00		1.5660325e-294		0.0000000e+00		2.7122474e-294		2.7119737e-294		2.7373903e-298
1.9000000e+02		1.9100000e+02		1.9050000e+02		1.9109940e+00		7.5604359e-184		0.0000000e+00		7.6353318e-184		1.7720559e-185		7.4581262e-184
1.9100000e+02		1.9200000e+02		1.9150000e+02		2.0707336e+00		3.5643644e-139		0.0000000e+00		3.6101103e-139		1.0823617e-140		3.5018742e-139
1.9200000e+02		1.9300000e+02		1.9250000e+02		2.1685186e+00		2.3197816e-107		0.0000000e+00		2.3576726e-107		8.9651001e-109		2.2680216e-107
1.9300000e+02		1.9400000e+02		1.9350000e+02		1.6554009e+00		1.2842006e-73		3.0686091e-70		1.3144490e-73		7.1568492e-75		1.2428805e-73
1.9400000e+02		1.9500000e+02		1.9450000e+02		2.6556632e+00		6.8496980e-57		2.9458892e-54		7.0549511e-57		4.8563391e-58		6.5693172e-57
1.9500000e+02		1.9600000e+02		1.9550000e+02		2.5630279e+00		1.7608666e-36		9.2009289e-35		1.8431977e-36		1.9479754e-37		1.6484002e-36
1.9600000e+02		1.9700000e+02		1.9650000e+02		2.8204934e+00		3.3965373e-28		7.6356860e-27		3.6007616e-28		4.8319986e-29		3.1175617e-28
1.9700000e+02		1.9800000e+02		1.9750000e+02		2.8068384e+00		1.3555004e-20		1.4170701e-19		1.4678913e-20		2.6591980e-21		1.2019715e-20
1.9800000e+02		1.9900000e+02		1.9850000e+02		2.7505577e+00		2.0382186e-13		1.0632059e-12		2.3087325e-13		6.4004275e-14		1.6686897e-13
1.9900000e+02		2.0000000e+02		1.9950000e+02		2.8965557e+00		4.2205634e-09		1.5242847e-08		5.1003517e-09		2.0816014e-09		3.0187502e-09
2.0000000e+02		2.0100000e+02		2.0050000e+02		3.0623388e+00		2.6558390e-06		8.1146533e-06		3.5233610e-06		2.0525791e-06		1.4707819e-06
2.0100000e+02		2.0200000e+02		2.0150000e+02		3.2593670e+00		1.2848165e-02		3.6257392e-02		2.1303908e-02		2.0006504e-02		1.2974046e-03
2.0200000e+02		2.0300000e+02		2.0250000e+02		3.2217937e+00		4.0321496e-02		1.1125090e-01		6.7877388e-02		6.5197941e-02		2.6794467e-03
2.0300000e+02		2.0400000e+02		2.0350000e+02		3.4484145e+00		3.4322160e-01		9.1450088e-01		5.8866460e-01		5.8072439e-01		7.9402145e-03
2.0400000e+02		2.0500000e+02		2.0450000e+02		3.7117169e+00		1.0469687e+00		2.7437915e+00		1.8037643e+00		1.7905975e+00		1.3166732e-02
2.0500000e+02		2.0600000e+02		2.0550000e+02		3.7200399e+00		1.0676199e+00		2.7848957e+00		1.8382442e+00		1.8233169e+00		1.4927368e-02
2.0600000e+02		2.0700000e+02		2.0650000e+02		3.7247532e+00		1.0874023e+00		2.8233892e+00		1.8711012e+00		1.8542514e+00		1.6849769e-02
2.0700000e+02		2.0800000e+02		2.0750000e+02		4.0454145e+00		1.2011393e+00		3.1043745e+00		2.0653807e+00		2.0448172e+00		2.0563511e-02
2.0800000e+02		2.0900000e+02		2.0850000e+02		4.3759554e+00		1.3211587e+00		3.3989664e+00		2.2700746e+00		2.2451591e+00		2.4915450e-02
2.0900000e+02		2.1000000e+02		2.0950000e+02		5.6528678e+00		1.7350708e+00		4.4435494e+00		2.9789199e+00		2.9429784e+00		3.5941409e-02
2.1000000e+02		2.1100000e+02		2.1050000e+02		6.9678423e+00		2.1738412e+00		5.5420478e+00		3.7290950e+00		3.6797700e+00		4.9325001e-02
2.1100000e+02		2.1200000e+02		2.1150000e+02		7.9326445e+00		2.5150338e+00		6.3829821e+00		4.3105285e+00		4.2481862e+00		6.2342334e-02
2.1200000e+02		2.1300000e+02		2.1250000e+02		7.0734222e+00		2.2785957e+00		5.7569338e+00		3.9015903e+00		3.8400465e+00		6.1543864e-02
2.1300000e+02		2.1400000e+02		2.1350000e+02		7.2066449e+00		2.3582974e+00		5.9316105e+00		4.0340091e+00		3.9647765e+00		6.9232630e-02
2.1400000e+02		2.1500000e+02		2.1450000e+02		9.2279181e+00		3.0669959e+00		7.6796686e+00		5.2407242e+00		5.1430964e+00		9.7627800e-02
2.1500000e+02		2.1600000e+02		2.1550000e+02		7.9257408e+00		2.6749149e+00		6.6680509e+00		4.5656593e+00		4.4735492e+00		9.2110048e-02
2.1600000e+02		2.1700000e+02		2.1650000e+02		7.3353469e+00		2.5134394e+00		6.2376463e+00		4.2850189e+00		4.1916021e+00		9.3416785e-02
2.1700000e+02		2.1800000e+02		2.1750000e+02		7.5953881e+00		2.6417565e+00		6.5269706e+00		4.4982450e+00		4.3924989e+00		1.0574607e-01
2.1800000e+02		2.1900000e+02		2.1850000e+02		1.0217230e+01		3.6065243e+00		8.8710878e+00		6.1331029e+00		5.9779491e+00		1.5515378e-01
2.1900000e+02		2.2000000e+02		2.1950000e+02		1.0786519e+01		3.8633862e+00		9.4607900e+00		6.5610837e+00		6.3828208e+00		1.7826295e-01
2.2000000e+02		2.2100000e+02		2.2050000e+02		1.0851638e+01		3.9430466e+00		9.6131151e+00		6.6869857e+00		6.4922296e+00		1.9475607e-01
2.2100000e+02		2.2200000e+02		2.2150000e+02		8.6872371e+00		3.2017485e+00		7.7713011e+00		5.4219028e+00		5.2529415e+00		1.6896133e-01
2.2200000e+02		2.2300000e+02		2.2250000e+02		1.1691346e+01		4.3697700e+00		1.0559428e+01		7.3886345e+00		7.1427101e+00		2.4592443e-01
2.2300000e+02		2.2400000e+02		2.2350000e+02		1.5139682e+01		5.7374568e+00		1.3803122e+01		9.6859294e+00		9.3421866e+00		3.4374282e-01
2.2400000e+02		2.2500000e+02		2.2450000e+02		1.4154944e+01		5.4380102e+00		1.3024904e+01		9.1654438e+00		8.8192027e+00		3.4624111e-01
2.2500000e+02		2.2600000e+02		2.2550000e+02		1.2365614e+01		4.8150170e+00		1.1481783e+01		8.1017430e+00		7.7764772e+00		3.2526580e-01
2.2600000e+02		2.2700000e+02		2.2650000e+02		9.0577089e+00		3.5741469e+00		8.4851825e+00		6.0033820e+00		5.7476319e+00		2.5575012e-01
2.2700000e+02		2.2800000e+02		2.2750000e+02		8.8108381e+00		3.5226163e+00		8.3259075e+00		5.9061969e+00		5.6396122e+00		2.6658464e-01
2.2800000e+02		2.2900000e+02		2.2850000e+02		1.2275156e+01		4.9715515e+00		1.1698651e+01		8.3201261e+00		7.9228127e+00		3.9731341e-01
2.2900000e+02		2.3000000e+02		2.2950000e+02		1.1031259e+01		4.5251201e+00		1.0601120e+01		7.5585798e+00		7.1772428e+00		3.8133703e-01
2.3000000e+02		2.3100000e+02		2.3050000e+02		1.2510180e+01		5.1967592e+00		1.2120825e+01		8.6634710e+00		8.2023284e+00		4.6114268e-01
2.3100000e+02		2.3200000e+02		2.3150000e+02		1.1791833e+01		4.9595110e+00		1.1516399e+01		8.2513493e+00		7.7885729e+00		4.6277636e-01
2.3200000e+02		2.3300000e+02		2.3250000e+02		1.2664003e+01		5.3919043e+00		1.2465182e+01		8.9522671e+00		8.4239089e+00		5.2835829e-01
2.3300000e+02		2.3400000e+02		2.3350000e+02		1.1428554e+01		4.9249502e+00		1.1335414e+01		8.1597317e+00		7.6535753e+00		5.0615647e-01
2.3400000e+02		2.3500000e+02		2.3450000e+02		9.9864853e+00		4.3550086e+00		9.9793966e+00		7.1998784e+00		6.7310341e+00		4.6884424e-01
2.3500000e+02		2.3600000e+02		2.3550000e+02		1.3443360e+01		5.9316706e+00		1.3532338e+01		9.7848621e+00		9.1167489e+00		6.6811317e-01
2.3600000e+02		2.3700000e+02		2.3650000e+02		1.2448020e+01		5.5563559e+00		1.2620235e+01		9.1451165e+00		8.4910987e+00		6.5401782e-01
2.3700000e+02		2.3800000e+02		2.3750000e+02		1.3294723e+01		6.0023051e+00		1.3573076e+01		9.8564213e+00		9.1189369e+00		7.3748439e-01
2.3800000e+02		2.3900000e+02		2.3850000e+02		1.1021422e+01		5.0321607e+00		1.1329193e+01		8.2440150e+00		7.5993288e+00		6.4468619e-01
2.3900000e+02		2.4000000e+02		2.3950000e+02		1.2008577e+01		5.5439120e+00		1.2426442e+01		9.0607743e+00		8.3209856e+00		7.3978873e-01
2.4000000e+02		2.4100000e+02		2.4050000e+02		1.1032163e+01		5.1490117e+00		1.1490589e+01		8.3949827e+00		7.6800498e+00		7.1493290e-01
2.4100000e+02		2.4200000e+02		2.4150000e+02		1.2918879e+01		6.0947754e+00		1.3541487e+01		9.9125043e+00		9.0328436e+00		8.7966076e-01
2.4200000e+02		2.4300000e+02		2.4250000e+02		1.7782729e+01		8.4787714e+00		1.8755744e+01		1.3755354e+01		1.2484529e+01		1.2708250e+00
2.4300000e+02		2.4400000e+02		2.4350000e+02		1.6701989e+01		8.0470564e+00		1.7722867e+01		1.3021862e+01		1.1770517e+01		1.2513450e+00
2.4400000e+02		2.4500000e+02		2.4450000e+02		1.5641720e+01		7.6141450e+00		1.6696165e+01		1.2289637e+01		1.1062332e+01		1.2273048e+00
2.4500000e+02		2.4600000e+02		2.4550000e+02		1.2691134e+01		6.2407825e+00		1.3625007e+01		1.0046714e+01		9.0049301e+00		1.0417837e+00
2.4600000e+02		2.4700000e+02		2.4650000e+02		1.2350906e+01		6.1344321e+00		1.3334534e+01		9.8494573e+00		8.7898441e+00		1.0596132e+00
2.4700000e+02		2.4800000e+02		2.4750000e+02		1.3639226e+01		6.8412884e+00		1.4806459e+01		1.0955073e+01		9.7333192e+00		1.2217539e+00
2.4800000e+02		2.4900000e+02		2.4850000e+02		1.0938846e+01		5.5402425e+00		1.1938678e+01		8.8477472e+00		7.8256400e+00		1.0221072e+00
2.4900000e+02		2.5000000e+02		2.4950000e+02		1.3333262e+01		6.8177333e+00		1.4628045e+01		1.0858209e+01		9.5598681e+00		1.2983408e+00
2.5000000e+02		2.5100000e+02		2.5050000e+02		1.4401571e+01		7.4335759e+00		1.5880634e+01		1.1806429e+01		1.0346281e+01		1.4601476e+00
2.5100000e+02		2.5200000e+02		2.5150000e+02		1.2007424e+01		6.2554829e+00		1.3306380e+01		9.9077067e+00		8.6412544e+00		1.2664523e+00
2.5200000e+02		2.5300000e+02		2.5250000e+02		1.0794009e+01		5.6748761e+00		1.2019601e+01		8.9629248e+00		7.7796068e+00		1.1833181e+00
2.5300000e+02		2.5400000e+02		2.5350000e+02		1.3602371e+01		7.2159107e+00		1.5218271e+01		1.1364641e+01		9.8160011e+00		1.5486399e+00
2.5400000e+02		2.5500000e+02		2.5450000e+02		1.5384114e+01		8.2336618e+00		1.7290749e+01		1.2930625e+01		1.1113134e+01		1.8174906e+00
2.5500000e+02		2.5600000e+02		2.5550000e+02		2.0992062e+01		1.1333433e+01		2.3699292e+01		1.7747665e+01		1.5176235e+01		2.5714295e+00
2.5600000e+02		2.5700000e+02		2.5650000e+02		2.7040612e+01		1.4724866e+01		3.0660915e+01		2.2991972e+01		1.9560182e+01		3.4317899e+00
2.5700000e+02		2.5800000e+02		2.5750000e+02		3.3946512e+01		1.8642400e+01		3.8654717e+01		2.9024469e+01		2.4564237e+01		4.4602317e+00
2.5800000e+02		2.5900000e+02		2.5850000e+02		3.5732434e+01		1.9787242e+01		4.0856405e+01		3.0716965e+01		2.5860003e+01		4.8569627e+00
2.5900000e+02		2.6000000e+02		2.5950000e+02		3.0409976e+01		1.6978513e+01		3.4910521e+01		2.6279485e+01		2.2006336e+01		4.2731489e+00
2.6000000e+02		2.6100000e+02		2.6050000e+02		2.4915606e+01		1.4023667e+01		2.8714941e+01		2.1641984e+01		1.8025130e+01		3.6168538e+00
2.6100000e+02		2.6200000e+02		2.6150000e+02		2.5442742e+01		1.4434677e+01		2.9434127e+01		2.2210351e+01		1.8397443e+01		3.8129082e+00
2.6200000e+02		2.6300000e+02		2.6250000e+02		3.0366547e+01		1.7363559e+01		3.5260541e+01		2.6637604e+01		2.1942626e+01		4.6949779e+00
2.6300000e+02		2.6400000e+02		2.6350000e+02		4.5700096e+01		2.6333499e+01		5.3256610e+01		4.0278074e+01		3.2993218e+01		7.2848558e+00
2.6400000e+02		2.6500000e+02		2.6450000e+02		7.1249372e+01		4.1368455e+01		8.3321641e+01		6.3085464e+01		5.1382993e+01		1.1702470e+01
2.6500000e+02		2.6600000e+02		2.6550000e+02		7.4731454e+01		4.3715748e+01		8.7691815e+01		6.6465217e+01		5.3825821e+01		1.2639396e+01
2.6600000e+02		2.6700000e+02		2.6650000e+02		7.2446611e+01		4.2692239e+01		8.5292725e+01		6.4714125e+01		5.2104342e+01		1.2609783e+01
2.6700000e+02		2.6800000e+02		2.6750000e+02		7.2937204e+01		4.3293952e+01		8.6147305e+01		6.5428747e+01		5.2371487e+01		1.3057259e+01
2.6800000e+02		2.6900000e+02		2.6850000e+02		7.2239021e+01		4.3186582e+01		8.5590274e+01		6.5069800e+01		5.1776248e+01		1.3293551e+01
2.6900000e+02		2.7000000e+02		2.6950000e+02		6.7758000e+01		4.0793292e+01		8.0525855e+01		6.1278359e+01		4.8468189e+01		1.2810171e+01
2.7000000e+02		2.7100000e+02		2.7050000e+02		7.8281462e+01		4.7456023e+01		9.3308029e+01		7.1071643e+01		5.5875156e+01		1.5196487e+01
2.7100000e+02		2.7200000e+02		2.7150000e+02		6.5051220e+01		3.9705059e+01		7.7761541e+01		5.9283908e+01		4.6324054e+01		1.2959854e+01
2.7200000e+02		2.7300000e+02		2.7250000e+02		5.2331568e+01		3.2156337e+01		6.2731743e+01		4.7867775e+01		3.7173662e+01		1.0694113e+01
2.7300000e+02		2.7400000e+02		2.7350000e+02		5.5800645e+01		3.4515137e+01		6.7072232e+01		5.1223835e+01		3.9533204e+01		1.1690631e+01
2.7400000e+02		2.7500000e+02		2.7450000e+02		3.8398649e+01		2.3906154e+01		4.6277083e+01		3.5371911e+01		2.7128272e+01		8.2436395e+00
2.7500000e+02		2.7600000e+02		2.7550000e+02		5.1208696e+01		3.2086133e+01		6.1873921e+01		4.7331839e+01		3.6071727e+01		1.1260112e+01
2.7600000e+02		2.7700000e+02		2.7650000e+02		7.1318275e+01		4.4968827e+01		8.6386691e+01		6.6135704e+01		5.0081369e+01		1.6054335e+01
2.7700000e+02		2.7800000e+02		2.7750000e+02		6.8188493e+01		4.3263009e+01		8.2795777e+01		6.3435323e+01		4.7728205e+01		1.5707117e+01
2.7800000e+02		2.7900000e+02		2.7850000e+02		4.7024496e+01		3.0018099e+01		5.7232419e+01		4.3882315e+01		3.2803087e+01		1.1079228e+01
2.7900000e+02		2.8000000e+02		2.7950000e+02		2.6422560e+01		1.6968618e+01		3.2231776e+01		2.4731302e+01		1.8366707e+01		6.3645945e+00
2.8000000e+02		2.8100000e+02		2.8050000e+02		2.8982131e+01		1.8722948e+01		3.5432545e+01		2.7206423e+01		2.0072118e+01		7.1343048e+00
2.8100000e+02		2.8200000e+02		2.8150000e+02		6.0033324e+01		3.9009380e+01		7.3552784e+01		5.6515274e+01		4.1419391e+01		1.5095883e+01
2.8200000e+02		2.8300000e+02		2.8250000e+02		8.1733762e+01		5.3416070e+01		1.0034960e+02		7.7156310e+01		5.6170012e+01		2.0986299e+01
2.8300000e+02		2.8400000e+02		2.8350000e+02		8.4433091e+01		5.5493049e+01		1.0387421e+02		7.9917937e+01		5.7789903e+01		2.2128033e+01
2.8400000e+02		2.8500000e+02		2.8450000e+02		6.2255376e+01		4.1145324e+01		7.6740903e+01		5.9079392e+01		4.2432460e+01		1.6646932e+01
2.8500000e+02		2.8600000e+02		2.8550000e+02		4.0018063e+01		2.6593794e+01		4.9423775e+01		3.8072347e+01		2.7158548e+01		1.0913799e+01
2.8600000e+02		2.8700000e+02		2.8650000e+02		8.2001717e+01		5.4788733e+01		1.0146309e+02		7.8205742e+01		5.5405238e+01		2.2800504e+01
2.8700000e+02		2.8800000e+02		2.8750000e+02		9.5189148e+01		6.3938712e+01		1.1799237e+02		9.0998400e+01		6.4023908e+01		2.6974491e+01
2.8800000e+02		2.8900000e+02		2.8850000e+02		9.0460934e+01		6.1081582e+01		1.1232739e+02		8.6677689e+01		6.0561039e+01		2.6116650e+01
2.8900000e+02		2.9000000e+02		2.8950000e+02		1.3728321e+02		9.3176117e+01		1.7075659e+02		1.3183592e+02		9.1470064e+01		4.0365851e+01
2.9000000e+02		2.9100000e+02		2.9050000e+02		1.8023325e+02		1.2294924e+02		2.2454758e+02		1.7345714e+02		1.1950297e+02		5.3954164e+01
2.9100000e+02		2.9200000e+02		2.9150000e+02		1.7359450e+02		1.1901370e+02		2.1662141e+02		1.6741941e+02		1.1452915e+02		5.2890264e+01
2.9200000e+02		2.9300000e+02		2.9250000e+02		1.5421676e+02		1.0625014e+02		1.9273831e+02		1.4903436e+02		1.0122856e+02		4.7805803e+01
2.9300000e+02		2.9400000e+02		2.9350000e+02		1.6099986e+02		1.1146224e+02		2.0151748e+02		1.5589723e+02		1.0513433e+02		5.0762903e+01
2.9400000e+02		2.9500000e+02		2.9450000e+02		1.4991794e+02		1.0428651e+02		1.8791948e+02		1.4544488e+02		9.7381736e+01		4.8063141e+01
2.9500000e+02		2.9600000e+02		2.9550000e+02		1.6232431e+02		1.1344852e+02		2.0375745e+02		1.5777377e+02		1.0487467e+02		5.2899104e+01
2.9600000e+02		2.9700000e+02		2.9650000e+02		1.4851381e+02		1.0427779e+02		1.8667656e+02		1.4461045e+02		9.5428100e+01		4.9182353e+01
2.9700000e+02		2.9800000e+02		2.9750000e+02		1.5140866e+02		1.0679598e+02		1.9056734e+02		1.4768658e+02		9.6748187e+01		5.0938388e+01
2.9800000e+02		2.9900000e+02		2.9850000e+02		1.3012850e+02		9.2198912e+01		1.6399374e+02		1.2714424e+02		8.2681523e+01		4.4462712e+01
2.9900000e+02		3.0000000e+02		2.9950000e+02		1.4682541e+02		1.0448989e+02		1.8526609e+02		1.4369331e+02		9.2756293e+01		5.0937014e+01
3.0000000e+02		3.0100000e+02		3.0050000e+02		1.1681452e+02		8.3495001e+01		1.4757564e+02		1.1450408e+02		7.3368263e+01		4.1135815e+01
3.0100000e+02		3.0200000e+02		3.0150000e+02		1.3434477e+02		9.6437616e+01		1.6992037e+02		1.3189005e+02		8.3881359e+01		4.8008691e+01
3.0200000e+02		3.0300000e+02		3.0250000e+02		1.4142283e+02		1.0194811e+02		1.7907510e+02		1.3904547e+02		8.7773303e+01		5.1272171e+01
3.0300000e+02		3.0400000e+02		3.0350000e+02		1.8342160e+02		1.3277505e+02		2.3251006e+02		1.8059818e+02		1.1315075e+02		6.7447432e+01
3.0400000e+02		3.0500000e+02		3.0450000e+02		1.7556728e+02		1.2761118e+02		2.2278989e+02		1.7310599e+02		1.0764187e+02		6.5464113e+01
3.0500000e+02		3.0600000e+02		3.0550000e+02		1.7728071e+02		1.2937759e+02		2.2519537e+02		1.7503149e+02		1.0801831e+02		6.7013186e+01
3.0600000e+02		3.0700000e+02		3.0650000e+02		1.6814926e+02		1.2320225e+02		2.1380844e+02		1.6623291e+02		1.0181164e+02		6.4421278e+01
3.0700000e+02		3.0800000e+02		3.0750000e+02		1.8878816e+02		1.3886689e+02		2.4028287e+02		1.8687267e+02		1.1358289e+02		7.3289780e+01
3.0800000e+02		3.0900000e+02		3.0850000e+02		1.8529086e+02		1.3682101e+02		2.3605155e+02		1.8363530e+02		1.1076379e+02		7.2871509e+01
3.0900000e+02		3.1000000e+02		3.0950000e+02		1.5026991e+02		1.1138345e+02		1.9160936e+02		1.4910355e+02		8.9246711e+01		5.9856839e+01
3.1000000e+02		3.1100000e+02		3.1050000e+02		1.8913229e+02		1.4071473e+02		2.4137348e+02		1.8787913e+02		1.1159217e+02		7.6286962e+01
3.1100000e+02		3.1200000e+02		3.1150000e+02		2.2495083e+02		1.6798191e+02		2.8732830e+02		2.2370771e+02		1.3184865e+02		9.1859059e+01
3.1200000e+02		3.1300000e+02		3.1250000e+02		2.0030306e+02		1.5012041e+02		2.5605508e+02		1.9940933e+02		1.1661883e+02		8.2790500e+01
3.1300000e+02		3.1400000e+02		3.1350000e+02		2.1331645e+02		1.6044654e+02		2.7290631e+02		2.1258435e+02		1.2335936e+02		8.9224981e+01
3.1400000e+02		3.1500000e+02		3.1450000e+02		2.0119548e+02		1.5186408e+02		2.5759631e+02		2.0070543e+02		1.1555986e+02		8.5145562e+01
3.1500000e+02		3.1600000e+02		3.1550000e+02		1.9522773e+02		1.4787220e+02		2.5014058e+02		1.9494034e+02		1.1136440e+02		8.3575939e+01
3.1600000e+02		3.1700000e+02		3.1650000e+02		1.9043254e+02		1.4473452e+02		2.4417120e+02		1.9032965e+02		1.0787922e+02		8.2450424e+01
3.1700000e+02		3.1800000e+02		3.1750000e+02		2.4155434e+02		1.8420858e+02		3.0993345e+02		2.4164141e+02		1.3588754e+02		1.0575387e+02
3.1800000e+02		3.1900000e+02		3.1850000e+02		1.9952276e+02		1.5266165e+02		2.5617476e+02		1.9976838e+02		1.1145573e+02		8.8312655e+01
3.1900000e+02		3.2000000e+02		3.1950000e+02		2.1430874e+02		1.6451242e+02		2.7533686e+02		2.1475284e+02		1.1887010e+02		9.5882740e+01
3.2000000e+02		3.2100000e+02		3.2050000e+02		2.4621307e+02		1.8961400e+02		3.1652403e+02		2.4692335e+02		1.3559537e+02		1.1132797e+02
3.2100000e+02		3.2200000e+02		3.2150000e+02		2.0677326e+02		1.5974735e+02		2.6598179e+02		2.0753202e+02		1.1305975e+02		9.4472271e+01
3.2200000e+02		3.2300000e+02		3.2250000e+02		2.0765168e+02		1.6092909e+02		2.6726741e+02		2.0857099e+02		1.1272193e+02		9.5849057e+01
3.2300000e+02		3.2400000e+02		3.2350000e+02		2.0066974e+02		1.5599871e+02		2.5842637e+02		2.0170488e+02		1.0814195e+02		9.3562930e+01
3.2400000e+02		3.2500000e+02		3.2450000e+02		2.3629853e+02		1.8425559e+02		3.0447520e+02		2.3768419e+02		1.2641344e+02		1.1127075e+02
3.2500000e+02		3.2600000e+02		3.2550000e+02		2.7209498e+02		2.1280484e+02		3.5078358e+02		2.7387576e+02		1.4449533e+02		1.2938043e+02
3.2600000e+02		3.2700000e+02		3.2650000e+02		3.0699214e+02		2.4080789e+02		3.9597329e+02		3.0920281e+02		1.6182412e+02		1.4737869e+02
3.2700000e+02		3.2800000e+02		3.2750000e+02		2.9701525e+02		2.3366094e+02		3.8329186e+02		2.9934201e+02		1.5540310e+02		1.4393892e+02
3.2800000e+02		3.2900000e+02		3.2850000e+02		2.8673370e+02		2.2622040e+02		3.7019822e+02		2.8915477e+02		1.4890432e+02		1.4025045e+02
3.2900000e+02		3.3000000e+02		3.2950000e+02		3.3379807e+02		2.6409767e+02		4.3115846e+02		3.3681264e+02		1.7204547e+02		1.6476717e+02
3.3000000e+02		3.3100000e+02		3.3050000e+02		3.1443449e+02		2.4947152e+02		4.0632519e+02		3.1745208e+02		1.6084374e+02		1.5660834e+02
3.3100000e+02		3.3200000e+02		3.3150000e+02		3.0087994e+02		2.3937385e+02		3.8897389e+02		3.0393133e+02		1.5274465e+02		1.5118669e+02
3.3200000e+02		3.3300000e+02		3.3250000e+02		2.9519831e+02		2.3549025e+02		3.8178434e+02		2.9834682e+02		1.4872024e+02		1.4962657e+02
3.3300000e+02		3.3400000e+02		3.3350000e+02		2.8364288e+02		2.2687661e+02		3.6698365e+02		2.8681116e+02		1.4180668e+02		1.4500448e+02
3.3400000e+02		3.3500000e+02		3.3450000e+02		2.9883003e+02		2.3965380e+02		3.8677948e+02		3.0231285e+02		1.4825291e+02		1.5405994e+02
3.3500000e+02		3.3600000e+02		3.3550000e+02		2.9511053e+02		2.3728525e+02		3.8210454e+02		2.9868754e+02		1.4527936e+02		1.5340818e+02
3.3600000e+02		3.3700000e+02		3.3650000e+02		2.4313126e+02		1.9599131e+02		3.1491310e+02		2.4618710e+02		1.1876451e+02		1.2742258e+02
3.3700000e+02		3.3800000e+02		3.3750000e+02		2.5649874e+02		2.0728862e+02		3.3233944e+02		2.5983289e+02		1.2432106e+02		1.3551182e+02
3.3800000e+02		3.3900000e+02		3.3850000e+02		2.7748673e+02		2.2480770e+02		3.5965001e+02		2.8120823e+02		1.3344509e+02		1.4776314e+02
3.3900000e+02		3.4000000e+02		3.3950000e+02		2.9040264e+02		2.3584844e+02		3.7650804e+02		2.9441236e+02		1.3856372e+02		1.5584864e+02
3.4000000e+02		3.4100000e+02		3.4050000e+02		3.0654056e+02		2.4955650e+02		3.9755047e+02		3.1088951e+02		1.4511545e+02		1.6577406e+02
3.4100000e+02		3.4200000e+02		3.4150000e+02		2.7979685e+02		2.2832713e+02		3.6297167e+02		2.8386821e+02		1.3141162e+02		1.5245659e+02
3.4200000e+02		3.4300000e+02		3.4250000e+02		3.0344565e+02		2.4820746e+02		3.9375993e+02		3.0796691e+02		1.4139237e+02		1.6657454e+02
3.4300000e+02		3.4400000e+02		3.4350000e+02		2.9822260e+02		2.4450031e+02		3.8708567e+02		3.0276556e+02		1.3785705e+02		1.6490851e+02
3.4400000e+02		3.4500000e+02		3.4450000e+02		2.3986676e+02		1.9710599e+02		3.1142104e+02		2.4359734e+02		1.0999970e+02		1.3359764e+02
3.4500000e+02		3.4600000e+02		3.4550000e+02		2.8907088e+02		2.3807357e+02		3.7539553e+02		2.9365495e+02		1.3150696e+02		1.6214799e+02
3.4600000e+02		3.4700000e+02		3.4650000e+02		2.8069735e+02		2.3169070e+02		3.6460750e+02		2.8523048e+02		1.2667648e+02		1.5855400e+02
3.4700000e+02		3.4800000e+02		3.4750000e+02		2.7782009e+02		2.2981799e+02		3.6095185e+02		2.8238410e+02		1.2437276e+02		1.5801134e+02
3.4800000e+02		3.4900000e+02		3.4850000e+02		2.8744416e+02		2.3829272e+02		3.7353679e+02		2.9224262e+02		1.2764684e+02		1.6459578e+02
3.4900000e+02		3.5000000e+02		3.4950000e+02		2.7550877e+02		2.2888464e+02		3.5810108e+02		2.8017773e+02		1.2136076e+02		1.5881697e+02
3.5000000e+02		3.5100000e+02		3.5050000e+02		3.3002358e+02		2.7474979e+02		4.2904383e+02		3.3569596e+02		1.4420017e+02		1.9149579e+02
3.5100000e+02		3.5200000e+02		3.5150000e+02		3.0660572e+02		2.5578277e+02		3.9867566e+02		3.1194593e+02		1.3288346e+02		1.7906247e+02
3.5200000e+02		3.5300000e+02		3.5250000e+02		2.8324198e+02		2.3677450e+02		3.6836323e+02		2.8823702e+02		1.2176163e+02		1.6647539e+02
3.5300000e+02		3.5400000e+02		3.5350000e+02		3.2405327e+02		2.7143624e+02		4.2151279e+02		3.2983512e+02		1.3817323e+02		1.9166189e+02
3.5400000e+02		3.5500000e+02		3.5450000e+02		3.4586270e+02		2.9028013e+02		4.4995635e+02		3.5210160e+02		1.4627119e+02		2.0583042e+02
3.5500000e+02		3.5600000e+02		3.5550000e+02		3.2478382e+02		2.7312304e+02		4.2260057e+02		3.3070291e+02		1.3623545e+02		1.9446747e+02
3.5600000e+02		3.5700000e+02		3.5650000e+02		2.8234357e+02		2.3789244e+02		3.6743410e+02		2.8753890e+02		1.1746480e+02		1.7007410e+02
3.5700000e+02		3.5800000e+02		3.5750000e+02		2.4674321e+02		2.0829331e+02		3.2115121e+02		2.5132450e+02		1.0181290e+02		1.4951160e+02
3.5800000e+02		3.5900000e+02		3.5850000e+02		2.1181106e+02		1.7914095e+02		2.7572287e+02		2.1577700e+02		8.6681813e+01		1.2909519e+02
3.5900000e+02		3.6000000e+02		3.5950000e+02		3.0582840e+02		2.5913684e+02		3.9816116e+02		3.1159991e+02		1.2412896e+02		1.8747095e+02
3.6000000e+02		3.6100000e+02		3.6050000e+02		3.0178862e+02		2.5618188e+02		3.9295070e+02		3.0752582e+02		1.2148106e+02		1.8604476e+02
3.6100000e+02		3.6200000e+02		3.6150000e+02		2.8033735e+02		2.3840207e+02		3.6506280e+02		2.8570330e+02		1.1191591e+02		1.7378739e+02
3.6200000e+02		3.6300000e+02		3.6250000e+02		3.1645921e+02		2.6959992e+02		4.1214795e+02		3.2255520e+02		1.2529355e+02		1.9726166e+02
3.6300000e+02		3.6400000e+02		3.6350000e+02		3.0810145e+02		2.6294102e+02		4.0130576e+02		3.1407159e+02		1.2097622e+02		1.9309537e+02
3.6400000e+02		3.6500000e+02		3.6450000e+02		3.2221950e+02		2.7546650e+02		4.1973700e+02		3.2849745e+02		1.2547258e+02		2.0302488e+02
3.6500000e+02		3.6600000e+02		3.6550000e+02		3.6674574e+02		3.1406849e+02		4.7778435e+02		3.7392743e+02		1.4162779e+02		2.3229965e+02
3.6600000e+02		3.6700000e+02		3.6650000e+02		3.9198946e+02		3.3625293e+02		5.1071701e+02		3.9970133e+02		1.5012052e+02		2.4958081e+02
3.6700000e+02		3.6800000e+02		3.6750000e+02		3.7850004e+02		3.2522228e+02		4.9318371e+02		3.8597847e+02		1.4375071e+02		2.4222777e+02
3.6800000e+02		3.6900000e+02		3.6850000e+02		3.4895620e+02		3.0032974e+02		4.5472455e+02		3.5587798e+02		1.3142854e+02		2.2444944e+02
3.6900000e+02		3.7000000e+02		3.6950000e+02		3.8736224e+02		3.3392453e+02		5.0480932e+02		3.9507332e+02		1.4467959e+02		2.5039373e+02
3.7000000e+02		3.7100000e+02		3.7050000e+02		3.6351013e+02		3.1386427e+02		4.7375867e+02		3.7076987e+02		1.3464011e+02		2.3612976e+02
3.7100000e+02		3.7200000e+02		3.7150000e+02		3.7529261e+02		3.2454919e+02		4.8914687e+02		3.8280958e+02		1.3784558e+02		2.4496400e+02
3.7200000e+02		3.7300000e+02		3.7250000e+02		3.1177186e+02		2.7003718e+02		4.0638053e+02		3.1803288e+02		1.1355905e+02		2.0447383e+02
3.7300000e+02		3.7400000e+02		3.7350000e+02		2.7192112e+02		2.3588311e+02		3.5445719e+02		2.7739454e+02		9.8217097e+01		1.7917744e+02
3.7400000e+02		3.7500000e+02		3.7450000e+02		2.7832167e+02		2.4180175e+02		3.6281979e+02		2.8393535e+02		9.9689173e+01		1.8424618e+02
3.7500000e+02		3.7600000e+02		3.7550000e+02		3.1876744e+02		2.7735517e+02		4.1556531e+02		3.2520826e+02		1.1322164e+02		2.1198663e+02
3.7600000e+02		3.7700000e+02		3.7650000e+02		3.3048657e+02		2.8797683e+02		4.3086266e+02		3.3717424e+02		1.1640232e+02		2.2077192e+02
3.7700000e+02		3.7800000e+02		3.7750000e+02		3.8770864e+02		3.3833138e+02		5.0548541e+02		3.9556408e+02		1.3541404e+02		2.6015004e+02
3.7800000e+02		3.7900000e+02		3.7850000e+02		4.0380398e+02		3.5288422e+02		5.2649020e+02		4.1199382e+02		1.3985481e+02		2.7213901e+02
3.7900000e+02		3.8000000e+02		3.7950000e+02		3.2744385e+02		2.8655977e+02		4.2694466e+02		3.3409014e+02		1.1245807e+02		2.2163208e+02
3.8000000e+02		3.8100000e+02		3.8050000e+02		3.5656330e+02		3.1248113e+02		4.6492723e+02		3.6380466e+02		1.2143277e+02		2.4237188e+02
3.8100000e+02		3.8200000e+02		3.8150000e+02		3.2019140e+02		2.8099444e+02		4.1751318e+02		3.2669628e+02		1.0813172e+02		2.1856456e+02
3.8200000e+02		3.8300000e+02		3.8250000e+02		2.2964197e+02		2.0180527e+02		2.9944883e+02		2.3430789e+02		7.6902021e+01		1.5740587e+02
3.8300000e+02		3.8400000e+02		3.8350000e+02		2.0267593e+02		1.7834830e+02		2.6429141e+02		2.0679365e+02		6.7302422e+01		1.3949122e+02
3.8400000e+02		3.8500000e+02		3.8450000e+02		2.7111947e+02		2.3889416e+02		3.5354917e+02		2.7662627e+02		8.9275111e+01		1.8735115e+02
3.8500000e+02		3.8600000e+02		3.8550000e+02		2.8715912e+02		2.5336003e+02		3.7447149e+02		2.9298905e+02		9.3763276e+01		1.9922578e+02
3.8600000e+02		3.8700000e+02		3.8650000e+02		2.8837692e+02		2.5476476e+02		3.7606463e+02		2.9422785e+02		9.3370687e+01		2.0085717e+02
3.8700000e+02		3.8800000e+02		3.8750000e+02		2.8805300e+02		2.5480471e+02		3.7564627e+02		2.9389262e+02		9.2483003e+01		2.0140962e+02
3.8800000e+02		3.8900000e+02		3.8850000e+02		2.9209390e+02		2.5870609e+02		3.8091911e+02		2.9800964e+02		9.2993198e+01		2.0501644e+02
3.8900000e+02		3.9000000e+02		3.8950000e+02		3.5069332e+02		3.1099530e+02		4.5734117e+02		3.5778775e+02		1.1071213e+02		2.4707562e+02
3.9000000e+02		3.9100000e+02		3.9050000e+02		3.6838836e+02		3.2709020e+02		4.8041904e+02		3.7583106e+02		1.1532211e+02		2.6050895e+02
3.9100000e+02		3.9200000e+02		3.9150000e+02		3.9613874e+02		3.5215795e+02		5.1660920e+02		4.0413046e+02		1.2296827e+02		2.8116218e+02
3.9200000e+02		3.9300000e+02		3.9250000e+02		3.0403432e+02		2.7060429e+02		3.9649433e+02		3.1015809e+02		9.3585305e+01		2.1657279e+02
3.9300000e+02		3.9400000e+02		3.9350000e+02		1.8639471e+02		1.6609669e+02		2.4307852e+02		1.9014247e+02		5.6892924e+01		1.3324954e+02
3.9400000e+02		3.9500000e+02		3.9450000e+02		3.0813115e+02		2.7489818e+02		4.0183369e+02		3.1431494e+02		9.3261063e+01		2.2105388e+02
3.9500000e+02		3.9600000e+02		3.9550000e+02		3.7840801e+02		3.3798629e+02		4.9347817e+02		3.8598685e+02		1.1357055e+02		2.7241630e+02
3.9600000e+02		3.9700000e+02		3.9650000e+02		2.6140326e+02		2.3374695e+02		3.4089030e+02		2.6662744e+02		7.7796074e+01		1.8883136e+02
3.9700000e+02		3.9800000e+02		3.9750000e+02		2.9300657e+02		2.6230245e+02		3.8209931e+02		2.9884903e+02		8.6470138e+01		2.1237889e+02
3.9800000e+02		3.9900000e+02		3.9850000e+02		4.5124719e+02		4.0441142e+02		5.8844767e+02		4.6022332e+02		1.3205239e+02		3.2817093e+02
3.9900000e+02		4.0000000e+02		3.9950000e+02		4.9846141e+02		4.4721704e+02		6.5000783e+02		5.0835175e+02		1.4464627e+02		3.6370548e+02
4.0000000e+02		4.0100000e+02		4.0050000e+02		5.1407199e+02		4.6172445e+02		6.7035386e+02		5.2424539e+02		1.4792615e+02		3.7631925e+02
4.0100000e+02		4.0200000e+02		4.0150000e+02		5.3860814e+02		4.8428172e+02		7.0233686e+02		5.4923796e+02		1.5368813e+02		3.9554984e+02
4.0200000e+02		4.0300000e+02		4.0250000e+02		5.4526519e+02		4.9078739e+02		7.1100394e+02		5.5599577e+02		1.5428469e+02		4.0171108e+02
4.0300000e+02		4.0400000e+02		4.0350000e+02		5.2165796e+02		4.7003074e+02		6.8020705e+02		5.3189367e+02		1.4636928e+02		3.8552439e+02
4.0400000e+02		4.0500000e+02		4.0450000e+02		5.1300620e+02		4.6271359e+02		6.6891101e+02		5.2304144e+02		1.4273722e+02		3.8030421e+02
4.0500000e+02		4.0600000e+02		4.0550000e+02		5.1256585e+02		4.6278900e+02		6.6832122e+02		5.2256089e+02		1.4142182e+02		3.8113907e+02
4.0600000e+02		4.0700000e+02		4.0650000e+02		4.9035274e+02		4.4318011e+02		6.3934236e+02		4.9988360e+02		1.3416189e+02		3.6572171e+02
4.0700000e+02		4.0800000e+02		4.0750000e+02		4.9838294e+02		4.5088707e+02		6.4979564e+02		5.0803755e+02		1.3521948e+02		3.7281807e+02
4.0800000e+02		4.0900000e+02		4.0850000e+02		5.2990289e+02		4.7987552e+02		6.9087287e+02		5.4013292e+02		1.4257054e+02		3.9756238e+02
4.0900000e+02		4.1000000e+02		4.0950000e+02		5.2713439e+02		4.7783302e+02		6.8724395e+02		5.3727521e+02		1.4064172e+02		3.9663349e+02
4.1000000e+02		4.1100000e+02		4.1050000e+02		4.8293937e+02		4.3819237e+02		6.2960683e+02		4.9219655e+02		1.2777526e+02		3.6442129e+02
4.1100000e+02		4.1200000e+02		4.1150000e+02		5.5986852e+02		5.0847615e+02		7.2987696e+02		5.7056080e+02		1.4689385e+02		4.2366695e+02
4.1200000e+02		4.1300000e+02		4.1250000e+02		5.4940473e+02		4.9944114e+02		7.1621324e+02		5.5985772e+02		1.4294717e+02		4.1691055e+02
4.1300000e+02		4.1400000e+02		4.1350000e+02		5.2995399e+02		4.8220594e+02		6.9083453e+02		5.3999821e+02		1.3673797e+02		4.0326023e+02
4.1400000e+02		4.1500000e+02		4.1450000e+02		5.3771640e+02		4.8971715e+02		7.0093004e+02		5.4786785e+02		1.3758605e+02		4.1028181e+02
4.1500000e+02		4.1600000e+02		4.1550000e+02		5.3722776e+02		4.8971494e+02		7.0026910e+02		5.4732956e+02		1.3631764e+02		4.1101191e+02
4.1600000e+02		4.1700000e+02		4.1650000e+02		5.5745703e+02		5.0860953e+02		7.2661217e+02		5.6789668e+02		1.4027490e+02		4.2762177e+02
4.1700000e+02		4.1800000e+02		4.1750000e+02		5.0725322e+02		4.6321377e+02		6.6115074e+02		5.1671348e+02		1.2658169e+02		3.9013180e+02
4.1800000e+02		4.1900000e+02		4.1850000e+02		5.2601513e+02		4.8076612e+02		6.8557971e+02		5.3578414e+02		1.3017403e+02		4.0561011e+02
4.1900000e+02		4.2000000e+02		4.1950000e+02		5.3123875e+02		4.8595927e+02		6.9236200e+02		5.4106278e+02		1.3037629e+02		4.1068649e+02
4.2000000e+02		4.2100000e+02		4.2050000e+02		5.3797708e+02		4.9254278e+02		7.0111729e+02		5.4788272e+02		1.3093570e+02		4.1694702e+02
4.2100000e+02		4.2200000e+02		4.2150000e+02		5.2958361e+02		4.8526660e+02		6.9015172e+02		5.3929195e+02		1.2782537e+02		4.1146659e+02
4.2200000e+02		4.2300000e+02		4.2250000e+02		5.0190537e+02		4.6028738e+02		6.5405570e+02		5.1106543e+02		1.2014215e+02		3.9092328e+02
4.2300000e+02		4.2400000e+02		4.2350000e+02		5.3474862e+02		4.9081069e+02		6.9682729e+02		5.4446415e+02		1.2694546e+02		4.1751869e+02
4.2400000e+02		4.2500000e+02		4.2450000e+02		5.5328403e+02		5.0823596e+02		7.2095133e+02		5.6329050e+02		1.3026044e+02		4.3303006e+02
4.2500000e+02		4.2600000e+02		4.2550000e+02		5.3248014e+02		4.8951888e+02		6.9381441e+02		5.4206593e+02		1.2432765e+02		4.1773828e+02
4.2600000e+02		4.2700000e+02		4.2650000e+02		5.3029841e+02		4.8790027e+02		6.9094278e+02		5.3980038e+02		1.2279696e+02		4.1700341e+02
4.2700000e+02		4.2800000e+02		4.2750000e+02		4.9171747e+02		4.5275896e+02		6.4064736e+02		5.0048656e+02		1.1292472e+02		3.8756184e+02
4.2800000e+02		4.2900000e+02		4.2850000e+02		4.9494538e+02		4.5608459e+02		6.4482536e+02		5.0372994e+02		1.1273010e+02		3.9099984e+02
4.2900000e+02		4.3000000e+02		4.2950000e+02		4.6063718e+02		4.2479550e+02		6.0010199e+02		4.6877342e+02		1.0405288e+02		3.6472055e+02
4.3000000e+02		4.3100000e+02		4.3050000e+02		3.7055843e+02		3.4198461e+02		4.8272949e+02		3.7707176e+02		8.3017096e+01		2.9405466e+02
4.3100000e+02		4.3200000e+02		4.3150000e+02		4.5818753e+02		4.2317330e+02		5.9685836e+02		4.6620156e+02		1.0180595e+02		3.6439561e+02
4.3200000e+02		4.3300000e+02		4.3250000e+02		5.1625369e+02		4.7715507e+02		6.7246843e+02		5.2523857e+02		1.1376678e+02		4.1147179e+02
4.3300000e+02		4.3400000e+02		4.3350000e+02		5.6047485e+02		5.1840619e+02		7.3003793e+02		5.7018056e+02		1.2249948e+02		4.4768108e+02
4.3400000e+02		4.3500000e+02		4.3450000e+02		4.7595241e+02		4.4054634e+02		6.1991657e+02		4.8415287e+02		1.0317416e+02		3.8097872e+02
4.3500000e+02		4.3600000e+02		4.3550000e+02		5.3162725e+02		4.9243139e+02		6.9240027e+02		5.4074038e+02		1.1430030e+02		4.2644007e+02
4.3600000e+02		4.3700000e+02		4.3650000e+02		5.9481241e+02		5.5134746e+02		7.7465829e+02		6.0495638e+02		1.2684007e+02		4.7811631e+02
4.3700000e+02		4.3800000e+02		4.3750000e+02		5.2629983e+02		4.8818221e+02		6.8539893e+02		5.3522902e+02		1.1131394e+02		4.2391508e+02
4.3800000e+02		4.3900000e+02		4.3850000e+02		5.1257868e+02		4.7578326e+02		6.6749906e+02		5.2122982e+02		1.0752770e+02		4.1370212e+02
4.3900000e+02		4.4000000e+02		4.3950000e+02		5.7051902e+02		5.2992602e+02		7.4291662e+02		5.8009759e+02		1.1870721e+02		4.6139038e+02
4.4000000e+02		4.4100000e+02		4.4050000e+02		5.4089681e+02		5.0275066e+02		7.0431038e+02		5.4993011e+02		1.1162776e+02		4.3830235e+02
4.4100000e+02		4.4200000e+02		4.4150000e+02		5.9491633e+02		5.5332950e+02		7.7461359e+02		6.0479885e+02		1.2177778e+02		4.8302107e+02
4.4200000e+02		4.4300000e+02		4.4250000e+02		6.2544254e+02		5.8210565e+02		8.1432194e+02		6.3577648e+02		1.2698657e+02		5.0878992e+02
4.4300000e+02		4.4400000e+02		4.4350000e+02		6.0497206e+02		5.6342099e+02		7.8763234e+02		6.1491401e+02		1.2183381e+02		4.9308020e+02
4.4400000e+02		4.4500000e+02		4.4450000e+02		6.2324411e+02		5.8081239e+02		8.1138265e+02		6.3343071e+02		1.2449630e+02		5.0893442e+02
4.4500000e+02		4.4600000e+02		4.4550000e+02		5.7783999e+02		5.3884303e+02		7.5223671e+02		5.8723311e+02		1.1449216e+02		4.7274096e+02
4.4600000e+02		4.4700000e+02		4.4650000e+02		5.8940025e+02		5.4997002e+02		7.6724968e+02		5.9892908e+02		1.1583838e+02		4.8309069e+02
4.4700000e+02		4.4800000e+02		4.4750000e+02		6.3881895e+02		5.9645450e+02		8.3154067e+02		6.4908994e+02		1.2453680e+02		5.2455315e+02
4.4800000e+02		4.4900000e+02		4.4850000e+02		6.2805979e+02		5.8677058e+02		8.1749662e+02		6.3810199e+02		1.2145142e+02		5.1665057e+02
4.4900000e+02		4.5000000e+02		4.4950000e+02		6.3454704e+02		5.9319294e+02		8.2590103e+02		6.4463658e+02		1.2171695e+02		5.2291962e+02
4.5000000e+02		4.5100000e+02		4.5050000e+02		6.7325368e+02		6.2975661e+02		8.7623802e+02		6.8389885e+02		1.2810191e+02		5.5579694e+02
4.5100000e+02		4.5200000e+02		4.5150000e+02		6.7122600e+02		6.2823440e+02		8.7355704e+02		6.8177952e+02		1.2668912e+02		5.5509040e+02
4.5200000e+02		4.5300000e+02		4.5250000e+02		6.3541039e+02		5.9506352e+02		8.2690559e+02		6.4534444e+02		1.1896593e+02		5.2637851e+02
4.5300000e+02		4.5400000e+02		4.5350000e+02		6.0888666e+02		5.7055658e+02		7.9235022e+02		6.1835210e+02		1.1308541e+02		5.0526669e+02
4.5400000e+02		4.5500000e+02		4.5450000e+02		6.4999363e+02		6.0942718e+02		8.4580242e+02		6.6004061e+02		1.1975266e+02		5.4028795e+02
4.5500000e+02		4.5600000e+02		4.5550000e+02		6.4380306e+02		6.0396734e+02		8.3770664e+02		6.5369749e+02		1.1766280e+02		5.3603469e+02
4.5600000e+02		4.5700000e+02		4.5650000e+02		6.6853861e+02		6.2752624e+02		8.6985028e+02		6.7875425e+02		1.2120678e+02		5.5754747e+02
4.5700000e+02		4.5800000e+02		4.5750000e+02		6.7499745e+02		6.3394244e+02		8.7821175e+02		6.8525239e+02		1.2140065e+02		5.6385174e+02
4.5800000e+02		4.5900000e+02		4.5850000e+02		6.3439039e+02		5.9613406e+02		8.2533985e+02		6.4397269e+02		1.1318742e+02		5.3078527e+02
4.5900000e+02		4.6000000e+02		4.5950000e+02		6.5539586e+02		6.1620904e+02		8.5262690e+02		6.6523801e+02		1.1600379e+02		5.4923422e+02
4.6000000e+02		4.6100000e+02		4.6050000e+02		6.4752339e+02		6.0913603e+02		8.4234487e+02		6.5719071e+02		1.1369860e+02		5.4349211e+02
4.6100000e+02		4.6200000e+02		4.6150000e+02		6.6245412e+02		6.2351447e+02		8.6172647e+02		6.7228657e+02		1.1539604e+02		5.5689053e+02
4.6200000e+02		4.6300000e+02		4.6250000e+02		6.6901120e+02		6.3001880e+02		8.7021426e+02		6.7888278e+02		1.1561342e+02		5.6326936e+02
4.6300000e+02		4.6400000e+02		4.6350000e+02		6.4662616e+02		6.0925668e+02		8.4105672e+02		6.5611134e+02		1.1085931e+02		5.4525203e+02
4.6400000e+02		4.6500000e+02		4.6450000e+02		6.5795753e+02		6.2025368e+02		8.5575435e+02		6.6755200e+02		1.1190904e+02		5.5564297e+02
4.6500000e+02		4.6600000e+02		4.6550000e+02		6.3552746e+02		5.9941533e+02		8.2654184e+02		6.4474004e+02		1.0723940e+02		5.3750064e+02
4.6600000e+02		4.6700000e+02		4.6650000e+02		6.3955371e+02		6.0351796e+02		8.3173859e+02		6.4876965e+02		1.0706664e+02		5.4170301e+02
4.6700000e+02		4.6800000e+02		4.6750000e+02		6.4572639e+02		6.0964775e+02		8.3972616e+02		6.5497587e+02		1.0724749e+02		5.4772838e+02
4.6800000e+02		4.6900000e+02		4.6850000e+02		6.3145002e+02		5.9646421e+02		8.2112168e+02		6.4044106e+02		1.0405034e+02		5.3639072e+02
4.6900000e+02		4.7000000e+02		4.6950000e+02		6.4956875e+02		6.1387955e+02		8.4464276e+02		6.5876241e+02		1.0619398e+02		5.5256843e+02
4.7000000e+02		4.7100000e+02		4.7050000e+02		6.1381170e+02		5.8036820e+02		7.9810969e+02		6.2244718e+02		9.9559950e+01		5.2288723e+02
4.7100000e+02		4.7200000e+02		4.7150000e+02		6.4174114e+02		6.0706678e+02		8.3438565e+02		6.5071527e+02		1.0327342e+02		5.4744185e+02
4.7200000e+02		4.7300000e+02		4.7250000e+02		6.5742798e+02		6.2220102e+02		8.5474134e+02		6.6656608e+02		1.0496887e+02		5.6159722e+02
4.7300000e+02		4.7400000e+02		4.7350000e+02		6.4563741e+02		6.1132891e+02		8.3937263e+02		6.5455736e+02		1.0227960e+02		5.5227775e+02
4.7400000e+02		4.7500000e+02		4.7450000e+02		6.6512717e+02		6.3007554e+02		8.6467037e+02		6.7426090e+02		1.0454369e+02		5.6971722e+02
4.7500000e+02		4.7600000e+02		4.7550000e+02		6.6365303e+02		6.2896800e+02		8.6271387e+02		6.7271134e+02		1.0349787e+02		5.6921347e+02
4.7600000e+02		4.7700000e+02		4.7650000e+02		6.3952653e+02		6.0637798e+02		8.3131208e+02		6.4820251e+02		9.8957915e+01		5.4924460e+02
4.7700000e+02		4.7800000e+02		4.7750000e+02		6.6772274e+02		6.3339747e+02		8.6792376e+02		6.7672609e+02		1.0251662e+02		5.7420947e+02
4.7800000e+02		4.7900000e+02		4.7850000e+02		6.6128260e+02		6.2756759e+02		8.5951301e+02		6.7014473e+02		1.0073859e+02		5.6940613e+02
4.7900000e+02		4.8000000e+02		4.7950000e+02		6.6320839e+02		6.2967239e+02		8.6197643e+02		6.7204201e+02		1.0024761e+02		5.7179441e+02
4.8000000e+02		4.8100000e+02		4.8050000e+02		6.6489751e+02		6.3155122e+02		8.6413217e+02		6.7369942e+02		9.9723721e+01		5.7397570e+02
4.8100000e+02		4.8200000e+02		4.8150000e+02		6.6630748e+02		6.3316341e+02		8.6592507e+02		6.7507397e+02		9.9161431e+01		5.7591254e+02
4.8200000e+02		4.8300000e+02		4.8250000e+02		6.6376999e+02		6.3102133e+02		8.6258811e+02		6.7244945e+02		9.8019979e+01		5.7442947e+02
4.8300000e+02		4.8400000e+02		4.8350000e+02		6.5373157e+02		6.2174064e+02		8.4950434e+02		6.6222716e+02		9.5792145e+01		5.6643502e+02
4.8400000e+02		4.8500000e+02		4.8450000e+02		6.4242337e+02		6.1124114e+02		8.3477192e+02		6.5072053e+02		9.3409227e+01		5.5731130e+02
4.8500000e+02		4.8600000e+02		4.8550000e+02		6.0369332e+02		5.7462851e+02		7.8441029e+02		6.1144209e+02		8.7101852e+01		5.2434024e+02
4.8600000e+02		4.8700000e+02		4.8650000e+02		5.2412565e+02		4.9909590e+02		6.8099340e+02		5.3081161e+02		7.5040164e+01		4.5577144e+02
4.8700000e+02		4.8800000e+02		4.8750000e+02		5.9966111e+02		5.7125544e+02		7.7910134e+02		6.0726324e+02		8.5195378e+01		5.2206786e+02
4.8800000e+02		4.8900000e+02		4.8850000e+02		6.3081686e+02		6.0117631e+02		8.1954358e+02		6.3876442e+02		8.8934430e+01		5.4982999e+02
4.8900000e+02		4.9000000e+02		4.8950000e+02		6.1880396e+02		5.8996191e+02		8.0390111e+02		6.2655182e+02		8.6572674e+01		5.3997915e+02
4.9000000e+02		4.9100000e+02		4.9050000e+02		6.5907671e+02		6.2860441e+02		8.5618258e+02		6.6727761e+02		9.1501770e+01		5.7577584e+02
4.9100000e+02		4.9200000e+02		4.9150000e+02		6.2110374e+02		5.9261740e+02		8.0681786e+02		6.2878408e+02		8.5571279e+01		5.4321280e+02
4.9200000e+02		4.9300000e+02		4.9250000e+02		5.9112858e+02		5.6423411e+02		7.6784646e+02		5.9839283e+02		8.0820387e+01		5.1757244e+02
4.9300000e+02		4.9400000e+02		4.9350000e+02		6.2472140e+02		5.9652569e+02		8.1144657e+02		6.3235064e+02		8.4762745e+01		5.4758789e+02
4.9400000e+02		4.9500000e+02		4.9450000e+02		6.4279699e+02		6.1401687e+02		8.3488870e+02		6.5059802e+02		8.6551931e+01		5.6404608e+02
4.9500000e+02		4.9600000e+02		4.9550000e+02		6.3133158e+02		6.0328985e+02		8.1996167e+02		6.3894563e+02		8.4362489e+01		5.5458314e+02
4.9600000e+02		4.9700000e+02		4.9650000e+02		6.3921352e+02		6.1104733e+02		8.3016298e+02		6.4687446e+02		8.4767900e+01		5.6210656e+02
4.9700000e+02		4.9800000e+02		4.9750000e+02		6.5113923e+02		6.2267514e+02		8.4561511e+02		6.5889429e+02		8.5695416e+01		5.7319887e+02
4.9800000e+02		4.9900000e+02		4.9850000e+02		5.9175801e+02		5.6609455e+02		7.6846584e+02		5.9876171e+02		7.7291329e+01		5.2147038e+02
4.9900000e+02		5.0000000e+02		4.9950000e+02		6.3385792e+02		6.0658588e+02		8.2310255e+02		6.4131284e+02		8.2164849e+01		5.5914799e+02
