Left Bin Edge (nm)	Right Bin Edge (nm)	Bin Center (nm)		Top of Atm Intensity (erg/s/nm/cm2)		Total Surface Flux (erg/s/nm/cm2)		Total Intensity at BOA (erg/s/nm/cm2)		Total Surface Intensity (erg/s/nm/cm2)		Total Surface Diffuse Intensity (erg/s/nm/cm2)		Total Surface Direct Intensity (erg/s/nm/cm2)
1.0000000e+02		1.0100000e+02		1.0050000e+02		1.9189487e-02		0.0000000e+00		0.0000000e+00		0.0000000e+00		0.0000000e+00		0.0000000e+00
1.0100000e+02		1.0200000e+02		1.0150000e+02		7.4861701e-02		0.0000000e+00		0.0000000e+00		0.0000000e+00		0.0000000e+00		0.0000000e+00
1.0200000e+02		1.0300000e+02		1.0250000e+02		3.9734366e-01		0.0000000e+00		0.0000000e+00		0.0000000e+00		0.0000000e+00		0.0000000e+00
1.0300000e+02		1.0400000e+02		1.0350000e+02		3.0179545e-01		0.0000000e+00		0.0000000e+00		0.0000000e+00		0.0000000e+00		0.0000000e+00
1.0400000e+02		1.0500000e+02		1.0450000e+02		6.0815352e-02		0.0000000e+00		0.0000000e+00		0.0000000e+00		0.0000000e+00		0.0000000e+00
1.0500000e+02		1.0600000e+02		1.0550000e+02		2.0834600e-02		0.0000000e+00		0.0000000e+00		0.0000000e+00		0.0000000e+00		0.0000000e+00
1.0600000e+02		1.0700000e+02		1.0650000e+02		1.9584792e-02		0.0000000e+00		0.0000000e+00		0.0000000e+00		0.0000000e+00		0.0000000e+00
1.0700000e+02		1.0800000e+02		1.0750000e+02		2.1853879e-02		0.0000000e+00		0.0000000e+00		0.0000000e+00		0.0000000e+00		0.0000000e+00
1.0800000e+02		1.0900000e+02		1.0850000e+02		3.0634999e-02		0.0000000e+00		0.0000000e+00		0.0000000e+00		0.0000000e+00		0.0000000e+00
1.0900000e+02		1.1000000e+02		1.0950000e+02		2.4032561e-02		0.0000000e+00		0.0000000e+00		0.0000000e+00		0.0000000e+00		0.0000000e+00
1.1000000e+02		1.1100000e+02		1.1050000e+02		2.3268893e-02		0.0000000e+00		0.0000000e+00		0.0000000e+00		0.0000000e+00		0.0000000e+00
1.1100000e+02		1.1200000e+02		1.1150000e+02		2.1871272e-02		0.0000000e+00		0.0000000e+00		0.0000000e+00		0.0000000e+00		0.0000000e+00
1.1200000e+02		1.1300000e+02		1.1250000e+02		2.2375602e-02		0.0000000e+00		0.0000000e+00		0.0000000e+00		0.0000000e+00		0.0000000e+00
1.1300000e+02		1.1400000e+02		1.1350000e+02		1.7748133e-02		0.0000000e+00		0.0000000e+00		0.0000000e+00		0.0000000e+00		0.0000000e+00
1.1400000e+02		1.1500000e+02		1.1450000e+02		1.3589480e-02		0.0000000e+00		0.0000000e+00		0.0000000e+00		0.0000000e+00		0.0000000e+00
1.1500000e+02		1.1600000e+02		1.1550000e+02		1.8751615e-02		0.0000000e+00		0.0000000e+00		0.0000000e+00		0.0000000e+00		0.0000000e+00
1.1600000e+02		1.1700000e+02		1.1650000e+02		4.3674487e-02		0.0000000e+00		0.0000000e+00		0.0000000e+00		0.0000000e+00		0.0000000e+00
1.1700000e+02		1.1800000e+02		1.1750000e+02		1.5546757e-01		0.0000000e+00		0.0000000e+00		0.0000000e+00		0.0000000e+00		0.0000000e+00
1.1800000e+02		1.1900000e+02		1.1850000e+02		5.2889236e-02		0.0000000e+00		0.0000000e+00		0.0000000e+00		0.0000000e+00		0.0000000e+00
1.1900000e+02		1.2000000e+02		1.1950000e+02		7.3692884e-02		0.0000000e+00		0.0000000e+00		0.0000000e+00		0.0000000e+00		0.0000000e+00
1.2000000e+02		1.2100000e+02		1.2050000e+02		4.0066072e-01		0.0000000e+00		0.0000000e+00		0.0000000e+00		0.0000000e+00		0.0000000e+00
1.2100000e+02		1.2200000e+02		1.2150000e+02		1.5905289e+01		0.0000000e+00		0.0000000e+00		0.0000000e+00		0.0000000e+00		0.0000000e+00
1.2200000e+02		1.2300000e+02		1.2250000e+02		1.0666543e-01		0.0000000e+00		0.0000000e+00		0.0000000e+00		0.0000000e+00		0.0000000e+00
1.2300000e+02		1.2400000e+02		1.2350000e+02		5.7456553e-02		0.0000000e+00		0.0000000e+00		0.0000000e+00		0.0000000e+00		0.0000000e+00
1.2400000e+02		1.2500000e+02		1.2450000e+02		4.6184197e-02		0.0000000e+00		0.0000000e+00		0.0000000e+00		0.0000000e+00		0.0000000e+00
1.2500000e+02		1.2600000e+02		1.2550000e+02		4.5085118e-02		0.0000000e+00		0.0000000e+00		0.0000000e+00		0.0000000e+00		0.0000000e+00
1.2600000e+02		1.2700000e+02		1.2650000e+02		6.3054464e-02		0.0000000e+00		0.0000000e+00		0.0000000e+00		0.0000000e+00		0.0000000e+00
1.2700000e+02		1.2800000e+02		1.2750000e+02		3.3006429e-02		0.0000000e+00		0.0000000e+00		0.0000000e+00		0.0000000e+00		0.0000000e+00
1.2800000e+02		1.2900000e+02		1.2850000e+02		2.6335196e-02		0.0000000e+00		0.0000000e+00		0.0000000e+00		0.0000000e+00		0.0000000e+00
1.2900000e+02		1.3000000e+02		1.2950000e+02		3.5131240e-02		0.0000000e+00		0.0000000e+00		0.0000000e+00		0.0000000e+00		0.0000000e+00
1.3000000e+02		1.3100000e+02		1.3050000e+02		2.8850634e-01		0.0000000e+00		0.0000000e+00		0.0000000e+00		0.0000000e+00		0.0000000e+00
1.3100000e+02		1.3200000e+02		1.3150000e+02		3.9064855e-02		0.0000000e+00		0.0000000e+00		0.0000000e+00		0.0000000e+00		0.0000000e+00
1.3200000e+02		1.3300000e+02		1.3250000e+02		3.0374778e-02		0.0000000e+00		0.0000000e+00		0.0000000e+00		0.0000000e+00		0.0000000e+00
1.3300000e+02		1.3400000e+02		1.3350000e+02		4.1056606e-01		0.0000000e+00		0.0000000e+00		0.0000000e+00		0.0000000e+00		0.0000000e+00
1.3400000e+02		1.3500000e+02		1.3450000e+02		2.8092500e-02		0.0000000e+00		0.0000000e+00		0.0000000e+00		0.0000000e+00		0.0000000e+00
1.3500000e+02		1.3600000e+02		1.3550000e+02		5.8954708e-02		0.0000000e+00		0.0000000e+00		0.0000000e+00		0.0000000e+00		0.0000000e+00
1.3600000e+02		1.3700000e+02		1.3650000e+02		3.8690656e-02		0.0000000e+00		0.0000000e+00		0.0000000e+00		0.0000000e+00		0.0000000e+00
1.3700000e+02		1.3800000e+02		1.3750000e+02		3.9732879e-02		0.0000000e+00		0.0000000e+00		0.0000000e+00		0.0000000e+00		0.0000000e+00
1.3800000e+02		1.3900000e+02		1.3850000e+02		4.0549866e-02		0.0000000e+00		0.0000000e+00		0.0000000e+00		0.0000000e+00		0.0000000e+00
1.3900000e+02		1.4000000e+02		1.3950000e+02		1.3692187e-01		0.0000000e+00		0.0000000e+00		0.0000000e+00		0.0000000e+00		0.0000000e+00
1.4000000e+02		1.4100000e+02		1.4050000e+02		1.1939088e-01		0.0000000e+00		0.0000000e+00		0.0000000e+00		0.0000000e+00		0.0000000e+00
1.4100000e+02		1.4200000e+02		1.4150000e+02		5.7521948e-02		0.0000000e+00		0.0000000e+00		0.0000000e+00		0.0000000e+00		0.0000000e+00
1.4200000e+02		1.4300000e+02		1.4250000e+02		6.2343151e-02		0.0000000e+00		0.0000000e+00		0.0000000e+00		0.0000000e+00		0.0000000e+00
1.4300000e+02		1.4400000e+02		1.4350000e+02		6.9165895e-02		0.0000000e+00		0.0000000e+00		0.0000000e+00		0.0000000e+00		0.0000000e+00
1.4400000e+02		1.4500000e+02		1.4450000e+02		6.6149126e-02		0.0000000e+00		0.0000000e+00		0.0000000e+00		0.0000000e+00		0.0000000e+00
1.4500000e+02		1.4600000e+02		1.4550000e+02		7.0536262e-02		0.0000000e+00		0.0000000e+00		0.0000000e+00		0.0000000e+00		0.0000000e+00
1.4600000e+02		1.4700000e+02		1.4650000e+02		8.6012655e-02		0.0000000e+00		0.0000000e+00		0.0000000e+00		0.0000000e+00		0.0000000e+00
1.4700000e+02		1.4800000e+02		1.4750000e+02		1.0610345e-01		0.0000000e+00		0.0000000e+00		0.0000000e+00		0.0000000e+00		0.0000000e+00
1.4800000e+02		1.4900000e+02		1.4850000e+02		1.0405386e-01		0.0000000e+00		0.0000000e+00		0.0000000e+00		0.0000000e+00		0.0000000e+00
1.4900000e+02		1.5000000e+02		1.4950000e+02		9.4002421e-02		0.0000000e+00		0.0000000e+00		0.0000000e+00		0.0000000e+00		0.0000000e+00
1.5000000e+02		1.5100000e+02		1.5050000e+02		1.0343288e-01		0.0000000e+00		0.0000000e+00		0.0000000e+00		0.0000000e+00		0.0000000e+00
1.5100000e+02		1.5200000e+02		1.5150000e+02		1.0875212e-01		0.0000000e+00		0.0000000e+00		0.0000000e+00		0.0000000e+00		0.0000000e+00
1.5200000e+02		1.5300000e+02		1.5250000e+02		1.3876638e-01		0.0000000e+00		0.0000000e+00		0.0000000e+00		0.0000000e+00		0.0000000e+00
1.5300000e+02		1.5400000e+02		1.5350000e+02		1.5371418e-01		0.0000000e+00		0.0000000e+00		0.0000000e+00		0.0000000e+00		0.0000000e+00
1.5400000e+02		1.5500000e+02		1.5450000e+02		4.1112511e-01		0.0000000e+00		0.0000000e+00		0.0000000e+00		0.0000000e+00		0.0000000e+00
1.5500000e+02		1.5600000e+02		1.5550000e+02		3.3836363e-01		0.0000000e+00		0.0000000e+00		0.0000000e+00		0.0000000e+00		0.0000000e+00
1.5600000e+02		1.5700000e+02		1.5650000e+02		2.0084632e-01		0.0000000e+00		0.0000000e+00		0.0000000e+00		0.0000000e+00		0.0000000e+00
1.5700000e+02		1.5800000e+02		1.5750000e+02		1.8216796e-01		0.0000000e+00		0.0000000e+00		0.0000000e+00		0.0000000e+00		0.0000000e+00
1.5800000e+02		1.5900000e+02		1.5850000e+02		1.6795176e-01		0.0000000e+00		0.0000000e+00		0.0000000e+00		0.0000000e+00		0.0000000e+00
1.5900000e+02		1.6000000e+02		1.5950000e+02		1.6379377e-01		0.0000000e+00		0.0000000e+00		0.0000000e+00		0.0000000e+00		0.0000000e+00
1.6000000e+02		1.6100000e+02		1.6050000e+02		1.7926410e-01		0.0000000e+00		0.0000000e+00		0.0000000e+00		0.0000000e+00		0.0000000e+00
1.6100000e+02		1.6200000e+02		1.6150000e+02		2.0306941e-01		0.0000000e+00		0.0000000e+00		0.0000000e+00		0.0000000e+00		0.0000000e+00
1.6200000e+02		1.6300000e+02		1.6250000e+02		2.2492895e-01		0.0000000e+00		0.0000000e+00		0.0000000e+00		0.0000000e+00		0.0000000e+00
1.6300000e+02		1.6400000e+02		1.6350000e+02		4.7671727e-01		0.0000000e+00		0.0000000e+00		0.0000000e+00		0.0000000e+00		0.0000000e+00
1.6400000e+02		1.6500000e+02		1.6450000e+02		4.8753270e-01		0.0000000e+00		0.0000000e+00		0.0000000e+00		0.0000000e+00		0.0000000e+00
1.6500000e+02		1.6600000e+02		1.6550000e+02		5.7072689e-01		0.0000000e+00		0.0000000e+00		0.0000000e+00		0.0000000e+00		0.0000000e+00
1.6600000e+02		1.6700000e+02		1.6650000e+02		2.6919628e-01		0.0000000e+00		0.0000000e+00		0.0000000e+00		0.0000000e+00		0.0000000e+00
1.6700000e+02		1.6800000e+02		1.6750000e+02		2.8728373e-01		0.0000000e+00		0.0000000e+00		0.0000000e+00		0.0000000e+00		0.0000000e+00
1.6800000e+02		1.6900000e+02		1.6850000e+02		3.0958866e-01		0.0000000e+00		0.0000000e+00		0.0000000e+00		0.0000000e+00		0.0000000e+00
1.6900000e+02		1.7000000e+02		1.6950000e+02		3.8988989e-01		0.0000000e+00		0.0000000e+00		0.0000000e+00		0.0000000e+00		0.0000000e+00
1.7000000e+02		1.7100000e+02		1.7050000e+02		4.3752516e-01		0.0000000e+00		0.0000000e+00		0.0000000e+00		0.0000000e+00		0.0000000e+00
1.7100000e+02		1.7200000e+02		1.7150000e+02		4.3618394e-01		0.0000000e+00		0.0000000e+00		0.0000000e+00		0.0000000e+00		0.0000000e+00
1.7200000e+02		1.7300000e+02		1.7250000e+02		4.5514763e-01		0.0000000e+00		0.0000000e+00		0.0000000e+00		0.0000000e+00		0.0000000e+00
1.7300000e+02		1.7400000e+02		1.7350000e+02		4.5120572e-01		0.0000000e+00		0.0000000e+00		0.0000000e+00		0.0000000e+00		0.0000000e+00
1.7400000e+02		1.7500000e+02		1.7450000e+02		5.3951828e-01		0.0000000e+00		0.0000000e+00		0.0000000e+00		0.0000000e+00		0.0000000e+00
1.7500000e+02		1.7600000e+02		1.7550000e+02		6.4389120e-01		0.0000000e+00		0.0000000e+00		0.0000000e+00		0.0000000e+00		0.0000000e+00
1.7600000e+02		1.7700000e+02		1.7650000e+02		6.9472845e-01		0.0000000e+00		0.0000000e+00		0.0000000e+00		0.0000000e+00		0.0000000e+00
1.7700000e+02		1.7800000e+02		1.7750000e+02		8.1849614e-01		0.0000000e+00		0.0000000e+00		0.0000000e+00		0.0000000e+00		0.0000000e+00
1.7800000e+02		1.7900000e+02		1.7850000e+02		8.9455089e-01		0.0000000e+00		0.0000000e+00		0.0000000e+00		0.0000000e+00		0.0000000e+00
1.7900000e+02		1.8000000e+02		1.7950000e+02		8.6966614e-01		0.0000000e+00		0.0000000e+00		0.0000000e+00		0.0000000e+00		0.0000000e+00
1.8000000e+02		1.8100000e+02		1.8050000e+02		1.0753674e+00		0.0000000e+00		0.0000000e+00		0.0000000e+00		0.0000000e+00		0.0000000e+00
1.8100000e+02		1.8200000e+02		1.8150000e+02		1.3093431e+00		0.0000000e+00		0.0000000e+00		0.0000000e+00		0.0000000e+00		0.0000000e+00
1.8200000e+02		1.8300000e+02		1.8250000e+02		1.2087370e+00		0.0000000e+00		0.0000000e+00		0.0000000e+00		0.0000000e+00		0.0000000e+00
1.8300000e+02		1.8400000e+02		1.8350000e+02		1.2728289e+00		0.0000000e+00		0.0000000e+00		0.0000000e+00		0.0000000e+00		0.0000000e+00
1.8400000e+02		1.8500000e+02		1.8450000e+02		1.0940339e+00		0.0000000e+00		0.0000000e+00		0.0000000e+00		0.0000000e+00		0.0000000e+00
1.8500000e+02		1.8600000e+02		1.8550000e+02		1.2372281e+00		0.0000000e+00		0.0000000e+00		0.0000000e+00		0.0000000e+00		0.0000000e+00
1.8600000e+02		1.8700000e+02		1.8650000e+02		1.4037992e+00		0.0000000e+00		0.0000000e+00		0.0000000e+00		0.0000000e+00		0.0000000e+00
1.8700000e+02		1.8800000e+02		1.8750000e+02		1.5907538e+00		0.0000000e+00		0.0000000e+00		0.0000000e+00		0.0000000e+00		0.0000000e+00
1.8800000e+02		1.8900000e+02		1.8850000e+02		1.6735993e+00		0.0000000e+00		0.0000000e+00		0.0000000e+00		0.0000000e+00		0.0000000e+00
1.8900000e+02		1.9000000e+02		1.8950000e+02		1.8559600e+00		1.6714377e-316		0.0000000e+00		1.6812879e-316		2.3305818e-318		1.6579820e-316
1.9000000e+02		1.9100000e+02		1.9050000e+02		1.9109940e+00		6.7802208e-196		0.0000000e+00		6.8493616e-196		1.6358896e-197		6.6857726e-196
1.9100000e+02		1.9200000e+02		1.9150000e+02		2.0707336e+00		1.8977047e-147		0.0000000e+00		1.9223642e-147		5.8344975e-149		1.8640192e-147
1.9200000e+02		1.9300000e+02		1.9250000e+02		2.1685186e+00		4.6850415e-113		0.0000000e+00		4.7650143e-113		1.8921779e-114		4.5757965e-113
1.9300000e+02		1.9400000e+02		1.9350000e+02		1.6554009e+00		6.3512563e-78		2.4700420e-74		6.5058556e-78		3.6578590e-79		6.1400697e-78
1.9400000e+02		1.9500000e+02		1.9450000e+02		2.6556632e+00		2.2006637e-60		1.4194880e-57		2.2685662e-60		1.6065918e-61		2.1079070e-60
1.9500000e+02		1.9600000e+02		1.9550000e+02		2.5630279e+00		1.6618172e-39		1.4579045e-37		1.7369612e-39		1.7779263e-40		1.5591685e-39
1.9600000e+02		1.9700000e+02		1.9650000e+02		2.8204934e+00		6.2796039e-31		2.3736069e-29		6.6318660e-31		8.3346111e-32		5.7984049e-31
1.9700000e+02		1.9800000e+02		1.9750000e+02		2.8068384e+00		3.8746448e-23		7.0246313e-22		4.1530467e-23		6.5870595e-24		3.4943408e-23
1.9800000e+02		1.9900000e+02		1.9850000e+02		2.7505577e+00		6.1848832e-15		4.0830548e-14		6.9561494e-15		1.8248355e-15		5.1313139e-15
1.9900000e+02		2.0000000e+02		1.9950000e+02		2.8965557e+00		1.2074057e-09		4.1330558e-09		1.5178797e-09		7.3458931e-10		7.8329036e-10
2.0000000e+02		2.0100000e+02		2.0050000e+02		3.0623388e+00		8.0193878e-07		2.4268489e-06		1.1108671e-06		7.3093220e-07		3.7993488e-07
2.0100000e+02		2.0200000e+02		2.0150000e+02		3.2593670e+00		4.1470053e-03		1.1689110e-02		6.9411235e-03		6.6109546e-03		3.3016885e-04
2.0200000e+02		2.0300000e+02		2.0250000e+02		3.2217937e+00		1.2442466e-02		3.4305338e-02		2.1048976e-02		2.0363219e-02		6.8575650e-04
2.0300000e+02		2.0400000e+02		2.0350000e+02		3.4484145e+00		8.0739298e-02		2.1533722e-01		1.3835695e-01		1.3632484e-01		2.0321159e-03
2.0400000e+02		2.0500000e+02		2.0450000e+02		3.7117169e+00		1.8426284e-01		4.8398942e-01		3.1668933e-01		3.1332444e-01		3.3648928e-03
2.0500000e+02		2.0600000e+02		2.0550000e+02		3.7200399e+00		1.9181836e-01		5.0160642e-01		3.2944309e-01		3.2562362e-01		3.8194714e-03
2.0600000e+02		2.0700000e+02		2.0650000e+02		3.7247532e+00		2.0050712e-01		5.2197034e-01		3.4412038e-01		3.3979263e-01		4.3277500e-03
2.0700000e+02		2.0800000e+02		2.0750000e+02		4.0454145e+00		2.2701906e-01		5.8836656e-01		3.8932805e-01		3.8402719e-01		5.3008596e-03
2.0800000e+02		2.0900000e+02		2.0850000e+02		4.3759554e+00		2.5511615e-01		6.5830554e-01		4.3716419e-01		4.3073030e-01		6.4338949e-03
2.0900000e+02		2.1000000e+02		2.0950000e+02		5.6528678e+00		3.3976562e-01		8.7310523e-01		5.8172714e-01		5.7248711e-01		9.2400314e-03
2.1000000e+02		2.1100000e+02		2.1050000e+02		6.9678423e+00		4.3758728e-01		1.1194894e+00		7.4856256e-01		7.3577542e-01		1.2787147e-02
2.1100000e+02		2.1200000e+02		2.1150000e+02		7.9326445e+00		5.1517094e-01		1.3124311e+00		8.8046516e-01		8.6429540e-01		1.6169755e-02
2.1200000e+02		2.1300000e+02		2.1250000e+02		7.0734222e+00		4.7683236e-01		1.2095784e+00		8.1417581e-01		7.9816317e-01		1.6012641e-02
2.1300000e+02		2.1400000e+02		2.1350000e+02		7.2066449e+00		5.0314834e-01		1.2709349e+00		8.5826033e-01		8.4020399e-01		1.8056340e-02
2.1400000e+02		2.1500000e+02		2.1450000e+02		9.2279181e+00		6.6867373e-01		1.6819134e+00		1.1394656e+00		1.1139056e+00		2.5560044e-02
2.1500000e+02		2.1600000e+02		2.1550000e+02		7.9257408e+00		5.9476966e-01		1.4897978e+00		1.0124666e+00		9.8828162e-01		2.4184995e-02
2.1600000e+02		2.1700000e+02		2.1650000e+02		7.3353469e+00		5.7021150e-01		1.4223296e+00		9.6961654e-01		9.4500247e-01		2.4614063e-02
2.1700000e+02		2.1800000e+02		2.1750000e+02		7.5953881e+00		6.1123058e-01		1.5183208e+00		1.0382139e+00		1.0102535e+00		2.7960477e-02
2.1800000e+02		2.1900000e+02		2.1850000e+02		1.0217230e+01		8.4890621e-01		2.1000950e+00		1.4402519e+00		1.3991390e+00		4.1112959e-02
2.1900000e+02		2.2000000e+02		2.1950000e+02		1.0786519e+01		9.1936066e-01		2.2653783e+00		1.5578531e+00		1.5106893e+00		4.7163762e-02
2.2000000e+02		2.2100000e+02		2.2050000e+02		1.0851638e+01		9.6078474e-01		2.3575081e+00		1.6260625e+00		1.5740642e+00		5.1998381e-02
2.2100000e+02		2.2200000e+02		2.2150000e+02		8.6872371e+00		8.0218402e-01		1.9600478e+00		1.3560230e+00		1.3103972e+00		4.5625849e-02
2.2200000e+02		2.2300000e+02		2.2250000e+02		1.1691346e+01		1.1002411e+00		2.6784429e+00		1.8574805e+00		1.7916477e+00		6.5832850e-02
2.2300000e+02		2.2400000e+02		2.2350000e+02		1.5139682e+01		1.4690327e+00		3.5620737e+00		2.4768617e+00		2.3845490e+00		9.2312723e-02
2.2400000e+02		2.2500000e+02		2.2450000e+02		1.4154944e+01		1.4154087e+00		3.4184988e+00		2.3832648e+00		2.2899720e+00		9.3292756e-02
2.2500000e+02		2.2600000e+02		2.2550000e+02		1.2365614e+01		1.2728100e+00		3.0620518e+00		2.1402395e+00		2.0523603e+00		8.7879230e-02
2.2600000e+02		2.2700000e+02		2.2650000e+02		9.0577089e+00		9.5906681e-01		2.2982466e+00		1.6104276e+00		1.5411361e+00		6.9291485e-02
2.2700000e+02		2.2800000e+02		2.2750000e+02		8.8108381e+00		9.5932437e-01		2.2899596e+00		1.6085782e+00		1.5361511e+00		7.2427120e-02
2.2800000e+02		2.2900000e+02		2.2850000e+02		1.2275156e+01		1.3966409e+00		3.3195161e+00		2.3384228e+00		2.2282798e+00		1.1014294e-01
2.2900000e+02		2.3000000e+02		2.2950000e+02		1.1031259e+01		1.2666243e+00		3.0004687e+00		2.1176592e+00		2.0135701e+00		1.0408908e-01
2.3000000e+02		2.3100000e+02		2.3050000e+02		1.2510180e+01		1.4757896e+00		3.4826391e+00		2.4636918e+00		2.3374017e+00		1.2629014e-01
2.3100000e+02		2.3200000e+02		2.3150000e+02		1.1791833e+01		1.4310665e+00		3.3642225e+00		2.3854659e+00		2.2581333e+00		1.2733259e-01
2.3200000e+02		2.3300000e+02		2.3250000e+02		1.2664003e+01		1.5728096e+00		3.6837685e+00		2.6176399e+00		2.4720951e+00		1.4554481e-01
2.3300000e+02		2.3400000e+02		2.3350000e+02		1.1428554e+01		1.4569093e+00		3.3995781e+00		2.4210256e+00		2.2811236e+00		1.3990204e-01
2.3400000e+02		2.3500000e+02		2.3450000e+02		9.9864853e+00		1.3050108e+00		3.0338719e+00		2.1652017e+00		2.0352334e+00		1.2996829e-01
2.3500000e+02		2.3600000e+02		2.3550000e+02		1.3443360e+01		1.7700168e+00		4.1005655e+00		2.9313282e+00		2.7476923e+00		1.8363597e-01
2.3600000e+02		2.3700000e+02		2.3650000e+02		1.2448020e+01		1.7062749e+00		3.9377457e+00		2.8218807e+00		2.6395516e+00		1.8232903e-01
2.3700000e+02		2.3800000e+02		2.3750000e+02		1.3294723e+01		1.8641461e+00		4.2865477e+00		3.0779330e+00		2.8718507e+00		2.0608226e-01
2.3800000e+02		2.3900000e+02		2.3850000e+02		1.1021422e+01		1.5827643e+00		3.6263933e+00		2.6090797e+00		2.4282884e+00		1.8079135e-01
2.3900000e+02		2.4000000e+02		2.3950000e+02		1.2008577e+01		1.7650009e+00		4.0294334e+00		2.9046816e+00		2.6965136e+00		2.0816805e-01
2.4000000e+02		2.4100000e+02		2.4050000e+02		1.1032163e+01		1.6587824e+00		3.7734926e+00		2.7253450e+00		2.5235143e+00		2.0183069e-01
2.4100000e+02		2.4200000e+02		2.4150000e+02		1.2918879e+01		1.9861861e+00		4.5023238e+00		3.2577684e+00		3.0085960e+00		2.4917235e-01
2.4200000e+02		2.4300000e+02		2.4250000e+02		1.7782729e+01		2.7907158e+00		6.3040136e+00		4.5695458e+00		4.2087569e+00		3.6078886e-01
2.4300000e+02		2.4400000e+02		2.4350000e+02		1.6701989e+01		2.6762588e+00		6.0244898e+00		4.3746268e+00		4.0183819e+00		3.5624487e-01
2.4400000e+02		2.4500000e+02		2.4450000e+02		1.5641720e+01		2.5589853e+00		5.7405801e+00		4.1757168e+00		3.8252277e+00		3.5048908e-01
2.4500000e+02		2.4600000e+02		2.4550000e+02		1.2691134e+01		2.1190250e+00		4.7373551e+00		3.4518129e+00		3.1534099e+00		2.9840297e-01
2.4600000e+02		2.4700000e+02		2.4650000e+02		1.2350906e+01		2.1078899e+00		4.6963986e+00		3.4278176e+00		3.1229824e+00		3.0483510e-01
2.4700000e+02		2.4800000e+02		2.4750000e+02		1.3639226e+01		2.3727727e+00		5.2687689e+00		3.8517843e+00		3.4993791e+00		3.5240518e-01
2.4800000e+02		2.4900000e+02		2.4850000e+02		1.0938846e+01		1.9375166e+00		4.2879073e+00		3.1396141e+00		2.8441934e+00		2.9542076e-01
2.4900000e+02		2.5000000e+02		2.4950000e+02		1.3333262e+01		2.4054092e+00		5.3057458e+00		3.8908790e+00		3.5146592e+00		3.7621973e-01
2.5000000e+02		2.5100000e+02		2.5050000e+02		1.4401571e+01		2.6485731e+00		5.8229364e+00		4.2766804e+00		3.8521432e+00		4.2453716e-01
2.5100000e+02		2.5200000e+02		2.5150000e+02		1.2007424e+01		2.2471686e+00		4.9242438e+00		3.6220052e+00		3.2528985e+00		3.6910674e-01
2.5200000e+02		2.5300000e+02		2.5250000e+02		1.0794009e+01		2.0571015e+00		4.4929704e+00		3.3096675e+00		2.9636029e+00		3.4606459e-01
2.5300000e+02		2.5400000e+02		2.5350000e+02		1.3602371e+01		2.6412162e+00		5.7499377e+00		4.2418447e+00		3.7871278e+00		4.5471696e-01
2.5400000e+02		2.5500000e+02		2.5450000e+02		1.5384114e+01		3.0414654e+00		6.6003748e+00		4.8760250e+00		4.3406144e+00		5.3541052e-01
2.5500000e+02		2.5600000e+02		2.5550000e+02		2.0992062e+01		4.2218932e+00		9.1326232e+00		6.7561279e+00		5.9960636e+00		7.6006425e-01
2.5600000e+02		2.5700000e+02		2.5650000e+02		2.7040612e+01		5.5288224e+00		1.1922234e+01		8.8316161e+00		7.8144939e+00		1.0171222e+00
2.5700000e+02		2.5800000e+02		2.5750000e+02		3.3946512e+01		7.0626483e+00		1.5182750e+01		1.1261861e+01		9.9354436e+00		1.3264173e+00
2.5800000e+02		2.5900000e+02		2.5850000e+02		3.5732434e+01		7.5599676e+00		1.6201911e+01		1.2033454e+01		1.0584382e+01		1.4490719e+00
2.5900000e+02		2.6000000e+02		2.5950000e+02		3.0409976e+01		6.5281713e+00		1.3947848e+01		1.0371985e+01		9.0945607e+00		1.2774243e+00
2.6000000e+02		2.6100000e+02		2.6050000e+02		2.4915606e+01		5.4476231e+00		1.1602532e+01		8.6392850e+00		7.5515531e+00		1.0877319e+00
2.6100000e+02		2.6200000e+02		2.6150000e+02		2.5442742e+01		5.8284062e+00		1.2374861e+01		9.2335145e+00		8.0565728e+00		1.1769418e+00
2.6200000e+02		2.6300000e+02		2.6250000e+02		3.0366547e+01		6.9717739e+00		1.4759304e+01		1.1021776e+01		9.5824069e+00		1.4393687e+00
2.6300000e+02		2.6400000e+02		2.6350000e+02		4.5700096e+01		1.0505662e+01		2.2176589e+01		1.6573720e+01		1.4357179e+01		2.2165409e+00
2.6400000e+02		2.6500000e+02		2.6450000e+02		7.1249372e+01		1.7156777e+01		3.6104528e+01		2.7037502e+01		2.3378046e+01		3.6594551e+00
2.6500000e+02		2.6600000e+02		2.6550000e+02		7.4731454e+01		1.7722083e+01		3.7191099e+01		2.7858907e+01		2.3983982e+01		3.8749250e+00
2.6600000e+02		2.6700000e+02		2.6650000e+02		7.2446611e+01		1.7350694e+01		3.6307618e+01		2.7223351e+01		2.3358957e+01		3.8643941e+00
2.6700000e+02		2.6800000e+02		2.6750000e+02		7.2937204e+01		1.7902003e+01		3.7352953e+01		2.8045026e+01		2.3998652e+01		4.0463744e+00
2.6800000e+02		2.6900000e+02		2.6850000e+02		7.2239021e+01		1.7924665e+01		3.7294995e+01		2.8028396e+01		2.3905686e+01		4.1227105e+00
2.6900000e+02		2.7000000e+02		2.6950000e+02		6.7758000e+01		1.6912103e+01		3.5100363e+01		2.6399980e+01		2.2448557e+01		3.9514229e+00
2.7000000e+02		2.7100000e+02		2.7050000e+02		7.8281462e+01		1.9533484e+01		4.0429533e+01		3.0427177e+01		2.5774755e+01		4.6524220e+00
2.7100000e+02		2.7200000e+02		2.7150000e+02		6.5051220e+01		1.6680878e+01		3.4427910e+01		2.5946106e+01		2.1921764e+01		4.0243420e+00
2.7200000e+02		2.7300000e+02		2.7250000e+02		5.2331568e+01		1.3593122e+01		2.7970585e+01		2.1099856e+01		1.7761124e+01		3.3387318e+00
2.7300000e+02		2.7400000e+02		2.7350000e+02		5.5800645e+01		1.4675592e+01		3.0116570e+01		2.2739843e+01		1.9080222e+01		3.6596207e+00
2.7400000e+02		2.7500000e+02		2.7450000e+02		3.8398649e+01		1.0303965e+01		2.1087539e+01		1.5940558e+01		1.3336324e+01		2.6042346e+00
2.7500000e+02		2.7600000e+02		2.7550000e+02		5.1208696e+01		1.3919008e+01		2.8409825e+01		2.1495353e+01		1.7925823e+01		3.5695293e+00
2.7600000e+02		2.7700000e+02		2.7650000e+02		7.1318275e+01		1.9261742e+01		3.9214038e+01		2.9680343e+01		2.4650674e+01		5.0296693e+00
2.7700000e+02		2.7800000e+02		2.7750000e+02		6.8188493e+01		1.9144749e+01		3.8869125e+01		2.9467434e+01		2.4423734e+01		5.0437003e+00
2.7800000e+02		2.7900000e+02		2.7850000e+02		4.7024496e+01		1.3180978e+01		2.6693120e+01		2.0245699e+01		1.6715310e+01		3.5303890e+00
2.7900000e+02		2.8000000e+02		2.7950000e+02		2.6422560e+01		7.4803618e+00		1.5109981e+01		1.1469200e+01		9.4376914e+00		2.0315081e+00
2.8000000e+02		2.8100000e+02		2.8050000e+02		2.8982131e+01		8.3015365e+00		1.6725792e+01		1.2706010e+01		1.0421097e+01		2.2849135e+00
2.8100000e+02		2.8200000e+02		2.8150000e+02		6.0033324e+01		1.7339683e+01		3.4849256e+01		2.6492436e+01		2.1655645e+01		4.8367906e+00
2.8200000e+02		2.8300000e+02		2.8250000e+02		8.1733762e+01		2.3752898e+01		4.7619959e+01		3.6223676e+01		2.9506177e+01		6.7174991e+00
2.8300000e+02		2.8400000e+02		2.8350000e+02		8.4433091e+01		2.4978360e+01		4.9948441e+01		3.8031688e+01		3.0884506e+01		7.1471819e+00
2.8400000e+02		2.8500000e+02		2.8450000e+02		6.2255376e+01		1.8594762e+01		3.7092714e+01		2.8263091e+01		2.2875514e+01		5.3875779e+00
2.8500000e+02		2.8600000e+02		2.8550000e+02		4.0018063e+01		1.2108526e+01		2.4095139e+01		1.8374020e+01		1.4824318e+01		3.5497022e+00
2.8600000e+02		2.8700000e+02		2.8650000e+02		8.2001717e+01		2.4865229e+01		4.9363489e+01		3.7659987e+01		3.0272721e+01		7.3872656e+00
2.8700000e+02		2.8800000e+02		2.8750000e+02		9.5189148e+01		2.9428116e+01		5.8277531e+01		4.4504169e+01		3.5670323e+01		8.8338457e+00
2.8800000e+02		2.8900000e+02		2.8850000e+02		9.0460934e+01		2.8227448e+01		5.5769378e+01		4.2616371e+01		3.4044558e+01		8.5718128e+00
2.8900000e+02		2.9000000e+02		2.8950000e+02		1.3728321e+02		4.3252758e+01		8.5254491e+01		6.5190192e+01		5.1904528e+01		1.3285664e+01
2.9000000e+02		2.9100000e+02		2.9050000e+02		1.8023325e+02		5.7213970e+01		1.1250839e+02		8.6080666e+01		6.8299335e+01		1.7781330e+01
2.9100000e+02		2.9200000e+02		2.9150000e+02		1.7359450e+02		5.6213351e+01		1.1021921e+02		8.4409072e+01		6.6711792e+01		1.7697280e+01
2.9200000e+02		2.9300000e+02		2.9250000e+02		1.5421676e+02		4.9943296e+01		9.7760084e+01		7.4893378e+01		5.9032529e+01		1.5860849e+01
2.9300000e+02		2.9400000e+02		2.9350000e+02		1.6099986e+02		5.2656511e+01		1.0283507e+02		7.8831030e+01		6.1929578e+01		1.6901452e+01
2.9400000e+02		2.9500000e+02		2.9450000e+02		1.4991794e+02		4.9484296e+01		9.6420120e+01		7.3957606e+01		5.7904472e+01		1.6053134e+01
2.9500000e+02		2.9600000e+02		2.9550000e+02		1.6232431e+02		5.4008169e+01		1.0500279e+02		8.0585095e+01		6.2881683e+01		1.7703412e+01
2.9600000e+02		2.9700000e+02		2.9650000e+02		1.4851381e+02		4.9984619e+01		9.6962279e+01		7.4463229e+01		5.7917015e+01		1.6546214e+01
2.9700000e+02		2.9800000e+02		2.9750000e+02		1.5140866e+02		5.1455576e+01		9.9593479e+01		7.6528551e+01		5.9323295e+01		1.7205255e+01
2.9800000e+02		2.9900000e+02		2.9850000e+02		1.3012850e+02		4.4627763e+01		8.6190487e+01		6.6266838e+01		5.1198601e+01		1.5068237e+01
2.9900000e+02		3.0000000e+02		2.9950000e+02		1.4682541e+02		5.0757499e+01		9.7824621e+01		7.5250429e+01		5.7950894e+01		1.7299535e+01
3.0000000e+02		3.0100000e+02		3.0050000e+02		1.1681452e+02		4.0784237e+01		7.8429102e+01		6.0365865e+01		4.6330629e+01		1.4035236e+01
3.0100000e+02		3.0200000e+02		3.0150000e+02		1.3434477e+02		4.6817373e+01		8.9851513e+01		6.9171361e+01		5.2890104e+01		1.6281258e+01
3.0200000e+02		3.0300000e+02		3.0250000e+02		1.4142283e+02		4.9282492e+01		9.4400126e+01		7.2689421e+01		5.5381388e+01		1.7308033e+01
3.0300000e+02		3.0400000e+02		3.0350000e+02		1.8342160e+02		6.4122330e+01		1.2253951e+02		9.4397495e+01		7.1631810e+01		2.2765685e+01
3.0400000e+02		3.0500000e+02		3.0450000e+02		1.7556728e+02		6.1876334e+01		1.1799745e+02		9.0944503e+01		6.8776026e+01		2.2168476e+01
3.0500000e+02		3.0600000e+02		3.0550000e+02		1.7728071e+02		6.2878986e+01		1.1967048e+02		9.2272766e+01		6.9546430e+01		2.2726336e+01
3.0600000e+02		3.0700000e+02		3.0650000e+02		1.6814926e+02		6.0116052e+01		1.1418082e+02		8.8080598e+01		6.6164827e+01		2.1915771e+01
3.0700000e+02		3.0800000e+02		3.0750000e+02		1.8878816e+02		6.8119337e+01		1.2914041e+02		9.9669298e+01		7.4648007e+01		2.5021290e+01
3.0800000e+02		3.0900000e+02		3.0850000e+02		1.8529086e+02		6.8426288e+01		1.2945194e+02		1.0000107e+02		7.4706727e+01		2.5294340e+01
3.0900000e+02		3.1000000e+02		3.0950000e+02		1.5026991e+02		5.6020388e+01		1.0576803e+02		8.1746107e+01		6.0867704e+01		2.0878403e+01
3.1000000e+02		3.1100000e+02		3.1050000e+02		1.8913229e+02		7.1167380e+01		1.3410290e+02		1.0369605e+02		7.6963650e+01		2.6732395e+01
3.1100000e+02		3.1200000e+02		3.1150000e+02		2.2495083e+02		8.5415313e+01		1.6064637e+02		1.2427833e+02		9.1950895e+01		3.2327439e+01
3.1200000e+02		3.1300000e+02		3.1250000e+02		2.0030306e+02		7.6574050e+01		1.4374998e+02		1.1125135e+02		8.2047373e+01		2.9203977e+01
3.1300000e+02		3.1400000e+02		3.1350000e+02		2.1331645e+02		8.2151876e+01		1.5392308e+02		1.1917240e+02		8.7591504e+01		3.1580897e+01
3.1400000e+02		3.1500000e+02		3.1450000e+02		2.0119548e+02		7.8062355e+01		1.4598453e+02		1.1307218e+02		8.2834141e+01		3.0238042e+01
3.1500000e+02		3.1600000e+02		3.1550000e+02		1.9522773e+02		7.6344576e+01		1.4249795e+02		1.1041818e+02		8.0619022e+01		2.9799162e+01
3.1600000e+02		3.1700000e+02		3.1650000e+02		1.9043254e+02		7.4895233e+01		1.3953714e+02		1.0816143e+02		7.8708675e+01		2.9452758e+01
3.1700000e+02		3.1800000e+02		3.1750000e+02		2.4155434e+02		9.5848391e+01		1.7822194e+02		1.3820761e+02		1.0022299e+02		3.7984620e+01
3.1800000e+02		3.1900000e+02		3.1850000e+02		1.9952276e+02		7.9561105e+01		1.4768752e+02		1.1456419e+02		8.2818194e+01		3.1745998e+01
3.1900000e+02		3.2000000e+02		3.1950000e+02		2.1430874e+02		8.5972856e+01		1.5931322e+02		1.2362343e+02		8.9082209e+01		3.4541219e+01
3.2000000e+02		3.2100000e+02		3.2050000e+02		2.4621307e+02		1.0019321e+02		1.8534448e+02		1.4390548e+02		1.0342433e+02		4.0481147e+01
3.2100000e+02		3.2200000e+02		3.2150000e+02		2.0677326e+02		8.3787259e+01		1.5472918e+02		1.2013778e+02		8.6006247e+01		3.4131529e+01
3.2200000e+02		3.2300000e+02		3.2250000e+02		2.0765168e+02		8.4584158e+01		1.5594701e+02		1.2111777e+02		8.6439463e+01		3.4678311e+01
3.2300000e+02		3.2400000e+02		3.2350000e+02		2.0066974e+02		8.2590861e+01		1.5199445e+02		1.1810266e+02		8.4021816e+01		3.4080843e+01
3.2400000e+02		3.2500000e+02		3.2450000e+02		2.3629853e+02		9.7716533e+01		1.7954475e+02		1.3954519e+02		9.8967676e+01		4.0577519e+01
3.2500000e+02		3.2600000e+02		3.2550000e+02		2.7209498e+02		1.1307901e+02		2.0741698e+02		1.6125430e+02		1.1398395e+02		4.7270346e+01
3.2600000e+02		3.2700000e+02		3.2650000e+02		3.0699214e+02		1.2887069e+02		2.3598277e+02		1.8353665e+02		1.2934103e+02		5.4195612e+01
3.2700000e+02		3.2800000e+02		3.2750000e+02		2.9701525e+02		1.2541379e+02		2.2930188e+02		1.7839436e+02		1.2535337e+02		5.3040991e+01
3.2800000e+02		3.2900000e+02		3.2850000e+02		2.8673370e+02		1.2198312e+02		2.2260757e+02		1.7325049e+02		1.2129988e+02		5.1950604e+01
3.2900000e+02		3.3000000e+02		3.2950000e+02		3.3379807e+02		1.4274618e+02		2.6012776e+02		2.0250398e+02		1.4138847e+02		6.1115511e+01
3.3000000e+02		3.3100000e+02		3.3050000e+02		3.1443449e+02		1.3564603e+02		2.4676606e+02		1.9217337e+02		1.3374514e+02		5.8428230e+01
3.3100000e+02		3.3200000e+02		3.3150000e+02		3.0087994e+02		1.3130292e+02		2.3836750e+02		1.8572319e+02		1.2875975e+02		5.6963443e+01
3.3200000e+02		3.3300000e+02		3.3250000e+02		2.9519831e+02		1.2979395e+02		2.3525168e+02		1.8335697e+02		1.2673147e+02		5.6625504e+01
3.3300000e+02		3.3400000e+02		3.3350000e+02		2.8364288e+02		1.2533804e+02		2.2688133e+02		1.7687238e+02		1.2193156e+02		5.4940821e+01
3.3400000e+02		3.3500000e+02		3.3450000e+02		2.9883003e+02		1.3291105e+02		2.4023091e+02		1.8733456e+02		1.2876741e+02		5.8567156e+01
3.3500000e+02		3.3600000e+02		3.3550000e+02		2.9511053e+02		1.3203518e+02		2.3826915e+02		1.8585818e+02		1.2734658e+02		5.8511603e+01
3.3600000e+02		3.3700000e+02		3.3650000e+02		2.4313126e+02		1.0938629e+02		1.9708414e+02		1.5377488e+02		1.0502452e+02		4.8750354e+01
3.3700000e+02		3.3800000e+02		3.3750000e+02		2.5649874e+02		1.1598511e+02		2.0870302e+02		1.6287659e+02		1.1094643e+02		5.1930164e+01
3.3800000e+02		3.3900000e+02		3.3850000e+02		2.7748673e+02		1.2615166e+02		2.2664787e+02		1.7692563e+02		1.2013250e+02		5.6793130e+01
3.3900000e+02		3.4000000e+02		3.3950000e+02		2.9040264e+02		1.3247207e+02		2.3768947e+02		1.8557599e+02		1.2564522e+02		5.9930761e+01
3.4000000e+02		3.4100000e+02		3.4050000e+02		3.0654056e+02		1.4064522e+02		2.5199790e+02		1.9679482e+02		1.3285138e+02		6.3943443e+01
3.4100000e+02		3.4200000e+02		3.4150000e+02		2.7979685e+02		1.2888398e+02		2.3061472e+02		1.8012925e+02		1.2124761e+02		5.8881639e+01
3.4200000e+02		3.4300000e+02		3.4250000e+02		3.0344565e+02		1.4047112e+02		2.5101459e+02		1.9610584e+02		1.3163314e+02		6.4472695e+01
3.4300000e+02		3.4400000e+02		3.4350000e+02		2.9822260e+02		1.3832867e+02		2.4690213e+02		1.9291395e+02		1.2915017e+02		6.3763782e+01
3.4400000e+02		3.4500000e+02		3.4450000e+02		2.3986676e+02		1.1216418e+02		1.9990525e+02		1.5624211e+02		1.0428951e+02		5.1952602e+01
3.4500000e+02		3.4600000e+02		3.4550000e+02		2.8907088e+02		1.3614159e+02		2.4229251e+02		1.8942239e+02		1.2606372e+02		6.3358663e+01
3.4600000e+02		3.4700000e+02		3.4650000e+02		2.8069735e+02		1.3355989e+02		2.3735507e+02		1.8563134e+02		1.2320238e+02		6.2428964e+01
3.4700000e+02		3.4800000e+02		3.4750000e+02		2.7782009e+02		1.3412825e+02		2.3800082e+02		1.8622969e+02		1.2327332e+02		6.2956369e+01
3.4800000e+02		3.4900000e+02		3.4850000e+02		2.8744416e+02		1.4079304e+02		2.4943106e+02		1.9527310e+02		1.2890122e+02		6.6371882e+01
3.4900000e+02		3.5000000e+02		3.4950000e+02		2.7550877e+02		1.3232703e+02		2.3428702e+02		1.8331728e+02		1.2064423e+02		6.2673048e+01
3.5000000e+02		3.5100000e+02		3.5050000e+02		3.3002358e+02		1.5984860e+02		2.8255028e+02		2.2114614e+02		1.4503154e+02		7.6114598e+01
3.5100000e+02		3.5200000e+02		3.5150000e+02		3.0660572e+02		1.4920716e+02		2.6337871e+02		2.0618048e+02		1.3480034e+02		7.1380144e+01
3.5200000e+02		3.5300000e+02		3.5250000e+02		2.8324198e+02		1.3838751e+02		2.4398132e+02		1.9102641e+02		1.2454498e+02		6.6481431e+01
3.5300000e+02		3.5400000e+02		3.5350000e+02		3.2405327e+02		1.5960951e+02		2.8108923e+02		2.2014311e+02		1.4322405e+02		7.6919062e+01
3.5400000e+02		3.5500000e+02		3.5450000e+02		3.4586270e+02		1.7588605e+02		3.0933666e+02		2.4251049e+02		1.5763510e+02		8.4875385e+01
3.5500000e+02		3.5600000e+02		3.5550000e+02		3.2478382e+02		1.6566517e+02		2.9102744e+02		2.2818501e+02		1.4792354e+02		8.0261471e+01
3.5600000e+02		3.5700000e+02		3.5650000e+02		2.8234357e+02		1.4451730e+02		2.5355040e+02		1.9882817e+02		1.2850091e+02		7.0327265e+01
3.5700000e+02		3.5800000e+02		3.5750000e+02		2.4674321e+02		1.2666538e+02		2.2195747e+02		1.7407548e+02		1.1217351e+02		6.1901979e+01
3.5800000e+02		3.5900000e+02		3.5850000e+02		2.1181106e+02		1.0854147e+02		1.8995628e+02		1.4897490e+02		9.5666534e+01		5.3308368e+01
3.5900000e+02		3.6000000e+02		3.5950000e+02		3.0582840e+02		1.5456842e+02		2.7024080e+02		2.1185468e+02		1.3554075e+02		7.6313933e+01
3.6000000e+02		3.6100000e+02		3.6050000e+02		3.0178862e+02		1.5273858e+02		2.6677646e+02		2.0915446e+02		1.3348140e+02		7.5673053e+01
3.6100000e+02		3.6200000e+02		3.6150000e+02		2.8033735e+02		1.4271666e+02		2.4896472e+02		1.9522999e+02		1.2424787e+02		7.0982118e+01
3.6200000e+02		3.6300000e+02		3.6250000e+02		3.1645921e+02		1.6158248e+02		2.8152786e+02		2.2078879e+02		1.4008363e+02		8.0705163e+01
3.6300000e+02		3.6400000e+02		3.6350000e+02		3.0810145e+02		1.5820644e+02		2.7532078e+02		2.1596369e+02		1.3665513e+02		7.9308557e+01
3.6400000e+02		3.6500000e+02		3.6450000e+02		3.2221950e+02		1.6620590e+02		2.8894085e+02		2.2668251e+02		1.4308920e+02		8.3593309e+01
3.6500000e+02		3.6600000e+02		3.6550000e+02		3.6674574e+02		1.9015172e+02		3.3020464e+02		2.5910091e+02		1.6313554e+02		9.5965366e+01
3.6600000e+02		3.6700000e+02		3.6650000e+02		3.9198946e+02		2.0342846e+02		3.5304688e+02		2.7704421e+02		1.7417673e+02		1.0286748e+02
3.6700000e+02		3.6800000e+02		3.6750000e+02		3.7850004e+02		1.9811416e+02		3.4329532e+02		2.6945889e+02		1.6880344e+02		1.0065544e+02
3.6800000e+02		3.6900000e+02		3.6850000e+02		3.4895620e+02		1.8354672e+02		3.1768716e+02		2.4940059e+02		1.5581191e+02		9.3588675e+01
3.6900000e+02		3.7000000e+02		3.6950000e+02		3.8736224e+02		2.0469084e+02		3.5390155e+02		2.7787341e+02		1.7315181e+02		1.0472160e+02
3.7000000e+02		3.7100000e+02		3.7050000e+02		3.6351013e+02		1.9299264e+02		3.3328008e+02		2.6172465e+02		1.6262168e+02		9.9102968e+01
3.7100000e+02		3.7200000e+02		3.7150000e+02		3.7529261e+02		2.0027124e+02		3.4547093e+02		2.7134616e+02		1.6816507e+02		1.0318108e+02
3.7200000e+02		3.7300000e+02		3.7250000e+02		3.1177186e+02		1.6671040e+02		2.8725667e+02		2.2564010e+02		1.3942917e+02		8.6210932e+01
3.7300000e+02		3.7400000e+02		3.7350000e+02		2.7192112e+02		1.4609503e+02		2.5150747e+02		1.9758846e+02		1.2183475e+02		7.5753705e+01
3.7400000e+02		3.7500000e+02		3.7450000e+02		2.7832167e+02		1.4981373e+02		2.5770526e+02		2.0246919e+02		1.2458417e+02		7.7885022e+01
3.7500000e+02		3.7600000e+02		3.7550000e+02		3.1876744e+02		1.7254693e+02		2.9639658e+02		2.3291294e+02		1.4282750e+02		9.0085437e+01
3.7600000e+02		3.7700000e+02		3.7650000e+02		3.3048657e+02		1.7975690e+02		3.0842663e+02		2.4240298e+02		1.4822221e+02		9.4180773e+01
3.7700000e+02		3.7800000e+02		3.7750000e+02		3.8770864e+02		2.1180294e+02		3.6307255e+02		2.8538888e+02		1.7410620e+02		1.1128268e+02
3.7800000e+02		3.7900000e+02		3.7850000e+02		4.0380398e+02		2.2091640e+02		3.7835250e+02		2.9741647e+02		1.8100110e+02		1.1641536e+02
3.7900000e+02		3.8000000e+02		3.7950000e+02		3.2744385e+02		1.7971664e+02		3.0751010e+02		2.4175263e+02		1.4677875e+02		9.4973887e+01
3.8000000e+02		3.8100000e+02		3.8050000e+02		3.5656330e+02		1.9623001e+02		3.3555644e+02		2.6382188e+02		1.5992409e+02		1.0389779e+02
3.8100000e+02		3.8200000e+02		3.8150000e+02		3.2019140e+02		1.7691618e+02		3.0224088e+02		2.3765843e+02		1.4371769e+02		9.3940735e+01
3.8200000e+02		3.8300000e+02		3.8250000e+02		2.2964197e+02		1.2745921e+02		2.1753814e+02		1.7107764e+02		1.0320232e+02		6.7875317e+01
3.8300000e+02		3.8400000e+02		3.8350000e+02		2.0267593e+02		1.1285937e+02		1.9246318e+02		1.5137327e+02		9.1124868e+01		6.0248406e+01
3.8400000e+02		3.8500000e+02		3.8450000e+02		2.7111947e+02		1.5173737e+02		2.5853301e+02		2.0336830e+02		1.2216010e+02		8.1208204e+01
3.8500000e+02		3.8600000e+02		3.8550000e+02		2.8715912e+02		1.6128015e+02		2.7454125e+02		2.1598401e+02		1.2943073e+02		8.6553285e+01
3.8600000e+02		3.8700000e+02		3.8650000e+02		2.8837692e+02		1.6258023e+02		2.7648974e+02		2.1754182e+02		1.3004053e+02		8.7501298e+01
3.8700000e+02		3.8800000e+02		3.8750000e+02		2.8805300e+02		1.6302247e+02		2.7699123e+02		2.1796145e+02		1.2998701e+02		8.7974438e+01
3.8800000e+02		3.8900000e+02		3.8850000e+02		2.9209390e+02		1.6615131e+02		2.8205418e+02		2.2197850e+02		1.3208854e+02		8.9889955e+01
3.8900000e+02		3.9000000e+02		3.8950000e+02		3.5069332e+02		1.9988465e+02		3.3906381e+02		2.6686096e+02		1.5846765e+02		1.0839331e+02
3.9000000e+02		3.9100000e+02		3.9050000e+02		3.6838836e+02		2.1071107e+02		3.5708168e+02		2.8107158e+02		1.6647476e+02		1.1459682e+02
3.9100000e+02		3.9200000e+02		3.9150000e+02		3.9613874e+02		2.2739853e+02		3.8503537e+02		3.0310660e+02		1.7912721e+02		1.2397939e+02
3.9200000e+02		3.9300000e+02		3.9250000e+02		3.0403432e+02		1.7505903e+02		2.9617783e+02		2.3317666e+02		1.3750780e+02		9.5668867e+01
3.9300000e+02		3.9400000e+02		3.9350000e+02		1.8639471e+02		1.0766584e+02		1.8201419e+02		1.4331017e+02		8.4335389e+01		5.8974778e+01
3.9400000e+02		3.9500000e+02		3.9450000e+02		3.0813115e+02		1.7858344e+02		3.0166420e+02		2.3753992e+02		1.3949252e+02		9.8047401e+01
3.9500000e+02		3.9600000e+02		3.9550000e+02		3.7840801e+02		2.2000696e+02		3.7134296e+02		2.9243309e+02		1.7136206e+02		1.2107103e+02
3.9600000e+02		3.9700000e+02		3.9650000e+02		2.6140326e+02		1.5249199e+02		2.5717301e+02		2.0254254e+02		1.1842086e+02		8.4121674e+01
3.9700000e+02		3.9800000e+02		3.9750000e+02		2.9300657e+02		1.7145876e+02		2.8894677e+02		2.2758614e+02		1.3279881e+02		9.4787331e+01
3.9800000e+02		3.9900000e+02		3.9850000e+02		4.5124719e+02		2.6483280e+02		4.4598939e+02		3.5130719e+02		2.0460061e+02		1.4670658e+02
3.9900000e+02		4.0000000e+02		3.9950000e+02		4.9846141e+02		2.9350718e+02		4.9387465e+02		3.8906141e+02		2.2608374e+02		1.6297767e+02
4.0000000e+02		4.0100000e+02		4.0050000e+02		5.1407199e+02		3.0353293e+02		5.1039510e+02		4.0210635e+02		2.3322722e+02		1.6887913e+02
4.0100000e+02		4.0200000e+02		4.0150000e+02		5.3860814e+02		3.1899467e+02		5.3602225e+02		4.2233140e+02		2.4449733e+02		1.7783407e+02
4.0200000e+02		4.0300000e+02		4.0250000e+02		5.4526519e+02		3.2426170e+02		5.4455509e+02		4.2910145e+02		2.4805352e+02		1.8104793e+02
4.0300000e+02		4.0400000e+02		4.0350000e+02		5.2165796e+02		3.1112786e+02		5.2202455e+02		4.1137988e+02		2.3719881e+02		1.7418106e+02
4.0400000e+02		4.0500000e+02		4.0450000e+02		5.1300620e+02		3.0703676e+02		5.1479111e+02		4.0571858e+02		2.3348370e+02		1.7223488e+02
4.0500000e+02		4.0600000e+02		4.0550000e+02		5.1256585e+02		3.0775059e+02		5.1564102e+02		4.0642270e+02		2.3346072e+02		1.7296198e+02
4.0600000e+02		4.0700000e+02		4.0650000e+02		4.9035274e+02		2.9521595e+02		4.9434159e+02		3.8966172e+02		2.2346109e+02		1.6620063e+02
4.0700000e+02		4.0800000e+02		4.0750000e+02		4.9838294e+02		3.0103622e+02		5.0373719e+02		3.9710210e+02		2.2729431e+02		1.6980778e+02
4.0800000e+02		4.0900000e+02		4.0850000e+02		5.2990289e+02		3.2131131e+02		5.3728072e+02		4.2358868e+02		2.4199085e+02		1.8159782e+02
4.0900000e+02		4.1000000e+02		4.0950000e+02		5.2713439e+02		3.2042233e+02		5.3545366e+02		4.2217580e+02		2.4075130e+02		1.8142450e+02
4.1000000e+02		4.1100000e+02		4.1050000e+02		4.8293937e+02		2.9441298e+02		4.9164435e+02		3.8766364e+02		2.2063344e+02		1.6703020e+02
4.1100000e+02		4.1200000e+02		4.1150000e+02		5.5986852e+02		3.4237388e+02		5.7135246e+02		4.5055048e+02		2.5594858e+02		1.9460190e+02
4.1200000e+02		4.1300000e+02		4.1250000e+02		5.4940473e+02		3.3707309e+02		5.6212465e+02		4.4331123e+02		2.5136215e+02		1.9194908e+02
4.1300000e+02		4.1400000e+02		4.1350000e+02		5.2995399e+02		3.2578359e+02		5.4312515e+02		4.2835549e+02		2.4268773e+02		1.8566776e+02
4.1400000e+02		4.1500000e+02		4.1450000e+02		5.3771640e+02		3.3229037e+02		5.5344238e+02		4.3654641e+02		2.4667243e+02		1.8987398e+02
4.1500000e+02		4.1600000e+02		4.1550000e+02		5.3722776e+02		3.3333277e+02		5.5468125e+02		4.3757057e+02		2.4662929e+02		1.9094128e+02
4.1600000e+02		4.1700000e+02		4.1650000e+02		5.5745703e+02		3.4717221e+02		5.7737700e+02		4.5551898e+02		2.5635120e+02		1.9916778e+02
4.1700000e+02		4.1800000e+02		4.1750000e+02		5.0725322e+02		3.1710837e+02		5.2705160e+02		4.1585576e+02		2.3363884e+02		1.8221692e+02
4.1800000e+02		4.1900000e+02		4.1850000e+02		5.2601513e+02		3.2983751e+02		5.4790505e+02		4.3234241e+02		2.4252919e+02		1.8981322e+02
4.1900000e+02		4.2000000e+02		4.1950000e+02		5.3123875e+02		3.3359093e+02		5.5382306e+02		4.3702497e+02		2.4472756e+02		1.9229741e+02
4.2000000e+02		4.2100000e+02		4.2050000e+02		5.3797708e+02		3.3855841e+02		5.6176919e+02		4.4331952e+02		2.4786744e+02		1.9545208e+02
4.2100000e+02		4.2200000e+02		4.2150000e+02		5.2958361e+02		3.3330057e+02		5.5280690e+02		4.3624416e+02		2.4356714e+02		1.9267702e+02
4.2200000e+02		4.2300000e+02		4.2250000e+02		5.0190537e+02		3.1702435e+02		5.2549579e+02		4.1472856e+02		2.3117064e+02		1.8355792e+02
4.2300000e+02		4.2400000e+02		4.2350000e+02		5.3474862e+02		3.3828107e+02		5.6048825e+02		4.4235953e+02		2.4625229e+02		1.9610725e+02
4.2400000e+02		4.2500000e+02		4.2450000e+02		5.5328403e+02		3.5043669e+02		5.8043672e+02		4.5811517e+02		2.5477000e+02		2.0334517e+02
4.2500000e+02		4.2600000e+02		4.2550000e+02		5.3248014e+02		3.3804004e+02		5.5966576e+02		4.4174639e+02		2.4537185e+02		1.9637454e+02
4.2600000e+02		4.2700000e+02		4.2650000e+02		5.3029841e+02		3.3795232e+02		5.5917104e+02		4.4139881e+02		2.4475703e+02		1.9664178e+02
4.2700000e+02		4.2800000e+02		4.2750000e+02		4.9171747e+02		3.1431832e+02		5.1981422e+02		4.1036261e+02		2.2724322e+02		1.8311939e+02
4.2800000e+02		4.2900000e+02		4.2850000e+02		4.9494538e+02		3.1885638e+02		5.2704752e+02		4.1616064e+02		2.3022436e+02		1.8593628e+02
4.2900000e+02		4.3000000e+02		4.2950000e+02		4.6063718e+02		2.9780608e+02		4.9188595e+02		3.8843114e+02		2.1442119e+02		1.7400996e+02
4.3000000e+02		4.3100000e+02		4.3050000e+02		3.7055843e+02		2.4020948e+02		3.9646076e+02		3.1309555e+02		1.7245030e+02		1.4064526e+02
4.3100000e+02		4.3200000e+02		4.3150000e+02		4.5818753e+02		2.9793070e+02		4.9147609e+02		3.8816127e+02		2.1348781e+02		1.7467346e+02
4.3200000e+02		4.3300000e+02		4.3250000e+02		5.1625369e+02		3.3529658e+02		5.5271885e+02		4.3651177e+02		2.3947772e+02		1.9703405e+02
4.3300000e+02		4.3400000e+02		4.3350000e+02		5.6047485e+02		3.6393560e+02		6.0001866e+02		4.7386419e+02		2.6009385e+02		2.1377034e+02
4.3400000e+02		4.3500000e+02		4.3450000e+02		4.7595241e+02		3.0890961e+02		5.0914269e+02		4.0208572e+02		2.2045703e+02		1.8162869e+02
4.3500000e+02		4.3600000e+02		4.3550000e+02		5.3162725e+02		3.4551954e+02		5.6925275e+02		4.4956915e+02		2.4618400e+02		2.0338514e+02
4.3600000e+02		4.3700000e+02		4.3650000e+02		5.9481241e+02		3.8861990e+02		6.3989014e+02		5.0542409e+02		2.7636168e+02		2.2906241e+02
4.3700000e+02		4.3800000e+02		4.3750000e+02		5.2629983e+02		3.4536109e+02		5.6835405e+02		4.4896984e+02		2.4514093e+02		2.0382891e+02
4.3800000e+02		4.3900000e+02		4.3850000e+02		5.1257868e+02		3.3778010e+02		5.5561153e+02		4.3895080e+02		2.3937245e+02		1.9957835e+02
4.3900000e+02		4.4000000e+02		4.3950000e+02		5.7051902e+02		3.7657188e+02		6.1919714e+02		4.8920218e+02		2.6648615e+02		2.2271603e+02
4.4000000e+02		4.4100000e+02		4.4050000e+02		5.4089681e+02		3.5747371e+02		5.8765287e+02		4.6429093e+02		2.5273227e+02		2.1155867e+02
4.4100000e+02		4.4200000e+02		4.4150000e+02		5.9491633e+02		3.9413906e+02		6.4739262e+02		5.1151707e+02		2.7771935e+02		2.3379773e+02
4.4200000e+02		4.4300000e+02		4.4250000e+02		6.2544254e+02		4.1500263e+02		6.8127833e+02		5.3830211e+02		2.9172969e+02		2.4657241e+02
4.4300000e+02		4.4400000e+02		4.4350000e+02		6.0497206e+02		4.0207062e+02		6.5982217e+02		5.2136704e+02		2.8225836e+02		2.3910868e+02
4.4400000e+02		4.4500000e+02		4.4450000e+02		6.2324411e+02		4.1491229e+02		6.8069013e+02		5.3787308e+02		2.9092835e+02		2.4694473e+02
4.4500000e+02		4.4600000e+02		4.4550000e+02		5.7783999e+02		3.8489131e+02		6.3178811e+02		4.9923915e+02		2.7054988e+02		2.2868927e+02
4.4600000e+02		4.4700000e+02		4.4650000e+02		5.8940025e+02		3.9319731e+02		6.4545117e+02		5.1005689e+02		2.7649275e+02		2.3356414e+02
4.4700000e+02		4.4800000e+02		4.4750000e+02		6.3881895e+02		4.2677328e+02		7.0046689e+02		5.5355051e+02		2.9995815e+02		2.5359237e+02
4.4800000e+02		4.4900000e+02		4.4850000e+02		6.2805979e+02		4.2029200e+02		6.8970140e+02		5.4506603e+02		2.9521854e+02		2.4984750e+02
4.4900000e+02		4.5000000e+02		4.4950000e+02		6.3454704e+02		4.2563505e+02		6.9830070e+02		5.5189414e+02		2.9873223e+02		2.5316192e+02
4.5000000e+02		4.5100000e+02		4.5050000e+02		6.7325368e+02		4.5261598e+02		7.4237580e+02		5.8675933e+02		3.1738659e+02		2.6937274e+02
4.5100000e+02		4.5200000e+02		4.5150000e+02		6.7122600e+02		4.5090318e+02		7.3978211e+02		5.8470775e+02		3.1658502e+02		2.6812274e+02
4.5200000e+02		4.5300000e+02		4.5250000e+02		6.3541039e+02		4.2840346e+02		7.0214341e+02		5.5499642e+02		2.9952216e+02		2.5547426e+02
4.5300000e+02		4.5400000e+02		4.5350000e+02		6.0888666e+02		4.1159938e+02		6.7446753e+02		5.3314947e+02		2.8759061e+02		2.4555886e+02
4.5400000e+02		4.5500000e+02		4.5450000e+02		6.4999363e+02		4.4022224e+02		7.2097847e+02		5.6993814e+02		3.0691113e+02		2.6302701e+02
4.5500000e+02		4.5600000e+02		4.5550000e+02		6.4380306e+02		4.3668291e+02		7.1466108e+02		5.6496166e+02		3.0351077e+02		2.6145089e+02
4.5600000e+02		4.5700000e+02		4.5650000e+02		6.6853861e+02		4.5438026e+02		7.4305524e+02		5.8743246e+02		3.1480489e+02		2.7262757e+02
4.5700000e+02		4.5800000e+02		4.5750000e+02		6.7499745e+02		4.6005404e+02		7.5168118e+02		5.9428501e+02		3.1759387e+02		2.7669113e+02
4.5800000e+02		4.5900000e+02		4.5850000e+02		6.3439039e+02		4.3299992e+02		7.0737850e+02		5.5927740e+02		2.9877572e+02		2.6050168e+02
4.5900000e+02		4.6000000e+02		4.5950000e+02		6.5539586e+02		4.4795896e+02		7.3166429e+02		5.7849610e+02		3.0885418e+02		2.6964192e+02
4.6000000e+02		4.6100000e+02		4.6050000e+02		6.4752339e+02		4.4361961e+02		7.2442581e+02		5.7280558e+02		3.0565729e+02		2.6714829e+02
4.6100000e+02		4.6200000e+02		4.6150000e+02		6.6245412e+02		4.5535151e+02		7.4316130e+02		5.8766716e+02		3.1306219e+02		2.7460497e+02
4.6200000e+02		4.6300000e+02		4.6250000e+02		6.6901120e+02		4.6048212e+02		7.5136548e+02		5.9417286e+02		3.1631570e+02		2.7785717e+02
4.6300000e+02		4.6400000e+02		4.6350000e+02		6.4662616e+02		4.4527493e+02		7.2710224e+02		5.7499886e+02		3.0693010e+02		2.6806876e+02
4.6400000e+02		4.6500000e+02		4.6450000e+02		6.5795753e+02		4.5378860e+02		7.4133634e+02		5.8628332e+02		3.1348587e+02		2.7279745e+02
4.6500000e+02		4.6600000e+02		4.6550000e+02		6.3552746e+02		4.4106018e+02		7.1788790e+02		5.6779639e+02		2.9986109e+02		2.6793530e+02
4.6600000e+02		4.6700000e+02		4.6650000e+02		6.3955371e+02		4.4542732e+02		7.2439635e+02		5.7298567e+02		3.0180630e+02		2.7117937e+02
4.6700000e+02		4.6800000e+02		4.6750000e+02		6.4572639e+02		4.5046049e+02		7.3236181e+02		5.7930973e+02		3.0486058e+02		2.7444915e+02
4.6800000e+02		4.6900000e+02		4.6850000e+02		6.3145002e+02		4.4099720e+02		7.1706082e+02		5.6722426e+02		2.9865643e+02		2.6856783e+02
4.6900000e+02		4.7000000e+02		4.6950000e+02		6.4956875e+02		4.5477900e+02		7.3924375e+02		5.8480609e+02		3.0764739e+02		2.7715870e+02
4.7000000e+02		4.7100000e+02		4.7050000e+02		6.1381170e+02		4.3109030e+02		7.0054054e+02		5.5423220e+02		2.9135686e+02		2.6287534e+02
4.7100000e+02		4.7200000e+02		4.7150000e+02		6.4174114e+02		4.5113818e+02		7.3294817e+02		5.7988186e+02		3.0461082e+02		2.7527104e+02
4.7200000e+02		4.7300000e+02		4.7250000e+02		6.5742798e+02		4.6387144e+02		7.5340270e+02		5.9612064e+02		3.1290499e+02		2.8321566e+02
4.7300000e+02		4.7400000e+02		4.7350000e+02		6.4563741e+02		4.5626872e+02		7.4080399e+02		5.8616959e+02		3.0734876e+02		2.7882082e+02
4.7400000e+02		4.7500000e+02		4.7450000e+02		6.6512717e+02		4.6946974e+02		7.6412745e+02		6.0463829e+02		3.1981222e+02		2.8482607e+02
4.7500000e+02		4.7600000e+02		4.7550000e+02		6.6365303e+02		4.7002582e+02		7.6403522e+02		6.0460559e+02		3.1841916e+02		2.8618643e+02
4.7600000e+02		4.7700000e+02		4.7650000e+02		6.3952653e+02		4.5453999e+02		7.3762507e+02		5.8374071e+02		3.0569217e+02		2.7804853e+02
4.7700000e+02		4.7800000e+02		4.7750000e+02		6.6772274e+02		4.7542794e+02		7.7141865e+02		6.1051153e+02		3.1961121e+02		2.9090032e+02
4.7800000e+02		4.7900000e+02		4.7850000e+02		6.6128260e+02		4.7170877e+02		7.6524737e+02		6.0565478e+02		3.1691966e+02		2.8873511e+02
4.7900000e+02		4.8000000e+02		4.7950000e+02		6.6320839e+02		4.7401389e+02		7.6883053e+02		6.0851958e+02		3.1824387e+02		2.9027571e+02
4.8000000e+02		4.8100000e+02		4.8050000e+02		6.6489751e+02		4.7610502e+02		7.7244463e+02		6.1141553e+02		3.2014810e+02		2.9126743e+02
4.8100000e+02		4.8200000e+02		4.8150000e+02		6.6630748e+02		4.7635972e+02		7.7490791e+02		6.1337490e+02		3.2418141e+02		2.8919349e+02
4.8200000e+02		4.8300000e+02		4.8250000e+02		6.6376999e+02		4.7577937e+02		7.7373866e+02		6.1249015e+02		3.2346118e+02		2.8902897e+02
4.8300000e+02		4.8400000e+02		4.8350000e+02		6.5373157e+02		4.6928408e+02		7.6307586e+02		6.0407124e+02		3.1890986e+02		2.8516138e+02
4.8400000e+02		4.8500000e+02		4.8450000e+02		6.4242337e+02		4.6161655e+02		7.5045472e+02		5.9409091e+02		3.1343770e+02		2.8065321e+02
4.8500000e+02		4.8600000e+02		4.8550000e+02		6.0369332e+02		4.3300026e+02		7.0419533e+02		5.5744405e+02		2.9443716e+02		2.6300689e+02
4.8600000e+02		4.8700000e+02		4.8650000e+02		5.2412565e+02		3.7708209e+02		6.1324985e+02		4.8549360e+02		2.5650439e+02		2.2898921e+02
4.8700000e+02		4.8800000e+02		4.8750000e+02		5.9966111e+02		4.3631605e+02		7.0650947e+02		5.5943941e+02		2.9131299e+02		2.6812642e+02
4.8800000e+02		4.8900000e+02		4.8850000e+02		6.3081686e+02		4.5913188e+02		7.4323576e+02		5.8852031e+02		3.0613629e+02		2.8238401e+02
4.8900000e+02		4.9000000e+02		4.8950000e+02		6.1880396e+02		4.5140196e+02		7.3064506e+02		5.7858472e+02		3.0091766e+02		2.7766706e+02
4.9000000e+02		4.9100000e+02		4.9050000e+02		6.5907671e+02		4.8142569e+02		7.7915050e+02		6.1701674e+02		3.2081186e+02		2.9620487e+02
4.9100000e+02		4.9200000e+02		4.9150000e+02		6.2110374e+02		4.5786199e+02		7.4067303e+02		5.8668920e+02		3.0480843e+02		2.8188077e+02
4.9200000e+02		4.9300000e+02		4.9250000e+02		5.9112858e+02		4.3618578e+02		7.0551973e+02		5.5885705e+02		2.9024335e+02		2.6861370e+02
4.9300000e+02		4.9400000e+02		4.9350000e+02		6.2472140e+02		4.5939784e+02		7.4306647e+02		5.8854056e+02		3.0555496e+02		2.8298560e+02
4.9400000e+02		4.9500000e+02		4.9450000e+02		6.4279699e+02		4.7370469e+02		7.6610840e+02		6.0682358e+02		3.1496268e+02		2.9186090e+02
4.9500000e+02		4.9600000e+02		4.9550000e+02		6.3133158e+02		4.6635431e+02		7.5407693e+02		5.9732967e+02		3.0989103e+02		2.8743864e+02
4.9600000e+02		4.9700000e+02		4.9650000e+02		6.3921352e+02		4.7297744e+02		7.6464259e+02		6.0572364e+02		3.1408088e+02		2.9164276e+02
4.9700000e+02		4.9800000e+02		4.9750000e+02		6.5113923e+02		4.8118383e+02		7.7779832e+02		6.1611948e+02		3.1926117e+02		2.9685831e+02
4.9800000e+02		4.9900000e+02		4.9850000e+02		5.9175801e+02		4.3709112e+02		7.0649745e+02		5.5963077e+02		2.8993193e+02		2.6969885e+02
4.9900000e+02		5.0000000e+02		4.9950000e+02		6.3385792e+02		4.6938572e+02		7.5877084e+02		6.0108300e+02		3.1159912e+02		2.8948388e+02
