Left Bin Edge (nm)	Right Bin Edge (nm)	Bin Center (nm)		Top of Atm Intensity (erg/s/nm/cm2)		Total Surface Flux (erg/s/nm/cm2)		Total Intensity at BOA (erg/s/nm/cm2)		Total Surface Intensity (erg/s/nm/cm2)		Total Surface Diffuse Intensity (erg/s/nm/cm2)		Total Surface Direct Intensity (erg/s/nm/cm2)
1.0000000e+02		1.0100000e+02		1.0050000e+02		1.9189487e-02		0.0000000e+00		0.0000000e+00		0.0000000e+00		0.0000000e+00		0.0000000e+00
1.0100000e+02		1.0200000e+02		1.0150000e+02		7.4861701e-02		0.0000000e+00		0.0000000e+00		0.0000000e+00		0.0000000e+00		0.0000000e+00
1.0200000e+02		1.0300000e+02		1.0250000e+02		3.9734366e-01		0.0000000e+00		0.0000000e+00		0.0000000e+00		0.0000000e+00		0.0000000e+00
1.0300000e+02		1.0400000e+02		1.0350000e+02		3.0179545e-01		0.0000000e+00		0.0000000e+00		0.0000000e+00		0.0000000e+00		0.0000000e+00
1.0400000e+02		1.0500000e+02		1.0450000e+02		6.0815352e-02		0.0000000e+00		0.0000000e+00		0.0000000e+00		0.0000000e+00		0.0000000e+00
1.0500000e+02		1.0600000e+02		1.0550000e+02		2.0834600e-02		0.0000000e+00		0.0000000e+00		0.0000000e+00		0.0000000e+00		0.0000000e+00
1.0600000e+02		1.0700000e+02		1.0650000e+02		1.9584792e-02		0.0000000e+00		0.0000000e+00		0.0000000e+00		0.0000000e+00		0.0000000e+00
1.0700000e+02		1.0800000e+02		1.0750000e+02		2.1853879e-02		0.0000000e+00		0.0000000e+00		0.0000000e+00		0.0000000e+00		0.0000000e+00
1.0800000e+02		1.0900000e+02		1.0850000e+02		3.0634999e-02		0.0000000e+00		0.0000000e+00		0.0000000e+00		0.0000000e+00		0.0000000e+00
1.0900000e+02		1.1000000e+02		1.0950000e+02		2.4032561e-02		0.0000000e+00		0.0000000e+00		0.0000000e+00		0.0000000e+00		0.0000000e+00
1.1000000e+02		1.1100000e+02		1.1050000e+02		2.3268893e-02		0.0000000e+00		0.0000000e+00		0.0000000e+00		0.0000000e+00		0.0000000e+00
1.1100000e+02		1.1200000e+02		1.1150000e+02		2.1871272e-02		0.0000000e+00		0.0000000e+00		0.0000000e+00		0.0000000e+00		0.0000000e+00
1.1200000e+02		1.1300000e+02		1.1250000e+02		2.2375602e-02		0.0000000e+00		0.0000000e+00		0.0000000e+00		0.0000000e+00		0.0000000e+00
1.1300000e+02		1.1400000e+02		1.1350000e+02		1.7748133e-02		0.0000000e+00		0.0000000e+00		0.0000000e+00		0.0000000e+00		0.0000000e+00
1.1400000e+02		1.1500000e+02		1.1450000e+02		1.3589480e-02		0.0000000e+00		0.0000000e+00		0.0000000e+00		0.0000000e+00		0.0000000e+00
1.1500000e+02		1.1600000e+02		1.1550000e+02		1.8751615e-02		0.0000000e+00		0.0000000e+00		0.0000000e+00		0.0000000e+00		0.0000000e+00
1.1600000e+02		1.1700000e+02		1.1650000e+02		4.3674487e-02		0.0000000e+00		0.0000000e+00		0.0000000e+00		0.0000000e+00		0.0000000e+00
1.1700000e+02		1.1800000e+02		1.1750000e+02		1.5546757e-01		0.0000000e+00		0.0000000e+00		0.0000000e+00		0.0000000e+00		0.0000000e+00
1.1800000e+02		1.1900000e+02		1.1850000e+02		5.2889236e-02		0.0000000e+00		0.0000000e+00		0.0000000e+00		0.0000000e+00		0.0000000e+00
1.1900000e+02		1.2000000e+02		1.1950000e+02		7.3692884e-02		0.0000000e+00		0.0000000e+00		0.0000000e+00		0.0000000e+00		0.0000000e+00
1.2000000e+02		1.2100000e+02		1.2050000e+02		4.0066072e-01		0.0000000e+00		0.0000000e+00		0.0000000e+00		0.0000000e+00		0.0000000e+00
1.2100000e+02		1.2200000e+02		1.2150000e+02		1.5905289e+01		0.0000000e+00		0.0000000e+00		0.0000000e+00		0.0000000e+00		0.0000000e+00
1.2200000e+02		1.2300000e+02		1.2250000e+02		1.0666543e-01		0.0000000e+00		0.0000000e+00		0.0000000e+00		0.0000000e+00		0.0000000e+00
1.2300000e+02		1.2400000e+02		1.2350000e+02		5.7456553e-02		0.0000000e+00		0.0000000e+00		0.0000000e+00		0.0000000e+00		0.0000000e+00
1.2400000e+02		1.2500000e+02		1.2450000e+02		4.6184197e-02		0.0000000e+00		0.0000000e+00		0.0000000e+00		0.0000000e+00		0.0000000e+00
1.2500000e+02		1.2600000e+02		1.2550000e+02		4.5085118e-02		0.0000000e+00		0.0000000e+00		0.0000000e+00		0.0000000e+00		0.0000000e+00
1.2600000e+02		1.2700000e+02		1.2650000e+02		6.3054464e-02		0.0000000e+00		0.0000000e+00		0.0000000e+00		0.0000000e+00		0.0000000e+00
1.2700000e+02		1.2800000e+02		1.2750000e+02		3.3006429e-02		0.0000000e+00		0.0000000e+00		0.0000000e+00		0.0000000e+00		0.0000000e+00
1.2800000e+02		1.2900000e+02		1.2850000e+02		2.6335196e-02		0.0000000e+00		0.0000000e+00		0.0000000e+00		0.0000000e+00		0.0000000e+00
1.2900000e+02		1.3000000e+02		1.2950000e+02		3.5131240e-02		0.0000000e+00		0.0000000e+00		0.0000000e+00		0.0000000e+00		0.0000000e+00
1.3000000e+02		1.3100000e+02		1.3050000e+02		2.8850634e-01		0.0000000e+00		0.0000000e+00		0.0000000e+00		0.0000000e+00		0.0000000e+00
1.3100000e+02		1.3200000e+02		1.3150000e+02		3.9064855e-02		0.0000000e+00		0.0000000e+00		0.0000000e+00		0.0000000e+00		0.0000000e+00
1.3200000e+02		1.3300000e+02		1.3250000e+02		3.0374778e-02		0.0000000e+00		0.0000000e+00		0.0000000e+00		0.0000000e+00		0.0000000e+00
1.3300000e+02		1.3400000e+02		1.3350000e+02		4.1056606e-01		0.0000000e+00		0.0000000e+00		0.0000000e+00		0.0000000e+00		0.0000000e+00
1.3400000e+02		1.3500000e+02		1.3450000e+02		2.8092500e-02		0.0000000e+00		0.0000000e+00		0.0000000e+00		0.0000000e+00		0.0000000e+00
1.3500000e+02		1.3600000e+02		1.3550000e+02		5.8954708e-02		0.0000000e+00		0.0000000e+00		0.0000000e+00		0.0000000e+00		0.0000000e+00
1.3600000e+02		1.3700000e+02		1.3650000e+02		3.8690656e-02		0.0000000e+00		0.0000000e+00		0.0000000e+00		0.0000000e+00		0.0000000e+00
1.3700000e+02		1.3800000e+02		1.3750000e+02		3.9732879e-02		0.0000000e+00		0.0000000e+00		0.0000000e+00		0.0000000e+00		0.0000000e+00
1.3800000e+02		1.3900000e+02		1.3850000e+02		4.0549866e-02		0.0000000e+00		0.0000000e+00		0.0000000e+00		0.0000000e+00		0.0000000e+00
1.3900000e+02		1.4000000e+02		1.3950000e+02		1.3692187e-01		0.0000000e+00		0.0000000e+00		0.0000000e+00		0.0000000e+00		0.0000000e+00
1.4000000e+02		1.4100000e+02		1.4050000e+02		1.1939088e-01		0.0000000e+00		0.0000000e+00		0.0000000e+00		0.0000000e+00		0.0000000e+00
1.4100000e+02		1.4200000e+02		1.4150000e+02		5.7521948e-02		0.0000000e+00		0.0000000e+00		0.0000000e+00		0.0000000e+00		0.0000000e+00
1.4200000e+02		1.4300000e+02		1.4250000e+02		6.2343151e-02		0.0000000e+00		0.0000000e+00		0.0000000e+00		0.0000000e+00		0.0000000e+00
1.4300000e+02		1.4400000e+02		1.4350000e+02		6.9165895e-02		0.0000000e+00		0.0000000e+00		0.0000000e+00		0.0000000e+00		0.0000000e+00
1.4400000e+02		1.4500000e+02		1.4450000e+02		6.6149126e-02		0.0000000e+00		0.0000000e+00		0.0000000e+00		0.0000000e+00		0.0000000e+00
1.4500000e+02		1.4600000e+02		1.4550000e+02		7.0536262e-02		0.0000000e+00		0.0000000e+00		0.0000000e+00		0.0000000e+00		0.0000000e+00
1.4600000e+02		1.4700000e+02		1.4650000e+02		8.6012655e-02		0.0000000e+00		0.0000000e+00		0.0000000e+00		0.0000000e+00		0.0000000e+00
1.4700000e+02		1.4800000e+02		1.4750000e+02		1.0610345e-01		0.0000000e+00		0.0000000e+00		0.0000000e+00		0.0000000e+00		0.0000000e+00
1.4800000e+02		1.4900000e+02		1.4850000e+02		1.0405386e-01		0.0000000e+00		0.0000000e+00		0.0000000e+00		0.0000000e+00		0.0000000e+00
1.4900000e+02		1.5000000e+02		1.4950000e+02		9.4002421e-02		0.0000000e+00		0.0000000e+00		0.0000000e+00		0.0000000e+00		0.0000000e+00
1.5000000e+02		1.5100000e+02		1.5050000e+02		1.0343288e-01		0.0000000e+00		0.0000000e+00		0.0000000e+00		0.0000000e+00		0.0000000e+00
1.5100000e+02		1.5200000e+02		1.5150000e+02		1.0875212e-01		0.0000000e+00		0.0000000e+00		0.0000000e+00		0.0000000e+00		0.0000000e+00
1.5200000e+02		1.5300000e+02		1.5250000e+02		1.3876638e-01		0.0000000e+00		0.0000000e+00		0.0000000e+00		0.0000000e+00		0.0000000e+00
1.5300000e+02		1.5400000e+02		1.5350000e+02		1.5371418e-01		0.0000000e+00		0.0000000e+00		0.0000000e+00		0.0000000e+00		0.0000000e+00
1.5400000e+02		1.5500000e+02		1.5450000e+02		4.1112511e-01		0.0000000e+00		0.0000000e+00		0.0000000e+00		0.0000000e+00		0.0000000e+00
1.5500000e+02		1.5600000e+02		1.5550000e+02		3.3836363e-01		0.0000000e+00		0.0000000e+00		0.0000000e+00		0.0000000e+00		0.0000000e+00
1.5600000e+02		1.5700000e+02		1.5650000e+02		2.0084632e-01		0.0000000e+00		0.0000000e+00		0.0000000e+00		0.0000000e+00		0.0000000e+00
1.5700000e+02		1.5800000e+02		1.5750000e+02		1.8216796e-01		0.0000000e+00		0.0000000e+00		0.0000000e+00		0.0000000e+00		0.0000000e+00
1.5800000e+02		1.5900000e+02		1.5850000e+02		1.6795176e-01		0.0000000e+00		0.0000000e+00		0.0000000e+00		0.0000000e+00		0.0000000e+00
1.5900000e+02		1.6000000e+02		1.5950000e+02		1.6379377e-01		0.0000000e+00		0.0000000e+00		0.0000000e+00		0.0000000e+00		0.0000000e+00
1.6000000e+02		1.6100000e+02		1.6050000e+02		1.7926410e-01		0.0000000e+00		0.0000000e+00		0.0000000e+00		0.0000000e+00		0.0000000e+00
1.6100000e+02		1.6200000e+02		1.6150000e+02		2.0306941e-01		0.0000000e+00		0.0000000e+00		0.0000000e+00		0.0000000e+00		0.0000000e+00
1.6200000e+02		1.6300000e+02		1.6250000e+02		2.2492895e-01		0.0000000e+00		0.0000000e+00		0.0000000e+00		0.0000000e+00		0.0000000e+00
1.6300000e+02		1.6400000e+02		1.6350000e+02		4.7671727e-01		0.0000000e+00		0.0000000e+00		0.0000000e+00		0.0000000e+00		0.0000000e+00
1.6400000e+02		1.6500000e+02		1.6450000e+02		4.8753270e-01		0.0000000e+00		0.0000000e+00		0.0000000e+00		0.0000000e+00		0.0000000e+00
1.6500000e+02		1.6600000e+02		1.6550000e+02		5.7072689e-01		0.0000000e+00		0.0000000e+00		0.0000000e+00		0.0000000e+00		0.0000000e+00
1.6600000e+02		1.6700000e+02		1.6650000e+02		2.6919628e-01		0.0000000e+00		0.0000000e+00		0.0000000e+00		0.0000000e+00		0.0000000e+00
1.6700000e+02		1.6800000e+02		1.6750000e+02		2.8728373e-01		0.0000000e+00		0.0000000e+00		0.0000000e+00		0.0000000e+00		0.0000000e+00
1.6800000e+02		1.6900000e+02		1.6850000e+02		3.0958866e-01		0.0000000e+00		0.0000000e+00		0.0000000e+00		0.0000000e+00		0.0000000e+00
1.6900000e+02		1.7000000e+02		1.6950000e+02		3.8988989e-01		0.0000000e+00		0.0000000e+00		0.0000000e+00		0.0000000e+00		0.0000000e+00
1.7000000e+02		1.7100000e+02		1.7050000e+02		4.3752516e-01		0.0000000e+00		0.0000000e+00		0.0000000e+00		0.0000000e+00		0.0000000e+00
1.7100000e+02		1.7200000e+02		1.7150000e+02		4.3618394e-01		0.0000000e+00		0.0000000e+00		0.0000000e+00		0.0000000e+00		0.0000000e+00
1.7200000e+02		1.7300000e+02		1.7250000e+02		4.5514763e-01		0.0000000e+00		0.0000000e+00		0.0000000e+00		0.0000000e+00		0.0000000e+00
1.7300000e+02		1.7400000e+02		1.7350000e+02		4.5120572e-01		0.0000000e+00		0.0000000e+00		0.0000000e+00		0.0000000e+00		0.0000000e+00
1.7400000e+02		1.7500000e+02		1.7450000e+02		5.3951828e-01		0.0000000e+00		0.0000000e+00		0.0000000e+00		0.0000000e+00		0.0000000e+00
1.7500000e+02		1.7600000e+02		1.7550000e+02		6.4389120e-01		0.0000000e+00		0.0000000e+00		0.0000000e+00		0.0000000e+00		0.0000000e+00
1.7600000e+02		1.7700000e+02		1.7650000e+02		6.9472845e-01		0.0000000e+00		0.0000000e+00		0.0000000e+00		0.0000000e+00		0.0000000e+00
1.7700000e+02		1.7800000e+02		1.7750000e+02		8.1849614e-01		0.0000000e+00		0.0000000e+00		0.0000000e+00		0.0000000e+00		0.0000000e+00
1.7800000e+02		1.7900000e+02		1.7850000e+02		8.9455089e-01		0.0000000e+00		0.0000000e+00		0.0000000e+00		0.0000000e+00		0.0000000e+00
1.7900000e+02		1.8000000e+02		1.7950000e+02		8.6966614e-01		0.0000000e+00		0.0000000e+00		0.0000000e+00		0.0000000e+00		0.0000000e+00
1.8000000e+02		1.8100000e+02		1.8050000e+02		1.0753674e+00		0.0000000e+00		0.0000000e+00		0.0000000e+00		0.0000000e+00		0.0000000e+00
1.8100000e+02		1.8200000e+02		1.8150000e+02		1.3093431e+00		0.0000000e+00		0.0000000e+00		0.0000000e+00		0.0000000e+00		0.0000000e+00
1.8200000e+02		1.8300000e+02		1.8250000e+02		1.2087370e+00		0.0000000e+00		0.0000000e+00		0.0000000e+00		0.0000000e+00		0.0000000e+00
1.8300000e+02		1.8400000e+02		1.8350000e+02		1.2728289e+00		0.0000000e+00		0.0000000e+00		0.0000000e+00		0.0000000e+00		0.0000000e+00
1.8400000e+02		1.8500000e+02		1.8450000e+02		1.0940339e+00		0.0000000e+00		0.0000000e+00		0.0000000e+00		0.0000000e+00		0.0000000e+00
1.8500000e+02		1.8600000e+02		1.8550000e+02		1.2372281e+00		0.0000000e+00		0.0000000e+00		0.0000000e+00		0.0000000e+00		0.0000000e+00
1.8600000e+02		1.8700000e+02		1.8650000e+02		1.4037992e+00		0.0000000e+00		0.0000000e+00		0.0000000e+00		0.0000000e+00		0.0000000e+00
1.8700000e+02		1.8800000e+02		1.8750000e+02		1.5907538e+00		0.0000000e+00		0.0000000e+00		0.0000000e+00		0.0000000e+00		0.0000000e+00
1.8800000e+02		1.8900000e+02		1.8850000e+02		1.6735993e+00		1.5255602e-207		0.0000000e+00		1.5285187e-207		6.9998896e-210		1.5215188e-207
1.8900000e+02		1.9000000e+02		1.8950000e+02		1.8559600e+00		8.0122518e-138		0.0000000e+00		8.0354033e-138		5.4776960e-140		7.9806263e-138
1.9000000e+02		1.9100000e+02		1.9050000e+02		1.9109940e+00		3.5496640e-89		8.4353636e-86		3.5653954e-89		3.7220882e-91		3.5281745e-89
1.9100000e+02		1.9200000e+02		1.9150000e+02		2.0707336e+00		3.3370526e-62		7.5164513e-60		3.3581467e-62		4.9909089e-64		3.3082376e-62
1.9200000e+02		1.9300000e+02		1.9250000e+02		2.1685186e+00		1.1756271e-43		5.2473942e-42		1.1862015e-43		2.5019447e-45		1.1611821e-43
1.9300000e+02		1.9400000e+02		1.9350000e+02		1.6554009e+00		6.2061534e-32		9.8615501e-31		6.2829816e-32		1.8177762e-33		6.1012040e-32
1.9400000e+02		1.9500000e+02		1.9450000e+02		2.6556632e+00		3.0691743e-25		2.7735002e-24		3.1170007e-25		1.1315866e-26		3.0038421e-25
1.9500000e+02		1.9600000e+02		1.9550000e+02		2.5630279e+00		3.4090267e-20		1.9869083e-19		3.4758291e-20		1.5805615e-21		3.3177730e-20
1.9600000e+02		1.9700000e+02		1.9650000e+02		2.8204934e+00		1.6334514e-17		7.5817592e-17		1.6702870e-17		8.7154026e-19		1.5831330e-17
1.9700000e+02		1.9800000e+02		1.9750000e+02		2.8068384e+00		1.5146902e-15		5.9362265e-15		1.5531617e-15		9.1024401e-17		1.4621373e-15
1.9800000e+02		1.9900000e+02		1.9850000e+02		2.7505577e+00		8.8539961e-09		1.9812382e-08		9.3041699e-09		1.0651226e-09		8.2390473e-09
1.9900000e+02		2.0000000e+02		1.9950000e+02		2.8965557e+00		5.8549724e-02		1.3173751e-01		9.6720650e-02		9.0313380e-02		6.4072698e-03
2.0000000e+02		2.0100000e+02		2.0050000e+02		3.0623388e+00		1.6178080e-01		3.5863207e-01		2.7098185e-01		2.5837245e-01		1.2609401e-02
2.0100000e+02		2.0200000e+02		2.0150000e+02		3.2593670e+00		5.2371926e-01		1.1395366e+00		8.8785705e-01		8.6155925e-01		2.6297792e-02
2.0200000e+02		2.0300000e+02		2.0250000e+02		3.2217937e+00		5.8079687e-01		1.2604386e+00		9.8521734e-01		9.5686911e-01		2.8348232e-02
2.0300000e+02		2.0400000e+02		2.0350000e+02		3.4484145e+00		7.3482651e-01		1.5894577e+00		1.2479452e+00		1.2140519e+00		3.3893297e-02
2.0400000e+02		2.0500000e+02		2.0450000e+02		3.7117169e+00		8.4194408e-01		1.8181309e+00		1.4301096e+00		1.3916145e+00		3.8495089e-02
2.0500000e+02		2.0600000e+02		2.0550000e+02		3.7200399e+00		8.4947135e-01		1.8329576e+00		1.4424793e+00		1.4030720e+00		3.9407384e-02
2.0600000e+02		2.0700000e+02		2.0650000e+02		3.7247532e+00		8.5545794e-01		1.8445169e+00		1.4522417e+00		1.4120055e+00		4.0236202e-02
2.0700000e+02		2.0800000e+02		2.0750000e+02		4.0454145e+00		9.3546890e-01		2.0154245e+00		1.5875387e+00		1.5428137e+00		4.4725011e-02
2.0800000e+02		2.0900000e+02		2.0850000e+02		4.3759554e+00		1.0168978e+00		2.1894592e+00		1.7254002e+00		1.6763347e+00		4.9065513e-02
2.0900000e+02		2.1000000e+02		2.0950000e+02		5.6528678e+00		1.3202790e+00		2.8406674e+00		2.2395159e+00		2.1749378e+00		6.4578088e-02
2.1000000e+02		2.1100000e+02		2.1050000e+02		6.9678423e+00		1.6406998e+00		3.5269210e+00		2.7817514e+00		2.6997571e+00		8.1994380e-02
2.1100000e+02		2.1200000e+02		2.1150000e+02		7.9326445e+00		1.8768599e+00		4.0321433e+00		3.1815203e+00		3.0868595e+00		9.4660733e-02
2.1200000e+02		2.1300000e+02		2.1250000e+02		7.0734222e+00		1.6835429e+00		3.6143148e+00		2.8529928e+00		2.7669481e+00		8.6044681e-02
2.1300000e+02		2.1400000e+02		2.1350000e+02		7.2066449e+00		1.7240577e+00		3.6988402e+00		2.9208219e+00		2.8315744e+00		8.9247469e-02
2.1400000e+02		2.1500000e+02		2.1450000e+02		9.2279181e+00		2.2268637e+00		4.7741628e+00		3.7718063e+00		3.6553733e+00		1.1643299e-01
2.1500000e+02		2.1600000e+02		2.1550000e+02		7.9257408e+00		1.9139018e+00		4.1011013e+00		3.2408638e+00		3.1396257e+00		1.0123807e-01
2.1600000e+02		2.1700000e+02		2.1650000e+02		7.3353469e+00		1.7832153e+00		3.8179407e+00		3.0181171e+00		2.9218089e+00		9.6308161e-02
2.1700000e+02		2.1800000e+02		2.1750000e+02		7.5953881e+00		1.8508649e+00		3.9611329e+00		3.1323536e+00		3.0320350e+00		1.0031867e-01
2.1800000e+02		2.1900000e+02		2.1850000e+02		1.0217230e+01		2.5022364e+00		5.3516306e+00		4.2333000e+00		4.0957406e+00		1.3755945e-01
2.1900000e+02		2.2000000e+02		2.1950000e+02		1.0786519e+01		2.6517543e+00		5.6685403e+00		4.4854594e+00		4.3385929e+00		1.4686650e-01
2.2000000e+02		2.2100000e+02		2.2050000e+02		1.0851638e+01		2.6793036e+00		5.7238382e+00		4.5305634e+00		4.3801276e+00		1.5043574e-01
2.2100000e+02		2.2200000e+02		2.2150000e+02		8.6872371e+00		2.1584502e+00		4.6084711e+00		3.6490439e+00		3.5267825e+00		1.2226142e-01
2.2200000e+02		2.2300000e+02		2.2250000e+02		1.1691346e+01		2.9215311e+00		6.2338777e+00		4.9376285e+00		4.7701376e+00		1.6749089e-01
2.2300000e+02		2.2400000e+02		2.2350000e+02		1.5139682e+01		3.8028236e+00		8.1098838e+00		6.4255800e+00		6.2055084e+00		2.2007167e-01
2.2400000e+02		2.2500000e+02		2.2450000e+02		1.4154944e+01		3.4924185e+00		7.4473145e+00		5.8987984e+00		5.6935560e+00		2.0524245e-01
2.2500000e+02		2.2600000e+02		2.2550000e+02		1.2365614e+01		3.0851610e+00		6.5743033e+00		5.2096998e+00		5.0267128e+00		1.8298702e-01
2.2600000e+02		2.2700000e+02		2.2650000e+02		9.0577089e+00		2.2591238e+00		4.8124403e+00		3.8142412e+00		3.6794473e+00		1.3479384e-01
2.2700000e+02		2.2800000e+02		2.2750000e+02		8.8108381e+00		2.2513348e+00		4.7920388e+00		3.8012496e+00		3.6671379e+00		1.3411175e-01
2.2800000e+02		2.2900000e+02		2.2850000e+02		1.2275156e+01		3.1540099e+00		6.7092979e+00		5.3235130e+00		5.1330996e+00		1.9041345e-01
2.2900000e+02		2.3000000e+02		2.2950000e+02		1.1031259e+01		2.8497125e+00		6.0584093e+00		4.8083405e+00		4.6341637e+00		1.7417682e-01
2.3000000e+02		2.3100000e+02		2.3050000e+02		1.2510180e+01		3.2423015e+00		6.8904894e+00		5.4701723e+00		5.2711988e+00		1.9897353e-01
2.3100000e+02		2.3200000e+02		2.3150000e+02		1.1791833e+01		3.0701593e+00		6.5214231e+00		5.1784993e+00		4.9883860e+00		1.9011324e-01
2.3200000e+02		2.3300000e+02		2.3250000e+02		1.2664003e+01		3.3157373e+00		7.0388742e+00		5.5907789e+00		5.3828063e+00		2.0797262e-01
2.3300000e+02		2.3400000e+02		2.3350000e+02		1.1428554e+01		3.0025309e+00		6.3719395e+00		5.0623147e+00		4.8735008e+00		1.8881396e-01
2.3400000e+02		2.3500000e+02		2.3450000e+02		9.9864853e+00		2.5784744e+00		5.4719367e+00		4.3456553e+00		4.1811947e+00		1.6446053e-01
2.3500000e+02		2.3600000e+02		2.3550000e+02		1.3443360e+01		3.5430764e+00		7.5148044e+00		5.9722783e+00		5.7475532e+00		2.2472503e-01
2.3600000e+02		2.3700000e+02		2.3650000e+02		1.2448020e+01		3.3181712e+00		7.0334383e+00		5.5918226e+00		5.3795169e+00		2.1230568e-01
2.3700000e+02		2.3800000e+02		2.3750000e+02		1.3294723e+01		3.5686505e+00		7.5607268e+00		6.0126831e+00		5.7826432e+00		2.3003990e-01
2.3800000e+02		2.3900000e+02		2.3850000e+02		1.1021422e+01		2.9689873e+00		6.2877627e+00		5.0012051e+00		4.8082790e+00		1.9292617e-01
2.3900000e+02		2.4000000e+02		2.3950000e+02		1.2008577e+01		3.2453322e+00		6.8706113e+00		5.4657117e+00		5.2534744e+00		2.1223731e-01
2.4000000e+02		2.4100000e+02		2.4050000e+02		1.1032163e+01		2.9911343e+00		6.3309703e+00		5.0374837e+00		4.8417147e+00		1.9576897e-01
2.4100000e+02		2.4200000e+02		2.4150000e+02		1.2918879e+01		3.5200021e+00		7.4474262e+00		5.9270859e+00		5.6952215e+00		2.3186444e-01
2.4200000e+02		2.4300000e+02		2.4250000e+02		1.7782729e+01		4.8606813e+00		1.0281834e+01		8.1837257e+00		7.8624076e+00		3.2131815e-01
2.4300000e+02		2.4400000e+02		2.4350000e+02		1.6701989e+01		4.5857636e+00		9.6955491e+00		7.7191156e+00		7.4135904e+00		3.0552519e-01
2.4400000e+02		2.4500000e+02		2.4450000e+02		1.5641720e+01		4.3012332e+00		9.0925165e+00		7.2390598e+00		6.9509725e+00		2.8808734e-01
2.4500000e+02		2.4600000e+02		2.4550000e+02		1.2691134e+01		3.5024744e+00		7.4001217e+00		5.8934099e+00		5.6570142e+00		2.3639570e-01
2.4600000e+02		2.4700000e+02		2.4650000e+02		1.2350906e+01		3.4238710e+00		7.2300401e+00		5.7590809e+00		5.5251659e+00		2.3391496e-01
2.4700000e+02		2.4800000e+02		2.4750000e+02		1.3639226e+01		3.7889203e+00		7.9988539e+00		6.3725816e+00		6.1130083e+00		2.5957336e-01
2.4800000e+02		2.4900000e+02		2.4850000e+02		1.0938846e+01		3.0461117e+00		6.4291039e+00		5.1229192e+00		4.9137794e+00		2.0913989e-01
2.4900000e+02		2.5000000e+02		2.4950000e+02		1.3333262e+01		3.7216140e+00		7.8520546e+00		6.2576633e+00		6.0003572e+00		2.5730613e-01
2.5000000e+02		2.5100000e+02		2.5050000e+02		1.4401571e+01		4.0311284e+00		8.5019558e+00		6.7766051e+00		6.4958676e+00		2.8073748e-01
2.5100000e+02		2.5200000e+02		2.5150000e+02		1.2007424e+01		3.3691657e+00		7.1033887e+00		5.6626799e+00		5.4265130e+00		2.3616691e-01
2.5200000e+02		2.5300000e+02		2.5250000e+02		1.0794009e+01		3.0345257e+00		6.3961633e+00		5.0996173e+00		4.8860594e+00		2.1355794e-01
2.5300000e+02		2.5400000e+02		2.5350000e+02		1.3602371e+01		3.8422364e+00		8.0959427e+00		6.4560419e+00		6.1843301e+00		2.7171177e-01
2.5400000e+02		2.5500000e+02		2.5450000e+02		1.5384114e+01		4.3760597e+00		9.2185279e+00		7.3531422e+00		7.0438530e+00		3.0928924e-01
2.5500000e+02		2.5600000e+02		2.5550000e+02		2.0992062e+01		6.0221667e+00		1.2681858e+01		1.0118371e+01		9.6917246e+00		4.2664684e-01
2.5600000e+02		2.5700000e+02		2.5650000e+02		2.7040612e+01		7.8252875e+00		1.6472895e+01		1.3146530e+01		1.2590195e+01		5.5633502e-01
2.5700000e+02		2.5800000e+02		2.5750000e+02		3.3946512e+01		9.9054476e+00		2.0845546e+01		1.6640662e+01		1.5935688e+01		7.0497379e-01
2.5800000e+02		2.5900000e+02		2.5850000e+02		3.5732434e+01		1.0510903e+01		2.2116136e+01		1.7659974e+01		1.6914883e+01		7.4509084e-01
2.5900000e+02		2.6000000e+02		2.5950000e+02		3.0409976e+01		9.0321113e+00		1.8998471e+01		1.5174570e+01		1.4533213e+01		6.4135686e-01
2.6000000e+02		2.6100000e+02		2.6050000e+02		2.4915606e+01		7.4994701e+00		1.5768954e+01		1.2599875e+01		1.2067687e+01		5.3218774e-01
2.6100000e+02		2.6200000e+02		2.6150000e+02		2.5442742e+01		7.7542054e+00		1.6300979e+01		1.3030253e+01		1.2483263e+01		5.4699043e-01
2.6200000e+02		2.6300000e+02		2.6250000e+02		3.0366547e+01		9.3698959e+00		1.9692552e+01		1.5746952e+01		1.5088277e+01		6.5867493e-01
2.6300000e+02		2.6400000e+02		2.6350000e+02		4.5700096e+01		1.4099287e+01		2.9626827e+01		2.3691157e+01		2.2694608e+01		9.9654899e-01
2.6400000e+02		2.6500000e+02		2.6450000e+02		7.1249372e+01		2.2411088e+01		4.7066612e+01		3.7659053e+01		3.6077073e+01		1.5819799e+00
2.6500000e+02		2.6600000e+02		2.6550000e+02		7.4731454e+01		2.3173301e+01		4.8669889e+01		3.8928918e+01		3.7278188e+01		1.6507293e+00
2.6600000e+02		2.6700000e+02		2.6650000e+02		7.2446611e+01		2.2481461e+01		4.7201520e+01		3.7755844e+01		3.6139577e+01		1.6162667e+00
2.6700000e+02		2.6800000e+02		2.6750000e+02		7.2937204e+01		2.2788033e+01		4.7835722e+01		3.8273155e+01		3.6638192e+01		1.6349630e+00
2.6800000e+02		2.6900000e+02		2.6850000e+02		7.2239021e+01		2.2573373e+01		4.7377264e+01		3.7908677e+01		3.6283718e+01		1.6249589e+00
2.6900000e+02		2.7000000e+02		2.6950000e+02		6.7758000e+01		2.1128124e+01		4.4333373e+01		3.5470691e+01		3.3934878e+01		1.5358128e+00
2.7000000e+02		2.7100000e+02		2.7050000e+02		7.8281462e+01		2.4296091e+01		5.0969621e+01		4.0776164e+01		3.8992273e+01		1.7838916e+00
2.7100000e+02		2.7200000e+02		2.7150000e+02		6.5051220e+01		2.0347497e+01		4.2681339e+01		3.4156421e+01		3.2672266e+01		1.4841548e+00
2.7200000e+02		2.7300000e+02		2.7250000e+02		5.2331568e+01		1.6436118e+01		3.4463037e+01		2.7583268e+01		2.6374440e+01		1.2088281e+00
2.7300000e+02		2.7400000e+02		2.7350000e+02		5.5800645e+01		1.7548661e+01		3.6789734e+01		2.9448128e+01		2.8154441e+01		1.2936872e+00
2.7400000e+02		2.7500000e+02		2.7450000e+02		3.8398649e+01		1.2146077e+01		2.5457366e+01		2.0381597e+01		1.9485451e+01		8.9614614e-01
2.7500000e+02		2.7600000e+02		2.7550000e+02		5.1208696e+01		1.6225251e+01		3.4001576e+01		2.7225048e+01		2.6025799e+01		1.1992486e+00
2.7600000e+02		2.7700000e+02		2.7650000e+02		7.1318275e+01		2.2420975e+01		4.6978682e+01		3.7608160e+01		3.5933265e+01		1.6748943e+00
2.7700000e+02		2.7800000e+02		2.7750000e+02		6.8188493e+01		2.1768552e+01		4.5602019e+01		3.6525238e+01		3.4914695e+01		1.6105431e+00
2.7800000e+02		2.7900000e+02		2.7850000e+02		4.7024496e+01		1.4921498e+01		3.1256865e+01		2.5032075e+01		2.3921881e+01		1.1101937e+00
2.7900000e+02		2.8000000e+02		2.7950000e+02		2.6422560e+01		8.3961459e+00		1.7583671e+01		1.4082608e+01		1.3454314e+01		6.2829438e-01
2.8000000e+02		2.8100000e+02		2.8050000e+02		2.8982131e+01		9.2317907e+00		1.9329018e+01		1.5481748e+01		1.4787558e+01		6.9418991e-01
2.8100000e+02		2.8200000e+02		2.8150000e+02		6.0033324e+01		1.9127372e+01		4.0040495e+01		3.2071614e+01		3.0626404e+01		1.4452098e+00
2.8200000e+02		2.8300000e+02		2.8250000e+02		8.1733762e+01		2.6016172e+01		5.4452356e+01		4.3615201e+01		4.1639749e+01		1.9754519e+00
2.8300000e+02		2.8400000e+02		2.8350000e+02		8.4433091e+01		2.7040358e+01		5.6579389e+01		4.5327856e+01		4.3268686e+01		2.0591702e+00
2.8400000e+02		2.8500000e+02		2.8450000e+02		6.2255376e+01		1.9931704e+01		4.1704942e+01		3.3413471e+01		3.1898201e+01		1.5152694e+00
2.8500000e+02		2.8600000e+02		2.8550000e+02		4.0018063e+01		1.2846539e+01		2.6876382e+01		2.1535460e+01		2.0558206e+01		9.7725350e-01
2.8600000e+02		2.8700000e+02		2.8650000e+02		8.2001717e+01		2.6263380e+01		5.4935214e+01		4.4015139e+01		4.2001111e+01		2.0140274e+00
2.8700000e+02		2.8800000e+02		2.8750000e+02		9.5189148e+01		3.0670784e+01		6.4144973e+01		5.1406442e+01		4.9061094e+01		2.3453478e+00
2.8800000e+02		2.8900000e+02		2.8850000e+02		9.0460934e+01		2.9201082e+01		6.1057313e+01		4.8934143e+01		4.6688923e+01		2.2452204e+00
2.8900000e+02		2.9000000e+02		2.8950000e+02		1.3728321e+02		4.4312132e+01		9.2657994e+01		7.4265855e+01		7.0871269e+01		3.3945862e+00
2.9000000e+02		2.9100000e+02		2.9050000e+02		1.8023325e+02		5.8219963e+01		1.2171485e+02		9.7558224e+01		9.3075323e+01		4.4829002e+00
2.9100000e+02		2.9200000e+02		2.9150000e+02		1.7359450e+02		5.6640475e+01		1.1836213e+02		9.4901006e+01		9.0525387e+01		4.3756185e+00
2.9200000e+02		2.9300000e+02		2.9250000e+02		1.5421676e+02		5.0049154e+01		1.0458468e+02		8.3839591e+01		7.9949031e+01		3.8905601e+00
2.9300000e+02		2.9400000e+02		2.9350000e+02		1.6099986e+02		5.2323145e+01		1.0932524e+02		8.7646861e+01		8.3576809e+01		4.0700514e+00
2.9400000e+02		2.9500000e+02		2.9450000e+02		1.4991794e+02		4.8795846e+01		1.0194116e+02		8.1732483e+01		7.7928920e+01		3.8035637e+00
2.9500000e+02		2.9600000e+02		2.9550000e+02		1.6232431e+02		5.2847737e+01		1.1039993e+02		8.8518288e+01		8.4397430e+01		4.1208586e+00
2.9600000e+02		2.9700000e+02		2.9650000e+02		1.4851381e+02		4.8503211e+01		1.0130560e+02		8.1235436e+01		7.7445275e+01		3.7901607e+00
2.9700000e+02		2.9800000e+02		2.9750000e+02		1.5140866e+02		4.9584060e+01		1.0354052e+02		8.3033901e+01		7.9143172e+01		3.8907286e+00
2.9800000e+02		2.9900000e+02		2.9850000e+02		1.3012850e+02		4.2618266e+01		8.9001393e+01		7.1379913e+01		6.8050789e+01		3.3291249e+00
2.9900000e+02		3.0000000e+02		2.9950000e+02		1.4682541e+02		4.8233494e+01		1.0068970e+02		8.0756031e+01		7.6949148e+01		3.8068822e+00
3.0000000e+02		3.0100000e+02		3.0050000e+02		1.1681452e+02		3.8406288e+01		8.0177980e+01		6.4312037e+01		6.1293659e+01		3.0183777e+00
3.0100000e+02		3.0200000e+02		3.0150000e+02		1.3434477e+02		4.3980324e+01		9.1805631e+01		7.3628611e+01		7.0148601e+01		3.4800102e+00
3.0200000e+02		3.0300000e+02		3.0250000e+02		1.4142283e+02		4.6126553e+01		9.6286834e+01		7.7213803e+01		7.3553223e+01		3.6605798e+00
3.0300000e+02		3.0400000e+02		3.0350000e+02		1.8342160e+02		5.9724598e+01		1.2464180e+02		9.9954408e+01		9.5184753e+01		4.7696554e+00
3.0400000e+02		3.0500000e+02		3.0450000e+02		1.7556728e+02		5.7223254e+01		1.1940830e+02		9.5764132e+01		9.1188696e+01		4.5754362e+00
3.0500000e+02		3.0600000e+02		3.0550000e+02		1.7728071e+02		5.7811835e+01		1.2062486e+02		9.6741631e+01		9.2108885e+01		4.6327457e+00
3.0600000e+02		3.0700000e+02		3.0650000e+02		1.6814926e+02		5.4916268e+01		1.1457154e+02		9.1891840e+01		8.7485142e+01		4.4066980e+00
3.0700000e+02		3.0800000e+02		3.0750000e+02		1.8878816e+02		6.1768815e+01		1.2886067e+02		1.0335847e+02		9.8402173e+01		4.9562946e+00
3.0800000e+02		3.0900000e+02		3.0850000e+02		1.8529086e+02		6.1359148e+01		1.2796086e+02		1.0267058e+02		9.7743891e+01		4.9266857e+00
3.0900000e+02		3.1000000e+02		3.0950000e+02		1.5026991e+02		4.9803442e+01		1.0387252e+02		8.3351876e+01		7.9376446e+01		3.9754297e+00
3.1000000e+02		3.1100000e+02		3.1050000e+02		1.8913229e+02		6.2894426e+01		1.3114680e+02		1.0524650e+02		1.0020607e+02		5.0404228e+00
3.1100000e+02		3.1200000e+02		3.1150000e+02		2.2495083e+02		7.5009427e+01		1.5638804e+02		1.2551193e+02		1.1949019e+02		6.0217311e+00
3.1200000e+02		3.1300000e+02		3.1250000e+02		2.0030306e+02		6.6853469e+01		1.3936871e+02		1.1185670e+02		1.0647878e+02		5.3779178e+00
3.1300000e+02		3.1400000e+02		3.1350000e+02		2.1331645e+02		7.1287391e+01		1.4860747e+02		1.1927903e+02		1.1354943e+02		5.7295969e+00
3.1400000e+02		3.1500000e+02		3.1450000e+02		2.0119548e+02		6.7373229e+01		1.4042560e+02		1.1271812e+02		1.0728717e+02		5.4309502e+00
3.1500000e+02		3.1600000e+02		3.1550000e+02		1.9522773e+02		6.5482922e+01		1.3647460e+02		1.0955509e+02		1.0427587e+02		5.2792186e+00
3.1600000e+02		3.1700000e+02		3.1650000e+02		1.9043254e+02		6.3913212e+01		1.3318989e+02		1.0692100e+02		1.0175753e+02		5.1634762e+00
3.1700000e+02		3.1800000e+02		3.1750000e+02		2.4155434e+02		8.1383232e+01		1.6955543e+02		1.3612776e+02		1.2952694e+02		6.6008180e+00
3.1800000e+02		3.1900000e+02		3.1850000e+02		1.9952276e+02		6.7141889e+01		1.3989699e+02		1.1231723e+02		1.0688601e+02		5.4312236e+00
3.1900000e+02		3.2000000e+02		3.1950000e+02		2.1430874e+02		7.2244387e+01		1.5050082e+02		1.2083307e+02		1.1496206e+02		5.8710137e+00
3.2000000e+02		3.2100000e+02		3.2050000e+02		2.4621307e+02		8.3487932e+01		1.7391303e+02		1.3965552e+02		1.3289393e+02		6.7615857e+00
3.2100000e+02		3.2200000e+02		3.2150000e+02		2.0677326e+02		6.9663195e+01		1.4512737e+02		1.1652286e+02		1.1087115e+02		5.6517092e+00
3.2200000e+02		3.2300000e+02		3.2250000e+02		2.0765168e+02		7.0008853e+01		1.4583841e+02		1.1709440e+02		1.1140561e+02		5.6887973e+00
3.2300000e+02		3.2400000e+02		3.2350000e+02		2.0066974e+02		6.7901620e+01		1.4143455e+02		1.1357383e+02		1.0806161e+02		5.5122176e+00
3.2400000e+02		3.2500000e+02		3.2450000e+02		2.3629853e+02		7.9944227e+01		1.6652734e+02		1.3372413e+02		1.2724462e+02		6.4795083e+00
3.2500000e+02		3.2600000e+02		3.2550000e+02		2.7209498e+02		9.1985930e+01		1.9162468e+02		1.5388284e+02		1.4644967e+02		7.4331767e+00
3.2600000e+02		3.2700000e+02		3.2650000e+02		3.0699214e+02		1.0438686e+02		2.1739581e+02		1.7459647e+02		1.6611772e+02		8.4787515e+00
3.2700000e+02		3.2800000e+02		3.2750000e+02		2.9701525e+02		1.0105848e+02		2.1045777e+02		1.6902852e+02		1.6081885e+02		8.2096718e+00
3.2800000e+02		3.2900000e+02		3.2850000e+02		2.8673370e+02		9.7790165e+01		2.0361994e+02		1.6355401e+02		1.5559893e+02		7.9550832e+00
3.2900000e+02		3.3000000e+02		3.2950000e+02		3.3379807e+02		1.1404666e+02		2.3742759e+02		1.9070816e+02		1.8138304e+02		9.3251172e+00
3.3000000e+02		3.3100000e+02		3.3050000e+02		3.1443449e+02		1.0770863e+02		2.2423405e+02		1.8013148e+02		1.7135429e+02		8.7771899e+00
3.3100000e+02		3.3200000e+02		3.3150000e+02		3.0087994e+02		1.0374723e+02		2.1590629e+02		1.7347726e+02		1.6498302e+02		8.4942405e+00
3.3200000e+02		3.3300000e+02		3.3250000e+02		2.9519831e+02		1.0192270e+02		2.1212130e+02		1.7045074e+02		1.6213909e+02		8.3116546e+00
3.3300000e+02		3.3400000e+02		3.3350000e+02		2.8364288e+02		9.8161363e+01		2.0425563e+02		1.6412732e+02		1.5607713e+02		8.0501930e+00
3.3400000e+02		3.3500000e+02		3.3450000e+02		2.9883003e+02		1.0355668e+02		2.1548179e+02		1.7315742e+02		1.6467712e+02		8.4803021e+00
3.3500000e+02		3.3600000e+02		3.3550000e+02		2.9511053e+02		1.0234388e+02		2.1295460e+02		1.7113682e+02		1.6276582e+02		8.3709924e+00
3.3600000e+02		3.3700000e+02		3.3650000e+02		2.4313126e+02		8.4418656e+01		1.7563584e+02		1.4115334e+02		1.3423571e+02		6.9176332e+00
3.3700000e+02		3.3800000e+02		3.3750000e+02		2.5649874e+02		8.9069621e+01		1.8533492e+02		1.4895021e+02		1.4167900e+02		7.2712100e+00
3.3800000e+02		3.3900000e+02		3.3850000e+02		2.7748673e+02		9.6458288e+01		2.0070015e+02		1.6130662e+02		1.5343280e+02		7.8738205e+00
3.3900000e+02		3.4000000e+02		3.3950000e+02		2.9040264e+02		1.0103819e+02		2.1020160e+02		1.6893899e+02		1.6065503e+02		8.2839638e+00
3.4000000e+02		3.4100000e+02		3.4050000e+02		3.0654056e+02		1.0672594e+02		2.2206008e+02		1.7847896e+02		1.6976948e+02		8.7094859e+00
3.4100000e+02		3.4200000e+02		3.4150000e+02		2.7979685e+02		9.7410427e+01		2.0268611e+02		1.6290824e+02		1.5496949e+02		7.9387511e+00
3.4200000e+02		3.4300000e+02		3.4250000e+02		3.0344565e+02		1.0597061e+02		2.2043137e+02		1.7717212e+02		1.6846459e+02		8.7075281e+00
3.4300000e+02		3.4400000e+02		3.4350000e+02		2.9822260e+02		1.0405023e+02		2.1644214e+02		1.7395622e+02		1.6539934e+02		8.5568783e+00
3.4400000e+02		3.4500000e+02		3.4450000e+02		2.3986676e+02		8.3957035e+01		1.7463832e+02		1.4037350e+02		1.3348280e+02		6.8907069e+00
3.4500000e+02		3.4600000e+02		3.4550000e+02		2.8907088e+02		1.0142470e+02		2.1097691e+02		1.6959748e+02		1.6129853e+02		8.2989526e+00
3.4600000e+02		3.4700000e+02		3.4650000e+02		2.8069735e+02		9.9100475e+01		2.0609176e+02		1.6569407e+02		1.5756213e+02		8.1319359e+00
3.4700000e+02		3.4800000e+02		3.4750000e+02		2.7782009e+02		9.8797713e+01		2.0546253e+02		1.6523062e+02		1.5718194e+02		8.0486770e+00
3.4800000e+02		3.4900000e+02		3.4850000e+02		2.8744416e+02		1.0311757e+02		2.1439020e+02		1.7245339e+02		1.6405031e+02		8.4030765e+00
3.4900000e+02		3.5000000e+02		3.4950000e+02		2.7550877e+02		9.7087523e+01		2.0192808e+02		1.6234380e+02		1.5439801e+02		7.9457886e+00
3.5000000e+02		3.5100000e+02		3.5050000e+02		3.3002358e+02		1.1678399e+02		2.4287778e+02		1.9529530e+02		1.8575975e+02		9.5355455e+00
3.5100000e+02		3.5200000e+02		3.5150000e+02		3.0660572e+02		1.0882524e+02		2.2626406e+02		1.8194215e+02		1.7299646e+02		8.9456879e+00
3.5200000e+02		3.5300000e+02		3.5250000e+02		2.8324198e+02		1.0049490e+02		2.0897592e+02		1.6804465e+02		1.5982444e+02		8.2202179e+00
3.5300000e+02		3.5400000e+02		3.5350000e+02		3.2405327e+02		1.1531058e+02		2.3980322e+02		1.9285144e+02		1.8346365e+02		9.3877942e+00
3.5400000e+02		3.5500000e+02		3.5450000e+02		3.4586270e+02		1.2588556e+02		2.6168928e+02		2.1057651e+02		2.0038093e+02		1.0195580e+01
3.5500000e+02		3.5600000e+02		3.5550000e+02		3.2478382e+02		1.1820231e+02		2.4573085e+02		1.9773452e+02		1.8817523e+02		9.5592865e+00
3.5600000e+02		3.5700000e+02		3.5650000e+02		2.8234357e+02		1.0251396e+02		2.1319460e+02		1.7156086e+02		1.6336674e+02		8.1941237e+00
3.5700000e+02		3.5800000e+02		3.5750000e+02		2.4674321e+02		8.9859358e+01		1.8680460e+02		1.5032207e+02		1.4305632e+02		7.2657533e+00
3.5800000e+02		3.5900000e+02		3.5850000e+02		2.1181106e+02		7.6971089e+01		1.5998770e+02		1.2873070e+02		1.2246456e+02		6.2661401e+00
3.5900000e+02		3.6000000e+02		3.5950000e+02		3.0582840e+02		1.0955111e+02		2.2781338e+02		1.8324273e+02		1.7435624e+02		8.8864931e+00
3.6000000e+02		3.6100000e+02		3.6050000e+02		3.0178862e+02		1.0811218e+02		2.2478515e+02		1.8079662e+02		1.7197322e+02		8.8234005e+00
3.6100000e+02		3.6200000e+02		3.6150000e+02		2.8033735e+02		1.0068611e+02		2.0933996e+02		1.6838651e+02		1.6018087e+02		8.2056361e+00
3.6200000e+02		3.6300000e+02		3.6250000e+02		3.1645921e+02		1.1376857e+02		2.3652226e+02		1.9025369e+02		1.8096572e+02		9.2879659e+00
3.6300000e+02		3.6400000e+02		3.6350000e+02		3.0810145e+02		1.1095203e+02		2.3067673e+02		1.8556495e+02		1.7653607e+02		9.0288882e+00
3.6400000e+02		3.6500000e+02		3.6450000e+02		3.2221950e+02		1.1622188e+02		2.4163423e+02		1.9438577e+02		1.8493776e+02		9.4480158e+00
3.6500000e+02		3.6600000e+02		3.6550000e+02		3.6674574e+02		1.3270413e+02		2.7585543e+02		2.2192537e+02		2.1109972e+02		1.0825649e+01
3.6600000e+02		3.6700000e+02		3.6650000e+02		3.9198946e+02		1.4141438e+02		2.9402243e+02		2.3652157e+02		2.2502603e+02		1.1495539e+01
3.6700000e+02		3.6800000e+02		3.6750000e+02		3.7850004e+02		1.3714397e+02		2.8516617e+02		2.2944019e+02		2.1837520e+02		1.1064987e+01
3.6800000e+02		3.6900000e+02		3.6850000e+02		3.4895620e+02		1.2689457e+02		2.6378671e+02		2.1224822e+02		2.0194890e+02		1.0299319e+01
3.6900000e+02		3.7000000e+02		3.6950000e+02		3.8736224e+02		1.4077568e+02		2.9273623e+02		2.3555731e+02		2.2425574e+02		1.1301571e+01
3.7000000e+02		3.7100000e+02		3.7050000e+02		3.6351013e+02		1.3289884e+02		2.7618509e+02		2.2224525e+02		2.1139588e+02		1.0849371e+01
3.7100000e+02		3.7200000e+02		3.7150000e+02		3.7529261e+02		1.3727799e+02		2.8533593e+02		2.2962589e+02		2.1849746e+02		1.1128427e+01
3.7200000e+02		3.7300000e+02		3.7250000e+02		3.1177186e+02		1.1377042e+02		2.3654117e+02		1.9036149e+02		1.8121641e+02		9.1450795e+00
3.7300000e+02		3.7400000e+02		3.7350000e+02		2.7192112e+02		9.9495498e+01		2.0684466e+02		1.6646825e+02		1.5845923e+02		8.0090205e+00
3.7400000e+02		3.7500000e+02		3.7450000e+02		2.7832167e+02		1.0213022e+02		2.1224720e+02		1.7080702e+02		1.6249107e+02		8.3159534e+00
3.7500000e+02		3.7600000e+02		3.7550000e+02		3.1876744e+02		1.1711421e+02		2.4340430e+02		1.9590396e+02		1.8641855e+02		9.4854080e+00
3.7600000e+02		3.7700000e+02		3.7650000e+02		3.3048657e+02		1.2162592e+02		2.5279439e+02		2.0347713e+02		1.9366203e+02		9.8150959e+00
3.7700000e+02		3.7800000e+02		3.7750000e+02		3.8770864e+02		1.4311511e+02		2.9741782e+02		2.3940297e+02		2.2781952e+02		1.1583452e+01
3.7800000e+02		3.7900000e+02		3.7850000e+02		4.0380398e+02		1.4897110e+02		3.0958980e+02		2.4919463e+02		2.3713142e+02		1.2063218e+01
3.7900000e+02		3.8000000e+02		3.7950000e+02		3.2744385e+02		1.2074758e+02		2.5098893e+02		2.0203166e+02		1.9232019e+02		9.7114714e+00
3.8000000e+02		3.8100000e+02		3.8050000e+02		3.5656330e+02		1.3159947e+02		2.7355519e+02		2.2019159e+02		2.0961122e+02		1.0580373e+01
3.8100000e+02		3.8200000e+02		3.8150000e+02		3.2019140e+02		1.1894170e+02		2.4707888e+02		1.9888065e+02		1.8913760e+02		9.7430544e+00
3.8200000e+02		3.8300000e+02		3.8250000e+02		2.2964197e+02		8.5027895e+01		1.7675801e+02		1.4229159e+02		1.3548736e+02		6.8042282e+00
3.8300000e+02		3.8400000e+02		3.8350000e+02		2.0267593e+02		7.5265535e+01		1.5642467e+02		1.2592303e+02		1.1985692e+02		6.0661076e+00
3.8400000e+02		3.8500000e+02		3.8450000e+02		2.7111947e+02		1.0097051e+02		2.0983850e+02		1.6893184e+02		1.6079824e+02		8.1336060e+00
3.8500000e+02		3.8600000e+02		3.8550000e+02		2.8715912e+02		1.0686877e+02		2.2215438e+02		1.7885549e+02		1.7032240e+02		8.5330921e+00
3.8600000e+02		3.8700000e+02		3.8650000e+02		2.8837692e+02		1.0784886e+02		2.2409057e+02		1.8041782e+02		1.7170000e+02		8.7178230e+00
3.8700000e+02		3.8800000e+02		3.8750000e+02		2.8805300e+02		1.0774062e+02		2.2390713e+02		1.8027976e+02		1.7162943e+02		8.6503246e+00
3.8800000e+02		3.8900000e+02		3.8850000e+02		2.9209390e+02		1.0945370e+02		2.2749309e+02		1.8318125e+02		1.7444124e+02		8.7400040e+00
3.8900000e+02		3.9000000e+02		3.8950000e+02		3.5069332e+02		1.3151043e+02		2.7332377e+02		2.2008189e+02		2.0956231e+02		1.0519577e+01
3.9000000e+02		3.9100000e+02		3.9050000e+02		3.6838836e+02		1.3873874e+02		2.8823101e+02		2.3209071e+02		2.2087314e+02		1.1217572e+01
3.9100000e+02		3.9200000e+02		3.9150000e+02		3.9613874e+02		1.4904112e+02		3.0973389e+02		2.4941922e+02		2.3749714e+02		1.1922079e+01
3.9200000e+02		3.9300000e+02		3.9250000e+02		3.0403432e+02		1.1437036e+02		2.3773164e+02		1.9144434e+02		1.8235899e+02		9.0853503e+00
3.9300000e+02		3.9400000e+02		3.9350000e+02		1.8639471e+02		7.0258624e+01		1.4602312e+02		1.1759391e+02		1.1199649e+02		5.5974219e+00
3.9400000e+02		3.9500000e+02		3.9450000e+02		3.0813115e+02		1.1599738e+02		2.4117957e+02		1.9423483e+02		1.8511180e+02		9.1230333e+00
3.9500000e+02		3.9600000e+02		3.9550000e+02		3.7840801e+02		1.4359000e+02		2.9828565e+02		2.4021964e+02		2.2862818e+02		1.1591462e+01
3.9600000e+02		3.9700000e+02		3.9650000e+02		2.6140326e+02		9.9092081e+01		2.0591548e+02		1.6583984e+02		1.5792688e+02		7.9129530e+00
3.9700000e+02		3.9800000e+02		3.9750000e+02		2.9300657e+02		1.1113400e+02		2.3096484e+02		1.8601953e+02		1.7718107e+02		8.8384675e+00
3.9800000e+02		3.9900000e+02		3.9850000e+02		4.5124719e+02		1.7140161e+02		3.5620434e+02		2.8689142e+02		2.7325184e+02		1.3639579e+01
3.9900000e+02		4.0000000e+02		3.9950000e+02		4.9846141e+02		1.8935143e+02		3.9357112e+02		3.1700145e+02		3.0202318e+02		1.4978268e+01
4.0000000e+02		4.0100000e+02		4.0050000e+02		5.1407199e+02		1.9578362e+02		4.0688500e+02		3.2772911e+02		3.1218638e+02		1.5542731e+01
4.0100000e+02		4.0200000e+02		4.0150000e+02		5.3860814e+02		2.0535139e+02		4.2679778e+02		3.4377809e+02		3.2752109e+02		1.6256999e+01
4.0200000e+02		4.0300000e+02		4.0250000e+02		5.4526519e+02		2.0775105e+02		4.3197022e+02		3.4796629e+02		3.3175280e+02		1.6213485e+01
4.0300000e+02		4.0400000e+02		4.0350000e+02		5.2165796e+02		1.9993881e+02		4.1545292e+02		3.3466286e+02		3.1876052e+02		1.5902336e+01
4.0400000e+02		4.0500000e+02		4.0450000e+02		5.1300620e+02		1.9710758e+02		4.0952954e+02		3.2990234e+02		3.1419578e+02		1.5706559e+01
4.0500000e+02		4.0600000e+02		4.0550000e+02		5.1256585e+02		1.9638564e+02		4.0827309e+02		3.2891128e+02		3.1355901e+02		1.5352266e+01
4.0600000e+02		4.0700000e+02		4.0650000e+02		4.9035274e+02		1.8764872e+02		3.9024655e+02		3.1439946e+02		2.9989547e+02		1.4503990e+01
4.0700000e+02		4.0800000e+02		4.0750000e+02		4.9838294e+02		1.9144711e+02		3.9803869e+02		3.2068380e+02		3.0577728e+02		1.4906518e+01
4.0800000e+02		4.0900000e+02		4.0850000e+02		5.2990289e+02		2.0466509e+02		4.2533538e+02		3.4268498e+02		3.2655855e+02		1.6126425e+01
4.0900000e+02		4.1000000e+02		4.0950000e+02		5.2713439e+02		2.0344872e+02		4.2290390e+02		3.4073518e+02		3.2482325e+02		1.5911930e+01
4.1000000e+02		4.1100000e+02		4.1050000e+02		4.8293937e+02		1.8673301e+02		3.8814165e+02		3.1273635e+02		2.9812710e+02		1.4609249e+01
4.1100000e+02		4.1200000e+02		4.1150000e+02		5.5986852e+02		2.1686911e+02		4.5077183e+02		3.6321121e+02		3.4624914e+02		1.6962076e+01
4.1200000e+02		4.1300000e+02		4.1250000e+02		5.4940473e+02		2.1314231e+02		4.4303854e+02		3.5699506e+02		3.4035926e+02		1.6635794e+01
4.1300000e+02		4.1400000e+02		4.1350000e+02		5.2995399e+02		2.0546692e+02		4.2716438e+02		3.4419868e+02		3.2824287e+02		1.5955812e+01
4.1400000e+02		4.1500000e+02		4.1450000e+02		5.3771640e+02		2.0958808e+02		4.3562919e+02		3.5105603e+02		3.3471675e+02		1.6339278e+01
4.1500000e+02		4.1600000e+02		4.1550000e+02		5.3722776e+02		2.0875594e+02		4.3418516e+02		3.4993438e+02		3.3403176e+02		1.5902617e+01
4.1600000e+02		4.1700000e+02		4.1650000e+02		5.5745703e+02		2.1812204e+02		4.5339608e+02		3.6542162e+02		3.4851453e+02		1.6907085e+01
4.1700000e+02		4.1800000e+02		4.1750000e+02		5.0725322e+02		1.9944955e+02		4.1444966e+02		3.3404358e+02		3.1845290e+02		1.5590682e+01
4.1800000e+02		4.1900000e+02		4.1850000e+02		5.2601513e+02		2.0700992e+02		4.3021266e+02		3.4676101e+02		3.3065463e+02		1.6106380e+01
4.1900000e+02		4.2000000e+02		4.1950000e+02		5.3123875e+02		2.0863146e+02		4.3372908e+02		3.4960085e+02		3.3353716e+02		1.6063693e+01
4.2000000e+02		4.2100000e+02		4.2050000e+02		5.3797708e+02		2.1179164e+02		4.4021818e+02		3.5483088e+02		3.3843446e+02		1.6396415e+01
4.2100000e+02		4.2200000e+02		4.2150000e+02		5.2958361e+02		2.0804424e+02		4.3252345e+02		3.4861604e+02		3.3259644e+02		1.6019595e+01
4.2200000e+02		4.2300000e+02		4.2250000e+02		5.0190537e+02		1.9805129e+02		4.1163802e+02		3.3179462e+02		3.1644011e+02		1.5354505e+01
4.2300000e+02		4.2400000e+02		4.2350000e+02		5.3474862e+02		2.1092269e+02		4.3845991e+02		3.5341296e+02		3.3713560e+02		1.6277364e+01
4.2400000e+02		4.2500000e+02		4.2450000e+02		5.5328403e+02		2.1833841e+02		4.5389136e+02		3.6584199e+02		3.4899722e+02		1.6844770e+01
4.2500000e+02		4.2600000e+02		4.2550000e+02		5.3248014e+02		2.1031809e+02		4.3725044e+02		3.5243351e+02		3.3624870e+02		1.6184812e+01
4.2600000e+02		4.2700000e+02		4.2650000e+02		5.3029841e+02		2.0971236e+02		4.3606500e+02		3.5150397e+02		3.3548255e+02		1.6021417e+01
4.2700000e+02		4.2800000e+02		4.2750000e+02		4.9171747e+02		1.9477701e+02		4.0502730e+02		3.2649660e+02		3.1165191e+02		1.4844689e+01
4.2800000e+02		4.2900000e+02		4.2850000e+02		4.9494538e+02		1.9761974e+02		4.1084851e+02		3.3123490e+02		3.1613688e+02		1.5098025e+01
4.2900000e+02		4.3000000e+02		4.2950000e+02		4.6063718e+02		1.8425134e+02		3.8306679e+02		3.0885902e+02		2.9482494e+02		1.4034077e+01
4.3000000e+02		4.3100000e+02		4.3050000e+02		3.7055843e+02		1.4809884e+02		3.0798795e+02		2.4834076e+02		2.3717494e+02		1.1165826e+01
4.3100000e+02		4.3200000e+02		4.3150000e+02		4.5818753e+02		1.8403980e+02		3.8257297e+02		3.0848616e+02		2.9444325e+02		1.4042910e+01
4.3200000e+02		4.3300000e+02		4.3250000e+02		5.1625369e+02		2.0777162e+02		4.3168017e+02		3.4805752e+02		3.3192000e+02		1.6137521e+01
4.3300000e+02		4.3400000e+02		4.3350000e+02		5.6047485e+02		2.2321664e+02		4.6440420e+02		3.7443546e+02		3.5778756e+02		1.6647893e+01
4.3400000e+02		4.3500000e+02		4.3450000e+02		4.7595241e+02		1.9172609e+02		3.9825330e+02		3.2105062e+02		3.0598514e+02		1.5065484e+01
4.3500000e+02		4.3600000e+02		4.3550000e+02		5.3162725e+02		2.1191728e+02		4.4086008e+02		3.5542645e+02		3.3954635e+02		1.5880098e+01
4.3600000e+02		4.3700000e+02		4.3650000e+02		5.9481241e+02		2.3784622e+02		4.9483426e+02		3.9898388e+02		3.8125579e+02		1.7728089e+01
4.3700000e+02		4.3800000e+02		4.3750000e+02		5.2629983e+02		2.1264383e+02		4.4198346e+02		3.5637928e+02		3.4008174e+02		1.6297543e+01
4.3800000e+02		4.3900000e+02		4.3850000e+02		5.1257868e+02		2.0676101e+02		4.3004082e+02		3.4678792e+02		3.3130721e+02		1.5480708e+01
4.3900000e+02		4.4000000e+02		4.3950000e+02		5.7051902e+02		2.3108139e+02		4.8043083e+02		3.8741308e+02		3.6988474e+02		1.7528339e+01
4.4000000e+02		4.4100000e+02		4.4050000e+02		5.4089681e+02		2.1871101e+02		4.5488273e+02		3.6681213e+02		3.5041100e+02		1.6401125e+01
4.4100000e+02		4.4200000e+02		4.4150000e+02		5.9491633e+02		2.4063946e+02		5.0050225e+02		4.0362143e+02		3.8561948e+02		1.8001949e+01
4.4200000e+02		4.4300000e+02		4.4250000e+02		6.2544254e+02		2.5319307e+02		5.2660058e+02		4.2467300e+02		4.0572587e+02		1.8947127e+01
4.4300000e+02		4.4400000e+02		4.4350000e+02		6.0497206e+02		2.4496384e+02		5.0954796e+02		4.1092423e+02		3.9266649e+02		1.8257742e+01
4.4400000e+02		4.4500000e+02		4.4450000e+02		6.2324411e+02		2.5268717e+02		5.2559188e+02		4.2385803e+02		4.0499460e+02		1.8863427e+01
4.4500000e+02		4.4600000e+02		4.4550000e+02		5.7783999e+02		2.3451391e+02		4.8785089e+02		3.9338500e+02		3.7589303e+02		1.7491968e+01
4.4600000e+02		4.4700000e+02		4.4650000e+02		5.8940025e+02		2.3952334e+02		4.9832734e+02		4.0182614e+02		3.8401255e+02		1.7813591e+01
4.4700000e+02		4.4800000e+02		4.4750000e+02		6.3881895e+02		2.6001459e+02		5.4094963e+02		4.3618684e+02		4.1682801e+02		1.9358831e+01
4.4800000e+02		4.4900000e+02		4.4850000e+02		6.2805979e+02		2.5608804e+02		5.3276329e+02		4.2958251e+02		4.1049232e+02		1.9090190e+01
4.4900000e+02		4.5000000e+02		4.4950000e+02		6.3454704e+02		2.5838550e+02		5.3779794e+02		4.3366026e+02		4.1470453e+02		1.8955731e+01
4.5000000e+02		4.5100000e+02		4.5050000e+02		6.7325368e+02		2.7402579e+02		5.7049403e+02		4.6003792e+02		4.4010943e+02		1.9928493e+01
4.5100000e+02		4.5200000e+02		4.5150000e+02		6.7122600e+02		2.7376888e+02		5.6978105e+02		4.5940338e+02		4.3921595e+02		2.0187432e+01
4.5200000e+02		4.5300000e+02		4.5250000e+02		6.3541039e+02		2.5954088e+02		5.4021730e+02		4.3562099e+02		4.1661002e+02		1.9010969e+01
4.5300000e+02		4.5400000e+02		4.5350000e+02		6.0888666e+02		2.4951318e+02		5.1931490e+02		4.1877301e+02		4.0047305e+02		1.8299961e+01
4.5400000e+02		4.5500000e+02		4.5450000e+02		6.4999363e+02		2.6615794e+02		5.5407396e+02		4.4682245e+02		4.2745680e+02		1.9365645e+01
4.5500000e+02		4.5600000e+02		4.5550000e+02		6.4380306e+02		2.6460340e+02		5.5058765e+02		4.4401676e+02		4.2449657e+02		1.9520191e+01
4.5600000e+02		4.5700000e+02		4.5650000e+02		6.6853861e+02		2.7431554e+02		5.7096215e+02		4.6048100e+02		4.4047222e+02		2.0008783e+01
4.5700000e+02		4.5800000e+02		4.5750000e+02		6.7499745e+02		2.7823157e+02		5.7887563e+02		4.6689202e+02		4.4637544e+02		2.0516584e+01
4.5800000e+02		4.5900000e+02		4.5850000e+02		6.3439039e+02		2.6143366e+02		5.4403572e+02		4.3879186e+02		4.1963401e+02		1.9157848e+01
4.5900000e+02		4.6000000e+02		4.5950000e+02		6.5539586e+02		2.7006992e+02		5.6209344e+02		4.5335746e+02		4.3366299e+02		1.9694476e+01
4.6000000e+02		4.6100000e+02		4.6050000e+02		6.4752339e+02		2.6732696e+02		5.5640568e+02		4.4877923e+02		4.2932067e+02		1.9458556e+01
4.6100000e+02		4.6200000e+02		4.6150000e+02		6.6245412e+02		2.7381053e+02		5.6997594e+02		4.5976196e+02		4.3996579e+02		1.9796167e+01
4.6200000e+02		4.6300000e+02		4.6250000e+02		6.6901120e+02		2.7769577e+02		5.7783399e+02		4.6608816e+02		4.4574116e+02		2.0346997e+01
4.6300000e+02		4.6400000e+02		4.6350000e+02		6.4662616e+02		2.6768939e+02		5.5734885e+02		4.4953002e+02		4.3023956e+02		1.9290460e+01
4.6400000e+02		4.6500000e+02		4.6450000e+02		6.5795753e+02		2.7332001e+02		5.6900726e+02		4.5890430e+02		4.3909716e+02		1.9807142e+01
4.6500000e+02		4.6600000e+02		4.6550000e+02		6.3552746e+02		2.6472539e+02		5.5087304e+02		4.4445475e+02		4.2524424e+02		1.9210509e+01
4.6600000e+02		4.6700000e+02		4.6650000e+02		6.3955371e+02		2.6772205e+02		5.5691340e+02		4.4936669e+02		4.2977584e+02		1.9590853e+01
4.6700000e+02		4.6800000e+02		4.6750000e+02		6.4572639e+02		2.7030143e+02		5.6234488e+02		4.5375660e+02		4.3405959e+02		1.9697011e+01
4.6800000e+02		4.6900000e+02		4.6850000e+02		6.3145002e+02		2.6475800e+02		5.5080878e+02		4.4443246e+02		4.2511434e+02		1.9318117e+01
4.6900000e+02		4.7000000e+02		4.6950000e+02		6.4956875e+02		2.7213125e+02		5.6634894e+02		4.5699608e+02		4.3739487e+02		1.9601204e+01
4.7000000e+02		4.7100000e+02		4.7050000e+02		6.1381170e+02		2.5789641e+02		5.3671119e+02		4.3310220e+02		4.1454135e+02		1.8560847e+01
4.7100000e+02		4.7200000e+02		4.7150000e+02		6.4174114e+02		2.7003737e+02		5.6192045e+02		4.5343834e+02		4.3393135e+02		1.9506988e+01
4.7200000e+02		4.7300000e+02		4.7250000e+02		6.5742798e+02		2.7760422e+02		5.7764823e+02		4.6616073e+02		4.4612949e+02		2.0031233e+01
4.7300000e+02		4.7400000e+02		4.7350000e+02		6.4563741e+02		2.7280254e+02		5.6768348e+02		4.5812712e+02		4.3848266e+02		1.9644452e+01
4.7400000e+02		4.7500000e+02		4.7450000e+02		6.6512717e+02		2.8100845e+02		5.8505983e+02		4.7202721e+02		4.5195522e+02		2.0071985e+01
4.7500000e+02		4.7600000e+02		4.7550000e+02		6.6365303e+02		2.8077647e+02		5.8455800e+02		4.7169355e+02		4.5171467e+02		1.9978881e+01
4.7600000e+02		4.7700000e+02		4.7650000e+02		6.3952653e+02		2.7143186e+02		5.6490924e+02		4.5591371e+02		4.3648876e+02		1.9424955e+01
4.7700000e+02		4.7800000e+02		4.7750000e+02		6.6772274e+02		2.8376934e+02		5.9061804e+02		4.7666749e+02		4.5640194e+02		2.0265559e+01
4.7800000e+02		4.7900000e+02		4.7850000e+02		6.6128260e+02		2.8202014e+02		5.8684381e+02		4.7362183e+02		4.5333445e+02		2.0287377e+01
4.7900000e+02		4.8000000e+02		4.7950000e+02		6.6320839e+02		2.8297158e+02		5.8892237e+02		4.7531335e+02		4.5508552e+02		2.0227831e+01
4.8000000e+02		4.8100000e+02		4.8050000e+02		6.6489751e+02		2.8371259e+02		5.9066228e+02		4.7671510e+02		4.5664884e+02		2.0066254e+01
4.8100000e+02		4.8200000e+02		4.8150000e+02		6.6630748e+02		2.8348575e+02		5.9066467e+02		4.7658719e+02		4.5688292e+02		1.9704273e+01
4.8200000e+02		4.8300000e+02		4.8250000e+02		6.6376999e+02		2.8317695e+02		5.8998379e+02		4.7605751e+02		4.5636031e+02		1.9697206e+01
4.8300000e+02		4.8400000e+02		4.8350000e+02		6.5373157e+02		2.7997671e+02		5.8314216e+02		4.7053025e+02		4.5085453e+02		1.9675727e+01
4.8400000e+02		4.8500000e+02		4.8450000e+02		6.4242337e+02		2.7423401e+02		5.7147229e+02		4.6112500e+02		4.4218883e+02		1.8936170e+01
4.8500000e+02		4.8600000e+02		4.8550000e+02		6.0369332e+02		2.5771372e+02		5.3696455e+02		4.3322153e+02		4.1525593e+02		1.7965592e+01
4.8600000e+02		4.8700000e+02		4.8650000e+02		5.2412565e+02		2.2439305e+02		4.6756497e+02		3.7724513e+02		3.6165190e+02		1.5593226e+01
4.8700000e+02		4.8800000e+02		4.8750000e+02		5.9966111e+02		2.5895197e+02		5.3921850e+02		4.3531139e+02		4.1727089e+02		1.8040504e+01
4.8800000e+02		4.8900000e+02		4.8850000e+02		6.3081686e+02		2.7249371e+02		5.6738941e+02		4.5804767e+02		4.3902538e+02		1.9022291e+01
4.8900000e+02		4.9000000e+02		4.8950000e+02		6.1880396e+02		2.6827304e+02		5.5851095e+02		4.5088710e+02		4.3206949e+02		1.8817605e+01
4.9000000e+02		4.9100000e+02		4.9050000e+02		6.5907671e+02		2.8567267e+02		5.9485173e+02		4.8023217e+02		4.6033273e+02		1.9899444e+01
4.9100000e+02		4.9200000e+02		4.9150000e+02		6.2110374e+02		2.7222459e+02		5.6668526e+02		4.5759351e+02		4.3858757e+02		1.9005938e+01
4.9200000e+02		4.9300000e+02		4.9250000e+02		5.9112858e+02		2.5866474e+02		5.3864135e+02		4.3495531e+02		4.1710797e+02		1.7847341e+01
4.9300000e+02		4.9400000e+02		4.9350000e+02		6.2472140e+02		2.7234515e+02		5.6715159e+02		4.5791815e+02		4.3907043e+02		1.8847725e+01
4.9400000e+02		4.9500000e+02		4.9450000e+02		6.4279699e+02		2.8090466e+02		5.8496235e+02		4.7231024e+02		4.5287047e+02		1.9439772e+01
4.9500000e+02		4.9600000e+02		4.9550000e+02		6.3133158e+02		2.7612305e+02		5.7510569e+02		4.6437370e+02		4.4540582e+02		1.8967886e+01
4.9600000e+02		4.9700000e+02		4.9650000e+02		6.3921352e+02		2.8029494e+02		5.8372417e+02		4.7133895e+02		4.5201499e+02		1.9323964e+01
4.9700000e+02		4.9800000e+02		4.9750000e+02		6.5113923e+02		2.8507380e+02		5.9368341e+02		4.7935141e+02		4.5966576e+02		1.9685651e+01
4.9800000e+02		4.9900000e+02		4.9850000e+02		5.9175801e+02		2.5843878e+02		5.3834666e+02		4.3465585e+02		4.1693405e+02		1.7721794e+01
4.9900000e+02		5.0000000e+02		4.9950000e+02		6.3385792e+02		2.7731728e+02		5.7774753e+02		4.6647899e+02		4.4756141e+02		1.8917574e+01
