Left Bin Edge (nm)	Right Bin Edge (nm)	Bin Center (nm)		Top of Atm Intensity (erg/s/nm/cm2)		Total Surface Flux (erg/s/nm/cm2)		Total Intensity at BOA (erg/s/nm/cm2)		Total Surface Intensity (erg/s/nm/cm2)		Total Surface Diffuse Intensity (erg/s/nm/cm2)		Total Surface Direct Intensity (erg/s/nm/cm2)
1.0000000e+02		1.0100000e+02		1.0050000e+02		1.9189487e-02		0.0000000e+00		0.0000000e+00		0.0000000e+00		0.0000000e+00		0.0000000e+00
1.0100000e+02		1.0200000e+02		1.0150000e+02		7.4861701e-02		0.0000000e+00		0.0000000e+00		0.0000000e+00		0.0000000e+00		0.0000000e+00
1.0200000e+02		1.0300000e+02		1.0250000e+02		3.9734366e-01		0.0000000e+00		0.0000000e+00		0.0000000e+00		0.0000000e+00		0.0000000e+00
1.0300000e+02		1.0400000e+02		1.0350000e+02		3.0179545e-01		0.0000000e+00		0.0000000e+00		0.0000000e+00		0.0000000e+00		0.0000000e+00
1.0400000e+02		1.0500000e+02		1.0450000e+02		6.0815352e-02		0.0000000e+00		0.0000000e+00		0.0000000e+00		0.0000000e+00		0.0000000e+00
1.0500000e+02		1.0600000e+02		1.0550000e+02		2.0834600e-02		0.0000000e+00		0.0000000e+00		0.0000000e+00		0.0000000e+00		0.0000000e+00
1.0600000e+02		1.0700000e+02		1.0650000e+02		1.9584792e-02		0.0000000e+00		0.0000000e+00		0.0000000e+00		0.0000000e+00		0.0000000e+00
1.0700000e+02		1.0800000e+02		1.0750000e+02		2.1853879e-02		0.0000000e+00		0.0000000e+00		0.0000000e+00		0.0000000e+00		0.0000000e+00
1.0800000e+02		1.0900000e+02		1.0850000e+02		3.0634999e-02		0.0000000e+00		0.0000000e+00		0.0000000e+00		0.0000000e+00		0.0000000e+00
1.0900000e+02		1.1000000e+02		1.0950000e+02		2.4032561e-02		0.0000000e+00		0.0000000e+00		0.0000000e+00		0.0000000e+00		0.0000000e+00
1.1000000e+02		1.1100000e+02		1.1050000e+02		2.3268893e-02		0.0000000e+00		0.0000000e+00		0.0000000e+00		0.0000000e+00		0.0000000e+00
1.1100000e+02		1.1200000e+02		1.1150000e+02		2.1871272e-02		0.0000000e+00		0.0000000e+00		0.0000000e+00		0.0000000e+00		0.0000000e+00
1.1200000e+02		1.1300000e+02		1.1250000e+02		2.2375602e-02		0.0000000e+00		0.0000000e+00		0.0000000e+00		0.0000000e+00		0.0000000e+00
1.1300000e+02		1.1400000e+02		1.1350000e+02		1.7748133e-02		0.0000000e+00		0.0000000e+00		0.0000000e+00		0.0000000e+00		0.0000000e+00
1.1400000e+02		1.1500000e+02		1.1450000e+02		1.3589480e-02		0.0000000e+00		0.0000000e+00		0.0000000e+00		0.0000000e+00		0.0000000e+00
1.1500000e+02		1.1600000e+02		1.1550000e+02		1.8751615e-02		0.0000000e+00		0.0000000e+00		0.0000000e+00		0.0000000e+00		0.0000000e+00
1.1600000e+02		1.1700000e+02		1.1650000e+02		4.3674487e-02		0.0000000e+00		0.0000000e+00		0.0000000e+00		0.0000000e+00		0.0000000e+00
1.1700000e+02		1.1800000e+02		1.1750000e+02		1.5546757e-01		0.0000000e+00		0.0000000e+00		0.0000000e+00		0.0000000e+00		0.0000000e+00
1.1800000e+02		1.1900000e+02		1.1850000e+02		5.2889236e-02		0.0000000e+00		0.0000000e+00		0.0000000e+00		0.0000000e+00		0.0000000e+00
1.1900000e+02		1.2000000e+02		1.1950000e+02		7.3692884e-02		0.0000000e+00		0.0000000e+00		0.0000000e+00		0.0000000e+00		0.0000000e+00
1.2000000e+02		1.2100000e+02		1.2050000e+02		4.0066072e-01		0.0000000e+00		0.0000000e+00		0.0000000e+00		0.0000000e+00		0.0000000e+00
1.2100000e+02		1.2200000e+02		1.2150000e+02		1.5905289e+01		0.0000000e+00		0.0000000e+00		0.0000000e+00		0.0000000e+00		0.0000000e+00
1.2200000e+02		1.2300000e+02		1.2250000e+02		1.0666543e-01		0.0000000e+00		0.0000000e+00		0.0000000e+00		0.0000000e+00		0.0000000e+00
1.2300000e+02		1.2400000e+02		1.2350000e+02		5.7456553e-02		0.0000000e+00		0.0000000e+00		0.0000000e+00		0.0000000e+00		0.0000000e+00
1.2400000e+02		1.2500000e+02		1.2450000e+02		4.6184197e-02		0.0000000e+00		0.0000000e+00		0.0000000e+00		0.0000000e+00		0.0000000e+00
1.2500000e+02		1.2600000e+02		1.2550000e+02		4.5085118e-02		0.0000000e+00		0.0000000e+00		0.0000000e+00		0.0000000e+00		0.0000000e+00
1.2600000e+02		1.2700000e+02		1.2650000e+02		6.3054464e-02		0.0000000e+00		0.0000000e+00		0.0000000e+00		0.0000000e+00		0.0000000e+00
1.2700000e+02		1.2800000e+02		1.2750000e+02		3.3006429e-02		0.0000000e+00		0.0000000e+00		0.0000000e+00		0.0000000e+00		0.0000000e+00
1.2800000e+02		1.2900000e+02		1.2850000e+02		2.6335196e-02		0.0000000e+00		0.0000000e+00		0.0000000e+00		0.0000000e+00		0.0000000e+00
1.2900000e+02		1.3000000e+02		1.2950000e+02		3.5131240e-02		0.0000000e+00		0.0000000e+00		0.0000000e+00		0.0000000e+00		0.0000000e+00
1.3000000e+02		1.3100000e+02		1.3050000e+02		2.8850634e-01		0.0000000e+00		0.0000000e+00		0.0000000e+00		0.0000000e+00		0.0000000e+00
1.3100000e+02		1.3200000e+02		1.3150000e+02		3.9064855e-02		0.0000000e+00		0.0000000e+00		0.0000000e+00		0.0000000e+00		0.0000000e+00
1.3200000e+02		1.3300000e+02		1.3250000e+02		3.0374778e-02		0.0000000e+00		0.0000000e+00		0.0000000e+00		0.0000000e+00		0.0000000e+00
1.3300000e+02		1.3400000e+02		1.3350000e+02		4.1056606e-01		0.0000000e+00		0.0000000e+00		0.0000000e+00		0.0000000e+00		0.0000000e+00
1.3400000e+02		1.3500000e+02		1.3450000e+02		2.8092500e-02		0.0000000e+00		0.0000000e+00		0.0000000e+00		0.0000000e+00		0.0000000e+00
1.3500000e+02		1.3600000e+02		1.3550000e+02		5.8954708e-02		0.0000000e+00		0.0000000e+00		0.0000000e+00		0.0000000e+00		0.0000000e+00
1.3600000e+02		1.3700000e+02		1.3650000e+02		3.8690656e-02		0.0000000e+00		0.0000000e+00		0.0000000e+00		0.0000000e+00		0.0000000e+00
1.3700000e+02		1.3800000e+02		1.3750000e+02		3.9732879e-02		0.0000000e+00		0.0000000e+00		0.0000000e+00		0.0000000e+00		0.0000000e+00
1.3800000e+02		1.3900000e+02		1.3850000e+02		4.0549866e-02		0.0000000e+00		0.0000000e+00		0.0000000e+00		0.0000000e+00		0.0000000e+00
1.3900000e+02		1.4000000e+02		1.3950000e+02		1.3692187e-01		0.0000000e+00		0.0000000e+00		0.0000000e+00		0.0000000e+00		0.0000000e+00
1.4000000e+02		1.4100000e+02		1.4050000e+02		1.1939088e-01		0.0000000e+00		0.0000000e+00		0.0000000e+00		0.0000000e+00		0.0000000e+00
1.4100000e+02		1.4200000e+02		1.4150000e+02		5.7521948e-02		0.0000000e+00		0.0000000e+00		0.0000000e+00		0.0000000e+00		0.0000000e+00
1.4200000e+02		1.4300000e+02		1.4250000e+02		6.2343151e-02		0.0000000e+00		0.0000000e+00		0.0000000e+00		0.0000000e+00		0.0000000e+00
1.4300000e+02		1.4400000e+02		1.4350000e+02		6.9165895e-02		0.0000000e+00		0.0000000e+00		0.0000000e+00		0.0000000e+00		0.0000000e+00
1.4400000e+02		1.4500000e+02		1.4450000e+02		6.6149126e-02		0.0000000e+00		0.0000000e+00		0.0000000e+00		0.0000000e+00		0.0000000e+00
1.4500000e+02		1.4600000e+02		1.4550000e+02		7.0536262e-02		0.0000000e+00		0.0000000e+00		0.0000000e+00		0.0000000e+00		0.0000000e+00
1.4600000e+02		1.4700000e+02		1.4650000e+02		8.6012655e-02		0.0000000e+00		0.0000000e+00		0.0000000e+00		0.0000000e+00		0.0000000e+00
1.4700000e+02		1.4800000e+02		1.4750000e+02		1.0610345e-01		0.0000000e+00		0.0000000e+00		0.0000000e+00		0.0000000e+00		0.0000000e+00
1.4800000e+02		1.4900000e+02		1.4850000e+02		1.0405386e-01		0.0000000e+00		0.0000000e+00		0.0000000e+00		0.0000000e+00		0.0000000e+00
1.4900000e+02		1.5000000e+02		1.4950000e+02		9.4002421e-02		0.0000000e+00		0.0000000e+00		0.0000000e+00		0.0000000e+00		0.0000000e+00
1.5000000e+02		1.5100000e+02		1.5050000e+02		1.0343288e-01		0.0000000e+00		0.0000000e+00		0.0000000e+00		0.0000000e+00		0.0000000e+00
1.5100000e+02		1.5200000e+02		1.5150000e+02		1.0875212e-01		0.0000000e+00		0.0000000e+00		0.0000000e+00		0.0000000e+00		0.0000000e+00
1.5200000e+02		1.5300000e+02		1.5250000e+02		1.3876638e-01		0.0000000e+00		0.0000000e+00		0.0000000e+00		0.0000000e+00		0.0000000e+00
1.5300000e+02		1.5400000e+02		1.5350000e+02		1.5371418e-01		0.0000000e+00		0.0000000e+00		0.0000000e+00		0.0000000e+00		0.0000000e+00
1.5400000e+02		1.5500000e+02		1.5450000e+02		4.1112511e-01		0.0000000e+00		0.0000000e+00		0.0000000e+00		0.0000000e+00		0.0000000e+00
1.5500000e+02		1.5600000e+02		1.5550000e+02		3.3836363e-01		0.0000000e+00		0.0000000e+00		0.0000000e+00		0.0000000e+00		0.0000000e+00
1.5600000e+02		1.5700000e+02		1.5650000e+02		2.0084632e-01		0.0000000e+00		0.0000000e+00		0.0000000e+00		0.0000000e+00		0.0000000e+00
1.5700000e+02		1.5800000e+02		1.5750000e+02		1.8216796e-01		0.0000000e+00		0.0000000e+00		0.0000000e+00		0.0000000e+00		0.0000000e+00
1.5800000e+02		1.5900000e+02		1.5850000e+02		1.6795176e-01		0.0000000e+00		0.0000000e+00		0.0000000e+00		0.0000000e+00		0.0000000e+00
1.5900000e+02		1.6000000e+02		1.5950000e+02		1.6379377e-01		0.0000000e+00		0.0000000e+00		0.0000000e+00		0.0000000e+00		0.0000000e+00
1.6000000e+02		1.6100000e+02		1.6050000e+02		1.7926410e-01		0.0000000e+00		0.0000000e+00		0.0000000e+00		0.0000000e+00		0.0000000e+00
1.6100000e+02		1.6200000e+02		1.6150000e+02		2.0306941e-01		0.0000000e+00		0.0000000e+00		0.0000000e+00		0.0000000e+00		0.0000000e+00
1.6200000e+02		1.6300000e+02		1.6250000e+02		2.2492895e-01		0.0000000e+00		0.0000000e+00		0.0000000e+00		0.0000000e+00		0.0000000e+00
1.6300000e+02		1.6400000e+02		1.6350000e+02		4.7671727e-01		0.0000000e+00		0.0000000e+00		0.0000000e+00		0.0000000e+00		0.0000000e+00
1.6400000e+02		1.6500000e+02		1.6450000e+02		4.8753270e-01		0.0000000e+00		0.0000000e+00		0.0000000e+00		0.0000000e+00		0.0000000e+00
1.6500000e+02		1.6600000e+02		1.6550000e+02		5.7072689e-01		0.0000000e+00		0.0000000e+00		0.0000000e+00		0.0000000e+00		0.0000000e+00
1.6600000e+02		1.6700000e+02		1.6650000e+02		2.6919628e-01		0.0000000e+00		0.0000000e+00		0.0000000e+00		0.0000000e+00		0.0000000e+00
1.6700000e+02		1.6800000e+02		1.6750000e+02		2.8728373e-01		0.0000000e+00		0.0000000e+00		0.0000000e+00		0.0000000e+00		0.0000000e+00
1.6800000e+02		1.6900000e+02		1.6850000e+02		3.0958866e-01		0.0000000e+00		0.0000000e+00		0.0000000e+00		0.0000000e+00		0.0000000e+00
1.6900000e+02		1.7000000e+02		1.6950000e+02		3.8988989e-01		0.0000000e+00		0.0000000e+00		0.0000000e+00		0.0000000e+00		0.0000000e+00
1.7000000e+02		1.7100000e+02		1.7050000e+02		4.3752516e-01		0.0000000e+00		0.0000000e+00		0.0000000e+00		0.0000000e+00		0.0000000e+00
1.7100000e+02		1.7200000e+02		1.7150000e+02		4.3618394e-01		0.0000000e+00		0.0000000e+00		0.0000000e+00		0.0000000e+00		0.0000000e+00
1.7200000e+02		1.7300000e+02		1.7250000e+02		4.5514763e-01		0.0000000e+00		0.0000000e+00		0.0000000e+00		0.0000000e+00		0.0000000e+00
1.7300000e+02		1.7400000e+02		1.7350000e+02		4.5120572e-01		0.0000000e+00		0.0000000e+00		0.0000000e+00		0.0000000e+00		0.0000000e+00
1.7400000e+02		1.7500000e+02		1.7450000e+02		5.3951828e-01		0.0000000e+00		0.0000000e+00		0.0000000e+00		0.0000000e+00		0.0000000e+00
1.7500000e+02		1.7600000e+02		1.7550000e+02		6.4389120e-01		0.0000000e+00		0.0000000e+00		0.0000000e+00		0.0000000e+00		0.0000000e+00
1.7600000e+02		1.7700000e+02		1.7650000e+02		6.9472845e-01		0.0000000e+00		0.0000000e+00		0.0000000e+00		0.0000000e+00		0.0000000e+00
1.7700000e+02		1.7800000e+02		1.7750000e+02		8.1849614e-01		0.0000000e+00		0.0000000e+00		0.0000000e+00		0.0000000e+00		0.0000000e+00
1.7800000e+02		1.7900000e+02		1.7850000e+02		8.9455089e-01		0.0000000e+00		0.0000000e+00		0.0000000e+00		0.0000000e+00		0.0000000e+00
1.7900000e+02		1.8000000e+02		1.7950000e+02		8.6966614e-01		0.0000000e+00		0.0000000e+00		0.0000000e+00		0.0000000e+00		0.0000000e+00
1.8000000e+02		1.8100000e+02		1.8050000e+02		1.0753674e+00		0.0000000e+00		0.0000000e+00		0.0000000e+00		0.0000000e+00		0.0000000e+00
1.8100000e+02		1.8200000e+02		1.8150000e+02		1.3093431e+00		0.0000000e+00		0.0000000e+00		0.0000000e+00		0.0000000e+00		0.0000000e+00
1.8200000e+02		1.8300000e+02		1.8250000e+02		1.2087370e+00		0.0000000e+00		0.0000000e+00		0.0000000e+00		0.0000000e+00		0.0000000e+00
1.8300000e+02		1.8400000e+02		1.8350000e+02		1.2728289e+00		0.0000000e+00		0.0000000e+00		0.0000000e+00		0.0000000e+00		0.0000000e+00
1.8400000e+02		1.8500000e+02		1.8450000e+02		1.0940339e+00		0.0000000e+00		0.0000000e+00		0.0000000e+00		0.0000000e+00		0.0000000e+00
1.8500000e+02		1.8600000e+02		1.8550000e+02		1.2372281e+00		0.0000000e+00		0.0000000e+00		0.0000000e+00		0.0000000e+00		0.0000000e+00
1.8600000e+02		1.8700000e+02		1.8650000e+02		1.4037992e+00		0.0000000e+00		0.0000000e+00		0.0000000e+00		0.0000000e+00		0.0000000e+00
1.8700000e+02		1.8800000e+02		1.8750000e+02		1.5907538e+00		0.0000000e+00		0.0000000e+00		0.0000000e+00		0.0000000e+00		0.0000000e+00
1.8800000e+02		1.8900000e+02		1.8850000e+02		1.6735993e+00		9.9546307e-206		0.0000000e+00		9.9638317e-206		2.1769645e-208		9.9420620e-206
1.8900000e+02		1.9000000e+02		1.8950000e+02		1.8559600e+00		5.1410257e-136		0.0000000e+00		5.1480502e-136		1.6620200e-138		5.1314300e-136
1.9000000e+02		1.9100000e+02		1.9050000e+02		1.9109940e+00		2.2452788e-87		5.1617836e-84		2.2499525e-87		1.1058284e-89		2.2388943e-87
1.9100000e+02		1.9200000e+02		1.9150000e+02		2.0707336e+00		2.0894894e-60		4.5494695e-58		2.0956485e-60		1.4572473e-62		2.0810760e-60
1.9200000e+02		1.9300000e+02		1.9250000e+02		2.1685186e+00		7.2679384e-42		3.1316078e-40		7.2982437e-42		7.1703068e-44		7.2265406e-42
1.9300000e+02		1.9400000e+02		1.9350000e+02		1.6554009e+00		3.7783840e-30		5.7883818e-29		3.7999528e-30		5.1032449e-32		3.7489204e-30
1.9400000e+02		1.9500000e+02		1.9450000e+02		2.6556632e+00		1.8343262e-23		1.5961393e-22		1.8474385e-23		3.1024104e-25		1.8164144e-23
1.9500000e+02		1.9600000e+02		1.9550000e+02		2.5630279e+00		2.0070149e-18		1.1243993e-17		2.0249815e-18		4.2509306e-20		1.9824722e-18
1.9600000e+02		1.9700000e+02		1.9650000e+02		2.8204934e+00		9.5028847e-16		4.2344235e-15		9.6002939e-16		2.3047287e-17		9.3698211e-16
1.9700000e+02		1.9800000e+02		1.9750000e+02		2.8068384e+00		8.7178187e-14		3.2760855e-13		8.8179830e-14		2.3699140e-15		8.5809916e-14
1.9800000e+02		1.9900000e+02		1.9850000e+02		2.7505577e+00		4.9574814e-07		1.0501271e-06		5.0704552e-07		2.6729881e-08		4.8031564e-07
1.9900000e+02		2.0000000e+02		1.9950000e+02		2.8965557e+00		4.5831460e-01		6.9859872e-01		5.2425390e-01		1.5601407e-01		3.6823984e-01
2.0000000e+02		2.0100000e+02		2.0050000e+02		3.0623388e+00		9.3591204e-01		1.4360374e+00		1.0965457e+00		3.8006343e-01		7.1648231e-01
2.0100000e+02		2.0200000e+02		2.0150000e+02		3.2593670e+00		2.1313550e+00		3.3390384e+00		2.6025031e+00		1.1147483e+00		1.4877548e+00
2.0200000e+02		2.0300000e+02		2.0250000e+02		3.2217937e+00		2.2781891e+00		3.5687463e+00		2.7873861e+00		1.2047731e+00		1.5826130e+00
2.0300000e+02		2.0400000e+02		2.0350000e+02		3.4484145e+00		2.7327901e+00		4.2897456e+00		3.3609617e+00		1.4862701e+00		1.8746917e+00
2.0400000e+02		2.0500000e+02		2.0450000e+02		3.7117169e+00		3.0683875e+00		4.8095827e+00		3.7723864e+00		1.6656792e+00		2.1067072e+00
2.0500000e+02		2.0600000e+02		2.0550000e+02		3.7200399e+00		3.0874264e+00		4.8226193e+00		3.7826458e+00		1.6449068e+00		2.1377390e+00
2.0600000e+02		2.0700000e+02		2.0650000e+02		3.7247532e+00		3.1032501e+00		4.8308284e+00		3.7890879e+00		1.6227095e+00		2.1663783e+00
2.0700000e+02		2.0800000e+02		2.0750000e+02		4.0454145e+00		3.3830659e+00		5.2488305e+00		4.1169219e+00		1.7363220e+00		2.3805999e+00
2.0800000e+02		2.0900000e+02		2.0850000e+02		4.3759554e+00		3.6728871e+00		5.6798285e+00		4.4549125e+00		1.8502919e+00		2.6046205e+00
2.0900000e+02		2.1000000e+02		2.0950000e+02		5.6528678e+00		4.7615799e+00		7.3397635e+00		5.7567444e+00		2.3545847e+00		3.4021598e+00
2.1000000e+02		2.1100000e+02		2.1050000e+02		6.9678423e+00		5.8896510e+00		9.0500545e+00		7.0979716e+00		2.8589172e+00		4.2390544e+00
2.1100000e+02		2.1200000e+02		2.1150000e+02		7.9326445e+00		6.7279198e+00		1.0306231e+01		8.0829249e+00		3.2059765e+00		4.8769484e+00
2.1200000e+02		2.1300000e+02		2.1250000e+02		7.0734222e+00		6.0190452e+00		9.1924317e+00		7.2091206e+00		2.8157486e+00		4.3933719e+00
2.1300000e+02		2.1400000e+02		2.1350000e+02		7.2066449e+00		6.1522083e+00		9.3679249e+00		7.3464283e+00		2.8255549e+00		4.5208735e+00
2.1400000e+02		2.1500000e+02		2.1450000e+02		9.2279181e+00		7.9025495e+00		1.1998156e+01		9.4086261e+00		3.5634157e+00		5.8452105e+00
2.1500000e+02		2.1600000e+02		2.1550000e+02		7.9257408e+00		6.8082518e+00		1.0307246e+01		8.0822316e+00		3.0142686e+00		5.0679630e+00
2.1600000e+02		2.1700000e+02		2.1650000e+02		7.3353469e+00		6.3199883e+00		9.5412974e+00		7.4811993e+00		2.7474549e+00		4.7337444e+00
2.1700000e+02		2.1800000e+02		2.1750000e+02		7.5953881e+00		6.5631751e+00		9.8812800e+00		7.7473016e+00		2.8016735e+00		4.9456282e+00
2.1800000e+02		2.1900000e+02		2.1850000e+02		1.0217230e+01		8.8539083e+00		1.3294308e+01		1.0422572e+01		3.7114990e+00		6.7110733e+00
2.1900000e+02		2.2000000e+02		2.1950000e+02		1.0786519e+01		9.3732732e+00		1.4037071e+01		1.1004141e+01		3.8586758e+00		7.1454657e+00
2.2000000e+02		2.2100000e+02		2.2050000e+02		1.0851638e+01		9.4554997e+00		1.4123645e+01		1.1071223e+01		3.8228422e+00		7.2483808e+00
2.2100000e+02		2.2200000e+02		2.2150000e+02		8.6872371e+00		7.5896547e+00		1.1307939e+01		8.8633976e+00		3.0137082e+00		5.8496894e+00
2.2200000e+02		2.2300000e+02		2.2250000e+02		1.1691346e+01		1.0240678e+01		1.5219872e+01		1.1928740e+01		3.9939983e+00		7.9347420e+00
2.2300000e+02		2.2400000e+02		2.2350000e+02		1.5139682e+01		1.3294692e+01		1.9710725e+01		1.5447280e+01		5.0930782e+00		1.0354202e+01
2.2400000e+02		2.2500000e+02		2.2450000e+02		1.4154944e+01		1.2460664e+01		1.8430130e+01		1.4442510e+01		4.6890977e+00		9.7534123e+00
2.2500000e+02		2.2600000e+02		2.2550000e+02		1.2365614e+01		1.0911769e+01		1.6101473e+01		1.2616646e+01		4.0337835e+00		8.5828626e+00
2.2600000e+02		2.2700000e+02		2.2650000e+02		9.0577089e+00		8.0116107e+00		1.1794880e+01		9.2413434e+00		2.9095788e+00		6.3317647e+00
2.2700000e+02		2.2800000e+02		2.2750000e+02		8.8108381e+00		7.8111861e+00		1.1473964e+01		8.9891294e+00		2.7870436e+00		6.2020858e+00
2.2800000e+02		2.2900000e+02		2.2850000e+02		1.2275156e+01		1.0906916e+01		1.5986023e+01		1.2522947e+01		3.8235701e+00		8.6993771e+00
2.2900000e+02		2.3000000e+02		2.2950000e+02		1.1031259e+01		9.8231952e+00		1.4366534e+01		1.1253290e+01		3.3836396e+00		7.8696500e+00
2.3000000e+02		2.3100000e+02		2.3050000e+02		1.2510180e+01		1.1164059e+01		1.6292979e+01		1.2761123e+01		3.7786940e+00		8.9824294e+00
2.3100000e+02		2.3200000e+02		2.3150000e+02		1.1791833e+01		1.0545071e+01		1.5357660e+01		1.2027460e+01		3.5073701e+00		8.5200900e+00
2.3200000e+02		2.3300000e+02		2.3250000e+02		1.2664003e+01		1.1348230e+01		1.6493715e+01		1.2915982e+01		3.7093427e+00		9.2066396e+00
2.3300000e+02		2.3400000e+02		2.3350000e+02		1.1428554e+01		1.0261649e+01		1.4884685e+01		1.1654895e+01		3.2964549e+00		8.3584404e+00
2.3400000e+02		2.3500000e+02		2.3450000e+02		9.9864853e+00		8.9843723e+00		1.3006463e+01		1.0183275e+01		2.8366336e+00		7.3466411e+00
2.3500000e+02		2.3600000e+02		2.3550000e+02		1.3443360e+01		1.2117499e+01		1.7508546e+01		1.3706848e+01		3.7604389e+00		9.9464087e+00
2.3600000e+02		2.3700000e+02		2.3650000e+02		1.2448020e+01		1.1241311e+01		1.6211973e+01		1.2690609e+01		3.4290758e+00		9.2615333e+00
2.3700000e+02		2.3800000e+02		2.3750000e+02		1.3294723e+01		1.2027889e+01		1.7314344e+01		1.3552255e+01		3.6066892e+00		9.9455663e+00
2.3800000e+02		2.3900000e+02		2.3850000e+02		1.1021422e+01		9.9890362e+00		1.4353357e+01		1.1233572e+01		2.9446025e+00		8.2889692e+00
2.3900000e+02		2.4000000e+02		2.3950000e+02		1.2008577e+01		1.0902753e+01		1.5638481e+01		1.2238205e+01		3.1597137e+00		9.0784917e+00
2.4000000e+02		2.4100000e+02		2.4050000e+02		1.1032163e+01		1.0033380e+01		1.4366437e+01		1.1241674e+01		2.8588539e+00		8.3828204e+00
2.4100000e+02		2.4200000e+02		2.4150000e+02		1.2918879e+01		1.1768935e+01		1.6822749e+01		1.3162477e+01		3.2971572e+00		9.8653200e+00
2.4200000e+02		2.4300000e+02		2.4250000e+02		1.7782729e+01		1.6226341e+01		2.3155424e+01		1.8115577e+01		4.4699804e+00		1.3645596e+01
2.4300000e+02		2.4400000e+02		2.4350000e+02		1.6701989e+01		1.5264578e+01		2.1747195e+01		1.7012241e+01		4.1350146e+00		1.2877226e+01
2.4400000e+02		2.4500000e+02		2.4450000e+02		1.5641720e+01		1.4317939e+01		2.0365682e+01		1.5930014e+01		3.8142105e+00		1.2115803e+01
2.4500000e+02		2.4600000e+02		2.4550000e+02		1.2691134e+01		1.1634860e+01		1.6523157e+01		1.2923176e+01		3.0481889e+00		9.8749872e+00
2.4600000e+02		2.4700000e+02		2.4650000e+02		1.2350906e+01		1.1339920e+01		1.6079348e+01		1.2574879e+01		2.9219444e+00		9.6529348e+00
2.4700000e+02		2.4800000e+02		2.4750000e+02		1.3639226e+01		1.2541152e+01		1.7755597e+01		1.3884492e+01		3.1783758e+00		1.0706116e+01
2.4800000e+02		2.4900000e+02		2.4850000e+02		1.0938846e+01		1.0072614e+01		1.4239411e+01		1.1133872e+01		2.5109638e+00		8.6229083e+00
2.4900000e+02		2.5000000e+02		2.4950000e+02		1.3333262e+01		1.2294669e+01		1.7355255e+01		1.3568907e+01		3.0148806e+00		1.0554027e+01
2.5000000e+02		2.5100000e+02		2.5050000e+02		1.4401571e+01		1.3298025e+01		1.8744666e+01		1.4653841e+01		3.2078937e+00		1.1445947e+01
2.5100000e+02		2.5200000e+02		2.5150000e+02		1.2007424e+01		1.1102261e+01		1.5627523e+01		1.2215860e+01		2.6348037e+00		9.5810559e+00
2.5200000e+02		2.5300000e+02		2.5250000e+02		1.0794009e+01		9.9934715e+00		1.4047365e+01		1.0979665e+01		2.3333596e+00		8.6463057e+00
2.5300000e+02		2.5400000e+02		2.5350000e+02		1.3602371e+01		1.2609803e+01		1.7701003e+01		1.3834157e+01		2.8968527e+00		1.0937304e+01
2.5400000e+02		2.5500000e+02		2.5450000e+02		1.5384114e+01		1.4279553e+01		2.0018260e+01		1.5643792e+01		3.2278241e+00		1.2415968e+01
2.5500000e+02		2.5600000e+02		2.5550000e+02		2.0992062e+01		1.9508967e+01		2.7313603e+01		2.1343019e+01		4.3394125e+00		1.7003606e+01
2.5600000e+02		2.5700000e+02		2.5650000e+02		2.7040612e+01		2.5160640e+01		3.5181148e+01		2.7488326e+01		5.5073658e+00		2.1980961e+01
2.5700000e+02		2.5800000e+02		2.5750000e+02		3.3946512e+01		3.1623904e+01		4.4162925e+01		3.4503079e+01		6.8122009e+00		2.7690878e+01
2.5800000e+02		2.5900000e+02		2.5850000e+02		3.5732434e+01		3.3326334e+01		4.6482993e+01		3.6312500e+01		7.0653434e+00		2.9247156e+01
2.5900000e+02		2.6000000e+02		2.5950000e+02		3.0409976e+01		2.8394573e+01		3.9556335e+01		3.0898718e+01		5.9248702e+00		2.4973848e+01
2.6000000e+02		2.6100000e+02		2.6050000e+02		2.4915606e+01		2.3290295e+01		3.2407059e+01		2.5312014e+01		4.7834381e+00		2.0528576e+01
2.6100000e+02		2.6200000e+02		2.6150000e+02		2.5442742e+01		2.3809043e+01		3.3090249e+01		2.5843428e+01		4.8134070e+00		2.1030021e+01
2.6200000e+02		2.6300000e+02		2.6250000e+02		3.0366547e+01		2.8447122e+01		3.9491104e+01		3.0839881e+01		5.6613271e+00		2.5178553e+01
2.6300000e+02		2.6400000e+02		2.6350000e+02		4.5700096e+01		4.2856393e+01		5.9427648e+01		4.6405091e+01		8.3963093e+00		3.8008781e+01
2.6400000e+02		2.6500000e+02		2.6450000e+02		7.1249372e+01		6.6884579e+01		9.2644553e+01		7.2337082e+01		1.2900760e+01		5.9436322e+01
2.6500000e+02		2.6600000e+02		2.6550000e+02		7.4731454e+01		7.0224063e+01		9.7164940e+01		7.5860386e+01		1.3335683e+01		6.2524703e+01
2.6600000e+02		2.6700000e+02		2.6650000e+02		7.2446611e+01		6.8144290e+01		9.4187106e+01		7.3529502e+01		1.2741547e+01		6.0787954e+01
2.6700000e+02		2.6800000e+02		2.6750000e+02		7.2937204e+01		6.8672191e+01		9.4817751e+01		7.4015877e+01		1.2643296e+01		6.1372581e+01
2.6800000e+02		2.6900000e+02		2.6850000e+02		7.2239021e+01		6.8079406e+01		9.3903012e+01		7.3295984e+01		1.2342556e+01		6.0953428e+01
2.6900000e+02		2.7000000e+02		2.6950000e+02		6.7758000e+01		6.3915842e+01		8.8071495e+01		6.8738778e+01		1.1411189e+01		5.7327588e+01
2.7000000e+02		2.7100000e+02		2.7050000e+02		7.8281462e+01		7.3909964e+01		1.0174214e+02		7.9402363e+01		1.2995156e+01		6.6407207e+01
2.7100000e+02		2.7200000e+02		2.7150000e+02		6.5051220e+01		6.1473497e+01		8.4540445e+01		6.5972601e+01		1.0644995e+01		5.5327607e+01
2.7200000e+02		2.7300000e+02		2.7250000e+02		5.2331568e+01		4.9496798e+01		6.8004875e+01		5.3064734e+01		8.4418279e+00		4.4622906e+01
2.7300000e+02		2.7400000e+02		2.7350000e+02		5.5800645e+01		5.2823368e+01		7.2507479e+01		5.6573881e+01		8.8738095e+00		4.7700072e+01
2.7400000e+02		2.7500000e+02		2.7450000e+02		3.8398649e+01		3.6380540e+01		4.9891540e+01		3.8924914e+01		6.0200543e+00		3.2904860e+01
2.7500000e+02		2.7600000e+02		2.7550000e+02		5.1208696e+01		4.8557488e+01		6.6530710e+01		5.1902810e+01		7.9151159e+00		4.3987694e+01
2.7600000e+02		2.7700000e+02		2.7650000e+02		7.1318275e+01		6.7680843e+01		9.2650307e+01		7.2274300e+01		1.0868236e+01		6.1406064e+01
2.7700000e+02		2.7800000e+02		2.7750000e+02		6.8188493e+01		6.4762222e+01		8.8577793e+01		6.9092445e+01		1.0245417e+01		5.8847028e+01
2.7800000e+02		2.7900000e+02		2.7850000e+02		4.7024496e+01		4.4696546e+01		6.1080950e+01		4.7640963e+01		6.9665642e+00		4.0674398e+01
2.7900000e+02		2.8000000e+02		2.7950000e+02		2.6422560e+01		2.5133760e+01		3.4318204e+01		2.6765089e+01		3.8597670e+00		2.2905322e+01
2.8000000e+02		2.8100000e+02		2.8050000e+02		2.8982131e+01		2.7589217e+01		3.7639875e+01		2.9353648e+01		4.1746874e+00		2.5178960e+01
2.8100000e+02		2.8200000e+02		2.8150000e+02		6.0033324e+01		5.7190227e+01		7.7961218e+01		6.0794269e+01		8.5272557e+00		5.2267013e+01
2.8200000e+02		2.8300000e+02		2.8250000e+02		8.1733762e+01		7.7919346e+01		1.0613443e+02		8.2758150e+01		1.1448734e+01		7.1309416e+01
2.8300000e+02		2.8400000e+02		2.8350000e+02		8.4433091e+01		8.0549903e+01		1.0963172e+02		8.5479418e+01		1.1663358e+01		7.3816060e+01
2.8400000e+02		2.8500000e+02		2.8450000e+02		6.2255376e+01		5.9433594e+01		8.0829400e+01		6.3018182e+01		8.4812250e+00		5.4536957e+01
2.8500000e+02		2.8600000e+02		2.8550000e+02		4.0018063e+01		3.8230362e+01		5.1953849e+01		4.0502868e+01		5.3768077e+00		3.5126060e+01
2.8600000e+02		2.8700000e+02		2.8650000e+02		8.2001717e+01		7.8391147e+01		1.0645204e+02		8.2983916e+01		1.0866608e+01		7.2117308e+01
2.8700000e+02		2.8800000e+02		2.8750000e+02		9.5189148e+01		9.1057955e+01		1.2356290e+02		9.6316404e+01		1.2441624e+01		8.3874780e+01
2.8800000e+02		2.8900000e+02		2.8850000e+02		9.0460934e+01		8.6590982e+01		1.1741716e+02		9.1520061e+01		1.1662327e+01		7.9857735e+01
2.8900000e+02		2.9000000e+02		2.8950000e+02		1.3728321e+02		1.3149373e+02		1.7817961e+02		1.3887231e+02		1.7457900e+01		1.2141441e+02
2.9000000e+02		2.9100000e+02		2.9050000e+02		1.8023325e+02		1.7274025e+02		2.3390840e+02		1.8229582e+02		2.2608716e+01		1.5968710e+02
2.9100000e+02		2.9200000e+02		2.9150000e+02		1.7359450e+02		1.6647948e+02		2.2527730e+02		1.7555852e+02		2.1481237e+01		1.5407728e+02
2.9200000e+02		2.9300000e+02		2.9250000e+02		1.5421676e+02		1.4798498e+02		2.0011694e+02		1.5594169e+02		1.8825790e+01		1.3711590e+02
2.9300000e+02		2.9400000e+02		2.9350000e+02		1.6099986e+02		1.5458529e+02		2.0890500e+02		1.6278016e+02		1.9389266e+01		1.4339090e+02
2.9400000e+02		2.9500000e+02		2.9450000e+02		1.4991794e+02		1.4402846e+02		1.9451284e+02		1.5155682e+02		1.7812286e+01		1.3374453e+02
2.9500000e+02		2.9600000e+02		2.9550000e+02		1.6232431e+02		1.5603636e+02		2.1059584e+02		1.6407859e+02		1.9028114e+01		1.4505047e+02
2.9600000e+02		2.9700000e+02		2.9650000e+02		1.4851381e+02		1.4284079e+02		1.9266592e+02		1.5010053e+02		1.7176753e+01		1.3292378e+02
2.9700000e+02		2.9800000e+02		2.9750000e+02		1.5140866e+02		1.4570516e+02		1.9640877e+02		1.5300786e+02		1.7278374e+01		1.3572949e+02
2.9800000e+02		2.9900000e+02		2.9850000e+02		1.3012850e+02		1.2529429e+02		1.6879320e+02		1.3148726e+02		1.4652726e+01		1.1683453e+02
2.9900000e+02		3.0000000e+02		2.9950000e+02		1.4682541e+02		1.4144597e+02		1.9043921e+02		1.4834102e+02		1.6313867e+01		1.3202715e+02
3.0000000e+02		3.0100000e+02		3.0050000e+02		1.1681452e+02		1.1259332e+02		1.5150427e+02		1.1800658e+02		1.2807904e+01		1.0519868e+02
3.0100000e+02		3.0200000e+02		3.0150000e+02		1.3434477e+02		1.2955646e+02		1.7422961e+02		1.3570008e+02		1.4535949e+01		1.2116413e+02
3.0200000e+02		3.0300000e+02		3.0250000e+02		1.4142283e+02		1.3645092e+02		1.8339781e+02		1.4283326e+02		1.5100779e+01		1.2773248e+02
3.0300000e+02		3.0400000e+02		3.0350000e+02		1.8342160e+02		1.7706074e+02		2.3784760e+02		1.8523002e+02		1.9328728e+01		1.6590129e+02
3.0400000e+02		3.0500000e+02		3.0450000e+02		1.7556728e+02		1.6956121e+02		2.2764905e+02		1.7727852e+02		1.8259341e+01		1.5901918e+02
3.0500000e+02		3.0600000e+02		3.0550000e+02		1.7728071e+02		1.7129785e+02		2.2985713e+02		1.7898894e+02		1.8197320e+01		1.6079162e+02
3.0600000e+02		3.0700000e+02		3.0650000e+02		1.6814926e+02		1.6255088e+02		2.1800475e+02		1.6975103e+02		1.7035742e+01		1.5271529e+02
3.0700000e+02		3.0800000e+02		3.0750000e+02		1.8878816e+02		1.8258688e+02		2.4474876e+02		1.9056604e+02		1.8878899e+01		1.7168714e+02
3.0800000e+02		3.0900000e+02		3.0850000e+02		1.8529086e+02		1.7928578e+02		2.4020098e+02		1.8701593e+02		1.8289732e+01		1.6872620e+02
3.0900000e+02		3.1000000e+02		3.0950000e+02		1.5026991e+02		1.4546469e+02		1.9479065e+02		1.5165301e+02		1.4641731e+01		1.3701128e+02
3.1000000e+02		3.1100000e+02		3.1050000e+02		1.8913229e+02		1.8316464e+02		2.4515306e+02		1.9085328e+02		1.8191506e+01		1.7266177e+02
3.1100000e+02		3.1200000e+02		3.1150000e+02		2.2495083e+02		2.1794693e+02		2.9156479e+02		2.2697447e+02		2.1359383e+01		2.0561509e+02
3.1200000e+02		3.1300000e+02		3.1250000e+02		2.0030306e+02		1.9414884e+02		2.5960386e+02		2.0208450e+02		1.8775966e+01		1.8330853e+02
3.1300000e+02		3.1400000e+02		3.1350000e+02		2.1331645e+02		2.0684858e+02		2.7645488e+02		2.1519208e+02		1.9740953e+01		1.9545113e+02
3.1400000e+02		3.1500000e+02		3.1450000e+02		2.0119548e+02		1.9517508e+02		2.6073225e+02		2.0294447e+02		1.8382580e+01		1.8456189e+02
3.1500000e+02		3.1600000e+02		3.1550000e+02		1.9522773e+02		1.8946222e+02		2.5298508e+02		1.9690560e+02		1.7611225e+01		1.7929438e+02
3.1600000e+02		3.1700000e+02		3.1650000e+02		1.9043254e+02		1.8488189e+02		2.4675826e+02		1.9205067e+02		1.6961505e+01		1.7508916e+02
3.1700000e+02		3.1800000e+02		3.1750000e+02		2.4155434e+02		2.3460502e+02		3.1298446e+02		2.4358363e+02		2.1243619e+01		2.2234001e+02
3.1800000e+02		3.1900000e+02		3.1850000e+02		1.9952276e+02		1.9385694e+02		2.5851040e+02		2.0117999e+02		1.7326538e+01		1.8385346e+02
3.1900000e+02		3.2000000e+02		3.1950000e+02		2.1430874e+02		2.0830155e+02		2.7765364e+02		2.1606869e+02		1.8377233e+01		1.9769145e+02
3.2000000e+02		3.2100000e+02		3.2050000e+02		2.4621307e+02		2.3940034e+02		3.1897213e+02		2.4821221e+02		2.0849102e+01		2.2736311e+02
3.2100000e+02		3.2200000e+02		3.2150000e+02		2.0677326e+02		2.0112518e+02		2.6786404e+02		2.0843325e+02		1.7291066e+01		1.9114218e+02
3.2200000e+02		3.2300000e+02		3.2250000e+02		2.0765168e+02		2.0205210e+02		2.6898876e+02		2.0929996e+02		1.7148614e+01		1.9215134e+02
3.2300000e+02		3.2400000e+02		3.2350000e+02		2.0066974e+02		1.9532738e+02		2.5993184e+02		2.0224469e+02		1.6366532e+01		1.8587815e+02
3.2400000e+02		3.2500000e+02		3.2450000e+02		2.3629853e+02		2.3008753e+02		3.0606788e+02		2.3813228e+02		1.9034083e+01		2.1909820e+02
3.2500000e+02		3.2600000e+02		3.2550000e+02		2.7209498e+02		2.6503364e+02		3.5241683e+02		2.7418284e+02		2.1647240e+01		2.5253560e+02
3.2600000e+02		3.2700000e+02		3.2650000e+02		3.0699214e+02		2.9912572e+02		3.9759691e+02		3.0932139e+02		2.4123216e+01		2.8519817e+02
3.2700000e+02		3.2800000e+02		3.2750000e+02		2.9701525e+02		2.8950024e+02		3.8465763e+02		2.9924359e+02		2.3053000e+01		2.7619059e+02
3.2800000e+02		3.2900000e+02		3.2850000e+02		2.8673370e+02		2.7956984e+02		3.7132522e+02		2.8886087e+02		2.1982797e+01		2.6687807e+02
3.2900000e+02		3.3000000e+02		3.2950000e+02		3.3379807e+02		3.2556263e+02		4.3225483e+02		3.3624676e+02		2.5278906e+01		3.1096785e+02
3.3000000e+02		3.3100000e+02		3.3050000e+02		3.1443449e+02		3.0677351e+02		4.0716157e+02		3.1671543e+02		2.3522828e+01		2.9319260e+02
3.3100000e+02		3.3200000e+02		3.3150000e+02		3.0087994e+02		2.9364032e+02		3.8959254e+02		3.0303826e+02		2.2235766e+01		2.8080250e+02
3.3200000e+02		3.3300000e+02		3.3250000e+02		2.9519831e+02		2.8818342e+02		3.8221901e+02		2.9729235e+02		2.1551961e+01		2.7574039e+02
3.3300000e+02		3.3400000e+02		3.3350000e+02		2.8364288e+02		2.7698585e+02		3.6724133e+02		2.8563262e+02		2.0458482e+01		2.6517414e+02
3.3400000e+02		3.3500000e+02		3.3450000e+02		2.9883003e+02		2.9190295e+02		3.8688810e+02		3.0090309e+02		2.1294566e+01		2.7960852e+02
3.3500000e+02		3.3600000e+02		3.3550000e+02		2.9511053e+02		2.8835367e+02		3.8205645e+02		2.9713514e+02		2.0777185e+01		2.7635795e+02
3.3600000e+02		3.3700000e+02		3.3650000e+02		2.4313126e+02		2.3763266e+02		3.1474986e+02		2.4478084e+02		1.6912764e+01		2.2786808e+02
3.3700000e+02		3.3800000e+02		3.3750000e+02		2.5649874e+02		2.5076863e+02		3.3204130e+02		2.5821982e+02		1.7629708e+01		2.4059011e+02
3.3800000e+02		3.3900000e+02		3.3850000e+02		2.7748673e+02		2.7136319e+02		3.5919594e+02		2.7932814e+02		1.8845273e+01		2.6048286e+02
3.3900000e+02		3.4000000e+02		3.3950000e+02		2.9040264e+02		2.8407182e+02		3.7589999e+02		2.9230857e+02		1.9488360e+01		2.7282021e+02
3.4000000e+02		3.4100000e+02		3.4050000e+02		3.0654056e+02		2.9993876e+02		3.9677332e+02		3.0853032e+02		2.0327845e+01		2.8820248e+02
3.4100000e+02		3.4200000e+02		3.4150000e+02		2.7979685e+02		2.7384369e+02		3.6214317e+02		2.8159312e+02		1.8335340e+01		2.6325778e+02
3.4200000e+02		3.4300000e+02		3.4250000e+02		3.0344565e+02		2.9706695e+02		3.9273678e+02		3.0537242e+02		1.9650963e+01		2.8572146e+02
3.4300000e+02		3.4400000e+02		3.4350000e+02		2.9822260e+02		2.9202885e+02		3.8596203e+02		3.0009553e+02		1.9085969e+01		2.8100956e+02
3.4400000e+02		3.4500000e+02		3.4450000e+02		2.3986676e+02		2.3494454e+02		3.1042570e+02		2.4135677e+02		1.5171496e+01		2.2618527e+02
3.4500000e+02		3.4600000e+02		3.4550000e+02		2.8907088e+02		2.8320965e+02		3.7408968e+02		2.9084699e+02		1.8070127e+01		2.7277686e+02
3.4600000e+02		3.4700000e+02		3.4650000e+02		2.8069735e+02		2.7507354e+02		3.6323999e+02		2.8240327e+02		1.7342333e+01		2.6506094e+02
3.4700000e+02		3.4800000e+02		3.4750000e+02		2.7782009e+02		2.7231987e+02		3.5950353e+02		2.7949020e+02		1.6965198e+01		2.6252501e+02
3.4800000e+02		3.4900000e+02		3.4850000e+02		2.8744416e+02		2.8182063e+02		3.7194382e+02		2.8915342e+02		1.7349564e+01		2.7180385e+02
3.4900000e+02		3.5000000e+02		3.4950000e+02		2.7550877e+02		2.7018223e+02		3.5648711e+02		2.7712934e+02		1.6437053e+01		2.6069229e+02
3.5000000e+02		3.5100000e+02		3.5050000e+02		3.3002358e+02		3.2371801e+02		4.2701006e+02		3.3194386e+02		1.9462585e+01		3.1248128e+02
3.5100000e+02		3.5200000e+02		3.5150000e+02		3.0660572e+02		3.0081618e+02		3.9669644e+02		3.0837053e+02		1.7873778e+01		2.9049675e+02
3.5200000e+02		3.5300000e+02		3.5250000e+02		2.8324198e+02		2.7795606e+02		3.6645509e+02		2.8485477e+02		1.6322541e+01		2.6853223e+02
3.5300000e+02		3.5400000e+02		3.5350000e+02		3.2405327e+02		3.1807613e+02		4.1924204e+02		3.2587864e+02		1.8460949e+01		3.0741769e+02
3.5400000e+02		3.5500000e+02		3.5450000e+02		3.4586270e+02		3.3955734e+02		4.4744288e+02		3.4779005e+02		1.9478799e+01		3.2831125e+02
3.5500000e+02		3.5600000e+02		3.5550000e+02		3.2478382e+02		3.1893128e+02		4.2015921e+02		3.2657435e+02		1.8083688e+01		3.0849066e+02
3.5600000e+02		3.5700000e+02		3.5650000e+02		2.8234357e+02		2.7731452e+02		3.6524410e+02		2.8388351e+02		1.5542394e+01		2.6834111e+02
3.5700000e+02		3.5800000e+02		3.5750000e+02		2.4674321e+02		2.4239885e+02		3.1918060e+02		2.4807464e+02		1.3429067e+01		2.3464557e+02
3.5800000e+02		3.5900000e+02		3.5850000e+02		2.1181106e+02		2.0812454e+02		2.7398454e+02		2.1294184e+02		1.1397852e+01		2.0154399e+02
3.5900000e+02		3.6000000e+02		3.5950000e+02		3.0582840e+02		3.0056644e+02		3.9558658e+02		3.0744377e+02		1.6271930e+01		2.9117184e+02
3.6000000e+02		3.6100000e+02		3.6050000e+02		3.0178862e+02		2.9665542e+02		3.9034900e+02		3.0336576e+02		1.5876837e+01		2.8748892e+02
3.6100000e+02		3.6200000e+02		3.6150000e+02		2.8033735e+02		2.7562328e+02		3.6259167e+02		2.8178689e+02		1.4583272e+01		2.6720362e+02
3.6200000e+02		3.6300000e+02		3.6250000e+02		3.1645921e+02		3.1119810e+02		4.0929967e+02		3.1807826e+02		1.6278619e+01		3.0179964e+02
3.6300000e+02		3.6400000e+02		3.6350000e+02		3.0810145e+02		3.0303724e+02		3.9847801e+02		3.0966113e+02		1.5672282e+01		2.9398885e+02
3.6400000e+02		3.6500000e+02		3.6450000e+02		3.2221950e+02		3.1698299e+02		4.1672500e+02		3.2383350e+02		1.6208463e+01		3.0762503e+02
3.6500000e+02		3.6600000e+02		3.6550000e+02		3.6674574e+02		3.6085268e+02		4.7429669e+02		3.6856349e+02		1.8243970e+01		3.5031952e+02
3.6600000e+02		3.6700000e+02		3.6650000e+02		3.9198946e+02		3.8576144e+02		5.0692864e+02		3.9391197e+02		1.9284379e+01		3.7462759e+02
3.6700000e+02		3.6800000e+02		3.6750000e+02		3.7850004e+02		3.7255362e+02		4.8946986e+02		3.8033699e+02		1.8415640e+01		3.6192135e+02
3.6800000e+02		3.6900000e+02		3.6850000e+02		3.4895620e+02		3.4353509e+02		4.5125151e+02		3.5063209e+02		1.6791677e+01		3.3384042e+02
3.6900000e+02		3.7000000e+02		3.6950000e+02		3.8736224e+02		3.8141144e+02		5.0090217e+02		3.8920321e+02		1.8435512e+01		3.7076769e+02
3.7000000e+02		3.7100000e+02		3.7050000e+02		3.6351013e+02		3.5798772e+02		4.7004579e+02		3.6521978e+02		1.7111250e+01		3.4810853e+02
3.7100000e+02		3.7200000e+02		3.7150000e+02		3.7529261e+02		3.6965428e+02		4.8526820e+02		3.7703937e+02		1.7473301e+01		3.5956607e+02
3.7200000e+02		3.7300000e+02		3.7250000e+02		3.1177186e+02		3.0713954e+02		4.0312250e+02		3.1320794e+02		1.4358000e+01		2.9884994e+02
3.7300000e+02		3.7400000e+02		3.7350000e+02		2.7192112e+02		2.6792536e+02		3.5158595e+02		2.7316070e+02		1.2386951e+01		2.6077375e+02
3.7400000e+02		3.7500000e+02		3.7450000e+02		2.7832167e+02		2.7427674e+02		3.5985222e+02		2.7957734e+02		1.2541377e+01		2.6703597e+02
3.7500000e+02		3.7600000e+02		3.7550000e+02		3.1876744e+02		3.1418539e+02		4.1213532e+02		3.2019079e+02		1.4208922e+01		3.0598187e+02
3.7600000e+02		3.7700000e+02		3.7650000e+02		3.3048657e+02		3.2578791e+02		4.2727606e+02		3.3194709e+02		1.4572770e+01		3.1737432e+02
3.7700000e+02		3.7800000e+02		3.7750000e+02		3.8770864e+02		3.8225643e+02		5.0124403e+02		3.8940448e+02		1.6912469e+01		3.7249201e+02
3.7800000e+02		3.7900000e+02		3.7850000e+02		4.0380398e+02		3.9818706e+02		5.2203961e+02		4.0555215e+02		1.7425990e+01		3.8812616e+02
3.7900000e+02		3.8000000e+02		3.7950000e+02		3.2744385e+02		3.2293841e+02		4.2331041e+02		3.2884697e+02		1.3979803e+01		3.1486716e+02
3.8000000e+02		3.8100000e+02		3.8050000e+02		3.5656330e+02		3.5171015e+02		4.6094396e+02		3.5807563e+02		1.5060873e+01		3.4301475e+02
3.8100000e+02		3.8200000e+02		3.8150000e+02		3.2019140e+02		3.1588023e+02		4.1391452e+02		3.2153565e+02		1.3380870e+01		3.0815478e+02
3.8200000e+02		3.8300000e+02		3.8250000e+02		2.2964197e+02		2.2658319e+02		2.9685331e+02		2.3059628e+02		9.4950890e+00		2.2110120e+02
3.8300000e+02		3.8400000e+02		3.8350000e+02		2.0267593e+02		2.0000524e+02		2.6198870e+02		2.0350965e+02		8.2915329e+00		1.9521812e+02
3.8400000e+02		3.8500000e+02		3.8450000e+02		2.7111947e+02		2.6758504e+02		3.5045396e+02		2.7222347e+02		1.0974633e+01		2.6124884e+02
3.8500000e+02		3.8600000e+02		3.8550000e+02		2.8715912e+02		2.8345547e+02		3.7117856e+02		2.8831664e+02		1.1501652e+01		2.7681499e+02
3.8600000e+02		3.8700000e+02		3.8650000e+02		2.8837692e+02		2.8469707e+02		3.7274419e+02		2.8952765e+02		1.1429260e+01		2.7809839e+02
3.8700000e+02		3.8800000e+02		3.8750000e+02		2.8805300e+02		2.8441623e+02		3.7231713e+02		2.8919089e+02		1.1296961e+01		2.7789393e+02
3.8800000e+02		3.8900000e+02		3.8850000e+02		2.9209390e+02		2.8844508e+02		3.7753172e+02		2.9323618e+02		1.1335870e+01		2.8190031e+02
3.8900000e+02		3.9000000e+02		3.8950000e+02		3.5069332e+02		3.4635865e+02		4.5326159e+02		3.5205104e+02		1.3468353e+01		3.3858269e+02
3.9000000e+02		3.9100000e+02		3.9050000e+02		3.6838836e+02		3.6388283e+02		4.7612162e+02		3.6980035e+02		1.4000998e+01		3.5579935e+02
3.9100000e+02		3.9200000e+02		3.9150000e+02		3.9613874e+02		3.9134461e+02		5.1197647e+02		3.9764197e+02		1.4899713e+01		3.8274225e+02
3.9200000e+02		3.9300000e+02		3.9250000e+02		3.0403432e+02		3.0039332e+02		3.9293082e+02		3.0517657e+02		1.1317280e+01		2.9385929e+02
3.9300000e+02		3.9400000e+02		3.9350000e+02		1.8639471e+02		1.8418580e+02		2.4088955e+02		1.8708804e+02		6.8667807e+00		1.8022126e+02
3.9400000e+02		3.9500000e+02		3.9450000e+02		3.0813115e+02		3.0451755e+02		3.9820894e+02		3.0926595e+02		1.1234833e+01		2.9803112e+02
3.9500000e+02		3.9600000e+02		3.9550000e+02		3.7840801e+02		3.7401628e+02		4.8902024e+02		3.7978786e+02		1.3655699e+01		3.6613216e+02
3.9600000e+02		3.9700000e+02		3.9650000e+02		2.6140326e+02		2.5838733e+02		3.3778951e+02		2.6233319e+02		9.3359968e+00		2.5299719e+02
3.9700000e+02		3.9800000e+02		3.9750000e+02		2.9300657e+02		2.8965728e+02		3.7861574e+02		2.9403496e+02		1.0357698e+01		2.8367726e+02
3.9800000e+02		3.9900000e+02		3.9850000e+02		4.5124719e+02		4.4611239e+02		5.8304052e+02		4.5278490e+02		1.5787332e+01		4.3699757e+02
3.9900000e+02		4.0000000e+02		3.9950000e+02		4.9846141e+02		4.9281560e+02		6.4399114e+02		5.0011064e+02		1.7260244e+01		4.8285040e+02
4.0000000e+02		4.0100000e+02		4.0050000e+02		5.1407199e+02		5.0838350e+02		6.6424452e+02		5.1583261e+02		1.7624798e+01		4.9820782e+02
4.0100000e+02		4.0200000e+02		4.0150000e+02		5.3860814e+02		5.3273297e+02		6.9596638e+02		5.4045933e+02		1.8280775e+01		5.2217856e+02
4.0200000e+02		4.0300000e+02		4.0250000e+02		5.4526519e+02		5.3937800e+02		7.0455506e+02		5.4712101e+02		1.8320154e+01		5.2880086e+02
4.0300000e+02		4.0400000e+02		4.0350000e+02		5.2165796e+02		5.1608289e+02		6.7403883e+02		5.2341617e+02		1.7350726e+01		5.0606545e+02
4.0400000e+02		4.0500000e+02		4.0450000e+02		5.1300620e+02		5.0757917e+02		6.6284761e+02		5.1471848e+02		1.6891789e+01		4.9782669e+02
4.0500000e+02		4.0600000e+02		4.0550000e+02		5.1256585e+02		5.0719830e+02		6.6226659e+02		5.1426010e+02		1.6708392e+01		4.9755171e+02
4.0600000e+02		4.0700000e+02		4.0650000e+02		4.9035274e+02		4.8526959e+02		6.3355449e+02		4.9195791e+02		1.5824726e+01		4.7613318e+02
4.0700000e+02		4.0800000e+02		4.0750000e+02		4.9838294e+02		4.9326852e+02		6.4391836e+02		4.9999867e+02		1.5923701e+01		4.8407497e+02
4.0800000e+02		4.0900000e+02		4.0850000e+02		5.2990289e+02		5.2451957e+02		6.8463059e+02		5.3160428e+02		1.6762583e+01		5.1484169e+02
4.0900000e+02		4.1000000e+02		4.0950000e+02		5.2713439e+02		5.2183280e+02		6.8104187e+02		5.2881064e+02		1.6509745e+01		5.1230089e+02
4.1000000e+02		4.1100000e+02		4.1050000e+02		4.8293937e+02		4.7813076e+02		6.2393251e+02		4.8446037e+02		1.4976022e+01		4.6948435e+02
4.1100000e+02		4.1200000e+02		4.1150000e+02		5.5986852e+02		5.5434944e+02		7.2330869e+02		5.6161494e+02		1.7190368e+01		5.4442458e+02
4.1200000e+02		4.1300000e+02		4.1250000e+02		5.4940473e+02		5.4404260e+02		7.0977834e+02		5.5110216e+02		1.6703105e+01		5.3439906e+02
4.1300000e+02		4.1400000e+02		4.1350000e+02		5.2995399e+02		5.2483295e+02		6.8463848e+02		5.3157574e+02		1.5953611e+01		5.1562213e+02
4.1400000e+02		4.1500000e+02		4.1450000e+02		5.3771640e+02		5.3257171e+02		6.9465521e+02		5.3934627e+02		1.6028779e+01		5.2331749e+02
4.1500000e+02		4.1600000e+02		4.1550000e+02		5.3722776e+02		5.3213842e+02		6.9401271e+02		5.3884071e+02		1.5857774e+01		5.2298293e+02
4.1600000e+02		4.1700000e+02		4.1650000e+02		5.5745703e+02		5.5222759e+02		7.2013363e+02		5.5911446e+02		1.6294514e+01		5.4281995e+02
4.1700000e+02		4.1800000e+02		4.1750000e+02		5.0725322e+02		5.0254036e+02		6.5526765e+02		5.0874607e+02		1.4682848e+01		4.9406322e+02
4.1800000e+02		4.1900000e+02		4.1850000e+02		5.2601513e+02		5.2116295e+02		6.7947698e+02		5.2753551e+02		1.5077630e+01		5.1245788e+02
4.1900000e+02		4.2000000e+02		4.1950000e+02		5.3123875e+02		5.2639976e+02		6.8623161e+02		5.3277360e+02		1.5080666e+01		5.1769293e+02
4.2000000e+02		4.2100000e+02		4.2050000e+02		5.3797708e+02		5.3312520e+02		6.9492626e+02		5.3951759e+02		1.5124564e+01		5.2439303e+02
4.2100000e+02		4.2200000e+02		4.2150000e+02		5.2958361e+02		5.2485383e+02		6.8407372e+02		5.3108589e+02		1.4745207e+01		5.1634068e+02
4.2200000e+02		4.2300000e+02		4.2250000e+02		5.0190537e+02		4.9746623e+02		6.4831148e+02		5.0331582e+02		1.3840291e+01		4.8947553e+02
4.2300000e+02		4.2400000e+02		4.2350000e+02		5.3474862e+02		5.3006472e+02		6.9072490e+02		5.3623736e+02		1.4604616e+01		5.2163274e+02
4.2400000e+02		4.2500000e+02		4.2450000e+02		5.5328403e+02		5.4848451e+02		7.1465628e+02		5.5481003e+02		1.4966337e+01		5.3984369e+02
4.2500000e+02		4.2600000e+02		4.2550000e+02		5.3248014e+02		5.2790553e+02		6.8777472e+02		5.3393512e+02		1.4266175e+01		5.1966895e+02
4.2600000e+02		4.2700000e+02		4.2650000e+02		5.3029841e+02		5.2578627e+02		6.8494690e+02		5.3173400e+02		1.4072492e+01		5.1766151e+02
4.2700000e+02		4.2800000e+02		4.2750000e+02		4.9171747e+02		4.8757366e+02		6.3510579e+02		4.9303630e+02		1.2924764e+01		4.8011154e+02
4.2800000e+02		4.2900000e+02		4.2850000e+02		4.9494538e+02		4.9081420e+02		6.3926604e+02		4.9626062e+02		1.2886358e+01		4.8337426e+02
4.2900000e+02		4.3000000e+02		4.2950000e+02		4.6063718e+02		4.5682900e+02		5.9494571e+02		4.6184997e+02		1.1879756e+01		4.4997022e+02
4.3000000e+02		4.3100000e+02		4.3050000e+02		3.7055843e+02		3.6752407e+02		4.7859604e+02		3.7152509e+02		9.4665218e+00		3.6205857e+02
4.3100000e+02		4.3200000e+02		4.3150000e+02		4.5818753e+02		4.5447118e+02		5.9176570e+02		4.5937182e+02		1.1595028e+01		4.4777679e+02
4.3200000e+02		4.3300000e+02		4.3250000e+02		5.1625369e+02		5.1210598e+02		6.6675132e+02		5.1757585e+02		1.2941840e+01		5.0463401e+02
4.3300000e+02		4.3400000e+02		4.3350000e+02		5.6047485e+02		5.5601436e+02		7.2385420e+02		5.6189715e+02		1.3918832e+01		5.4797832e+02
4.3400000e+02		4.3500000e+02		4.3450000e+02		4.7595241e+02		4.7220024e+02		6.1468528e+02		4.7714921e+02		1.1709368e+01		4.6543984e+02
4.3500000e+02		4.3600000e+02		4.3550000e+02		5.3162725e+02		5.2747554e+02		6.8657960e+02		5.3295188e+02		1.2957162e+01		5.1999472e+02
4.3600000e+02		4.3700000e+02		4.3650000e+02		5.9481241e+02		5.9021078e+02		7.6817138e+02		5.9628102e+02		1.4362330e+01		5.8191869e+02
4.3700000e+02		4.3800000e+02		4.3750000e+02		5.2629983e+02		5.2226630e+02		6.7968210e+02		5.2758750e+02		1.2590103e+01		5.1499740e+02
4.3800000e+02		4.3900000e+02		4.3850000e+02		5.1257868e+02		5.0868695e+02		6.6195384e+02		5.1382144e+02		1.2148346e+01		5.0167310e+02
4.3900000e+02		4.4000000e+02		4.3950000e+02		5.7051902e+02		5.6622663e+02		7.3676862e+02		5.7188871e+02		1.3396621e+01		5.5849209e+02
4.4000000e+02		4.4100000e+02		4.4050000e+02		5.4089681e+02		5.3685970e+02		6.9849902e+02		5.4217824e+02		1.2583789e+01		5.2959445e+02
4.4100000e+02		4.4200000e+02		4.4150000e+02		5.9491633e+02		5.9041409e+02		7.6811629e+02		5.9620832e+02		1.3709297e+01		5.8249902e+02
4.4200000e+02		4.4300000e+02		4.4250000e+02		6.2544254e+02		6.2067818e+02		8.0742499e+02		6.2671264e+02		1.4277701e+01		6.1243494e+02
4.4300000e+02		4.4400000e+02		4.4350000e+02		6.0497206e+02		6.0041388e+02		7.8100125e+02		6.0619757e+02		1.3684345e+01		5.9251322e+02
4.4400000e+02		4.4500000e+02		4.4450000e+02		6.2324411e+02		6.1846130e+02		8.0441501e+02		6.2436321e+02		1.3964082e+01		6.1039913e+02
4.4500000e+02		4.4600000e+02		4.4550000e+02		5.7783999e+02		5.7347137e+02		7.4583941e+02		5.7889389e+02		1.2829838e+01		5.6606405e+02
4.4600000e+02		4.4700000e+02		4.4650000e+02		5.8940025e+02		5.8514300e+02		7.6095850e+02		5.9062622e+02		1.2973447e+01		5.7765277e+02
4.4700000e+02		4.4800000e+02		4.4750000e+02		6.3881895e+02		6.3428641e+02		8.2480448e+02		6.4017609e+02		1.3935144e+01		6.2624095e+02
4.4800000e+02		4.4900000e+02		4.4850000e+02		6.2805979e+02		6.2368969e+02		8.1096319e+02		6.2942847e+02		1.3578113e+01		6.1585036e+02
4.4900000e+02		4.5000000e+02		4.4950000e+02		6.3454704e+02		6.3019170e+02		8.1935627e+02		6.3593771e+02		1.3595193e+01		6.2234252e+02
4.5000000e+02		4.5100000e+02		4.5050000e+02		6.7325368e+02		6.6867791e+02		8.6933083e+02		6.7471953e+02		1.4294634e+01		6.6042490e+02
4.5100000e+02		4.5200000e+02		4.5150000e+02		6.7122600e+02		6.6670529e+02		8.6670320e+02		6.7267457e+02		1.4123459e+01		6.5855111e+02
4.5200000e+02		4.5300000e+02		4.5250000e+02		6.3541039e+02		6.3116954e+02		8.2044840e+02		6.3676961e+02		1.3249911e+01		6.2351970e+02
4.5300000e+02		4.5400000e+02		4.5350000e+02		6.0888666e+02		6.0485945e+02		7.8619232e+02		6.1017772e+02		1.2583176e+01		5.9759455e+02
4.5400000e+02		4.5500000e+02		4.5450000e+02		6.4999363e+02		6.4573317e+02		8.3926067e+02		6.5135979e+02		1.3312723e+01		6.3804707e+02
4.5500000e+02		4.5600000e+02		4.5550000e+02		6.4380306e+02		6.3962102e+02		8.3125886e+02		6.4514439e+02		1.3068437e+01		6.3207595e+02
4.5600000e+02		4.5700000e+02		4.5650000e+02		6.6853861e+02		6.6423475e+02		8.6318776e+02		6.6991933e+02		1.3449872e+01		6.5646946e+02
4.5700000e+02		4.5800000e+02		4.5750000e+02		6.7499745e+02		6.7069080e+02		8.7151825e+02		6.7637938e+02		1.3459328e+01		6.6292005e+02
4.5800000e+02		4.5900000e+02		4.5850000e+02		6.3439039e+02		6.3037887e+02		8.1908047e+02		6.3567791e+02		1.2537648e+01		6.2314026e+02
4.5900000e+02		4.6000000e+02		4.5950000e+02		6.5539586e+02		6.5128835e+02		8.4619282e+02		6.5671448e+02		1.2838372e+01		6.4387611e+02
4.6000000e+02		4.6100000e+02		4.6050000e+02		6.4752339e+02		6.4350120e+02		8.3602029e+02		6.4881491e+02		1.2572366e+01		6.3624254e+02
4.6100000e+02		4.6200000e+02		4.6150000e+02		6.6245412e+02		6.5837559e+02		8.5528907e+02		6.6376402e+02		1.2749162e+01		6.5101485e+02
4.6200000e+02		4.6300000e+02		4.6250000e+02		6.6901120e+02		6.6492865e+02		8.6374651e+02		6.7032267e+02		1.2762380e+01		6.5756029e+02
4.6300000e+02		4.6400000e+02		4.6350000e+02		6.4662616e+02		6.4271497e+02		8.3483767e+02		6.4788285e+02		1.2227340e+01		6.3565551e+02
4.6400000e+02		4.6500000e+02		4.6450000e+02		6.5795753e+02		6.5401278e+02		8.4945919e+02		6.5922527e+02		1.2332892e+01		6.4689238e+02
4.6500000e+02		4.6600000e+02		4.6550000e+02		6.3552746e+02		6.3175061e+02		8.2049306e+02		6.3674150e+02		1.1808581e+01		6.2493292e+02
4.6600000e+02		4.6700000e+02		4.6650000e+02		6.3955371e+02		6.3578618e+02		8.2568347e+02		6.4076500e+02		1.1780005e+01		6.2898500e+02
4.6700000e+02		4.6800000e+02		4.6750000e+02		6.4572639e+02		6.4191781e+02		8.3359625e+02		6.4690055e+02		1.1789293e+01		6.3511126e+02
4.6800000e+02		4.6900000e+02		4.6850000e+02		6.3145002e+02		6.2776127e+02		8.1516338e+02		6.3259169e+02		1.1428885e+01		6.2116280e+02
4.6900000e+02		4.7000000e+02		4.6950000e+02		6.4956875e+02		6.4576892e+02		8.3849733e+02		6.5069451e+02		1.1654063e+01		6.3904045e+02
4.7000000e+02		4.7100000e+02		4.7050000e+02		6.1381170e+02		6.1024849e+02		7.9232924e+02		6.1486275e+02		1.0917460e+01		6.0394529e+02
4.7100000e+02		4.7200000e+02		4.7150000e+02		6.4174114e+02		6.3803109e+02		8.2835332e+02		6.4281359e+02		1.1315503e+01		6.3149809e+02
4.7200000e+02		4.7300000e+02		4.7250000e+02		6.5742798e+02		6.5365442e+02		8.4858815e+02		6.5851168e+02		1.1492402e+01		6.4701927e+02
4.7300000e+02		4.7400000e+02		4.7350000e+02		6.4563741e+02		6.4190508e+02		8.3328819e+02		6.4663365e+02		1.1187899e+01		6.3544575e+02
4.7400000e+02		4.7500000e+02		4.7450000e+02		6.6512717e+02		6.6140144e+02		8.5854768e+02		6.6623215e+02		1.1429582e+01		6.5480257e+02
4.7500000e+02		4.7600000e+02		4.7550000e+02		6.6365303e+02		6.6002731e+02		8.5671527e+02		6.6480691e+02		1.1308656e+01		6.5349826e+02
4.7600000e+02		4.7700000e+02		4.7650000e+02		6.3952653e+02		6.3607245e+02		8.2557612e+02		6.4063919e+02		1.0805024e+01		6.2983417e+02
4.7700000e+02		4.7800000e+02		4.7750000e+02		6.6772274e+02		6.6414719e+02		8.6196800e+02		6.6887476e+02		1.1185552e+01		6.5768920e+02
4.7800000e+02		4.7900000e+02		4.7850000e+02		6.6128260e+02		6.5777171e+02		8.5364740e+02		6.6241399e+02		1.0983747e+01		6.5143024e+02
4.7900000e+02		4.8000000e+02		4.7950000e+02		6.6320839e+02		6.5971722e+02		8.5612647e+02		6.6433362e+02		1.0922525e+01		6.5341110e+02
4.8000000e+02		4.8100000e+02		4.8050000e+02		6.6489751e+02		6.6142715e+02		8.5830005e+02		6.6601623e+02		1.0857874e+01		6.5515836e+02
4.8100000e+02		4.8200000e+02		4.8150000e+02		6.6630748e+02		6.6285922e+02		8.6011332e+02		6.6741927e+02		1.0789200e+01		6.5663007e+02
4.8200000e+02		4.8300000e+02		4.8250000e+02		6.6376999e+02		6.6036389e+02		8.5683104e+02		6.6486838e+02		1.0657729e+01		6.5421065e+02
4.8300000e+02		4.8400000e+02		4.8350000e+02		6.5373157e+02		6.5038998e+02		8.4384671e+02		6.5478894e+02		1.0408063e+01		6.4438088e+02
4.8400000e+02		4.8500000e+02		4.8450000e+02		6.4242337e+02		6.3913667e+02		8.2920452e+02		6.4342300e+02		1.0141575e+01		6.3328143e+02
4.8500000e+02		4.8600000e+02		4.8550000e+02		6.0369332e+02		6.0058293e+02		7.7914716e+02		6.0457667e+02		9.4492878e+00		5.9512738e+02
4.8600000e+02		4.8700000e+02		4.8650000e+02		5.2412565e+02		5.2148641e+02		6.7649964e+02		5.2492529e+02		8.1364671e+00		5.1678882e+02
4.8700000e+02		4.8800000e+02		4.8750000e+02		5.9966111e+02		5.9662788e+02		7.7393965e+02		6.0052920e+02		9.2306130e+00		5.9129859e+02
4.8800000e+02		4.8900000e+02		4.8850000e+02		6.3081686e+02		6.2765125e+02		8.1414327e+02		6.3172118e+02		9.6295415e+00		6.2209163e+02
4.8900000e+02		4.9000000e+02		4.8950000e+02		6.1880396e+02		6.1573150e+02		7.9864329e+02		6.1969091e+02		9.3680765e+00		6.1032284e+02
4.9000000e+02		4.9100000e+02		4.9050000e+02		6.5907671e+02		6.5585848e+02		8.5064963e+02		6.6004100e+02		9.8959456e+00		6.5014505e+02
4.9100000e+02		4.9200000e+02		4.9150000e+02		6.2110374e+02		6.1808889e+02		8.0162473e+02		6.2199783e+02		9.2486526e+00		6.1274918e+02
4.9200000e+02		4.9300000e+02		4.9250000e+02		5.9112858e+02		5.8832869e+02		7.6299123e+02		5.9201882e+02		8.7309479e+00		5.8328787e+02
4.9300000e+02		4.9400000e+02		4.9350000e+02		6.2472140e+02		6.2179361e+02		8.0635386e+02		6.2566146e+02		9.1514419e+00		6.1651002e+02
4.9400000e+02		4.9500000e+02		4.9450000e+02		6.4279699e+02		6.3981372e+02		8.2968472e+02		6.4376089e+02		9.3391031e+00		6.3442179e+02
4.9500000e+02		4.9600000e+02		4.9550000e+02		6.3133158e+02		6.2842562e+02		8.1488023e+02		6.3227065e+02		9.0974441e+00		6.2317320e+02
4.9600000e+02		4.9700000e+02		4.9650000e+02		6.3921352e+02		6.3629542e+02		8.2504808e+02		6.4015665e+02		9.1357745e+00		6.3102088e+02
4.9700000e+02		4.9800000e+02		4.9750000e+02		6.5113923e+02		6.4819103e+02		8.4043521e+02		6.5209223e+02		9.2303515e+00		6.4286188e+02
4.9800000e+02		4.9900000e+02		4.9850000e+02		5.9175801e+02		5.8909127e+02		7.6377396e+02		5.9260777e+02		8.3201136e+00		5.8428765e+02
4.9900000e+02		5.0000000e+02		4.9950000e+02		6.3385792e+02		6.3097892e+02		8.1804770e+02		6.3471456e+02		8.8386102e+00		6.2587595e+02
