Left Bin Edge (nm)	Right Bin Edge (nm)	Bin Center (nm)		Top of Atm Intensity (erg/s/nm/cm2)		Total Surface Flux (erg/s/nm/cm2)		Total Intensity at BOA (erg/s/nm/cm2)		Total Surface Intensity (erg/s/nm/cm2)		Total Surface Diffuse Intensity (erg/s/nm/cm2)		Total Surface Direct Intensity (erg/s/nm/cm2)
1.0000000e+02		1.0100000e+02		1.0050000e+02		1.9189487e-02		0.0000000e+00		0.0000000e+00		0.0000000e+00		0.0000000e+00		0.0000000e+00
1.0100000e+02		1.0200000e+02		1.0150000e+02		7.4861701e-02		0.0000000e+00		0.0000000e+00		0.0000000e+00		0.0000000e+00		0.0000000e+00
1.0200000e+02		1.0300000e+02		1.0250000e+02		3.9734366e-01		0.0000000e+00		0.0000000e+00		0.0000000e+00		0.0000000e+00		0.0000000e+00
1.0300000e+02		1.0400000e+02		1.0350000e+02		3.0179545e-01		0.0000000e+00		0.0000000e+00		0.0000000e+00		0.0000000e+00		0.0000000e+00
1.0400000e+02		1.0500000e+02		1.0450000e+02		6.0815352e-02		0.0000000e+00		0.0000000e+00		0.0000000e+00		0.0000000e+00		0.0000000e+00
1.0500000e+02		1.0600000e+02		1.0550000e+02		2.0834600e-02		0.0000000e+00		0.0000000e+00		0.0000000e+00		0.0000000e+00		0.0000000e+00
1.0600000e+02		1.0700000e+02		1.0650000e+02		1.9584792e-02		0.0000000e+00		0.0000000e+00		0.0000000e+00		0.0000000e+00		0.0000000e+00
1.0700000e+02		1.0800000e+02		1.0750000e+02		2.1853879e-02		0.0000000e+00		0.0000000e+00		0.0000000e+00		0.0000000e+00		0.0000000e+00
1.0800000e+02		1.0900000e+02		1.0850000e+02		3.0634999e-02		0.0000000e+00		0.0000000e+00		0.0000000e+00		0.0000000e+00		0.0000000e+00
1.0900000e+02		1.1000000e+02		1.0950000e+02		2.4032561e-02		0.0000000e+00		0.0000000e+00		0.0000000e+00		0.0000000e+00		0.0000000e+00
1.1000000e+02		1.1100000e+02		1.1050000e+02		2.3268893e-02		0.0000000e+00		0.0000000e+00		0.0000000e+00		0.0000000e+00		0.0000000e+00
1.1100000e+02		1.1200000e+02		1.1150000e+02		2.1871272e-02		0.0000000e+00		0.0000000e+00		0.0000000e+00		0.0000000e+00		0.0000000e+00
1.1200000e+02		1.1300000e+02		1.1250000e+02		2.2375602e-02		0.0000000e+00		0.0000000e+00		0.0000000e+00		0.0000000e+00		0.0000000e+00
1.1300000e+02		1.1400000e+02		1.1350000e+02		1.7748133e-02		0.0000000e+00		0.0000000e+00		0.0000000e+00		0.0000000e+00		0.0000000e+00
1.1400000e+02		1.1500000e+02		1.1450000e+02		1.3589480e-02		0.0000000e+00		0.0000000e+00		0.0000000e+00		0.0000000e+00		0.0000000e+00
1.1500000e+02		1.1600000e+02		1.1550000e+02		1.8751615e-02		0.0000000e+00		0.0000000e+00		0.0000000e+00		0.0000000e+00		0.0000000e+00
1.1600000e+02		1.1700000e+02		1.1650000e+02		4.3674487e-02		0.0000000e+00		0.0000000e+00		0.0000000e+00		0.0000000e+00		0.0000000e+00
1.1700000e+02		1.1800000e+02		1.1750000e+02		1.5546757e-01		0.0000000e+00		0.0000000e+00		0.0000000e+00		0.0000000e+00		0.0000000e+00
1.1800000e+02		1.1900000e+02		1.1850000e+02		5.2889236e-02		0.0000000e+00		0.0000000e+00		0.0000000e+00		0.0000000e+00		0.0000000e+00
1.1900000e+02		1.2000000e+02		1.1950000e+02		7.3692884e-02		0.0000000e+00		0.0000000e+00		0.0000000e+00		0.0000000e+00		0.0000000e+00
1.2000000e+02		1.2100000e+02		1.2050000e+02		4.0066072e-01		0.0000000e+00		0.0000000e+00		0.0000000e+00		0.0000000e+00		0.0000000e+00
1.2100000e+02		1.2200000e+02		1.2150000e+02		1.5905289e+01		0.0000000e+00		0.0000000e+00		0.0000000e+00		0.0000000e+00		0.0000000e+00
1.2200000e+02		1.2300000e+02		1.2250000e+02		1.0666543e-01		0.0000000e+00		0.0000000e+00		0.0000000e+00		0.0000000e+00		0.0000000e+00
1.2300000e+02		1.2400000e+02		1.2350000e+02		5.7456553e-02		0.0000000e+00		0.0000000e+00		0.0000000e+00		0.0000000e+00		0.0000000e+00
1.2400000e+02		1.2500000e+02		1.2450000e+02		4.6184197e-02		0.0000000e+00		0.0000000e+00		0.0000000e+00		0.0000000e+00		0.0000000e+00
1.2500000e+02		1.2600000e+02		1.2550000e+02		4.5085118e-02		0.0000000e+00		0.0000000e+00		0.0000000e+00		0.0000000e+00		0.0000000e+00
1.2600000e+02		1.2700000e+02		1.2650000e+02		6.3054464e-02		0.0000000e+00		0.0000000e+00		0.0000000e+00		0.0000000e+00		0.0000000e+00
1.2700000e+02		1.2800000e+02		1.2750000e+02		3.3006429e-02		0.0000000e+00		0.0000000e+00		0.0000000e+00		0.0000000e+00		0.0000000e+00
1.2800000e+02		1.2900000e+02		1.2850000e+02		2.6335196e-02		0.0000000e+00		0.0000000e+00		0.0000000e+00		0.0000000e+00		0.0000000e+00
1.2900000e+02		1.3000000e+02		1.2950000e+02		3.5131240e-02		0.0000000e+00		0.0000000e+00		0.0000000e+00		0.0000000e+00		0.0000000e+00
1.3000000e+02		1.3100000e+02		1.3050000e+02		2.8850634e-01		0.0000000e+00		0.0000000e+00		0.0000000e+00		0.0000000e+00		0.0000000e+00
1.3100000e+02		1.3200000e+02		1.3150000e+02		3.9064855e-02		0.0000000e+00		0.0000000e+00		0.0000000e+00		0.0000000e+00		0.0000000e+00
1.3200000e+02		1.3300000e+02		1.3250000e+02		3.0374778e-02		0.0000000e+00		0.0000000e+00		0.0000000e+00		0.0000000e+00		0.0000000e+00
1.3300000e+02		1.3400000e+02		1.3350000e+02		4.1056606e-01		0.0000000e+00		0.0000000e+00		0.0000000e+00		0.0000000e+00		0.0000000e+00
1.3400000e+02		1.3500000e+02		1.3450000e+02		2.8092500e-02		0.0000000e+00		0.0000000e+00		0.0000000e+00		0.0000000e+00		0.0000000e+00
1.3500000e+02		1.3600000e+02		1.3550000e+02		5.8954708e-02		0.0000000e+00		0.0000000e+00		0.0000000e+00		0.0000000e+00		0.0000000e+00
1.3600000e+02		1.3700000e+02		1.3650000e+02		3.8690656e-02		0.0000000e+00		0.0000000e+00		0.0000000e+00		0.0000000e+00		0.0000000e+00
1.3700000e+02		1.3800000e+02		1.3750000e+02		3.9732879e-02		0.0000000e+00		0.0000000e+00		0.0000000e+00		0.0000000e+00		0.0000000e+00
1.3800000e+02		1.3900000e+02		1.3850000e+02		4.0549866e-02		0.0000000e+00		0.0000000e+00		0.0000000e+00		0.0000000e+00		0.0000000e+00
1.3900000e+02		1.4000000e+02		1.3950000e+02		1.3692187e-01		0.0000000e+00		0.0000000e+00		0.0000000e+00		0.0000000e+00		0.0000000e+00
1.4000000e+02		1.4100000e+02		1.4050000e+02		1.1939088e-01		0.0000000e+00		0.0000000e+00		0.0000000e+00		0.0000000e+00		0.0000000e+00
1.4100000e+02		1.4200000e+02		1.4150000e+02		5.7521948e-02		0.0000000e+00		0.0000000e+00		0.0000000e+00		0.0000000e+00		0.0000000e+00
1.4200000e+02		1.4300000e+02		1.4250000e+02		6.2343151e-02		0.0000000e+00		0.0000000e+00		0.0000000e+00		0.0000000e+00		0.0000000e+00
1.4300000e+02		1.4400000e+02		1.4350000e+02		6.9165895e-02		0.0000000e+00		0.0000000e+00		0.0000000e+00		0.0000000e+00		0.0000000e+00
1.4400000e+02		1.4500000e+02		1.4450000e+02		6.6149126e-02		0.0000000e+00		0.0000000e+00		0.0000000e+00		0.0000000e+00		0.0000000e+00
1.4500000e+02		1.4600000e+02		1.4550000e+02		7.0536262e-02		0.0000000e+00		0.0000000e+00		0.0000000e+00		0.0000000e+00		0.0000000e+00
1.4600000e+02		1.4700000e+02		1.4650000e+02		8.6012655e-02		0.0000000e+00		0.0000000e+00		0.0000000e+00		0.0000000e+00		0.0000000e+00
1.4700000e+02		1.4800000e+02		1.4750000e+02		1.0610345e-01		0.0000000e+00		0.0000000e+00		0.0000000e+00		0.0000000e+00		0.0000000e+00
1.4800000e+02		1.4900000e+02		1.4850000e+02		1.0405386e-01		0.0000000e+00		0.0000000e+00		0.0000000e+00		0.0000000e+00		0.0000000e+00
1.4900000e+02		1.5000000e+02		1.4950000e+02		9.4002421e-02		0.0000000e+00		0.0000000e+00		0.0000000e+00		0.0000000e+00		0.0000000e+00
1.5000000e+02		1.5100000e+02		1.5050000e+02		1.0343288e-01		0.0000000e+00		0.0000000e+00		0.0000000e+00		0.0000000e+00		0.0000000e+00
1.5100000e+02		1.5200000e+02		1.5150000e+02		1.0875212e-01		0.0000000e+00		0.0000000e+00		0.0000000e+00		0.0000000e+00		0.0000000e+00
1.5200000e+02		1.5300000e+02		1.5250000e+02		1.3876638e-01		0.0000000e+00		0.0000000e+00		0.0000000e+00		0.0000000e+00		0.0000000e+00
1.5300000e+02		1.5400000e+02		1.5350000e+02		1.5371418e-01		0.0000000e+00		0.0000000e+00		0.0000000e+00		0.0000000e+00		0.0000000e+00
1.5400000e+02		1.5500000e+02		1.5450000e+02		4.1112511e-01		0.0000000e+00		0.0000000e+00		0.0000000e+00		0.0000000e+00		0.0000000e+00
1.5500000e+02		1.5600000e+02		1.5550000e+02		3.3836363e-01		0.0000000e+00		0.0000000e+00		0.0000000e+00		0.0000000e+00		0.0000000e+00
1.5600000e+02		1.5700000e+02		1.5650000e+02		2.0084632e-01		0.0000000e+00		0.0000000e+00		0.0000000e+00		0.0000000e+00		0.0000000e+00
1.5700000e+02		1.5800000e+02		1.5750000e+02		1.8216796e-01		0.0000000e+00		0.0000000e+00		0.0000000e+00		0.0000000e+00		0.0000000e+00
1.5800000e+02		1.5900000e+02		1.5850000e+02		1.6795176e-01		0.0000000e+00		0.0000000e+00		0.0000000e+00		0.0000000e+00		0.0000000e+00
1.5900000e+02		1.6000000e+02		1.5950000e+02		1.6379377e-01		0.0000000e+00		0.0000000e+00		0.0000000e+00		0.0000000e+00		0.0000000e+00
1.6000000e+02		1.6100000e+02		1.6050000e+02		1.7926410e-01		0.0000000e+00		0.0000000e+00		0.0000000e+00		0.0000000e+00		0.0000000e+00
1.6100000e+02		1.6200000e+02		1.6150000e+02		2.0306941e-01		0.0000000e+00		0.0000000e+00		0.0000000e+00		0.0000000e+00		0.0000000e+00
1.6200000e+02		1.6300000e+02		1.6250000e+02		2.2492895e-01		0.0000000e+00		0.0000000e+00		0.0000000e+00		0.0000000e+00		0.0000000e+00
1.6300000e+02		1.6400000e+02		1.6350000e+02		4.7671727e-01		0.0000000e+00		0.0000000e+00		0.0000000e+00		0.0000000e+00		0.0000000e+00
1.6400000e+02		1.6500000e+02		1.6450000e+02		4.8753270e-01		0.0000000e+00		0.0000000e+00		0.0000000e+00		0.0000000e+00		0.0000000e+00
1.6500000e+02		1.6600000e+02		1.6550000e+02		5.7072689e-01		0.0000000e+00		0.0000000e+00		0.0000000e+00		0.0000000e+00		0.0000000e+00
1.6600000e+02		1.6700000e+02		1.6650000e+02		2.6919628e-01		0.0000000e+00		0.0000000e+00		0.0000000e+00		0.0000000e+00		0.0000000e+00
1.6700000e+02		1.6800000e+02		1.6750000e+02		2.8728373e-01		0.0000000e+00		0.0000000e+00		0.0000000e+00		0.0000000e+00		0.0000000e+00
1.6800000e+02		1.6900000e+02		1.6850000e+02		3.0958866e-01		0.0000000e+00		0.0000000e+00		0.0000000e+00		0.0000000e+00		0.0000000e+00
1.6900000e+02		1.7000000e+02		1.6950000e+02		3.8988989e-01		0.0000000e+00		0.0000000e+00		0.0000000e+00		0.0000000e+00		0.0000000e+00
1.7000000e+02		1.7100000e+02		1.7050000e+02		4.3752516e-01		0.0000000e+00		0.0000000e+00		0.0000000e+00		0.0000000e+00		0.0000000e+00
1.7100000e+02		1.7200000e+02		1.7150000e+02		4.3618394e-01		0.0000000e+00		0.0000000e+00		0.0000000e+00		0.0000000e+00		0.0000000e+00
1.7200000e+02		1.7300000e+02		1.7250000e+02		4.5514763e-01		0.0000000e+00		0.0000000e+00		0.0000000e+00		0.0000000e+00		0.0000000e+00
1.7300000e+02		1.7400000e+02		1.7350000e+02		4.5120572e-01		0.0000000e+00		0.0000000e+00		0.0000000e+00		0.0000000e+00		0.0000000e+00
1.7400000e+02		1.7500000e+02		1.7450000e+02		5.3951828e-01		0.0000000e+00		0.0000000e+00		0.0000000e+00		0.0000000e+00		0.0000000e+00
1.7500000e+02		1.7600000e+02		1.7550000e+02		6.4389120e-01		0.0000000e+00		0.0000000e+00		0.0000000e+00		0.0000000e+00		0.0000000e+00
1.7600000e+02		1.7700000e+02		1.7650000e+02		6.9472845e-01		0.0000000e+00		0.0000000e+00		0.0000000e+00		0.0000000e+00		0.0000000e+00
1.7700000e+02		1.7800000e+02		1.7750000e+02		8.1849614e-01		0.0000000e+00		0.0000000e+00		0.0000000e+00		0.0000000e+00		0.0000000e+00
1.7800000e+02		1.7900000e+02		1.7850000e+02		8.9455089e-01		0.0000000e+00		0.0000000e+00		0.0000000e+00		0.0000000e+00		0.0000000e+00
1.7900000e+02		1.8000000e+02		1.7950000e+02		8.6966614e-01		0.0000000e+00		0.0000000e+00		0.0000000e+00		0.0000000e+00		0.0000000e+00
1.8000000e+02		1.8100000e+02		1.8050000e+02		1.0753674e+00		0.0000000e+00		0.0000000e+00		0.0000000e+00		0.0000000e+00		0.0000000e+00
1.8100000e+02		1.8200000e+02		1.8150000e+02		1.3093431e+00		0.0000000e+00		0.0000000e+00		0.0000000e+00		0.0000000e+00		0.0000000e+00
1.8200000e+02		1.8300000e+02		1.8250000e+02		1.2087370e+00		0.0000000e+00		0.0000000e+00		0.0000000e+00		0.0000000e+00		0.0000000e+00
1.8300000e+02		1.8400000e+02		1.8350000e+02		1.2728289e+00		0.0000000e+00		0.0000000e+00		0.0000000e+00		0.0000000e+00		0.0000000e+00
1.8400000e+02		1.8500000e+02		1.8450000e+02		1.0940339e+00		0.0000000e+00		0.0000000e+00		0.0000000e+00		0.0000000e+00		0.0000000e+00
1.8500000e+02		1.8600000e+02		1.8550000e+02		1.2372281e+00		0.0000000e+00		0.0000000e+00		0.0000000e+00		0.0000000e+00		0.0000000e+00
1.8600000e+02		1.8700000e+02		1.8650000e+02		1.4037992e+00		0.0000000e+00		0.0000000e+00		0.0000000e+00		0.0000000e+00		0.0000000e+00
1.8700000e+02		1.8800000e+02		1.8750000e+02		1.5907538e+00		0.0000000e+00		0.0000000e+00		0.0000000e+00		0.0000000e+00		0.0000000e+00
1.8800000e+02		1.8900000e+02		1.8850000e+02		1.6735993e+00		6.9977955e-206		0.0000000e+00		7.0042634e-206		1.5303383e-208		6.9889600e-206
1.8900000e+02		1.9000000e+02		1.8950000e+02		1.8559600e+00		3.6194460e-136		0.0000000e+00		3.6243915e-136		1.1701151e-138		3.6126903e-136
1.9000000e+02		1.9100000e+02		1.9050000e+02		1.9109940e+00		1.5825666e-87		3.6382414e-84		1.5858609e-87		7.7943419e-90		1.5780665e-87
1.9100000e+02		1.9200000e+02		1.9150000e+02		2.0707336e+00		1.4740452e-60		3.2094557e-58		1.4783902e-60		1.0280255e-62		1.4681099e-60
1.9200000e+02		1.9300000e+02		1.9250000e+02		2.1685186e+00		5.1351350e-42		2.2126259e-40		5.1565470e-42		5.0661537e-44		5.1058855e-42
1.9300000e+02		1.9400000e+02		1.9350000e+02		1.6554009e+00		2.6717580e-30		4.0930609e-29		2.6870097e-30		3.6085892e-32		2.6509238e-30
1.9400000e+02		1.9500000e+02		1.9450000e+02		2.6556632e+00		1.2986837e-23		1.1300498e-22		1.3079671e-23		2.1964740e-25		1.2860023e-23
1.9500000e+02		1.9600000e+02		1.9550000e+02		2.5630279e+00		1.4226083e-18		7.9699446e-18		1.4353433e-18		3.0131361e-20		1.4052119e-18
1.9600000e+02		1.9700000e+02		1.9650000e+02		2.8204934e+00		6.7416505e-16		3.0040356e-15		6.8107558e-16		1.6350483e-17		6.6472510e-16
1.9700000e+02		1.9800000e+02		1.9750000e+02		2.8068384e+00		6.1889917e-14		2.3257729e-13		6.2601009e-14		1.6824603e-15		6.0918549e-14
1.9800000e+02		1.9900000e+02		1.9850000e+02		2.7505577e+00		3.5216284e-07		7.4604573e-07		3.6020196e-07		1.9020753e-08		3.4118120e-07
1.9900000e+02		2.0000000e+02		1.9950000e+02		2.8965557e+00		3.7339141e-01		6.0637833e-01		4.5499501e-01		1.9307618e-01		2.6191883e-01
2.0000000e+02		2.0100000e+02		2.0050000e+02		3.0623388e+00		8.0292774e-01		1.3286472e+00		1.0172635e+00		5.0712383e-01		5.1013966e-01
2.0100000e+02		2.0200000e+02		2.0150000e+02		3.2593670e+00		1.9897976e+00		3.4042280e+00		2.6707102e+00		1.6110564e+00		1.0596538e+00
2.0200000e+02		2.0300000e+02		2.0250000e+02		3.2217937e+00		2.1499984e+00		3.6839583e+00		2.8977079e+00		1.7690996e+00		1.1286083e+00
2.0300000e+02		2.0400000e+02		2.0350000e+02		3.4484145e+00		2.6232061e+00		4.5138622e+00		3.5640324e+00		2.2260191e+00		1.3380134e+00
2.0400000e+02		2.0500000e+02		2.0450000e+02		3.7117169e+00		2.9644209e+00		5.1000702e+00		4.0327278e+00		2.5276413e+00		1.5050864e+00
2.0500000e+02		2.0600000e+02		2.0550000e+02		3.7200399e+00		2.9835360e+00		5.1194594e+00		4.0487841e+00		2.5204041e+00		1.5283800e+00
2.0600000e+02		2.0700000e+02		2.0650000e+02		3.7247532e+00		2.9994874e+00		5.1336212e+00		4.0606757e+00		2.5107984e+00		1.5498773e+00
2.0700000e+02		2.0800000e+02		2.0750000e+02		4.0454145e+00		3.2708378e+00		5.5835259e+00		4.4172310e+00		2.7123956e+00		1.7048354e+00
2.0800000e+02		2.0900000e+02		2.0850000e+02		4.3759554e+00		3.5515626e+00		6.0484852e+00		4.7858445e+00		2.9203424e+00		1.8655021e+00
2.0900000e+02		2.1000000e+02		2.0950000e+02		5.6528678e+00		4.6053050e+00		7.8240345e+00		6.1916284e+00		3.7532814e+00		2.4383470e+00
2.1000000e+02		2.1100000e+02		2.1050000e+02		6.9678423e+00		5.6985427e+00		9.6560381e+00		7.6422758e+00		4.5989219e+00		3.0433539e+00
2.1100000e+02		2.1200000e+02		2.1150000e+02		7.9326445e+00		6.5106110e+00		1.1007375e+01		8.7129733e+00		5.2108452e+00		3.5021282e+00
2.1200000e+02		2.1300000e+02		2.1250000e+02		7.0734222e+00		5.8259942e+00		9.8271252e+00		7.7796527e+00		4.6224056e+00		3.1572471e+00
2.1300000e+02		2.1400000e+02		2.1350000e+02		7.2066449e+00		5.9562074e+00		1.0024139e+01		7.9365087e+00		4.6854432e+00		3.2510655e+00
2.1400000e+02		2.1500000e+02		2.1450000e+02		9.2279181e+00		7.6521954e+00		1.2850572e+01		1.0175423e+01		5.9700195e+00		4.2054030e+00
2.1500000e+02		2.1600000e+02		2.1550000e+02		7.9257408e+00		6.5938153e+00		1.1049759e+01		8.7503986e+00		5.1025308e+00		3.6478678e+00
2.1600000e+02		2.1700000e+02		2.1650000e+02		7.3353469e+00		6.1232067e+00		1.0236712e+01		8.1071031e+00		4.6939493e+00		3.4131538e+00
2.1700000e+02		2.1800000e+02		2.1750000e+02		7.5953881e+00		6.3592038e+00		1.0611741e+01		8.4050419e+00		4.8405050e+00		3.5645370e+00
2.1800000e+02		2.1900000e+02		2.1850000e+02		1.0217230e+01		8.5807466e+00		1.4288510e+01		1.1318076e+01		6.4765908e+00		4.8414851e+00
2.1900000e+02		2.2000000e+02		2.1950000e+02		1.0786519e+01		9.0854345e+00		1.5100439e+01		1.1962270e+01		6.8066653e+00		5.1556045e+00
2.2000000e+02		2.2100000e+02		2.2050000e+02		1.0851638e+01		9.1673929e+00		1.5205667e+01		1.2046416e+01		6.8118411e+00		5.2345747e+00
2.2100000e+02		2.2200000e+02		2.2150000e+02		8.6872371e+00		7.3597276e+00		1.2184288e+01		9.6534663e+00		5.4270441e+00		4.2264222e+00
2.2200000e+02		2.2300000e+02		2.2250000e+02		1.1691346e+01		9.9327260e+00		1.6411920e+01		1.3003709e+01		7.2660243e+00		5.7376850e+00
2.2300000e+02		2.2400000e+02		2.2350000e+02		1.5139682e+01		1.2897316e+01		2.1271226e+01		1.6854915e+01		9.3637787e+00		7.4911358e+00
2.2400000e+02		2.2500000e+02		2.2450000e+02		1.4154944e+01		1.2089624e+01		1.9905566e+01		1.5773859e+01		8.7169939e+00		7.0568654e+00
2.2500000e+02		2.2600000e+02		2.2550000e+02		1.2365614e+01		1.0589265e+01		1.7403086e+01		1.3791423e+01		7.5763876e+00		6.2150358e+00
2.2600000e+02		2.2700000e+02		2.2650000e+02		9.0577089e+00		7.7755061e+00		1.2758571e+01		1.0111429e+01		5.5268530e+00		4.5845760e+00
2.2700000e+02		2.2800000e+02		2.2750000e+02		8.8108381e+00		7.5822393e+00		1.2420894e+01		9.8443041e+00		5.3521028e+00		4.4922013e+00
2.2800000e+02		2.2900000e+02		2.2850000e+02		1.2275156e+01		1.0589875e+01		1.7316299e+01		1.3724570e+01		7.4167699e+00		6.3078006e+00
2.2900000e+02		2.3000000e+02		2.2950000e+02		1.1031259e+01		9.5399584e+00		1.5572109e+01		1.2342484e+01		6.6308475e+00		5.7116368e+00
2.3000000e+02		2.3100000e+02		2.3050000e+02		1.2510180e+01		1.0843148e+01		1.7673463e+01		1.4008725e+01		7.4898367e+00		6.5188887e+00
2.3100000e+02		2.3200000e+02		2.3150000e+02		1.1791833e+01		1.0243833e+01		1.6669930e+01		1.3213682e+01		7.0267392e+00		6.1869432e+00
2.3200000e+02		2.3300000e+02		2.3250000e+02		1.2664003e+01		1.1026846e+01		1.7913590e+01		1.4199684e+01		7.5070163e+00		6.6926681e+00
2.3300000e+02		2.3400000e+02		2.3350000e+02		1.1428554e+01		9.9718082e+00		1.6177742e+01		1.2824286e+01		6.7490360e+00		6.0752504e+00
2.3400000e+02		2.3500000e+02		2.3450000e+02		9.9864853e+00		8.7316343e+00		1.4145759e+01		1.1213878e+01		5.8730510e+00		5.3408267e+00
2.3500000e+02		2.3600000e+02		2.3550000e+02		1.3443360e+01		1.1777528e+01		1.9055432e+01		1.5106550e+01		7.8765495e+00		7.2300005e+00
2.3600000e+02		2.3700000e+02		2.3650000e+02		1.2448020e+01		1.0928581e+01		1.7653954e+01		1.3995573e+01		7.2565799e+00		6.7389928e+00
2.3700000e+02		2.3800000e+02		2.3750000e+02		1.3294723e+01		1.1695367e+01		1.8865058e+01		1.4955892e+01		7.7144840e+00		7.2414079e+00
2.3800000e+02		2.3900000e+02		2.3850000e+02		1.1021422e+01		9.7146546e+00		1.5647762e+01		1.2405417e+01		6.3664115e+00		6.0390052e+00
2.3900000e+02		2.4000000e+02		2.3950000e+02		1.2008577e+01		1.0604864e+01		1.7058663e+01		1.3524171e+01		6.9071553e+00		6.6170161e+00
2.4000000e+02		2.4100000e+02		2.4050000e+02		1.1032163e+01		9.7597713e+00		1.5681261e+01		1.2432558e+01		6.3238817e+00		6.1086765e+00
2.4100000e+02		2.4200000e+02		2.4150000e+02		1.2918879e+01		1.1449793e+01		1.8372338e+01		1.4566253e+01		7.3736217e+00		7.1926309e+00
2.4200000e+02		2.4300000e+02		2.4250000e+02		1.7782729e+01		1.5788483e+01		2.5302516e+01		2.0060997e+01		1.0108876e+01		9.9521214e+00
2.4300000e+02		2.4400000e+02		2.4350000e+02		1.6701989e+01		1.4854846e+01		2.3776389e+01		1.8851161e+01		9.4553819e+00		9.3957787e+00
2.4400000e+02		2.4500000e+02		2.4450000e+02		1.5641720e+01		1.3935896e+01		2.2277183e+01		1.7662550e+01		8.8173572e+00		8.8451926e+00
2.4500000e+02		2.4600000e+02		2.4550000e+02		1.2691134e+01		1.1325652e+01		1.8083764e+01		1.4337946e+01		7.1271633e+00		7.2107822e+00
2.4600000e+02		2.4700000e+02		2.4650000e+02		1.2350906e+01		1.1041035e+01		1.7605393e+01		1.3958455e+01		6.9026903e+00		7.0557646e+00
2.4700000e+02		2.4800000e+02		2.4750000e+02		1.3639226e+01		1.2211453e+01		1.9451636e+01		1.5422519e+01		7.5974626e+00		7.8250559e+00
2.4800000e+02		2.4900000e+02		2.4850000e+02		1.0938846e+01		9.8083712e+00		1.5608175e+01		1.2375389e+01		6.0736293e+00		6.3017597e+00
2.4900000e+02		2.5000000e+02		2.4950000e+02		1.3333262e+01		1.1973743e+01		1.9032354e+01		1.5090333e+01		7.3739315e+00		7.7164019e+00
2.5000000e+02		2.5100000e+02		2.5050000e+02		1.4401571e+01		1.2952876e+01		2.0565427e+01		1.6305811e+01		7.9331309e+00		8.3726804e+00
2.5100000e+02		2.5200000e+02		2.5150000e+02		1.2007424e+01		1.0815446e+01		1.7153191e+01		1.3600308e+01		6.5890533e+00		7.0112545e+00
2.5200000e+02		2.5300000e+02		2.5250000e+02		1.0794009e+01		9.7362400e+00		1.5426465e+01		1.2231314e+01		5.9034093e+00		6.3279050e+00
2.5300000e+02		2.5400000e+02		2.5350000e+02		1.3602371e+01		1.2286795e+01		1.9447071e+01		1.5419088e+01		7.4110846e+00		8.0080032e+00
2.5400000e+02		2.5500000e+02		2.5450000e+02		1.5384114e+01		1.3914787e+01		2.2003481e+01		1.7446125e+01		8.3552352e+00		9.0908894e+00
2.5500000e+02		2.5600000e+02		2.5550000e+02		2.0992062e+01		1.9013146e+01		3.0034611e+01		2.3813667e+01		1.1358155e+01		1.2455513e+01
2.5600000e+02		2.5700000e+02		2.5650000e+02		2.7040612e+01		2.4524926e+01		3.8700530e+01		3.0684235e+01		1.4573081e+01		1.6111154e+01
2.5700000e+02		2.5800000e+02		2.5750000e+02		3.3946512e+01		3.0828138e+01		4.8600444e+01		3.8533314e+01		1.8230643e+01		2.0302671e+01
2.5800000e+02		2.5900000e+02		2.5850000e+02		3.5732434e+01		3.2489250e+01		5.1179399e+01		4.0578584e+01		1.9139569e+01		2.1439015e+01
2.5900000e+02		2.6000000e+02		2.5950000e+02		3.0409976e+01		2.7685209e+01		4.3568416e+01		3.4543573e+01		1.6227064e+01		1.8316509e+01
2.6000000e+02		2.6100000e+02		2.6050000e+02		2.4915606e+01		2.2711327e+01		3.5706975e+01		2.8310224e+01		1.3247131e+01		1.5063092e+01
2.6100000e+02		2.6200000e+02		2.6150000e+02		2.5442742e+01		2.3217933e+01		3.6476695e+01		2.8920800e+01		1.3493128e+01		1.5427672e+01
2.6200000e+02		2.6300000e+02		2.6250000e+02		3.0366547e+01		2.7743265e+01		4.3549841e+01		3.4528674e+01		1.6054450e+01		1.8474224e+01
2.6300000e+02		2.6400000e+02		2.6350000e+02		4.5700096e+01		4.1801360e+01		6.5559330e+01		5.1978390e+01		2.4079111e+01		2.7899279e+01
2.6400000e+02		2.6500000e+02		2.6450000e+02		7.1249372e+01		6.5245417e+01		1.0223548e+02		8.1055619e+01		3.7407340e+01		4.3648279e+01
2.6500000e+02		2.6600000e+02		2.6550000e+02		7.4731454e+01		6.8507161e+01		1.0726768e+02		8.5045450e+01		3.9130011e+01		4.5915439e+01
2.6600000e+02		2.6700000e+02		2.6650000e+02		7.2446611e+01		6.6488812e+01		1.0400773e+02		8.2458682e+01		3.7785117e+01		4.4673565e+01
2.6700000e+02		2.6800000e+02		2.6750000e+02		7.2937204e+01		6.7006311e+01		1.0474825e+02		8.3046310e+01		3.7951044e+01		4.5095266e+01
2.6800000e+02		2.6900000e+02		2.6850000e+02		7.2239021e+01		6.6432617e+01		1.0377637e+02		8.2275535e+01		3.7484746e+01		4.4790789e+01
2.6900000e+02		2.7000000e+02		2.6950000e+02		6.7758000e+01		6.2380037e+01		9.7354543e+01		7.7181907e+01		3.5021600e+01		4.2160306e+01
2.7000000e+02		2.7100000e+02		2.7050000e+02		7.8281462e+01		7.2143598e+01		1.1249673e+02		8.9184592e+01		4.0319423e+01		4.8865169e+01
2.7100000e+02		2.7200000e+02		2.7150000e+02		6.5051220e+01		6.0002267e+01		9.3520597e+01		7.4142381e+01		3.3455868e+01		4.0686513e+01
2.7200000e+02		2.7300000e+02		2.7250000e+02		5.2331568e+01		4.8319926e+01		7.5245892e+01		5.9652603e+01		2.6813402e+01		3.2839202e+01
2.7300000e+02		2.7400000e+02		2.7350000e+02		5.5800645e+01		5.1570511e+01		8.0255222e+01		6.3623578e+01		2.8517864e+01		3.5105714e+01
2.7400000e+02		2.7500000e+02		2.7450000e+02		3.8398649e+01		3.5520035e+01		5.5240881e+01		4.3792814e+01		1.9573604e+01		2.4219209e+01
2.7500000e+02		2.7600000e+02		2.7550000e+02		5.1208696e+01		4.7411219e+01		7.3688437e+01		5.8417130e+01		2.6040265e+01		3.2376865e+01
2.7600000e+02		2.7700000e+02		2.7650000e+02		7.1318275e+01		6.6090659e+01		1.0264112e+02		8.1367717e+01		3.6145907e+01		4.5221810e+01
2.7700000e+02		2.7800000e+02		2.7750000e+02		6.8188493e+01		6.3239336e+01		9.8172808e+01		7.7826968e+01		3.4514708e+01		4.3312260e+01
2.7800000e+02		2.7900000e+02		2.7850000e+02		4.7024496e+01		4.3648308e+01		6.7718230e+01		5.3683586e+01		2.3743722e+01		2.9939864e+01
2.7900000e+02		2.8000000e+02		2.7950000e+02		2.6422560e+01		2.4547143e+01		3.8056080e+01		3.0168274e+01		1.3299738e+01		1.6868536e+01
2.8000000e+02		2.8100000e+02		2.8050000e+02		2.8982131e+01		2.6948090e+01		4.1749162e+01		3.3095231e+01		1.4544292e+01		1.8550939e+01
2.8100000e+02		2.8200000e+02		2.8150000e+02		6.0033324e+01		5.5866516e+01		8.6493926e+01		6.8563977e+01		3.0042515e+01		3.8521462e+01
2.8200000e+02		2.8300000e+02		2.8250000e+02		8.1733762e+01		7.6122132e+01		1.1778007e+02		9.3363221e+01		4.0792853e+01		5.2570368e+01
2.8300000e+02		2.8400000e+02		2.8350000e+02		8.4433091e+01		7.8699680e+01		1.2168900e+02		9.6460011e+01		4.2021395e+01		5.4438616e+01
2.8400000e+02		2.8500000e+02		2.8450000e+02		6.2255376e+01		5.8067418e+01		8.9751329e+01		7.1144575e+01		3.0940885e+01		4.0203689e+01
2.8500000e+02		2.8600000e+02		2.8550000e+02		4.0018063e+01		3.7353327e+01		5.7705137e+01		4.5741812e+01		1.9847369e+01		2.5894443e+01
2.8600000e+02		2.8700000e+02		2.8650000e+02		8.2001717e+01		7.6601959e+01		1.1825525e+02		9.3736113e+01		4.0539844e+01		5.3196269e+01
2.8700000e+02		2.8800000e+02		2.8750000e+02		9.5189148e+01		8.8980899e+01		1.3730968e+02		1.0884044e+02		4.6988172e+01		6.1852265e+01
2.8800000e+02		2.8900000e+02		2.8850000e+02		9.0460934e+01		8.4625466e+01		1.3050228e+02		1.0344175e+02		4.4519808e+01		5.8921943e+01
2.8900000e+02		2.9000000e+02		2.8950000e+02		1.3728321e+02		1.2850538e+02		1.9811465e+02		1.5703722e+02		6.7507071e+01		8.9530150e+01
2.9000000e+02		2.9100000e+02		2.9050000e+02		1.8023325e+02		1.6883028e+02		2.6012626e+02		2.0618688e+02		8.8386658e+01		1.1780022e+02
2.9100000e+02		2.9200000e+02		2.9150000e+02		1.7359450e+02		1.6272670e+02		2.5056717e+02		1.9860512e+02		8.4889251e+01		1.1371587e+02
2.9200000e+02		2.9300000e+02		2.9250000e+02		1.5421676e+02		1.4466337e+02		2.2261955e+02		1.7644914e+02		7.5205928e+01		1.0124321e+02
2.9300000e+02		2.9400000e+02		2.9350000e+02		1.6099986e+02		1.5112007e+02		2.3245555e+02		1.8424455e+02		7.8373354e+01		1.0587119e+02
2.9400000e+02		2.9500000e+02		2.9450000e+02		1.4991794e+02		1.4080787e+02		2.1648931e+02		1.7158789e+02		7.2826290e+01		9.8761595e+01
2.9500000e+02		2.9600000e+02		2.9550000e+02		1.6232431e+02		1.5255058e+02		2.3445023e+02		1.8582331e+02		7.8724117e+01		1.0709919e+02
2.9600000e+02		2.9700000e+02		2.9650000e+02		1.4851381e+02		1.3965921e+02		2.1453287e+02		1.7003466e+02		7.1869096e+01		9.8165568e+01
2.9700000e+02		2.9800000e+02		2.9750000e+02		1.5140866e+02		1.4247335e+02		2.1873345e+02		1.7335995e+02		7.3078479e+01		1.0028147e+02
2.9800000e+02		2.9900000e+02		2.9850000e+02		1.3012850e+02		1.2250923e+02		1.8804745e+02		1.4904254e+02		6.2778484e+01		8.6264058e+01
2.9900000e+02		3.0000000e+02		2.9950000e+02		1.4682541e+02		1.3832823e+02		2.1216063e+02		1.6814508e+02		7.0547425e+01		9.7597660e+01
3.0000000e+02		3.0100000e+02		3.0050000e+02		1.1681452e+02		1.1010623e+02		1.6884443e+02		1.3381817e+02		5.6103034e+01		7.7715133e+01
3.0100000e+02		3.0200000e+02		3.0150000e+02		1.3434477e+02		1.2670637e+02		1.9419552e+02		1.5390651e+02		6.4356227e+01		8.9550284e+01
3.0200000e+02		3.0300000e+02		3.0250000e+02		1.4142283e+02		1.3345597e+02		2.0445398e+02		1.6203496e+02		6.7618612e+01		9.4416343e+01
3.0300000e+02		3.0400000e+02		3.0350000e+02		1.8342160e+02		1.7318447e+02		2.6519956e+02		2.1017433e+02		8.7518952e+01		1.2265538e+02
3.0400000e+02		3.0500000e+02		3.0450000e+02		1.7556728e+02		1.6585213e+02		2.5387790e+02		2.0120062e+02		8.3635441e+01		1.1756518e+02
3.0500000e+02		3.0600000e+02		3.0550000e+02		1.7728071e+02		1.6756216e+02		2.5638897e+02		2.0318817e+02		8.4292056e+01		1.1889611e+02
3.0600000e+02		3.0700000e+02		3.0650000e+02		1.6814926e+02		1.5901377e+02		2.4321345e+02		1.9274461e+02		7.9808019e+01		1.1293659e+02
3.0700000e+02		3.0800000e+02		3.0750000e+02		1.8878816e+02		1.7861995e+02		2.7310257e+02		2.1642995e+02		8.9459419e+01		1.2697053e+02
3.0800000e+02		3.0900000e+02		3.0850000e+02		1.8529086e+02		1.7540728e+02		2.6804994e+02		2.1241985e+02		8.7572667e+01		1.2484718e+02
3.0900000e+02		3.1000000e+02		3.0950000e+02		1.5026991e+02		1.4230741e+02		2.1744941e+02		1.7232522e+02		7.1022916e+01		1.0130231e+02
3.1000000e+02		3.1100000e+02		3.1050000e+02		1.8913229e+02		1.7920808e+02		2.7369934e+02		2.1689682e+02		8.9172524e+01		1.2772430e+02
3.1100000e+02		3.1200000e+02		3.1150000e+02		2.2495083e+02		2.1325158e+02		3.2555837e+02		2.5798901e+02		1.0584990e+02		1.5213911e+02
3.1200000e+02		3.1300000e+02		3.1250000e+02		2.0030306e+02		1.8997245e+02		2.8990704e+02		2.2973390e+02		9.4076606e+01		1.3565729e+02
3.1300000e+02		3.1400000e+02		3.1350000e+02		2.1331645e+02		2.0240397e+02		3.0879586e+02		2.4470233e+02		1.0007898e+02		1.4462334e+02
3.1400000e+02		3.1500000e+02		3.1450000e+02		2.0119548e+02		1.9099496e+02		2.9126800e+02		2.3080818e+02		9.4199088e+01		1.3660909e+02
3.1500000e+02		3.1600000e+02		3.1550000e+02		1.9522773e+02		1.8540897e+02		2.8266716e+02		2.2399185e+02		9.1288081e+01		1.3270377e+02
3.1600000e+02		3.1700000e+02		3.1650000e+02		1.9043254e+02		1.8093564e+02		2.7574936e+02		2.1850735e+02		8.8895612e+01		1.2961174e+02
3.1700000e+02		3.1800000e+02		3.1750000e+02		2.4155434e+02		2.2961888e+02		3.4978279e+02		2.7716519e+02		1.1249577e+02		1.6466942e+02
3.1800000e+02		3.1900000e+02		3.1850000e+02		1.9952276e+02		1.8973133e+02		2.8897689e+02		2.2898578e+02		9.2877031e+01		1.3610875e+02
3.1900000e+02		3.2000000e+02		3.1950000e+02		2.1430874e+02		2.0388809e+02		3.1039201e+02		2.4594806e+02		9.9514952e+01		1.4643311e+02
3.2000000e+02		3.2100000e+02		3.2050000e+02		2.4621307e+02		2.3432961e+02		3.5664942e+02		2.8260142e+02		1.1421233e+02		1.6838909e+02
3.2100000e+02		3.2200000e+02		3.2150000e+02		2.0677326e+02		1.9686422e+02		2.9956666e+02		2.3737125e+02		9.5840650e+01		1.4153060e+02
3.2200000e+02		3.2300000e+02		3.2250000e+02		2.0765168e+02		1.9778172e+02		3.0085959e+02		2.3839237e+02		9.6085835e+01		1.4230654e+02
3.2300000e+02		3.2400000e+02		3.2350000e+02		2.0066974e+02		1.9120273e+02		2.9078039e+02		2.3040536e+02		9.2754423e+01		1.3765094e+02
3.2400000e+02		3.2500000e+02		3.2450000e+02		2.3629853e+02		2.2522912e+02		3.4245716e+02		2.7135303e+02		1.0913035e+02		1.6222268e+02
3.2500000e+02		3.2600000e+02		3.2550000e+02		2.7209498e+02		2.5942814e+02		3.9441767e+02		3.1252982e+02		1.2563990e+02		1.8688991e+02
3.2600000e+02		3.2700000e+02		3.2650000e+02		3.0699214e+02		2.9283506e+02		4.4496402e+02		3.5256709e+02		1.4132750e+02		2.1123959e+02
3.2700000e+02		3.2800000e+02		3.2750000e+02		2.9701525e+02		2.8341859e+02		4.3054412e+02		3.4113943e+02		1.3656897e+02		2.0457045e+02
3.2800000e+02		3.2900000e+02		3.2850000e+02		2.8673370e+02		2.7370615e+02		4.1567987e+02		3.2935944e+02		1.3167711e+02		1.9768234e+02
3.2900000e+02		3.3000000e+02		3.2950000e+02		3.3379807e+02		3.1877096e+02		4.8388674e+02		3.8338888e+02		1.5288764e+02		2.3050124e+02
3.3000000e+02		3.3100000e+02		3.3050000e+02		3.1443449e+02		3.0036447e+02		4.5588807e+02		3.6120858e+02		1.4395872e+02		2.1724987e+02
3.3100000e+02		3.3200000e+02		3.3150000e+02		3.0087994e+02		2.8753318e+02		4.3622822e+02		3.4562178e+02		1.3743909e+02		2.0818269e+02
3.3200000e+02		3.3300000e+02		3.3250000e+02		2.9519831e+02		2.8217943e+02		4.2807310e+02		3.3916559e+02		1.3483071e+02		2.0433488e+02
3.3300000e+02		3.3400000e+02		3.3350000e+02		2.8364288e+02		2.7125166e+02		4.1128105e+02		3.2584740e+02		1.2917490e+02		1.9667250e+02
3.3400000e+02		3.3500000e+02		3.3450000e+02		2.9883003e+02		2.8586264e+02		4.3335693e+02		3.4333789e+02		1.3598790e+02		2.0734999e+02
3.3500000e+02		3.3600000e+02		3.3550000e+02		2.9511053e+02		2.8238390e+02		4.2801765e+02		3.3910905e+02		1.3421316e+02		2.0489589e+02
3.3600000e+02		3.3700000e+02		3.3650000e+02		2.4313126e+02		2.3271941e+02		3.5264320e+02		2.7938822e+02		1.1041959e+02		1.6896863e+02
3.3700000e+02		3.3800000e+02		3.3750000e+02		2.5649874e+02		2.4557973e+02		3.7209581e+02		2.9480310e+02		1.1646375e+02		1.7833935e+02
3.3800000e+02		3.3900000e+02		3.3850000e+02		2.7748673e+02		2.6575276e+02		4.0258095e+02		3.1895479e+02		1.2587735e+02		1.9307743e+02
3.3900000e+02		3.4000000e+02		3.3950000e+02		2.9040264e+02		2.7822221e+02		4.2129707e+02		3.3377288e+02		1.3143428e+02		2.0233860e+02
3.4000000e+02		3.4100000e+02		3.4050000e+02		3.0654056e+02		2.9375337e+02		4.4480010e+02		3.5239930e+02		1.3875774e+02		2.1364155e+02
3.4100000e+02		3.4200000e+02		3.4150000e+02		2.7979685e+02		2.6819659e+02		4.0603870e+02		3.2169045e+02		1.2656783e+02		1.9512262e+02
3.4200000e+02		3.4300000e+02		3.4250000e+02		3.0344565e+02		2.9098821e+02		4.4029222e+02		3.4881009e+02		1.3680804e+02		2.1200205e+02
3.4300000e+02		3.4400000e+02		3.4350000e+02		2.9822260e+02		2.8605882e+02		4.3272347e+02		3.4280984e+02		1.3427434e+02		2.0853550e+02
3.4400000e+02		3.4500000e+02		3.4450000e+02		2.3986676e+02		2.3014330e+02		3.4808735e+02		2.7576017e+02		1.0793067e+02		1.6782950e+02
3.4500000e+02		3.4600000e+02		3.4550000e+02		2.8907088e+02		2.7741848e+02		4.1954564e+02		3.3237267e+02		1.3002300e+02		2.0234967e+02
3.4600000e+02		3.4700000e+02		3.4650000e+02		2.8069735e+02		2.6947341e+02		4.0737120e+02		3.2271802e+02		1.2597809e+02		1.9673993e+02
3.4700000e+02		3.4800000e+02		3.4750000e+02		2.7782009e+02		2.6676261e+02		4.0327173e+02		3.1947649e+02		1.2472240e+02		1.9475410e+02
3.4800000e+02		3.4900000e+02		3.4850000e+02		2.8744416e+02		2.7608353e+02		4.1723648e+02		3.3053302e+02		1.2882887e+02		2.0170415e+02
3.4900000e+02		3.5000000e+02		3.4950000e+02		2.7550877e+02		2.6467933e+02		3.9995751e+02		3.1684616e+02		1.2342805e+02		1.9341811e+02
3.5000000e+02		3.5100000e+02		3.5050000e+02		3.3002358e+02		3.1712426e+02		4.7915169e+02		3.7958514e+02		1.4778403e+02		2.3180111e+02
3.5100000e+02		3.5200000e+02		3.5150000e+02		3.0660572e+02		2.9472768e+02		4.4510270e+02		3.5259652e+02		1.3691915e+02		2.1567737e+02
3.5200000e+02		3.5300000e+02		3.5250000e+02		2.8324198e+02		2.7231711e+02		4.1126670e+02		3.2579945e+02		1.2654056e+02		1.9925889e+02
3.5300000e+02		3.5400000e+02		3.5350000e+02		3.2405327e+02		3.1161774e+02		4.7059171e+02		3.7279952e+02		1.4475766e+02		2.2804187e+02
3.5400000e+02		3.5500000e+02		3.5450000e+02		3.4586270e+02		3.3268990e+02		5.0222684e+02		3.9784847e+02		1.5416683e+02		2.4368163e+02
3.5500000e+02		3.5600000e+02		3.5550000e+02		3.2478382e+02		3.1248255e+02		4.7166564e+02		3.7363950e+02		1.4469891e+02		2.2894059e+02
3.5600000e+02		3.5700000e+02		3.5650000e+02		2.8234357e+02		2.7165639e+02		4.1018042e+02		3.2495240e+02		1.2609970e+02		1.9885270e+02
3.5700000e+02		3.5800000e+02		3.5750000e+02		2.4674321e+02		2.3750226e+02		3.5837616e+02		2.8389291e+02		1.0976145e+02		1.7413146e+02
3.5800000e+02		3.5900000e+02		3.5850000e+02		2.1181106e+02		2.0393505e+02		3.0761059e+02		2.4367047e+02		9.4015025e+01		1.4965545e+02
3.5900000e+02		3.6000000e+02		3.5950000e+02		3.0582840e+02		2.9448717e+02		4.4429706e+02		3.5196114e+02		1.3598489e+02		2.1597625e+02
3.6000000e+02		3.6100000e+02		3.6050000e+02		3.0178862e+02		2.9067801e+02		4.3836458e+02		3.4724811e+02		1.3384629e+02		2.1340181e+02
3.6100000e+02		3.6200000e+02		3.6150000e+02		2.8033735e+02		2.7007986e+02		4.0724993e+02		3.2260063e+02		1.2426547e+02		1.9833516e+02
3.6200000e+02		3.6300000e+02		3.6250000e+02		3.1645921e+02		3.0495020e+02		4.5972488e+02		3.6416316e+02		1.4009937e+02		2.2406379e+02
3.6300000e+02		3.6400000e+02		3.6350000e+02		3.0810145e+02		2.9694497e+02		4.4763499e+02		3.5458954e+02		1.3638852e+02		2.1820102e+02
3.6400000e+02		3.6500000e+02		3.6450000e+02		3.2221950e+02		3.1061720e+02		4.6817513e+02		3.7085856e+02		1.4253257e+02		2.2832598e+02
3.6500000e+02		3.6600000e+02		3.6550000e+02		3.6674574e+02		3.5363651e+02		5.3283320e+02		4.2206408e+02		1.6190136e+02		2.6016272e+02
3.6600000e+02		3.6700000e+02		3.6650000e+02		3.9198946e+02		3.7803264e+02		5.6958720e+02		4.5118354e+02		1.7307688e+02		2.7810666e+02
3.6700000e+02		3.6800000e+02		3.6750000e+02		3.7850004e+02		3.6506048e+02		5.5010456e+02		4.3576359e+02		1.6728535e+02		2.6847824e+02
3.6800000e+02		3.6900000e+02		3.6850000e+02		3.4895620e+02		3.3666586e+02		5.0710051e+02		4.0168149e+02		1.5382865e+02		2.4785285e+02
3.6900000e+02		3.7000000e+02		3.6950000e+02		3.8736224e+02		3.7373476e+02		5.6310516e+02		4.4606729e+02		1.7114059e+02		2.7492670e+02
3.7000000e+02		3.7100000e+02		3.7050000e+02		3.6351013e+02		3.5087495e+02		5.2819527e+02		4.1837091e+02		1.5969714e+02		2.5867377e+02
3.7100000e+02		3.7200000e+02		3.7150000e+02		3.7529261e+02		3.6228096e+02		5.4544338e+02		4.3204660e+02		1.6506728e+02		2.6697932e+02
3.7200000e+02		3.7300000e+02		3.7250000e+02		3.1177186e+02		3.0097549e+02		4.5325937e+02		3.5904429e+02		1.3739225e+02		2.2165204e+02
3.7300000e+02		3.7400000e+02		3.7350000e+02		2.7192112e+02		2.6255928e+02		3.9530052e+02		3.1312613e+02		1.1964244e+02		1.9348369e+02
3.7400000e+02		3.7500000e+02		3.7450000e+02		2.7832167e+02		2.6883718e+02		4.0447990e+02		3.2037340e+02		1.2193599e+02		1.9843741e+02
3.7500000e+02		3.7600000e+02		3.7550000e+02		3.1876744e+02		3.0793348e+02		4.6336072e+02		3.6702142e+02		1.3980358e+02		2.2721785e+02
3.7600000e+02		3.7700000e+02		3.7650000e+02		3.3048657e+02		3.1929998e+02		4.8046806e+02		3.8057709e+02		1.4498319e+02		2.3559389e+02
3.7700000e+02		3.7800000e+02		3.7750000e+02		3.8770864e+02		3.7467556e+02		5.6362015e+02		4.4642912e+02		1.6977075e+02		2.7665837e+02
3.7800000e+02		3.7900000e+02		3.7850000e+02		4.0380398e+02		3.9029795e+02		5.8703967e+02		4.6497646e+02		1.7669126e+02		2.8828521e+02
3.7900000e+02		3.8000000e+02		3.7950000e+02		3.2744385e+02		3.1651833e+02		4.7613839e+02		3.7714662e+02		1.4344808e+02		2.3369854e+02
3.8000000e+02		3.8100000e+02		3.8050000e+02		3.5656330e+02		3.4472409e+02		5.1847303e+02		4.1067472e+02		1.5604085e+02		2.5463387e+02
3.8100000e+02		3.8200000e+02		3.8150000e+02		3.2019140e+02		3.0970791e+02		4.6535660e+02		3.6855969e+02		1.3924481e+02		2.2931488e+02
3.8200000e+02		3.8300000e+02		3.8250000e+02		2.2964197e+02		2.2208114e+02		3.3397796e+02		2.6454128e+02		1.0046177e+02		1.6407951e+02
3.8300000e+02		3.8400000e+02		3.8350000e+02		2.0267593e+02		1.9605582e+02		2.9470007e+02		2.3341782e+02		8.8399445e+01		1.4501838e+02
3.8400000e+02		3.8500000e+02		3.8450000e+02		2.7111947e+02		2.6230821e+02		3.9422485e+02		3.1224374e+02		1.1814874e+02		1.9409500e+02
3.8500000e+02		3.8600000e+02		3.8550000e+02		2.8715912e+02		2.7783207e+02		4.1765729e+02		3.3081748e+02		1.2536482e+02		2.0545266e+02
3.8600000e+02		3.8700000e+02		3.8650000e+02		2.8837692e+02		2.7911222e+02		4.1929773e+02		3.3209109e+02		1.2534935e+02		2.0674173e+02
3.8700000e+02		3.8800000e+02		3.8750000e+02		2.8805300e+02		2.7880996e+02		4.1890543e+02		3.3179037e+02		1.2535299e+02		2.0643738e+02
3.8800000e+02		3.8900000e+02		3.8850000e+02		2.9209390e+02		2.8274796e+02		4.2485195e+02		3.3650695e+02		1.2719513e+02		2.0931182e+02
3.8900000e+02		3.9000000e+02		3.8950000e+02		3.5069332e+02		3.3953224e+02		5.1006677e+02		4.0399499e+02		1.5252049e+02		2.5147450e+02
3.9000000e+02		3.9100000e+02		3.9050000e+02		3.6838836e+02		3.5678133e+02		5.3566223e+02		4.2423923e+02		1.5960710e+02		2.6463213e+02
3.9100000e+02		3.9200000e+02		3.9150000e+02		3.9613874e+02		3.8364356e+02		5.7617870e+02		4.5635188e+02		1.7202974e+02		2.8432214e+02
3.9200000e+02		3.9300000e+02		3.9250000e+02		3.0403432e+02		2.9446678e+02		4.4232258e+02		3.5034489e+02		1.3220904e+02		2.1813585e+02
3.9300000e+02		3.9400000e+02		3.9350000e+02		1.8639471e+02		1.8055808e+02		2.7114361e+02		2.1475566e+02		8.0912345e+01		1.3384332e+02
3.9400000e+02		3.9500000e+02		3.9450000e+02		3.0813115e+02		2.9847530e+02		4.4841044e+02		3.5518079e+02		1.3416663e+02		2.2101416e+02
3.9500000e+02		3.9600000e+02		3.9550000e+02		3.7840801e+02		3.6675387e+02		5.5028101e+02		4.3580220e+02		1.6337012e+02		2.7243208e+02
3.9600000e+02		3.9700000e+02		3.9650000e+02		2.6140326e+02		2.5332944e+02		3.8022711e+02		3.0114168e+02		1.1312498e+02		1.8801670e+02
3.9700000e+02		3.9800000e+02		3.9750000e+02		2.9300657e+02		2.8397654e+02		4.2624171e+02		3.3759019e+02		1.2685127e+02		2.1073892e+02
3.9800000e+02		3.9900000e+02		3.9850000e+02		4.5124719e+02		4.3737172e+02		6.5637212e+02		5.1984940e+02		1.9514429e+02		3.2470511e+02
3.9900000e+02		4.0000000e+02		3.9950000e+02		4.9846141e+02		4.8311502e+02		7.2511492e+02		5.7430814e+02		2.1576524e+02		3.5854290e+02
4.0000000e+02		4.0100000e+02		4.0050000e+02		5.1407199e+02		4.9843790e+02		7.4789516e+02		5.9233578e+02		2.2216477e+02		3.7017101e+02
4.0100000e+02		4.0200000e+02		4.0150000e+02		5.3860814e+02		5.2231034e+02		7.8370183e+02		6.2069976e+02		2.3279186e+02		3.8790790e+02
4.0200000e+02		4.0300000e+02		4.0250000e+02		5.4526519e+02		5.2872626e+02		7.9368220e+02		6.2864668e+02		2.3641425e+02		3.9223242e+02
4.0300000e+02		4.0400000e+02		4.0350000e+02		5.2165796e+02		5.0604483e+02		7.5892646e+02		6.0104954e+02		2.2478355e+02		3.7626599e+02
4.0400000e+02		4.0500000e+02		4.0450000e+02		5.1300620e+02		4.9773271e+02		7.4629522e+02		5.9103381e+02		2.2075278e+02		3.7028103e+02
4.0500000e+02		4.0600000e+02		4.0550000e+02		5.1256585e+02		4.9722478e+02		7.4605771e+02		5.9090534e+02		2.2165058e+02		3.6925476e+02
4.0600000e+02		4.0700000e+02		4.0650000e+02		4.9035274e+02		4.7565713e+02		7.1394981e+02		5.6550582e+02		2.1258427e+02		3.5292154e+02
4.0700000e+02		4.0800000e+02		4.0750000e+02		4.9838294e+02		4.8356833e+02		7.2549310e+02		5.7461934e+02		2.1542900e+02		3.5919034e+02
4.0800000e+02		4.0900000e+02		4.0850000e+02		5.2990289e+02		5.1431580e+02		7.7110996e+02		6.1070126e+02		2.2805046e+02		3.8265080e+02
4.0900000e+02		4.1000000e+02		4.0950000e+02		5.2713439e+02		5.1162684e+02		7.6723423e+02		6.0765293e+02		2.2720018e+02		3.8045276e+02
4.1000000e+02		4.1100000e+02		4.1050000e+02		4.8293937e+02		4.6880095e+02		7.0291963e+02		5.5671024e+02		2.0799561e+02		3.4871463e+02
4.1100000e+02		4.1200000e+02		4.1150000e+02		5.5986852e+02		5.4354435e+02		8.1489560e+02		6.4539014e+02		2.4096974e+02		4.0442040e+02
4.1200000e+02		4.1300000e+02		4.1250000e+02		5.4940473e+02		5.3343341e+02		7.9970672e+02		6.3336246e+02		2.3643467e+02		3.9692778e+02
4.1300000e+02		4.1400000e+02		4.1350000e+02		5.2995399e+02		5.1457479e+02		7.7149628e+02		6.1103113e+02		2.2821814e+02		3.8281299e+02
4.1400000e+02		4.1500000e+02		4.1450000e+02		5.3771640e+02		5.2221068e+02		7.8270129e+02		6.1988491e+02		2.3109970e+02		3.8878521e+02
4.1500000e+02		4.1600000e+02		4.1550000e+02		5.3722776e+02		5.2160137e+02		7.8250174e+02		6.1980599e+02		2.3235463e+02		3.8745137e+02
4.1600000e+02		4.1700000e+02		4.1650000e+02		5.5745703e+02		5.4146204e+02		8.1155641e+02		6.4274728e+02		2.3964345e+02		4.0310383e+02
4.1700000e+02		4.1800000e+02		4.1750000e+02		5.0725322e+02		4.9282869e+02		7.3828310e+02		5.8467983e+02		2.1732213e+02		3.6735770e+02
4.1800000e+02		4.1900000e+02		4.1850000e+02		5.2601513e+02		5.1106478e+02		7.6565244e+02		6.0636411e+02		2.2548063e+02		3.8088348e+02
4.1900000e+02		4.2000000e+02		4.1950000e+02		5.3123875e+02		5.1612270e+02		7.7350871e+02		6.1261987e+02		2.2831474e+02		3.8430512e+02
4.2000000e+02		4.2100000e+02		4.2050000e+02		5.3797708e+02		5.2277117e+02		7.8319295e+02		6.2026497e+02		2.3067282e+02		3.8959216e+02
4.2100000e+02		4.2200000e+02		4.2150000e+02		5.2958361e+02		5.1462945e+02		7.7111329e+02		6.1071482e+02		2.2734043e+02		3.8337439e+02
4.2200000e+02		4.2300000e+02		4.2250000e+02		5.0190537e+02		4.8784390e+02		7.3065618e+02		5.7864349e+02		2.1483414e+02		3.6380935e+02
4.2300000e+02		4.2400000e+02		4.2350000e+02		5.3474862e+02		5.1978660e+02		7.7856414e+02		6.1659536e+02		2.2905198e+02		3.8754338e+02
4.2400000e+02		4.2500000e+02		4.2450000e+02		5.5328403e+02		5.3786356e+02		8.0554956e+02		6.3796160e+02		2.3683450e+02		4.0112710e+02
4.2500000e+02		4.2600000e+02		4.2550000e+02		5.3248014e+02		5.1767687e+02		7.7530070e+02		6.1400820e+02		2.2792235e+02		3.8608584e+02
4.2600000e+02		4.2700000e+02		4.2650000e+02		5.3029841e+02		5.1555629e+02		7.7226983e+02		6.1162703e+02		2.2730582e+02		3.8432121e+02
4.2700000e+02		4.2800000e+02		4.2750000e+02		4.9171747e+02		4.7808241e+02		7.1611474e+02		5.6715438e+02		2.1074654e+02		3.5640784e+02
4.2800000e+02		4.2900000e+02		4.2850000e+02		4.9494538e+02		4.8131326e+02		7.2070577e+02		5.7076808e+02		2.1165237e+02		3.5911570e+02
4.2900000e+02		4.3000000e+02		4.2950000e+02		4.6063718e+02		4.4797441e+02		6.7080770e+02		5.3125667e+02		1.9704794e+02		3.3420873e+02
4.3000000e+02		4.3100000e+02		4.3050000e+02		3.7055843e+02		3.6034833e+02		5.3979333e+02		4.2752127e+02		1.5893290e+02		2.6858837e+02
4.3100000e+02		4.3200000e+02		4.3150000e+02		4.5818753e+02		4.4567691e+02		6.6717108e+02		5.2836259e+02		1.9563641e+02		3.3272618e+02
4.3200000e+02		4.3300000e+02		4.3250000e+02		5.1625369e+02		5.0235420e+02		7.5144224e+02		5.9504421e+02		2.1930692e+02		3.7573729e+02
4.3300000e+02		4.3400000e+02		4.3350000e+02		5.6047485e+02		5.4508848e+02		8.1669722e+02		6.4686104e+02		2.4079648e+02		4.0606456e+02
4.3400000e+02		4.3500000e+02		4.3450000e+02		4.7595241e+02		4.6330234e+02		6.9250394e+02		5.4832448e+02		2.0116455e+02		3.4715993e+02
4.3500000e+02		4.3600000e+02		4.3550000e+02		5.3162725e+02		5.1718891e+02		7.7460252e+02		6.1349671e+02		2.2786669e+02		3.8563002e+02
4.3600000e+02		4.3700000e+02		4.3650000e+02		5.9481241e+02		5.7864964e+02		8.6671108e+02		6.8645809e+02		2.5507752e+02		4.3138057e+02
4.3700000e+02		4.3800000e+02		4.3750000e+02		5.2629983e+02		5.1226357e+02		7.6621662e+02		6.0675626e+02		2.2357212e+02		3.8318414e+02
4.3800000e+02		4.3900000e+02		4.3850000e+02		5.1257868e+02		4.9879960e+02		7.4673842e+02		5.9140436e+02		2.1910522e+02		3.7229914e+02
4.3900000e+02		4.4000000e+02		4.3950000e+02		5.7051902e+02		5.5533880e+02		8.3080942e+02		6.5793087e+02		2.4273544e+02		4.1519543e+02
4.4000000e+02		4.4100000e+02		4.4050000e+02		5.4089681e+02		5.2646732e+02		7.8791946e+02		6.2400069e+02		2.3076643e+02		3.9323426e+02
4.4100000e+02		4.4200000e+02		4.4150000e+02		5.9491633e+02		5.7894160e+02		8.6650215e+02		6.8624060e+02		2.5387215e+02		4.3236845e+02
4.4200000e+02		4.4300000e+02		4.4250000e+02		6.2544254e+02		6.0861361e+02		9.1082627e+02		7.2133632e+02		2.6670481e+02		4.5463152e+02
4.4300000e+02		4.4400000e+02		4.4350000e+02		6.0497206e+02		5.8872795e+02		8.8112895e+02		6.9782789e+02		2.5813322e+02		4.3969467e+02
4.4400000e+02		4.4500000e+02		4.4450000e+02		6.2324411e+02		6.0642768e+02		9.0744410e+02		7.1864997e+02		2.6552079e+02		4.5312918e+02
4.4500000e+02		4.4600000e+02		4.4550000e+02		5.7783999e+02		5.6234961e+02		8.4132482e+02		6.6627422e+02		2.4588826e+02		4.2038596e+02
4.4600000e+02		4.4700000e+02		4.4650000e+02		5.8940025e+02		5.7382248e+02		8.5845963e+02		6.7984940e+02		2.5086239e+02		4.2898701e+02
4.4700000e+02		4.4800000e+02		4.4750000e+02		6.3881895e+02		6.2205606e+02		9.3045279e+02		7.3685136e+02		2.7160860e+02		4.6524276e+02
4.4800000e+02		4.4900000e+02		4.4850000e+02		6.2805979e+02		6.1170298e+02		9.1480093e+02		7.2444391e+02		2.6674791e+02		4.5769600e+02
4.4900000e+02		4.5000000e+02		4.4950000e+02		6.3454704e+02		6.1798499e+02		9.2473283e+02		7.3236981e+02		2.7063739e+02		4.6173242e+02
4.5000000e+02		4.5100000e+02		4.5050000e+02		6.7325368e+02		6.5561363e+02		9.8127611e+02		7.7717975e+02		2.8762852e+02		4.8955123e+02
4.5100000e+02		4.5200000e+02		4.5150000e+02		6.7122600e+02		6.5386019e+02		9.7793634e+02		7.7446333e+02		2.8535009e+02		4.8911324e+02
4.5200000e+02		4.5300000e+02		4.5250000e+02		6.3541039e+02		6.1894724e+02		9.2594877e+02		7.3332010e+02		2.7060909e+02		4.6271101e+02
4.5300000e+02		4.5400000e+02		4.5350000e+02		6.0888666e+02		5.9319213e+02		8.8723264e+02		7.0264201e+02		2.5896120e+02		4.4368081e+02
4.5400000e+02		4.5500000e+02		4.5450000e+02		6.4999363e+02		6.3319637e+02		9.4733251e+02		7.5026942e+02		2.7699781e+02		4.7327161e+02
4.5500000e+02		4.5600000e+02		4.5550000e+02		6.4380306e+02		6.2734014e+02		9.3797965e+02		7.4280347e+02		2.7318917e+02		4.6961430e+02
4.5600000e+02		4.5700000e+02		4.5650000e+02		6.6853861e+02		6.5136457e+02		9.7435628e+02		7.7166227e+02		2.8462742e+02		4.8703485e+02
4.5700000e+02		4.5800000e+02		4.5750000e+02		6.7499745e+02		6.5780992e+02		9.8348793e+02		7.7884426e+02		2.8637030e+02		4.9247395e+02
4.5800000e+02		4.5900000e+02		4.5850000e+02		6.3439039e+02		6.1823028e+02		9.2445616e+02		7.3211416e+02		2.6945217e+02		4.6266200e+02
4.5900000e+02		4.6000000e+02		4.5950000e+02		6.5539586e+02		6.3869969e+02		9.5516647e+02		7.5644895e+02		2.7859774e+02		4.7785121e+02
4.6000000e+02		4.6100000e+02		4.6050000e+02		6.4752339e+02		6.3107326e+02		9.4371613e+02		7.4737933e+02		2.7518310e+02		4.7219622e+02
4.6100000e+02		4.6200000e+02		4.6150000e+02		6.6245412e+02		6.4560276e+02		9.6564195e+02		7.6476771e+02		2.8194730e+02		4.8282041e+02
4.6200000e+02		4.6300000e+02		4.6250000e+02		6.6901120e+02		6.5218387e+02		9.7481468e+02		7.7196512e+02		2.8340548e+02		4.8855964e+02
4.6300000e+02		4.6400000e+02		4.6350000e+02		6.4662616e+02		6.3027690e+02		9.4253816e+02		7.4645739e+02		2.7488599e+02		4.7157140e+02
4.6400000e+02		4.6500000e+02		4.6450000e+02		6.5795753e+02		6.4144496e+02		9.5879332e+02		7.5928721e+02		2.7881776e+02		4.8046945e+02
4.6500000e+02		4.6600000e+02		4.6550000e+02		6.3552746e+02		6.1955890e+02		9.2634984e+02		7.3362607e+02		2.6988584e+02		4.6374024e+02
4.6600000e+02		4.6700000e+02		4.6650000e+02		6.3955371e+02		6.2359769e+02		9.3198764e+02		7.3805180e+02		2.7080133e+02		4.6725047e+02
4.6700000e+02		4.6800000e+02		4.6750000e+02		6.4572639e+02		6.2956980e+02		9.4100394e+02		7.4520328e+02		2.7359174e+02		4.7161154e+02
4.6800000e+02		4.6900000e+02		4.6850000e+02		6.3145002e+02		6.1572948e+02		9.2013297e+02		7.2865871e+02		2.6719344e+02		4.6146528e+02
4.6900000e+02		4.7000000e+02		4.6950000e+02		6.4956875e+02		6.3327526e+02		9.4678733e+02		7.4981393e+02		2.7573345e+02		4.7408048e+02
4.7000000e+02		4.7100000e+02		4.7050000e+02		6.1381170e+02		5.9845341e+02		8.9464162e+02		7.0851058e+02		2.6039805e+02		4.4811253e+02
4.7100000e+02		4.7200000e+02		4.7150000e+02		6.4174114e+02		6.2574700e+02		9.3521497e+02		7.4062091e+02		2.7179458e+02		4.6882632e+02
4.7200000e+02		4.7300000e+02		4.7250000e+02		6.5742798e+02		6.4108263e+02		9.5804877e+02		7.5869727e+02		2.7827922e+02		4.8041805e+02
4.7300000e+02		4.7400000e+02		4.7350000e+02		6.4563741e+02		6.2953882e+02		9.4080555e+02		7.4504387e+02		2.7328787e+02		4.7175599e+02
4.7400000e+02		4.7500000e+02		4.7450000e+02		6.6512717e+02		6.4869791e+02		9.6934185e+02		7.6763797e+02		2.8141520e+02		4.8622277e+02
4.7500000e+02		4.7600000e+02		4.7550000e+02		6.6365303e+02		6.4730613e+02		9.6745910e+02		7.6617251e+02		2.8124088e+02		4.8493164e+02
4.7600000e+02		4.7700000e+02		4.7650000e+02		6.3952653e+02		6.2384392e+02		9.3224192e+02		7.3826968e+02		2.7073424e+02		4.6753544e+02
4.7700000e+02		4.7800000e+02		4.7750000e+02		6.6772274e+02		6.5138002e+02		9.7337020e+02		7.7084102e+02		2.8264777e+02		4.8819326e+02
4.7800000e+02		4.7900000e+02		4.7850000e+02		6.6128260e+02		6.4521985e+02		9.6375281e+02		7.6318405e+02		2.7910631e+02		4.8407774e+02
4.7900000e+02		4.8000000e+02		4.7950000e+02		6.6320839e+02		6.4708324e+02		9.6670276e+02		7.6554036e+02		2.8027255e+02		4.8526781e+02
4.8000000e+02		4.8100000e+02		4.8050000e+02		6.6489751e+02		6.4870450e+02		9.6940794e+02		7.6771515e+02		2.8158221e+02		4.8613294e+02
4.8100000e+02		4.8200000e+02		4.8150000e+02		6.6630748e+02		6.5001501e+02		9.7164760e+02		7.6952114e+02		2.8275455e+02		4.8676659e+02
4.8200000e+02		4.8300000e+02		4.8250000e+02		6.6376999e+02		6.4759591e+02		9.6789947e+02		7.6654144e+02		2.8142815e+02		4.8511329e+02
4.8300000e+02		4.8400000e+02		4.8350000e+02		6.5373157e+02		6.3793533e+02		9.5293212e+02		7.5463423e+02		2.7611257e+02		4.7852167e+02
4.8400000e+02		4.8500000e+02		4.8450000e+02		6.4242337e+02		6.2674344e+02		9.3687106e+02		7.4198615e+02		2.7266718e+02		4.6931898e+02
4.8500000e+02		4.8600000e+02		4.8550000e+02		6.0369332e+02		5.8901580e+02		8.8002100e+02		6.9691484e+02		2.5529188e+02		4.4162297e+02
4.8600000e+02		4.8700000e+02		4.8650000e+02		5.2412565e+02		5.1144942e+02		7.6411718e+02		6.0512877e+02		2.2164773e+02		3.8348104e+02
4.8700000e+02		4.8800000e+02		4.8750000e+02		5.9966111e+02		5.8509244e+02		8.7431393e+02		6.9241629e+02		2.5393097e+02		4.3848533e+02
4.8800000e+02		4.8900000e+02		4.8850000e+02		6.3081686e+02		6.1554017e+02		9.1969486e+02		7.2834582e+02		2.6690103e+02		4.6144479e+02
4.8900000e+02		4.9000000e+02		4.8950000e+02		6.1880396e+02		6.0391898e+02		9.0202986e+02		7.1432690e+02		2.6122795e+02		4.5309896e+02
4.9000000e+02		4.9100000e+02		4.9050000e+02		6.5907671e+02		6.4322898e+02		9.6094860e+02		7.6101011e+02		2.7867314e+02		4.8233696e+02
4.9100000e+02		4.9200000e+02		4.9150000e+02		6.2110374e+02		6.0625382e+02		9.0538060e+02		7.1697111e+02		2.6195992e+02		4.5501118e+02
4.9200000e+02		4.9300000e+02		4.9250000e+02		5.9112858e+02		5.7698441e+02		8.6204917e+02		6.8270057e+02		2.5012712e+02		4.3257345e+02
4.9300000e+02		4.9400000e+02		4.9350000e+02		6.2472140e+02		6.0982174e+02		9.1100984e+02		7.2146687e+02		2.6415521e+02		4.5731165e+02
4.9400000e+02		4.9500000e+02		4.9450000e+02		6.4279699e+02		6.2751743e+02		9.3733845e+02		7.4230871e+02		2.7159910e+02		4.7070961e+02
4.9500000e+02		4.9600000e+02		4.9550000e+02		6.3133158e+02		6.1629546e+02		9.2077513e+02		7.2921488e+02		2.6717024e+02		4.6204465e+02
4.9600000e+02		4.9700000e+02		4.9650000e+02		6.3921352e+02		6.2406393e+02		9.3214876e+02		7.3819996e+02		2.7004873e+02		4.6815122e+02
4.9700000e+02		4.9800000e+02		4.9750000e+02		6.5113923e+02		6.3574432e+02		9.4951595e+02		7.5194744e+02		2.7493952e+02		4.7700791e+02
4.9800000e+02		4.9900000e+02		4.9850000e+02		5.9175801e+02		5.7772073e+02		8.6307757e+02		6.8351973e+02		2.5032311e+02		4.3319661e+02
4.9900000e+02		5.0000000e+02		4.9950000e+02		6.3385792e+02		6.1876914e+02		9.2446588e+02		7.3214405e+02		2.6824791e+02		4.6389613e+02
