Left Bin Edge (nm)	Right Bin Edge (nm)	Bin Center (nm)		Top of Atm Intensity (erg/s/nm/cm2)		Total Surface Flux (erg/s/nm/cm2)		Total Intensity at BOA (erg/s/nm/cm2)		Total Surface Intensity (erg/s/nm/cm2)		Total Surface Diffuse Intensity (erg/s/nm/cm2)		Total Surface Direct Intensity (erg/s/nm/cm2)
1.0000000e+02		1.0100000e+02		1.0050000e+02		1.9189487e-02		0.0000000e+00		0.0000000e+00		0.0000000e+00		0.0000000e+00		0.0000000e+00
1.0100000e+02		1.0200000e+02		1.0150000e+02		7.4861701e-02		0.0000000e+00		0.0000000e+00		0.0000000e+00		0.0000000e+00		0.0000000e+00
1.0200000e+02		1.0300000e+02		1.0250000e+02		3.9734366e-01		0.0000000e+00		0.0000000e+00		0.0000000e+00		0.0000000e+00		0.0000000e+00
1.0300000e+02		1.0400000e+02		1.0350000e+02		3.0179545e-01		0.0000000e+00		0.0000000e+00		0.0000000e+00		0.0000000e+00		0.0000000e+00
1.0400000e+02		1.0500000e+02		1.0450000e+02		6.0815352e-02		0.0000000e+00		0.0000000e+00		0.0000000e+00		0.0000000e+00		0.0000000e+00
1.0500000e+02		1.0600000e+02		1.0550000e+02		2.0834600e-02		0.0000000e+00		0.0000000e+00		0.0000000e+00		0.0000000e+00		0.0000000e+00
1.0600000e+02		1.0700000e+02		1.0650000e+02		1.9584792e-02		0.0000000e+00		0.0000000e+00		0.0000000e+00		0.0000000e+00		0.0000000e+00
1.0700000e+02		1.0800000e+02		1.0750000e+02		2.1853879e-02		0.0000000e+00		0.0000000e+00		0.0000000e+00		0.0000000e+00		0.0000000e+00
1.0800000e+02		1.0900000e+02		1.0850000e+02		3.0634999e-02		0.0000000e+00		0.0000000e+00		0.0000000e+00		0.0000000e+00		0.0000000e+00
1.0900000e+02		1.1000000e+02		1.0950000e+02		2.4032561e-02		0.0000000e+00		0.0000000e+00		0.0000000e+00		0.0000000e+00		0.0000000e+00
1.1000000e+02		1.1100000e+02		1.1050000e+02		2.3268893e-02		0.0000000e+00		0.0000000e+00		0.0000000e+00		0.0000000e+00		0.0000000e+00
1.1100000e+02		1.1200000e+02		1.1150000e+02		2.1871272e-02		0.0000000e+00		0.0000000e+00		0.0000000e+00		0.0000000e+00		0.0000000e+00
1.1200000e+02		1.1300000e+02		1.1250000e+02		2.2375602e-02		0.0000000e+00		0.0000000e+00		0.0000000e+00		0.0000000e+00		0.0000000e+00
1.1300000e+02		1.1400000e+02		1.1350000e+02		1.7748133e-02		0.0000000e+00		0.0000000e+00		0.0000000e+00		0.0000000e+00		0.0000000e+00
1.1400000e+02		1.1500000e+02		1.1450000e+02		1.3589480e-02		0.0000000e+00		0.0000000e+00		0.0000000e+00		0.0000000e+00		0.0000000e+00
1.1500000e+02		1.1600000e+02		1.1550000e+02		1.8751615e-02		0.0000000e+00		0.0000000e+00		0.0000000e+00		0.0000000e+00		0.0000000e+00
1.1600000e+02		1.1700000e+02		1.1650000e+02		4.3674487e-02		0.0000000e+00		0.0000000e+00		0.0000000e+00		0.0000000e+00		0.0000000e+00
1.1700000e+02		1.1800000e+02		1.1750000e+02		1.5546757e-01		0.0000000e+00		0.0000000e+00		0.0000000e+00		0.0000000e+00		0.0000000e+00
1.1800000e+02		1.1900000e+02		1.1850000e+02		5.2889236e-02		0.0000000e+00		0.0000000e+00		0.0000000e+00		0.0000000e+00		0.0000000e+00
1.1900000e+02		1.2000000e+02		1.1950000e+02		7.3692884e-02		0.0000000e+00		0.0000000e+00		0.0000000e+00		0.0000000e+00		0.0000000e+00
1.2000000e+02		1.2100000e+02		1.2050000e+02		4.0066072e-01		0.0000000e+00		0.0000000e+00		0.0000000e+00		0.0000000e+00		0.0000000e+00
1.2100000e+02		1.2200000e+02		1.2150000e+02		1.5905289e+01		0.0000000e+00		0.0000000e+00		0.0000000e+00		0.0000000e+00		0.0000000e+00
1.2200000e+02		1.2300000e+02		1.2250000e+02		1.0666543e-01		0.0000000e+00		0.0000000e+00		0.0000000e+00		0.0000000e+00		0.0000000e+00
1.2300000e+02		1.2400000e+02		1.2350000e+02		5.7456553e-02		0.0000000e+00		0.0000000e+00		0.0000000e+00		0.0000000e+00		0.0000000e+00
1.2400000e+02		1.2500000e+02		1.2450000e+02		4.6184197e-02		0.0000000e+00		0.0000000e+00		0.0000000e+00		0.0000000e+00		0.0000000e+00
1.2500000e+02		1.2600000e+02		1.2550000e+02		4.5085118e-02		0.0000000e+00		0.0000000e+00		0.0000000e+00		0.0000000e+00		0.0000000e+00
1.2600000e+02		1.2700000e+02		1.2650000e+02		6.3054464e-02		0.0000000e+00		0.0000000e+00		0.0000000e+00		0.0000000e+00		0.0000000e+00
1.2700000e+02		1.2800000e+02		1.2750000e+02		3.3006429e-02		0.0000000e+00		0.0000000e+00		0.0000000e+00		0.0000000e+00		0.0000000e+00
1.2800000e+02		1.2900000e+02		1.2850000e+02		2.6335196e-02		0.0000000e+00		0.0000000e+00		0.0000000e+00		0.0000000e+00		0.0000000e+00
1.2900000e+02		1.3000000e+02		1.2950000e+02		3.5131240e-02		0.0000000e+00		0.0000000e+00		0.0000000e+00		0.0000000e+00		0.0000000e+00
1.3000000e+02		1.3100000e+02		1.3050000e+02		2.8850634e-01		0.0000000e+00		0.0000000e+00		0.0000000e+00		0.0000000e+00		0.0000000e+00
1.3100000e+02		1.3200000e+02		1.3150000e+02		3.9064855e-02		0.0000000e+00		0.0000000e+00		0.0000000e+00		0.0000000e+00		0.0000000e+00
1.3200000e+02		1.3300000e+02		1.3250000e+02		3.0374778e-02		0.0000000e+00		0.0000000e+00		0.0000000e+00		0.0000000e+00		0.0000000e+00
1.3300000e+02		1.3400000e+02		1.3350000e+02		4.1056606e-01		0.0000000e+00		0.0000000e+00		0.0000000e+00		0.0000000e+00		0.0000000e+00
1.3400000e+02		1.3500000e+02		1.3450000e+02		2.8092500e-02		0.0000000e+00		0.0000000e+00		0.0000000e+00		0.0000000e+00		0.0000000e+00
1.3500000e+02		1.3600000e+02		1.3550000e+02		5.8954708e-02		0.0000000e+00		0.0000000e+00		0.0000000e+00		0.0000000e+00		0.0000000e+00
1.3600000e+02		1.3700000e+02		1.3650000e+02		3.8690656e-02		0.0000000e+00		0.0000000e+00		0.0000000e+00		0.0000000e+00		0.0000000e+00
1.3700000e+02		1.3800000e+02		1.3750000e+02		3.9732879e-02		0.0000000e+00		0.0000000e+00		0.0000000e+00		0.0000000e+00		0.0000000e+00
1.3800000e+02		1.3900000e+02		1.3850000e+02		4.0549866e-02		0.0000000e+00		0.0000000e+00		0.0000000e+00		0.0000000e+00		0.0000000e+00
1.3900000e+02		1.4000000e+02		1.3950000e+02		1.3692187e-01		0.0000000e+00		0.0000000e+00		0.0000000e+00		0.0000000e+00		0.0000000e+00
1.4000000e+02		1.4100000e+02		1.4050000e+02		1.1939088e-01		0.0000000e+00		0.0000000e+00		0.0000000e+00		0.0000000e+00		0.0000000e+00
1.4100000e+02		1.4200000e+02		1.4150000e+02		5.7521948e-02		0.0000000e+00		0.0000000e+00		0.0000000e+00		0.0000000e+00		0.0000000e+00
1.4200000e+02		1.4300000e+02		1.4250000e+02		6.2343151e-02		0.0000000e+00		0.0000000e+00		0.0000000e+00		0.0000000e+00		0.0000000e+00
1.4300000e+02		1.4400000e+02		1.4350000e+02		6.9165895e-02		0.0000000e+00		0.0000000e+00		0.0000000e+00		0.0000000e+00		0.0000000e+00
1.4400000e+02		1.4500000e+02		1.4450000e+02		6.6149126e-02		0.0000000e+00		0.0000000e+00		0.0000000e+00		0.0000000e+00		0.0000000e+00
1.4500000e+02		1.4600000e+02		1.4550000e+02		7.0536262e-02		0.0000000e+00		0.0000000e+00		0.0000000e+00		0.0000000e+00		0.0000000e+00
1.4600000e+02		1.4700000e+02		1.4650000e+02		8.6012655e-02		0.0000000e+00		0.0000000e+00		0.0000000e+00		0.0000000e+00		0.0000000e+00
1.4700000e+02		1.4800000e+02		1.4750000e+02		1.0610345e-01		0.0000000e+00		0.0000000e+00		0.0000000e+00		0.0000000e+00		0.0000000e+00
1.4800000e+02		1.4900000e+02		1.4850000e+02		1.0405386e-01		0.0000000e+00		0.0000000e+00		0.0000000e+00		0.0000000e+00		0.0000000e+00
1.4900000e+02		1.5000000e+02		1.4950000e+02		9.4002421e-02		0.0000000e+00		0.0000000e+00		0.0000000e+00		0.0000000e+00		0.0000000e+00
1.5000000e+02		1.5100000e+02		1.5050000e+02		1.0343288e-01		0.0000000e+00		0.0000000e+00		0.0000000e+00		0.0000000e+00		0.0000000e+00
1.5100000e+02		1.5200000e+02		1.5150000e+02		1.0875212e-01		0.0000000e+00		0.0000000e+00		0.0000000e+00		0.0000000e+00		0.0000000e+00
1.5200000e+02		1.5300000e+02		1.5250000e+02		1.3876638e-01		0.0000000e+00		0.0000000e+00		0.0000000e+00		0.0000000e+00		0.0000000e+00
1.5300000e+02		1.5400000e+02		1.5350000e+02		1.5371418e-01		0.0000000e+00		0.0000000e+00		0.0000000e+00		0.0000000e+00		0.0000000e+00
1.5400000e+02		1.5500000e+02		1.5450000e+02		4.1112511e-01		0.0000000e+00		0.0000000e+00		0.0000000e+00		0.0000000e+00		0.0000000e+00
1.5500000e+02		1.5600000e+02		1.5550000e+02		3.3836363e-01		0.0000000e+00		0.0000000e+00		0.0000000e+00		0.0000000e+00		0.0000000e+00
1.5600000e+02		1.5700000e+02		1.5650000e+02		2.0084632e-01		0.0000000e+00		0.0000000e+00		0.0000000e+00		0.0000000e+00		0.0000000e+00
1.5700000e+02		1.5800000e+02		1.5750000e+02		1.8216796e-01		0.0000000e+00		0.0000000e+00		0.0000000e+00		0.0000000e+00		0.0000000e+00
1.5800000e+02		1.5900000e+02		1.5850000e+02		1.6795176e-01		0.0000000e+00		0.0000000e+00		0.0000000e+00		0.0000000e+00		0.0000000e+00
1.5900000e+02		1.6000000e+02		1.5950000e+02		1.6379377e-01		0.0000000e+00		0.0000000e+00		0.0000000e+00		0.0000000e+00		0.0000000e+00
1.6000000e+02		1.6100000e+02		1.6050000e+02		1.7926410e-01		0.0000000e+00		0.0000000e+00		0.0000000e+00		0.0000000e+00		0.0000000e+00
1.6100000e+02		1.6200000e+02		1.6150000e+02		2.0306941e-01		0.0000000e+00		0.0000000e+00		0.0000000e+00		0.0000000e+00		0.0000000e+00
1.6200000e+02		1.6300000e+02		1.6250000e+02		2.2492895e-01		0.0000000e+00		0.0000000e+00		0.0000000e+00		0.0000000e+00		0.0000000e+00
1.6300000e+02		1.6400000e+02		1.6350000e+02		4.7671727e-01		0.0000000e+00		0.0000000e+00		0.0000000e+00		0.0000000e+00		0.0000000e+00
1.6400000e+02		1.6500000e+02		1.6450000e+02		4.8753270e-01		0.0000000e+00		0.0000000e+00		0.0000000e+00		0.0000000e+00		0.0000000e+00
1.6500000e+02		1.6600000e+02		1.6550000e+02		5.7072689e-01		0.0000000e+00		0.0000000e+00		0.0000000e+00		0.0000000e+00		0.0000000e+00
1.6600000e+02		1.6700000e+02		1.6650000e+02		2.6919628e-01		0.0000000e+00		0.0000000e+00		0.0000000e+00		0.0000000e+00		0.0000000e+00
1.6700000e+02		1.6800000e+02		1.6750000e+02		2.8728373e-01		0.0000000e+00		0.0000000e+00		0.0000000e+00		0.0000000e+00		0.0000000e+00
1.6800000e+02		1.6900000e+02		1.6850000e+02		3.0958866e-01		0.0000000e+00		0.0000000e+00		0.0000000e+00		0.0000000e+00		0.0000000e+00
1.6900000e+02		1.7000000e+02		1.6950000e+02		3.8988989e-01		0.0000000e+00		0.0000000e+00		0.0000000e+00		0.0000000e+00		0.0000000e+00
1.7000000e+02		1.7100000e+02		1.7050000e+02		4.3752516e-01		0.0000000e+00		0.0000000e+00		0.0000000e+00		0.0000000e+00		0.0000000e+00
1.7100000e+02		1.7200000e+02		1.7150000e+02		4.3618394e-01		0.0000000e+00		0.0000000e+00		0.0000000e+00		0.0000000e+00		0.0000000e+00
1.7200000e+02		1.7300000e+02		1.7250000e+02		4.5514763e-01		0.0000000e+00		0.0000000e+00		0.0000000e+00		0.0000000e+00		0.0000000e+00
1.7300000e+02		1.7400000e+02		1.7350000e+02		4.5120572e-01		0.0000000e+00		0.0000000e+00		0.0000000e+00		0.0000000e+00		0.0000000e+00
1.7400000e+02		1.7500000e+02		1.7450000e+02		5.3951828e-01		0.0000000e+00		0.0000000e+00		0.0000000e+00		0.0000000e+00		0.0000000e+00
1.7500000e+02		1.7600000e+02		1.7550000e+02		6.4389120e-01		0.0000000e+00		0.0000000e+00		0.0000000e+00		0.0000000e+00		0.0000000e+00
1.7600000e+02		1.7700000e+02		1.7650000e+02		6.9472845e-01		0.0000000e+00		0.0000000e+00		0.0000000e+00		0.0000000e+00		0.0000000e+00
1.7700000e+02		1.7800000e+02		1.7750000e+02		8.1849614e-01		0.0000000e+00		0.0000000e+00		0.0000000e+00		0.0000000e+00		0.0000000e+00
1.7800000e+02		1.7900000e+02		1.7850000e+02		8.9455089e-01		0.0000000e+00		0.0000000e+00		0.0000000e+00		0.0000000e+00		0.0000000e+00
1.7900000e+02		1.8000000e+02		1.7950000e+02		8.6966614e-01		0.0000000e+00		0.0000000e+00		0.0000000e+00		0.0000000e+00		0.0000000e+00
1.8000000e+02		1.8100000e+02		1.8050000e+02		1.0753674e+00		0.0000000e+00		0.0000000e+00		0.0000000e+00		0.0000000e+00		0.0000000e+00
1.8100000e+02		1.8200000e+02		1.8150000e+02		1.3093431e+00		0.0000000e+00		0.0000000e+00		0.0000000e+00		0.0000000e+00		0.0000000e+00
1.8200000e+02		1.8300000e+02		1.8250000e+02		1.2087370e+00		0.0000000e+00		0.0000000e+00		0.0000000e+00		0.0000000e+00		0.0000000e+00
1.8300000e+02		1.8400000e+02		1.8350000e+02		1.2728289e+00		0.0000000e+00		0.0000000e+00		0.0000000e+00		0.0000000e+00		0.0000000e+00
1.8400000e+02		1.8500000e+02		1.8450000e+02		1.0940339e+00		0.0000000e+00		0.0000000e+00		0.0000000e+00		0.0000000e+00		0.0000000e+00
1.8500000e+02		1.8600000e+02		1.8550000e+02		1.2372281e+00		0.0000000e+00		0.0000000e+00		0.0000000e+00		0.0000000e+00		0.0000000e+00
1.8600000e+02		1.8700000e+02		1.8650000e+02		1.4037992e+00		0.0000000e+00		0.0000000e+00		0.0000000e+00		0.0000000e+00		0.0000000e+00
1.8700000e+02		1.8800000e+02		1.8750000e+02		1.5907538e+00		0.0000000e+00		0.0000000e+00		0.0000000e+00		0.0000000e+00		0.0000000e+00
1.8800000e+02		1.8900000e+02		1.8850000e+02		1.6735993e+00		6.2941811e-223		0.0000000e+00		6.3204198e-223		6.2081401e-225		6.2583384e-223
1.8900000e+02		1.9000000e+02		1.8950000e+02		1.8559600e+00		3.7624820e-153		0.0000000e+00		3.7858591e-153		5.5310792e-155		3.7305483e-153
1.9000000e+02		1.9100000e+02		1.9050000e+02		1.9109940e+00		1.8560089e-104		0.0000000e+00		1.8735555e-104		4.1515693e-106		1.8320398e-104
1.9100000e+02		1.9200000e+02		1.9150000e+02		2.0707336e+00		1.8678065e-77		5.1244841e-75		1.8928235e-77		5.9190809e-79		1.8336327e-77
1.9200000e+02		1.9300000e+02		1.9250000e+02		2.1685186e+00		7.1717408e-59		3.9157807e-57		7.3067222e-59		3.1936943e-60		6.9873528e-59
1.9300000e+02		1.9400000e+02		1.9350000e+02		1.6554009e+00		4.2002303e-47		8.1737876e-46		4.3075055e-47		2.5381588e-48		4.0536897e-47
1.9400000e+02		1.9500000e+02		1.9450000e+02		2.6556632e+00		2.3879230e-40		2.9518113e-39		2.4747020e-40		2.0532126e-41		2.2693808e-40
1.9500000e+02		1.9600000e+02		1.9550000e+02		2.5630279e+00		2.9611682e-34		1.0989983e-32		4.9278009e-34		4.6531028e-34		2.7469809e-35
1.9600000e+02		1.9700000e+02		1.9650000e+02		2.8204934e+00		5.9981304e-30		1.5957869e-28		1.0378781e-29		1.0364731e-29		1.4050317e-32
1.9700000e+02		1.9800000e+02		1.9750000e+02		2.8068384e+00		9.9562994e-27		1.9706211e-25		1.7243808e-26		1.7242431e-26		1.3774428e-30
1.9800000e+02		1.9900000e+02		1.9850000e+02		2.7505577e+00		1.3955534e-15		9.9462151e-15		2.4171694e-15		2.4171694e-15		8.1175609e-24
1.9900000e+02		2.0000000e+02		1.9950000e+02		2.8965557e+00		1.0931801e-05		3.2877842e-05		1.8934435e-05		1.8934435e-05		7.0570268e-18
2.0000000e+02		2.0100000e+02		2.0050000e+02		3.0623388e+00		3.2775916e-05		9.5097650e-05		5.6769552e-05		5.6769552e-05		1.5126992e-17
2.0100000e+02		2.0200000e+02		2.0150000e+02		3.2593670e+00		1.0955165e-04		3.0579161e-04		1.8974902e-04		1.8974902e-04		3.2262730e-17
2.0200000e+02		2.0300000e+02		2.0250000e+02		3.2217937e+00		1.2145501e-04		3.3772623e-04		2.1036624e-04		2.1036624e-04		3.8516943e-17
2.0300000e+02		2.0400000e+02		2.0350000e+02		3.4484145e+00		1.5290557e-04		4.2286838e-04		2.6484022e-04		2.6484022e-04		4.9204271e-17
2.0400000e+02		2.0500000e+02		2.0450000e+02		3.7117169e+00		1.7489795e-04		4.8269989e-04		3.0293214e-04		3.0293214e-04		6.0476380e-17
2.0500000e+02		2.0600000e+02		2.0550000e+02		3.7200399e+00		1.7782821e-04		4.9050045e-04		3.0800750e-04		3.0800750e-04		6.5828224e-17
2.0600000e+02		2.0700000e+02		2.0650000e+02		3.7247532e+00		1.7949245e-04		4.9492427e-04		3.1089003e-04		3.1089003e-04		7.0671627e-17
2.0700000e+02		2.0800000e+02		2.0750000e+02		4.0454145e+00		1.9786066e-04		5.4526489e-04		3.4270472e-04		3.4270472e-04		8.5598095e-17
2.0800000e+02		2.0900000e+02		2.0850000e+02		4.3759554e+00		2.1592641e-04		5.9475689e-04		3.7399551e-04		3.7399551e-04		9.4497564e-17
2.0900000e+02		2.1000000e+02		2.0950000e+02		5.6528678e+00		2.8026412e-04		7.7179933e-04		4.8543170e-04		4.8543170e-04		1.3100963e-16
2.1000000e+02		2.1100000e+02		2.1050000e+02		6.9678423e+00		3.5245250e-04		9.6996973e-04		6.1046563e-04		6.1046563e-04		1.9399491e-16
2.1100000e+02		2.1200000e+02		2.1150000e+02		7.9326445e+00		4.0470398e-04		1.1133402e-03		7.0096786e-04		7.0096786e-04		2.2674122e-16
2.1200000e+02		2.1300000e+02		2.1250000e+02		7.0734222e+00		3.6578014e-04		1.0057439e-03		6.3354978e-04		6.3354978e-04		2.1961660e-16
2.1300000e+02		2.1400000e+02		2.1350000e+02		7.2066449e+00		3.7552111e-04		1.0322126e-03		6.5042164e-04		6.5042164e-04		2.4043774e-16
2.1400000e+02		2.1500000e+02		2.1450000e+02		9.2279181e+00		5.0341114e-04		1.3812159e-03		8.7193367e-04		8.7193367e-04		3.3272671e-16
2.1500000e+02		2.1600000e+02		2.1550000e+02		7.9257408e+00		4.1926320e-04		1.1516576e-03		7.2618516e-04		7.2618516e-04		2.9316026e-16
2.1600000e+02		2.1700000e+02		2.1650000e+02		7.3353469e+00		3.9194581e-04		1.0764097e-03		6.7887005e-04		6.7887005e-04		3.2311840e-16
2.1700000e+02		2.1800000e+02		2.1750000e+02		7.5953881e+00		4.0546648e-04		1.1133998e-03		7.0228855e-04		7.0228855e-04		3.2175942e-16
2.1800000e+02		2.1900000e+02		2.1850000e+02		1.0217230e+01		5.4927889e-04		1.5079667e-03		9.5137894e-04		9.5137894e-04		4.7633941e-16
2.1900000e+02		2.2000000e+02		2.1950000e+02		1.0786519e+01		5.8346892e-04		1.6013301e-03		1.0105978e-03		1.0105978e-03		5.1239604e-16
2.2000000e+02		2.2100000e+02		2.2050000e+02		1.0851638e+01		5.8799234e-04		1.6136807e-03		1.0184326e-03		1.0184326e-03		5.6481434e-16
2.2100000e+02		2.2200000e+02		2.2150000e+02		8.6872371e+00		4.8341868e-04		1.3253686e-03		8.3730571e-04		8.3730571e-04		4.7965924e-16
2.2200000e+02		2.2300000e+02		2.2250000e+02		1.1691346e+01		6.6142783e-04		1.8124302e-03		1.1456266e-03		1.1456266e-03		7.0593117e-16
2.2300000e+02		2.2400000e+02		2.2350000e+02		1.5139682e+01		8.7058285e-04		2.3841359e-03		1.5078937e-03		1.5078937e-03		9.7010844e-16
2.2400000e+02		2.2500000e+02		2.2450000e+02		1.4154944e+01		6.6794783e-04		1.8428581e-03		1.1569196e-03		1.1569196e-03		8.1267668e-16
2.2500000e+02		2.2600000e+02		2.2550000e+02		1.2365614e+01		6.2633132e-04		1.7235085e-03		1.0848377e-03		1.0848377e-03		8.0138948e-16
2.2600000e+02		2.2700000e+02		2.2650000e+02		9.0577089e+00		4.4703523e-04		1.2312453e-03		7.7428773e-04		7.7428773e-04		5.7262562e-16
2.2700000e+02		2.2800000e+02		2.2750000e+02		8.8108381e+00		5.3283865e-04		1.4563698e-03		9.2290361e-04		9.2290361e-04		6.4522537e-16
2.2800000e+02		2.2900000e+02		2.2850000e+02		1.2275156e+01		7.5355890e-04		2.0587863e-03		1.3052023e-03		1.3052023e-03		1.0046314e-15
2.2900000e+02		2.3000000e+02		2.2950000e+02		1.1031259e+01		6.8779131e-04		1.8782036e-03		1.1912895e-03		1.1912895e-03		9.9919727e-16
2.3000000e+02		2.3100000e+02		2.3050000e+02		1.2510180e+01		7.8797172e-04		2.1508219e-03		1.3648071e-03		1.3648071e-03		1.1312108e-15
2.3100000e+02		2.3200000e+02		2.3150000e+02		1.1791833e+01		7.5318983e-04		2.0549247e-03		1.3045630e-03		1.3045630e-03		1.1351263e-15
2.3200000e+02		2.3300000e+02		2.3250000e+02		1.2664003e+01		8.2278316e-04		2.2436889e-03		1.4251022e-03		1.4251022e-03		1.3643962e-15
2.3300000e+02		2.3400000e+02		2.3350000e+02		1.1428554e+01		7.5258235e-04		2.0512134e-03		1.3035109e-03		1.3035109e-03		1.2168252e-15
2.3400000e+02		2.3500000e+02		2.3450000e+02		9.9864853e+00		5.4216244e-04		1.4887315e-03		9.3905289e-04		9.3905289e-04		9.5785041e-16
2.3500000e+02		2.3600000e+02		2.3550000e+02		1.3443360e+01		8.7244170e-04		2.3797960e-03		1.5111134e-03		1.5111134e-03		1.3951076e-15
2.3600000e+02		2.3700000e+02		2.3650000e+02		1.2448020e+01		8.6942967e-04		2.3656874e-03		1.5058964e-03		1.5058964e-03		1.4719640e-15
2.3700000e+02		2.3800000e+02		2.3750000e+02		1.3294723e+01		9.6398401e-04		2.6198171e-03		1.6696693e-03		1.6696693e-03		1.6935905e-15
2.3800000e+02		2.3900000e+02		2.3850000e+02		1.1021422e+01		8.0264006e-04		2.1815166e-03		1.3902134e-03		1.3902134e-03		1.4764650e-15
2.3900000e+02		2.4000000e+02		2.3950000e+02		1.2008577e+01		8.7835325e-04		2.3874428e-03		1.5213525e-03		1.5213525e-03		1.6577363e-15
2.4000000e+02		2.4100000e+02		2.4050000e+02		1.1032163e+01		8.1914333e-04		2.2254304e-03		1.4187979e-03		1.4187979e-03		1.4871293e-15
2.4100000e+02		2.4200000e+02		2.4150000e+02		1.2918879e+01		9.7981728e-04		2.6603542e-03		1.6970933e-03		1.6970933e-03		1.8315648e-15
2.4200000e+02		2.4300000e+02		2.4250000e+02		1.7782729e+01		1.3509170e-03		3.6698694e-03		2.3398569e-03		2.3398569e-03		2.5122074e-15
2.4300000e+02		2.4400000e+02		2.4350000e+02		1.6701989e+01		1.2998049e-03		3.5269601e-03		2.2513282e-03		2.2513282e-03		2.5373568e-15
2.4400000e+02		2.4500000e+02		2.4450000e+02		1.5641720e+01		1.1939543e-03		3.2447613e-03		2.0679895e-03		2.0679895e-03		2.3625715e-15
2.4500000e+02		2.4600000e+02		2.4550000e+02		1.2691134e+01		9.9213335e-04		2.6922262e-03		1.7184254e-03		1.7184254e-03		2.0591702e-15
2.4600000e+02		2.4700000e+02		2.4650000e+02		1.2350906e+01		9.7980015e-04		2.6572852e-03		1.6970636e-03		1.6970636e-03		2.2487842e-15
2.4700000e+02		2.4800000e+02		2.4750000e+02		1.3639226e+01		1.0886350e-03		2.9516556e-03		1.8855711e-03		1.8855711e-03		2.4718280e-15
2.4800000e+02		2.4900000e+02		2.4850000e+02		1.0938846e+01		8.8223872e-04		2.3909996e-03		1.5280823e-03		1.5280823e-03		1.9696199e-15
2.4900000e+02		2.5000000e+02		2.4950000e+02		1.3333262e+01		1.0773047e-03		2.9195895e-03		1.8659465e-03		1.8659465e-03		2.5035044e-15
2.5000000e+02		2.5100000e+02		2.5050000e+02		1.4401571e+01		1.1700181e-03		3.1703837e-03		2.0265307e-03		2.0265307e-03		2.8447115e-15
2.5100000e+02		2.5200000e+02		2.5150000e+02		1.2007424e+01		9.7961785e-04		2.6541030e-03		1.6967479e-03		1.6967479e-03		2.4688797e-15
2.5200000e+02		2.5300000e+02		2.5250000e+02		1.0794009e+01		8.8323001e-04		2.3927052e-03		1.5297993e-03		1.5297993e-03		2.2424303e-15
2.5300000e+02		2.5400000e+02		2.5350000e+02		1.3602371e+01		1.1415788e-03		3.0901228e-03		1.9772725e-03		1.9772725e-03		2.9632559e-15
2.5400000e+02		2.5500000e+02		2.5450000e+02		1.5384114e+01		1.3604442e-03		3.6760925e-03		2.3563586e-03		2.3563586e-03		3.4075518e-15
2.5500000e+02		2.5600000e+02		2.5550000e+02		2.0992062e+01		1.9720921e-03		5.3183548e-03		3.4157637e-03		3.4157637e-03		4.9443837e-15
2.5600000e+02		2.5700000e+02		2.5650000e+02		2.7040612e+01		2.6992303e-03		7.2651988e-03		4.6752040e-03		4.6752040e-03		6.8700552e-15
2.5700000e+02		2.5800000e+02		2.5750000e+02		3.3946512e+01		3.6027281e-03		9.6775695e-03		6.2401080e-03		6.2401080e-03		9.0520455e-15
2.5800000e+02		2.5900000e+02		2.5850000e+02		3.5732434e+01		4.0515203e-03		1.0859084e-02		7.0174389e-03		7.0174389e-03		9.4858662e-15
2.5900000e+02		2.6000000e+02		2.5950000e+02		3.0409976e+01		3.6994166e-03		9.8938231e-03		6.4075775e-03		6.4075775e-03		8.6461456e-15
2.6000000e+02		2.6100000e+02		2.6050000e+02		2.4915606e+01		3.3770171e-03		8.9991306e-03		5.8491651e-03		5.8491651e-03		7.7002029e-15
2.6100000e+02		2.6200000e+02		2.6150000e+02		2.5442742e+01		3.8517033e-03		1.0224926e-02		6.6713458e-03		6.6713458e-03		8.0340543e-15
2.6200000e+02		2.6300000e+02		2.6250000e+02		3.0366547e+01		5.0932271e-03		1.3475831e-02		8.8217282e-03		8.8217282e-03		1.0053574e-14
2.6300000e+02		2.6400000e+02		2.6350000e+02		4.5700096e+01		7.5074498e-03		1.9883761e-02		1.3003284e-02		1.3003284e-02		1.5321805e-14
2.6400000e+02		2.6500000e+02		2.6450000e+02		7.1249372e+01		1.3897187e-02		3.6580101e-02		2.4070635e-02		2.4070635e-02		2.7525890e-14
2.6500000e+02		2.6600000e+02		2.6550000e+02		7.4731454e+01		1.2549179e-02		3.3213133e-02		2.1735816e-02		2.1735816e-02		2.6371217e-14
2.6600000e+02		2.6700000e+02		2.6650000e+02		7.2446611e+01		1.1991809e-02		3.1759093e-02		2.0770423e-02		2.0770423e-02		2.7191264e-14
2.6700000e+02		2.6800000e+02		2.6750000e+02		7.2937204e+01		1.2798100e-02		3.3823658e-02		2.2166960e-02		2.2166960e-02		2.7640859e-14
2.6800000e+02		2.6900000e+02		2.6850000e+02		7.2239021e+01		1.2551013e-02		3.3183874e-02		2.1738992e-02		2.1738992e-02		2.7327682e-14
2.6900000e+02		2.7000000e+02		2.6950000e+02		6.7758000e+01		1.1263292e-02		2.9835517e-02		1.9508594e-02		1.9508594e-02		2.6723268e-14
2.7000000e+02		2.7100000e+02		2.7050000e+02		7.8281462e+01		1.2214823e-02		3.2432675e-02		2.1156695e-02		2.1156695e-02		3.1472992e-14
2.7100000e+02		2.7200000e+02		2.7150000e+02		6.5051220e+01		1.0955897e-02		2.9006887e-02		1.8976171e-02		1.8976171e-02		2.5558552e-14
2.7200000e+02		2.7300000e+02		2.7250000e+02		5.2331568e+01		8.9945607e-03		2.3797699e-02		1.5579036e-02		1.5579036e-02		2.2451304e-14
2.7300000e+02		2.7400000e+02		2.7350000e+02		5.5800645e+01		9.6171241e-03		2.5443085e-02		1.6657348e-02		1.6657348e-02		2.4020238e-14
2.7400000e+02		2.7500000e+02		2.7450000e+02		3.8398649e+01		6.9341979e-03		1.8314262e-02		1.2010383e-02		1.2010383e-02		1.7096336e-14
2.7500000e+02		2.7600000e+02		2.7550000e+02		5.1208696e+01		9.3201926e-03		2.4609249e-02		1.6143047e-02		1.6143047e-02		2.2858693e-14
2.7600000e+02		2.7700000e+02		2.7650000e+02		7.1318275e+01		1.1825273e-02		3.1333157e-02		2.0481974e-02		2.0481974e-02		3.1724731e-14
2.7700000e+02		2.7800000e+02		2.7750000e+02		6.8188493e+01		1.3145075e-02		3.4637236e-02		2.2767938e-02		2.2767938e-02		3.1123595e-14
2.7800000e+02		2.7900000e+02		2.7850000e+02		4.7024496e+01		8.4546061e-03		2.2336088e-02		1.4643807e-02		1.4643807e-02		2.0718416e-14
2.7900000e+02		2.8000000e+02		2.7950000e+02		2.6422560e+01		4.7405563e-03		1.2526682e-02		8.2108844e-03		8.2108844e-03		1.2131525e-14
2.8000000e+02		2.8100000e+02		2.8050000e+02		2.8982131e+01		5.2468484e-03		1.3861532e-02		9.0878080e-03		9.0878080e-03		1.3889580e-14
2.8100000e+02		2.8200000e+02		2.8150000e+02		6.0033324e+01		1.0747900e-02		2.8409394e-02		1.8615910e-02		1.8615910e-02		2.9391489e-14
2.8200000e+02		2.8300000e+02		2.8250000e+02		8.1733762e+01		1.4321045e-02		3.7886395e-02		2.4804778e-02		2.4804778e-02		4.0472083e-14
2.8300000e+02		2.8400000e+02		2.8350000e+02		8.4433091e+01		1.5509130e-02		4.0961010e-02		2.6862601e-02		2.6862601e-02		4.4497197e-14
2.8400000e+02		2.8500000e+02		2.8450000e+02		6.2255376e+01		1.1388879e-02		3.0082782e-02		1.9726118e-02		1.9726118e-02		3.1283525e-14
2.8500000e+02		2.8600000e+02		2.8550000e+02		4.0018063e+01		7.4571506e-03		1.9685448e-02		1.2916164e-02		1.2916164e-02		2.0222542e-14
2.8600000e+02		2.8700000e+02		2.8650000e+02		8.2001717e+01		1.4684295e-02		3.8827057e-02		2.5433944e-02		2.5433944e-02		4.2702989e-14
2.8700000e+02		2.8800000e+02		2.8750000e+02		9.5189148e+01		1.8039164e-02		4.7595737e-02		3.1244749e-02		3.1244749e-02		4.9886726e-14
2.8800000e+02		2.8900000e+02		2.8850000e+02		9.0460934e+01		1.7178920e-02		4.5331022e-02		2.9754763e-02		2.9754763e-02		4.9676311e-14
2.8900000e+02		2.9000000e+02		2.8950000e+02		1.3728321e+02		2.6092869e-02		6.8848074e-02		4.5194175e-02		4.5194175e-02		7.0774691e-14
2.9000000e+02		2.9100000e+02		2.9050000e+02		1.8023325e+02		3.4072393e-02		8.9928234e-02		5.9015116e-02		5.9015116e-02		9.6122754e-14
2.9100000e+02		2.9200000e+02		2.9150000e+02		1.7359450e+02		3.5819554e-02		9.4229103e-02		6.2041288e-02		6.2041288e-02		1.0304930e-13
2.9200000e+02		2.9300000e+02		2.9250000e+02		1.5421676e+02		2.9705520e-02		7.8366892e-02		5.1451470e-02		5.1451470e-02		9.0281338e-14
2.9300000e+02		2.9400000e+02		2.9350000e+02		1.6099986e+02		3.1267886e-02		8.2464970e-02		5.4157568e-02		5.4157568e-02		9.3970746e-14
2.9400000e+02		2.9500000e+02		2.9450000e+02		1.4991794e+02		2.9306291e-02		7.7278002e-02		5.0759985e-02		5.0759985e-02		8.8597841e-14
2.9500000e+02		2.9600000e+02		2.9550000e+02		1.6232431e+02		3.1656060e-02		8.3485608e-02		5.4829904e-02		5.4829904e-02		9.4306284e-14
2.9600000e+02		2.9700000e+02		2.9650000e+02		1.4851381e+02		2.9599015e-02		7.8002614e-02		5.1266998e-02		5.1266998e-02		8.8945251e-14
2.9700000e+02		2.9800000e+02		2.9750000e+02		1.5140866e+02		3.0600310e-02		8.0610510e-02		5.3001292e-02		5.3001292e-02		9.4968400e-14
2.9800000e+02		2.9900000e+02		2.9850000e+02		1.3012850e+02		2.6425392e-02		6.9596296e-02		4.5770121e-02		4.5770121e-02		7.6395723e-14
2.9900000e+02		3.0000000e+02		2.9950000e+02		1.4682541e+02		2.9974249e-02		7.8950685e-02		5.1916922e-02		5.1916922e-02		9.6418804e-14
3.0000000e+02		3.0100000e+02		3.0050000e+02		1.1681452e+02		2.4159950e-02		6.3597210e-02		4.1846261e-02		4.1846261e-02		7.2612300e-14
3.0100000e+02		3.0200000e+02		3.0150000e+02		1.3434477e+02		2.6266127e-02		6.9296306e-02		4.5494267e-02		4.5494267e-02		8.3805088e-14
3.0200000e+02		3.0300000e+02		3.0250000e+02		1.4142283e+02		2.6401910e-02		6.9789675e-02		4.5729450e-02		4.5729450e-02		8.5627782e-14
3.0300000e+02		3.0400000e+02		3.0350000e+02		1.8342160e+02		3.3531246e-02		8.8671316e-02		5.8077822e-02		5.8077822e-02		1.1447826e-13
3.0400000e+02		3.0500000e+02		3.0450000e+02		1.7556728e+02		3.2284286e-02		8.5351060e-02		5.5918024e-02		5.5918024e-02		1.0990626e-13
3.0500000e+02		3.0600000e+02		3.0550000e+02		1.7728071e+02		3.2467011e-02		8.5858127e-02		5.6234512e-02		5.6234512e-02		1.1180618e-13
3.0600000e+02		3.0700000e+02		3.0650000e+02		1.6814926e+02		3.1019647e-02		8.2017082e-02		5.3727604e-02		5.3727604e-02		1.0699803e-13
3.0700000e+02		3.0800000e+02		3.0750000e+02		1.8878816e+02		3.5215373e-02		9.3088585e-02		6.0994814e-02		6.0994814e-02		1.1990697e-13
3.0800000e+02		3.0900000e+02		3.0850000e+02		1.8529086e+02		3.8434392e-02		1.0122046e-01		6.6570319e-02		6.6570319e-02		1.3114048e-13
3.0900000e+02		3.1000000e+02		3.0950000e+02		1.5026991e+02		3.1655651e-02		8.3312861e-02		5.4829195e-02		5.4829195e-02		9.9300311e-14
3.1000000e+02		3.1100000e+02		3.1050000e+02		1.8913229e+02		4.0651798e-02		1.0692586e-01		7.0410980e-02		7.0410980e-02		1.3211019e-13
3.1100000e+02		3.1200000e+02		3.1150000e+02		2.2495083e+02		4.9207218e-02		1.2936724e-01		8.5229402e-02		8.5229402e-02		1.6130360e-13
3.1200000e+02		3.1300000e+02		3.1250000e+02		2.0030306e+02		4.3914085e-02		1.1545301e-01		7.6061427e-02		7.6061427e-02		1.4541706e-13
3.1300000e+02		3.1400000e+02		3.1350000e+02		2.1331645e+02		4.7196369e-02		1.2404852e-01		8.1746508e-02		8.1746508e-02		1.5276327e-13
3.1400000e+02		3.1500000e+02		3.1450000e+02		2.0119548e+02		4.4978260e-02		1.1818607e-01		7.7904631e-02		7.7904631e-02		1.4889244e-13
3.1500000e+02		3.1600000e+02		3.1550000e+02		1.9522773e+02		4.4208550e-02		1.1610909e-01		7.6571455e-02		7.6571455e-02		1.4468868e-13
3.1600000e+02		3.1700000e+02		3.1650000e+02		1.9043254e+02		4.3074980e-02		1.1314477e-01		7.4608054e-02		7.4608054e-02		1.4267039e-13
3.1700000e+02		3.1800000e+02		3.1750000e+02		2.4155434e+02		5.6103768e-02		1.4723834e-01		9.7174576e-02		9.7174576e-02		1.9247380e-13
3.1800000e+02		3.1900000e+02		3.1850000e+02		1.9952276e+02		4.5860662e-02		1.2040667e-01		7.9432997e-02		7.9432997e-02		1.5055528e-13
3.1900000e+02		3.2000000e+02		3.1950000e+02		2.1430874e+02		4.9457035e-02		1.2985641e-01		8.5662098e-02		8.5662098e-02		1.6963173e-13
3.2000000e+02		3.2100000e+02		3.2050000e+02		2.4621307e+02		6.0039060e-02		1.5734811e-01		1.0399070e-01		1.0399070e-01		1.9656599e-13
3.2100000e+02		3.2200000e+02		3.2150000e+02		2.0677326e+02		4.7266431e-02		1.2416222e-01		8.1867859e-02		8.1867859e-02		1.5513527e-13
3.2200000e+02		3.2300000e+02		3.2250000e+02		2.0765168e+02		4.7393420e-02		1.2452890e-01		8.2087812e-02		8.2087812e-02		1.5694672e-13
3.2300000e+02		3.2400000e+02		3.2350000e+02		2.0066974e+02		4.7369305e-02		1.2431037e-01		8.2046043e-02		8.2046043e-02		1.5359449e-13
3.2400000e+02		3.2500000e+02		3.2450000e+02		2.3629853e+02		5.5531692e-02		1.4578012e-01		9.6183712e-02		9.6183712e-02		1.7497535e-13
3.2500000e+02		3.2600000e+02		3.2550000e+02		2.7209498e+02		6.3699596e-02		1.6723493e-01		1.1033094e-01		1.1033094e-01		1.9141409e-13
3.2600000e+02		3.2700000e+02		3.2650000e+02		3.0699214e+02		7.4792689e-02		1.9613655e-01		1.2954474e-01		1.2954474e-01		2.3729035e-13
3.2700000e+02		3.2800000e+02		3.2750000e+02		2.9701525e+02		7.2483672e-02		1.9009147e-01		1.2554540e-01		1.2554540e-01		2.2827514e-13
3.2800000e+02		3.2900000e+02		3.2850000e+02		2.8673370e+02		7.1432318e-02		1.8716708e-01		1.2372440e-01		1.2372440e-01		2.2595498e-13
3.2900000e+02		3.3000000e+02		3.2950000e+02		3.3379807e+02		8.3287906e-02		2.1828992e-01		1.4425888e-01		1.4425888e-01		2.7798805e-13
3.3000000e+02		3.3100000e+02		3.3050000e+02		3.1443449e+02		8.0669318e-02		2.1121211e-01		1.3972336e-01		1.3972336e-01		2.5635068e-13
3.3100000e+02		3.3200000e+02		3.3150000e+02		3.0087994e+02		8.1671214e-02		2.1336087e-01		1.4145869e-01		1.4145869e-01		2.7152682e-13
3.3200000e+02		3.3300000e+02		3.3250000e+02		2.9519831e+02		8.1483989e-02		2.1273691e-01		1.4113441e-01		1.4113441e-01		2.5617509e-13
3.3300000e+02		3.3400000e+02		3.3350000e+02		2.8364288e+02		7.8579453e-02		2.0522051e-01		1.3610361e-01		1.3610361e-01		2.6288887e-13
3.3400000e+02		3.3500000e+02		3.3450000e+02		2.9883003e+02		8.3730379e-02		2.1860073e-01		1.4502527e-01		1.4502527e-01		2.7328156e-13
3.3500000e+02		3.3600000e+02		3.3550000e+02		2.9511053e+02		8.3358524e-02		2.1755426e-01		1.4438120e-01		1.4438120e-01		2.6562103e-13
3.3600000e+02		3.3700000e+02		3.3650000e+02		2.4313126e+02		6.9198959e-02		1.8054663e-01		1.1985611e-01		1.1985611e-01		2.2311510e-13
3.3700000e+02		3.3800000e+02		3.3750000e+02		2.5649874e+02		7.3074986e-02		1.9069065e-01		1.2656959e-01		1.2656959e-01		2.2403557e-13
3.3800000e+02		3.3900000e+02		3.3850000e+02		2.7748673e+02		7.9673685e-02		2.0785583e-01		1.3799887e-01		1.3799887e-01		2.4197063e-13
3.3900000e+02		3.4000000e+02		3.3950000e+02		2.9040264e+02		8.3009278e-02		2.1665677e-01		1.4377629e-01		1.4377629e-01		2.6373952e-13
3.4000000e+02		3.4100000e+02		3.4050000e+02		3.0654056e+02		8.8490438e-02		2.3089816e-01		1.5326993e-01		1.5326993e-01		2.6437285e-13
3.4100000e+02		3.4200000e+02		3.4150000e+02		2.7979685e+02		8.0575662e-02		2.1029284e-01		1.3956114e-01		1.3956114e-01		2.3529284e-13
3.4200000e+02		3.4300000e+02		3.4250000e+02		3.0344565e+02		8.8229851e-02		2.3026417e-01		1.5281858e-01		1.5281858e-01		2.8251394e-13
3.4300000e+02		3.4400000e+02		3.4350000e+02		2.9822260e+02		8.5333263e-02		2.2289944e-01		1.4780155e-01		1.4780155e-01		2.7415257e-13
3.4400000e+02		3.4500000e+02		3.4450000e+02		2.3986676e+02		7.0753998e-02		1.8462238e-01		1.2254952e-01		1.2254952e-01		2.2080086e-13
3.4500000e+02		3.4600000e+02		3.4550000e+02		2.8907088e+02		8.7385655e-02		2.2783667e-01		1.5135640e-01		1.5135640e-01		2.6155748e-13
3.4600000e+02		3.4700000e+02		3.4650000e+02		2.8069735e+02		8.9181085e-02		2.3214315e-01		1.5446617e-01		1.5446617e-01		2.7522858e-13
3.4700000e+02		3.4800000e+02		3.4750000e+02		2.7782009e+02		9.5394195e-02		2.4761899e-01		1.6522759e-01		1.6522759e-01		2.6971571e-13
3.4800000e+02		3.4900000e+02		3.4850000e+02		2.8744416e+02		1.0696256e-01		2.7685190e-01		1.8526459e-01		1.8526459e-01		3.0264123e-13
3.4900000e+02		3.5000000e+02		3.4950000e+02		2.7550877e+02		8.5615517e-02		2.2309546e-01		1.4829043e-01		1.4829043e-01		2.5070016e-13
3.5000000e+02		3.5100000e+02		3.5050000e+02		3.3002358e+02		1.0696353e-01		2.7829121e-01		1.8526627e-01		1.8526627e-01		3.0285338e-13
3.5100000e+02		3.5200000e+02		3.5150000e+02		3.0660572e+02		1.0074812e-01		2.6204092e-01		1.7450087e-01		1.7450087e-01		3.0722259e-13
3.5200000e+02		3.5300000e+02		3.5250000e+02		2.8324198e+02		9.3170326e-02		2.4233727e-01		1.6137574e-01		1.6137574e-01		2.6650683e-13
3.5300000e+02		3.5400000e+02		3.5350000e+02		3.2405327e+02		1.0978045e-01		2.8529341e-01		1.9014532e-01		1.9014532e-01		2.9661190e-13
3.5400000e+02		3.5500000e+02		3.5450000e+02		3.4586270e+02		1.4491206e-01		3.7388927e-01		2.5099505e-01		2.5099505e-01		3.7325314e-13
3.5500000e+02		3.5600000e+02		3.5550000e+02		3.2478382e+02		1.3569495e-01		3.5019962e-01		2.3503054e-01		2.3503054e-01		3.4183832e-13
3.5600000e+02		3.5700000e+02		3.5650000e+02		2.8234357e+02		1.1760866e-01		3.0350911e-01		2.0370418e-01		2.0370418e-01		2.5585648e-13
3.5700000e+02		3.5800000e+02		3.5750000e+02		2.4674321e+02		1.0326928e-01		2.6654214e-01		1.7886763e-01		1.7886763e-01		2.5629772e-13
3.5800000e+02		3.5900000e+02		3.5850000e+02		2.1181106e+02		8.5833691e-02		2.2181541e-01		1.4866831e-01		1.4866831e-01		2.2848737e-13
3.5900000e+02		3.6000000e+02		3.5950000e+02		3.0582840e+02		1.0872902e-01		2.8228167e-01		1.8832419e-01		1.8832419e-01		2.7319305e-13
3.6000000e+02		3.6100000e+02		3.6050000e+02		3.0178862e+02		1.0589358e-01		2.7512630e-01		1.8341305e-01		1.8341305e-01		2.8430432e-13
3.6100000e+02		3.6200000e+02		3.6150000e+02		2.8033735e+02		1.0060163e-01		2.6119236e-01		1.7424713e-01		1.7424713e-01		2.6491626e-13
3.6200000e+02		3.6300000e+02		3.6250000e+02		3.1645921e+02		1.1398309e-01		2.9593107e-01		1.9742451e-01		1.9742451e-01		3.0463184e-13
3.6300000e+02		3.6400000e+02		3.6350000e+02		3.0810145e+02		1.1309912e-01		2.9345103e-01		1.9589342e-01		1.9589342e-01		2.8975343e-13
3.6400000e+02		3.6500000e+02		3.6450000e+02		3.2221950e+02		1.1969647e-01		3.1049756e-01		2.0732037e-01		2.0732037e-01		3.0223742e-13
3.6500000e+02		3.6600000e+02		3.6550000e+02		3.6674574e+02		1.3898400e-01		3.6035709e-01		2.4072735e-01		2.4072735e-01		3.6482373e-13
3.6600000e+02		3.6700000e+02		3.6650000e+02		3.9198946e+02		1.4443444e-01		3.7494672e-01		2.5016779e-01		2.5016779e-01		3.6257659e-13
3.6700000e+02		3.6800000e+02		3.6750000e+02		3.7850004e+02		1.4706187e-01		3.8101354e-01		2.5471863e-01		2.5471863e-01		3.3640072e-13
3.6800000e+02		3.6900000e+02		3.6850000e+02		3.4895620e+02		1.3840074e-01		3.5838503e-01		2.3971712e-01		2.3971712e-01		3.3873020e-13
3.6900000e+02		3.7000000e+02		3.6950000e+02		3.8736224e+02		1.5518415e-01		4.0167846e-01		2.6878683e-01		2.6878683e-01		3.3246119e-13
3.7000000e+02		3.7100000e+02		3.7050000e+02		3.6351013e+02		1.4938520e-01		3.8645374e-01		2.5874276e-01		2.5874276e-01		3.8880933e-13
3.7100000e+02		3.7200000e+02		3.7150000e+02		3.7529261e+02		1.5652931e-01		4.0470229e-01		2.7111672e-01		2.7111672e-01		3.7352643e-13
3.7200000e+02		3.7300000e+02		3.7250000e+02		3.1177186e+02		1.2890051e-01		3.3332647e-01		2.2326223e-01		2.2326223e-01		2.7646569e-13
3.7300000e+02		3.7400000e+02		3.7350000e+02		2.7192112e+02		1.1449480e-01		2.9596741e-01		1.9831081e-01		1.9831081e-01		2.4937540e-13
3.7400000e+02		3.7500000e+02		3.7450000e+02		2.7832167e+02		1.1730629e-01		3.0337978e-01		2.0318045e-01		2.0318045e-01		2.9238709e-13
3.7500000e+02		3.7600000e+02		3.7550000e+02		3.1876744e+02		1.3742317e-01		3.5502480e-01		2.3802391e-01		2.3802391e-01		3.1951773e-13
3.7600000e+02		3.7700000e+02		3.7650000e+02		3.3048657e+02		1.4532910e-01		3.7518709e-01		2.5171738e-01		2.5171738e-01		3.2272526e-13
3.7700000e+02		3.7800000e+02		3.7750000e+02		3.8770864e+02		1.7366747e-01		4.4817699e-01		3.0080089e-01		3.0080089e-01		3.9908061e-13
3.7800000e+02		3.7900000e+02		3.7850000e+02		4.0380398e+02		1.7924237e-01		4.6276729e-01		3.1045688e-01		3.1045688e-01		4.1259261e-13
3.7900000e+02		3.8000000e+02		3.7950000e+02		3.2744385e+02		1.4590051e-01		3.7665344e-01		2.5270710e-01		2.5270710e-01		3.0913409e-13
3.8000000e+02		3.8100000e+02		3.8050000e+02		3.5656330e+02		1.5923275e-01		4.1119480e-01		2.7579921e-01		2.7579921e-01		3.3589356e-13
3.8100000e+02		3.8200000e+02		3.8150000e+02		3.2019140e+02		1.4644752e-01		3.7804527e-01		2.5365455e-01		2.5365455e-01		3.8544993e-13
3.8200000e+02		3.8300000e+02		3.8250000e+02		2.2964197e+02		1.0585801e-01		2.7311274e-01		1.8335145e-01		1.8335145e-01		2.1048993e-13
3.8300000e+02		3.8400000e+02		3.8350000e+02		2.0267593e+02		9.4502556e-02		2.4379906e-01		1.6368323e-01		1.6368323e-01		2.0419667e-13
3.8400000e+02		3.8500000e+02		3.8450000e+02		2.7111947e+02		1.2947263e-01		3.3379847e-01		2.2425318e-01		2.2425318e-01		2.7787528e-13
3.8500000e+02		3.8600000e+02		3.8550000e+02		2.8715912e+02		1.3802670e-01		3.5575617e-01		2.3906926e-01		2.3906926e-01		2.6596906e-13
3.8600000e+02		3.8700000e+02		3.8650000e+02		2.8837692e+02		1.4158795e-01		3.6478655e-01		2.4523753e-01		2.4523753e-01		3.1533285e-13
3.8700000e+02		3.8800000e+02		3.8750000e+02		2.8805300e+02		1.4299092e-01		3.6825901e-01		2.4766754e-01		2.4766754e-01		2.9300235e-13
3.8800000e+02		3.8900000e+02		3.8850000e+02		2.9209390e+02		1.4839499e-01		3.8189470e-01		2.5702766e-01		2.5702766e-01		2.8488985e-13
3.8900000e+02		3.9000000e+02		3.8950000e+02		3.5069332e+02		1.7821301e-01		4.5872998e-01		3.0867399e-01		3.0867399e-01		3.4863029e-13
3.9000000e+02		3.9100000e+02		3.9050000e+02		3.6838836e+02		1.9081022e-01		4.9095579e-01		3.3049299e-01		3.3049299e-01		4.2327260e-13
3.9100000e+02		3.9200000e+02		3.9150000e+02		3.9613874e+02		2.0676365e-01		5.3182768e-01		3.5812514e-01		3.5812514e-01		4.0259095e-13
3.9200000e+02		3.9300000e+02		3.9250000e+02		3.0403432e+02		1.5965503e-01		4.1059332e-01		2.7653062e-01		2.7653062e-01		2.8620415e-13
3.9300000e+02		3.9400000e+02		3.9350000e+02		1.8639471e+02		9.9053083e-02		2.5468867e-01		1.7156497e-01		1.7156497e-01		1.8329850e-13
3.9400000e+02		3.9500000e+02		3.9450000e+02		3.0813115e+02		1.6479375e-01		4.2360537e-01		2.8543114e-01		2.8543114e-01		2.6157948e-13
3.9500000e+02		3.9600000e+02		3.9550000e+02		3.7840801e+02		2.0753790e-01		5.3335597e-01		3.5946619e-01		3.5946619e-01		4.4902981e-13
3.9600000e+02		3.9700000e+02		3.9650000e+02		2.6140326e+02		1.4453260e-01		3.7130800e-01		2.5033780e-01		2.5033780e-01		2.7418773e-13
3.9700000e+02		3.9800000e+02		3.9750000e+02		2.9300657e+02		1.6347306e-01		4.1988226e-01		2.8314364e-01		2.8314364e-01		2.9519951e-13
3.9800000e+02		3.9900000e+02		3.9850000e+02		4.5124719e+02		2.5429227e-01		6.5306096e-01		4.4044713e-01		4.4044713e-01		4.6188654e-13
3.9900000e+02		4.0000000e+02		3.9950000e+02		4.9846141e+02		2.8381045e-01		7.2861040e-01		4.9157412e-01		4.9157412e-01		4.7894316e-13
4.0000000e+02		4.0100000e+02		4.0050000e+02		5.1407199e+02		2.9597493e-01		7.5975912e-01		5.1264362e-01		5.1264362e-01		5.2195782e-13
4.0100000e+02		4.0200000e+02		4.0150000e+02		5.3860814e+02		3.1337914e-01		8.0426365e-01		5.4278858e-01		5.4278858e-01		5.3479769e-13
4.0200000e+02		4.0300000e+02		4.0250000e+02		5.4526519e+02		3.2168677e-01		8.2522934e-01		5.5717783e-01		5.5717783e-01		4.6376543e-13
4.0300000e+02		4.0400000e+02		4.0350000e+02		5.2165796e+02		3.1446154e-01		8.0638606e-01		5.4466336e-01		5.4466336e-01		5.6648134e-13
4.0400000e+02		4.0500000e+02		4.0450000e+02		5.1300620e+02		3.1451429e-01		8.0621069e-01		5.4475473e-01		5.4475473e-01		5.7907191e-13
4.0500000e+02		4.0600000e+02		4.0550000e+02		5.1256585e+02		3.1546376e-01		8.0841209e-01		5.4639927e-01		5.4639927e-01		4.6233240e-13
4.0600000e+02		4.0700000e+02		4.0650000e+02		4.9035274e+02		3.0313807e-01		7.7673297e-01		5.2505054e-01		5.2505054e-01		3.8833484e-13
4.0700000e+02		4.0800000e+02		4.0750000e+02		4.9838294e+02		3.1414342e-01		8.0464043e-01		5.4411236e-01		5.4411236e-01		4.3916878e-13
4.0800000e+02		4.0900000e+02		4.0850000e+02		5.2990289e+02		3.4317414e-01		8.7851638e-01		5.9439505e-01		5.9439505e-01		5.5286748e-13
4.0900000e+02		4.1000000e+02		4.0950000e+02		5.2713439e+02		3.4265509e-01		8.7710055e-01		5.9349602e-01		5.9349602e-01		5.0470902e-13
4.1000000e+02		4.1100000e+02		4.1050000e+02		4.8293937e+02		3.1811553e-01		8.1404054e-01		5.5099226e-01		5.5099226e-01		4.7041153e-13
4.1100000e+02		4.1200000e+02		4.1150000e+02		5.5986852e+02		3.7416410e-01		9.5714013e-01		6.4807123e-01		6.4807123e-01		5.5130505e-13
4.1200000e+02		4.1300000e+02		4.1250000e+02		5.4940473e+02		3.7285340e-01		9.5339790e-01		6.4580103e-01		6.4580103e-01		5.3572725e-13
4.1300000e+02		4.1400000e+02		4.1350000e+02		5.2995399e+02		3.5873512e-01		9.1757964e-01		6.2134746e-01		6.2134746e-01		4.8618344e-13
4.1400000e+02		4.1500000e+02		4.1450000e+02		5.3771640e+02		3.7955221e-01		9.6957449e-01		6.5740371e-01		6.5740371e-01		5.3857455e-13
4.1500000e+02		4.1600000e+02		4.1550000e+02		5.3722776e+02		3.8371550e-01		9.7939665e-01		6.6461474e-01		6.6461474e-01		4.1259703e-13
4.1600000e+02		4.1700000e+02		4.1650000e+02		5.5745703e+02		4.1050430e-01		1.0472454e+00		7.1101431e-01		7.1101431e-01		5.4359532e-13
4.1700000e+02		4.1800000e+02		4.1750000e+02		5.0725322e+02		3.8388557e-01		9.7877201e-01		6.6490930e-01		6.6490930e-01		5.6283146e-13
4.1800000e+02		4.1900000e+02		4.1850000e+02		5.2601513e+02		4.0347164e-01		1.0283793e+00		6.9883338e-01		6.9883338e-01		5.5987623e-13
4.1900000e+02		4.2000000e+02		4.1950000e+02		5.3123875e+02		4.0585232e-01		1.0345573e+00		7.0295684e-01		7.0295684e-01		4.9674847e-13
4.2000000e+02		4.2100000e+02		4.2050000e+02		5.3797708e+02		4.1515690e-01		1.0582024e+00		7.1907284e-01		7.1907284e-01		5.4230539e-13
4.2100000e+02		4.2200000e+02		4.2150000e+02		5.2958361e+02		4.0286164e-01		1.0274793e+00		6.9777682e-01		6.9777682e-01		4.9324901e-13
4.2200000e+02		4.2300000e+02		4.2250000e+02		5.0190537e+02		3.9208088e-01		9.9940152e-01		6.7910400e-01		6.7910400e-01		5.2126147e-13
4.2300000e+02		4.2400000e+02		4.2350000e+02		5.3474862e+02		4.1784296e-01		1.0652319e+00		7.2372523e-01		7.2372523e-01		5.2616877e-13
4.2400000e+02		4.2500000e+02		4.2450000e+02		5.5328403e+02		4.3231816e-01		1.1024680e+00		7.4879702e-01		7.4879702e-01		5.4333259e-13
4.2500000e+02		4.2600000e+02		4.2550000e+02		5.3248014e+02		4.1976375e-01		1.0703583e+00		7.2705214e-01		7.2705214e-01		5.1247844e-13
4.2600000e+02		4.2700000e+02		4.2650000e+02		5.3029841e+02		4.2716187e-01		1.0884606e+00		7.3986606e-01		7.3986606e-01		4.7876029e-13
4.2700000e+02		4.2800000e+02		4.2750000e+02		4.9171747e+02		4.0259306e-01		1.0254811e+00		6.9731163e-01		6.9731163e-01		4.3904212e-13
4.2800000e+02		4.2900000e+02		4.2850000e+02		4.9494538e+02		4.3244914e-01		1.0995687e+00		7.4902388e-01		7.4902388e-01		4.8845410e-13
4.2900000e+02		4.3000000e+02		4.2950000e+02		4.6063718e+02		4.1110266e-01		1.0445289e+00		7.1205069e-01		7.1205069e-01		4.4756411e-13
4.3000000e+02		4.3100000e+02		4.3050000e+02		3.7055843e+02		3.3385050e-01		8.4783812e-01		5.7824602e-01		5.7824602e-01		3.2142051e-13
4.3100000e+02		4.3200000e+02		4.3150000e+02		4.5818753e+02		4.2314503e-01		1.0741314e+00		7.3290869e-01		7.3290869e-01		4.6945783e-13
4.3200000e+02		4.3300000e+02		4.3250000e+02		5.1625369e+02		4.7022980e-01		1.1944420e+00		8.1446191e-01		8.1446191e-01		6.4238337e-13
4.3300000e+02		4.3400000e+02		4.3350000e+02		5.6047485e+02		4.9297940e-01		1.2535007e+00		8.5386537e-01		8.5386537e-01		4.1701715e-13
4.3400000e+02		4.3500000e+02		4.3450000e+02		4.7595241e+02		4.2379897e-01		1.0783678e+00		7.3404134e-01		7.3404134e-01		6.6663448e-13
4.3500000e+02		4.3600000e+02		4.3550000e+02		5.3162725e+02		4.6361223e-01		1.1797874e+00		8.0299994e-01		8.0299994e-01		4.1570162e-13
4.3600000e+02		4.3700000e+02		4.3650000e+02		5.9481241e+02		5.3867029e-01		1.3691788e+00		9.3300430e-01		9.3300430e-01		4.5346442e-13
4.3700000e+02		4.3800000e+02		4.3750000e+02		5.2629983e+02		4.9962068e-01		1.2687744e+00		8.6536841e-01		8.6536841e-01		5.8627394e-13
4.3800000e+02		4.3900000e+02		4.3850000e+02		5.1257868e+02		4.9662616e-01		1.2601251e+00		8.6018175e-01		8.6018175e-01		4.4327182e-13
4.3900000e+02		4.4000000e+02		4.3950000e+02		5.7051902e+02		5.6007474e-01		1.4211401e+00		9.7007791e-01		9.7007791e-01		5.8374969e-13
4.4000000e+02		4.4100000e+02		4.4050000e+02		5.4089681e+02		5.3023444e-01		1.3456708e+00		9.1839298e-01		9.1839298e-01		4.8369811e-13
4.4100000e+02		4.4200000e+02		4.4150000e+02		5.9491633e+02		5.9015002e-01		1.4968842e+00		1.0221698e+00		1.0221698e+00		5.2064606e-13
4.4200000e+02		4.4300000e+02		4.4250000e+02		6.2544254e+02		6.2517103e-01		1.5854614e+00		1.0828280e+00		1.0828280e+00		5.5255736e-13
4.4300000e+02		4.4400000e+02		4.4350000e+02		6.0497206e+02		6.0781583e-01		1.5414417e+00		1.0527679e+00		1.0527679e+00		5.1301089e-13
4.4400000e+02		4.4500000e+02		4.4450000e+02		6.2324411e+02		6.3185019e-01		1.6023739e+00		1.0943966e+00		1.0943966e+00		5.4331587e-13
4.4500000e+02		4.4600000e+02		4.4550000e+02		5.7783999e+02		5.8467014e-01		1.4841094e+00		1.0126784e+00		1.0126784e+00		5.0243051e-13
4.4600000e+02		4.4700000e+02		4.4650000e+02		5.8940025e+02		6.0008005e-01		1.5236357e+00		1.0393691e+00		1.0393691e+00		5.0154083e-13
4.4700000e+02		4.4800000e+02		4.4750000e+02		6.3881895e+02		6.5474422e-01		1.6627008e+00		1.1340503e+00		1.1340503e+00		5.5632664e-13
4.4800000e+02		4.4900000e+02		4.4850000e+02		6.2805979e+02		6.4939867e-01		1.6492204e+00		1.1247915e+00		1.1247915e+00		5.6169158e-13
4.4900000e+02		4.5000000e+02		4.4950000e+02		6.3454704e+02		6.6133954e-01		1.6792141e+00		1.1454737e+00		1.1454737e+00		4.7564179e-13
4.5000000e+02		4.5100000e+02		4.5050000e+02		6.7325368e+02		7.0853437e-01		1.7987014e+00		1.2272175e+00		1.2272175e+00		4.5913111e-13
4.5100000e+02		4.5200000e+02		4.5150000e+02		6.7122600e+02		6.9722427e-01		1.7720680e+00		1.2076279e+00		1.2076279e+00		5.3533673e-13
4.5200000e+02		4.5300000e+02		4.5250000e+02		6.3541039e+02		6.7881409e-01		1.7231611e+00		1.1757405e+00		1.1757405e+00		4.7989344e-13
4.5300000e+02		4.5400000e+02		4.5350000e+02		6.0888666e+02		6.6538910e-01		1.6885384e+00		1.1524877e+00		1.1524877e+00		4.7970485e-13
4.5400000e+02		4.5500000e+02		4.5450000e+02		6.4999363e+02		7.1501946e-01		1.8139120e+00		1.2384500e+00		1.2384500e+00		4.6817029e-13
4.5500000e+02		4.5600000e+02		4.5550000e+02		6.4380306e+02		7.1689514e-01		1.8181005e+00		1.2416988e+00		1.2416988e+00		5.5135398e-13
4.5600000e+02		4.5700000e+02		4.5650000e+02		6.6853861e+02		7.4861853e-01		1.8975786e+00		1.2966453e+00		1.2966453e+00		5.0178864e-13
4.5700000e+02		4.5800000e+02		4.5750000e+02		6.7499745e+02		7.7578590e-01		1.9647925e+00		1.3437006e+00		1.3437006e+00		5.9001860e-13
4.5800000e+02		4.5900000e+02		4.5850000e+02		6.3439039e+02		7.3224642e-01		1.8546678e+00		1.2682880e+00		1.2682880e+00		5.1840197e-13
4.5900000e+02		4.6000000e+02		4.5950000e+02		6.5539586e+02		7.5989578e-01		1.9247728e+00		1.3161781e+00		1.3161781e+00		5.0843199e-13
4.6000000e+02		4.6100000e+02		4.6050000e+02		6.4752339e+02		7.6319842e-01		1.9326389e+00		1.3218984e+00		1.3218984e+00		5.0123410e-13
4.6100000e+02		4.6200000e+02		4.6150000e+02		6.6245412e+02		7.9830309e-01		2.0199389e+00		1.3827015e+00		1.3827015e+00		4.8384778e-13
4.6200000e+02		4.6300000e+02		4.6250000e+02		6.6901120e+02		8.1706403e-01		2.0674545e+00		1.4151964e+00		1.4151964e+00		5.8127053e-13
4.6300000e+02		4.6400000e+02		4.6350000e+02		6.4662616e+02		7.8295698e-01		1.9830689e+00		1.3561213e+00		1.3561213e+00		4.6183204e-13
4.6400000e+02		4.6500000e+02		4.6450000e+02		6.5795753e+02		8.0764929e-01		2.0464508e+00		1.3988896e+00		1.3988896e+00		5.1303199e-13
4.6500000e+02		4.6600000e+02		4.6550000e+02		6.3552746e+02		8.2035504e-01		2.0706369e+00		1.4208966e+00		1.4208966e+00		5.1641114e-13
4.6600000e+02		4.6700000e+02		4.6650000e+02		6.3955371e+02		8.5424706e-01		2.1538196e+00		1.4795993e+00		1.4795993e+00		5.9237893e-13
4.6700000e+02		4.6800000e+02		4.6750000e+02		6.4572639e+02		8.6783855e-01		2.1878198e+00		1.5031405e+00		1.5031405e+00		5.7260386e-13
4.6800000e+02		4.6900000e+02		4.6850000e+02		6.3145002e+02		8.5423363e-01		2.1541384e+00		1.4795760e+00		1.4795760e+00		5.7517291e-13
4.6900000e+02		4.7000000e+02		4.6950000e+02		6.4956875e+02		8.9012247e-01		2.2436925e+00		1.5417373e+00		1.5417373e+00		5.1486669e-13
4.7000000e+02		4.7100000e+02		4.7050000e+02		6.1381170e+02		8.6314294e-01		2.1743717e+00		1.4950074e+00		1.4950074e+00		4.9572617e-13
4.7100000e+02		4.7200000e+02		4.7150000e+02		6.4174114e+02		9.0728182e-01		2.2857416e+00		1.5714582e+00		1.5714582e+00		5.4503871e-13
4.7200000e+02		4.7300000e+02		4.7250000e+02		6.5742798e+02		9.5968692e-01		2.4158211e+00		1.6622265e+00		1.6622265e+00		5.7059554e-13
4.7300000e+02		4.7400000e+02		4.7350000e+02		6.4563741e+02		9.5131795e-01		2.3942808e+00		1.6477310e+00		1.6477310e+00		5.5189192e-13
4.7400000e+02		4.7500000e+02		4.7450000e+02		6.6512717e+02		9.6444402e-01		2.4335861e+00		1.6704660e+00		1.6704660e+00		5.2111369e-13
4.7500000e+02		4.7600000e+02		4.7550000e+02		6.6365303e+02		9.8668992e-01		2.4861881e+00		1.7089971e+00		1.7089971e+00		5.0639788e-13
4.7600000e+02		4.7700000e+02		4.7650000e+02		6.3952653e+02		9.7969586e-01		2.4643505e+00		1.6968830e+00		1.6968830e+00		5.3286848e-13
4.7700000e+02		4.7800000e+02		4.7750000e+02		6.6772274e+02		1.0354915e+00		2.6043391e+00		1.7935239e+00		1.7935239e+00		5.5091468e-13
4.7800000e+02		4.7900000e+02		4.7850000e+02		6.6128260e+02		1.0435428e+00		2.6240865e+00		1.8074692e+00		1.8074692e+00		6.0642876e-13
4.7900000e+02		4.8000000e+02		4.7950000e+02		6.6320839e+02		1.0595091e+00		2.6635554e+00		1.8351236e+00		1.8351236e+00		5.7253109e-13
4.8000000e+02		4.8100000e+02		4.8050000e+02		6.6489751e+02		1.0736710e+00		2.6994490e+00		1.8596527e+00		1.8596527e+00		5.1529855e-13
4.8100000e+02		4.8200000e+02		4.8150000e+02		6.6630748e+02		1.0509626e+00		2.6496961e+00		1.8203206e+00		1.8203206e+00		4.1989142e-13
4.8200000e+02		4.8300000e+02		4.8250000e+02		6.6376999e+02		1.0705993e+00		2.6978078e+00		1.8543323e+00		1.8543323e+00		4.3223615e-13
4.8300000e+02		4.8400000e+02		4.8350000e+02		6.5373157e+02		1.0714850e+00		2.6998149e+00		1.8558664e+00		1.8558664e+00		4.8958098e-13
4.8400000e+02		4.8500000e+02		4.8450000e+02		6.4242337e+02		1.0496290e+00		2.6447847e+00		1.8180108e+00		1.8180108e+00		3.8997666e-13
4.8500000e+02		4.8600000e+02		4.8550000e+02		6.0369332e+02		9.6698801e-01		2.4396305e+00		1.6748724e+00		1.6748724e+00		4.0270778e-13
4.8600000e+02		4.8700000e+02		4.8650000e+02		5.2412565e+02		8.6251033e-01		2.1749918e+00		1.4939117e+00		1.4939117e+00		3.4774066e-13
4.8700000e+02		4.8800000e+02		4.8750000e+02		5.9966111e+02		1.1000077e+00		2.7573274e+00		1.9052693e+00		1.9052693e+00		4.4527069e-13
4.8800000e+02		4.8900000e+02		4.8850000e+02		6.3081686e+02		1.1553568e+00		2.8964903e+00		2.0011367e+00		2.0011367e+00		4.7871689e-13
4.8900000e+02		4.9000000e+02		4.8950000e+02		6.1880396e+02		1.1590392e+00		2.9047688e+00		2.0075148e+00		2.0075148e+00		5.0982814e-13
4.9000000e+02		4.9100000e+02		4.9050000e+02		6.5907671e+02		1.2422264e+00		3.1130683e+00		2.1515992e+00		2.1515992e+00		5.0446596e-13
4.9100000e+02		4.9200000e+02		4.9150000e+02		6.2110374e+02		1.2927774e+00		3.2309412e+00		2.2391561e+00		2.2391561e+00		5.4272786e-13
4.9200000e+02		4.9300000e+02		4.9250000e+02		5.9112858e+02		1.2309203e+00		3.0764699e+00		2.1320165e+00		2.1320165e+00		4.5052915e-13
4.9300000e+02		4.9400000e+02		4.9350000e+02		6.2472140e+02		1.2465184e+00		3.1200845e+00		2.1590331e+00		2.1590331e+00		4.7181475e-13
4.9400000e+02		4.9500000e+02		4.9450000e+02		6.4279699e+02		1.3082653e+00		3.2735217e+00		2.2659820e+00		2.2659820e+00		4.9641802e-13
4.9500000e+02		4.9600000e+02		4.9550000e+02		6.3133158e+02		1.3084916e+00		3.2726149e+00		2.2663739e+00		2.2663739e+00		4.5580092e-13
4.9600000e+02		4.9700000e+02		4.9650000e+02		6.3921352e+02		1.3464711e+00		3.3667673e+00		2.3321564e+00		2.3321564e+00		4.9018682e-13
4.9700000e+02		4.9800000e+02		4.9750000e+02		6.5113923e+02		1.3454408e+00		3.3665685e+00		2.3303718e+00		2.3303718e+00		4.9886091e-13
4.9800000e+02		4.9900000e+02		4.9850000e+02		5.9175801e+02		1.2060340e+00		3.0193227e+00		2.0889122e+00		2.0889122e+00		4.1181228e-13
4.9900000e+02		5.0000000e+02		4.9950000e+02		6.3385792e+02		1.3210444e+00		3.3061559e+00		2.2881160e+00		2.2881160e+00		4.2580696e-13
