Left Bin Edge (nm)	Right Bin Edge (nm)	Bin Center (nm)		Top of Atm Intensity (erg/s/nm/cm2)		Total Surface Flux (erg/s/nm/cm2)		Total Intensity at BOA (erg/s/nm/cm2)		Total Surface Intensity (erg/s/nm/cm2)		Total Surface Diffuse Intensity (erg/s/nm/cm2)		Total Surface Direct Intensity (erg/s/nm/cm2)
1.0000000e+02		1.0100000e+02		1.0050000e+02		1.9189487e-02		0.0000000e+00		0.0000000e+00		0.0000000e+00		0.0000000e+00		0.0000000e+00
1.0100000e+02		1.0200000e+02		1.0150000e+02		7.4861701e-02		0.0000000e+00		0.0000000e+00		0.0000000e+00		0.0000000e+00		0.0000000e+00
1.0200000e+02		1.0300000e+02		1.0250000e+02		3.9734366e-01		0.0000000e+00		0.0000000e+00		0.0000000e+00		0.0000000e+00		0.0000000e+00
1.0300000e+02		1.0400000e+02		1.0350000e+02		3.0179545e-01		0.0000000e+00		0.0000000e+00		0.0000000e+00		0.0000000e+00		0.0000000e+00
1.0400000e+02		1.0500000e+02		1.0450000e+02		6.0815352e-02		0.0000000e+00		0.0000000e+00		0.0000000e+00		0.0000000e+00		0.0000000e+00
1.0500000e+02		1.0600000e+02		1.0550000e+02		2.0834600e-02		0.0000000e+00		0.0000000e+00		0.0000000e+00		0.0000000e+00		0.0000000e+00
1.0600000e+02		1.0700000e+02		1.0650000e+02		1.9584792e-02		0.0000000e+00		0.0000000e+00		0.0000000e+00		0.0000000e+00		0.0000000e+00
1.0700000e+02		1.0800000e+02		1.0750000e+02		2.1853879e-02		0.0000000e+00		0.0000000e+00		0.0000000e+00		0.0000000e+00		0.0000000e+00
1.0800000e+02		1.0900000e+02		1.0850000e+02		3.0634999e-02		0.0000000e+00		0.0000000e+00		0.0000000e+00		0.0000000e+00		0.0000000e+00
1.0900000e+02		1.1000000e+02		1.0950000e+02		2.4032561e-02		0.0000000e+00		0.0000000e+00		0.0000000e+00		0.0000000e+00		0.0000000e+00
1.1000000e+02		1.1100000e+02		1.1050000e+02		2.3268893e-02		0.0000000e+00		0.0000000e+00		0.0000000e+00		0.0000000e+00		0.0000000e+00
1.1100000e+02		1.1200000e+02		1.1150000e+02		2.1871272e-02		0.0000000e+00		0.0000000e+00		0.0000000e+00		0.0000000e+00		0.0000000e+00
1.1200000e+02		1.1300000e+02		1.1250000e+02		2.2375602e-02		0.0000000e+00		0.0000000e+00		0.0000000e+00		0.0000000e+00		0.0000000e+00
1.1300000e+02		1.1400000e+02		1.1350000e+02		1.7748133e-02		0.0000000e+00		0.0000000e+00		0.0000000e+00		0.0000000e+00		0.0000000e+00
1.1400000e+02		1.1500000e+02		1.1450000e+02		1.3589480e-02		0.0000000e+00		0.0000000e+00		0.0000000e+00		0.0000000e+00		0.0000000e+00
1.1500000e+02		1.1600000e+02		1.1550000e+02		1.8751615e-02		0.0000000e+00		0.0000000e+00		0.0000000e+00		0.0000000e+00		0.0000000e+00
1.1600000e+02		1.1700000e+02		1.1650000e+02		4.3674487e-02		0.0000000e+00		0.0000000e+00		0.0000000e+00		0.0000000e+00		0.0000000e+00
1.1700000e+02		1.1800000e+02		1.1750000e+02		1.5546757e-01		0.0000000e+00		0.0000000e+00		0.0000000e+00		0.0000000e+00		0.0000000e+00
1.1800000e+02		1.1900000e+02		1.1850000e+02		5.2889236e-02		0.0000000e+00		0.0000000e+00		0.0000000e+00		0.0000000e+00		0.0000000e+00
1.1900000e+02		1.2000000e+02		1.1950000e+02		7.3692884e-02		0.0000000e+00		0.0000000e+00		0.0000000e+00		0.0000000e+00		0.0000000e+00
1.2000000e+02		1.2100000e+02		1.2050000e+02		4.0066072e-01		0.0000000e+00		0.0000000e+00		0.0000000e+00		0.0000000e+00		0.0000000e+00
1.2100000e+02		1.2200000e+02		1.2150000e+02		1.5905289e+01		0.0000000e+00		0.0000000e+00		0.0000000e+00		0.0000000e+00		0.0000000e+00
1.2200000e+02		1.2300000e+02		1.2250000e+02		1.0666543e-01		0.0000000e+00		0.0000000e+00		0.0000000e+00		0.0000000e+00		0.0000000e+00
1.2300000e+02		1.2400000e+02		1.2350000e+02		5.7456553e-02		0.0000000e+00		0.0000000e+00		0.0000000e+00		0.0000000e+00		0.0000000e+00
1.2400000e+02		1.2500000e+02		1.2450000e+02		4.6184197e-02		0.0000000e+00		0.0000000e+00		0.0000000e+00		0.0000000e+00		0.0000000e+00
1.2500000e+02		1.2600000e+02		1.2550000e+02		4.5085118e-02		0.0000000e+00		0.0000000e+00		0.0000000e+00		0.0000000e+00		0.0000000e+00
1.2600000e+02		1.2700000e+02		1.2650000e+02		6.3054464e-02		0.0000000e+00		0.0000000e+00		0.0000000e+00		0.0000000e+00		0.0000000e+00
1.2700000e+02		1.2800000e+02		1.2750000e+02		3.3006429e-02		0.0000000e+00		0.0000000e+00		0.0000000e+00		0.0000000e+00		0.0000000e+00
1.2800000e+02		1.2900000e+02		1.2850000e+02		2.6335196e-02		0.0000000e+00		0.0000000e+00		0.0000000e+00		0.0000000e+00		0.0000000e+00
1.2900000e+02		1.3000000e+02		1.2950000e+02		3.5131240e-02		0.0000000e+00		0.0000000e+00		0.0000000e+00		0.0000000e+00		0.0000000e+00
1.3000000e+02		1.3100000e+02		1.3050000e+02		2.8850634e-01		0.0000000e+00		0.0000000e+00		0.0000000e+00		0.0000000e+00		0.0000000e+00
1.3100000e+02		1.3200000e+02		1.3150000e+02		3.9064855e-02		0.0000000e+00		0.0000000e+00		0.0000000e+00		0.0000000e+00		0.0000000e+00
1.3200000e+02		1.3300000e+02		1.3250000e+02		3.0374778e-02		0.0000000e+00		0.0000000e+00		0.0000000e+00		0.0000000e+00		0.0000000e+00
1.3300000e+02		1.3400000e+02		1.3350000e+02		4.1056606e-01		0.0000000e+00		0.0000000e+00		0.0000000e+00		0.0000000e+00		0.0000000e+00
1.3400000e+02		1.3500000e+02		1.3450000e+02		2.8092500e-02		0.0000000e+00		0.0000000e+00		0.0000000e+00		0.0000000e+00		0.0000000e+00
1.3500000e+02		1.3600000e+02		1.3550000e+02		5.8954708e-02		0.0000000e+00		0.0000000e+00		0.0000000e+00		0.0000000e+00		0.0000000e+00
1.3600000e+02		1.3700000e+02		1.3650000e+02		3.8690656e-02		0.0000000e+00		0.0000000e+00		0.0000000e+00		0.0000000e+00		0.0000000e+00
1.3700000e+02		1.3800000e+02		1.3750000e+02		3.9732879e-02		0.0000000e+00		0.0000000e+00		0.0000000e+00		0.0000000e+00		0.0000000e+00
1.3800000e+02		1.3900000e+02		1.3850000e+02		4.0549866e-02		0.0000000e+00		0.0000000e+00		0.0000000e+00		0.0000000e+00		0.0000000e+00
1.3900000e+02		1.4000000e+02		1.3950000e+02		1.3692187e-01		0.0000000e+00		0.0000000e+00		0.0000000e+00		0.0000000e+00		0.0000000e+00
1.4000000e+02		1.4100000e+02		1.4050000e+02		1.1939088e-01		0.0000000e+00		0.0000000e+00		0.0000000e+00		0.0000000e+00		0.0000000e+00
1.4100000e+02		1.4200000e+02		1.4150000e+02		5.7521948e-02		0.0000000e+00		0.0000000e+00		0.0000000e+00		0.0000000e+00		0.0000000e+00
1.4200000e+02		1.4300000e+02		1.4250000e+02		6.2343151e-02		0.0000000e+00		0.0000000e+00		0.0000000e+00		0.0000000e+00		0.0000000e+00
1.4300000e+02		1.4400000e+02		1.4350000e+02		6.9165895e-02		0.0000000e+00		0.0000000e+00		0.0000000e+00		0.0000000e+00		0.0000000e+00
1.4400000e+02		1.4500000e+02		1.4450000e+02		6.6149126e-02		0.0000000e+00		0.0000000e+00		0.0000000e+00		0.0000000e+00		0.0000000e+00
1.4500000e+02		1.4600000e+02		1.4550000e+02		7.0536262e-02		0.0000000e+00		0.0000000e+00		0.0000000e+00		0.0000000e+00		0.0000000e+00
1.4600000e+02		1.4700000e+02		1.4650000e+02		8.6012655e-02		0.0000000e+00		0.0000000e+00		0.0000000e+00		0.0000000e+00		0.0000000e+00
1.4700000e+02		1.4800000e+02		1.4750000e+02		1.0610345e-01		0.0000000e+00		0.0000000e+00		0.0000000e+00		0.0000000e+00		0.0000000e+00
1.4800000e+02		1.4900000e+02		1.4850000e+02		1.0405386e-01		0.0000000e+00		0.0000000e+00		0.0000000e+00		0.0000000e+00		0.0000000e+00
1.4900000e+02		1.5000000e+02		1.4950000e+02		9.4002421e-02		0.0000000e+00		0.0000000e+00		0.0000000e+00		0.0000000e+00		0.0000000e+00
1.5000000e+02		1.5100000e+02		1.5050000e+02		1.0343288e-01		0.0000000e+00		0.0000000e+00		0.0000000e+00		0.0000000e+00		0.0000000e+00
1.5100000e+02		1.5200000e+02		1.5150000e+02		1.0875212e-01		0.0000000e+00		0.0000000e+00		0.0000000e+00		0.0000000e+00		0.0000000e+00
1.5200000e+02		1.5300000e+02		1.5250000e+02		1.3876638e-01		0.0000000e+00		0.0000000e+00		0.0000000e+00		0.0000000e+00		0.0000000e+00
1.5300000e+02		1.5400000e+02		1.5350000e+02		1.5371418e-01		0.0000000e+00		0.0000000e+00		0.0000000e+00		0.0000000e+00		0.0000000e+00
1.5400000e+02		1.5500000e+02		1.5450000e+02		4.1112511e-01		0.0000000e+00		0.0000000e+00		0.0000000e+00		0.0000000e+00		0.0000000e+00
1.5500000e+02		1.5600000e+02		1.5550000e+02		3.3836363e-01		0.0000000e+00		0.0000000e+00		0.0000000e+00		0.0000000e+00		0.0000000e+00
1.5600000e+02		1.5700000e+02		1.5650000e+02		2.0084632e-01		0.0000000e+00		0.0000000e+00		0.0000000e+00		0.0000000e+00		0.0000000e+00
1.5700000e+02		1.5800000e+02		1.5750000e+02		1.8216796e-01		0.0000000e+00		0.0000000e+00		0.0000000e+00		0.0000000e+00		0.0000000e+00
1.5800000e+02		1.5900000e+02		1.5850000e+02		1.6795176e-01		0.0000000e+00		0.0000000e+00		0.0000000e+00		0.0000000e+00		0.0000000e+00
1.5900000e+02		1.6000000e+02		1.5950000e+02		1.6379377e-01		0.0000000e+00		0.0000000e+00		0.0000000e+00		0.0000000e+00		0.0000000e+00
1.6000000e+02		1.6100000e+02		1.6050000e+02		1.7926410e-01		0.0000000e+00		0.0000000e+00		0.0000000e+00		0.0000000e+00		0.0000000e+00
1.6100000e+02		1.6200000e+02		1.6150000e+02		2.0306941e-01		0.0000000e+00		0.0000000e+00		0.0000000e+00		0.0000000e+00		0.0000000e+00
1.6200000e+02		1.6300000e+02		1.6250000e+02		2.2492895e-01		0.0000000e+00		0.0000000e+00		0.0000000e+00		0.0000000e+00		0.0000000e+00
1.6300000e+02		1.6400000e+02		1.6350000e+02		4.7671727e-01		0.0000000e+00		0.0000000e+00		0.0000000e+00		0.0000000e+00		0.0000000e+00
1.6400000e+02		1.6500000e+02		1.6450000e+02		4.8753270e-01		0.0000000e+00		0.0000000e+00		0.0000000e+00		0.0000000e+00		0.0000000e+00
1.6500000e+02		1.6600000e+02		1.6550000e+02		5.7072689e-01		0.0000000e+00		0.0000000e+00		0.0000000e+00		0.0000000e+00		0.0000000e+00
1.6600000e+02		1.6700000e+02		1.6650000e+02		2.6919628e-01		0.0000000e+00		0.0000000e+00		0.0000000e+00		0.0000000e+00		0.0000000e+00
1.6700000e+02		1.6800000e+02		1.6750000e+02		2.8728373e-01		0.0000000e+00		0.0000000e+00		0.0000000e+00		0.0000000e+00		0.0000000e+00
1.6800000e+02		1.6900000e+02		1.6850000e+02		3.0958866e-01		0.0000000e+00		0.0000000e+00		0.0000000e+00		0.0000000e+00		0.0000000e+00
1.6900000e+02		1.7000000e+02		1.6950000e+02		3.8988989e-01		0.0000000e+00		0.0000000e+00		0.0000000e+00		0.0000000e+00		0.0000000e+00
1.7000000e+02		1.7100000e+02		1.7050000e+02		4.3752516e-01		0.0000000e+00		0.0000000e+00		0.0000000e+00		0.0000000e+00		0.0000000e+00
1.7100000e+02		1.7200000e+02		1.7150000e+02		4.3618394e-01		0.0000000e+00		0.0000000e+00		0.0000000e+00		0.0000000e+00		0.0000000e+00
1.7200000e+02		1.7300000e+02		1.7250000e+02		4.5514763e-01		0.0000000e+00		0.0000000e+00		0.0000000e+00		0.0000000e+00		0.0000000e+00
1.7300000e+02		1.7400000e+02		1.7350000e+02		4.5120572e-01		0.0000000e+00		0.0000000e+00		0.0000000e+00		0.0000000e+00		0.0000000e+00
1.7400000e+02		1.7500000e+02		1.7450000e+02		5.3951828e-01		0.0000000e+00		0.0000000e+00		0.0000000e+00		0.0000000e+00		0.0000000e+00
1.7500000e+02		1.7600000e+02		1.7550000e+02		6.4389120e-01		0.0000000e+00		0.0000000e+00		0.0000000e+00		0.0000000e+00		0.0000000e+00
1.7600000e+02		1.7700000e+02		1.7650000e+02		6.9472845e-01		0.0000000e+00		0.0000000e+00		0.0000000e+00		0.0000000e+00		0.0000000e+00
1.7700000e+02		1.7800000e+02		1.7750000e+02		8.1849614e-01		0.0000000e+00		0.0000000e+00		0.0000000e+00		0.0000000e+00		0.0000000e+00
1.7800000e+02		1.7900000e+02		1.7850000e+02		8.9455089e-01		0.0000000e+00		0.0000000e+00		0.0000000e+00		0.0000000e+00		0.0000000e+00
1.7900000e+02		1.8000000e+02		1.7950000e+02		8.6966614e-01		0.0000000e+00		0.0000000e+00		0.0000000e+00		0.0000000e+00		0.0000000e+00
1.8000000e+02		1.8100000e+02		1.8050000e+02		1.0753674e+00		0.0000000e+00		0.0000000e+00		0.0000000e+00		0.0000000e+00		0.0000000e+00
1.8100000e+02		1.8200000e+02		1.8150000e+02		1.3093431e+00		0.0000000e+00		0.0000000e+00		0.0000000e+00		0.0000000e+00		0.0000000e+00
1.8200000e+02		1.8300000e+02		1.8250000e+02		1.2087370e+00		0.0000000e+00		0.0000000e+00		0.0000000e+00		0.0000000e+00		0.0000000e+00
1.8300000e+02		1.8400000e+02		1.8350000e+02		1.2728289e+00		0.0000000e+00		0.0000000e+00		0.0000000e+00		0.0000000e+00		0.0000000e+00
1.8400000e+02		1.8500000e+02		1.8450000e+02		1.0940339e+00		0.0000000e+00		0.0000000e+00		0.0000000e+00		0.0000000e+00		0.0000000e+00
1.8500000e+02		1.8600000e+02		1.8550000e+02		1.2372281e+00		0.0000000e+00		0.0000000e+00		0.0000000e+00		0.0000000e+00		0.0000000e+00
1.8600000e+02		1.8700000e+02		1.8650000e+02		1.4037992e+00		0.0000000e+00		0.0000000e+00		0.0000000e+00		0.0000000e+00		0.0000000e+00
1.8700000e+02		1.8800000e+02		1.8750000e+02		1.5907538e+00		0.0000000e+00		0.0000000e+00		0.0000000e+00		0.0000000e+00		0.0000000e+00
1.8800000e+02		1.8900000e+02		1.8850000e+02		1.6735993e+00		6.2940775e-223		0.0000000e+00		6.3203158e-223		6.2080397e-225		6.2582354e-223
1.8900000e+02		1.9000000e+02		1.8950000e+02		1.8559600e+00		3.7624198e-153		0.0000000e+00		3.7857965e-153		5.5309878e-155		3.7304867e-153
1.9000000e+02		1.9100000e+02		1.9050000e+02		1.9109940e+00		1.8559777e-104		0.0000000e+00		1.8735240e-104		4.1514996e-106		1.8320090e-104
1.9100000e+02		1.9200000e+02		1.9150000e+02		2.0707336e+00		1.8677763e-77		5.1244011e-75		1.8927929e-77		5.9189851e-79		1.8336030e-77
1.9200000e+02		1.9300000e+02		1.9250000e+02		2.1685186e+00		7.1716326e-59		3.9157216e-57		7.3066120e-59		3.1936462e-60		6.9872474e-59
1.9300000e+02		1.9400000e+02		1.9350000e+02		1.6554009e+00		4.2001708e-47		8.1734491e-46		4.3074426e-47		2.5380781e-48		4.0536348e-47
1.9400000e+02		1.9500000e+02		1.9450000e+02		2.6556632e+00		2.3724162e-40		2.6348714e-39		2.4478624e-40		1.7850770e-41		2.2693547e-40
1.9500000e+02		1.9600000e+02		1.9550000e+02		2.5630279e+00		4.3917671e-35		9.2696184e-34		5.5958534e-35		2.8488987e-35		2.7469547e-35
1.9600000e+02		1.9700000e+02		1.9650000e+02		2.8204934e+00		5.8331269e-31		1.5286130e-29		1.0000417e-30		9.8599151e-31		1.4050223e-32
1.9700000e+02		1.9800000e+02		1.9750000e+02		2.8068384e+00		1.3898105e-27		2.7492163e-26		2.4062140e-27		2.4048366e-27		1.3774382e-30
1.9800000e+02		1.9900000e+02		1.9850000e+02		2.7505577e+00		6.5090025e-16		4.6390154e-15		1.1273923e-15		1.1273923e-15		8.1175671e-24
1.9900000e+02		2.0000000e+02		1.9950000e+02		2.8965557e+00		1.0338660e-05		3.1093946e-05		1.7907085e-05		1.7907085e-05		7.0570540e-18
2.0000000e+02		2.0100000e+02		2.0050000e+02		3.0623388e+00		3.1441053e-05		9.1224613e-05		5.4457502e-05		5.4457502e-05		1.5127098e-17
2.0100000e+02		2.0200000e+02		2.0150000e+02		3.2593670e+00		1.0662479e-04		2.9762187e-04		1.8467956e-04		1.8467956e-04		3.2263116e-17
2.0200000e+02		2.0300000e+02		2.0250000e+02		3.2217937e+00		1.1821032e-04		3.2870383e-04		2.0474628e-04		2.0474628e-04		3.8517519e-17
2.0300000e+02		2.0400000e+02		2.0350000e+02		3.4484145e+00		1.4898036e-04		4.1201300e-04		2.5804155e-04		2.5804155e-04		4.9205207e-17
2.0400000e+02		2.0500000e+02		2.0450000e+02		3.7117169e+00		1.7037067e-04		4.7020508e-04		2.9509066e-04		2.9509066e-04		6.0477799e-17
2.0500000e+02		2.0600000e+02		2.0550000e+02		3.7200399e+00		1.7311782e-04		4.7750785e-04		2.9984885e-04		2.9984885e-04		6.5830024e-17
2.0600000e+02		2.0700000e+02		2.0650000e+02		3.7247532e+00		1.7464853e-04		4.8156789e-04		3.0250013e-04		3.0250013e-04		7.0673886e-17
2.0700000e+02		2.0800000e+02		2.0750000e+02		4.0454145e+00		1.9235351e-04		5.3008826e-04		3.3316605e-04		3.3316605e-04		8.5601204e-17
2.0800000e+02		2.0900000e+02		2.0850000e+02		4.3759554e+00		2.0991574e-04		5.7820086e-04		3.6358473e-04		3.6358473e-04		9.4501522e-17
2.0900000e+02		2.1000000e+02		2.0950000e+02		5.6528678e+00		2.7234001e-04		7.4997769e-04		4.7170674e-04		4.7170674e-04		1.3101589e-16
2.1000000e+02		2.1100000e+02		2.1050000e+02		6.9678423e+00		3.4190861e-04		9.4095235e-04		5.9220309e-04		5.9220309e-04		1.9400483e-16
2.1100000e+02		2.1200000e+02		2.1150000e+02		7.9326445e+00		3.9256034e-04		1.0799331e-03		6.7993446e-04		6.7993446e-04		2.2675386e-16
2.1200000e+02		2.1300000e+02		2.1250000e+02		7.0734222e+00		3.5457512e-04		9.7493477e-04		6.1414212e-04		6.1414212e-04		2.1962982e-16
2.1300000e+02		2.1400000e+02		2.1350000e+02		7.2066449e+00		3.6380807e-04		1.0000164e-03		6.3013406e-04		6.3013406e-04		2.4045333e-16
2.1400000e+02		2.1500000e+02		2.1450000e+02		9.2279181e+00		4.8761758e-04		1.3378829e-03		8.4457842e-04		8.4457842e-04		3.3274963e-16
2.1500000e+02		2.1600000e+02		2.1550000e+02		7.9257408e+00		4.0591029e-04		1.1149790e-03		7.0305725e-04		7.0305725e-04		2.9318255e-16
2.1600000e+02		2.1700000e+02		2.1650000e+02		7.3353469e+00		3.7878989e-04		1.0402793e-03		6.5608334e-04		6.5608334e-04		3.2314345e-16
2.1700000e+02		2.1800000e+02		2.1750000e+02		7.5953881e+00		3.9208176e-04		1.0766457e-03		6.7910553e-04		6.7910553e-04		3.2178642e-16
2.1800000e+02		2.1900000e+02		2.1850000e+02		1.0217230e+01		5.3070532e-04		1.4569756e-03		9.1920858e-04		9.1920858e-04		4.7638196e-16
2.1900000e+02		2.2000000e+02		2.1950000e+02		1.0786519e+01		5.6370721e-04		1.5470941e-03		9.7636953e-04		9.7636953e-04		5.1244418e-16
2.2000000e+02		2.2100000e+02		2.2050000e+02		1.0851638e+01		5.6758053e-04		1.5576627e-03		9.8307832e-04		9.8307832e-04		5.6487098e-16
2.2100000e+02		2.2200000e+02		2.2150000e+02		8.6872371e+00		4.6647626e-04		1.2789183e-03		8.0796058e-04		8.0796058e-04		4.7970854e-16
2.2200000e+02		2.2300000e+02		2.2250000e+02		1.1691346e+01		6.3773772e-04		1.7475151e-03		1.1045941e-03		1.1045941e-03		7.0600562e-16
2.2300000e+02		2.2400000e+02		2.2350000e+02		1.5139682e+01		8.3903151e-04		2.2977310e-03		1.4532452e-03		1.4532452e-03		9.7021428e-16
2.2400000e+02		2.2500000e+02		2.2450000e+02		1.4154944e+01		6.4323974e-04		1.7746889e-03		1.1141239e-03		1.1141239e-03		8.1276904e-16
2.2500000e+02		2.2600000e+02		2.2550000e+02		1.2365614e+01		6.0282678e-04		1.6588298e-03		1.0441266e-03		1.0441266e-03		8.0148297e-16
2.2600000e+02		2.2700000e+02		2.2650000e+02		9.0577089e+00		4.3029446e-04		1.1851371e-03		7.4529187e-04		7.4529187e-04		5.7269574e-16
2.2700000e+02		2.2800000e+02		2.2750000e+02		8.8108381e+00		5.1312943e-04		1.4025000e-03		8.8876624e-04		8.8876624e-04		6.4530624e-16
2.2800000e+02		2.2900000e+02		2.2850000e+02		1.2275156e+01		7.2491089e-04		1.9805176e-03		1.2555825e-03		1.2555825e-03		1.0047589e-15
2.2900000e+02		2.3000000e+02		2.2950000e+02		1.1031259e+01		6.6102031e-04		1.8050980e-03		1.1449208e-03		1.1449208e-03		9.9932598e-16
2.3000000e+02		2.3100000e+02		2.3050000e+02		1.2510180e+01		7.5743854e-04		2.0674796e-03		1.3119220e-03		1.3119220e-03		1.1313621e-15
2.3100000e+02		2.3200000e+02		2.3150000e+02		1.1791833e+01		7.2361352e-04		1.9742318e-03		1.2533354e-03		1.2533354e-03		1.1352806e-15
2.3200000e+02		2.3300000e+02		2.3250000e+02		1.2664003e+01		7.8961603e-04		2.1532438e-03		1.3676551e-03		1.3676551e-03		1.3645822e-15
2.3300000e+02		2.3400000e+02		2.3350000e+02		1.1428554e+01		7.2239921e-04		1.9689472e-03		1.2512321e-03		1.2512321e-03		1.2169930e-15
2.3400000e+02		2.3500000e+02		2.3450000e+02		9.9864853e+00		5.1981241e-04		1.4273602e-03		9.0034150e-04		9.0034150e-04		9.5797941e-16
2.3500000e+02		2.3600000e+02		2.3550000e+02		1.3443360e+01		8.3719353e-04		2.2836481e-03		1.4500617e-03		1.4500617e-03		1.3952918e-15
2.3600000e+02		2.3700000e+02		2.3650000e+02		1.2448020e+01		8.3354891e-04		2.2680571e-03		1.4437491e-03		1.4437491e-03		1.4721470e-15
2.3700000e+02		2.3800000e+02		2.3750000e+02		1.3294723e+01		9.2362648e-04		2.5101375e-03		1.5997680e-03		1.5997680e-03		1.6937907e-15
2.3800000e+02		2.3900000e+02		2.3850000e+02		1.1021422e+01		7.6843223e-04		2.0885423e-03		1.3309637e-03		1.3309637e-03		1.4766328e-15
2.3900000e+02		2.4000000e+02		2.3950000e+02		1.2008577e+01		8.4043543e-04		2.2843788e-03		1.4556769e-03		1.4556769e-03		1.6579147e-15
2.4000000e+02		2.4100000e+02		2.4050000e+02		1.1032163e+01		7.8395361e-04		2.1298277e-03		1.3578475e-03		1.3578475e-03		1.4872862e-15
2.4100000e+02		2.4200000e+02		2.4150000e+02		1.2918879e+01		9.3720655e-04		2.5446596e-03		1.6232894e-03		1.6232894e-03		1.8317496e-15
2.4200000e+02		2.4300000e+02		2.4250000e+02		1.7782729e+01		1.2910611e-03		3.5072662e-03		2.2361834e-03		2.2361834e-03		2.5124085e-15
2.4300000e+02		2.4400000e+02		2.4350000e+02		1.6701989e+01		1.2421466e-03		3.3705070e-03		2.1514611e-03		2.1514611e-03		2.5375938e-15
2.4400000e+02		2.4500000e+02		2.4450000e+02		1.5641720e+01		1.1394183e-03		3.0965509e-03		1.9735303e-03		1.9735303e-03		2.3627243e-15
2.4500000e+02		2.4600000e+02		2.4550000e+02		1.2691134e+01		9.4729297e-04		2.5705485e-03		1.6407596e-03		1.6407596e-03		2.0593556e-15
2.4600000e+02		2.4700000e+02		2.4650000e+02		1.2350906e+01		9.3470312e-04		2.5349790e-03		1.6189533e-03		1.6189533e-03		2.2489989e-15
2.4700000e+02		2.4800000e+02		2.4750000e+02		1.3639226e+01		1.0386776e-03		2.8162043e-03		1.7990423e-03		1.7990423e-03		2.4720706e-15
2.4800000e+02		2.4900000e+02		2.4850000e+02		1.0938846e+01		8.4193731e-04		2.2817767e-03		1.4582782e-03		1.4582782e-03		1.9698191e-15
2.4900000e+02		2.5000000e+02		2.4950000e+02		1.3333262e+01		1.0276501e-03		2.7850212e-03		1.7799422e-03		1.7799422e-03		2.5037609e-15
2.5000000e+02		2.5100000e+02		2.5050000e+02		1.4401571e+01		1.1155452e-03		3.0227792e-03		1.9321809e-03		1.9321809e-03		2.8450046e-15
2.5100000e+02		2.5200000e+02		2.5150000e+02		1.2007424e+01		9.3369145e-04		2.5296734e-03		1.6172010e-03		1.6172010e-03		2.4691392e-15
2.5200000e+02		2.5300000e+02		2.5250000e+02		1.0794009e+01		8.4173558e-04		2.2802951e-03		1.4579288e-03		1.4579288e-03		2.2426674e-15
2.5300000e+02		2.5400000e+02		2.5350000e+02		1.3602371e+01		1.0875216e-03		2.9437962e-03		1.8836427e-03		1.8836427e-03		2.9635647e-15
2.5400000e+02		2.5500000e+02		2.5450000e+02		1.5384114e+01		1.2961101e-03		3.5022536e-03		2.2449286e-03		2.2449286e-03		3.4078972e-15
2.5500000e+02		2.5600000e+02		2.5550000e+02		2.0992062e+01		1.8781087e-03		5.0648996e-03		3.2529797e-03		3.2529797e-03		4.9448603e-15
2.5600000e+02		2.5700000e+02		2.5650000e+02		2.7040612e+01		2.5691611e-03		6.9151070e-03		4.4499175e-03		4.4499175e-03		6.8706795e-15
2.5700000e+02		2.5800000e+02		2.5750000e+02		3.3946512e+01		3.4283194e-03		9.2090768e-03		5.9380234e-03		5.9380234e-03		9.0528396e-15
2.5800000e+02		2.5900000e+02		2.5850000e+02		3.5732434e+01		3.8562560e-03		1.0335728e-02		6.6792313e-03		6.6792313e-03		9.4866500e-15
2.5900000e+02		2.6000000e+02		2.5950000e+02		3.0409976e+01		3.5190281e-03		9.4113869e-03		6.0951354e-03		6.0951354e-03		8.6467943e-15
2.6000000e+02		2.6100000e+02		2.6050000e+02		2.4915606e+01		3.2112271e-03		8.5573309e-03		5.5620086e-03		5.5620086e-03		7.7007367e-15
2.6100000e+02		2.6200000e+02		2.6150000e+02		2.5442742e+01		3.6638383e-03		9.7262102e-03		6.3459540e-03		6.3459540e-03		8.0345760e-15
2.6200000e+02		2.6300000e+02		2.6250000e+02		3.0366547e+01		4.8436525e-03		1.2815498e-02		8.3894522e-03		8.3894522e-03		1.0054177e-14
2.6300000e+02		2.6400000e+02		2.6350000e+02		4.5700096e+01		7.1347869e-03		1.8896749e-02		1.2357813e-02		1.2357813e-02		1.5322664e-14
2.6400000e+02		2.6500000e+02		2.6450000e+02		7.1249372e+01		1.3208564e-02		3.4767510e-02		2.2877904e-02		2.2877904e-02		2.7527467e-14
2.6500000e+02		2.6600000e+02		2.6550000e+02		7.4731454e+01		1.1922162e-02		3.1553644e-02		2.0649790e-02		2.0649790e-02		2.6372724e-14
2.6600000e+02		2.6700000e+02		2.6650000e+02		7.2446611e+01		1.1383766e-02		3.0148751e-02		1.9717261e-02		1.9717261e-02		2.7192785e-14
2.6700000e+02		2.6800000e+02		2.6750000e+02		7.2937204e+01		1.2152655e-02		3.2117832e-02		2.1049015e-02		2.1049015e-02		2.7642383e-14
2.6800000e+02		2.6900000e+02		2.6850000e+02		7.2239021e+01		1.1916464e-02		3.1506179e-02		2.0639921e-02		2.0639921e-02		2.7329182e-14
2.6900000e+02		2.7000000e+02		2.6950000e+02		6.7758000e+01		1.0682648e-02		2.8297438e-02		1.8502888e-02		1.8502888e-02		2.6724716e-14
2.7000000e+02		2.7100000e+02		2.7050000e+02		7.8281462e+01		1.1576915e-02		3.0738908e-02		2.0051806e-02		2.0051806e-02		3.1474714e-14
2.7100000e+02		2.7200000e+02		2.7150000e+02		6.5051220e+01		1.0392613e-02		2.7515532e-02		1.8000533e-02		1.8000533e-02		2.5559988e-14
2.7200000e+02		2.7300000e+02		2.7250000e+02		5.2331568e+01		8.5269096e-03		2.2560393e-02		1.4769041e-02		1.4769041e-02		2.2452483e-14
2.7300000e+02		2.7400000e+02		2.7350000e+02		5.5800645e+01		9.1164328e-03		2.4118455e-02		1.5790125e-02		1.5790125e-02		2.4021506e-14
2.7400000e+02		2.7500000e+02		2.7450000e+02		3.8398649e+01		6.5737142e-03		1.7362171e-02		1.1386007e-02		1.1386007e-02		1.7097248e-14
2.7500000e+02		2.7600000e+02		2.7550000e+02		5.1208696e+01		8.8359219e-03		2.3330570e-02		1.5304266e-02		1.5304266e-02		2.2859934e-14
2.7600000e+02		2.7700000e+02		2.7650000e+02		7.1318275e+01		1.1201706e-02		2.9680905e-02		1.9401924e-02		1.9401924e-02		3.1726447e-14
2.7700000e+02		2.7800000e+02		2.7750000e+02		6.8188493e+01		1.2464458e-02		3.2843811e-02		2.1589074e-02		2.1589074e-02		3.1125297e-14
2.7800000e+02		2.7900000e+02		2.7850000e+02		4.7024496e+01		8.0138864e-03		2.1171758e-02		1.3880458e-02		1.3880458e-02		2.0719524e-14
2.7900000e+02		2.8000000e+02		2.7950000e+02		2.6422560e+01		4.4910382e-03		1.1867343e-02		7.7787063e-03		7.7787063e-03		1.2132149e-14
2.8000000e+02		2.8100000e+02		2.8050000e+02		2.8982131e+01		4.9685916e-03		1.3126412e-02		8.6058531e-03		8.6058531e-03		1.3890274e-14
2.8100000e+02		2.8200000e+02		2.8150000e+02		6.0033324e+01		1.0173607e-02		2.6891393e-02		1.7621204e-02		1.7621204e-02		2.9392921e-14
2.8200000e+02		2.8300000e+02		2.8250000e+02		8.1733762e+01		1.3550983e-02		3.5849192e-02		2.3470992e-02		2.3470992e-02		4.0474039e-14
2.8300000e+02		2.8400000e+02		2.8350000e+02		8.4433091e+01		1.4672478e-02		3.8751337e-02		2.5413477e-02		2.5413477e-02		4.4499334e-14
2.8400000e+02		2.8500000e+02		2.8450000e+02		6.2255376e+01		1.0778431e-02		2.8470334e-02		1.8668790e-02		1.8668790e-02		3.1285058e-14
2.8500000e+02		2.8600000e+02		2.8550000e+02		4.0018063e+01		7.0573865e-03		1.8630148e-02		1.2223752e-02		1.2223752e-02		2.0223510e-14
2.8600000e+02		2.8700000e+02		2.8650000e+02		8.2001717e+01		1.3886099e-02		3.6716530e-02		2.4051428e-02		2.4051428e-02		4.2704926e-14
2.8700000e+02		2.8800000e+02		2.8750000e+02		9.5189148e+01		1.7066791e-02		4.5030163e-02		2.9560549e-02		2.9560549e-02		4.9889079e-14
2.8800000e+02		2.8900000e+02		2.8850000e+02		9.0460934e+01		1.6242998e-02		4.2861349e-02		2.8133698e-02		2.8133698e-02		4.9678511e-14
2.8900000e+02		2.9000000e+02		2.8950000e+02		1.3728321e+02		2.4683441e-02		6.5129188e-02		4.2752974e-02		4.2752974e-02		7.0777798e-14
2.9000000e+02		2.9100000e+02		2.9050000e+02		1.8023325e+02		3.2218436e-02		8.5035032e-02		5.5803968e-02		5.5803968e-02		9.6126893e-14
2.9100000e+02		2.9200000e+02		2.9150000e+02		1.7359450e+02		3.3871695e-02		8.9104947e-02		5.8667497e-02		5.8667497e-02		1.0305355e-13
2.9200000e+02		2.9300000e+02		2.9250000e+02		1.5421676e+02		2.8064798e-02		7.4038462e-02		4.8609656e-02		4.8609656e-02		9.0285068e-14
2.9300000e+02		2.9400000e+02		2.9350000e+02		1.6099986e+02		2.9542794e-02		7.7915263e-02		5.1169619e-02		5.1169619e-02		9.3974656e-14
2.9400000e+02		2.9500000e+02		2.9450000e+02		1.4991794e+02		2.7685424e-02		7.3003925e-02		4.7952561e-02		4.7952561e-02		8.8601432e-14
2.9500000e+02		2.9600000e+02		2.9550000e+02		1.6232431e+02		2.9906025e-02		7.8870291e-02		5.1798754e-02		5.1798754e-02		9.4310042e-14
2.9600000e+02		2.9700000e+02		2.9650000e+02		1.4851381e+02		2.7958902e-02		7.3680404e-02		4.8426238e-02		4.8426238e-02		8.8948774e-14
2.9700000e+02		2.9800000e+02		2.9750000e+02		1.5140866e+02		2.8892395e-02		7.6111342e-02		5.0043095e-02		5.0043095e-02		9.4971962e-14
2.9800000e+02		2.9900000e+02		2.9850000e+02		1.3012850e+02		2.4965251e-02		6.5750737e-02		4.3241082e-02		4.3241082e-02		7.6398631e-14
2.9900000e+02		3.0000000e+02		2.9950000e+02		1.4682541e+02		2.8284063e-02		7.4498819e-02		4.8989434e-02		4.8989434e-02		9.6422160e-14
3.0000000e+02		3.0100000e+02		3.0050000e+02		1.1681452e+02		2.2813349e-02		6.0052499e-02		3.9513880e-02		3.9513880e-02		7.2614979e-14
3.0100000e+02		3.0200000e+02		3.0150000e+02		1.3434477e+02		2.4783480e-02		6.5384728e-02		4.2926246e-02		4.2926246e-02		8.3807951e-14
3.0200000e+02		3.0300000e+02		3.0250000e+02		1.4142283e+02		2.4898704e-02		6.5816164e-02		4.3125820e-02		4.3125820e-02		8.5630293e-14
3.0300000e+02		3.0400000e+02		3.0350000e+02		1.8342160e+02		3.1627177e-02		8.3636123e-02		5.4779878e-02		5.4779878e-02		1.1448271e-13
3.0400000e+02		3.0500000e+02		3.0450000e+02		1.7556728e+02		3.0454840e-02		8.0514490e-02		5.2749330e-02		5.2749330e-02		1.0991083e-13
3.0500000e+02		3.0600000e+02		3.0550000e+02		1.7728071e+02		3.0617626e-02		8.0967480e-02		5.3031284e-02		5.3031284e-02		1.1181051e-13
3.0600000e+02		3.0700000e+02		3.0650000e+02		1.6814926e+02		2.9247748e-02		7.7332119e-02		5.0658586e-02		5.0658586e-02		1.0700195e-13
3.0700000e+02		3.0800000e+02		3.0750000e+02		1.8878816e+02		3.3198843e-02		8.7758075e-02		5.7502083e-02		5.7502083e-02		1.1991109e-13
3.0800000e+02		3.0900000e+02		3.0850000e+02		1.8529086e+02		3.6227240e-02		9.5407726e-02		6.2747421e-02		6.2747421e-02		1.3114478e-13
3.0900000e+02		3.1000000e+02		3.0950000e+02		1.5026991e+02		2.9860413e-02		7.8588068e-02		5.1719752e-02		5.1719752e-02		9.9303691e-14
3.1000000e+02		3.1100000e+02		3.1050000e+02		1.8913229e+02		3.8328202e-02		1.0081414e-01		6.6386393e-02		6.6386393e-02		1.3211443e-13
3.1100000e+02		3.1200000e+02		3.1150000e+02		2.2495083e+02		4.6380967e-02		1.2193694e-01		8.0334192e-02		8.0334192e-02		1.6130841e-13
3.1200000e+02		3.1300000e+02		3.1250000e+02		2.0030306e+02		4.1384375e-02		1.0880223e-01		7.1679841e-02		7.1679841e-02		1.4542142e-13
3.1300000e+02		3.1400000e+02		3.1350000e+02		2.1331645e+02		4.4479458e-02		1.1690754e-01		7.7040682e-02		7.7040682e-02		1.5276752e-13
3.1400000e+02		3.1500000e+02		3.1450000e+02		2.0119548e+02		4.2375647e-02		1.1134738e-01		7.3396773e-02		7.3396773e-02		1.4889642e-13
3.1500000e+02		3.1600000e+02		3.1550000e+02		1.9522773e+02		4.1653988e-02		1.0939980e-01		7.2146823e-02		7.2146823e-02		1.4469259e-13
3.1600000e+02		3.1700000e+02		3.1650000e+02		1.9043254e+02		4.0577850e-02		1.0658557e-01		7.0282897e-02		7.0282897e-02		1.4267417e-13
3.1700000e+02		3.1800000e+02		3.1750000e+02		2.4155434e+02		5.2831624e-02		1.3865095e-01		9.1507056e-02		9.1507056e-02		1.9247860e-13
3.1800000e+02		3.1900000e+02		3.1850000e+02		1.9952276e+02		4.3196129e-02		1.1341097e-01		7.4817891e-02		7.4817891e-02		1.5055904e-13
3.1900000e+02		3.2000000e+02		3.1950000e+02		2.1430874e+02		4.6555611e-02		1.2223831e-01		8.0636684e-02		8.0636684e-02		1.6963560e-13
3.2000000e+02		3.2100000e+02		3.2050000e+02		2.4621307e+02		5.6524506e-02		1.4813730e-01		9.7903317e-02		9.7903317e-02		1.9657015e-13
3.2100000e+02		3.2200000e+02		3.2150000e+02		2.0677326e+02		4.4498927e-02		1.1689238e-01		7.7074402e-02		7.7074402e-02		1.5513861e-13
3.2200000e+02		3.2300000e+02		3.2250000e+02		2.0765168e+02		4.4601473e-02		1.1719290e-01		7.7252017e-02		7.7252017e-02		1.5694968e-13
3.2300000e+02		3.2400000e+02		3.2350000e+02		2.0066974e+02		4.4587203e-02		1.1700935e-01		7.7227300e-02		7.7227300e-02		1.5359750e-13
3.2400000e+02		3.2500000e+02		3.2450000e+02		2.3629853e+02		5.2266155e-02		1.3720753e-01		9.0527636e-02		9.0527636e-02		1.7497830e-13
3.2500000e+02		3.2600000e+02		3.2550000e+02		2.7209498e+02		5.9977764e-02		1.5746375e-01		1.0388454e-01		1.0388454e-01		1.9141748e-13
3.2600000e+02		3.2700000e+02		3.2650000e+02		3.0699214e+02		7.0365440e-02		1.8452652e-01		1.2187652e-01		1.2187652e-01		2.3729369e-13
3.2700000e+02		3.2800000e+02		3.2750000e+02		2.9701525e+02		6.8185386e-02		1.7881904e-01		1.1810055e-01		1.1810055e-01		2.2827830e-13
3.2800000e+02		3.2900000e+02		3.2850000e+02		2.8673370e+02		6.7208917e-02		1.7610091e-01		1.1640926e-01		1.1640926e-01		2.2595860e-13
3.2900000e+02		3.3000000e+02		3.2950000e+02		3.3379807e+02		7.8296144e-02		2.0520697e-01		1.3561290e-01		1.3561290e-01		2.7799173e-13
3.3000000e+02		3.3100000e+02		3.3050000e+02		3.1443449e+02		7.5862222e-02		1.9862595e-01		1.3139722e-01		1.3139722e-01		2.5635407e-13
3.3100000e+02		3.3200000e+02		3.3150000e+02		3.0087994e+02		7.6802938e-02		2.0064281e-01		1.3302659e-01		1.3302659e-01		2.7153108e-13
3.3200000e+02		3.3300000e+02		3.3250000e+02		2.9519831e+02		7.6658838e-02		2.0013949e-01		1.3277700e-01		1.3277700e-01		2.5617928e-13
3.3300000e+02		3.3400000e+02		3.3350000e+02		2.8364288e+02		7.3844177e-02		1.9285372e-01		1.2790187e-01		1.2790187e-01		2.6289196e-13
3.3400000e+02		3.3500000e+02		3.3450000e+02		2.9883003e+02		7.8687683e-02		2.0543541e-01		1.3629107e-01		1.3629107e-01		2.7328465e-13
3.3500000e+02		3.3600000e+02		3.3550000e+02		2.9511053e+02		7.8358151e-02		2.0450397e-01		1.3572030e-01		1.3572030e-01		2.6562443e-13
3.3600000e+02		3.3700000e+02		3.3650000e+02		2.4313126e+02		6.5046597e-02		1.6971273e-01		1.1266401e-01		1.1266401e-01		2.2311835e-13
3.3700000e+02		3.3800000e+02		3.3750000e+02		2.5649874e+02		6.8691016e-02		1.7925059e-01		1.1897633e-01		1.1897633e-01		2.2403829e-13
3.3800000e+02		3.3900000e+02		3.3850000e+02		2.7748673e+02		7.4895918e-02		1.9539140e-01		1.2972354e-01		1.2972354e-01		2.4197362e-13
3.3900000e+02		3.4000000e+02		3.3950000e+02		2.9040264e+02		7.7974607e-02		2.0351612e-01		1.3505598e-01		1.3505598e-01		2.6374218e-13
3.4000000e+02		3.4100000e+02		3.4050000e+02		3.0654056e+02		8.3145287e-02		2.1695105e-01		1.4401186e-01		1.4401186e-01		2.6437518e-13
3.4100000e+02		3.4200000e+02		3.4150000e+02		2.7979685e+02		7.5704309e-02		1.9757919e-01		1.3112371e-01		1.3112371e-01		2.3529467e-13
3.4200000e+02		3.4300000e+02		3.4250000e+02		3.0344565e+02		8.2804871e-02		2.1610594e-01		1.4342224e-01		1.4342224e-01		2.8251564e-13
3.4300000e+02		3.4400000e+02		3.4350000e+02		2.9822260e+02		8.0050874e-02		2.0910128e-01		1.3865218e-01		1.3865218e-01		2.7415379e-13
3.4400000e+02		3.4500000e+02		3.4450000e+02		2.3986676e+02		6.6381397e-02		1.7321271e-01		1.1497595e-01		1.1497595e-01		2.2080179e-13
3.4500000e+02		3.4600000e+02		3.4550000e+02		2.8907088e+02		8.1997890e-02		2.1378940e-01		1.4202451e-01		1.4202451e-01		2.6155841e-13
3.4600000e+02		3.4700000e+02		3.4650000e+02		2.8069735e+02		8.3644041e-02		2.1772992e-01		1.4487573e-01		1.4487573e-01		2.7522941e-13
3.4700000e+02		3.4800000e+02		3.4750000e+02		2.7782009e+02		8.9523588e-02		2.3238039e-01		1.5505940e-01		1.5505940e-01		2.6971659e-13
3.4800000e+02		3.4900000e+02		3.4850000e+02		2.8744416e+02		1.0037905e-01		2.5981175e-01		1.7386161e-01		1.7386161e-01		3.0264246e-13
3.4900000e+02		3.5000000e+02		3.4950000e+02		2.7550877e+02		8.0298255e-02		2.0923983e-01		1.3908066e-01		1.3908066e-01		2.5070092e-13
3.5000000e+02		3.5100000e+02		3.5050000e+02		3.3002358e+02		1.0034599e-01		2.6107409e-01		1.7380435e-01		1.7380435e-01		3.0285420e-13
3.5100000e+02		3.5200000e+02		3.5150000e+02		3.0660572e+02		9.4442681e-02		2.4564078e-01		1.6357952e-01		1.6357952e-01		3.0722322e-13
3.5200000e+02		3.5300000e+02		3.5250000e+02		2.8324198e+02		8.7364744e-02		2.2723688e-01		1.5132017e-01		1.5132017e-01		2.6650728e-13
3.5300000e+02		3.5400000e+02		3.5350000e+02		3.2405327e+02		1.0294585e-01		2.6753188e-01		1.7830744e-01		1.7830744e-01		2.9661226e-13
3.5400000e+02		3.5500000e+02		3.5450000e+02		3.4586270e+02		1.3584267e-01		3.5048922e-01		2.3528640e-01		2.3528640e-01		3.7325343e-13
3.5500000e+02		3.5600000e+02		3.5550000e+02		3.2478382e+02		1.2718708e-01		3.2824264e-01		2.2029449e-01		2.2029449e-01		3.4183845e-13
3.5600000e+02		3.5700000e+02		3.5650000e+02		2.8234357e+02		1.1035832e-01		2.8479837e-01		1.9114622e-01		1.9114622e-01		2.5585666e-13
3.5700000e+02		3.5800000e+02		3.5750000e+02		2.4674321e+02		9.6780060e-02		2.4979321e-01		1.6762798e-01		1.6762798e-01		2.5629777e-13
3.5800000e+02		3.5900000e+02		3.5850000e+02		2.1181106e+02		8.0398740e-02		2.0777016e-01		1.3925470e-01		1.3925470e-01		2.2848741e-13
3.5900000e+02		3.6000000e+02		3.5950000e+02		3.0582840e+02		1.0189019e-01		2.6452673e-01		1.7647899e-01		1.7647899e-01		2.7319304e-13
3.6000000e+02		3.6100000e+02		3.6050000e+02		3.0178862e+02		9.9156704e-02		2.5762297e-01		1.7174445e-01		1.7174445e-01		2.8430431e-13
3.6100000e+02		3.6200000e+02		3.6150000e+02		2.8033735e+02		9.4193441e-02		2.4455477e-01		1.6314783e-01		1.6314783e-01		2.6491625e-13
3.6200000e+02		3.6300000e+02		3.6250000e+02		3.1645921e+02		1.0669411e-01		2.7700689e-01		1.8479962e-01		1.8479962e-01		3.0463185e-13
3.6300000e+02		3.6400000e+02		3.6350000e+02		3.0810145e+02		1.0588605e-01		2.7473574e-01		1.8340002e-01		1.8340002e-01		2.8975343e-13
3.6400000e+02		3.6500000e+02		3.6450000e+02		3.2221950e+02		1.1203662e-01		2.9062758e-01		1.9405311e-01		1.9405311e-01		3.0223749e-13
3.6500000e+02		3.6600000e+02		3.6550000e+02		3.6674574e+02		1.3001406e-01		3.3709988e-01		2.2519097e-01		2.2519097e-01		3.6482394e-13
3.6600000e+02		3.6700000e+02		3.6650000e+02		3.9198946e+02		1.3510933e-01		3.5073906e-01		2.3401622e-01		2.3401622e-01		3.6257678e-13
3.6700000e+02		3.6800000e+02		3.6750000e+02		3.7850004e+02		1.3765438e-01		3.5664026e-01		2.3842438e-01		2.3842438e-01		3.3640102e-13
3.6800000e+02		3.6900000e+02		3.6850000e+02		3.4895620e+02		1.2945318e-01		3.3521556e-01		2.2421949e-01		2.2421949e-01		3.3873064e-13
3.6900000e+02		3.7000000e+02		3.6950000e+02		3.8736224e+02		1.4527435e-01		3.7602796e-01		2.5162256e-01		2.5162256e-01		3.3246163e-13
3.7000000e+02		3.7100000e+02		3.7050000e+02		3.6351013e+02		1.3961409e-01		3.6117625e-01		2.4181870e-01		2.4181870e-01		3.8881004e-13
3.7100000e+02		3.7200000e+02		3.7150000e+02		3.7529261e+02		1.4637356e-01		3.7844488e-01		2.5352644e-01		2.5352644e-01		3.7352700e-13
3.7200000e+02		3.7300000e+02		3.7250000e+02		3.1177186e+02		1.2063832e-01		3.1196111e-01		2.0895170e-01		2.0895170e-01		2.7646600e-13
3.7300000e+02		3.7400000e+02		3.7350000e+02		2.7192112e+02		1.0710113e-01		2.7685487e-01		1.8550459e-01		1.8550459e-01		2.4937585e-13
3.7400000e+02		3.7500000e+02		3.7450000e+02		2.7832167e+02		1.0956150e-01		2.8335005e-01		1.8976608e-01		1.8976608e-01		2.9238819e-13
3.7500000e+02		3.7600000e+02		3.7550000e+02		3.1876744e+02		1.2845150e-01		3.3184700e-01		2.2248452e-01		2.2248452e-01		3.1951843e-13
3.7600000e+02		3.7700000e+02		3.7650000e+02		3.3048657e+02		1.3587021e-01		3.5076768e-01		2.3533411e-01		2.3533411e-01		3.2272608e-13
3.7700000e+02		3.7800000e+02		3.7750000e+02		3.8770864e+02		1.6226079e-01		4.1874020e-01		2.8104393e-01		2.8104393e-01		3.9908214e-13
3.7800000e+02		3.7900000e+02		3.7850000e+02		4.0380398e+02		1.6743972e-01		4.3229525e-01		2.9001409e-01		2.9001409e-01		4.1259428e-13
3.7900000e+02		3.8000000e+02		3.7950000e+02		3.2744385e+02		1.3634457e-01		3.5198404e-01		2.3615572e-01		2.3615572e-01		3.0913553e-13
3.8000000e+02		3.8100000e+02		3.8050000e+02		3.5656330e+02		1.4872550e-01		3.8406140e-01		2.5760012e-01		2.5760012e-01		3.3589582e-13
3.8100000e+02		3.8200000e+02		3.8150000e+02		3.2019140e+02		1.3650636e-01		3.5238276e-01		2.3643594e-01		2.3643594e-01		3.8545365e-13
3.8200000e+02		3.8300000e+02		3.8250000e+02		2.2964197e+02		9.8869632e-02		2.5508279e-01		1.7124723e-01		1.7124723e-01		2.1049168e-13
3.8300000e+02		3.8400000e+02		3.8350000e+02		2.0267593e+02		8.8178188e-02		2.2748337e-01		1.5272910e-01		1.5272910e-01		2.0419871e-13
3.8400000e+02		3.8500000e+02		3.8450000e+02		2.7111947e+02		1.2077541e-01		3.1137582e-01		2.0918915e-01		2.0918915e-01		2.7787843e-13
3.8500000e+02		3.8600000e+02		3.8550000e+02		2.8715912e+02		1.2883989e-01		3.3207768e-01		2.2315724e-01		2.2315724e-01		2.6597192e-13
3.8600000e+02		3.8700000e+02		3.8650000e+02		2.8837692e+02		1.3198501e-01		3.4004558e-01		2.2860475e-01		2.2860475e-01		3.1533706e-13
3.8700000e+02		3.8800000e+02		3.8750000e+02		2.8805300e+02		1.3335525e-01		3.4344329e-01		2.3097807e-01		2.3097807e-01		2.9300608e-13
3.8800000e+02		3.8900000e+02		3.8850000e+02		2.9209390e+02		1.3842243e-01		3.5623032e-01		2.3975469e-01		2.3975469e-01		2.8489375e-13
3.8900000e+02		3.9000000e+02		3.8950000e+02		3.5069332e+02		1.6616433e-01		4.2771601e-01		2.8780506e-01		2.8780506e-01		3.4863564e-13
3.9000000e+02		3.9100000e+02		3.9050000e+02		3.6838836e+02		1.7771192e-01		4.5725379e-01		3.0780607e-01		3.0780607e-01		4.2327998e-13
3.9100000e+02		3.9200000e+02		3.9150000e+02		3.9613874e+02		1.9272885e-01		4.9572805e-01		3.3381617e-01		3.3381617e-01		4.0259737e-13
3.9200000e+02		3.9300000e+02		3.9250000e+02		3.0403432e+02		1.4886391e-01		3.8284122e-01		2.5783985e-01		2.5783985e-01		2.8620919e-13
3.9300000e+02		3.9400000e+02		3.9350000e+02		1.8639471e+02		9.2315393e-02		2.3736449e-01		1.5989495e-01		1.5989495e-01		1.8330182e-13
3.9400000e+02		3.9500000e+02		3.9450000e+02		3.0813115e+02		1.5371639e-01		3.9513082e-01		2.6624460e-01		2.6624460e-01		2.6158436e-13
3.9500000e+02		3.9600000e+02		3.9550000e+02		3.7840801e+02		1.9307213e-01		4.9618008e-01		3.3441073e-01		3.3441073e-01		4.4904097e-13
3.9600000e+02		3.9700000e+02		3.9650000e+02		2.6140326e+02		1.3456441e-01		3.4569947e-01		2.3307240e-01		2.3307240e-01		2.7419434e-13
3.9700000e+02		3.9800000e+02		3.9750000e+02		2.9300657e+02		1.5221019e-01		3.9095346e-01		2.6363578e-01		2.6363578e-01		2.9520700e-13
3.9800000e+02		3.9900000e+02		3.9850000e+02		4.5124719e+02		2.3668728e-01		6.0784868e-01		4.0995439e-01		4.0995439e-01		4.6189922e-13
3.9900000e+02		4.0000000e+02		3.9950000e+02		4.9846141e+02		2.6426009e-01		6.7841989e-01		4.5771191e-01		4.5771191e-01		4.7895602e-13
4.0000000e+02		4.0100000e+02		4.0050000e+02		5.1407199e+02		2.7539906e-01		7.0694145e-01		4.7700517e-01		4.7700517e-01		5.2197385e-13
4.0100000e+02		4.0200000e+02		4.0150000e+02		5.3860814e+02		2.9157003e-01		7.4829223e-01		5.0501410e-01		5.0501410e-01		5.3481525e-13
4.0200000e+02		4.0300000e+02		4.0250000e+02		5.4526519e+02		2.9953136e-01		7.6839362e-01		5.1880353e-01		5.1880353e-01		4.6378115e-13
4.0300000e+02		4.0400000e+02		4.0350000e+02		5.2165796e+02		2.9229626e-01		7.4954677e-01		5.0627197e-01		5.0627197e-01		5.6650259e-13
4.0400000e+02		4.0500000e+02		4.0450000e+02		5.1300620e+02		2.9221949e-01		7.4906128e-01		5.0613900e-01		5.0613900e-01		5.7909472e-13
4.0500000e+02		4.0600000e+02		4.0550000e+02		5.1256585e+02		2.9350841e-01		7.5214897e-01		5.0837148e-01		5.0837148e-01		4.6234969e-13
4.0600000e+02		4.0700000e+02		4.0650000e+02		4.9035274e+02		2.8221614e-01		7.2312456e-01		4.8881270e-01		4.8881270e-01		3.8834971e-13
4.0700000e+02		4.0800000e+02		4.0750000e+02		4.9838294e+02		2.9218290e-01		7.4839121e-01		5.0607562e-01		5.0607562e-01		4.3918746e-13
4.0800000e+02		4.0900000e+02		4.0850000e+02		5.2990289e+02		3.1875397e-01		8.1600142e-01		5.5209807e-01		5.5209807e-01		5.5289388e-13
4.0900000e+02		4.1000000e+02		4.0950000e+02		5.2713439e+02		3.1840404e-01		8.1502471e-01		5.5149198e-01		5.5149198e-01		5.0473261e-13
4.1000000e+02		4.1100000e+02		4.1050000e+02		4.8293937e+02		2.9551259e-01		7.5620084e-01		5.1184282e-01		5.1184282e-01		4.7043496e-13
4.1100000e+02		4.1200000e+02		4.1150000e+02		5.5986852e+02		3.4749166e-01		8.8891001e-01		6.0187321e-01		6.0187321e-01		5.5133362e-13
4.1200000e+02		4.1300000e+02		4.1250000e+02		5.4940473e+02		3.4624441e-01		8.8535787e-01		5.9971290e-01		5.9971290e-01		5.3575572e-13
4.1300000e+02		4.1400000e+02		4.1350000e+02		5.2995399e+02		3.3312649e-01		8.5207737e-01		5.7699201e-01		5.7699201e-01		4.8620966e-13
4.1400000e+02		4.1500000e+02		4.1450000e+02		5.3771640e+02		3.5225915e-01		8.9985376e-01		6.1013074e-01		6.1013074e-01		5.3860620e-13
4.1500000e+02		4.1600000e+02		4.1550000e+02		5.3722776e+02		3.5682100e-01		9.1075105e-01		6.1803210e-01		6.1803210e-01		4.1261752e-13
4.1600000e+02		4.1700000e+02		4.1650000e+02		5.5745703e+02		3.8100751e-01		9.7199562e-01		6.5992437e-01		6.5992437e-01		5.4362708e-13
4.1700000e+02		4.1800000e+02		4.1750000e+02		5.0725322e+02		3.5591121e-01		9.0744734e-01		6.1645631e-01		6.1645631e-01		5.6286802e-13
4.1800000e+02		4.1900000e+02		4.1850000e+02		5.2601513e+02		3.7408112e-01		9.5346797e-01		6.4792750e-01		6.4792750e-01		5.5991372e-13
4.1900000e+02		4.2000000e+02		4.1950000e+02		5.3123875e+02		3.7653805e-01		9.5983239e-01		6.5218303e-01		6.5218303e-01		4.9678112e-13
4.2000000e+02		4.2100000e+02		4.2050000e+02		5.3797708e+02		3.8487986e-01		9.8102859e-01		6.6663146e-01		6.6663146e-01		5.4234308e-13
4.2100000e+02		4.2200000e+02		4.2150000e+02		5.2958361e+02		3.7355369e-01		9.5273074e-01		6.4701396e-01		6.4701396e-01		4.9328445e-13
4.2200000e+02		4.2300000e+02		4.2250000e+02		5.0190537e+02		3.6321280e-01		9.2581773e-01		6.2910303e-01		6.2910303e-01		5.2130245e-13
4.2300000e+02		4.2400000e+02		4.2350000e+02		5.3474862e+02		3.8708814e-01		9.8682676e-01		6.7045632e-01		6.7045632e-01		5.2621181e-13
4.2400000e+02		4.2500000e+02		4.2450000e+02		5.5328403e+02		4.0032297e-01		1.0208760e+00		6.9337973e-01		6.9337973e-01		5.4338082e-13
4.2500000e+02		4.2600000e+02		4.2550000e+02		5.3248014e+02		3.8861971e-01		9.9094389e-01		6.7310909e-01		6.7310909e-01		5.1252605e-13
4.2600000e+02		4.2700000e+02		4.2650000e+02		5.3029841e+02		3.9558019e-01		1.0079866e+00		6.8516499e-01		6.8516499e-01		4.7880484e-13
4.2700000e+02		4.2800000e+02		4.2750000e+02		4.9171747e+02		3.7275657e-01		9.4948187e-01		6.4563332e-01		6.4563332e-01		4.3908438e-13
4.2800000e+02		4.2900000e+02		4.2850000e+02		4.9494538e+02		4.0000728e-01		1.0170803e+00		6.9283293e-01		6.9283293e-01		4.8850581e-13
4.2900000e+02		4.3000000e+02		4.2950000e+02		4.6063718e+02		3.8030715e-01		9.6628374e-01		6.5871131e-01		6.5871131e-01		4.4761054e-13
4.3000000e+02		4.3100000e+02		4.3050000e+02		3.7055843e+02		3.0907476e-01		7.8491831e-01		5.3533319e-01		5.3533319e-01		3.2145214e-13
4.3100000e+02		4.3200000e+02		4.3150000e+02		4.5818753e+02		3.9125970e-01		9.9319218e-01		6.7768168e-01		6.7768168e-01		4.6950611e-13
4.3200000e+02		4.3300000e+02		4.3250000e+02		5.1625369e+02		4.3426671e-01		1.1030913e+00		7.5217201e-01		7.5217201e-01		6.4245350e-13
4.3300000e+02		4.3400000e+02		4.3350000e+02		5.6047485e+02		4.5642583e-01		1.1605557e+00		7.9055272e-01		7.9055272e-01		4.1706003e-13
4.3400000e+02		4.3500000e+02		4.3450000e+02		4.7595241e+02		3.9063287e-01		9.9397576e-01		6.7659598e-01		6.7659598e-01		6.6672155e-13
4.3500000e+02		4.3600000e+02		4.3550000e+02		5.3162725e+02		4.2879133e-01		1.0911761e+00		7.4268838e-01		7.4268838e-01		4.1575118e-13
4.3600000e+02		4.3700000e+02		4.3650000e+02		5.9481241e+02		4.9824092e-01		1.2664165e+00		8.6297859e-01		8.6297859e-01		4.5351687e-13
4.3700000e+02		4.3800000e+02		4.3750000e+02		5.2629983e+02		4.6093433e-01		1.1705313e+00		7.9836168e-01		7.9836168e-01		5.8634993e-13
4.3800000e+02		4.3900000e+02		4.3850000e+02		5.1257868e+02		4.5876256e-01		1.1640511e+00		7.9460007e-01		7.9460007e-01		4.4332888e-13
4.3900000e+02		4.4000000e+02		4.3950000e+02		5.7051902e+02		5.1667366e-01		1.3110137e+00		8.9490504e-01		8.9490504e-01		5.8383099e-13
4.4000000e+02		4.4100000e+02		4.4050000e+02		5.4089681e+02		4.8932018e-01		1.2418354e+00		8.4752742e-01		8.4752742e-01		4.8376903e-13
4.4100000e+02		4.4200000e+02		4.4150000e+02		5.9491633e+02		5.4480307e-01		1.3818641e+00		9.4362660e-01		9.4362660e-01		5.2071748e-13
4.4200000e+02		4.4300000e+02		4.4250000e+02		6.2544254e+02		5.7702951e-01		1.4633724e+00		9.9944443e-01		9.9944443e-01		5.5263512e-13
4.4300000e+02		4.4400000e+02		4.4350000e+02		6.0497206e+02		5.6097076e-01		1.4226410e+00		9.7162986e-01		9.7162986e-01		5.1308577e-13
4.4400000e+02		4.4500000e+02		4.4450000e+02		6.2324411e+02		5.8284194e-01		1.4780889e+00		1.0095118e+00		1.0095118e+00		5.4339963e-13
4.4500000e+02		4.4600000e+02		4.4550000e+02		5.7783999e+02		5.3865413e-01		1.3673037e+00		9.3297632e-01		9.3297632e-01		5.0252371e-13
4.4600000e+02		4.4700000e+02		4.4650000e+02		5.8940025e+02		5.5253318e-01		1.4029116e+00		9.5701553e-01		9.5701553e-01		5.0164222e-13
4.4700000e+02		4.4800000e+02		4.4750000e+02		6.3881895e+02		6.0248009e-01		1.5299779e+00		1.0435261e+00		1.0435261e+00		5.5644682e-13
4.4800000e+02		4.4900000e+02		4.4850000e+02		6.2805979e+02		5.9720558e-01		1.5166703e+00		1.0343904e+00		1.0343904e+00		5.6181914e-13
4.4900000e+02		4.5000000e+02		4.4950000e+02		6.3454704e+02		6.0854158e-01		1.5451543e+00		1.0540249e+00		1.0540249e+00		4.7575430e-13
4.5000000e+02		4.5100000e+02		4.5050000e+02		6.7325368e+02		6.5214858e-01		1.6555592e+00		1.1295545e+00		1.1295545e+00		4.5923743e-13
4.5100000e+02		4.5200000e+02		4.5150000e+02		6.7122600e+02		6.4064678e-01		1.6282704e+00		1.1096328e+00		1.1096328e+00		5.3547326e-13
4.5200000e+02		4.5300000e+02		4.5250000e+02		6.3541039e+02		6.2412616e-01		1.5843365e+00		1.0810182e+00		1.0810182e+00		4.8001179e-13
4.5300000e+02		4.5400000e+02		4.5350000e+02		6.0888666e+02		6.1129280e-01		1.5512598e+00		1.0587902e+00		1.0587902e+00		4.7983472e-13
4.5400000e+02		4.5500000e+02		4.5450000e+02		6.4999363e+02		6.5722808e-01		1.6673028e+00		1.1383524e+00		1.1383524e+00		4.6829288e-13
4.5500000e+02		4.5600000e+02		4.5550000e+02		6.4380306e+02		6.5840971e-01		1.6697770e+00		1.1403991e+00		1.1403991e+00		5.5149745e-13
4.5600000e+02		4.5700000e+02		4.5650000e+02		6.6853861e+02		6.8823331e-01		1.7445158e+00		1.1920551e+00		1.1920551e+00		5.0191028e-13
4.5700000e+02		4.5800000e+02		4.5750000e+02		6.7499745e+02		7.1275060e-01		1.8051463e+00		1.2345203e+00		1.2345203e+00		5.9016073e-13
4.5800000e+02		4.5900000e+02		4.5850000e+02		6.3439039e+02		6.7271918e-01		1.7038944e+00		1.1651838e+00		1.1651838e+00		5.1853086e-13
4.5900000e+02		4.6000000e+02		4.5950000e+02		6.5539586e+02		6.9809365e-01		1.7682315e+00		1.2091337e+00		1.2091337e+00		5.0856096e-13
4.6000000e+02		4.6100000e+02		4.6050000e+02		6.4752339e+02		7.0084478e-01		1.7747414e+00		1.2138988e+00		1.2138988e+00		5.0136721e-13
4.6100000e+02		4.6200000e+02		4.6150000e+02		6.6245412e+02		7.3331295e-01		1.8554950e+00		1.2701353e+00		1.2701353e+00		4.8397249e-13
4.6200000e+02		4.6300000e+02		4.6250000e+02		6.6901120e+02		7.4954734e-01		1.8966140e+00		1.2982541e+00		1.2982541e+00		5.8143058e-13
4.6300000e+02		4.6400000e+02		4.6350000e+02		6.4662616e+02		7.1812106e-01		1.8188529e+00		1.2438222e+00		1.2438222e+00		4.6197372e-13
4.6400000e+02		4.6500000e+02		4.6450000e+02		6.5795753e+02		7.3963670e-01		1.8741181e+00		1.2810883e+00		1.2810883e+00		5.1320871e-13
4.6500000e+02		4.6600000e+02		4.6550000e+02		6.3552746e+02		7.5345410e-01		1.9017740e+00		1.3050208e+00		1.3050208e+00		5.1653310e-13
4.6600000e+02		4.6700000e+02		4.6650000e+02		6.3955371e+02		7.8416673e-01		1.9771255e+00		1.3582166e+00		1.3582166e+00		5.9251736e-13
4.6700000e+02		4.6800000e+02		4.6750000e+02		6.4572639e+02		7.9669627e-01		2.0084702e+00		1.3799184e+00		1.3799184e+00		5.7273549e-13
4.6800000e+02		4.6900000e+02		4.6850000e+02		6.3145002e+02		7.8357067e-01		1.9759462e+00		1.3571842e+00		1.3571842e+00		5.7531670e-13
4.6900000e+02		4.7000000e+02		4.6950000e+02		6.4956875e+02		8.1691544e-01		2.0591627e+00		1.4149390e+00		1.4149390e+00		5.1499397e-13
4.7000000e+02		4.7100000e+02		4.7050000e+02		6.1381170e+02		7.9182848e-01		1.9947211e+00		1.3714872e+00		1.3714872e+00		4.9585162e-13
4.7100000e+02		4.7200000e+02		4.7150000e+02		6.4174114e+02		8.3186629e-01		2.0957450e+00		1.4408347e+00		1.4408347e+00		5.4518155e-13
4.7200000e+02		4.7300000e+02		4.7250000e+02		6.5742798e+02		8.7954462e-01		2.2140788e+00		1.5234160e+00		1.5234160e+00		5.7074853e-13
4.7300000e+02		4.7400000e+02		4.7350000e+02		6.4563741e+02		8.7178950e-01		2.1941233e+00		1.5099837e+00		1.5099837e+00		5.5204120e-13
4.7400000e+02		4.7500000e+02		4.7450000e+02		6.6512717e+02		8.8159338e-01		2.2245287e+00		1.5269645e+00		1.5269645e+00		5.2130781e-13
4.7500000e+02		4.7600000e+02		4.7550000e+02		6.6365303e+02		9.0276491e-01		2.2747201e+00		1.5636347e+00		1.5636347e+00		5.0656699e-13
4.7600000e+02		4.7700000e+02		4.7650000e+02		6.3952653e+02		8.9698676e-01		2.2563021e+00		1.5536266e+00		1.5536266e+00		5.3302333e-13
4.7700000e+02		4.7800000e+02		4.7750000e+02		6.6772274e+02		9.4776153e-01		2.3836916e+00		1.6415711e+00		1.6415711e+00		5.5107966e-13
4.7800000e+02		4.7900000e+02		4.7850000e+02		6.6128260e+02		9.5427361e-01		2.3996106e+00		1.6528504e+00		1.6528504e+00		6.0661889e-13
4.7900000e+02		4.8000000e+02		4.7950000e+02		6.6320839e+02		9.6888451e-01		2.4357295e+00		1.6781572e+00		1.6781572e+00		5.7271251e-13
4.8000000e+02		4.8100000e+02		4.8050000e+02		6.6489751e+02		9.8157052e-01		2.4678878e+00		1.7001300e+00		1.7001300e+00		5.1547356e-13
4.8100000e+02		4.8200000e+02		4.8150000e+02		6.6630748e+02		9.5891181e-01		2.4176168e+00		1.6608840e+00		1.6608840e+00		4.2007720e-13
4.8200000e+02		4.8300000e+02		4.8250000e+02		6.6376999e+02		9.7643078e-01		2.4605122e+00		1.6912277e+00		1.6912277e+00		4.3242960e-13
4.8300000e+02		4.8400000e+02		4.8350000e+02		6.5373157e+02		9.7618469e-01		2.4596873e+00		1.6908015e+00		1.6908015e+00		4.8981090e-13
4.8400000e+02		4.8500000e+02		4.8450000e+02		6.4242337e+02		9.5705443e-01		2.4115214e+00		1.6576669e+00		1.6576669e+00		3.9015829e-13
4.8500000e+02		4.8600000e+02		4.8550000e+02		6.0369332e+02		8.8071639e-01		2.2219744e+00		1.5254455e+00		1.5254455e+00		4.0290800e-13
4.8600000e+02		4.8700000e+02		4.8650000e+02		5.2412565e+02		7.8515697e-01		1.9799298e+00		1.3599318e+00		1.3599318e+00		3.4791882e-13
4.8700000e+02		4.8800000e+02		4.8750000e+02		5.9966111e+02		1.0042375e+00		2.5172657e+00		1.7393905e+00		1.7393905e+00		4.4542982e-13
4.8800000e+02		4.8900000e+02		4.8850000e+02		6.3081686e+02		1.0545601e+00		2.6437920e+00		1.8265516e+00		1.8265516e+00		4.7888882e-13
4.8900000e+02		4.9000000e+02		4.8950000e+02		6.1880396e+02		1.0570649e+00		2.6492021e+00		1.8308902e+00		1.8308902e+00		5.1001900e-13
4.9000000e+02		4.9100000e+02		4.9050000e+02		6.5907671e+02		1.1329881e+00		2.8393130e+00		1.9623930e+00		1.9623930e+00		5.0465608e-13
4.9100000e+02		4.9200000e+02		4.9150000e+02		6.2110374e+02		1.1777959e+00		2.9435767e+00		2.0400024e+00		2.0400024e+00		5.4293742e-13
4.9200000e+02		4.9300000e+02		4.9250000e+02		5.9112858e+02		1.1218449e+00		2.8038549e+00		1.9430923e+00		1.9430923e+00		4.5070329e-13
4.9300000e+02		4.9400000e+02		4.9350000e+02		6.2472140e+02		1.1359597e+00		2.8433518e+00		1.9675399e+00		1.9675399e+00		4.7200053e-13
4.9400000e+02		4.9500000e+02		4.9450000e+02		6.4279699e+02		1.1916621e+00		2.9817590e+00		2.0640193e+00		2.0640193e+00		4.9661921e-13
4.9500000e+02		4.9600000e+02		4.9550000e+02		6.3133158e+02		1.1919035e+00		2.9810212e+00		2.0644374e+00		2.0644374e+00		4.5598569e-13
4.9600000e+02		4.9700000e+02		4.9650000e+02		6.3921352e+02		1.2258221e+00		3.0650919e+00		2.1231861e+00		2.1231861e+00		4.9039034e-13
4.9700000e+02		4.9800000e+02		4.9750000e+02		6.5113923e+02		1.2247635e+00		3.0646091e+00		2.1213525e+00		2.1213525e+00		4.9906974e-13
4.9800000e+02		4.9900000e+02		4.9850000e+02		5.9175801e+02		1.0980862e+00		2.7490738e+00		1.9019410e+00		1.9019410e+00		4.1198539e-13
4.9900000e+02		5.0000000e+02		4.9950000e+02		6.3385792e+02		1.2023089e+00		3.0089987e+00		2.0824602e+00		2.0824602e+00		4.2599098e-13
