Left Bin Edge (nm)	Right Bin Edge (nm)	Bin Center (nm)		Top of Atm Intensity (erg/s/nm/cm2)		Total Surface Flux (erg/s/nm/cm2)		Total Intensity at BOA (erg/s/nm/cm2)		Total Surface Intensity (erg/s/nm/cm2)		Total Surface Diffuse Intensity (erg/s/nm/cm2)		Total Surface Direct Intensity (erg/s/nm/cm2)
1.0000000e+02		1.0100000e+02		1.0050000e+02		1.9189487e-02		0.0000000e+00		0.0000000e+00		0.0000000e+00		0.0000000e+00		0.0000000e+00
1.0100000e+02		1.0200000e+02		1.0150000e+02		7.4861701e-02		0.0000000e+00		0.0000000e+00		0.0000000e+00		0.0000000e+00		0.0000000e+00
1.0200000e+02		1.0300000e+02		1.0250000e+02		3.9734366e-01		0.0000000e+00		0.0000000e+00		0.0000000e+00		0.0000000e+00		0.0000000e+00
1.0300000e+02		1.0400000e+02		1.0350000e+02		3.0179545e-01		0.0000000e+00		0.0000000e+00		0.0000000e+00		0.0000000e+00		0.0000000e+00
1.0400000e+02		1.0500000e+02		1.0450000e+02		6.0815352e-02		0.0000000e+00		0.0000000e+00		0.0000000e+00		0.0000000e+00		0.0000000e+00
1.0500000e+02		1.0600000e+02		1.0550000e+02		2.0834600e-02		0.0000000e+00		0.0000000e+00		0.0000000e+00		0.0000000e+00		0.0000000e+00
1.0600000e+02		1.0700000e+02		1.0650000e+02		1.9584792e-02		0.0000000e+00		0.0000000e+00		0.0000000e+00		0.0000000e+00		0.0000000e+00
1.0700000e+02		1.0800000e+02		1.0750000e+02		2.1853879e-02		0.0000000e+00		0.0000000e+00		0.0000000e+00		0.0000000e+00		0.0000000e+00
1.0800000e+02		1.0900000e+02		1.0850000e+02		3.0634999e-02		0.0000000e+00		0.0000000e+00		0.0000000e+00		0.0000000e+00		0.0000000e+00
1.0900000e+02		1.1000000e+02		1.0950000e+02		2.4032561e-02		0.0000000e+00		0.0000000e+00		0.0000000e+00		0.0000000e+00		0.0000000e+00
1.1000000e+02		1.1100000e+02		1.1050000e+02		2.3268893e-02		0.0000000e+00		0.0000000e+00		0.0000000e+00		0.0000000e+00		0.0000000e+00
1.1100000e+02		1.1200000e+02		1.1150000e+02		2.1871272e-02		0.0000000e+00		0.0000000e+00		0.0000000e+00		0.0000000e+00		0.0000000e+00
1.1200000e+02		1.1300000e+02		1.1250000e+02		2.2375602e-02		0.0000000e+00		0.0000000e+00		0.0000000e+00		0.0000000e+00		0.0000000e+00
1.1300000e+02		1.1400000e+02		1.1350000e+02		1.7748133e-02		0.0000000e+00		0.0000000e+00		0.0000000e+00		0.0000000e+00		0.0000000e+00
1.1400000e+02		1.1500000e+02		1.1450000e+02		1.3589480e-02		0.0000000e+00		0.0000000e+00		0.0000000e+00		0.0000000e+00		0.0000000e+00
1.1500000e+02		1.1600000e+02		1.1550000e+02		1.8751615e-02		0.0000000e+00		0.0000000e+00		0.0000000e+00		0.0000000e+00		0.0000000e+00
1.1600000e+02		1.1700000e+02		1.1650000e+02		4.3674487e-02		0.0000000e+00		0.0000000e+00		0.0000000e+00		0.0000000e+00		0.0000000e+00
1.1700000e+02		1.1800000e+02		1.1750000e+02		1.5546757e-01		0.0000000e+00		0.0000000e+00		0.0000000e+00		0.0000000e+00		0.0000000e+00
1.1800000e+02		1.1900000e+02		1.1850000e+02		5.2889236e-02		2.2456084e-291		0.0000000e+00		2.2457513e-291		3.3813474e-295		2.2454132e-291
1.1900000e+02		1.2000000e+02		1.1950000e+02		7.3692884e-02		1.3386421e-279		0.0000000e+00		1.3387270e-279		2.0094129e-283		1.3385261e-279
1.2000000e+02		1.2100000e+02		1.2050000e+02		4.0066072e-01		1.3004997e-294		0.0000000e+00		1.3005745e-294		1.7684714e-298		1.3003976e-294
1.2100000e+02		1.2200000e+02		1.2150000e+02		1.5905289e+01		0.0000000e+00		0.0000000e+00		0.0000000e+00		0.0000000e+00		0.0000000e+00
1.2200000e+02		1.2300000e+02		1.2250000e+02		1.0666543e-01		0.0000000e+00		0.0000000e+00		0.0000000e+00		0.0000000e+00		0.0000000e+00
1.2300000e+02		1.2400000e+02		1.2350000e+02		5.7456553e-02		0.0000000e+00		0.0000000e+00		0.0000000e+00		0.0000000e+00		0.0000000e+00
1.2400000e+02		1.2500000e+02		1.2450000e+02		4.6184197e-02		0.0000000e+00		0.0000000e+00		0.0000000e+00		0.0000000e+00		0.0000000e+00
1.2500000e+02		1.2600000e+02		1.2550000e+02		4.5085118e-02		0.0000000e+00		0.0000000e+00		0.0000000e+00		0.0000000e+00		0.0000000e+00
1.2600000e+02		1.2700000e+02		1.2650000e+02		6.3054464e-02		0.0000000e+00		0.0000000e+00		0.0000000e+00		0.0000000e+00		0.0000000e+00
1.2700000e+02		1.2800000e+02		1.2750000e+02		3.3006429e-02		0.0000000e+00		0.0000000e+00		0.0000000e+00		0.0000000e+00		0.0000000e+00
1.2800000e+02		1.2900000e+02		1.2850000e+02		2.6335196e-02		0.0000000e+00		0.0000000e+00		0.0000000e+00		0.0000000e+00		0.0000000e+00
1.2900000e+02		1.3000000e+02		1.2950000e+02		3.5131240e-02		0.0000000e+00		0.0000000e+00		0.0000000e+00		0.0000000e+00		0.0000000e+00
1.3000000e+02		1.3100000e+02		1.3050000e+02		2.8850634e-01		0.0000000e+00		0.0000000e+00		0.0000000e+00		0.0000000e+00		0.0000000e+00
1.3100000e+02		1.3200000e+02		1.3150000e+02		3.9064855e-02		0.0000000e+00		0.0000000e+00		0.0000000e+00		0.0000000e+00		0.0000000e+00
1.3200000e+02		1.3300000e+02		1.3250000e+02		3.0374778e-02		0.0000000e+00		0.0000000e+00		0.0000000e+00		0.0000000e+00		0.0000000e+00
1.3300000e+02		1.3400000e+02		1.3350000e+02		4.1056606e-01		0.0000000e+00		0.0000000e+00		0.0000000e+00		0.0000000e+00		0.0000000e+00
1.3400000e+02		1.3500000e+02		1.3450000e+02		2.8092500e-02		0.0000000e+00		0.0000000e+00		0.0000000e+00		0.0000000e+00		0.0000000e+00
1.3500000e+02		1.3600000e+02		1.3550000e+02		5.8954708e-02		0.0000000e+00		0.0000000e+00		0.0000000e+00		0.0000000e+00		0.0000000e+00
1.3600000e+02		1.3700000e+02		1.3650000e+02		3.8690656e-02		0.0000000e+00		0.0000000e+00		0.0000000e+00		0.0000000e+00		0.0000000e+00
1.3700000e+02		1.3800000e+02		1.3750000e+02		3.9732879e-02		0.0000000e+00		0.0000000e+00		0.0000000e+00		0.0000000e+00		0.0000000e+00
1.3800000e+02		1.3900000e+02		1.3850000e+02		4.0549866e-02		0.0000000e+00		0.0000000e+00		0.0000000e+00		0.0000000e+00		0.0000000e+00
1.3900000e+02		1.4000000e+02		1.3950000e+02		1.3692187e-01		0.0000000e+00		0.0000000e+00		0.0000000e+00		0.0000000e+00		0.0000000e+00
1.4000000e+02		1.4100000e+02		1.4050000e+02		1.1939088e-01		0.0000000e+00		0.0000000e+00		0.0000000e+00		0.0000000e+00		0.0000000e+00
1.4100000e+02		1.4200000e+02		1.4150000e+02		5.7521948e-02		0.0000000e+00		0.0000000e+00		0.0000000e+00		0.0000000e+00		0.0000000e+00
1.4200000e+02		1.4300000e+02		1.4250000e+02		6.2343151e-02		0.0000000e+00		0.0000000e+00		0.0000000e+00		0.0000000e+00		0.0000000e+00
1.4300000e+02		1.4400000e+02		1.4350000e+02		6.9165895e-02		0.0000000e+00		0.0000000e+00		0.0000000e+00		0.0000000e+00		0.0000000e+00
1.4400000e+02		1.4500000e+02		1.4450000e+02		6.6149126e-02		0.0000000e+00		0.0000000e+00		0.0000000e+00		0.0000000e+00		0.0000000e+00
1.4500000e+02		1.4600000e+02		1.4550000e+02		7.0536262e-02		0.0000000e+00		0.0000000e+00		0.0000000e+00		0.0000000e+00		0.0000000e+00
1.4600000e+02		1.4700000e+02		1.4650000e+02		8.6012655e-02		0.0000000e+00		0.0000000e+00		0.0000000e+00		0.0000000e+00		0.0000000e+00
1.4700000e+02		1.4800000e+02		1.4750000e+02		1.0610345e-01		0.0000000e+00		0.0000000e+00		0.0000000e+00		0.0000000e+00		0.0000000e+00
1.4800000e+02		1.4900000e+02		1.4850000e+02		1.0405386e-01		0.0000000e+00		0.0000000e+00		0.0000000e+00		0.0000000e+00		0.0000000e+00
1.4900000e+02		1.5000000e+02		1.4950000e+02		9.4002421e-02		0.0000000e+00		0.0000000e+00		0.0000000e+00		0.0000000e+00		0.0000000e+00
1.5000000e+02		1.5100000e+02		1.5050000e+02		1.0343288e-01		0.0000000e+00		0.0000000e+00		0.0000000e+00		0.0000000e+00		0.0000000e+00
1.5100000e+02		1.5200000e+02		1.5150000e+02		1.0875212e-01		0.0000000e+00		0.0000000e+00		0.0000000e+00		0.0000000e+00		0.0000000e+00
1.5200000e+02		1.5300000e+02		1.5250000e+02		1.3876638e-01		0.0000000e+00		0.0000000e+00		0.0000000e+00		0.0000000e+00		0.0000000e+00
1.5300000e+02		1.5400000e+02		1.5350000e+02		1.5371418e-01		0.0000000e+00		0.0000000e+00		0.0000000e+00		0.0000000e+00		0.0000000e+00
1.5400000e+02		1.5500000e+02		1.5450000e+02		4.1112511e-01		0.0000000e+00		0.0000000e+00		0.0000000e+00		0.0000000e+00		0.0000000e+00
1.5500000e+02		1.5600000e+02		1.5550000e+02		3.3836363e-01		0.0000000e+00		0.0000000e+00		0.0000000e+00		0.0000000e+00		0.0000000e+00
1.5600000e+02		1.5700000e+02		1.5650000e+02		2.0084632e-01		0.0000000e+00		0.0000000e+00		0.0000000e+00		0.0000000e+00		0.0000000e+00
1.5700000e+02		1.5800000e+02		1.5750000e+02		1.8216796e-01		0.0000000e+00		0.0000000e+00		0.0000000e+00		0.0000000e+00		0.0000000e+00
1.5800000e+02		1.5900000e+02		1.5850000e+02		1.6795176e-01		0.0000000e+00		0.0000000e+00		0.0000000e+00		0.0000000e+00		0.0000000e+00
1.5900000e+02		1.6000000e+02		1.5950000e+02		1.6379377e-01		0.0000000e+00		0.0000000e+00		0.0000000e+00		0.0000000e+00		0.0000000e+00
1.6000000e+02		1.6100000e+02		1.6050000e+02		1.7926410e-01		0.0000000e+00		0.0000000e+00		0.0000000e+00		0.0000000e+00		0.0000000e+00
1.6100000e+02		1.6200000e+02		1.6150000e+02		2.0306941e-01		0.0000000e+00		0.0000000e+00		0.0000000e+00		0.0000000e+00		0.0000000e+00
1.6200000e+02		1.6300000e+02		1.6250000e+02		2.2492895e-01		0.0000000e+00		0.0000000e+00		0.0000000e+00		0.0000000e+00		0.0000000e+00
1.6300000e+02		1.6400000e+02		1.6350000e+02		4.7671727e-01		0.0000000e+00		0.0000000e+00		0.0000000e+00		0.0000000e+00		0.0000000e+00
1.6400000e+02		1.6500000e+02		1.6450000e+02		4.8753270e-01		0.0000000e+00		0.0000000e+00		0.0000000e+00		0.0000000e+00		0.0000000e+00
1.6500000e+02		1.6600000e+02		1.6550000e+02		5.7072689e-01		2.5854641e-282		0.0000000e+00		2.5854961e-282		7.5520433e-287		2.5854205e-282
1.6600000e+02		1.6700000e+02		1.6650000e+02		2.6919628e-01		5.9881186e-251		0.0000000e+00		5.9881996e-251		1.9154836e-255		5.9880080e-251
1.6700000e+02		1.6800000e+02		1.6750000e+02		2.8728373e-01		6.8299264e-232		0.0000000e+00		6.8300235e-232		2.2987435e-236		6.8297936e-232
1.6800000e+02		1.6900000e+02		1.6850000e+02		3.0958866e-01		1.8943910e-201		0.0000000e+00		1.8944212e-201		7.1400728e-206		1.8943498e-201
1.6900000e+02		1.7000000e+02		1.6950000e+02		3.8988989e-01		2.3820553e-191		0.0000000e+00		2.3820941e-191		9.1890928e-196		2.3820022e-191
1.7000000e+02		1.7100000e+02		1.7050000e+02		4.3752516e-01		3.7028099e-174		0.0000000e+00		3.7028744e-174		1.5268416e-178		3.7027218e-174
1.7100000e+02		1.7200000e+02		1.7150000e+02		4.3618394e-01		1.3588744e-152		0.0000000e+00		1.3589007e-152		6.2266536e-157		1.3588385e-152
1.7200000e+02		1.7300000e+02		1.7250000e+02		4.5514763e-01		2.0778563e-134		0.0000000e+00		2.0779008e-134		1.0525993e-138		2.0777956e-134
1.7300000e+02		1.7400000e+02		1.7350000e+02		4.5120572e-01		3.2203356e-116		0.0000000e+00		3.2204133e-116		1.8384406e-120		3.2202295e-116
1.7400000e+02		1.7500000e+02		1.7450000e+02		5.3951828e-01		7.0449330e-102		0.0000000e+00		7.0451219e-102		4.4681426e-106		7.0446751e-102
1.7500000e+02		1.7600000e+02		1.7550000e+02		6.4389120e-01		1.9582112e-89		3.1185362e-85		1.9582695e-89		1.3780454e-93		1.9581316e-89
1.7600000e+02		1.7700000e+02		1.7650000e+02		6.9472845e-01		1.1320754e-76		4.5670950e-73		1.1321136e-76		9.0603715e-81		1.1320230e-76
1.7700000e+02		1.7800000e+02		1.7750000e+02		8.1849614e-01		1.8151685e-62		1.5942013e-59		1.8152420e-62		1.7391965e-66		1.8150680e-62
1.7800000e+02		1.7900000e+02		1.7850000e+02		8.9455089e-01		1.9201968e-48		3.7305169e-46		1.9202948e-48		2.3180094e-52		1.9200630e-48
1.7900000e+02		1.8000000e+02		1.7950000e+02		8.6966614e-01		8.7519979e-34		3.4932847e-32		8.7526264e-34		1.4870240e-37		8.7511394e-34
1.8000000e+02		1.8100000e+02		1.8050000e+02		1.0753674e+00		1.3007588e-21		1.4106717e-20		1.3009024e-21		3.3974530e-25		1.3005626e-21
1.8100000e+02		1.8200000e+02		1.8150000e+02		1.3093431e+00		8.6616900e-14		4.0774138e-13		8.6631691e-14		3.4996949e-17		8.6596694e-14
1.8200000e+02		1.8300000e+02		1.8250000e+02		1.2087370e+00		4.2747755e-08		1.0868379e-07		4.2760343e-08		2.9782900e-11		4.2730560e-08
1.8300000e+02		1.8400000e+02		1.8350000e+02		1.2728289e+00		2.1815232e-05		4.1808559e-05		2.1825022e-05		2.3164346e-08		2.1801858e-05
1.8400000e+02		1.8500000e+02		1.8450000e+02		1.0940339e+00		1.3991395e-03		2.2291387e-03		1.4001414e-03		2.3705950e-06		1.3977708e-03
1.8500000e+02		1.8600000e+02		1.8550000e+02		1.2372281e+00		1.3331290e-02		1.9572504e-02		1.3344609e-02		3.1514515e-05		1.3313095e-02
1.8600000e+02		1.8700000e+02		1.8650000e+02		1.4037992e+00		1.0040679e-01		1.3842274e-01		1.0055703e-01		3.5546627e-04		1.0020156e-01
1.8700000e+02		1.8800000e+02		1.8750000e+02		1.5907538e+00		2.1055179e-01		2.8515036e-01		2.1091652e-01		8.6296727e-04		2.1005355e-01
1.8800000e+02		1.8900000e+02		1.8850000e+02		1.6735993e+00		5.1889533e-01		6.8752919e-01		5.2005037e-01		2.7328598e-03		5.1731751e-01
1.8900000e+02		1.9000000e+02		1.8950000e+02		1.8559600e+00		7.8958215e-01		1.0386202e+00		7.9151558e-01		4.5745424e-03		7.8694104e-01
1.9000000e+02		1.9100000e+02		1.9050000e+02		1.9109940e+00		1.1307662e+00		1.4770744e+00		1.1338810e+00		7.3698024e-03		1.1265112e+00
1.9100000e+02		1.9200000e+02		1.9150000e+02		2.0707336e+00		1.4013569e+00		1.8256197e+00		1.4053781e+00		9.5142563e-03		1.3958638e+00
1.9200000e+02		1.9300000e+02		1.9250000e+02		2.1685186e+00		1.5878370e+00		2.0653500e+00		1.5924701e+00		1.0961924e-02		1.5815081e+00
1.9300000e+02		1.9400000e+02		1.9350000e+02		1.6554009e+00		1.2578824e+00		1.6349422e+00		1.2615383e+00		8.6499849e-03		1.2528884e+00
1.9400000e+02		1.9500000e+02		1.9450000e+02		2.6556632e+00		2.1468166e+00		2.7870245e+00		2.1531232e+00		1.4921475e-02		2.1382017e+00
1.9500000e+02		1.9600000e+02		1.9550000e+02		2.5630279e+00		2.2042890e+00		2.8583071e+00		2.2108453e+00		1.5512503e-02		2.1953328e+00
1.9600000e+02		1.9700000e+02		1.9650000e+02		2.8204934e+00		2.4942627e+00		3.2325409e+00		2.5016327e+00		1.7437464e-02		2.4841952e+00
1.9700000e+02		1.9800000e+02		1.9750000e+02		2.8068384e+00		2.5409164e+00		3.2914690e+00		2.5483579e+00		1.7606722e-02		2.5307512e+00
1.9800000e+02		1.9900000e+02		1.9850000e+02		2.7505577e+00		2.6079788e+00		3.3754644e+00		2.6156635e+00		1.8182118e-02		2.5974814e+00
1.9900000e+02		2.0000000e+02		1.9950000e+02		2.8965557e+00		2.8487718e+00		3.6846315e+00		2.8571739e+00		1.9879519e-02		2.8372943e+00
2.0000000e+02		2.0100000e+02		2.0050000e+02		3.0623388e+00		3.0301005e+00		3.9185376e+00		3.0388715e+00		2.0752267e-02		3.0181192e+00
2.0100000e+02		2.0200000e+02		2.0150000e+02		3.2593670e+00		3.2465435e+00		4.1977368e+00		3.2557716e+00		2.1833758e-02		3.2339378e+00
2.0200000e+02		2.0300000e+02		2.0250000e+02		3.2217937e+00		3.2112088e+00		4.1517718e+00		3.2201373e+00		2.1125113e-02		3.1990122e+00
2.0300000e+02		2.0400000e+02		2.0350000e+02		3.4484145e+00		3.4403021e+00		4.4476546e+00		3.4496620e+00		2.2145787e-02		3.4275162e+00
2.0400000e+02		2.0500000e+02		2.0450000e+02		3.7117169e+00		3.7042844e+00		4.7886515e+00		3.7141433e+00		2.3326474e-02		3.6908169e+00
2.0500000e+02		2.0600000e+02		2.0550000e+02		3.7200399e+00		3.7127533e+00		4.7993485e+00		3.7224191e+00		2.2869653e-02		3.6995495e+00
2.0600000e+02		2.0700000e+02		2.0650000e+02		3.7247532e+00		3.7176156e+00		4.8053895e+00		3.7270842e+00		2.2402800e-02		3.7046814e+00
2.0700000e+02		2.0800000e+02		2.0750000e+02		4.0454145e+00		4.0378297e+00		5.2190400e+00		4.0478919e+00		2.3807572e-02		4.0240843e+00
2.0800000e+02		2.0900000e+02		2.0850000e+02		4.3759554e+00		4.3679268e+00		5.6454307e+00		4.3785782e+00		2.5201486e-02		4.3533767e+00
2.0900000e+02		2.1000000e+02		2.0950000e+02		5.6528678e+00		5.6427176e+00		7.2927228e+00		5.6561842e+00		3.1862253e-02		5.6243219e+00
2.1000000e+02		2.1100000e+02		2.1050000e+02		6.9678423e+00		6.9555963e+00		8.9890948e+00		6.9718440e+00		3.8442623e-02		6.9334014e+00
2.1100000e+02		2.1200000e+02		2.1150000e+02		7.9326445e+00		7.9189968e+00		1.0233696e+01		7.9371049e+00		4.2844181e-02		7.8942607e+00
2.1200000e+02		2.1300000e+02		2.1250000e+02		7.0734222e+00		7.0615080e+00		9.1251714e+00		7.0773166e+00		3.7403653e-02		7.0399130e+00
2.1300000e+02		2.1400000e+02		2.1350000e+02		7.2066449e+00		7.1947594e+00		9.2969735e+00		7.2105304e+00		3.7314630e-02		7.1732158e+00
2.1400000e+02		2.1500000e+02		2.1450000e+02		9.2279181e+00		9.2130147e+00		1.1904449e+01		9.2327909e+00		4.6790929e-02		9.1860000e+00
2.1500000e+02		2.1600000e+02		2.1550000e+02		7.9257408e+00		7.9132045e+00		1.0224512e+01		7.9298402e+00		3.9360406e-02		7.8904798e+00
2.1600000e+02		2.1700000e+02		2.1650000e+02		7.3353469e+00		7.3239825e+00		9.4628214e+00		7.3390635e+00		3.5682180e-02		7.3033814e+00
2.1700000e+02		2.1800000e+02		2.1750000e+02		7.5953881e+00		7.5838609e+00		9.7982219e+00		7.5991584e+00		3.6194322e-02		7.5629641e+00
2.1800000e+02		2.1900000e+02		2.1850000e+02		1.0217230e+01		1.0202038e+01		1.3180378e+01		1.0222199e+01		4.7701454e-02		1.0174498e+01
2.1900000e+02		2.2000000e+02		2.1950000e+02		1.0786519e+01		1.0770805e+01		1.3914687e+01		1.0791660e+01		4.9344125e-02		1.0742316e+01
2.2000000e+02		2.2100000e+02		2.2050000e+02		1.0851638e+01		1.0836146e+01		1.3998611e+01		1.0856707e+01		4.8646585e-02		1.0808060e+01
2.2100000e+02		2.2200000e+02		2.2150000e+02		8.6872371e+00		8.6750830e+00		1.1206472e+01		8.6912143e+00		3.8167025e-02		8.6530473e+00
2.2200000e+02		2.2300000e+02		2.2250000e+02		1.1691346e+01		1.1675314e+01		1.5081668e+01		1.1696593e+01		5.0346232e-02		1.1646247e+01
2.2300000e+02		2.2400000e+02		2.2350000e+02		1.5139682e+01		1.5119332e+01		1.9529868e+01		1.5146343e+01		6.3908807e-02		1.5082434e+01
2.2400000e+02		2.2500000e+02		2.2450000e+02		1.4154944e+01		1.4136291e+01		1.8259483e+01		1.4161050e+01		5.8578588e-02		1.4102471e+01
2.2500000e+02		2.2600000e+02		2.2550000e+02		1.2365614e+01		1.2349638e+01		1.5951216e+01		1.2370844e+01		5.0173906e-02		1.2320670e+01
2.2600000e+02		2.2700000e+02		2.2650000e+02		9.0577089e+00		9.0462344e+00		1.1684075e+01		9.0614657e+00		3.6037645e-02		9.0254280e+00
2.2700000e+02		2.2800000e+02		2.2750000e+02		8.8108381e+00		8.7998924e+00		1.1365567e+01		8.8144221e+00		3.4377554e-02		8.7800445e+00
2.2800000e+02		2.2900000e+02		2.2850000e+02		1.2275156e+01		1.2260200e+01		1.5834300e+01		1.2280053e+01		4.6972949e-02		1.2233080e+01
2.2900000e+02		2.3000000e+02		2.2950000e+02		1.1031259e+01		1.1018076e+01		1.4229674e+01		1.1035576e+01		4.1404917e-02		1.0994171e+01
2.3000000e+02		2.3100000e+02		2.3050000e+02		1.2510180e+01		1.2495515e+01		1.6137323e+01		1.2514983e+01		4.6061597e-02		1.2468921e+01
2.3100000e+02		2.3200000e+02		2.3150000e+02		1.1791833e+01		1.1778272e+01		1.5210635e+01		1.1796275e+01		4.2593897e-02		1.1753681e+01
2.3200000e+02		2.3300000e+02		2.3250000e+02		1.2664003e+01		1.2649714e+01		1.6335604e+01		1.2668684e+01		4.4881710e-02		1.2623802e+01
2.3300000e+02		2.3400000e+02		2.3350000e+02		1.1428554e+01		1.1415902e+01		1.4741907e+01		1.1432699e+01		3.9743235e-02		1.1392956e+01
2.3400000e+02		2.3500000e+02		2.3450000e+02		9.9864853e+00		9.9756360e+00		1.2881703e+01		9.9900399e+00		3.4079955e-02		9.9559599e+00
2.3500000e+02		2.3600000e+02		2.3550000e+02		1.3443360e+01		1.3429027e+01		1.7340704e+01		1.3448056e+01		4.5024510e-02		1.3403032e+01
2.3600000e+02		2.3700000e+02		2.3650000e+02		1.2448020e+01		1.2434994e+01		1.6056744e+01		1.2452288e+01		4.0920064e-02		1.2411368e+01
2.3700000e+02		2.3800000e+02		2.3750000e+02		1.3294723e+01		1.3281067e+01		1.7148844e+01		1.3299198e+01		4.2899264e-02		1.3256299e+01
2.3800000e+02		2.3900000e+02		2.3850000e+02		1.1021422e+01		1.1010308e+01		1.4216464e+01		1.1025064e+01		3.4912576e-02		1.0990152e+01
2.3900000e+02		2.4000000e+02		2.3950000e+02		1.2008577e+01		1.1996689e+01		1.5489733e+01		1.2012473e+01		3.7346374e-02		1.1975127e+01
2.4000000e+02		2.4100000e+02		2.4050000e+02		1.1032163e+01		1.1021440e+01		1.4230217e+01		1.1035678e+01		3.3687488e-02		1.1001990e+01
2.4100000e+02		2.4200000e+02		2.4150000e+02		1.2918879e+01		1.2906549e+01		1.6663806e+01		1.2922921e+01		3.8736645e-02		1.2884184e+01
2.4200000e+02		2.4300000e+02		2.4250000e+02		1.7782729e+01		1.7766062e+01		2.2937512e+01		1.7788193e+01		5.2362765e-02		1.7735830e+01
2.4300000e+02		2.4400000e+02		2.4350000e+02		1.6701989e+01		1.6686615e+01		2.1543421e+01		1.6707029e+01		4.8301067e-02		1.6658728e+01
2.4400000e+02		2.4500000e+02		2.4450000e+02		1.5641720e+01		1.5627578e+01		2.0175745e+01		1.5646357e+01		4.4429804e-02		1.5601927e+01
2.4500000e+02		2.4600000e+02		2.4550000e+02		1.2691134e+01		1.2679863e+01		1.6369828e+01		1.2694829e+01		3.5410197e-02		1.2659419e+01
2.4600000e+02		2.4700000e+02		2.4650000e+02		1.2350906e+01		1.2340131e+01		1.5930932e+01		1.2354439e+01		3.3853308e-02		1.2320586e+01
2.4700000e+02		2.4800000e+02		2.4750000e+02		1.3639226e+01		1.3627536e+01		1.7592630e+01		1.3643059e+01		3.6728437e-02		1.3606331e+01
2.4800000e+02		2.4900000e+02		2.4850000e+02		1.0938846e+01		1.0929634e+01		1.4109489e+01		1.0941867e+01		2.8942117e-02		1.0912925e+01
2.4900000e+02		2.5000000e+02		2.4950000e+02		1.3333262e+01		1.3322230e+01		1.7197881e+01		1.3336880e+01		3.4663827e-02		1.3302216e+01
2.5000000e+02		2.5100000e+02		2.5050000e+02		1.4401571e+01		1.4389861e+01		1.8575785e+01		1.4405412e+01		3.6793094e-02		1.4368619e+01
2.5100000e+02		2.5200000e+02		2.5150000e+02		1.2007424e+01		1.1997829e+01		1.5487665e+01		1.2010571e+01		3.0147916e-02		1.1980423e+01
2.5200000e+02		2.5300000e+02		2.5250000e+02		1.0794009e+01		1.0785532e+01		1.3922515e+01		1.0796790e+01		2.6636405e-02		1.0770153e+01
2.5300000e+02		2.5400000e+02		2.5350000e+02		1.3602371e+01		1.3591871e+01		1.7544799e+01		1.3605815e+01		3.2993380e-02		1.3572822e+01
2.5400000e+02		2.5500000e+02		2.5450000e+02		1.5384114e+01		1.5372440e+01		1.9842900e+01		1.5387943e+01		3.6680717e-02		1.5351263e+01
2.5500000e+02		2.5600000e+02		2.5550000e+02		2.0992062e+01		2.0976403e+01		2.7076134e+01		2.0997199e+01		4.9204746e-02		2.0947994e+01
2.5600000e+02		2.5700000e+02		2.5650000e+02		2.7040612e+01		2.7020781e+01		3.4877633e+01		2.7047118e+01		6.2314354e-02		2.6984804e+01
2.5700000e+02		2.5800000e+02		2.5750000e+02		3.3946512e+01		3.3922034e+01		4.3784923e+01		3.3954543e+01		7.6916443e-02		3.3877627e+01
2.5800000e+02		2.5900000e+02		2.5850000e+02		3.5732434e+01		3.5707099e+01		4.6088333e+01		3.5740747e+01		7.9610723e-02		3.5661136e+01
2.5900000e+02		2.6000000e+02		2.5950000e+02		3.0409976e+01		3.0388774e+01		3.9223241e+01		3.0416933e+01		6.6625783e-02		3.0350307e+01
2.6000000e+02		2.6100000e+02		2.6050000e+02		2.4915606e+01		2.4898522e+01		3.2136447e+01		2.4921212e+01		5.3684234e-02		2.4867528e+01
2.6100000e+02		2.6200000e+02		2.6150000e+02		2.5442742e+01		2.5425585e+01		3.2816280e+01		2.5448372e+01		5.3916312e-02		2.5394456e+01
2.6200000e+02		2.6300000e+02		2.6250000e+02		3.0366547e+01		3.0346406e+01		3.9166964e+01		3.0373157e+01		6.3294189e-02		3.0309863e+01
2.6300000e+02		2.6400000e+02		2.6350000e+02		4.5700096e+01		4.5670280e+01		5.8944146e+01		4.5709881e+01		9.3697677e-02		4.5616183e+01
2.6400000e+02		2.6500000e+02		2.6450000e+02		7.1249372e+01		7.1203644e+01		9.1897500e+01		7.1264380e+01		1.4370337e-01		7.1120676e+01
2.6500000e+02		2.6600000e+02		2.6550000e+02		7.4731454e+01		7.4684269e+01		9.6388495e+01		7.4746941e+01		1.4828392e-01		7.4598657e+01
2.6600000e+02		2.6700000e+02		2.6650000e+02		7.2446611e+01		7.2401607e+01		9.3441321e+01		7.2461382e+01		1.4143071e-01		7.2319952e+01
2.6700000e+02		2.6800000e+02		2.6750000e+02		7.2937204e+01		7.2892623e+01		9.4073900e+01		7.2951837e+01		1.4010058e-01		7.2811736e+01
2.6800000e+02		2.6900000e+02		2.6850000e+02		7.2239021e+01		7.2195574e+01		9.3173209e+01		7.2253282e+01		1.3653924e-01		7.2116743e+01
2.6900000e+02		2.7000000e+02		2.6950000e+02		6.7758000e+01		6.7717898e+01		8.7393465e+01		6.7771164e+01		1.2602902e-01		6.7645135e+01
2.7000000e+02		2.7100000e+02		2.7050000e+02		7.8281462e+01		7.8235867e+01		1.0096632e+02		7.8296430e+01		1.4329221e-01		7.8153137e+01
2.7100000e+02		2.7200000e+02		2.7150000e+02		6.5051220e+01		6.5013930e+01		8.3901985e+01		6.5063462e+01		1.1719304e-01		6.4946269e+01
2.7200000e+02		2.7300000e+02		2.7250000e+02		5.2331568e+01		5.2302042e+01		6.7496269e+01		5.2341261e+01		9.2794324e-02		5.2248467e+01
2.7300000e+02		2.7400000e+02		2.7350000e+02		5.5800645e+01		5.5769655e+01		7.1970493e+01		5.5810819e+01		9.7395075e-02		5.5713424e+01
2.7400000e+02		2.7500000e+02		2.7450000e+02		3.8398649e+01		3.8377657e+01		4.9525682e+01		3.8405541e+01		6.5975403e-02		3.8339566e+01
2.7500000e+02		2.7600000e+02		2.7550000e+02		5.1208696e+01		5.1181136e+01		6.6047671e+01		5.1217745e+01		8.6617593e-02		5.1131127e+01
2.7600000e+02		2.7700000e+02		2.7650000e+02		7.1318275e+01		7.1280487e+01		9.1984342e+01		7.1330682e+01		1.1876471e-01		7.1211918e+01
2.7700000e+02		2.7800000e+02		2.7750000e+02		6.8188493e+01		6.8152920e+01		8.7947494e+01		6.8200173e+01		1.1180195e-01		6.8088371e+01
2.7800000e+02		2.7900000e+02		2.7850000e+02		4.7024496e+01		4.7000341e+01		6.0650703e+01		4.7032428e+01		7.5917469e-02		4.6956510e+01
2.7900000e+02		2.8000000e+02		2.7950000e+02		2.6422560e+01		2.6409195e+01		3.4078927e+01		2.6426949e+01		4.2004775e-02		2.6384944e+01
2.8000000e+02		2.8100000e+02		2.8050000e+02		2.8982131e+01		2.8967695e+01		3.7380118e+01		2.8986871e+01		4.5371954e-02		2.8941500e+01
2.8100000e+02		2.8200000e+02		2.8150000e+02		6.0033324e+01		6.0003875e+01		7.7428724e+01		6.0042995e+01		9.2557041e-02		5.9950438e+01
2.8200000e+02		2.8300000e+02		2.8250000e+02		8.1733762e+01		8.1694275e+01		1.0541698e+02		8.1746730e+01		1.2410945e-01		8.1622620e+01
2.8300000e+02		2.8400000e+02		2.8350000e+02		8.4433091e+01		8.4392914e+01		1.0889831e+02		8.4446285e+01		1.2627829e-01		8.4320007e+01
2.8400000e+02		2.8500000e+02		2.8450000e+02		6.2255376e+01		6.2226196e+01		8.0294297e+01		6.2264959e+01		9.1713138e-02		6.2173246e+01
2.8500000e+02		2.8600000e+02		2.8550000e+02		4.0018063e+01		3.9999587e+01		5.1613499e+01		4.0024131e+01		5.8073163e-02		3.9966058e+01
2.8600000e+02		2.8700000e+02		2.8650000e+02		8.2001717e+01		8.1964420e+01		1.0576199e+02		8.2013967e+01		1.1722832e-01		8.1896738e+01
2.8700000e+02		2.8800000e+02		2.8750000e+02		9.5189148e+01		9.5146495e+01		1.2277036e+02		9.5203157e+01		1.3406420e-01		9.5069093e+01
2.8800000e+02		2.8900000e+02		2.8850000e+02		9.0460934e+01		9.0420998e+01		1.1667198e+02		9.0474051e+01		1.2552416e-01		9.0348527e+01
2.8900000e+02		2.9000000e+02		2.8950000e+02		1.3728321e+02		1.3722350e+02		1.7706078e+02		1.3730282e+02		1.8769373e-01		1.3711513e+02
2.9000000e+02		2.9100000e+02		2.9050000e+02		1.8023325e+02		1.8015600e+02		2.3245523e+02		1.8025862e+02		2.4280520e-01		1.8001582e+02
2.9100000e+02		2.9200000e+02		2.9150000e+02		1.7359450e+02		1.7352118e+02		2.2389265e+02		1.7361858e+02		2.3044880e-01		1.7338813e+02
2.9200000e+02		2.9300000e+02		2.9250000e+02		1.5421676e+02		1.5415257e+02		1.9890006e+02		1.5423784e+02		2.0174834e-01		1.5403610e+02
2.9300000e+02		2.9400000e+02		2.9350000e+02		1.6099986e+02		1.6093382e+02		2.0764827e+02		1.6102155e+02		2.0757163e-01		1.6081398e+02
2.9400000e+02		2.9500000e+02		2.9450000e+02		1.4991794e+02		1.4985734e+02		1.9335523e+02		1.4993785e+02		1.9049536e-01		1.4974735e+02
2.9500000e+02		2.9600000e+02		2.9550000e+02		1.6232431e+02		1.6225963e+02		2.0935599e+02		1.6234556e+02		2.0329495e-01		1.6214226e+02
2.9600000e+02		2.9700000e+02		2.9650000e+02		1.4851381e+02		1.4845548e+02		1.9154383e+02		1.4853297e+02		1.8333510e-01		1.4834964e+02
2.9700000e+02		2.9800000e+02		2.9750000e+02		1.5140866e+02		1.5135005e+02		1.9527721e+02		1.5142792e+02		1.8424208e-01		1.5124367e+02
2.9800000e+02		2.9900000e+02		2.9850000e+02		1.3012850e+02		1.3007884e+02		1.6783124e+02		1.3014481e+02		1.5609660e-01		1.2998872e+02
2.9900000e+02		3.0000000e+02		2.9950000e+02		1.4682541e+02		1.4677017e+02		1.8936562e+02		1.4684356e+02		1.7363128e-01		1.4666993e+02
3.0000000e+02		3.0100000e+02		3.0050000e+02		1.1681452e+02		1.1677119e+02		1.5065942e+02		1.1682875e+02		1.3619229e-01		1.1669256e+02
3.0100000e+02		3.0200000e+02		3.0150000e+02		1.3434477e+02		1.3429564e+02		1.7326856e+02		1.3436091e+02		1.5442881e-01		1.3420648e+02
3.0200000e+02		3.0300000e+02		3.0250000e+02		1.4142283e+02		1.4137184e+02		1.8239717e+02		1.4143958e+02		1.6028808e-01		1.4127930e+02
3.0300000e+02		3.0400000e+02		3.0350000e+02		1.8342160e+02		1.8335639e+02		2.3656398e+02		1.8344303e+02		2.0498827e-01		1.8323804e+02
3.0400000e+02		3.0500000e+02		3.0450000e+02		1.7556728e+02		1.7550573e+02		2.2643382e+02		1.7558750e+02		1.9348231e-01		1.7539402e+02
3.0500000e+02		3.0600000e+02		3.0550000e+02		1.7728071e+02		1.7721942e+02		2.2864346e+02		1.7730085e+02		1.9266397e-01		1.7710818e+02
3.0600000e+02		3.0700000e+02		3.0650000e+02		1.6814926e+02		1.6809193e+02		2.1686619e+02		1.6816810e+02		1.8021762e-01		1.6798788e+02
3.0700000e+02		3.0800000e+02		3.0750000e+02		1.8878816e+02		1.8872468e+02		2.4348446e+02		1.8880902e+02		1.9955478e-01		1.8860946e+02
3.0800000e+02		3.0900000e+02		3.0850000e+02		1.8529086e+02		1.8522941e+02		2.3897369e+02		1.8531105e+02		1.9317369e-01		1.8511788e+02
3.0900000e+02		3.1000000e+02		3.0950000e+02		1.5026991e+02		1.5022075e+02		1.9380623e+02		1.5028606e+02		1.5452346e-01		1.5013154e+02
3.1000000e+02		3.1100000e+02		3.1050000e+02		1.8913229e+02		1.8907126e+02		2.4392763e+02		1.8915234e+02		1.9183938e-01		1.8896050e+02
3.1100000e+02		3.1200000e+02		3.1150000e+02		2.2495083e+02		2.2487923e+02		2.9012326e+02		2.2497436e+02		2.2507657e-01		2.2474928e+02
3.1200000e+02		3.1300000e+02		3.1250000e+02		2.0030306e+02		2.0024017e+02		2.5833435e+02		2.0032373e+02		1.9770706e-01		2.0012602e+02
3.1300000e+02		3.1400000e+02		3.1350000e+02		2.1331645e+02		2.1325037e+02		2.7511772e+02		2.1333816e+02		2.0771679e-01		2.1313045e+02
3.1400000e+02		3.1500000e+02		3.1450000e+02		2.0119548e+02		2.0113399e+02		2.5948489e+02		2.0121569e+02		1.9328532e-01		2.0102240e+02
3.1500000e+02		3.1600000e+02		3.1550000e+02		1.9522773e+02		1.9516887e+02		2.5178799e+02		1.9524707e+02		1.8504450e-01		1.9506203e+02
3.1600000e+02		3.1700000e+02		3.1650000e+02		1.9043254e+02		1.9037589e+02		2.4560337e+02		1.9045116e+02		1.7809442e-01		1.9027306e+02
3.1700000e+02		3.1800000e+02		3.1750000e+02		2.4155434e+02		2.4148343e+02		3.1153559e+02		2.4157764e+02		2.2290449e-01		2.4135474e+02
3.1800000e+02		3.1900000e+02		3.1850000e+02		1.9952276e+02		1.9946497e+02		2.5732675e+02		1.9954175e+02		1.8168165e-01		1.9936007e+02
3.1900000e+02		3.2000000e+02		3.1950000e+02		2.1430874e+02		2.1424748e+02		2.7639619e+02		2.1432887e+02		1.9257215e-01		2.1413630e+02
3.2000000e+02		3.2100000e+02		3.2050000e+02		2.4621307e+02		2.4614362e+02		3.1754329e+02		2.4623590e+02		2.1833302e-01		2.4601756e+02
3.2100000e+02		3.2200000e+02		3.2150000e+02		2.0677326e+02		2.0671570e+02		2.6667721e+02		2.0679218e+02		1.8095781e-01		2.0661122e+02
3.2200000e+02		3.2300000e+02		3.2250000e+02		2.0765168e+02		2.0759463e+02		2.6780992e+02		2.0767043e+02		1.7935456e-01		2.0749108e+02
3.2300000e+02		3.2400000e+02		3.2350000e+02		2.0066974e+02		2.0061532e+02		2.5880508e+02		2.0068763e+02		1.7106944e-01		2.0051656e+02
3.2400000e+02		3.2500000e+02		3.2450000e+02		2.3629853e+02		2.3623528e+02		3.0475555e+02		2.3631932e+02		1.9883115e-01		2.3612049e+02
3.2500000e+02		3.2600000e+02		3.2550000e+02		2.7209498e+02		2.7202309e+02		3.5092219e+02		2.7211861e+02		2.2599344e-01		2.7189261e+02
3.2600000e+02		3.2700000e+02		3.2650000e+02		3.0699214e+02		3.0691208e+02		3.9592896e+02		3.0701846e+02		2.5169450e-01		3.0676676e+02
3.2700000e+02		3.2800000e+02		3.2750000e+02		2.9701525e+02		2.9693878e+02		3.8306148e+02		2.9704038e+02		2.4038934e-01		2.9679999e+02
3.2800000e+02		3.2900000e+02		3.2850000e+02		2.8673370e+02		2.8666082e+02		3.6980109e+02		2.8675765e+02		2.2909936e-01		2.8652855e+02
3.2900000e+02		3.3000000e+02		3.2950000e+02		3.3379807e+02		3.3371431e+02		4.3049983e+02		3.3382560e+02		2.6330342e-01		3.3356230e+02
3.3000000e+02		3.3100000e+02		3.3050000e+02		3.1443449e+02		3.1435660e+02		4.0552634e+02		3.1446009e+02		2.4487761e-01		3.1421522e+02
3.3100000e+02		3.3200000e+02		3.3150000e+02		3.0087994e+02		3.0080635e+02		3.8804479e+02		3.0090413e+02		2.3135357e-01		3.0067278e+02
3.3200000e+02		3.3300000e+02		3.3250000e+02		2.9519831e+02		2.9512702e+02		3.8071696e+02		2.9522174e+02		2.2411951e-01		2.9499762e+02
3.3300000e+02		3.3400000e+02		3.3350000e+02		2.8364288e+02		2.8357524e+02		3.6581372e+02		2.8366511e+02		2.1263684e-01		2.8345248e+02
3.3400000e+02		3.3500000e+02		3.3450000e+02		2.9883003e+02		2.9875966e+02		3.8540033e+02		2.9885316e+02		2.2121253e-01		2.9863195e+02
3.3500000e+02		3.3600000e+02		3.3550000e+02		2.9511053e+02		2.9504191e+02		3.8060308e+02		2.9513309e+02		2.1572817e-01		2.9491736e+02
3.3600000e+02		3.3700000e+02		3.3650000e+02		2.4313126e+02		2.4307543e+02		3.1356540e+02		2.4314961e+02		1.7551635e-01		2.4297410e+02
3.3700000e+02		3.3800000e+02		3.3750000e+02		2.5649874e+02		2.5644057e+02		3.3080520e+02		2.5651786e+02		1.8286660e-01		2.5633499e+02
3.3800000e+02		3.3900000e+02		3.3850000e+02		2.7748673e+02		2.7742458e+02		3.5787312e+02		2.7750716e+02		1.9538054e-01		2.7731178e+02
3.3900000e+02		3.4000000e+02		3.3950000e+02		2.9040264e+02		2.9033840e+02		3.7453049e+02		2.9042376e+02		2.0195143e-01		2.9022181e+02
3.4000000e+02		3.4100000e+02		3.4050000e+02		3.0654056e+02		3.0647359e+02		3.9534325e+02		3.0656258e+02		2.1055173e-01		3.0635202e+02
3.4100000e+02		3.4200000e+02		3.4150000e+02		2.7979685e+02		2.7973647e+02		3.6085188e+02		2.7981670e+02		1.8982592e-01		2.7962687e+02
3.4200000e+02		3.4300000e+02		3.4250000e+02		3.0344565e+02		3.0338097e+02		3.9135136e+02		3.0346691e+02		2.0335410e-01		3.0326356e+02
3.4300000e+02		3.4400000e+02		3.4350000e+02		2.9822260e+02		2.9815980e+02		3.8461503e+02		2.9824324e+02		1.9741868e-01		2.9804582e+02
3.4400000e+02		3.4500000e+02		3.4450000e+02		2.3986676e+02		2.3981687e+02		3.0935387e+02		2.3988316e+02		1.5685945e-01		2.3972630e+02
3.4500000e+02		3.4600000e+02		3.4550000e+02		2.8907088e+02		2.8901148e+02		3.7281177e+02		2.8909041e+02		1.8674734e-01		2.8890366e+02
3.4600000e+02		3.4700000e+02		3.4650000e+02		2.8069735e+02		2.8064037e+02		3.6201233e+02		2.8071608e+02		1.7914922e-01		2.8053693e+02
3.4700000e+02		3.4800000e+02		3.4750000e+02		2.7782009e+02		2.7776437e+02		3.5830139e+02		2.7783841e+02		1.7517941e-01		2.7766323e+02
3.4800000e+02		3.4900000e+02		3.4850000e+02		2.8744416e+02		2.8738720e+02		3.7071327e+02		2.8746289e+02		1.7907392e-01		2.8728381e+02
3.4900000e+02		3.5000000e+02		3.4950000e+02		2.7550877e+02		2.7545483e+02		3.5532017e+02		2.7552650e+02		1.6958596e-01		2.7535692e+02
3.5000000e+02		3.5100000e+02		3.5050000e+02		3.3002358e+02		3.2995974e+02		4.2562704e+02		3.3004457e+02		2.0072039e-01		3.2984385e+02
3.5100000e+02		3.5200000e+02		3.5150000e+02		3.0660572e+02		3.0654711e+02		3.9542515e+02		3.0662499e+02		1.8426149e-01		3.0644073e+02
3.5200000e+02		3.5300000e+02		3.5250000e+02		2.8324198e+02		2.8318848e+02		3.6529310e+02		2.8325957e+02		1.6820392e-01		2.8309137e+02
3.5300000e+02		3.5400000e+02		3.5350000e+02		3.2405327e+02		3.2399278e+02		4.1792665e+02		3.2407316e+02		1.9016698e-01		3.2388299e+02
3.5400000e+02		3.5500000e+02		3.5450000e+02		3.4586270e+02		3.4579890e+02		4.4605375e+02		3.4588368e+02		2.0057568e-01		3.4568310e+02
3.5500000e+02		3.5600000e+02		3.5550000e+02		3.2478382e+02		3.2472461e+02		4.1886846e+02		3.2480329e+02		1.8614043e-01		3.2461715e+02
3.5600000e+02		3.5700000e+02		3.5650000e+02		2.8234357e+02		2.8229270e+02		3.6413380e+02		2.8236029e+02		1.5992317e-01		2.8220037e+02
3.5700000e+02		3.5800000e+02		3.5750000e+02		2.4674321e+02		2.4669928e+02		3.1822048e+02		2.4675765e+02		1.3812784e-01		2.4661953e+02
3.5800000e+02		3.5900000e+02		3.5850000e+02		2.1181106e+02		2.1177378e+02		2.7316897e+02		2.1182332e+02		1.1719346e-01		2.1170612e+02
3.5900000e+02		3.6000000e+02		3.5950000e+02		3.0582840e+02		3.0577520e+02		3.9442131e+02		3.0584589e+02		1.6724988e-01		3.0567864e+02
3.6000000e+02		3.6100000e+02		3.6050000e+02		3.0178862e+02		3.0173673e+02		3.8921113e+02		3.0180568e+02		1.6313233e-01		3.0164255e+02
3.6100000e+02		3.6200000e+02		3.6150000e+02		2.8033735e+02		2.8028971e+02		3.6154568e+02		2.8035302e+02		1.4978986e-01		2.8020323e+02
3.6200000e+02		3.6300000e+02		3.6250000e+02		3.1645921e+02		3.1640605e+02		4.0813119e+02		3.1647669e+02		1.6714687e-01		3.1630954e+02
3.6300000e+02		3.6400000e+02		3.6350000e+02		3.0810145e+02		3.0805028e+02		3.9735220e+02		3.0811827e+02		1.6086748e-01		3.0795741e+02
3.6400000e+02		3.6500000e+02		3.6450000e+02		3.2221950e+02		3.2216660e+02		4.1555981e+02		3.2223689e+02		1.6631654e-01		3.2207058e+02
3.6500000e+02		3.6600000e+02		3.6550000e+02		3.6674574e+02		3.6668622e+02		4.7298421e+02		3.6676531e+02		1.8714269e-01		3.6657817e+02
3.6600000e+02		3.6700000e+02		3.6650000e+02		3.9198946e+02		3.9192656e+02		5.0554031e+02		3.9201014e+02		1.9775180e-01		3.9181239e+02
3.6700000e+02		3.6800000e+02		3.6750000e+02		3.7850004e+02		3.7843999e+02		4.8814312e+02		3.7851978e+02		1.8878402e-01		3.7833100e+02
3.6800000e+02		3.6900000e+02		3.6850000e+02		3.4895620e+02		3.4890147e+02		4.5004093e+02		3.4897420e+02		1.7208303e-01		3.4880211e+02
3.6900000e+02		3.7000000e+02		3.6950000e+02		3.8736224e+02		3.8730217e+02		4.9957216e+02		3.8738199e+02		1.8887149e-01		3.8719312e+02
3.7000000e+02		3.7100000e+02		3.7050000e+02		3.6351013e+02		3.6345439e+02		4.6881048e+02		3.6352846e+02		1.7525167e-01		3.6335321e+02
3.7100000e+02		3.7200000e+02		3.7150000e+02		3.7529261e+02		3.7523571e+02		4.8400590e+02		3.7531132e+02		1.7890656e-01		3.7513241e+02
3.7200000e+02		3.7300000e+02		3.7250000e+02		3.1177186e+02		3.1172512e+02		4.0208458e+02		3.1178723e+02		1.4696667e-01		3.1164026e+02
3.7300000e+02		3.7400000e+02		3.7350000e+02		2.7192112e+02		2.7188080e+02		3.5068993e+02		2.7193438e+02		1.2675454e-01		2.7180762e+02
3.7400000e+02		3.7500000e+02		3.7450000e+02		2.7832167e+02		2.7828086e+02		3.5894444e+02		2.7833509e+02		1.2829816e-01		2.7820679e+02
3.7500000e+02		3.7600000e+02		3.7550000e+02		3.1876744e+02		3.1872122e+02		4.1110620e+02		3.1878264e+02		1.4531643e-01		3.1863732e+02
3.7600000e+02		3.7700000e+02		3.7650000e+02		3.3048657e+02		3.3043918e+02		4.2621993e+02		3.3050215e+02		1.4899627e-01		3.3035316e+02
3.7700000e+02		3.7800000e+02		3.7750000e+02		3.8770864e+02		3.8765366e+02		5.0001759e+02		3.8772672e+02		1.7287108e-01		3.8755385e+02
3.7800000e+02		3.7900000e+02		3.7850000e+02		4.0380398e+02		4.0374734e+02		5.2077516e+02		4.0382260e+02		1.7807196e-01		4.0364453e+02
3.7900000e+02		3.8000000e+02		3.7950000e+02		3.2744385e+02		3.2739843e+02		4.2229542e+02		3.2745879e+02		1.4281841e-01		3.2731597e+02
3.8000000e+02		3.8100000e+02		3.8050000e+02		3.5656330e+02		3.5651438e+02		4.5984985e+02		3.5657939e+02		1.5382229e-01		3.5642557e+02
3.8100000e+02		3.8200000e+02		3.8150000e+02		3.2019140e+02		3.2014794e+02		4.1294189e+02		3.2020569e+02		1.3662858e-01		3.2006906e+02
3.8200000e+02		3.8300000e+02		3.8250000e+02		2.2964197e+02		2.2961114e+02		2.9616274e+02		2.2965211e+02		9.6927172e-02		2.2955518e+02
3.8300000e+02		3.8400000e+02		3.8350000e+02		2.0267593e+02		2.0264902e+02		2.6138532e+02		2.0268478e+02		8.4619808e-02		2.0260016e+02
3.8400000e+02		3.8500000e+02		3.8450000e+02		2.7111947e+02		2.7108386e+02		3.4965489e+02		2.7113118e+02		1.1197452e-01		2.7101921e+02
3.8500000e+02		3.8600000e+02		3.8550000e+02		2.8715912e+02		2.8712180e+02		3.7034066e+02		2.8717139e+02		1.1732307e-01		2.8705407e+02
3.8600000e+02		3.8700000e+02		3.8650000e+02		2.8837692e+02		2.8833985e+02		3.7191112e+02		2.8838911e+02		1.1655662e-01		2.8827255e+02
3.8700000e+02		3.8800000e+02		3.8750000e+02		2.8805300e+02		2.8801637e+02		3.7149327e+02		2.8806505e+02		1.1517998e-01		2.8794987e+02
3.8800000e+02		3.8900000e+02		3.8850000e+02		2.9209390e+02		2.9205715e+02		3.7670459e+02		2.9210599e+02		1.1554952e-01		2.9199044e+02
3.8900000e+02		3.9000000e+02		3.8950000e+02		3.5069332e+02		3.5064967e+02		4.5227836e+02		3.5070768e+02		1.3725467e-01		3.5057042e+02
3.9000000e+02		3.9100000e+02		3.9050000e+02		3.6838836e+02		3.6834299e+02		4.7509898e+02		3.6840328e+02		1.4265015e-01		3.6826063e+02
3.9100000e+02		3.9200000e+02		3.9150000e+02		3.9613874e+02		3.9609047e+02		5.1088765e+02		3.9615461e+02		1.5177246e-01		3.9600284e+02
3.9200000e+02		3.9300000e+02		3.9250000e+02		3.0403432e+02		3.0399766e+02		3.9210338e+02		3.0404638e+02		1.1525527e-01		3.0393112e+02
3.9300000e+02		3.9400000e+02		3.9350000e+02		1.8639471e+02		1.8637247e+02		2.4038726e+02		1.8640202e+02		6.9915943e-02		1.8633211e+02
3.9400000e+02		3.9500000e+02		3.9450000e+02		3.0813115e+02		3.0809478e+02		3.9738673e+02		3.0814311e+02		1.1436575e-01		3.0802875e+02
3.9500000e+02		3.9600000e+02		3.9550000e+02		3.7840801e+02		3.7836381e+02		4.8802040e+02		3.7842255e+02		1.3897918e-01		3.7828357e+02
3.9600000e+02		3.9700000e+02		3.9650000e+02		2.6140326e+02		2.6137301e+02		3.3712309e+02		2.6141317e+02		9.5004245e-02		2.6131816e+02
3.9700000e+02		3.9800000e+02		3.9750000e+02		2.9300657e+02		2.9297301e+02		3.7788073e+02		2.9301755e+02		1.0538134e-01		2.9291217e+02
3.9800000e+02		3.9900000e+02		3.9850000e+02		4.5124719e+02		4.5119598e+02		5.8195813e+02		4.5126386e+02		1.6060809e-01		4.5110326e+02
3.9900000e+02		4.0000000e+02		3.9950000e+02		4.9846141e+02		4.9840536e+02		6.4284846e+02		4.9847957e+02		1.7557518e-01		4.9830400e+02
4.0000000e+02		4.0100000e+02		4.0050000e+02		5.1407199e+02		5.1401494e+02		6.6298094e+02		5.1409068e+02		1.7920356e-01		5.1391148e+02
4.0100000e+02		4.0200000e+02		4.0150000e+02		5.3860814e+02		5.3854904e+02		6.9462428e+02		5.3862758e+02		1.8582253e-01		5.3844175e+02
4.0200000e+02		4.0300000e+02		4.0250000e+02		5.4526519e+02		5.4520597e+02		7.0320949e+02		5.4528466e+02		1.8618657e-01		5.4509848e+02
4.0300000e+02		4.0400000e+02		4.0350000e+02		5.2165796e+02		5.2160189e+02		6.7276392e+02		5.2167640e+02		1.7630031e-01		5.2150010e+02
4.0400000e+02		4.0500000e+02		4.0450000e+02		5.1300620e+02		5.1295162e+02		6.6160590e+02		5.1302415e+02		1.7160443e-01		5.1285255e+02
4.0500000e+02		4.0600000e+02		4.0550000e+02		5.1256585e+02		5.1251187e+02		6.6103786e+02		5.1258360e+02		1.6970934e-01		5.1241389e+02
4.0600000e+02		4.0700000e+02		4.0650000e+02		4.9035274e+02		4.9030163e+02		6.3239027e+02		4.9036955e+02		1.6070402e-01		4.9020885e+02
4.0700000e+02		4.0800000e+02		4.0750000e+02		4.9838294e+02		4.9833152e+02		6.4274640e+02		4.9839985e+02		1.6167960e-01		4.9823817e+02
4.0800000e+02		4.0900000e+02		4.0850000e+02		5.2990289e+02		5.2984877e+02		6.8339639e+02		5.2992069e+02		1.7016632e-01		5.2975052e+02
4.0900000e+02		4.1000000e+02		4.0950000e+02		5.2713439e+02		5.2708109e+02		6.7982582e+02		5.2715192e+02		1.6756976e-01		5.2698435e+02
4.1000000e+02		4.1100000e+02		4.1050000e+02		4.8293937e+02		4.8289103e+02		6.2282900e+02		4.8295527e+02		1.5197619e-01		4.8280329e+02
4.1100000e+02		4.1200000e+02		4.1150000e+02		5.5986852e+02		5.5981305e+02		7.2204153e+02		5.5988676e+02		1.7441703e-01		5.5971235e+02
4.1200000e+02		4.1300000e+02		4.1250000e+02		5.4940473e+02		5.4935084e+02		7.0854663e+02		5.4942245e+02		1.6944390e-01		5.4925301e+02
4.1300000e+02		4.1400000e+02		4.1350000e+02		5.2995399e+02		5.2990253e+02		6.8346161e+02		5.2997092e+02		1.6181319e-01		5.2980910e+02
4.1400000e+02		4.1500000e+02		4.1450000e+02		5.3771640e+02		5.3766470e+02		6.9347237e+02		5.3773340e+02		1.6254844e-01		5.3757085e+02
4.1500000e+02		4.1600000e+02		4.1550000e+02		5.3722776e+02		5.3717662e+02		6.9284206e+02		5.3724458e+02		1.6078767e-01		5.3708379e+02
4.1600000e+02		4.1700000e+02		4.1650000e+02		5.5745703e+02		5.5740449e+02		7.1893084e+02		5.5747431e+02		1.6518922e-01		5.5730912e+02
4.1700000e+02		4.1800000e+02		4.1750000e+02		5.0725322e+02		5.0720588e+02		6.5418479e+02		5.0726878e+02		1.4882711e-01		5.0711996e+02
4.1800000e+02		4.1900000e+02		4.1850000e+02		5.2601513e+02		5.2596650e+02		6.7838114e+02		5.2603108e+02		1.5281055e-01		5.2587827e+02
4.1900000e+02		4.2000000e+02		4.1950000e+02		5.3123875e+02		5.3119015e+02		6.8511776e+02		5.3125473e+02		1.5281069e-01		5.3110192e+02
4.2000000e+02		4.2100000e+02		4.2050000e+02		5.3797708e+02		5.3792835e+02		6.9380779e+02		5.3799311e+02		1.5323133e-01		5.3783988e+02
4.2100000e+02		4.2200000e+02		4.2150000e+02		5.2958361e+02		5.2953611e+02		6.8298295e+02		5.2959923e+02		1.4936482e-01		5.2944987e+02
4.2200000e+02		4.2300000e+02		4.2250000e+02		5.0190537e+02		5.0186079e+02		6.4728731e+02		5.0192003e+02		1.4017723e-01		5.0177986e+02
4.2300000e+02		4.2400000e+02		4.2350000e+02		5.3474862e+02		5.3470158e+02		6.8964382e+02		5.3476409e+02		1.4789627e-01		5.3461619e+02
4.2400000e+02		4.2500000e+02		4.2450000e+02		5.5328403e+02		5.5323583e+02		7.1354807e+02		5.5329988e+02		1.5153689e-01		5.5314834e+02
4.2500000e+02		4.2600000e+02		4.2550000e+02		5.3248014e+02		5.3243421e+02		6.8671802e+02		5.3249525e+02		1.4442660e-01		5.3235082e+02
4.2600000e+02		4.2700000e+02		4.2650000e+02		5.3029841e+02		5.3025311e+02		6.8390422e+02		5.3031331e+02		1.4244508e-01		5.3017087e+02
4.2700000e+02		4.2800000e+02		4.2750000e+02		4.9171747e+02		4.9167587e+02		6.3414785e+02		4.9173115e+02		1.3080880e-01		4.9160034e+02
4.2800000e+02		4.2900000e+02		4.2850000e+02		4.9494538e+02		4.9490391e+02		6.3831065e+02		4.9495902e+02		1.3040169e-01		4.9482862e+02
4.2900000e+02		4.3000000e+02		4.2950000e+02		4.6063718e+02		4.6059895e+02		5.9406469e+02		4.6064975e+02		1.2019889e-01		4.6052955e+02
4.3000000e+02		4.3100000e+02		4.3050000e+02		3.7055843e+02		3.7052797e+02		4.7789378e+02		3.7056845e+02		9.5768704e-02		3.7047268e+02
4.3100000e+02		4.3200000e+02		4.3150000e+02		4.5818753e+02		4.5815023e+02		5.9090529e+02		4.5819980e+02		1.1728599e-01		4.5808251e+02
4.3200000e+02		4.3300000e+02		4.3250000e+02		5.1625369e+02		5.1621206e+02		6.6579068e+02		5.1626738e+02		1.3089162e-01		5.1613649e+02
4.3300000e+02		4.3400000e+02		4.3350000e+02		5.6047485e+02		5.6043008e+02		7.2282075e+02		5.6048957e+02		1.4075412e-01		5.6034882e+02
4.3400000e+02		4.3500000e+02		4.3450000e+02		4.7595241e+02		4.7591476e+02		6.1381563e+02		4.7596479e+02		1.1839530e-01		4.7584640e+02
4.3500000e+02		4.3600000e+02		4.3550000e+02		5.3162725e+02		5.3158559e+02		6.8561701e+02		5.3164095e+02		1.3099494e-01		5.3150996e+02
4.3600000e+02		4.3700000e+02		4.3650000e+02		5.9481241e+02		5.9476624e+02		7.6710411e+02		5.9482760e+02		1.4518247e-01		5.9468241e+02
4.3700000e+02		4.3800000e+02		4.3750000e+02		5.2629983e+02		5.2625936e+02		6.7874627e+02		5.2631314e+02		1.2725162e-01		5.2618589e+02
4.3800000e+02		4.3900000e+02		4.3850000e+02		5.1257868e+02		5.1253963e+02		6.6105060e+02		5.1259152e+02		1.2277151e-01		5.1246875e+02
4.3900000e+02		4.4000000e+02		4.3950000e+02		5.7051902e+02		5.7047596e+02		7.3577364e+02		5.7053318e+02		1.3537029e-01		5.7039781e+02
4.4000000e+02		4.4100000e+02		4.4050000e+02		5.4089681e+02		5.4085636e+02		6.9757105e+02		5.4091010e+02		1.2714336e-01		5.4078295e+02
4.4100000e+02		4.4200000e+02		4.4150000e+02		5.9491633e+02		5.9487203e+02		7.6723729e+02		5.9493059e+02		1.3853858e-01		5.9479205e+02
4.4200000e+02		4.4300000e+02		4.4250000e+02		6.2544254e+02		6.2539624e+02		8.0660528e+02		6.2545723e+02		1.4429380e-01		6.2531294e+02
4.4300000e+02		4.4400000e+02		4.4350000e+02		6.0497206e+02		6.0492771e+02		7.8020534e+02		6.0498615e+02		1.3827729e-01		6.0484788e+02
4.4400000e+02		4.4500000e+02		4.4450000e+02		6.2324411e+02		6.2319856e+02		8.0376953e+02		6.2325822e+02		1.4113617e-01		6.2311708e+02
4.4500000e+02		4.4600000e+02		4.4550000e+02		5.7783999e+02		5.7779821e+02		7.4521388e+02		5.7785300e+02		1.2964696e-01		5.7772335e+02
4.4600000e+02		4.4700000e+02		4.4650000e+02		5.8940025e+02		5.8935836e+02		7.6012296e+02		5.8941374e+02		1.3102360e-01		5.8928271e+02
4.4700000e+02		4.4800000e+02		4.4750000e+02		6.3881895e+02		6.3877405e+02		8.2385603e+02		6.3883352e+02		1.4070537e-01		6.3869281e+02
4.4800000e+02		4.4900000e+02		4.4850000e+02		6.2805979e+02		6.2801615e+02		8.0998045e+02		6.2807408e+02		1.3706830e-01		6.2793701e+02
4.4900000e+02		4.5000000e+02		4.4950000e+02		6.3454704e+02		6.3450339e+02		8.1834672e+02		6.3456139e+02		1.3721840e-01		6.3442417e+02
4.5000000e+02		4.5100000e+02		4.5050000e+02		6.7325368e+02		6.7320780e+02		8.6826483e+02		6.7326877e+02		1.4426093e-01		6.7312451e+02
4.5100000e+02		4.5200000e+02		4.5150000e+02		6.7122600e+02		6.7118067e+02		8.6564971e+02		6.7124091e+02		1.4251797e-01		6.7109839e+02
4.5200000e+02		4.5300000e+02		4.5250000e+02		6.3541039e+02		6.3536787e+02		8.1945985e+02		6.3542438e+02		1.3368905e-01		6.3529069e+02
4.5300000e+02		4.5400000e+02		4.5350000e+02		6.0888666e+02		6.0884629e+02		7.8525331e+02		6.0889994e+02		1.2694830e-01		6.0877299e+02
4.5400000e+02		4.5500000e+02		4.5450000e+02		6.4999363e+02		6.4995092e+02		8.3826699e+02		6.5000768e+02		1.3429477e-01		6.4987338e+02
4.5500000e+02		4.5600000e+02		4.5550000e+02		6.4380306e+02		6.4376114e+02		8.3028320e+02		6.4381685e+02		1.3181671e-01		6.4368503e+02
4.5600000e+02		4.5700000e+02		4.5650000e+02		6.6853861e+02		6.6849547e+02		8.6218340e+02		6.6855280e+02		1.3565075e-01		6.6841715e+02
4.5700000e+02		4.5800000e+02		4.5750000e+02		6.7499745e+02		6.7495428e+02		8.7051297e+02		6.7501165e+02		1.3573215e-01		6.7487592e+02
4.5800000e+02		4.5900000e+02		4.5850000e+02		6.3439039e+02		6.3435018e+02		8.1814383e+02		6.3440362e+02		1.2642502e-01		6.3427719e+02
4.5900000e+02		4.6000000e+02		4.5950000e+02		6.5539586e+02		6.5535469e+02		8.4523351e+02		6.5540940e+02		1.2944467e-01		6.5527996e+02
4.6000000e+02		4.6100000e+02		4.6050000e+02		6.4752339e+02		6.4748308e+02		8.3508066e+02		6.4753665e+02		1.2675010e-01		6.4740990e+02
4.6100000e+02		4.6200000e+02		4.6150000e+02		6.6245412e+02		6.6241325e+02		8.5433603e+02		6.6246756e+02		1.2852024e-01		6.6233904e+02
4.6200000e+02		4.6300000e+02		4.6250000e+02		6.6901120e+02		6.6897029e+02		8.6279230e+02		6.6902466e+02		1.2864107e-01		6.6889602e+02
4.6300000e+02		4.6400000e+02		4.6350000e+02		6.4662616e+02		6.4658697e+02		8.3392328e+02		6.4663905e+02		1.2323645e-01		6.4651582e+02
4.6400000e+02		4.6500000e+02		4.6450000e+02		6.5795753e+02		6.5791800e+02		8.4853672e+02		6.5797053e+02		1.2428893e-01		6.5784624e+02
4.6500000e+02		4.6600000e+02		4.6550000e+02		6.3552746e+02		6.3548962e+02		8.1960963e+02		6.3553991e+02		1.1899426e-01		6.3542091e+02
4.6600000e+02		4.6700000e+02		4.6650000e+02		6.3955371e+02		6.3951596e+02		8.2480201e+02		6.3956613e+02		1.1869547e-01		6.3944743e+02
4.6700000e+02		4.6800000e+02		4.6750000e+02		6.4572639e+02		6.4568853e+02		8.3276243e+02		6.4573874e+02		1.1879022e-01		6.4561995e+02
4.6800000e+02		4.6900000e+02		4.6850000e+02		6.3145002e+02		6.3141333e+02		8.1435081e+02		6.3146199e+02		1.1514743e-01		6.3134685e+02
4.6900000e+02		4.7000000e+02		4.6950000e+02		6.4956875e+02		6.4953125e+02		8.3771748e+02		6.4958088e+02		1.1741726e-01		6.4946346e+02
4.7000000e+02		4.7100000e+02		4.7050000e+02		6.1381170e+02		6.1377657e+02		7.9160325e+02		6.1382305e+02		1.0998720e-01		6.1371307e+02
4.7100000e+02		4.7200000e+02		4.7150000e+02		6.4174114e+02		6.4170469e+02		8.2762237e+02		6.4175287e+02		1.1399230e-01		6.4163888e+02
4.7200000e+02		4.7300000e+02		4.7250000e+02		6.5742798e+02		6.5739095e+02		8.4785283e+02		6.5743988e+02		1.1576598e-01		6.5732411e+02
4.7300000e+02		4.7400000e+02		4.7350000e+02		6.4563741e+02		6.4560124e+02		8.3264687e+02		6.4564887e+02		1.1270595e-01		6.4553617e+02
4.7400000e+02		4.7500000e+02		4.7450000e+02		6.6512717e+02		6.6509041e+02		8.5778202e+02		6.6513906e+02		1.1510574e-01		6.6502395e+02
4.7500000e+02		4.7600000e+02		4.7550000e+02		6.6365303e+02		6.6361680e+02		8.5588097e+02		6.6366492e+02		1.1386121e-01		6.6355106e+02
4.7600000e+02		4.7700000e+02		4.7650000e+02		6.3952653e+02		6.3949193e+02		8.2476615e+02		6.3953791e+02		1.0877870e-01		6.3942913e+02
4.7700000e+02		4.7800000e+02		4.7750000e+02		6.6772274e+02		6.6768693e+02		8.6112935e+02		6.6773452e+02		1.1260050e-01		6.6762192e+02
4.7800000e+02		4.7900000e+02		4.7850000e+02		6.6128260e+02		6.6124744e+02		8.5282374e+02		6.6129417e+02		1.1055991e-01		6.6118361e+02
4.7900000e+02		4.8000000e+02		4.7950000e+02		6.6320839e+02		6.6317343e+02		8.5530726e+02		6.6321989e+02		1.0993471e-01		6.6310996e+02
4.8000000e+02		4.8100000e+02		4.8050000e+02		6.6489751e+02		6.6486276e+02		8.5748556e+02		6.6490894e+02		1.0927607e-01		6.6479967e+02
4.8100000e+02		4.8200000e+02		4.8150000e+02		6.6630748e+02		6.6627295e+02		8.5930385e+02		6.6631884e+02		1.0857659e-01		6.6621026e+02
4.8200000e+02		4.8300000e+02		4.8250000e+02		6.6376999e+02		6.6373588e+02		8.5603130e+02		6.6378121e+02		1.0724536e-01		6.6367396e+02
4.8300000e+02		4.8400000e+02		4.8350000e+02		6.5373157e+02		6.5369823e+02		8.4308513e+02		6.5374249e+02		1.0472927e-01		6.5363776e+02
4.8400000e+02		4.8500000e+02		4.8450000e+02		6.4242337e+02		6.4239082e+02		8.2850136e+02		6.4243395e+02		1.0204824e-01		6.4233190e+02
4.8500000e+02		4.8600000e+02		4.8550000e+02		6.0369332e+02		6.0366289e+02		7.7855295e+02		6.0370307e+02		9.5087643e-02		6.0360799e+02
4.8600000e+02		4.8700000e+02		4.8650000e+02		5.2412565e+02		5.2409953e+02		6.7593857e+02		5.2413413e+02		8.1860581e-02		5.2405227e+02
4.8700000e+02		4.8800000e+02		4.8750000e+02		5.9966111e+02		5.9963140e+02		7.7335270e+02		5.9967065e+02		9.2871975e-02		5.9957778e+02
4.8800000e+02		4.8900000e+02		4.8850000e+02		6.3081686e+02		6.3078586e+02		8.1353263e+02		6.3082681e+02		9.6878955e-02		6.3072993e+02
4.8900000e+02		4.9000000e+02		4.8950000e+02		6.1880396e+02		6.1877382e+02		7.9804016e+02		6.1881365e+02		9.4239821e-02		6.1871941e+02
4.9000000e+02		4.9100000e+02		4.9050000e+02		6.5907671e+02		6.5904493e+02		8.4997789e+02		6.5908700e+02		9.9536049e-02		6.5898747e+02
4.9100000e+02		4.9200000e+02		4.9150000e+02		6.2110374e+02		6.2107403e+02		8.0100599e+02		6.2111334e+02		9.3020641e-02		6.2102032e+02
4.9200000e+02		4.9300000e+02		4.9250000e+02		5.9112858e+02		5.9110064e+02		7.6234862e+02		5.9113774e+02		8.7796209e-02		5.9104995e+02
4.9300000e+02		4.9400000e+02		4.9350000e+02		6.2472140e+02		6.2469213e+02		8.0567153e+02		6.2473102e+02		9.2016650e-02		6.2463900e+02
4.9400000e+02		4.9500000e+02		4.9450000e+02		6.4279699e+02		6.4276713e+02		8.2898265e+02		6.4280681e+02		9.3896065e-02		6.4271292e+02
4.9500000e+02		4.9600000e+02		4.9550000e+02		6.3133158e+02		6.3130249e+02		8.1419623e+02		6.3134115e+02		9.1460416e-02		6.3124969e+02
4.9600000e+02		4.9700000e+02		4.9650000e+02		6.3921352e+02		6.3918431e+02		8.2436111e+02		6.3922313e+02		9.1839758e-02		6.3913129e+02
4.9700000e+02		4.9800000e+02		4.9750000e+02		6.5113923e+02		6.5110972e+02		8.3974103e+02		6.5114894e+02		9.2784384e-02		6.5105615e+02
4.9800000e+02		4.9900000e+02		4.9850000e+02		5.9175801e+02		5.9173139e+02		7.6316002e+02		5.9176674e+02		8.3631436e-02		5.9168311e+02
4.9900000e+02		5.0000000e+02		4.9950000e+02		6.3385792e+02		6.3382954e+02		8.1745393e+02		6.3386710e+02		8.8848264e-02		6.3377825e+02
