Left Bin Edge (nm)	Right Bin Edge (nm)	Bin Center (nm)		Top of Atm Intensity (erg/s/nm/cm2)		Total Surface Flux (erg/s/nm/cm2)		Total Intensity at BOA (erg/s/nm/cm2)		Total Surface Intensity (erg/s/nm/cm2)		Total Surface Diffuse Intensity (erg/s/nm/cm2)		Total Surface Direct Intensity (erg/s/nm/cm2)
1.0000000e+02		1.0100000e+02		1.0050000e+02		1.9189487e-02		0.0000000e+00		0.0000000e+00		0.0000000e+00		0.0000000e+00		0.0000000e+00
1.0100000e+02		1.0200000e+02		1.0150000e+02		7.4861701e-02		0.0000000e+00		0.0000000e+00		0.0000000e+00		0.0000000e+00		0.0000000e+00
1.0200000e+02		1.0300000e+02		1.0250000e+02		3.9734366e-01		0.0000000e+00		0.0000000e+00		0.0000000e+00		0.0000000e+00		0.0000000e+00
1.0300000e+02		1.0400000e+02		1.0350000e+02		3.0179545e-01		0.0000000e+00		0.0000000e+00		0.0000000e+00		0.0000000e+00		0.0000000e+00
1.0400000e+02		1.0500000e+02		1.0450000e+02		6.0815352e-02		0.0000000e+00		0.0000000e+00		0.0000000e+00		0.0000000e+00		0.0000000e+00
1.0500000e+02		1.0600000e+02		1.0550000e+02		2.0834600e-02		0.0000000e+00		0.0000000e+00		0.0000000e+00		0.0000000e+00		0.0000000e+00
1.0600000e+02		1.0700000e+02		1.0650000e+02		1.9584792e-02		0.0000000e+00		0.0000000e+00		0.0000000e+00		0.0000000e+00		0.0000000e+00
1.0700000e+02		1.0800000e+02		1.0750000e+02		2.1853879e-02		0.0000000e+00		0.0000000e+00		0.0000000e+00		0.0000000e+00		0.0000000e+00
1.0800000e+02		1.0900000e+02		1.0850000e+02		3.0634999e-02		0.0000000e+00		0.0000000e+00		0.0000000e+00		0.0000000e+00		0.0000000e+00
1.0900000e+02		1.1000000e+02		1.0950000e+02		2.4032561e-02		0.0000000e+00		0.0000000e+00		0.0000000e+00		0.0000000e+00		0.0000000e+00
1.1000000e+02		1.1100000e+02		1.1050000e+02		2.3268893e-02		0.0000000e+00		0.0000000e+00		0.0000000e+00		0.0000000e+00		0.0000000e+00
1.1100000e+02		1.1200000e+02		1.1150000e+02		2.1871272e-02		0.0000000e+00		0.0000000e+00		0.0000000e+00		0.0000000e+00		0.0000000e+00
1.1200000e+02		1.1300000e+02		1.1250000e+02		2.2375602e-02		0.0000000e+00		0.0000000e+00		0.0000000e+00		0.0000000e+00		0.0000000e+00
1.1300000e+02		1.1400000e+02		1.1350000e+02		1.7748133e-02		0.0000000e+00		0.0000000e+00		0.0000000e+00		0.0000000e+00		0.0000000e+00
1.1400000e+02		1.1500000e+02		1.1450000e+02		1.3589480e-02		0.0000000e+00		0.0000000e+00		0.0000000e+00		0.0000000e+00		0.0000000e+00
1.1500000e+02		1.1600000e+02		1.1550000e+02		1.8751615e-02		0.0000000e+00		0.0000000e+00		0.0000000e+00		0.0000000e+00		0.0000000e+00
1.1600000e+02		1.1700000e+02		1.1650000e+02		4.3674487e-02		0.0000000e+00		0.0000000e+00		0.0000000e+00		0.0000000e+00		0.0000000e+00
1.1700000e+02		1.1800000e+02		1.1750000e+02		1.5546757e-01		0.0000000e+00		0.0000000e+00		0.0000000e+00		0.0000000e+00		0.0000000e+00
1.1800000e+02		1.1900000e+02		1.1850000e+02		5.2889236e-02		0.0000000e+00		0.0000000e+00		0.0000000e+00		0.0000000e+00		0.0000000e+00
1.1900000e+02		1.2000000e+02		1.1950000e+02		7.3692884e-02		0.0000000e+00		0.0000000e+00		0.0000000e+00		0.0000000e+00		0.0000000e+00
1.2000000e+02		1.2100000e+02		1.2050000e+02		4.0066072e-01		0.0000000e+00		0.0000000e+00		0.0000000e+00		0.0000000e+00		0.0000000e+00
1.2100000e+02		1.2200000e+02		1.2150000e+02		1.5905289e+01		0.0000000e+00		0.0000000e+00		0.0000000e+00		0.0000000e+00		0.0000000e+00
1.2200000e+02		1.2300000e+02		1.2250000e+02		1.0666543e-01		0.0000000e+00		0.0000000e+00		0.0000000e+00		0.0000000e+00		0.0000000e+00
1.2300000e+02		1.2400000e+02		1.2350000e+02		5.7456553e-02		0.0000000e+00		0.0000000e+00		0.0000000e+00		0.0000000e+00		0.0000000e+00
1.2400000e+02		1.2500000e+02		1.2450000e+02		4.6184197e-02		0.0000000e+00		0.0000000e+00		0.0000000e+00		0.0000000e+00		0.0000000e+00
1.2500000e+02		1.2600000e+02		1.2550000e+02		4.5085118e-02		0.0000000e+00		0.0000000e+00		0.0000000e+00		0.0000000e+00		0.0000000e+00
1.2600000e+02		1.2700000e+02		1.2650000e+02		6.3054464e-02		0.0000000e+00		0.0000000e+00		0.0000000e+00		0.0000000e+00		0.0000000e+00
1.2700000e+02		1.2800000e+02		1.2750000e+02		3.3006429e-02		0.0000000e+00		0.0000000e+00		0.0000000e+00		0.0000000e+00		0.0000000e+00
1.2800000e+02		1.2900000e+02		1.2850000e+02		2.6335196e-02		0.0000000e+00		0.0000000e+00		0.0000000e+00		0.0000000e+00		0.0000000e+00
1.2900000e+02		1.3000000e+02		1.2950000e+02		3.5131240e-02		0.0000000e+00		0.0000000e+00		0.0000000e+00		0.0000000e+00		0.0000000e+00
1.3000000e+02		1.3100000e+02		1.3050000e+02		2.8850634e-01		0.0000000e+00		0.0000000e+00		0.0000000e+00		0.0000000e+00		0.0000000e+00
1.3100000e+02		1.3200000e+02		1.3150000e+02		3.9064855e-02		0.0000000e+00		0.0000000e+00		0.0000000e+00		0.0000000e+00		0.0000000e+00
1.3200000e+02		1.3300000e+02		1.3250000e+02		3.0374778e-02		0.0000000e+00		0.0000000e+00		0.0000000e+00		0.0000000e+00		0.0000000e+00
1.3300000e+02		1.3400000e+02		1.3350000e+02		4.1056606e-01		0.0000000e+00		0.0000000e+00		0.0000000e+00		0.0000000e+00		0.0000000e+00
1.3400000e+02		1.3500000e+02		1.3450000e+02		2.8092500e-02		0.0000000e+00		0.0000000e+00		0.0000000e+00		0.0000000e+00		0.0000000e+00
1.3500000e+02		1.3600000e+02		1.3550000e+02		5.8954708e-02		0.0000000e+00		0.0000000e+00		0.0000000e+00		0.0000000e+00		0.0000000e+00
1.3600000e+02		1.3700000e+02		1.3650000e+02		3.8690656e-02		0.0000000e+00		0.0000000e+00		0.0000000e+00		0.0000000e+00		0.0000000e+00
1.3700000e+02		1.3800000e+02		1.3750000e+02		3.9732879e-02		0.0000000e+00		0.0000000e+00		0.0000000e+00		0.0000000e+00		0.0000000e+00
1.3800000e+02		1.3900000e+02		1.3850000e+02		4.0549866e-02		0.0000000e+00		0.0000000e+00		0.0000000e+00		0.0000000e+00		0.0000000e+00
1.3900000e+02		1.4000000e+02		1.3950000e+02		1.3692187e-01		0.0000000e+00		0.0000000e+00		0.0000000e+00		0.0000000e+00		0.0000000e+00
1.4000000e+02		1.4100000e+02		1.4050000e+02		1.1939088e-01		0.0000000e+00		0.0000000e+00		0.0000000e+00		0.0000000e+00		0.0000000e+00
1.4100000e+02		1.4200000e+02		1.4150000e+02		5.7521948e-02		0.0000000e+00		0.0000000e+00		0.0000000e+00		0.0000000e+00		0.0000000e+00
1.4200000e+02		1.4300000e+02		1.4250000e+02		6.2343151e-02		0.0000000e+00		0.0000000e+00		0.0000000e+00		0.0000000e+00		0.0000000e+00
1.4300000e+02		1.4400000e+02		1.4350000e+02		6.9165895e-02		0.0000000e+00		0.0000000e+00		0.0000000e+00		0.0000000e+00		0.0000000e+00
1.4400000e+02		1.4500000e+02		1.4450000e+02		6.6149126e-02		0.0000000e+00		0.0000000e+00		0.0000000e+00		0.0000000e+00		0.0000000e+00
1.4500000e+02		1.4600000e+02		1.4550000e+02		7.0536262e-02		0.0000000e+00		0.0000000e+00		0.0000000e+00		0.0000000e+00		0.0000000e+00
1.4600000e+02		1.4700000e+02		1.4650000e+02		8.6012655e-02		0.0000000e+00		0.0000000e+00		0.0000000e+00		0.0000000e+00		0.0000000e+00
1.4700000e+02		1.4800000e+02		1.4750000e+02		1.0610345e-01		0.0000000e+00		0.0000000e+00		0.0000000e+00		0.0000000e+00		0.0000000e+00
1.4800000e+02		1.4900000e+02		1.4850000e+02		1.0405386e-01		0.0000000e+00		0.0000000e+00		0.0000000e+00		0.0000000e+00		0.0000000e+00
1.4900000e+02		1.5000000e+02		1.4950000e+02		9.4002421e-02		0.0000000e+00		0.0000000e+00		0.0000000e+00		0.0000000e+00		0.0000000e+00
1.5000000e+02		1.5100000e+02		1.5050000e+02		1.0343288e-01		0.0000000e+00		0.0000000e+00		0.0000000e+00		0.0000000e+00		0.0000000e+00
1.5100000e+02		1.5200000e+02		1.5150000e+02		1.0875212e-01		0.0000000e+00		0.0000000e+00		0.0000000e+00		0.0000000e+00		0.0000000e+00
1.5200000e+02		1.5300000e+02		1.5250000e+02		1.3876638e-01		0.0000000e+00		0.0000000e+00		0.0000000e+00		0.0000000e+00		0.0000000e+00
1.5300000e+02		1.5400000e+02		1.5350000e+02		1.5371418e-01		0.0000000e+00		0.0000000e+00		0.0000000e+00		0.0000000e+00		0.0000000e+00
1.5400000e+02		1.5500000e+02		1.5450000e+02		4.1112511e-01		0.0000000e+00		0.0000000e+00		0.0000000e+00		0.0000000e+00		0.0000000e+00
1.5500000e+02		1.5600000e+02		1.5550000e+02		3.3836363e-01		0.0000000e+00		0.0000000e+00		0.0000000e+00		0.0000000e+00		0.0000000e+00
1.5600000e+02		1.5700000e+02		1.5650000e+02		2.0084632e-01		0.0000000e+00		0.0000000e+00		0.0000000e+00		0.0000000e+00		0.0000000e+00
1.5700000e+02		1.5800000e+02		1.5750000e+02		1.8216796e-01		0.0000000e+00		0.0000000e+00		0.0000000e+00		0.0000000e+00		0.0000000e+00
1.5800000e+02		1.5900000e+02		1.5850000e+02		1.6795176e-01		0.0000000e+00		0.0000000e+00		0.0000000e+00		0.0000000e+00		0.0000000e+00
1.5900000e+02		1.6000000e+02		1.5950000e+02		1.6379377e-01		0.0000000e+00		0.0000000e+00		0.0000000e+00		0.0000000e+00		0.0000000e+00
1.6000000e+02		1.6100000e+02		1.6050000e+02		1.7926410e-01		0.0000000e+00		0.0000000e+00		0.0000000e+00		0.0000000e+00		0.0000000e+00
1.6100000e+02		1.6200000e+02		1.6150000e+02		2.0306941e-01		0.0000000e+00		0.0000000e+00		0.0000000e+00		0.0000000e+00		0.0000000e+00
1.6200000e+02		1.6300000e+02		1.6250000e+02		2.2492895e-01		0.0000000e+00		0.0000000e+00		0.0000000e+00		0.0000000e+00		0.0000000e+00
1.6300000e+02		1.6400000e+02		1.6350000e+02		4.7671727e-01		0.0000000e+00		0.0000000e+00		0.0000000e+00		0.0000000e+00		0.0000000e+00
1.6400000e+02		1.6500000e+02		1.6450000e+02		4.8753270e-01		0.0000000e+00		0.0000000e+00		0.0000000e+00		0.0000000e+00		0.0000000e+00
1.6500000e+02		1.6600000e+02		1.6550000e+02		5.7072689e-01		0.0000000e+00		0.0000000e+00		0.0000000e+00		0.0000000e+00		0.0000000e+00
1.6600000e+02		1.6700000e+02		1.6650000e+02		2.6919628e-01		0.0000000e+00		0.0000000e+00		0.0000000e+00		0.0000000e+00		0.0000000e+00
1.6700000e+02		1.6800000e+02		1.6750000e+02		2.8728373e-01		0.0000000e+00		0.0000000e+00		0.0000000e+00		0.0000000e+00		0.0000000e+00
1.6800000e+02		1.6900000e+02		1.6850000e+02		3.0958866e-01		0.0000000e+00		0.0000000e+00		0.0000000e+00		0.0000000e+00		0.0000000e+00
1.6900000e+02		1.7000000e+02		1.6950000e+02		3.8988989e-01		0.0000000e+00		0.0000000e+00		0.0000000e+00		0.0000000e+00		0.0000000e+00
1.7000000e+02		1.7100000e+02		1.7050000e+02		4.3752516e-01		0.0000000e+00		0.0000000e+00		0.0000000e+00		0.0000000e+00		0.0000000e+00
1.7100000e+02		1.7200000e+02		1.7150000e+02		4.3618394e-01		0.0000000e+00		0.0000000e+00		0.0000000e+00		0.0000000e+00		0.0000000e+00
1.7200000e+02		1.7300000e+02		1.7250000e+02		4.5514763e-01		0.0000000e+00		0.0000000e+00		0.0000000e+00		0.0000000e+00		0.0000000e+00
1.7300000e+02		1.7400000e+02		1.7350000e+02		4.5120572e-01		0.0000000e+00		0.0000000e+00		0.0000000e+00		0.0000000e+00		0.0000000e+00
1.7400000e+02		1.7500000e+02		1.7450000e+02		5.3951828e-01		0.0000000e+00		0.0000000e+00		0.0000000e+00		0.0000000e+00		0.0000000e+00
1.7500000e+02		1.7600000e+02		1.7550000e+02		6.4389120e-01		0.0000000e+00		0.0000000e+00		0.0000000e+00		0.0000000e+00		0.0000000e+00
1.7600000e+02		1.7700000e+02		1.7650000e+02		6.9472845e-01		0.0000000e+00		0.0000000e+00		0.0000000e+00		0.0000000e+00		0.0000000e+00
1.7700000e+02		1.7800000e+02		1.7750000e+02		8.1849614e-01		0.0000000e+00		0.0000000e+00		0.0000000e+00		0.0000000e+00		0.0000000e+00
1.7800000e+02		1.7900000e+02		1.7850000e+02		8.9455089e-01		0.0000000e+00		0.0000000e+00		0.0000000e+00		0.0000000e+00		0.0000000e+00
1.7900000e+02		1.8000000e+02		1.7950000e+02		8.6966614e-01		0.0000000e+00		0.0000000e+00		0.0000000e+00		0.0000000e+00		0.0000000e+00
1.8000000e+02		1.8100000e+02		1.8050000e+02		1.0753674e+00		0.0000000e+00		0.0000000e+00		0.0000000e+00		0.0000000e+00		0.0000000e+00
1.8100000e+02		1.8200000e+02		1.8150000e+02		1.3093431e+00		0.0000000e+00		0.0000000e+00		0.0000000e+00		0.0000000e+00		0.0000000e+00
1.8200000e+02		1.8300000e+02		1.8250000e+02		1.2087370e+00		0.0000000e+00		0.0000000e+00		0.0000000e+00		0.0000000e+00		0.0000000e+00
1.8300000e+02		1.8400000e+02		1.8350000e+02		1.2728289e+00		0.0000000e+00		0.0000000e+00		0.0000000e+00		0.0000000e+00		0.0000000e+00
1.8400000e+02		1.8500000e+02		1.8450000e+02		1.0940339e+00		0.0000000e+00		0.0000000e+00		0.0000000e+00		0.0000000e+00		0.0000000e+00
1.8500000e+02		1.8600000e+02		1.8550000e+02		1.2372281e+00		0.0000000e+00		0.0000000e+00		0.0000000e+00		0.0000000e+00		0.0000000e+00
1.8600000e+02		1.8700000e+02		1.8650000e+02		1.4037992e+00		0.0000000e+00		0.0000000e+00		0.0000000e+00		0.0000000e+00		0.0000000e+00
1.8700000e+02		1.8800000e+02		1.8750000e+02		1.5907538e+00		0.0000000e+00		0.0000000e+00		0.0000000e+00		0.0000000e+00		0.0000000e+00
1.8800000e+02		1.8900000e+02		1.8850000e+02		1.6735993e+00		9.4594364e-206		0.0000000e+00		9.4681796e-206		2.0686712e-208		9.4474929e-206
1.8900000e+02		1.9000000e+02		1.8950000e+02		1.8559600e+00		4.8875133e-136		0.0000000e+00		4.8941914e-136		1.5800631e-138		4.8783908e-136
1.9000000e+02		1.9100000e+02		1.9050000e+02		1.9109940e+00		2.1356203e-87		4.9096842e-84		2.1400658e-87		1.0518202e-89		2.1295476e-87
1.9100000e+02		1.9200000e+02		1.9150000e+02		2.0707336e+00		1.9882763e-60		4.3290970e-58		1.9941370e-60		1.3866595e-62		1.9802704e-60
1.9200000e+02		1.9300000e+02		1.9250000e+02		2.1685186e+00		6.9188741e-42		2.9812059e-40		6.9477239e-42		6.8259383e-44		6.8794645e-42
1.9300000e+02		1.9400000e+02		1.9350000e+02		1.6554009e+00		3.5985367e-30		5.5129647e-29		3.6190802e-30		4.8606554e-32		3.5704737e-30
1.9400000e+02		1.9500000e+02		1.9450000e+02		2.6556632e+00		1.7477773e-23		1.5209791e-22		1.7602788e-23		2.9579081e-25		1.7306998e-23
1.9500000e+02		1.9600000e+02		1.9550000e+02		2.5630279e+00		1.9129736e-18		1.0721041e-17		1.9301600e-18		4.0663508e-20		1.8894965e-18
1.9600000e+02		1.9700000e+02		1.9650000e+02		2.8204934e+00		9.0631565e-16		4.0413664e-15		9.1568690e-16		2.2172625e-17		8.9351427e-16
1.9700000e+02		1.9800000e+02		1.9750000e+02		2.8068384e+00		8.3194333e-14		3.1300553e-13		8.4166124e-14		2.2992823e-15		8.1866842e-14
1.9800000e+02		1.9900000e+02		1.9850000e+02		2.7505577e+00		4.7492683e-07		1.0126595e-06		4.8705088e-07		2.8685814e-08		4.5836507e-07
1.9900000e+02		2.0000000e+02		1.9950000e+02		2.8965557e+00		4.5468033e-01		7.0652868e-01		5.3018224e-01		1.7863945e-01		3.5154279e-01
2.0000000e+02		2.0100000e+02		2.0050000e+02		3.0623388e+00		9.3200722e-01		1.4570133e+00		1.1133172e+00		4.2898409e-01		6.8433314e-01
2.0100000e+02		2.0200000e+02		2.0150000e+02		3.2593670e+00		2.1314242e+00		3.3970488e+00		2.6512244e+00		1.2298604e+00		1.4213640e+00
2.0200000e+02		2.0300000e+02		2.0250000e+02		3.2217937e+00		2.2792154e+00		3.6316281e+00		2.8404399e+00		1.3278713e+00		1.5125686e+00
2.0300000e+02		2.0400000e+02		2.0350000e+02		3.4484145e+00		2.7356470e+00		4.3666016e+00		3.4261947e+00		1.6338534e+00		1.7923413e+00
2.0400000e+02		2.0500000e+02		2.0450000e+02		3.7117169e+00		3.0722535e+00		4.8965275e+00		3.8463754e+00		1.8315921e+00		2.0147833e+00
2.0500000e+02		2.0600000e+02		2.0550000e+02		3.7200399e+00		3.0913762e+00		4.9101477e+00		3.8571993e+00		1.8119569e+00		2.0452424e+00
2.0600000e+02		2.0700000e+02		2.0650000e+02		3.7247532e+00		3.1072880e+00		4.9188945e+00		3.8641646e+00		1.7907893e+00		2.0733754e+00
2.0700000e+02		2.0800000e+02		2.0750000e+02		4.0454145e+00		3.3875163e+00		5.3449161e+00		4.1989073e+00		1.9197718e+00		2.2791356e+00
2.0800000e+02		2.0900000e+02		2.0850000e+02		4.3759554e+00		3.6777819e+00		5.7841022e+00		4.5439585e+00		2.0493960e+00		2.4945625e+00
2.0900000e+02		2.1000000e+02		2.0950000e+02		5.6528678e+00		4.7679497e+00		7.4750365e+00		5.8723636e+00		2.6130715e+00		3.2592921e+00
2.1000000e+02		2.1100000e+02		2.1050000e+02		6.9678423e+00		5.8977274e+00		9.2173072e+00		7.2410248e+00		3.1782758e+00		4.0627490e+00
2.1100000e+02		2.1200000e+02		2.1150000e+02		7.9326445e+00		6.7371111e+00		1.0497281e+01		8.2464745e+00		3.5711922e+00		4.6752823e+00
2.1200000e+02		2.1300000e+02		2.1250000e+02		7.0734222e+00		6.0273147e+00		9.3633156e+00		7.3555215e+00		3.1425710e+00		4.2129505e+00
2.1300000e+02		2.1400000e+02		2.1350000e+02		7.2066449e+00		6.1607026e+00		9.5424983e+00		7.4961046e+00		3.1595950e+00		4.3365096e+00
2.1400000e+02		2.1500000e+02		2.1450000e+02		9.2279181e+00		7.9133961e+00		1.2222319e+01		9.6009774e+00		3.9928602e+00		5.6081172e+00
2.1500000e+02		2.1600000e+02		2.1550000e+02		7.9257408e+00		6.8176254e+00		1.0500243e+01		8.2479615e+00		3.3842114e+00		4.8637501e+00
2.1600000e+02		2.1700000e+02		2.1650000e+02		7.3353469e+00		6.3288606e+00		9.7200556e+00		7.6347927e+00		3.0898687e+00		4.5449240e+00
2.1700000e+02		2.1800000e+02		2.1750000e+02		7.5953881e+00		6.5722806e+00		1.0066956e+01		7.9069682e+00		3.1579046e+00		4.7490636e+00
2.1800000e+02		2.1900000e+02		2.1850000e+02		1.0217230e+01		8.8663196e+00		1.3544110e+01		1.0637513e+01		4.1906883e+00		6.4468246e+00
2.1900000e+02		2.2000000e+02		2.1950000e+02		1.0786519e+01		9.3862718e+00		1.4301382e+01		1.1231739e+01		4.3664216e+00		6.8653171e+00
2.2000000e+02		2.2100000e+02		2.2050000e+02		1.0851638e+01		9.4687329e+00		1.4389785e+01		1.1300531e+01		4.3340819e+00		6.9664496e+00
2.2100000e+02		2.2200000e+02		2.2150000e+02		8.6872371e+00		7.6002322e+00		1.1521158e+01		9.0472311e+00		3.4236360e+00		5.6235950e+00
2.2200000e+02		2.2300000e+02		2.2250000e+02		1.1691346e+01		1.0254808e+01		1.5507238e+01		1.2176677e+01		4.5471894e+00		7.6294872e+00
2.2300000e+02		2.2400000e+02		2.2350000e+02		1.5139682e+01		1.3313078e+01		2.0082934e+01		1.5768607e+01		5.8098442e+00		9.9587625e+00
2.2400000e+02		2.2500000e+02		2.2450000e+02		1.4154944e+01		1.2477736e+01		1.8778506e+01		1.4743462e+01		5.3607658e+00		9.3826961e+00
2.2500000e+02		2.2600000e+02		2.2550000e+02		1.2365614e+01		1.0926739e+01		1.6405799e+01		1.2879693e+01		4.6207400e+00		8.2589530e+00
2.2600000e+02		2.2700000e+02		2.2650000e+02		9.0577089e+00		8.0225322e+00		1.2017898e+01		9.4342281e+00		3.3401083e+00		6.0941198e+00
2.2700000e+02		2.2800000e+02		2.2750000e+02		8.8108381e+00		7.8217365e+00		1.1691033e+01		9.1769853e+00		3.2065529e+00		5.9704324e+00
2.2800000e+02		2.2900000e+02		2.2850000e+02		1.2275156e+01		1.0921651e+01		1.6288226e+01		1.2784617e+01		4.4078248e+00		8.3767924e+00
2.2900000e+02		2.3000000e+02		2.2950000e+02		1.1031259e+01		9.8364582e+00		1.4637901e+01		1.1488382e+01		3.9084945e+00		7.5798879e+00
2.3000000e+02		2.3100000e+02		2.3050000e+02		1.2510180e+01		1.1179228e+01		1.6600298e+01		1.3027481e+01		4.3730131e+00		8.6544682e+00
2.3100000e+02		2.3200000e+02		2.3150000e+02		1.1791833e+01		1.0559184e+01		1.5647493e+01		1.2278817e+01		4.0686963e+00		8.2101207e+00
2.3200000e+02		2.3300000e+02		2.3250000e+02		1.2664003e+01		1.1363290e+01		1.6804902e+01		1.3186006e+01		4.3125926e+00		8.8734134e+00
2.3300000e+02		2.3400000e+02		2.3350000e+02		1.1428554e+01		1.0275219e+01		1.5165243e+01		1.1898461e+01		3.8406330e+00		8.0578282e+00
2.3400000e+02		2.3500000e+02		2.3450000e+02		9.9864853e+00		8.9962553e+00		1.3251277e+01		1.0395905e+01		3.3116057e+00		7.0842988e+00
2.3500000e+02		2.3600000e+02		2.3550000e+02		1.3443360e+01		1.2133260e+01		1.7838125e+01		1.3993265e+01		4.4008180e+00		9.5924468e+00
2.3600000e+02		2.3700000e+02		2.3650000e+02		1.2448020e+01		1.1255879e+01		1.6516688e+01		1.2955539e+01		4.0214395e+00		8.9341000e+00
2.3700000e+02		2.3800000e+02		2.3750000e+02		1.3294723e+01		1.2043324e+01		1.7639627e+01		1.3835210e+01		4.2396490e+00		9.5955614e+00
2.3800000e+02		2.3900000e+02		2.3850000e+02		1.1021422e+01		1.0001715e+01		1.4622712e+01		1.1467992e+01		3.4692483e+00		7.9987437e+00
2.3900000e+02		2.4000000e+02		2.3950000e+02		1.2008577e+01		1.0916424e+01		1.5931813e+01		1.2493620e+01		3.7316860e+00		8.7619341e+00
2.4000000e+02		2.4100000e+02		2.4050000e+02		1.1032163e+01		1.0045953e+01		1.4635329e+01		1.1475900e+01		3.3832912e+00		8.0926086e+00
2.4100000e+02		2.4200000e+02		2.4150000e+02		1.2918879e+01		1.1783492e+01		1.7137403e+01		1.3436697e+01		3.9115249e+00		9.5251724e+00
2.4200000e+02		2.4300000e+02		2.4250000e+02		1.7782729e+01		1.6246223e+01		2.3587813e+01		1.8492570e+01		5.3149135e+00		1.3177657e+01
2.4300000e+02		2.4400000e+02		2.4350000e+02		1.6701989e+01		1.5283235e+01		2.2152296e+01		1.7365575e+01		4.9268702e+00		1.2438705e+01
2.4400000e+02		2.4500000e+02		2.4450000e+02		1.5641720e+01		1.4335303e+01		2.0744412e+01		1.6260482e+01		4.5550225e+00		1.1705460e+01
2.4500000e+02		2.4600000e+02		2.4550000e+02		1.2691134e+01		1.1648852e+01		1.6829860e+01		1.3190905e+01		3.6485370e+00		9.5423679e+00
2.4600000e+02		2.4700000e+02		2.4650000e+02		1.2350906e+01		1.1353387e+01		1.6377342e+01		1.2835119e+01		3.5058158e+00		9.3293029e+00
2.4700000e+02		2.4800000e+02		2.4750000e+02		1.3639226e+01		1.2555768e+01		1.8084428e+01		1.4171797e+01		3.8235658e+00		1.0348231e+01
2.4800000e+02		2.4900000e+02		2.4850000e+02		1.0938846e+01		1.0084508e+01		1.4502010e+01		1.1363358e+01		3.0257918e+00		8.3375659e+00
2.4900000e+02		2.5000000e+02		2.4950000e+02		1.3333262e+01		1.2308946e+01		1.7674912e+01		1.3848380e+01		3.6423398e+00		1.0206040e+01
2.5000000e+02		2.5100000e+02		2.5050000e+02		1.4401571e+01		1.3313197e+01		1.9089824e+01		1.4955743e+01		3.8863065e+00		1.1069437e+01
2.5100000e+02		2.5200000e+02		2.5150000e+02		1.2007424e+01		1.1114836e+01		1.5914476e+01		1.2466938e+01		3.1991082e+00		9.2678295e+00
2.5200000e+02		2.5300000e+02		2.5250000e+02		1.0794009e+01		1.0004550e+01		1.4305127e+01		1.1205305e+01		2.8410170e+00		8.3642882e+00
2.5300000e+02		2.5400000e+02		2.5350000e+02		1.3602371e+01		1.2623669e+01		1.8025024e+01		1.4117896e+01		3.5353789e+00		1.0582517e+01
2.5400000e+02		2.5500000e+02		2.5450000e+02		1.5384114e+01		1.4294920e+01		2.0384525e+01		1.5964664e+01		3.9506574e+00		1.2014007e+01
2.5500000e+02		2.5600000e+02		2.5550000e+02		2.0992062e+01		1.9529891e+01		2.7811650e+01		2.1779468e+01		5.3225559e+00		1.6456912e+01
2.5600000e+02		2.5700000e+02		2.5650000e+02		2.7040612e+01		2.5187215e+01		3.5821680e+01		2.8049849e+01		6.7730637e+00		2.1276785e+01
2.5700000e+02		2.5800000e+02		2.5750000e+02		3.3946512e+01		3.1656883e+01		4.4965477e+01		3.5206884e+01		8.3993918e+00		2.6807492e+01
2.5800000e+02		2.5900000e+02		2.5850000e+02		3.5732434e+01		3.3360352e+01		4.7327006e+01		3.7052967e+01		8.7368225e+00		2.8316145e+01
2.5900000e+02		2.6000000e+02		2.5950000e+02		3.0409976e+01		2.8423249e+01		4.0272839e+01		3.1527522e+01		7.3447896e+00		2.4182733e+01
2.6000000e+02		2.6100000e+02		2.6050000e+02		2.4915606e+01		2.3313193e+01		3.2994324e+01		2.5827623e+01		5.9492049e+00		1.9878418e+01
2.6100000e+02		2.6200000e+02		2.6150000e+02		2.5442742e+01		2.3832432e+01		3.3687314e+01		2.6367765e+01		5.9986606e+00		2.0369104e+01
2.6200000e+02		2.6300000e+02		2.6250000e+02		3.0366547e+01		2.8474530e+01		4.0202525e+01		3.1464872e+01		7.0752244e+00		2.4389648e+01
2.6300000e+02		2.6400000e+02		2.6350000e+02		4.5700096e+01		4.2897301e+01		6.0495654e+01		4.7343619e+01		1.0520100e+01		3.6823519e+01
2.6400000e+02		2.6500000e+02		2.6450000e+02		7.1249372e+01		6.6947812e+01		9.4304701e+01		7.3796379e+01		1.6203883e+01		5.7592496e+01
2.6500000e+02		2.6600000e+02		2.6550000e+02		7.4731454e+01		7.0289619e+01		9.8902415e+01		7.7388116e+01		1.6795223e+01		6.0592893e+01
2.6600000e+02		2.6700000e+02		2.6650000e+02		7.2446611e+01		6.8206693e+01		9.5869269e+01		7.5009105e+01		1.6094680e+01		5.8914425e+01
2.6700000e+02		2.6800000e+02		2.6750000e+02		7.2937204e+01		6.8733663e+01		9.6509444e+01		7.5504396e+01		1.6019726e+01		5.9484670e+01
2.6800000e+02		2.6900000e+02		2.6850000e+02		7.2239021e+01		6.8139824e+01		9.5573342e+01		7.4766085e+01		1.5677901e+01		5.9088184e+01
2.6900000e+02		2.7000000e+02		2.6950000e+02		6.7758000e+01		6.3971694e+01		8.9634481e+01		7.0114811e+01		1.4534770e+01		5.5580041e+01
2.7000000e+02		2.7100000e+02		2.7050000e+02		7.8281462e+01		7.3973193e+01		1.0354554e+02		8.0990582e+01		1.6603322e+01		6.4387261e+01
2.7100000e+02		2.7200000e+02		2.7150000e+02		6.5051220e+01		6.1526199e+01		8.6031861e+01		6.7286285e+01		1.3628510e+01		5.3657775e+01
2.7200000e+02		2.7300000e+02		2.7250000e+02		5.2331568e+01		4.9537750e+01		6.9205423e+01		5.4122651e+01		1.0847993e+01		4.3274659e+01
2.7300000e+02		2.7400000e+02		2.7350000e+02		5.5800645e+01		5.2866464e+01		7.3784220e+01		5.7699241e+01		1.1434472e+01		4.6264769e+01
2.7400000e+02		2.7500000e+02		2.7450000e+02		3.8398649e+01		3.6410076e+01		5.0767084e+01		3.9696807e+01		7.7764883e+00		3.1920319e+01
2.7500000e+02		2.7600000e+02		2.7550000e+02		5.1208696e+01		4.8596187e+01		6.7696767e+01		5.2931122e+01		1.0256564e+01		4.2674557e+01
2.7600000e+02		2.7700000e+02		2.7650000e+02		7.1318275e+01		6.7733664e+01		9.4271479e+01		7.3704388e+01		1.4126884e+01		5.9577504e+01
2.7700000e+02		2.7800000e+02		2.7750000e+02		6.8188493e+01		6.4811558e+01		9.0126141e+01		7.0458720e+01		1.3361329e+01		5.7097391e+01
2.7800000e+02		2.7900000e+02		2.7850000e+02		4.7024496e+01		4.4729994e+01		6.2146326e+01		4.8581310e+01		9.1123129e+00		3.9468997e+01
2.7900000e+02		2.8000000e+02		2.7950000e+02		2.6422560e+01		2.5152287e+01		3.4915015e+01		2.7291990e+01		5.0625906e+00		2.2229399e+01
2.8000000e+02		2.8100000e+02		2.8050000e+02		2.8982131e+01		2.7609258e+01		3.8292899e+01		2.9930315e+01		5.4916813e+00		2.4438634e+01
2.8100000e+02		2.8200000e+02		2.8150000e+02		6.0033324e+01		5.7231283e+01		7.9310287e+01		6.1985859e+01		1.1249448e+01		5.0736411e+01
2.8200000e+02		2.8300000e+02		2.8250000e+02		8.1733762e+01		7.7973941e+01		1.0796884e+02		8.4378892e+01		1.5154277e+01		6.9224615e+01
2.8300000e+02		2.8400000e+02		2.8350000e+02		8.4433091e+01		8.0605227e+01		1.1152388e+02		8.7151616e+01		1.5488924e+01		7.1662692e+01
2.8400000e+02		2.8500000e+02		2.8450000e+02		6.2255376e+01		5.9474257e+01		8.2218855e+01		6.4246317e+01		1.1290816e+01		5.2955501e+01
2.8500000e+02		2.8600000e+02		2.8550000e+02		4.0018063e+01		3.8256113e+01		5.2845551e+01		4.1291223e+01		7.1811453e+00		3.4110077e+01
2.8600000e+02		2.8700000e+02		2.8650000e+02		8.2001717e+01		7.8442343e+01		1.0827766e+02		8.4598436e+01		1.4565472e+01		7.0032964e+01
2.8700000e+02		2.8800000e+02		2.8750000e+02		9.5189148e+01		9.1116673e+01		1.2567450e+02		9.8184205e+01		1.6721961e+01		8.1462245e+01
2.8800000e+02		2.8900000e+02		2.8850000e+02		9.0460934e+01		8.6645364e+01		1.1942219e+02		9.3294085e+01		1.5731043e+01		7.7563042e+01
2.8900000e+02		2.9000000e+02		2.8950000e+02		1.3728321e+02		1.3157484e+02		1.8121467e+02		1.4155828e+02		2.3621068e+01		1.1793721e+02
2.9000000e+02		2.9100000e+02		2.9050000e+02		1.8023325e+02		1.7284468e+02		2.3788593e+02		1.8581666e+02		3.0692044e+01		1.5512462e+02
2.9100000e+02		2.9200000e+02		2.9150000e+02		1.7359450e+02		1.6657762e+02		2.2910330e+02		1.7894608e+02		2.9264101e+01		1.4968198e+02
2.9200000e+02		2.9300000e+02		2.9250000e+02		1.5421676e+02		1.4807042e+02		2.0350749e+02		1.5894437e+02		2.5728057e+01		1.3321632e+02
2.9300000e+02		2.9400000e+02		2.9350000e+02		1.6099986e+02		1.5467481e+02		2.1242956e+02		1.6590186e+02		2.6563489e+01		1.3933837e+02
2.9400000e+02		2.9500000e+02		2.9450000e+02		1.4991794e+02		1.4411053e+02		1.9778514e+02		1.5445566e+02		2.4476838e+01		1.2997882e+02
2.9500000e+02		2.9600000e+02		2.9550000e+02		1.6232431e+02		1.5612217e+02		2.1413997e+02		1.6721913e+02		2.6255687e+01		1.4096344e+02
2.9600000e+02		2.9700000e+02		2.9650000e+02		1.4851381e+02		1.4291916e+02		1.9589877e+02		1.5296562e+02		2.3770186e+01		1.2919543e+02
2.9700000e+02		2.9800000e+02		2.9750000e+02		1.5140866e+02		1.4578285e+02		1.9969870e+02		1.5592423e+02		2.3994760e+01		1.3192947e+02
2.9800000e+02		2.9900000e+02		2.9850000e+02		1.3012850e+02		1.2535965e+02		1.7161343e+02		1.3398777e+02		2.0414348e+01		1.1357342e+02
2.9900000e+02		3.0000000e+02		2.9950000e+02		1.4682541e+02		1.4151760e+02		1.9361756e+02		1.5115972e+02		2.2813504e+01		1.2834622e+02
3.0000000e+02		3.0100000e+02		3.0050000e+02		1.1681452e+02		1.1264933e+02		1.5402845e+02		1.2024555e+02		1.7972848e+01		1.0227271e+02
3.0100000e+02		3.0200000e+02		3.0150000e+02		1.3434477e+02		1.2961899e+02		1.7713065e+02		1.3827393e+02		2.0477813e+01		1.1779612e+02
3.0200000e+02		3.0300000e+02		3.0250000e+02		1.4142283e+02		1.3651590e+02		1.8644047e+02		1.4553318e+02		2.1335107e+01		1.2419807e+02
3.0300000e+02		3.0400000e+02		3.0350000e+02		1.8342160e+02		1.7714434e+02		2.4177928e+02		1.8871928e+02		2.7386602e+01		1.6133268e+02
3.0400000e+02		3.0500000e+02		3.0450000e+02		1.7556728e+02		1.6963791e+02		2.3141530e+02		1.8062187e+02		2.5988317e+01		1.5463355e+02
3.0500000e+02		3.0600000e+02		3.0550000e+02		1.7728071e+02		1.7137386e+02		2.3365158e+02		1.8235792e+02		2.5988551e+01		1.5636937e+02
3.0600000e+02		3.0700000e+02		3.0650000e+02		1.6814926e+02		1.6262140e+02		2.2159434e+02		1.7293869e+02		2.4410982e+01		1.4852771e+02
3.0700000e+02		3.0800000e+02		3.0750000e+02		1.8878816e+02		1.8266440e+02		2.4877375e+02		1.9414098e+02		2.7153865e+01		1.6698711e+02
3.0800000e+02		3.0900000e+02		3.0850000e+02		1.8529086e+02		1.7935906e+02		2.4415030e+02		1.9052447e+02		2.6417646e+01		1.6410683e+02
3.0900000e+02		3.1000000e+02		3.0950000e+02		1.5026991e+02		1.4552404e+02		1.9797961e+02		1.5448633e+02		2.1205013e+01		1.3328132e+02
3.1000000e+02		3.1100000e+02		3.1050000e+02		1.8913229e+02		1.8323546e+02		2.4917342e+02		1.9442626e+02		2.6477726e+01		1.6794853e+02
3.1100000e+02		3.1200000e+02		3.1150000e+02		2.2495083e+02		2.1803054e+02		2.9632742e+02		2.3120763e+02		3.1177328e+01		2.0003030e+02
3.1200000e+02		3.1300000e+02		3.1250000e+02		2.0030306e+02		1.9422140e+02		2.6383806e+02		2.0584862e+02		2.7510316e+01		1.7833831e+02
3.1300000e+02		3.1400000e+02		3.1350000e+02		2.1331645e+02		2.0692388e+02		2.8095698e+02		2.1919505e+02		2.9033900e+01		1.9016115e+02
3.1400000e+02		3.1500000e+02		3.1450000e+02		2.0119548e+02		1.9524393e+02		2.6497327e+02		2.0671600e+02		2.7143193e+01		1.7957280e+02
3.1500000e+02		3.1600000e+02		3.1550000e+02		1.9522773e+02		1.8952845e+02		2.5708501e+02		2.0055206e+02		2.6082152e+01		1.7446991e+02
3.1600000e+02		3.1700000e+02		3.1650000e+02		1.9043254e+02		1.8494273e+02		2.5076549e+02		1.9561561e+02		2.5252296e+01		1.7036331e+02
3.1700000e+02		3.1800000e+02		3.1750000e+02		2.4155434e+02		2.3468181e+02		3.1804744e+02		2.4808825e+02		3.1719980e+01		2.1636827e+02
3.1800000e+02		3.1900000e+02		3.1850000e+02		1.9952276e+02		1.9391846e+02		2.6268774e+02		2.0489726e+02		2.5976132e+01		1.7892113e+02
3.1900000e+02		3.2000000e+02		3.1950000e+02		2.1430874e+02		2.0836539e+02		2.8213528e+02		2.2005745e+02		2.7663701e+01		1.9239374e+02
3.2000000e+02		3.2100000e+02		3.2050000e+02		2.4621307e+02		2.3947224e+02		3.2410881e+02		2.5278458e+02		3.1497329e+01		2.2128725e+02
3.2100000e+02		3.2200000e+02		3.2150000e+02		2.0677326e+02		2.0118356e+02		2.7217170e+02		2.1226830e+02		2.6226756e+01		1.8604154e+02
3.2200000e+02		3.2300000e+02		3.2250000e+02		2.0765168e+02		2.0210808e+02		2.7331498e+02		2.1315227e+02		2.6130853e+01		1.8702142e+02
3.2300000e+02		3.2400000e+02		3.2350000e+02		2.0066974e+02		1.9538037e+02		2.6410262e+02		2.0595906e+02		2.5029459e+01		1.8092960e+02
3.2400000e+02		3.2500000e+02		3.2450000e+02		2.3629853e+02		2.3014843e+02		3.1096713e+02		2.4249598e+02		2.9214617e+01		2.1328137e+02
3.2500000e+02		3.2600000e+02		3.2550000e+02		2.7209498e+02		2.6510294e+02		3.5803903e+02		2.7919096e+02		3.3332614e+01		2.4585835e+02
3.2600000e+02		3.2700000e+02		3.2650000e+02		3.0699214e+02		2.9919942e+02		4.0394632e+02		3.1497847e+02		3.7333629e+01		2.7764484e+02
3.2700000e+02		3.2800000e+02		3.2750000e+02		2.9701525e+02		2.8956935e+02		3.9079144e+02		3.0470933e+02		3.5821576e+01		2.6888775e+02
3.2800000e+02		3.2900000e+02		3.2850000e+02		2.8673370e+02		2.7963463e+02		3.7723579e+02		2.9412838e+02		3.4292589e+01		2.5983579e+02
3.2900000e+02		3.3000000e+02		3.2950000e+02		3.3379807e+02		3.2563537e+02		4.3912569e+02		3.4237095e+02		3.9596816e+01		3.0277414e+02
3.3000000e+02		3.3100000e+02		3.3050000e+02		3.1443449e+02		3.0683909e+02		4.1362941e+02		3.2248129e+02		3.7009832e+01		2.8547146e+02
3.3100000e+02		3.3200000e+02		3.3150000e+02		3.0087994e+02		2.9370237e+02		3.9576060e+02		3.0853738e+02		3.5099995e+01		2.7343738e+02
3.3200000e+02		3.3300000e+02		3.3250000e+02		2.9519831e+02		2.8824081e+02		3.8827033e+02		3.0268832e+02		3.4183165e+01		2.6850515e+02
3.3300000e+02		3.3400000e+02		3.3350000e+02		2.8364288e+02		2.7703627e+02		3.7306790e+02		2.9082931e+02		3.2634686e+01		2.5819462e+02
3.3400000e+02		3.3500000e+02		3.3450000e+02		2.9883003e+02		2.9195847e+02		3.9298285e+02		3.0633892e+02		3.4024519e+01		2.7231440e+02
3.3500000e+02		3.3600000e+02		3.3550000e+02		2.9511053e+02		2.8840498e+02		3.8807685e+02		3.0250558e+02		3.3362392e+01		2.6914319e+02
3.3600000e+02		3.3700000e+02		3.3650000e+02		2.4313126e+02		2.3767312e+02		3.1969841e+02		2.4919573e+02		2.7262776e+01		2.2193295e+02
3.3700000e+02		3.3800000e+02		3.3750000e+02		2.5649874e+02		2.5080943e+02		3.3726131e+02		2.6287751e+02		2.8553372e+01		2.3432414e+02
3.3800000e+02		3.3900000e+02		3.3850000e+02		2.7748673e+02		2.7140562e+02		3.6483344e+02		2.8435892e+02		3.0647845e+01		2.5371108e+02
3.3900000e+02		3.4000000e+02		3.3950000e+02		2.9040264e+02		2.8411497e+02		3.8178654e+02		2.9756214e+02		3.1816333e+01		2.6574581e+02
3.4000000e+02		3.4100000e+02		3.4050000e+02		3.0654056e+02		2.9997955e+02		4.0299986e+02		3.1408843e+02		3.3381957e+01		2.8070647e+02
3.4100000e+02		3.4200000e+02		3.4150000e+02		2.7979685e+02		2.7388052e+02		3.6780697e+02		2.8664926e+02		3.0211168e+01		2.5643810e+02
3.4200000e+02		3.4300000e+02		3.4250000e+02		3.0344565e+02		2.9710482e+02		3.9887193e+02		3.1085003e+02		3.2521515e+01		2.7832851e+02
3.4300000e+02		3.4400000e+02		3.4350000e+02		2.9822260e+02		2.9206318e+02		3.9199166e+02		3.0547969e+02		3.1743811e+01		2.7373588e+02
3.4400000e+02		3.4500000e+02		3.4450000e+02		2.3986676e+02		2.3497315e+02		3.1524836e+02		2.4566326e+02		2.5293078e+01		2.2037018e+02
3.4500000e+02		3.4600000e+02		3.4550000e+02		2.8907088e+02		2.8324070e+02		3.7990661e+02		2.9604219e+02		3.0288640e+01		2.6575355e+02
3.4600000e+02		3.4700000e+02		3.4650000e+02		2.8069735e+02		2.7510123e+02		3.6888628e+02		2.8744674e+02		2.9209800e+01		2.5823694e+02
3.4700000e+02		3.4800000e+02		3.4750000e+02		2.7782009e+02		2.7234569e+02		3.6508410e+02		2.8447551e+02		2.8699449e+01		2.5577606e+02
3.4800000e+02		3.4900000e+02		3.4850000e+02		2.8744416e+02		2.8184585e+02		3.7770805e+02		2.9430332e+02		2.9474685e+01		2.6482863e+02
3.4900000e+02		3.5000000e+02		3.4950000e+02		2.7550877e+02		2.7020486e+02		3.6200392e+02		2.8205871e+02		2.8046500e+01		2.5401221e+02
3.5000000e+02		3.5100000e+02		3.5050000e+02		3.3002358e+02		3.2374403e+02		4.3360339e+02		3.3783561e+02		3.3341050e+01		3.0449456e+02
3.5100000e+02		3.5200000e+02		3.5150000e+02		3.0660572e+02		3.0083792e+02		4.0282018e+02		3.1384333e+02		3.0771139e+01		2.8307219e+02
3.5200000e+02		3.5300000e+02		3.5250000e+02		2.8324198e+02		2.7797581e+02		3.7209346e+02		2.8989412e+02		2.8199028e+01		2.6169509e+02
3.5300000e+02		3.5400000e+02		3.5350000e+02		3.2405327e+02		3.1809434e+02		4.2570428e+02		3.3165532e+02		3.2085637e+01		2.9956969e+02
3.5400000e+02		3.5500000e+02		3.5450000e+02		3.4586270e+02		3.3957686e+02		4.5431688e+02		3.5393512e+02		3.3971994e+01		3.1996312e+02
3.5500000e+02		3.5600000e+02		3.5550000e+02		3.2478382e+02		3.1894391e+02		4.2663309e+02		3.3236292e+02		3.1749722e+01		3.0061320e+02
3.5600000e+02		3.5700000e+02		3.5650000e+02		2.8234357e+02		2.7732474e+02		3.7085983e+02		2.8890515e+02		2.7399535e+01		2.6150561e+02
3.5700000e+02		3.5800000e+02		3.5750000e+02		2.4674321e+02		2.4240761e+02		3.2407277e+02		2.5244951e+02		2.3759401e+01		2.2869011e+02
3.5800000e+02		3.5900000e+02		3.5850000e+02		2.1181106e+02		2.0813035e+02		2.7818327e+02		2.1669704e+02		2.0268998e+01		1.9642804e+02
3.5900000e+02		3.6000000e+02		3.5950000e+02		3.0582840e+02		3.0057272e+02		4.0165071e+02		3.1286793e+02		2.9090788e+01		2.8377714e+02
3.6000000e+02		3.6100000e+02		3.6050000e+02		3.0178862e+02		2.9666046e+02		3.9632182e+02		3.0870868e+02		2.8506408e+01		2.8020227e+02
3.6100000e+02		3.6200000e+02		3.6150000e+02		2.8033735e+02		2.7562604e+02		3.6813811e+02		2.8674894e+02		2.6317055e+01		2.6043188e+02
3.6200000e+02		3.6300000e+02		3.6250000e+02		3.1645921e+02		3.1119934e+02		4.1555573e+02		3.2367570e+02		2.9519386e+01		2.9415632e+02
3.6300000e+02		3.6400000e+02		3.6350000e+02		3.0810145e+02		3.0303747e+02		4.0455751e+02		3.1510102e+02		2.8542666e+01		2.8655835e+02
3.6400000e+02		3.6500000e+02		3.6450000e+02		3.2221950e+02		3.1697958e+02		4.2309486e+02		3.2953402e+02		2.9704124e+01		2.9982990e+02
3.6500000e+02		3.6600000e+02		3.6550000e+02		3.6674574e+02		3.6084818e+02		4.8152556e+02		3.7503316e+02		3.3562021e+01		3.4147114e+02
3.6600000e+02		3.6700000e+02		3.6650000e+02		3.9198946e+02		3.8575279e+02		5.1466419e+02		4.0083601e+02		3.5687288e+01		3.6514873e+02
3.6700000e+02		3.6800000e+02		3.6750000e+02		3.7850004e+02		3.7254472e+02		4.9692130e+02		3.8700711e+02		3.4218371e+01		3.5278874e+02
3.6800000e+02		3.6900000e+02		3.6850000e+02		3.4895620e+02		3.4352489e+02		4.5811561e+02		3.5677704e+02		3.1354932e+01		3.2542211e+02
3.6900000e+02		3.7000000e+02		3.6950000e+02		3.8736224e+02		3.8139972e+02		5.0849927e+02		3.9600472e+02		3.4555796e+01		3.6144893e+02
3.7000000e+02		3.7100000e+02		3.7050000e+02		3.6351013e+02		3.5797467e+02		4.7717757e+02		3.7160529e+02		3.2250403e+01		3.3935489e+02
3.7100000e+02		3.7200000e+02		3.7150000e+02		3.7529261e+02		3.6963834e+02		4.9262452e+02		3.8362659e+02		3.3096544e+01		3.5053005e+02
3.7200000e+02		3.7300000e+02		3.7250000e+02		3.1177186e+02		3.0712551e+02		4.0922302e+02		3.1867101e+02		2.7316937e+01		2.9135407e+02
3.7300000e+02		3.7400000e+02		3.7350000e+02		2.7192112e+02		2.6791218e+02		3.5689848e+02		2.7791845e+02		2.3675089e+01		2.5424336e+02
3.7400000e+02		3.7500000e+02		3.7450000e+02		2.7832167e+02		2.7426091e+02		3.6529428e+02		2.8445167e+02		2.4111596e+01		2.6034007e+02
3.7500000e+02		3.7600000e+02		3.7550000e+02		3.1876744e+02		3.1416590e+02		4.1836271e+02		3.2576894e+02		2.7453081e+01		2.9831586e+02
3.7600000e+02		3.7700000e+02		3.7650000e+02		3.3048657e+02		3.2576489e+02		4.3373892e+02		3.3773682e+02		2.8325891e+01		3.0941093e+02
3.7700000e+02		3.7800000e+02		3.7750000e+02		3.8770864e+02		3.8222297e+02		5.0886028e+02		3.9622872e+02		3.3137960e+01		3.6309076e+02
3.7800000e+02		3.7900000e+02		3.7850000e+02		4.0380398e+02		3.9815532e+02		5.2992104e+02		4.1261382e+02		3.4209171e+01		3.7840465e+02
3.7900000e+02		3.8000000e+02		3.7950000e+02		3.2744385e+02		3.2291373e+02		4.2967236e+02		3.3454726e+02		2.7525232e+01		3.0702203e+02
3.8000000e+02		3.8100000e+02		3.8050000e+02		3.5656330e+02		3.5167925e+02		4.6788805e+02		3.6429837e+02		2.9857168e+01		3.3444120e+02
3.8100000e+02		3.8200000e+02		3.8150000e+02		3.2019140e+02		3.1585231e+02		4.2013435e+02		3.2710961e+02		2.6635070e+01		3.0047454e+02
3.8200000e+02		3.8300000e+02		3.8250000e+02		2.2964197e+02		2.2656142e+02		3.0131785e+02		2.3459763e+02		1.9013879e+01		2.1558375e+02
3.8300000e+02		3.8400000e+02		3.8350000e+02		2.0267593e+02		1.9998599e+02		2.6591847e+02		2.0703185e+02		1.6670693e+01		1.9036116e+02
3.8400000e+02		3.8500000e+02		3.8450000e+02		2.7111947e+02		2.6755869e+02		3.5570120e+02		2.7692677e+02		2.2165118e+01		2.5476165e+02
3.8500000e+02		3.8600000e+02		3.8550000e+02		2.8715912e+02		2.8342531e+02		3.7674281e+02		2.9330461e+02		2.3374682e+01		2.6992993e+02
3.8600000e+02		3.8700000e+02		3.8650000e+02		2.8837692e+02		2.8466442e+02		3.7833913e+02		2.9454366e+02		2.3374541e+01		2.7116912e+02
3.8700000e+02		3.8800000e+02		3.8750000e+02		2.8805300e+02		2.8438367e+02		3.7789150e+02		2.9418864e+02		2.3198789e+01		2.7098985e+02
3.8800000e+02		3.8900000e+02		3.8850000e+02		2.9209390e+02		2.8841376e+02		3.8315173e+02		2.9827477e+02		2.3331401e+01		2.7494337e+02
3.8900000e+02		3.9000000e+02		3.8950000e+02		3.5069332e+02		3.4631608e+02		4.6003755e+02		3.5812696e+02		2.7944838e+01		3.3018212e+02
3.9000000e+02		3.9100000e+02		3.9050000e+02		3.6838836e+02		3.6383781e+02		4.8322215e+02		3.7616757e+02		2.9172522e+01		3.4699505e+02
3.9100000e+02		3.9200000e+02		3.9150000e+02		3.9613874e+02		3.9129574e+02		5.1959561e+02		4.0447454e+02		3.1181364e+01		3.7329317e+02
3.9200000e+02		3.9300000e+02		3.9250000e+02		3.0403432e+02		3.0035220e+02		3.9879802e+02		3.1043877e+02		2.3865084e+01		2.8657369e+02
3.9300000e+02		3.9400000e+02		3.9350000e+02		1.8639471e+02		1.8416002e+02		2.4448287e+02		1.9031102e+02		1.4553423e+01		1.7575760e+02
3.9400000e+02		3.9500000e+02		3.9450000e+02		3.0813115e+02		3.0447206e+02		4.0416124e+02		3.1460540e+02		2.3975751e+01		2.9062965e+02
3.9500000e+02		3.9600000e+02		3.9550000e+02		3.7840801e+02		3.7396123e+02		4.9630293e+02		3.8632083e+02		2.9243128e+01		3.5707770e+02
3.9600000e+02		3.9700000e+02		3.9650000e+02		2.6140326e+02		2.5834853e+02		3.4281556e+02		2.6684207e+02		2.0095931e+01		2.4674614e+02
3.9700000e+02		3.9800000e+02		3.9750000e+02		2.9300657e+02		2.8961150e+02		3.8425564e+02		2.9909501e+02		2.2438231e+01		2.7665678e+02
3.9800000e+02		3.9900000e+02		3.9850000e+02		4.5124719e+02		4.4604222e+02		5.9170044e+02		4.6055466e+02		3.4336790e+01		4.2621787e+02
3.9900000e+02		4.0000000e+02		3.9950000e+02		4.9846141e+02		4.9273592e+02		6.5355279e+02		5.0868998e+02		3.7747698e+01		4.7094228e+02
4.0000000e+02		4.0100000e+02		4.0050000e+02		5.1407199e+02		5.0829887e+02		6.7411158e+02		5.2468673e+02		3.8774096e+01		4.8591263e+02
4.0100000e+02		4.0200000e+02		4.0150000e+02		5.3860814e+02		5.3265044e+02		7.0621650e+02		5.4965664e+02		4.0237103e+01		5.0941953e+02
4.0200000e+02		4.0300000e+02		4.0250000e+02		5.4526519e+02		5.3928239e+02		7.1503669e+02		5.5652805e+02		4.0803674e+01		5.1572438e+02
4.0300000e+02		4.0400000e+02		4.0350000e+02		5.2165796e+02		5.1598608e+02		6.8408904e+02		5.3243709e+02		3.8923495e+01		4.9351359e+02
4.0400000e+02		4.0500000e+02		4.0450000e+02		5.1300620e+02		5.0749515e+02		6.7259328e+02		5.2346474e+02		3.7784451e+01		4.8568029e+02
4.0500000e+02		4.0600000e+02		4.0550000e+02		5.1256585e+02		5.0710105e+02		6.7211857e+02		5.2310392e+02		3.7863208e+01		4.8524071e+02
4.0600000e+02		4.0700000e+02		4.0650000e+02		4.9035274e+02		4.8517985e+02		6.4292443e+02		5.0036881e+02		3.5937485e+01		4.6443133e+02
4.0700000e+02		4.0800000e+02		4.0750000e+02		4.9838294e+02		4.9317586e+02		6.5343375e+02		5.0854059e+02		3.6353354e+01		4.7218724e+02
4.0800000e+02		4.0900000e+02		4.0850000e+02		5.2990289e+02		5.2441872e+02		6.9474760e+02		5.4068687e+02		3.8490869e+01		5.0219600e+02
4.0900000e+02		4.1000000e+02		4.0950000e+02		5.2713439e+02		5.2173556e+02		6.9105351e+02		5.3779845e+02		3.8005217e+01		4.9979324e+02
4.1000000e+02		4.1100000e+02		4.1050000e+02		4.8293937e+02		4.7803633e+02		6.3313383e+02		4.9272173e+02		3.4746028e+01		4.5797570e+02
4.1100000e+02		4.1200000e+02		4.1150000e+02		5.5986852e+02		5.5423640e+02		7.3398901e+02		5.7120500e+02		4.0148160e+01		5.3105684e+02
4.1200000e+02		4.1300000e+02		4.1250000e+02		5.4940473e+02		5.4393213e+02		7.2023438e+02		5.6049104e+02		3.9178783e+01		5.2131225e+02
4.1300000e+02		4.1400000e+02		4.1350000e+02		5.2995399e+02		5.2472336e+02		6.9473279e+02		5.4064047e+02		3.7660279e+01		5.0298019e+02
4.1400000e+02		4.1500000e+02		4.1450000e+02		5.3771640e+02		5.3246000e+02		7.0487995e+02		5.4852846e+02		3.8018374e+01		5.1051008e+02
4.1500000e+02		4.1600000e+02		4.1550000e+02		5.3722776e+02		5.3202134e+02		7.0426244e+02		5.4804636e+02		3.7915611e+01		5.1013075e+02
4.1600000e+02		4.1700000e+02		4.1650000e+02		5.5745703e+02		5.5210485e+02		7.3075917e+02		5.6865807e+02		3.9165347e+01		5.2949272e+02
4.1700000e+02		4.1800000e+02		4.1750000e+02		5.0725322e+02		5.0242906e+02		6.6491200e+02		5.1740858e+02		3.5441931e+01		4.8196665e+02
4.1800000e+02		4.1900000e+02		4.1850000e+02		5.2601513e+02		5.2105192e+02		6.8941249e+02		5.3645916e+02		3.6453909e+01		5.0000525e+02
4.1900000e+02		4.2000000e+02		4.1950000e+02		5.3123875e+02		5.2628187e+02		6.9630715e+02		5.4182406e+02		3.6773229e+01		5.0505084e+02
4.2000000e+02		4.2100000e+02		4.2050000e+02		5.3797708e+02		5.3300283e+02		7.0513812e+02		5.4869117e+02		3.7119016e+01		5.1157216e+02
4.2100000e+02		4.2200000e+02		4.2150000e+02		5.2958361e+02		5.2473296e+02		6.9410875e+02		5.4010091e+02		3.6360958e+01		5.0373995e+02
4.2200000e+02		4.2300000e+02		4.2250000e+02		5.0190537e+02		4.9735024e+02		6.5782284e+02		5.1186081e+02		3.4332385e+01		4.7752843e+02
4.2300000e+02		4.2400000e+02		4.2350000e+02		5.3474862e+02		5.2994274e+02		7.0081758e+02		5.4530462e+02		3.6346603e+01		5.0895802e+02
4.2400000e+02		4.2500000e+02		4.2450000e+02		5.5328403e+02		5.4835212e+02		7.2514292e+02		5.6423231e+02		3.7572942e+01		5.2665937e+02
4.2500000e+02		4.2600000e+02		4.2550000e+02		5.3248014e+02		5.2777648e+02		6.9786201e+02		5.4299904e+02		3.6016968e+01		5.0698207e+02
4.2600000e+02		4.2700000e+02		4.2650000e+02		5.3029841e+02		5.2565656e+02		6.9498610e+02		5.4075510e+02		3.5723518e+01		5.0503158e+02
4.2700000e+02		4.2800000e+02		4.2750000e+02		4.9171747e+02		4.8745384e+02		6.4439371e+02		5.0138245e+02		3.2955435e+01		4.6842701e+02
4.2800000e+02		4.2900000e+02		4.2850000e+02		4.9494538e+02		4.9068947e+02		6.4863823e+02		5.0468327e+02		3.3109684e+01		4.7157358e+02
4.2900000e+02		4.3000000e+02		4.2950000e+02		4.6063718e+02		4.5671349e+02		6.0364521e+02		4.6966819e+02		3.0651161e+01		4.3901703e+02
4.3000000e+02		4.3100000e+02		4.3050000e+02		3.7055843e+02		3.6742975e+02		4.8559675e+02		3.7781695e+02		2.4576376e+01		3.5324057e+02
4.3100000e+02		4.3200000e+02		4.3150000e+02		4.5818753e+02		4.5435449e+02		6.0040910e+02		4.6714022e+02		3.0251372e+01		4.3688885e+02
4.3200000e+02		4.3300000e+02		4.3250000e+02		5.1625369e+02		5.1197314e+02		6.7648451e+02		5.2632411e+02		3.3954756e+01		4.9236936e+02
4.3300000e+02		4.3400000e+02		4.3350000e+02		5.6047485e+02		5.5587622e+02		7.3432819e+02		5.7131068e+02		3.6518338e+01		5.3479234e+02
4.3400000e+02		4.3500000e+02		4.3450000e+02		4.7595241e+02		4.7207434e+02		6.2366424e+02		4.8522039e+02		3.1103889e+01		4.5411650e+02
4.3500000e+02		4.3600000e+02		4.3550000e+02		5.3162725e+02		5.2733604e+02		6.9657953e+02		5.4194087e+02		3.4555394e+01		5.0738548e+02
4.3600000e+02		4.3700000e+02		4.3650000e+02		5.9481241e+02		5.9004874e+02		7.7940191e+02		6.0637722e+02		3.8633615e+01		5.6774361e+02
4.3700000e+02		4.3800000e+02		4.3750000e+02		5.2629983e+02		5.2212203e+02		6.8961190e+02		5.3651468e+02		3.4053378e+01		5.0246130e+02
4.3800000e+02		4.3900000e+02		4.3850000e+02		5.1257868e+02		5.0854697e+02		6.7160448e+02		5.2249776e+02		3.3007918e+01		4.8948984e+02
4.3900000e+02		4.4000000e+02		4.3950000e+02		5.7051902e+02		5.6606781e+02		7.4752834e+02		5.8156274e+02		3.6661416e+01		5.4490133e+02
4.4000000e+02		4.4100000e+02		4.4050000e+02		5.4089681e+02		5.3670739e+02		7.0869796e+02		5.5134851e+02		3.4641263e+01		5.1670725e+02
4.4100000e+02		4.4200000e+02		4.4150000e+02		5.9491633e+02		5.9024835e+02		7.7928408e+02		6.0624957e+02		3.7859303e+01		5.6839027e+02
4.4200000e+02		4.4300000e+02		4.4250000e+02		6.2544254e+02		6.2050051e+02		8.1918556e+02		6.3728744e+02		3.9718321e+01		5.9756912e+02
4.4300000e+02		4.4400000e+02		4.4350000e+02		6.0497206e+02		6.0023646e+02		7.9241096e+02		6.1645785e+02		3.8380233e+01		5.7807762e+02
4.4400000e+02		4.4500000e+02		4.4450000e+02		6.2324411e+02		6.1828260e+02		8.1609566e+02		6.3486668e+02		3.9238351e+01		5.9562833e+02
4.4500000e+02		4.4600000e+02		4.4550000e+02		5.7783999e+02		5.7330804e+02		7.5662796e+02		5.8859510e+02		3.6169581e+01		5.5242552e+02
4.4600000e+02		4.4700000e+02		4.4650000e+02		5.8940025e+02		5.8496927e+02		7.7203419e+02		6.0058697e+02		3.6951872e+01		5.6363510e+02
4.4700000e+02		4.4800000e+02		4.4750000e+02		6.3881895e+02		6.3409977e+02		8.3678088e+02		6.5094693e+02		3.9860814e+01		6.1108611e+02
4.4800000e+02		4.4900000e+02		4.4850000e+02		6.2805979e+02		6.2350143e+02		8.2277063e+02		6.4004826e+02		3.9150214e+01		6.0089805e+02
4.4900000e+02		4.5000000e+02		4.4950000e+02		6.3454704e+02		6.2999995e+02		8.3128491e+02		6.4666694e+02		3.9434542e+01		6.0723240e+02
4.5000000e+02		4.5100000e+02		4.5050000e+02		6.7325368e+02		6.6847256e+02		8.8198645e+02		6.8610313e+02		4.1714390e+01		6.4438874e+02
4.5100000e+02		4.5200000e+02		4.5150000e+02		6.7122600e+02		6.6649999e+02		8.7930937e+02		6.8401399e+02		4.1438567e+01		6.4257542e+02
4.5200000e+02		4.5300000e+02		4.5250000e+02		6.3541039e+02		6.3097521e+02		8.3236552e+02		6.4748943e+02		3.9073063e+01		6.0841636e+02
4.5300000e+02		4.5400000e+02		4.5350000e+02		6.0888666e+02		6.0467053e+02		7.9762286e+02		6.2046039e+02		3.7359201e+01		5.8310119e+02
4.5400000e+02		4.5500000e+02		4.5450000e+02		6.4999363e+02		6.4553505e+02		8.5139639e+02		6.6227660e+02		3.9610928e+01		6.2266567e+02
4.5500000e+02		4.5600000e+02		4.5550000e+02		6.4380306e+02		6.3942083e+02		8.4331440e+02		6.5598976e+02		3.9202525e+01		6.1678724e+02
4.5600000e+02		4.5700000e+02		4.5650000e+02		6.6853861e+02		6.6402171e+02		8.7573973e+02		6.8121219e+02		4.0673130e+01		6.4053906e+02
4.5700000e+02		4.5800000e+02		4.5750000e+02		6.7499745e+02		6.7047891e+02		8.8413413e+02		6.8772955e+02		4.0815444e+01		6.4691411e+02
4.5800000e+02		4.5900000e+02		4.5850000e+02		6.3439039e+02		6.3017951e+02		8.3093123e+02		6.4633992e+02		3.8235958e+01		6.0810397e+02
4.5900000e+02		4.6000000e+02		4.5950000e+02		6.5539586e+02		6.5107895e+02		8.5845724e+02		6.6774930e+02		3.9442489e+01		6.2830682e+02
4.6000000e+02		4.6100000e+02		4.6050000e+02		6.4752339e+02		6.4329449e+02		8.4811670e+02		6.5969874e+02		3.8812889e+01		6.2088585e+02
4.6100000e+02		4.6200000e+02		4.6150000e+02		6.6245412e+02		6.5816043e+02		8.6768830e+02		6.7492098e+02		3.9655889e+01		6.3526510e+02
4.6200000e+02		4.6300000e+02		4.6250000e+02		6.6901120e+02		6.6470790e+02		8.7629047e+02		6.8161049e+02		3.9991961e+01		6.4161853e+02
4.6300000e+02		4.6400000e+02		4.6350000e+02		6.4662616e+02		6.4250219e+02		8.4694348e+02		6.5877651e+02		3.8505447e+01		6.2027106e+02
4.6400000e+02		4.6500000e+02		4.6450000e+02		6.5795753e+02		6.5379669e+02		8.6175123e+02		6.7028667e+02		3.9015702e+01		6.3127096e+02
4.6500000e+02		4.6600000e+02		4.6550000e+02		6.3552746e+02		6.3153840e+02		8.3238579e+02		6.4744419e+02		3.7633525e+01		6.0981067e+02
4.6600000e+02		4.6700000e+02		4.6650000e+02		6.3955371e+02		6.3557272e+02		8.3763973e+02		6.5152503e+02		3.7743580e+01		6.1378146e+02
4.6700000e+02		4.6800000e+02		4.6750000e+02		6.4572639e+02		6.4169909e+02		8.4568838e+02		6.5778339e+02		3.8055856e+01		6.1972753e+02
4.6800000e+02		4.6900000e+02		4.6850000e+02		6.3145002e+02		6.2754633e+02		8.2698116e+02		6.4322794e+02		3.7103081e+01		6.0612486e+02
4.6900000e+02		4.7000000e+02		4.6950000e+02		6.4956875e+02		6.4554845e+02		8.5062752e+02		6.6161199e+02		3.8006755e+01		6.2360524e+02
4.7000000e+02		4.7100000e+02		4.7050000e+02		6.1381170e+02		6.1003641e+02		8.0381669e+02		6.2520239e+02		3.5883088e+01		5.8931930e+02
4.7100000e+02		4.7200000e+02		4.7150000e+02		6.4174114e+02		6.3780889e+02		8.4035769e+02		6.5361870e+02		3.7406419e+01		6.1621228e+02
4.7200000e+02		4.7300000e+02		4.7250000e+02		6.5742798e+02		6.5342320e+02		8.6090695e+02		6.6960044e+02		3.8275763e+01		6.3132468e+02
4.7300000e+02		4.7400000e+02		4.7350000e+02		6.4563741e+02		6.4167990e+02		8.4534424e+02		6.5748577e+02		3.7397089e+01		6.2008868e+02
4.7400000e+02		4.7500000e+02		4.7450000e+02		6.6512717e+02		6.6117176e+02		8.7093388e+02		6.7738145e+02		3.8352552e+01		6.3902890e+02
4.7500000e+02		4.7600000e+02		4.7550000e+02		6.6365303e+02		6.5979472e+02		8.6910090e+02		6.7595638e+02		3.8238891e+01		6.3771749e+02
4.7600000e+02		4.7700000e+02		4.7650000e+02		6.3952653e+02		6.3584863e+02		8.3749971e+02		6.5137286e+02		3.6730719e+01		6.1464214e+02
4.7700000e+02		4.7800000e+02		4.7750000e+02		6.6772274e+02		6.6391026e+02		8.7443759e+02		6.8010051e+02		3.8306557e+01		6.4179396e+02
4.7800000e+02		4.7900000e+02		4.7850000e+02		6.6128260e+02		6.5753436e+02		8.6599880e+02		6.7353389e+02		3.7855285e+01		6.3567860e+02
4.7900000e+02		4.8000000e+02		4.7950000e+02		6.6320839e+02		6.5948364e+02		8.6845252e+02		6.7543032e+02		3.7730234e+01		6.3770008e+02
4.8000000e+02		4.8100000e+02		4.8050000e+02		6.6489751e+02		6.6117146e+02		8.7088481e+02		6.7734867e+02		3.8275677e+01		6.3907299e+02
4.8100000e+02		4.8200000e+02		4.8150000e+02		6.6630748e+02		6.6261855e+02		8.7254158e+02		6.7860903e+02		3.7833890e+01		6.4077514e+02
4.8200000e+02		4.8300000e+02		4.8250000e+02		6.6376999e+02		6.6012456e+02		8.6919413e+02		6.7599958e+02		3.7560699e+01		6.3843888e+02
4.8300000e+02		4.8400000e+02		4.8350000e+02		6.5373157e+02		6.5015291e+02		8.5602595e+02		6.6575491e+02		3.6914719e+01		6.2884019e+02
4.8400000e+02		4.8500000e+02		4.8450000e+02		6.4242337e+02		6.3889327e+02		8.4126395e+02		6.5428254e+02		3.6411403e+01		6.1787113e+02
4.8500000e+02		4.8600000e+02		4.8550000e+02		6.0369332e+02		6.0036463e+02		7.9033532e+02		6.1465047e+02		3.3800649e+01		5.8084982e+02
4.8600000e+02		4.8700000e+02		4.8650000e+02		5.2412565e+02		5.2129011e+02		6.8629404e+02		5.3374512e+02		2.9468856e+01		5.0427626e+02
4.8700000e+02		4.8800000e+02		4.8750000e+02		5.9966111e+02		5.9640272e+02		7.8514175e+02		6.1061681e+02		3.3630904e+01		5.7698591e+02
4.8800000e+02		4.8900000e+02		4.8850000e+02		6.3081686e+02		6.2741733e+02		8.2588219e+02		6.4229199e+02		3.5193814e+01		6.0709817e+02
4.8900000e+02		4.9000000e+02		4.8950000e+02		6.1880396e+02		6.1550075e+02		8.1015558e+02		6.3005798e+02		3.4442791e+01		5.9561519e+02
4.9000000e+02		4.9100000e+02		4.9050000e+02		6.5907671e+02		6.5560959e+02		8.6293367e+02		6.7110360e+02		3.6659219e+01		6.3444438e+02
4.9100000e+02		4.9200000e+02		4.9150000e+02		6.2110374e+02		6.1785205e+02		8.1322069e+02		6.3244118e+02		3.4518244e+01		5.9792294e+02
4.9200000e+02		4.9300000e+02		4.9250000e+02		5.9112858e+02		5.8810583e+02		7.7398642e+02		6.0192100e+02		3.2687047e+01		5.6923395e+02
4.9300000e+02		4.9400000e+02		4.9350000e+02		6.2472140e+02		6.2155604e+02		8.1798947e+02		6.3614079e+02		3.4507885e+01		6.0163290e+02
4.9400000e+02		4.9500000e+02		4.9450000e+02		6.4279699e+02		6.3956893e+02		8.4165271e+02		6.5453975e+02		3.5421343e+01		6.1911840e+02
4.9500000e+02		4.9600000e+02		4.9550000e+02		6.3133158e+02		6.2818425e+02		8.2663469e+02		6.4285744e+02		3.4717123e+01		6.0814031e+02
4.9600000e+02		4.9700000e+02		4.9650000e+02		6.3921352e+02		6.3604861e+02		8.3696620e+02		6.5089127e+02		3.5118098e+01		6.1577317e+02
4.9700000e+02		4.9800000e+02		4.9750000e+02		6.5113923e+02		6.4794160e+02		8.5253947e+02		6.6299441e+02		3.5615331e+01		6.2737908e+02
4.9800000e+02		4.9900000e+02		4.9850000e+02		5.9175801e+02		5.8886345e+02		7.7478381e+02		6.0252445e+02		3.2322267e+01		5.7020218e+02
4.9900000e+02		5.0000000e+02		4.9950000e+02		6.3385792e+02		6.3073645e+02		8.2980213e+02		6.4530180e+02		3.4462010e+01		6.1083979e+02
