Left Bin Edge (nm)	Right Bin Edge (nm)	Bin Center (nm)		Top of Atm Intensity (erg/s/nm/cm2)		Total Surface Flux (erg/s/nm/cm2)		Total Intensity at BOA (erg/s/nm/cm2)		Total Surface Intensity (erg/s/nm/cm2)		Total Surface Diffuse Intensity (erg/s/nm/cm2)		Total Surface Direct Intensity (erg/s/nm/cm2)
1.0000000e+02		1.0100000e+02		1.0050000e+02		1.9189487e-02		0.0000000e+00		0.0000000e+00		0.0000000e+00		0.0000000e+00		0.0000000e+00
1.0100000e+02		1.0200000e+02		1.0150000e+02		7.4861701e-02		0.0000000e+00		0.0000000e+00		0.0000000e+00		0.0000000e+00		0.0000000e+00
1.0200000e+02		1.0300000e+02		1.0250000e+02		3.9734366e-01		0.0000000e+00		0.0000000e+00		0.0000000e+00		0.0000000e+00		0.0000000e+00
1.0300000e+02		1.0400000e+02		1.0350000e+02		3.0179545e-01		0.0000000e+00		0.0000000e+00		0.0000000e+00		0.0000000e+00		0.0000000e+00
1.0400000e+02		1.0500000e+02		1.0450000e+02		6.0815352e-02		0.0000000e+00		0.0000000e+00		0.0000000e+00		0.0000000e+00		0.0000000e+00
1.0500000e+02		1.0600000e+02		1.0550000e+02		2.0834600e-02		0.0000000e+00		0.0000000e+00		0.0000000e+00		0.0000000e+00		0.0000000e+00
1.0600000e+02		1.0700000e+02		1.0650000e+02		1.9584792e-02		0.0000000e+00		0.0000000e+00		0.0000000e+00		0.0000000e+00		0.0000000e+00
1.0700000e+02		1.0800000e+02		1.0750000e+02		2.1853879e-02		0.0000000e+00		0.0000000e+00		0.0000000e+00		0.0000000e+00		0.0000000e+00
1.0800000e+02		1.0900000e+02		1.0850000e+02		3.0634999e-02		0.0000000e+00		0.0000000e+00		0.0000000e+00		0.0000000e+00		0.0000000e+00
1.0900000e+02		1.1000000e+02		1.0950000e+02		2.4032561e-02		0.0000000e+00		0.0000000e+00		0.0000000e+00		0.0000000e+00		0.0000000e+00
1.1000000e+02		1.1100000e+02		1.1050000e+02		2.3268893e-02		0.0000000e+00		0.0000000e+00		0.0000000e+00		0.0000000e+00		0.0000000e+00
1.1100000e+02		1.1200000e+02		1.1150000e+02		2.1871272e-02		0.0000000e+00		0.0000000e+00		0.0000000e+00		0.0000000e+00		0.0000000e+00
1.1200000e+02		1.1300000e+02		1.1250000e+02		2.2375602e-02		0.0000000e+00		0.0000000e+00		0.0000000e+00		0.0000000e+00		0.0000000e+00
1.1300000e+02		1.1400000e+02		1.1350000e+02		1.7748133e-02		0.0000000e+00		0.0000000e+00		0.0000000e+00		0.0000000e+00		0.0000000e+00
1.1400000e+02		1.1500000e+02		1.1450000e+02		1.3589480e-02		0.0000000e+00		0.0000000e+00		0.0000000e+00		0.0000000e+00		0.0000000e+00
1.1500000e+02		1.1600000e+02		1.1550000e+02		1.8751615e-02		0.0000000e+00		0.0000000e+00		0.0000000e+00		0.0000000e+00		0.0000000e+00
1.1600000e+02		1.1700000e+02		1.1650000e+02		4.3674487e-02		0.0000000e+00		0.0000000e+00		0.0000000e+00		0.0000000e+00		0.0000000e+00
1.1700000e+02		1.1800000e+02		1.1750000e+02		1.5546757e-01		0.0000000e+00		0.0000000e+00		0.0000000e+00		0.0000000e+00		0.0000000e+00
1.1800000e+02		1.1900000e+02		1.1850000e+02		5.2889236e-02		0.0000000e+00		0.0000000e+00		0.0000000e+00		0.0000000e+00		0.0000000e+00
1.1900000e+02		1.2000000e+02		1.1950000e+02		7.3692884e-02		0.0000000e+00		0.0000000e+00		0.0000000e+00		0.0000000e+00		0.0000000e+00
1.2000000e+02		1.2100000e+02		1.2050000e+02		4.0066072e-01		0.0000000e+00		0.0000000e+00		0.0000000e+00		0.0000000e+00		0.0000000e+00
1.2100000e+02		1.2200000e+02		1.2150000e+02		1.5905289e+01		0.0000000e+00		0.0000000e+00		0.0000000e+00		0.0000000e+00		0.0000000e+00
1.2200000e+02		1.2300000e+02		1.2250000e+02		1.0666543e-01		0.0000000e+00		0.0000000e+00		0.0000000e+00		0.0000000e+00		0.0000000e+00
1.2300000e+02		1.2400000e+02		1.2350000e+02		5.7456553e-02		0.0000000e+00		0.0000000e+00		0.0000000e+00		0.0000000e+00		0.0000000e+00
1.2400000e+02		1.2500000e+02		1.2450000e+02		4.6184197e-02		0.0000000e+00		0.0000000e+00		0.0000000e+00		0.0000000e+00		0.0000000e+00
1.2500000e+02		1.2600000e+02		1.2550000e+02		4.5085118e-02		0.0000000e+00		0.0000000e+00		0.0000000e+00		0.0000000e+00		0.0000000e+00
1.2600000e+02		1.2700000e+02		1.2650000e+02		6.3054464e-02		0.0000000e+00		0.0000000e+00		0.0000000e+00		0.0000000e+00		0.0000000e+00
1.2700000e+02		1.2800000e+02		1.2750000e+02		3.3006429e-02		0.0000000e+00		0.0000000e+00		0.0000000e+00		0.0000000e+00		0.0000000e+00
1.2800000e+02		1.2900000e+02		1.2850000e+02		2.6335196e-02		0.0000000e+00		0.0000000e+00		0.0000000e+00		0.0000000e+00		0.0000000e+00
1.2900000e+02		1.3000000e+02		1.2950000e+02		3.5131240e-02		0.0000000e+00		0.0000000e+00		0.0000000e+00		0.0000000e+00		0.0000000e+00
1.3000000e+02		1.3100000e+02		1.3050000e+02		2.8850634e-01		0.0000000e+00		0.0000000e+00		0.0000000e+00		0.0000000e+00		0.0000000e+00
1.3100000e+02		1.3200000e+02		1.3150000e+02		3.9064855e-02		0.0000000e+00		0.0000000e+00		0.0000000e+00		0.0000000e+00		0.0000000e+00
1.3200000e+02		1.3300000e+02		1.3250000e+02		3.0374778e-02		0.0000000e+00		0.0000000e+00		0.0000000e+00		0.0000000e+00		0.0000000e+00
1.3300000e+02		1.3400000e+02		1.3350000e+02		4.1056606e-01		0.0000000e+00		0.0000000e+00		0.0000000e+00		0.0000000e+00		0.0000000e+00
1.3400000e+02		1.3500000e+02		1.3450000e+02		2.8092500e-02		0.0000000e+00		0.0000000e+00		0.0000000e+00		0.0000000e+00		0.0000000e+00
1.3500000e+02		1.3600000e+02		1.3550000e+02		5.8954708e-02		0.0000000e+00		0.0000000e+00		0.0000000e+00		0.0000000e+00		0.0000000e+00
1.3600000e+02		1.3700000e+02		1.3650000e+02		3.8690656e-02		0.0000000e+00		0.0000000e+00		0.0000000e+00		0.0000000e+00		0.0000000e+00
1.3700000e+02		1.3800000e+02		1.3750000e+02		3.9732879e-02		0.0000000e+00		0.0000000e+00		0.0000000e+00		0.0000000e+00		0.0000000e+00
1.3800000e+02		1.3900000e+02		1.3850000e+02		4.0549866e-02		0.0000000e+00		0.0000000e+00		0.0000000e+00		0.0000000e+00		0.0000000e+00
1.3900000e+02		1.4000000e+02		1.3950000e+02		1.3692187e-01		0.0000000e+00		0.0000000e+00		0.0000000e+00		0.0000000e+00		0.0000000e+00
1.4000000e+02		1.4100000e+02		1.4050000e+02		1.1939088e-01		0.0000000e+00		0.0000000e+00		0.0000000e+00		0.0000000e+00		0.0000000e+00
1.4100000e+02		1.4200000e+02		1.4150000e+02		5.7521948e-02		0.0000000e+00		0.0000000e+00		0.0000000e+00		0.0000000e+00		0.0000000e+00
1.4200000e+02		1.4300000e+02		1.4250000e+02		6.2343151e-02		0.0000000e+00		0.0000000e+00		0.0000000e+00		0.0000000e+00		0.0000000e+00
1.4300000e+02		1.4400000e+02		1.4350000e+02		6.9165895e-02		0.0000000e+00		0.0000000e+00		0.0000000e+00		0.0000000e+00		0.0000000e+00
1.4400000e+02		1.4500000e+02		1.4450000e+02		6.6149126e-02		0.0000000e+00		0.0000000e+00		0.0000000e+00		0.0000000e+00		0.0000000e+00
1.4500000e+02		1.4600000e+02		1.4550000e+02		7.0536262e-02		0.0000000e+00		0.0000000e+00		0.0000000e+00		0.0000000e+00		0.0000000e+00
1.4600000e+02		1.4700000e+02		1.4650000e+02		8.6012655e-02		0.0000000e+00		0.0000000e+00		0.0000000e+00		0.0000000e+00		0.0000000e+00
1.4700000e+02		1.4800000e+02		1.4750000e+02		1.0610345e-01		0.0000000e+00		0.0000000e+00		0.0000000e+00		0.0000000e+00		0.0000000e+00
1.4800000e+02		1.4900000e+02		1.4850000e+02		1.0405386e-01		0.0000000e+00		0.0000000e+00		0.0000000e+00		0.0000000e+00		0.0000000e+00
1.4900000e+02		1.5000000e+02		1.4950000e+02		9.4002421e-02		0.0000000e+00		0.0000000e+00		0.0000000e+00		0.0000000e+00		0.0000000e+00
1.5000000e+02		1.5100000e+02		1.5050000e+02		1.0343288e-01		0.0000000e+00		0.0000000e+00		0.0000000e+00		0.0000000e+00		0.0000000e+00
1.5100000e+02		1.5200000e+02		1.5150000e+02		1.0875212e-01		0.0000000e+00		0.0000000e+00		0.0000000e+00		0.0000000e+00		0.0000000e+00
1.5200000e+02		1.5300000e+02		1.5250000e+02		1.3876638e-01		0.0000000e+00		0.0000000e+00		0.0000000e+00		0.0000000e+00		0.0000000e+00
1.5300000e+02		1.5400000e+02		1.5350000e+02		1.5371418e-01		0.0000000e+00		0.0000000e+00		0.0000000e+00		0.0000000e+00		0.0000000e+00
1.5400000e+02		1.5500000e+02		1.5450000e+02		4.1112511e-01		0.0000000e+00		0.0000000e+00		0.0000000e+00		0.0000000e+00		0.0000000e+00
1.5500000e+02		1.5600000e+02		1.5550000e+02		3.3836363e-01		0.0000000e+00		0.0000000e+00		0.0000000e+00		0.0000000e+00		0.0000000e+00
1.5600000e+02		1.5700000e+02		1.5650000e+02		2.0084632e-01		0.0000000e+00		0.0000000e+00		0.0000000e+00		0.0000000e+00		0.0000000e+00
1.5700000e+02		1.5800000e+02		1.5750000e+02		1.8216796e-01		0.0000000e+00		0.0000000e+00		0.0000000e+00		0.0000000e+00		0.0000000e+00
1.5800000e+02		1.5900000e+02		1.5850000e+02		1.6795176e-01		0.0000000e+00		0.0000000e+00		0.0000000e+00		0.0000000e+00		0.0000000e+00
1.5900000e+02		1.6000000e+02		1.5950000e+02		1.6379377e-01		0.0000000e+00		0.0000000e+00		0.0000000e+00		0.0000000e+00		0.0000000e+00
1.6000000e+02		1.6100000e+02		1.6050000e+02		1.7926410e-01		0.0000000e+00		0.0000000e+00		0.0000000e+00		0.0000000e+00		0.0000000e+00
1.6100000e+02		1.6200000e+02		1.6150000e+02		2.0306941e-01		0.0000000e+00		0.0000000e+00		0.0000000e+00		0.0000000e+00		0.0000000e+00
1.6200000e+02		1.6300000e+02		1.6250000e+02		2.2492895e-01		0.0000000e+00		0.0000000e+00		0.0000000e+00		0.0000000e+00		0.0000000e+00
1.6300000e+02		1.6400000e+02		1.6350000e+02		4.7671727e-01		0.0000000e+00		0.0000000e+00		0.0000000e+00		0.0000000e+00		0.0000000e+00
1.6400000e+02		1.6500000e+02		1.6450000e+02		4.8753270e-01		0.0000000e+00		0.0000000e+00		0.0000000e+00		0.0000000e+00		0.0000000e+00
1.6500000e+02		1.6600000e+02		1.6550000e+02		5.7072689e-01		0.0000000e+00		0.0000000e+00		0.0000000e+00		0.0000000e+00		0.0000000e+00
1.6600000e+02		1.6700000e+02		1.6650000e+02		2.6919628e-01		0.0000000e+00		0.0000000e+00		0.0000000e+00		0.0000000e+00		0.0000000e+00
1.6700000e+02		1.6800000e+02		1.6750000e+02		2.8728373e-01		0.0000000e+00		0.0000000e+00		0.0000000e+00		0.0000000e+00		0.0000000e+00
1.6800000e+02		1.6900000e+02		1.6850000e+02		3.0958866e-01		0.0000000e+00		0.0000000e+00		0.0000000e+00		0.0000000e+00		0.0000000e+00
1.6900000e+02		1.7000000e+02		1.6950000e+02		3.8988989e-01		0.0000000e+00		0.0000000e+00		0.0000000e+00		0.0000000e+00		0.0000000e+00
1.7000000e+02		1.7100000e+02		1.7050000e+02		4.3752516e-01		0.0000000e+00		0.0000000e+00		0.0000000e+00		0.0000000e+00		0.0000000e+00
1.7100000e+02		1.7200000e+02		1.7150000e+02		4.3618394e-01		0.0000000e+00		0.0000000e+00		0.0000000e+00		0.0000000e+00		0.0000000e+00
1.7200000e+02		1.7300000e+02		1.7250000e+02		4.5514763e-01		0.0000000e+00		0.0000000e+00		0.0000000e+00		0.0000000e+00		0.0000000e+00
1.7300000e+02		1.7400000e+02		1.7350000e+02		4.5120572e-01		0.0000000e+00		0.0000000e+00		0.0000000e+00		0.0000000e+00		0.0000000e+00
1.7400000e+02		1.7500000e+02		1.7450000e+02		5.3951828e-01		0.0000000e+00		0.0000000e+00		0.0000000e+00		0.0000000e+00		0.0000000e+00
1.7500000e+02		1.7600000e+02		1.7550000e+02		6.4389120e-01		0.0000000e+00		0.0000000e+00		0.0000000e+00		0.0000000e+00		0.0000000e+00
1.7600000e+02		1.7700000e+02		1.7650000e+02		6.9472845e-01		0.0000000e+00		0.0000000e+00		0.0000000e+00		0.0000000e+00		0.0000000e+00
1.7700000e+02		1.7800000e+02		1.7750000e+02		8.1849614e-01		0.0000000e+00		0.0000000e+00		0.0000000e+00		0.0000000e+00		0.0000000e+00
1.7800000e+02		1.7900000e+02		1.7850000e+02		8.9455089e-01		0.0000000e+00		0.0000000e+00		0.0000000e+00		0.0000000e+00		0.0000000e+00
1.7900000e+02		1.8000000e+02		1.7950000e+02		8.6966614e-01		0.0000000e+00		0.0000000e+00		0.0000000e+00		0.0000000e+00		0.0000000e+00
1.8000000e+02		1.8100000e+02		1.8050000e+02		1.0753674e+00		0.0000000e+00		0.0000000e+00		0.0000000e+00		0.0000000e+00		0.0000000e+00
1.8100000e+02		1.8200000e+02		1.8150000e+02		1.3093431e+00		0.0000000e+00		0.0000000e+00		0.0000000e+00		0.0000000e+00		0.0000000e+00
1.8200000e+02		1.8300000e+02		1.8250000e+02		1.2087370e+00		0.0000000e+00		0.0000000e+00		0.0000000e+00		0.0000000e+00		0.0000000e+00
1.8300000e+02		1.8400000e+02		1.8350000e+02		1.2728289e+00		0.0000000e+00		0.0000000e+00		0.0000000e+00		0.0000000e+00		0.0000000e+00
1.8400000e+02		1.8500000e+02		1.8450000e+02		1.0940339e+00		0.0000000e+00		0.0000000e+00		0.0000000e+00		0.0000000e+00		0.0000000e+00
1.8500000e+02		1.8600000e+02		1.8550000e+02		1.2372281e+00		0.0000000e+00		0.0000000e+00		0.0000000e+00		0.0000000e+00		0.0000000e+00
1.8600000e+02		1.8700000e+02		1.8650000e+02		1.4037992e+00		0.0000000e+00		0.0000000e+00		0.0000000e+00		0.0000000e+00		0.0000000e+00
1.8700000e+02		1.8800000e+02		1.8750000e+02		1.5907538e+00		0.0000000e+00		0.0000000e+00		0.0000000e+00		0.0000000e+00		0.0000000e+00
1.8800000e+02		1.8900000e+02		1.8850000e+02		1.6735993e+00		0.0000000e+00		0.0000000e+00		0.0000000e+00		0.0000000e+00		0.0000000e+00
1.8900000e+02		1.9000000e+02		1.8950000e+02		1.8559600e+00		0.0000000e+00		0.0000000e+00		0.0000000e+00		0.0000000e+00		0.0000000e+00
1.9000000e+02		1.9100000e+02		1.9050000e+02		1.9109940e+00		0.0000000e+00		0.0000000e+00		0.0000000e+00		0.0000000e+00		0.0000000e+00
1.9100000e+02		1.9200000e+02		1.9150000e+02		2.0707336e+00		0.0000000e+00		0.0000000e+00		0.0000000e+00		0.0000000e+00		0.0000000e+00
1.9200000e+02		1.9300000e+02		1.9250000e+02		2.1685186e+00		0.0000000e+00		0.0000000e+00		0.0000000e+00		0.0000000e+00		0.0000000e+00
1.9300000e+02		1.9400000e+02		1.9350000e+02		1.6554009e+00		0.0000000e+00		0.0000000e+00		0.0000000e+00		0.0000000e+00		0.0000000e+00
1.9400000e+02		1.9500000e+02		1.9450000e+02		2.6556632e+00		0.0000000e+00		0.0000000e+00		0.0000000e+00		0.0000000e+00		0.0000000e+00
1.9500000e+02		1.9600000e+02		1.9550000e+02		2.5630279e+00		0.0000000e+00		0.0000000e+00		0.0000000e+00		0.0000000e+00		0.0000000e+00
1.9600000e+02		1.9700000e+02		1.9650000e+02		2.8204934e+00		0.0000000e+00		0.0000000e+00		0.0000000e+00		0.0000000e+00		0.0000000e+00
1.9700000e+02		1.9800000e+02		1.9750000e+02		2.8068384e+00		0.0000000e+00		0.0000000e+00		0.0000000e+00		0.0000000e+00		0.0000000e+00
1.9800000e+02		1.9900000e+02		1.9850000e+02		2.7505577e+00		0.0000000e+00		0.0000000e+00		0.0000000e+00		0.0000000e+00		0.0000000e+00
1.9900000e+02		2.0000000e+02		1.9950000e+02		2.8965557e+00		9.5761474e-11		2.2100565e-10		1.6586374e-10		1.6586374e-10		0.0000000e+00
2.0000000e+02		2.0100000e+02		2.0050000e+02		3.0623388e+00		1.6805503e-08		3.7670508e-08		2.9107985e-08		2.9107985e-08		0.0000000e+00
2.0100000e+02		2.0200000e+02		2.0150000e+02		3.2593670e+00		5.2293177e-05		1.1372699e-04		9.0574439e-05		9.0574439e-05		0.0000000e+00
2.0200000e+02		2.0300000e+02		2.0250000e+02		3.2217937e+00		1.6448016e-04		3.5657993e-04		2.8488800e-04		2.8488800e-04		0.0000000e+00
2.0300000e+02		2.0400000e+02		2.0350000e+02		3.4484145e+00		1.5413600e-03		3.3270127e-03		2.6697138e-03		2.6697138e-03		0.0000000e+00
2.0400000e+02		2.0500000e+02		2.0450000e+02		3.7117169e+00		4.9218931e-03		1.0604503e-02		8.5249688e-03		8.5249688e-03		0.0000000e+00
2.0500000e+02		2.0600000e+02		2.0550000e+02		3.7200399e+00		4.9538964e-03		1.0668090e-02		8.5804003e-03		8.5804003e-03		0.0000000e+00
2.0600000e+02		2.0700000e+02		2.0650000e+02		3.7247532e+00		4.9742972e-03		1.0706780e-02		8.6157354e-03		8.6157354e-03		0.0000000e+00
2.0700000e+02		2.0800000e+02		2.0750000e+02		4.0454145e+00		5.4220938e-03		1.1665066e-02		9.3913419e-03		9.3913419e-03		0.0000000e+00
2.0800000e+02		2.0900000e+02		2.0850000e+02		4.3759554e+00		5.8961613e-03		1.2679087e-02		1.0212451e-02		1.0212451e-02		0.0000000e+00
2.0900000e+02		2.1000000e+02		2.0950000e+02		5.6528678e+00		7.6235485e-03		1.6386248e-02		1.3204373e-02		1.3204373e-02		0.0000000e+00
2.1000000e+02		2.1100000e+02		2.1050000e+02		6.9678423e+00		9.4444883e-03		2.0291289e-02		1.6358334e-02		1.6358334e-02		0.0000000e+00
2.1100000e+02		2.1200000e+02		2.1150000e+02		7.9326445e+00		1.0771376e-02		2.3132160e-02		1.8656571e-02		1.8656571e-02		0.0000000e+00
2.1200000e+02		2.1300000e+02		2.1250000e+02		7.0734222e+00		9.6134850e-03		2.0636899e-02		1.6651044e-02		1.6651044e-02		0.0000000e+00
2.1300000e+02		2.1400000e+02		2.1350000e+02		7.2066449e+00		9.8413050e-03		2.1117355e-02		1.7045640e-02		1.7045640e-02		0.0000000e+00
2.1400000e+02		2.1500000e+02		2.1450000e+02		9.2279181e+00		1.2576090e-02		2.6974923e-02		2.1782426e-02		2.1782426e-02		0.0000000e+00
2.1500000e+02		2.1600000e+02		2.1550000e+02		7.9257408e+00		1.0624142e-02		2.2779310e-02		1.8401553e-02		1.8401553e-02		0.0000000e+00
2.1600000e+02		2.1700000e+02		2.1650000e+02		7.3353469e+00		1.0061883e-02		2.1565641e-02		1.7427693e-02		1.7427693e-02		0.0000000e+00
2.1700000e+02		2.1800000e+02		2.1750000e+02		7.5953881e+00		1.0394670e-02		2.2270721e-02		1.8004097e-02		1.8004097e-02		0.0000000e+00
2.1800000e+02		2.1900000e+02		2.1850000e+02		1.0217230e+01		1.4080233e-02		3.0156288e-02		2.4387679e-02		2.4387679e-02		0.0000000e+00
2.1900000e+02		2.2000000e+02		2.1950000e+02		1.0786519e+01		1.4750671e-02		3.1581166e-02		2.5548911e-02		2.5548911e-02		0.0000000e+00
2.2000000e+02		2.2100000e+02		2.2050000e+02		1.0851638e+01		1.5033330e-02		3.2175380e-02		2.6038491e-02		2.6038491e-02		0.0000000e+00
2.2100000e+02		2.2200000e+02		2.2150000e+02		8.6872371e+00		1.2030114e-02		2.5739137e-02		2.0836768e-02		2.0836768e-02		0.0000000e+00
2.2200000e+02		2.2300000e+02		2.2250000e+02		1.1691346e+01		1.6114821e-02		3.4467441e-02		2.7911689e-02		2.7911689e-02		0.0000000e+00
2.2300000e+02		2.2400000e+02		2.2350000e+02		1.5139682e+01		2.1031278e-02		4.4968868e-02		3.6427243e-02		3.6427243e-02		0.0000000e+00
2.2400000e+02		2.2500000e+02		2.2450000e+02		1.4154944e+01		1.9643967e-02		4.1989582e-02		3.4024349e-02		3.4024349e-02		0.0000000e+00
2.2500000e+02		2.2600000e+02		2.2550000e+02		1.2365614e+01		1.7210472e-02		3.6776841e-02		2.9809411e-02		2.9809411e-02		0.0000000e+00
2.2600000e+02		2.2700000e+02		2.2650000e+02		9.0577089e+00		1.2610793e-02		2.6939933e-02		2.1842534e-02		2.1842534e-02		0.0000000e+00
2.2700000e+02		2.2800000e+02		2.2750000e+02		8.8108381e+00		1.2264615e-02		2.6192898e-02		2.1242937e-02		2.1242937e-02		0.0000000e+00
2.2800000e+02		2.2900000e+02		2.2850000e+02		1.2275156e+01		1.7154323e-02		3.6625342e-02		2.9712159e-02		2.9712159e-02		0.0000000e+00
2.2900000e+02		2.3000000e+02		2.2950000e+02		1.1031259e+01		1.5469858e-02		3.3019902e-02		2.6794580e-02		2.6794580e-02		0.0000000e+00
2.3000000e+02		2.3100000e+02		2.3050000e+02		1.2510180e+01		1.7650376e-02		3.7664099e-02		3.0571348e-02		3.0571348e-02		0.0000000e+00
2.3100000e+02		2.3200000e+02		2.3150000e+02		1.1791833e+01		1.6622428e-02		3.5461326e-02		2.8790890e-02		2.8790890e-02		0.0000000e+00
2.3200000e+02		2.3300000e+02		2.3250000e+02		1.2664003e+01		1.7801558e-02		3.7967155e-02		3.0833203e-02		3.0833203e-02		0.0000000e+00
2.3300000e+02		2.3400000e+02		2.3350000e+02		1.1428554e+01		1.6103750e-02		3.4337539e-02		2.7892512e-02		2.7892512e-02		0.0000000e+00
2.3400000e+02		2.3500000e+02		2.3450000e+02		9.9864853e+00		1.4150762e-02		3.0165922e-02		2.4509839e-02		2.4509839e-02		0.0000000e+00
2.3500000e+02		2.3600000e+02		2.3550000e+02		1.3443360e+01		1.9050630e-02		4.0601601e-02		3.2996658e-02		3.2996658e-02		0.0000000e+00
2.3600000e+02		2.3700000e+02		2.3650000e+02		1.2448020e+01		1.7688255e-02		3.7689313e-02		3.0636956e-02		3.0636956e-02		0.0000000e+00
2.3700000e+02		2.3800000e+02		2.3750000e+02		1.3294723e+01		1.8909133e-02		4.0281587e-02		3.2751580e-02		3.2751580e-02		0.0000000e+00
2.3800000e+02		2.3900000e+02		2.3850000e+02		1.1021422e+01		1.5692254e-02		3.3421368e-02		2.7179781e-02		2.7179781e-02		0.0000000e+00
2.3900000e+02		2.4000000e+02		2.3950000e+02		1.2008577e+01		1.7082314e-02		3.6374056e-02		2.9587436e-02		2.9587436e-02		0.0000000e+00
2.4000000e+02		2.4100000e+02		2.4050000e+02		1.1032163e+01		1.5775917e-02		3.3585195e-02		2.7324689e-02		2.7324689e-02		0.0000000e+00
2.4100000e+02		2.4200000e+02		2.4150000e+02		1.2918879e+01		1.8446235e-02		3.9261900e-02		3.1949816e-02		3.1949816e-02		0.0000000e+00
2.4200000e+02		2.4300000e+02		2.4250000e+02		1.7782729e+01		2.5443001e-02		5.4143237e-02		4.4068570e-02		4.4068570e-02		0.0000000e+00
2.4300000e+02		2.4400000e+02		2.4350000e+02		1.6701989e+01		2.4036962e-02		5.1141061e-02		4.1633240e-02		4.1633240e-02		0.0000000e+00
2.4400000e+02		2.4500000e+02		2.4450000e+02		1.5641720e+01		2.2569065e-02		4.8008692e-02		3.9090767e-02		3.9090767e-02		0.0000000e+00
2.4500000e+02		2.4600000e+02		2.4550000e+02		1.2691134e+01		1.8320520e-02		3.8963874e-02		3.1732072e-02		3.1732072e-02		0.0000000e+00
2.4600000e+02		2.4700000e+02		2.4650000e+02		1.2350906e+01		1.7803615e-02		3.7857536e-02		3.0836766e-02		3.0836766e-02		0.0000000e+00
2.4700000e+02		2.4800000e+02		2.4750000e+02		1.3639226e+01		1.9682932e-02		4.1846149e-02		3.4091838e-02		3.4091838e-02		0.0000000e+00
2.4800000e+02		2.4900000e+02		2.4850000e+02		1.0938846e+01		1.5671975e-02		3.3312921e-02		2.7144656e-02		2.7144656e-02		0.0000000e+00
2.4900000e+02		2.5000000e+02		2.4950000e+02		1.3333262e+01		1.9437296e-02		4.1309485e-02		3.3666384e-02		3.3666384e-02		0.0000000e+00
2.5000000e+02		2.5100000e+02		2.5050000e+02		1.4401571e+01		2.0928537e-02		4.4471252e-02		3.6249289e-02		3.6249289e-02		0.0000000e+00
2.5100000e+02		2.5200000e+02		2.5150000e+02		1.2007424e+01		1.7532269e-02		3.7248325e-02		3.0366780e-02		3.0366780e-02		0.0000000e+00
2.5200000e+02		2.5300000e+02		2.5250000e+02		1.0794009e+01		1.5722401e-02		3.3397747e-02		2.7231997e-02		2.7231997e-02		0.0000000e+00
2.5300000e+02		2.5400000e+02		2.5350000e+02		1.3602371e+01		1.9858092e-02		4.2176157e-02		3.4395225e-02		3.4395225e-02		0.0000000e+00
2.5400000e+02		2.5500000e+02		2.5450000e+02		1.5384114e+01		2.2330787e-02		4.7420502e-02		3.8678058e-02		3.8678058e-02		0.0000000e+00
2.5500000e+02		2.5600000e+02		2.5550000e+02		2.0992062e+01		3.0661119e-02		6.5100478e-02		5.3106616e-02		5.3106616e-02		0.0000000e+00
2.5600000e+02		2.5700000e+02		2.5650000e+02		2.7040612e+01		3.9557967e-02		8.3978010e-02		6.8516409e-02		6.8516409e-02		0.0000000e+00
2.5700000e+02		2.5800000e+02		2.5750000e+02		3.3946512e+01		4.9716931e-02		1.0552922e-01		8.6112251e-02		8.6112251e-02		0.0000000e+00
2.5800000e+02		2.5900000e+02		2.5850000e+02		3.5732434e+01		5.2200787e-02		1.1078567e-01		9.0414415e-02		9.0414415e-02		0.0000000e+00
2.5900000e+02		2.6000000e+02		2.5950000e+02		3.0409976e+01		4.4384052e-02		9.4183077e-02		7.6875433e-02		7.6875433e-02		0.0000000e+00
2.6000000e+02		2.6100000e+02		2.6050000e+02		2.4915606e+01		3.6268098e-02		7.6950485e-02		6.2818189e-02		6.2818189e-02		0.0000000e+00
2.6100000e+02		2.6200000e+02		2.6150000e+02		2.5442742e+01		3.7334872e-02		7.9203271e-02		6.4665895e-02		6.4665895e-02		0.0000000e+00
2.6200000e+02		2.6300000e+02		2.6250000e+02		3.0366547e+01		4.4253791e-02		9.3868959e-02		7.6649814e-02		7.6649814e-02		0.0000000e+00
2.6300000e+02		2.6400000e+02		2.6350000e+02		4.5700096e+01		6.7103939e-02		1.4231929e-01		1.1622743e-01		1.1622743e-01		0.0000000e+00
2.6400000e+02		2.6500000e+02		2.6450000e+02		7.1249372e+01		1.0502779e-01		2.2272315e-01		1.8191348e-01		1.8191348e-01		0.0000000e+00
2.6500000e+02		2.6600000e+02		2.6550000e+02		7.4731454e+01		1.1029667e-01		2.3386757e-01		1.9103944e-01		1.9103944e-01		0.0000000e+00
2.6600000e+02		2.6700000e+02		2.6650000e+02		7.2446611e+01		9.9132016e-02		2.1016921e-01		1.7170169e-01		1.7170169e-01		0.0000000e+00
2.6700000e+02		2.6800000e+02		2.6750000e+02		7.2937204e+01		1.0733394e-01		2.2753113e-01		1.8590784e-01		1.8590784e-01		0.0000000e+00
2.6800000e+02		2.6900000e+02		2.6850000e+02		7.2239021e+01		1.0645407e-01		2.2563978e-01		1.8438387e-01		1.8438387e-01		0.0000000e+00
2.6900000e+02		2.7000000e+02		2.6950000e+02		6.7758000e+01		9.9846660e-02		2.1161067e-01		1.7293949e-01		1.7293949e-01		0.0000000e+00
2.7000000e+02		2.7100000e+02		2.7050000e+02		7.8281462e+01		1.1548879e-01		2.4473466e-01		2.0003246e-01		2.0003246e-01		0.0000000e+00
2.7100000e+02		2.7200000e+02		2.7150000e+02		6.5051220e+01		9.6345520e-02		2.0414546e-01		1.6687534e-01		1.6687534e-01		0.0000000e+00
2.7200000e+02		2.7300000e+02		2.7250000e+02		5.2331568e+01		7.7343519e-02		1.6386479e-01		1.3396291e-01		1.3396291e-01		0.0000000e+00
2.7300000e+02		2.7400000e+02		2.7350000e+02		5.5800645e+01		8.2638634e-02		1.7506497e-01		1.4313431e-01		1.4313431e-01		0.0000000e+00
2.7400000e+02		2.7500000e+02		2.7450000e+02		3.8398649e+01		5.7121357e-02		1.2099570e-01		9.8937092e-02		9.8937092e-02		0.0000000e+00
2.7500000e+02		2.7600000e+02		2.7550000e+02		5.1208696e+01		7.5997242e-02		1.6096277e-01		1.3163108e-01		1.3163108e-01		0.0000000e+00
2.7600000e+02		2.7700000e+02		2.7650000e+02		7.1318275e+01		1.0592155e-01		2.2432051e-01		1.8346151e-01		1.8346151e-01		0.0000000e+00
2.7700000e+02		2.7800000e+02		2.7750000e+02		6.8188493e+01		1.0106556e-01		2.1401573e-01		1.7505069e-01		1.7505069e-01		0.0000000e+00
2.7800000e+02		2.7900000e+02		2.7850000e+02		4.7024496e+01		6.9767530e-02		1.4772517e-01		1.2084091e-01		1.2084091e-01		0.0000000e+00
2.7900000e+02		2.8000000e+02		2.7950000e+02		2.6422560e+01		3.9292315e-02		8.3189448e-02		6.8056286e-02		6.8056286e-02		0.0000000e+00
2.8000000e+02		2.8100000e+02		2.8050000e+02		2.8982131e+01		4.2647476e-02		9.0284706e-02		7.3867596e-02		7.3867596e-02		0.0000000e+00
2.8100000e+02		2.8200000e+02		2.8150000e+02		6.0033324e+01		8.9425237e-02		1.8929622e-01		1.5488905e-01		1.5488905e-01		0.0000000e+00
2.8200000e+02		2.8300000e+02		2.8250000e+02		8.1733762e+01		1.2189638e-01		2.5800871e-01		2.1113072e-01		2.1113072e-01		0.0000000e+00
2.8300000e+02		2.8400000e+02		2.8350000e+02		8.4433091e+01		1.2583690e-01		2.6632627e-01		2.1795590e-01		2.1795590e-01		0.0000000e+00
2.8400000e+02		2.8500000e+02		2.8450000e+02		6.2255376e+01		9.3355068e-02		1.9756366e-01		1.6169572e-01		1.6169572e-01		0.0000000e+00
2.8500000e+02		2.8600000e+02		2.8550000e+02		4.0018063e+01		5.9941190e-02		1.2684062e-01		1.0382119e-01		1.0382119e-01		0.0000000e+00
2.8600000e+02		2.8700000e+02		2.8650000e+02		8.2001717e+01		1.1969438e-01		2.5326273e-01		2.0731675e-01		2.0731675e-01		0.0000000e+00
2.8700000e+02		2.8800000e+02		2.8750000e+02		9.5189148e+01		1.4270383e-01		3.0192447e-01		2.4717028e-01		2.4717028e-01		0.0000000e+00
2.8800000e+02		2.8900000e+02		2.8850000e+02		9.0460934e+01		1.3533064e-01		2.8630218e-01		2.3439955e-01		2.3439955e-01		0.0000000e+00
2.8900000e+02		2.9000000e+02		2.8950000e+02		1.3728321e+02		2.0508781e-01		4.3384521e-01		3.5522251e-01		3.5522251e-01		0.0000000e+00
2.9000000e+02		2.9100000e+02		2.9050000e+02		1.8023325e+02		2.6998010e-01		5.7107582e-01		4.6761925e-01		4.6761925e-01		0.0000000e+00
2.9100000e+02		2.9200000e+02		2.9150000e+02		1.7359450e+02		2.5992267e-01		5.4976090e-01		4.5019927e-01		4.5019927e-01		0.0000000e+00
2.9200000e+02		2.9300000e+02		2.9250000e+02		1.5421676e+02		2.3109319e-01		4.8874811e-01		4.0026515e-01		4.0026515e-01		0.0000000e+00
2.9300000e+02		2.9400000e+02		2.9350000e+02		1.6099986e+02		2.4258304e-01		5.1301162e-01		4.2016615e-01		4.2016615e-01		0.0000000e+00
2.9400000e+02		2.9500000e+02		2.9450000e+02		1.4991794e+02		2.2670215e-01		4.7939313e-01		3.9265964e-01		3.9265964e-01		0.0000000e+00
2.9500000e+02		2.9600000e+02		2.9550000e+02		1.6232431e+02		2.4443030e-01		5.1684600e-01		4.2336570e-01		4.2336570e-01		0.0000000e+00
2.9600000e+02		2.9700000e+02		2.9650000e+02		1.4851381e+02		2.2276918e-01		4.7101170e-01		3.8584753e-01		3.8584753e-01		0.0000000e+00
2.9700000e+02		2.9800000e+02		2.9750000e+02		1.5140866e+02		2.2861111e-01		4.8333133e-01		3.9596606e-01		3.9596606e-01		0.0000000e+00
2.9800000e+02		2.9900000e+02		2.9850000e+02		1.3012850e+02		1.9603093e-01		4.1442289e-01		3.3953552e-01		3.3953552e-01		0.0000000e+00
2.9900000e+02		3.0000000e+02		2.9950000e+02		1.4682541e+02		2.2176615e-01		4.6879873e-01		3.8411024e-01		3.8411024e-01		0.0000000e+00
3.0000000e+02		3.0100000e+02		3.0050000e+02		1.1681452e+02		1.7331495e-01		3.6635298e-01		3.0019029e-01		3.0019029e-01		0.0000000e+00
3.0100000e+02		3.0200000e+02		3.0150000e+02		1.3434477e+02		2.0277257e-01		4.2859384e-01		3.5121239e-01		3.5121239e-01		0.0000000e+00
3.0200000e+02		3.0300000e+02		3.0250000e+02		1.4142283e+02		2.1398697e-01		4.5226975e-01		3.7063631e-01		3.7063631e-01		0.0000000e+00
3.0300000e+02		3.0400000e+02		3.0350000e+02		1.8342160e+02		2.7836309e-01		5.8829589e-01		4.8213902e-01		4.8213902e-01		0.0000000e+00
3.0400000e+02		3.0500000e+02		3.0450000e+02		1.7556728e+02		2.6542364e-01		5.6091644e-01		4.5972723e-01		4.5972723e-01		0.0000000e+00
3.0500000e+02		3.0600000e+02		3.0550000e+02		1.7728071e+02		2.6838457e-01		5.6714090e-01		4.6485571e-01		4.6485571e-01		0.0000000e+00
3.0600000e+02		3.0700000e+02		3.0650000e+02		1.6814926e+02		2.5503404e-01		5.3889834e-01		4.4173191e-01		4.4173191e-01		0.0000000e+00
3.0700000e+02		3.0800000e+02		3.0750000e+02		1.8878816e+02		2.8563213e-01		6.0351973e-01		4.9472936e-01		4.9472936e-01		0.0000000e+00
3.0800000e+02		3.0900000e+02		3.0850000e+02		1.8529086e+02		2.8031295e-01		5.9224815e-01		4.8551628e-01		4.8551628e-01		0.0000000e+00
3.0900000e+02		3.1000000e+02		3.0950000e+02		1.5026991e+02		2.2877507e-01		4.8333226e-01		3.9625004e-01		3.9625004e-01		0.0000000e+00
3.1000000e+02		3.1100000e+02		3.1050000e+02		1.8913229e+02		2.8088246e-01		5.9338784e-01		4.8650269e-01		4.8650269e-01		0.0000000e+00
3.1100000e+02		3.1200000e+02		3.1150000e+02		2.2495083e+02		3.4166239e-01		7.2175290e-01		5.9177662e-01		5.9177662e-01		0.0000000e+00
3.1200000e+02		3.1300000e+02		3.1250000e+02		2.0030306e+02		3.0447354e-01		6.4315942e-01		5.2736364e-01		5.2736364e-01		0.0000000e+00
3.1300000e+02		3.1400000e+02		3.1350000e+02		2.1331645e+02		3.2346284e-01		6.8323728e-01		5.6025407e-01		5.6025407e-01		0.0000000e+00
3.1400000e+02		3.1500000e+02		3.1450000e+02		2.0119548e+02		3.0563232e-01		6.4554260e-01		5.2937071e-01		5.2937071e-01		0.0000000e+00
3.1500000e+02		3.1600000e+02		3.1550000e+02		1.9522773e+02		2.9782274e-01		6.2901688e-01		5.1584411e-01		5.1584411e-01		0.0000000e+00
3.1600000e+02		3.1700000e+02		3.1650000e+02		1.9043254e+02		2.8838452e-01		6.0905367e-01		4.9949663e-01		4.9949663e-01		0.0000000e+00
3.1700000e+02		3.1800000e+02		3.1750000e+02		2.4155434e+02		3.6367475e-01		7.6802666e-01		6.2990314e-01		6.2990314e-01		0.0000000e+00
3.1800000e+02		3.1900000e+02		3.1850000e+02		1.9952276e+02		3.0300005e-01		6.3986111e-01		5.2481149e-01		5.2481149e-01		0.0000000e+00
3.1900000e+02		3.2000000e+02		3.1950000e+02		2.1430874e+02		3.2579408e-01		6.8796509e-01		5.6429190e-01		5.6429190e-01		0.0000000e+00
3.2000000e+02		3.2100000e+02		3.2050000e+02		2.4621307e+02		3.7496420e-01		7.9175996e-01		6.4945705e-01		6.4945705e-01		0.0000000e+00
3.2100000e+02		3.2200000e+02		3.2150000e+02		2.0677326e+02		3.1433539e-01		6.6370922e-01		5.4444486e-01		5.4444486e-01		0.0000000e+00
3.2200000e+02		3.2300000e+02		3.2250000e+02		2.0765168e+02		3.1546719e-01		6.6607008e-01		5.4640520e-01		5.4640520e-01		0.0000000e+00
3.2300000e+02		3.2400000e+02		3.2350000e+02		2.0066974e+02		3.0521959e-01		6.4440603e-01		5.2865583e-01		5.2865583e-01		0.0000000e+00
3.2400000e+02		3.2500000e+02		3.2450000e+02		2.3629853e+02		3.5995993e-01		7.5994668e-01		6.2346889e-01		6.2346889e-01		0.0000000e+00
3.2500000e+02		3.2600000e+02		3.2550000e+02		2.7209498e+02		4.1603590e-01		8.7829788e-01		7.2059532e-01		7.2059532e-01		0.0000000e+00
3.2600000e+02		3.2700000e+02		3.2650000e+02		3.0699214e+02		4.6415966e-01		9.7985264e-01		8.0394811e-01		8.0394811e-01		0.0000000e+00
3.2700000e+02		3.2800000e+02		3.2750000e+02		2.9701525e+02		4.5179949e-01		9.5372189e-01		7.8253967e-01		7.8253967e-01		0.0000000e+00
3.2800000e+02		3.2900000e+02		3.2850000e+02		2.8673370e+02		4.3736597e-01		9.2321727e-01		7.5754009e-01		7.5754009e-01		0.0000000e+00
3.2900000e+02		3.3000000e+02		3.2950000e+02		3.3379807e+02		5.0937443e-01		1.0751752e+00		8.8226240e-01		8.8226240e-01		0.0000000e+00
3.3000000e+02		3.3100000e+02		3.3050000e+02		3.1443449e+02		4.7837426e-01		1.0097024e+00		8.2856852e-01		8.2856852e-01		0.0000000e+00
3.3100000e+02		3.3200000e+02		3.3150000e+02		3.0087994e+02		4.6038565e-01		9.7169745e-01		7.9741133e-01		7.9741133e-01		0.0000000e+00
3.3200000e+02		3.3300000e+02		3.3250000e+02		2.9519831e+02		4.2579475e-01		8.9865619e-01		7.3749815e-01		7.3749815e-01		0.0000000e+00
3.3300000e+02		3.3400000e+02		3.3350000e+02		2.8364288e+02		4.2996216e-01		9.0741871e-01		7.4471630e-01		7.4471630e-01		0.0000000e+00
3.3400000e+02		3.3500000e+02		3.3450000e+02		2.9883003e+02		4.5831235e-01		9.6721615e-01		7.9382028e-01		7.9382028e-01		0.0000000e+00
3.3500000e+02		3.3600000e+02		3.3550000e+02		2.9511053e+02		4.5127118e-01		9.5232305e-01		7.8162461e-01		7.8162461e-01		0.0000000e+00
3.3600000e+02		3.3700000e+02		3.3650000e+02		2.4313126e+02		3.7203593e-01		7.8508476e-01		6.4438514e-01		6.4438514e-01		0.0000000e+00
3.3700000e+02		3.3800000e+02		3.3750000e+02		2.5649874e+02		3.9226464e-01		8.2774395e-01		6.7942229e-01		6.7942229e-01		0.0000000e+00
3.3800000e+02		3.3900000e+02		3.3850000e+02		2.7748673e+02		4.1855053e-01		8.8318192e-01		7.2495078e-01		7.2495078e-01		0.0000000e+00
3.3900000e+02		3.4000000e+02		3.3950000e+02		2.9040264e+02		4.4504300e-01		9.3905257e-01		7.7083709e-01		7.7083709e-01		0.0000000e+00
3.4000000e+02		3.4100000e+02		3.4050000e+02		3.0654056e+02		4.5658636e-01		9.6337802e-01		7.9083077e-01		7.9083077e-01		0.0000000e+00
3.4100000e+02		3.4200000e+02		3.4150000e+02		2.7979685e+02		4.2795471e-01		9.0293753e-01		7.4123930e-01		7.4123930e-01		0.0000000e+00
3.4200000e+02		3.4300000e+02		3.4250000e+02		3.0344565e+02		4.6287372e-01		9.7658201e-01		8.0172080e-01		8.0172080e-01		0.0000000e+00
3.4300000e+02		3.4400000e+02		3.4350000e+02		2.9822260e+02		4.5453835e-01		9.5896606e-01		7.8728351e-01		7.8728351e-01		0.0000000e+00
3.4400000e+02		3.4500000e+02		3.4450000e+02		2.3986676e+02		3.6823319e-01		7.7685928e-01		6.3779859e-01		6.3779859e-01		0.0000000e+00
3.4500000e+02		3.4600000e+02		3.4550000e+02		2.8907088e+02		4.4309537e-01		9.3476740e-01		7.6746369e-01		7.6746369e-01		0.0000000e+00
3.4600000e+02		3.4700000e+02		3.4650000e+02		2.8069735e+02		4.3011089e-01		9.0734805e-01		7.4497392e-01		7.4497392e-01		0.0000000e+00
3.4700000e+02		3.4800000e+02		3.4750000e+02		2.7782009e+02		4.2624959e-01		8.9917609e-01		7.3828594e-01		7.3828594e-01		0.0000000e+00
3.4800000e+02		3.4900000e+02		3.4850000e+02		2.8744416e+02		4.4134179e-01		9.3098639e-01		7.6442640e-01		7.6442640e-01		0.0000000e+00
3.4900000e+02		3.5000000e+02		3.4950000e+02		2.7550877e+02		4.2339527e-01		8.9310389e-01		7.3334212e-01		7.3334212e-01		0.0000000e+00
3.5000000e+02		3.5100000e+02		3.5050000e+02		3.3002358e+02		5.0807884e-01		1.0717043e+00		8.8001836e-01		8.8001836e-01		0.0000000e+00
3.5100000e+02		3.5200000e+02		3.5150000e+02		3.0660572e+02		4.7136593e-01		9.9423742e-01		8.1642975e-01		8.1642975e-01		0.0000000e+00
3.5200000e+02		3.5300000e+02		3.5250000e+02		2.8324198e+02		4.3696007e-01		9.2164124e-01		7.5683705e-01		7.5683705e-01		0.0000000e+00
3.5300000e+02		3.5400000e+02		3.5350000e+02		3.2405327e+02		4.9743214e-01		1.0491616e+00		8.6157774e-01		8.6157774e-01		0.0000000e+00
3.5400000e+02		3.5500000e+02		3.5450000e+02		3.4586270e+02		5.3286368e-01		1.1238627e+00		9.2294696e-01		9.2294696e-01		0.0000000e+00
3.5500000e+02		3.5600000e+02		3.5550000e+02		3.2478382e+02		4.9661639e-01		1.0473864e+00		8.6016481e-01		8.6016481e-01		0.0000000e+00
3.5600000e+02		3.5700000e+02		3.5650000e+02		2.8234357e+02		4.3230172e-01		9.1172058e-01		7.4876854e-01		7.4876854e-01		0.0000000e+00
3.5700000e+02		3.5800000e+02		3.5750000e+02		2.4674321e+02		3.7988124e-01		8.0114609e-01		6.5797360e-01		6.5797360e-01		0.0000000e+00
3.5800000e+02		3.5900000e+02		3.5850000e+02		2.1181106e+02		3.2563619e-01		6.8672962e-01		5.6401843e-01		5.6401843e-01		0.0000000e+00
3.5900000e+02		3.6000000e+02		3.5950000e+02		3.0582840e+02		4.6962334e-01		9.9035791e-01		8.1341148e-01		8.1341148e-01		0.0000000e+00
3.6000000e+02		3.6100000e+02		3.6050000e+02		3.0178862e+02		4.6405890e-01		9.7859987e-01		8.0377359e-01		8.0377359e-01		0.0000000e+00
3.6100000e+02		3.6200000e+02		3.6150000e+02		2.8033735e+02		4.2960335e-01		9.0591909e-01		7.4409483e-01		7.4409483e-01		0.0000000e+00
3.6200000e+02		3.6300000e+02		3.6250000e+02		3.1645921e+02		4.8518073e-01		1.0230931e+00		8.4035768e-01		8.4035768e-01		0.0000000e+00
3.6300000e+02		3.6400000e+02		3.6350000e+02		3.0810145e+02		4.7335842e-01		9.9814054e-01		8.1988083e-01		8.1988083e-01		0.0000000e+00
3.6400000e+02		3.6500000e+02		3.6450000e+02		3.2221950e+02		4.9340405e-01		1.0403858e+00		8.5460088e-01		8.5460088e-01		0.0000000e+00
3.6500000e+02		3.6600000e+02		3.6550000e+02		3.6674574e+02		5.6294919e-01		1.1870013e+00		9.7505661e-01		9.7505661e-01		0.0000000e+00
3.6600000e+02		3.6700000e+02		3.6650000e+02		3.9198946e+02		5.9988452e-01		1.2648531e+00		1.0390305e+00		1.0390305e+00		0.0000000e+00
3.6700000e+02		3.6800000e+02		3.6750000e+02		3.7850004e+02		5.8073944e-01		1.2244591e+00		1.0058702e+00		1.0058702e+00		0.0000000e+00
3.6800000e+02		3.6900000e+02		3.6850000e+02		3.4895620e+02		5.3453052e-01		1.1270058e+00		9.2583402e-01		9.2583402e-01		0.0000000e+00
3.6900000e+02		3.7000000e+02		3.6950000e+02		3.8736224e+02		5.9666924e-01		1.2579927e+00		1.0334614e+00		1.0334614e+00		0.0000000e+00
3.7000000e+02		3.7100000e+02		3.7050000e+02		3.6351013e+02		5.5832650e-01		1.1771279e+00		9.6704987e-01		9.6704987e-01		0.0000000e+00
3.7100000e+02		3.7200000e+02		3.7150000e+02		3.7529261e+02		5.7723822e-01		1.2169748e+00		9.9980592e-01		9.9980592e-01		0.0000000e+00
3.7200000e+02		3.7300000e+02		3.7250000e+02		3.1177186e+02		4.7959328e-01		1.0110923e+00		8.3067993e-01		8.3067993e-01		0.0000000e+00
3.7300000e+02		3.7400000e+02		3.7350000e+02		2.7192112e+02		4.1830372e-01		8.8186225e-01		7.2452330e-01		7.2452330e-01		0.0000000e+00
3.7400000e+02		3.7500000e+02		3.7450000e+02		2.7832167e+02		4.2783150e-01		9.0193080e-01		7.4102589e-01		7.4102589e-01		0.0000000e+00
3.7500000e+02		3.7600000e+02		3.7550000e+02		3.1876744e+02		4.9035619e-01		1.0337218e+00		8.4932183e-01		8.4932183e-01		0.0000000e+00
3.7600000e+02		3.7700000e+02		3.7650000e+02		3.3048657e+02		5.0649215e-01		1.0677177e+00		8.7727014e-01		8.7727014e-01		0.0000000e+00
3.7700000e+02		3.7800000e+02		3.7750000e+02		3.8770864e+02		5.9007321e-01		1.2438883e+00		1.0220368e+00		1.0220368e+00		0.0000000e+00
3.7800000e+02		3.7900000e+02		3.7850000e+02		4.0380398e+02		6.1996351e-01		1.3068735e+00		1.0738083e+00		1.0738083e+00		0.0000000e+00
3.7900000e+02		3.8000000e+02		3.7950000e+02		3.2744385e+02		5.0506250e-01		1.0646443e+00		8.7479391e-01		8.7479391e-01		0.0000000e+00
3.8000000e+02		3.8100000e+02		3.8050000e+02		3.5656330e+02		5.4777077e-01		1.1546501e+00		9.4876681e-01		9.4876681e-01		0.0000000e+00
3.8100000e+02		3.8200000e+02		3.8150000e+02		3.2019140e+02		4.9339385e-01		1.0400100e+00		8.5458322e-01		8.5458322e-01		0.0000000e+00
3.8200000e+02		3.8300000e+02		3.8250000e+02		2.2964197e+02		3.5271888e-01		7.4347237e-01		6.1092702e-01		6.1092702e-01		0.0000000e+00
3.8300000e+02		3.8400000e+02		3.8350000e+02		2.0267593e+02		3.1202839e-01		6.5769219e-01		5.4044902e-01		5.4044902e-01		0.0000000e+00
3.8400000e+02		3.8500000e+02		3.8450000e+02		2.7111947e+02		4.1831250e-01		8.8170228e-01		7.2453850e-01		7.2453850e-01		0.0000000e+00
3.8500000e+02		3.8600000e+02		3.8550000e+02		2.8715912e+02		4.4201804e-01		9.3165210e-01		7.6559770e-01		7.6559770e-01		0.0000000e+00
3.8600000e+02		3.8700000e+02		3.8650000e+02		2.8837692e+02		4.2705463e-01		9.0009834e-01		7.3968033e-01		7.3968033e-01		0.0000000e+00
3.8700000e+02		3.8800000e+02		3.8750000e+02		2.8805300e+02		4.4282812e-01		9.3332857e-01		7.6700081e-01		7.6700081e-01		0.0000000e+00
3.8800000e+02		3.8900000e+02		3.8850000e+02		2.9209390e+02		4.5223481e-01		9.5313913e-01		7.8329368e-01		7.8329368e-01		0.0000000e+00
3.8900000e+02		3.9000000e+02		3.8950000e+02		3.5069332e+02		5.4028691e-01		1.1387012e+00		9.3580439e-01		9.3580439e-01		0.0000000e+00
3.9000000e+02		3.9100000e+02		3.9050000e+02		3.6838836e+02		5.6821663e-01		1.1975466e+00		9.8418008e-01		9.8418008e-01		0.0000000e+00
3.9100000e+02		3.9200000e+02		3.9150000e+02		3.9613874e+02		6.1196923e-01		1.2897373e+00		1.0599618e+00		1.0599618e+00		0.0000000e+00
3.9200000e+02		3.9300000e+02		3.9250000e+02		3.0403432e+02		4.6688763e-01		9.8395981e-01		8.0867309e-01		8.0867309e-01		0.0000000e+00
3.9300000e+02		3.9400000e+02		3.9350000e+02		1.8639471e+02		2.8624485e-01		6.0324826e-01		4.9579063e-01		4.9579063e-01		0.0000000e+00
3.9400000e+02		3.9500000e+02		3.9450000e+02		3.0813115e+02		4.7093636e-01		9.9246249e-01		8.1568571e-01		8.1568571e-01		0.0000000e+00
3.9500000e+02		3.9600000e+02		3.9550000e+02		3.7840801e+02		5.8022258e-01		1.2227568e+00		1.0049750e+00		1.0049750e+00		0.0000000e+00
3.9600000e+02		3.9700000e+02		3.9650000e+02		2.6140326e+02		3.9983420e-01		8.4259716e-01		6.9253314e-01		6.9253314e-01		0.0000000e+00
3.9700000e+02		3.9800000e+02		3.9750000e+02		2.9300657e+02		4.4703089e-01		9.4204477e-01		7.7428021e-01		7.7428021e-01		0.0000000e+00
3.9800000e+02		3.9900000e+02		3.9850000e+02		4.5124719e+02		6.8828998e-01		1.4504424e+00		1.1921532e+00		1.1921532e+00		0.0000000e+00
3.9900000e+02		4.0000000e+02		3.9950000e+02		4.9846141e+02		7.5748337e-01		1.5962364e+00		1.3119997e+00		1.3119997e+00		0.0000000e+00
4.0000000e+02		4.0100000e+02		4.0050000e+02		5.1407199e+02		7.8363770e-01		1.6513179e+00		1.3573003e+00		1.3573003e+00		0.0000000e+00
4.0100000e+02		4.0200000e+02		4.0150000e+02		5.3860814e+02		8.3234464e-01		1.7539281e+00		1.4416632e+00		1.4416632e+00		0.0000000e+00
4.0200000e+02		4.0300000e+02		4.0250000e+02		5.4526519e+02		8.2976440e-01		1.7484673e+00		1.4371941e+00		1.4371941e+00		0.0000000e+00
4.0300000e+02		4.0400000e+02		4.0350000e+02		5.2165796e+02		7.8692708e-01		1.6581790e+00		1.3629977e+00		1.3629977e+00		0.0000000e+00
4.0400000e+02		4.0500000e+02		4.0450000e+02		5.1300620e+02		7.9127000e-01		1.6673083e+00		1.3705198e+00		1.3705198e+00		0.0000000e+00
4.0500000e+02		4.0600000e+02		4.0550000e+02		5.1256585e+02		7.7678940e-01		1.6367745e+00		1.3454387e+00		1.3454387e+00		0.0000000e+00
4.0600000e+02		4.0700000e+02		4.0650000e+02		4.9035274e+02		7.4827027e-01		1.5766616e+00		1.2960421e+00		1.2960421e+00		0.0000000e+00
4.0700000e+02		4.0800000e+02		4.0750000e+02		4.9838294e+02		7.5957780e-01		1.6004671e+00		1.3156273e+00		1.3156273e+00		0.0000000e+00
4.0800000e+02		4.0900000e+02		4.0850000e+02		5.2990289e+02		8.0712554e-01		1.7006313e+00		1.3979824e+00		1.3979824e+00		0.0000000e+00
4.0900000e+02		4.1000000e+02		4.0950000e+02		5.2713439e+02		8.0702330e-01		1.7003948e+00		1.3978054e+00		1.3978054e+00		0.0000000e+00
4.1000000e+02		4.1100000e+02		4.1050000e+02		4.8293937e+02		7.3549913e-01		1.5496748e+00		1.2739219e+00		1.2739219e+00		0.0000000e+00
4.1100000e+02		4.1200000e+02		4.1150000e+02		5.5986852e+02		8.5010393e-01		1.7911221e+00		1.4724232e+00		1.4724232e+00		0.0000000e+00
4.1200000e+02		4.1300000e+02		4.1250000e+02		5.4940473e+02		8.3420745e-01		1.7576082e+00		1.4448897e+00		1.4448897e+00		0.0000000e+00
4.1300000e+02		4.1400000e+02		4.1350000e+02		5.2995399e+02		8.0476703e-01		1.6955597e+00		1.3938974e+00		1.3938974e+00		0.0000000e+00
4.1400000e+02		4.1500000e+02		4.1450000e+02		5.3771640e+02		8.1445120e-01		1.7159434e+00		1.4106709e+00		1.4106709e+00		0.0000000e+00
4.1500000e+02		4.1600000e+02		4.1550000e+02		5.3722776e+02		8.1178424e-01		1.7103049e+00		1.4060515e+00		1.4060515e+00		0.0000000e+00
4.1600000e+02		4.1700000e+02		4.1650000e+02		5.5745703e+02		8.4187085e-01		1.7736728e+00		1.4581631e+00		1.4581631e+00		0.0000000e+00
4.1700000e+02		4.1800000e+02		4.1750000e+02		5.0725322e+02		7.6816486e-01		1.6183693e+00		1.3305006e+00		1.3305006e+00		0.0000000e+00
4.1800000e+02		4.1900000e+02		4.1850000e+02		5.2601513e+02		8.0179642e-01		1.6892074e+00		1.3887521e+00		1.3887521e+00		0.0000000e+00
4.1900000e+02		4.2000000e+02		4.1950000e+02		5.3123875e+02		8.0372461e-01		1.6932494e+00		1.3920919e+00		1.3920919e+00		0.0000000e+00
4.2000000e+02		4.2100000e+02		4.2050000e+02		5.3797708e+02		8.0668225e-01		1.6994621e+00		1.3972147e+00		1.3972147e+00		0.0000000e+00
4.2100000e+02		4.2200000e+02		4.2150000e+02		5.2958361e+02		8.0039217e-01		1.6861926e+00		1.3863199e+00		1.3863199e+00		0.0000000e+00
4.2200000e+02		4.2300000e+02		4.2250000e+02		5.0190537e+02		6.4041287e-01		1.3491488e+00		1.1092276e+00		1.1092276e+00		0.0000000e+00
4.2300000e+02		4.2400000e+02		4.2350000e+02		5.3474862e+02		8.0760828e-01		1.7013594e+00		1.3988186e+00		1.3988186e+00		0.0000000e+00
4.2400000e+02		4.2500000e+02		4.2450000e+02		5.5328403e+02		8.2944639e-01		1.7473471e+00		1.4366433e+00		1.4366433e+00		0.0000000e+00
4.2500000e+02		4.2600000e+02		4.2550000e+02		5.3248014e+02		7.9705967e-01		1.6791028e+00		1.3805478e+00		1.3805478e+00		0.0000000e+00
4.2600000e+02		4.2700000e+02		4.2650000e+02		5.3029841e+02		7.9302297e-01		1.6705823e+00		1.3735561e+00		1.3735561e+00		0.0000000e+00
4.2700000e+02		4.2800000e+02		4.2750000e+02		4.9171747e+02		7.3569140e-01		1.5497923e+00		1.2742549e+00		1.2742549e+00		0.0000000e+00
4.2800000e+02		4.2900000e+02		4.2850000e+02		4.9494538e+02		7.3631555e-01		1.5510920e+00		1.2753359e+00		1.2753359e+00		0.0000000e+00
4.2900000e+02		4.3000000e+02		4.2950000e+02		4.6063718e+02		6.2711817e-01		1.3210486e+00		1.0862005e+00		1.0862005e+00		0.0000000e+00
4.3000000e+02		4.3100000e+02		4.3050000e+02		3.7055843e+02		5.4303135e-01		1.1439056e+00		9.4055788e-01		9.4055788e-01		0.0000000e+00
4.3100000e+02		4.3200000e+02		4.3150000e+02		4.5818753e+02		6.7729495e-01		1.4267209e+00		1.1731093e+00		1.1731093e+00		0.0000000e+00
4.3200000e+02		4.3300000e+02		4.3250000e+02		5.1625369e+02		7.6312429e-01		1.6075054e+00		1.3217700e+00		1.3217700e+00		0.0000000e+00
4.3300000e+02		4.3400000e+02		4.3350000e+02		5.6047485e+02		8.3371951e-01		1.7561966e+00		1.4440445e+00		1.4440445e+00		0.0000000e+00
4.3400000e+02		4.3500000e+02		4.3450000e+02		4.7595241e+02		6.9747112e-01		1.4691815e+00		1.2080554e+00		1.2080554e+00		0.0000000e+00
4.3500000e+02		4.3600000e+02		4.3550000e+02		5.3162725e+02		7.7803291e-01		1.6388655e+00		1.3475925e+00		1.3475925e+00		0.0000000e+00
4.3600000e+02		4.3700000e+02		4.3650000e+02		5.9481241e+02		8.6430292e-01		1.8205704e+00		1.4970166e+00		1.4970166e+00		0.0000000e+00
4.3700000e+02		4.3800000e+02		4.3750000e+02		5.2629983e+02		7.5966201e-01		1.6001404e+00		1.3157732e+00		1.3157732e+00		0.0000000e+00
4.3800000e+02		4.3900000e+02		4.3850000e+02		5.1257868e+02		7.3597878e-01		1.5502410e+00		1.2747526e+00		1.2747526e+00		0.0000000e+00
4.3900000e+02		4.4000000e+02		4.3950000e+02		5.7051902e+02		8.2047934e-01		1.7282155e+00		1.4211119e+00		1.4211119e+00		0.0000000e+00
4.4000000e+02		4.4100000e+02		4.4050000e+02		5.4089681e+02		7.7500457e-01		1.6324167e+00		1.3423473e+00		1.3423473e+00		0.0000000e+00
4.4100000e+02		4.4200000e+02		4.4150000e+02		5.9491633e+02		8.4305193e-01		1.7757453e+00		1.4602088e+00		1.4602088e+00		0.0000000e+00
4.4200000e+02		4.4300000e+02		4.4250000e+02		6.2544254e+02		8.5767242e-01		1.8065350e+00		1.4855322e+00		1.4855322e+00		0.0000000e+00
4.4300000e+02		4.4400000e+02		4.4350000e+02		6.0497206e+02		6.3061576e-01		1.3282686e+00		1.0922585e+00		1.0922585e+00		0.0000000e+00
4.4400000e+02		4.4500000e+02		4.4450000e+02		6.2324411e+02		8.6246015e-01		1.8166047e+00		1.4938248e+00		1.4938248e+00		0.0000000e+00
4.4500000e+02		4.4600000e+02		4.4550000e+02		5.7783999e+02		7.9372983e-01		1.6718209e+00		1.3747804e+00		1.3747804e+00		0.0000000e+00
4.4600000e+02		4.4700000e+02		4.4650000e+02		5.8940025e+02		8.1144727e-01		1.7091057e+00		1.4054679e+00		1.4054679e+00		0.0000000e+00
4.4700000e+02		4.4800000e+02		4.4750000e+02		6.3881895e+02		8.8744948e-01		1.8691653e+00		1.5371076e+00		1.5371076e+00		0.0000000e+00
4.4800000e+02		4.4900000e+02		4.4850000e+02		6.2805979e+02		8.6483445e-01		1.8215133e+00		1.4979372e+00		1.4979372e+00		0.0000000e+00
4.4900000e+02		4.5000000e+02		4.4950000e+02		6.3454704e+02		8.6705648e-01		1.8261770e+00		1.5017859e+00		1.5017859e+00		0.0000000e+00
4.5000000e+02		4.5100000e+02		4.5050000e+02		6.7325368e+02		9.0772655e-01		1.9118207e+00		1.5722285e+00		1.5722285e+00		0.0000000e+00
4.5100000e+02		4.5200000e+02		4.5150000e+02		6.7122600e+02		9.0662292e-01		1.9094821e+00		1.5703170e+00		1.5703170e+00		0.0000000e+00
4.5200000e+02		4.5300000e+02		4.5250000e+02		6.3541039e+02		8.6133991e-01		1.8140960e+00		1.4918845e+00		1.4918845e+00		0.0000000e+00
4.5300000e+02		4.5400000e+02		4.5350000e+02		6.0888666e+02		8.1762835e-01		1.7220211e+00		1.4161738e+00		1.4161738e+00		0.0000000e+00
4.5400000e+02		4.5500000e+02		4.5450000e+02		6.4999363e+02		8.7115272e-01		1.8347366e+00		1.5088808e+00		1.5088808e+00		0.0000000e+00
4.5500000e+02		4.5600000e+02		4.5550000e+02		6.4380306e+02		8.5874274e-01		1.8085870e+00		1.4873861e+00		1.4873861e+00		0.0000000e+00
4.5600000e+02		4.5700000e+02		4.5650000e+02		6.6853861e+02		8.8007944e-01		1.8535110e+00		1.5243423e+00		1.5243423e+00		0.0000000e+00
4.5700000e+02		4.5800000e+02		4.5750000e+02		6.7499745e+02		8.9255632e-01		1.8797751e+00		1.5459529e+00		1.5459529e+00		0.0000000e+00
4.5800000e+02		4.5900000e+02		4.5850000e+02		6.3439039e+02		8.2877578e-01		1.7454376e+00		1.4354818e+00		1.4354818e+00		0.0000000e+00
4.5900000e+02		4.6000000e+02		4.5950000e+02		6.5539586e+02		8.4976146e-01		1.7896222e+00		1.4718300e+00		1.4718300e+00		0.0000000e+00
4.6000000e+02		4.6100000e+02		4.6050000e+02		6.4752339e+02		8.3442729e-01		1.7573162e+00		1.4452705e+00		1.4452705e+00		0.0000000e+00
4.6100000e+02		4.6200000e+02		4.6150000e+02		6.6245412e+02		8.4879614e-01		1.7875654e+00		1.4701580e+00		1.4701580e+00		0.0000000e+00
4.6200000e+02		4.6300000e+02		4.6250000e+02		6.6901120e+02		8.4231826e-01		1.7739113e+00		1.4589380e+00		1.4589380e+00		0.0000000e+00
4.6300000e+02		4.6400000e+02		4.6350000e+02		6.4662616e+02		8.1398951e-01		1.7142402e+00		1.4098712e+00		1.4098712e+00		0.0000000e+00
4.6400000e+02		4.6500000e+02		4.6450000e+02		6.5795753e+02		8.2042451e-01		1.7277811e+00		1.4210169e+00		1.4210169e+00		0.0000000e+00
4.6500000e+02		4.6600000e+02		4.6550000e+02		6.3552746e+02		7.8673269e-01		1.6568169e+00		1.3626610e+00		1.3626610e+00		0.0000000e+00
4.6600000e+02		4.6700000e+02		4.6650000e+02		6.3955371e+02		7.7507733e-01		1.6322611e+00		1.3424733e+00		1.3424733e+00		0.0000000e+00
4.6700000e+02		4.6800000e+02		4.6750000e+02		6.4572639e+02		7.6003719e-01		1.6005816e+00		1.3164230e+00		1.3164230e+00		0.0000000e+00
4.6800000e+02		4.6900000e+02		4.6850000e+02		6.3145002e+02		7.2597913e-01		1.5288481e+00		1.2574327e+00		1.2574327e+00		0.0000000e+00
4.6900000e+02		4.7000000e+02		4.6950000e+02		6.4956875e+02		7.6908325e-01		1.6196158e+00		1.3320913e+00		1.3320913e+00		0.0000000e+00
4.7000000e+02		4.7100000e+02		4.7050000e+02		6.1381170e+02		7.2307184e-01		1.5227114e+00		1.2523972e+00		1.2523972e+00		0.0000000e+00
4.7100000e+02		4.7200000e+02		4.7150000e+02		6.4174114e+02		7.4278089e-01		1.5642089e+00		1.2865342e+00		1.2865342e+00		0.0000000e+00
4.7200000e+02		4.7300000e+02		4.7250000e+02		6.5742798e+02		7.4284784e-01		1.5643412e+00		1.2866502e+00		1.2866502e+00		0.0000000e+00
4.7300000e+02		4.7400000e+02		4.7350000e+02		6.4563741e+02		7.3255902e-01		1.5426711e+00		1.2688294e+00		1.2688294e+00		0.0000000e+00
4.7400000e+02		4.7500000e+02		4.7450000e+02		6.6512717e+02		7.5060981e-01		1.5806657e+00		1.3000943e+00		1.3000943e+00		0.0000000e+00
4.7500000e+02		4.7600000e+02		4.7550000e+02		6.6365303e+02		7.3988827e-01		1.5580730e+00		1.2815241e+00		1.2815241e+00		0.0000000e+00
4.7600000e+02		4.7700000e+02		4.7650000e+02		6.3952653e+02		6.4242221e-01		1.3528183e+00		1.1127079e+00		1.1127079e+00		0.0000000e+00
4.7700000e+02		4.7800000e+02		4.7750000e+02		6.6772274e+02		7.2580234e-01		1.5283924e+00		1.2571265e+00		1.2571265e+00		0.0000000e+00
4.7800000e+02		4.7900000e+02		4.7850000e+02		6.6128260e+02		6.7868902e-01		1.4291734e+00		1.1755239e+00		1.1755239e+00		0.0000000e+00
4.7900000e+02		4.8000000e+02		4.7950000e+02		6.6320839e+02		7.0985045e-01		1.4947846e+00		1.2294970e+00		1.2294970e+00		0.0000000e+00
4.8000000e+02		4.8100000e+02		4.8050000e+02		6.6489751e+02		6.7477697e-01		1.4209201e+00		1.1687480e+00		1.1687480e+00		0.0000000e+00
4.8100000e+02		4.8200000e+02		4.8150000e+02		6.6630748e+02		6.8468997e-01		1.4417868e+00		1.1859178e+00		1.1859178e+00		0.0000000e+00
4.8200000e+02		4.8300000e+02		4.8250000e+02		6.6376999e+02		6.6963564e-01		1.4100787e+00		1.1598429e+00		1.1598429e+00		0.0000000e+00
4.8300000e+02		4.8400000e+02		4.8350000e+02		6.5373157e+02		6.5326997e-01		1.3756110e+00		1.1314968e+00		1.1314968e+00		0.0000000e+00
4.8400000e+02		4.8500000e+02		4.8450000e+02		6.4242337e+02		6.1940248e-01		1.3042911e+00		1.0728366e+00		1.0728366e+00		0.0000000e+00
4.8500000e+02		4.8600000e+02		4.8550000e+02		6.0369332e+02		5.8479128e-01		1.2314073e+00		1.0128882e+00		1.0128882e+00		0.0000000e+00
4.8600000e+02		4.8700000e+02		4.8650000e+02		5.2412565e+02		4.5704837e-01		9.6240842e-01		7.9163101e-01		7.9163101e-01		0.0000000e+00
4.8700000e+02		4.8800000e+02		4.8750000e+02		5.9966111e+02		5.4499619e-01		1.1475979e+00		9.4396110e-01		9.4396110e-01		0.0000000e+00
4.8800000e+02		4.8900000e+02		4.8850000e+02		6.3081686e+02		5.5500222e-01		1.1686618e+00		9.6129204e-01		9.6129204e-01		0.0000000e+00
4.8900000e+02		4.9000000e+02		4.8950000e+02		6.1880396e+02		5.5569406e-01		1.1701122e+00		9.6249034e-01		9.6249034e-01		0.0000000e+00
4.9000000e+02		4.9100000e+02		4.9050000e+02		6.5907671e+02		5.8391134e-01		1.2295206e+00		1.0113641e+00		1.0113641e+00		0.0000000e+00
4.9100000e+02		4.9200000e+02		4.9150000e+02		6.2110374e+02		5.3066474e-01		1.1173963e+00		9.1913829e-01		9.1913829e-01		0.0000000e+00
4.9200000e+02		4.9300000e+02		4.9250000e+02		5.9112858e+02		4.7636017e-01		1.0030416e+00		8.2508002e-01		8.2508002e-01		0.0000000e+00
4.9300000e+02		4.9400000e+02		4.9350000e+02		6.2472140e+02		5.2812053e-01		1.1120244e+00		9.1473159e-01		9.1473159e-01		0.0000000e+00
4.9400000e+02		4.9500000e+02		4.9450000e+02		6.4279699e+02		5.2204474e-01		1.0992256e+00		9.0420802e-01		9.0420802e-01		0.0000000e+00
4.9500000e+02		4.9600000e+02		4.9550000e+02		6.3133158e+02		5.0988042e-01		1.0736073e+00		8.8313879e-01		8.8313879e-01		0.0000000e+00
4.9600000e+02		4.9700000e+02		4.9650000e+02		6.3921352e+02		3.9722787e-01		8.3640160e-01		6.8801886e-01		6.8801886e-01		0.0000000e+00
4.9700000e+02		4.9800000e+02		4.9750000e+02		6.5113923e+02		4.3930762e-01		9.2500041e-01		7.6090312e-01		7.6090312e-01		0.0000000e+00
4.9800000e+02		4.9900000e+02		4.9850000e+02		5.9175801e+02		4.4989110e-01		9.4728124e-01		7.7923424e-01		7.7923424e-01		0.0000000e+00
4.9900000e+02		5.0000000e+02		4.9950000e+02		6.3385792e+02		4.6464490e-01		9.7834522e-01		8.0478858e-01		8.0478858e-01		0.0000000e+00
