Left Bin Edge (nm)	Right Bin Edge (nm)	Bin Center (nm)		Top of Atm Intensity (erg/s/nm/cm2)		Total Surface Flux (erg/s/nm/cm2)		Total Intensity at BOA (erg/s/nm/cm2)		Total Surface Intensity (erg/s/nm/cm2)		Total Surface Diffuse Intensity (erg/s/nm/cm2)		Total Surface Direct Intensity (erg/s/nm/cm2)
1.0000000e+02		1.0100000e+02		1.0050000e+02		1.9189487e-02		0.0000000e+00		0.0000000e+00		0.0000000e+00		0.0000000e+00		0.0000000e+00
1.0100000e+02		1.0200000e+02		1.0150000e+02		7.4861701e-02		0.0000000e+00		0.0000000e+00		0.0000000e+00		0.0000000e+00		0.0000000e+00
1.0200000e+02		1.0300000e+02		1.0250000e+02		3.9734366e-01		0.0000000e+00		0.0000000e+00		0.0000000e+00		0.0000000e+00		0.0000000e+00
1.0300000e+02		1.0400000e+02		1.0350000e+02		3.0179545e-01		0.0000000e+00		0.0000000e+00		0.0000000e+00		0.0000000e+00		0.0000000e+00
1.0400000e+02		1.0500000e+02		1.0450000e+02		6.0815352e-02		0.0000000e+00		0.0000000e+00		0.0000000e+00		0.0000000e+00		0.0000000e+00
1.0500000e+02		1.0600000e+02		1.0550000e+02		2.0834600e-02		0.0000000e+00		0.0000000e+00		0.0000000e+00		0.0000000e+00		0.0000000e+00
1.0600000e+02		1.0700000e+02		1.0650000e+02		1.9584792e-02		0.0000000e+00		0.0000000e+00		0.0000000e+00		0.0000000e+00		0.0000000e+00
1.0700000e+02		1.0800000e+02		1.0750000e+02		2.1853879e-02		0.0000000e+00		0.0000000e+00		0.0000000e+00		0.0000000e+00		0.0000000e+00
1.0800000e+02		1.0900000e+02		1.0850000e+02		3.0634999e-02		0.0000000e+00		0.0000000e+00		0.0000000e+00		0.0000000e+00		0.0000000e+00
1.0900000e+02		1.1000000e+02		1.0950000e+02		2.4032561e-02		0.0000000e+00		0.0000000e+00		0.0000000e+00		0.0000000e+00		0.0000000e+00
1.1000000e+02		1.1100000e+02		1.1050000e+02		2.3268893e-02		0.0000000e+00		0.0000000e+00		0.0000000e+00		0.0000000e+00		0.0000000e+00
1.1100000e+02		1.1200000e+02		1.1150000e+02		2.1871272e-02		0.0000000e+00		0.0000000e+00		0.0000000e+00		0.0000000e+00		0.0000000e+00
1.1200000e+02		1.1300000e+02		1.1250000e+02		2.2375602e-02		0.0000000e+00		0.0000000e+00		0.0000000e+00		0.0000000e+00		0.0000000e+00
1.1300000e+02		1.1400000e+02		1.1350000e+02		1.7748133e-02		0.0000000e+00		0.0000000e+00		0.0000000e+00		0.0000000e+00		0.0000000e+00
1.1400000e+02		1.1500000e+02		1.1450000e+02		1.3589480e-02		0.0000000e+00		0.0000000e+00		0.0000000e+00		0.0000000e+00		0.0000000e+00
1.1500000e+02		1.1600000e+02		1.1550000e+02		1.8751615e-02		0.0000000e+00		0.0000000e+00		0.0000000e+00		0.0000000e+00		0.0000000e+00
1.1600000e+02		1.1700000e+02		1.1650000e+02		4.3674487e-02		0.0000000e+00		0.0000000e+00		0.0000000e+00		0.0000000e+00		0.0000000e+00
1.1700000e+02		1.1800000e+02		1.1750000e+02		1.5546757e-01		0.0000000e+00		0.0000000e+00		0.0000000e+00		0.0000000e+00		0.0000000e+00
1.1800000e+02		1.1900000e+02		1.1850000e+02		5.2889236e-02		0.0000000e+00		0.0000000e+00		0.0000000e+00		0.0000000e+00		0.0000000e+00
1.1900000e+02		1.2000000e+02		1.1950000e+02		7.3692884e-02		0.0000000e+00		0.0000000e+00		0.0000000e+00		0.0000000e+00		0.0000000e+00
1.2000000e+02		1.2100000e+02		1.2050000e+02		4.0066072e-01		0.0000000e+00		0.0000000e+00		0.0000000e+00		0.0000000e+00		0.0000000e+00
1.2100000e+02		1.2200000e+02		1.2150000e+02		1.5905289e+01		0.0000000e+00		0.0000000e+00		0.0000000e+00		0.0000000e+00		0.0000000e+00
1.2200000e+02		1.2300000e+02		1.2250000e+02		1.0666543e-01		0.0000000e+00		0.0000000e+00		0.0000000e+00		0.0000000e+00		0.0000000e+00
1.2300000e+02		1.2400000e+02		1.2350000e+02		5.7456553e-02		0.0000000e+00		0.0000000e+00		0.0000000e+00		0.0000000e+00		0.0000000e+00
1.2400000e+02		1.2500000e+02		1.2450000e+02		4.6184197e-02		0.0000000e+00		0.0000000e+00		0.0000000e+00		0.0000000e+00		0.0000000e+00
1.2500000e+02		1.2600000e+02		1.2550000e+02		4.5085118e-02		0.0000000e+00		0.0000000e+00		0.0000000e+00		0.0000000e+00		0.0000000e+00
1.2600000e+02		1.2700000e+02		1.2650000e+02		6.3054464e-02		0.0000000e+00		0.0000000e+00		0.0000000e+00		0.0000000e+00		0.0000000e+00
1.2700000e+02		1.2800000e+02		1.2750000e+02		3.3006429e-02		0.0000000e+00		0.0000000e+00		0.0000000e+00		0.0000000e+00		0.0000000e+00
1.2800000e+02		1.2900000e+02		1.2850000e+02		2.6335196e-02		0.0000000e+00		0.0000000e+00		0.0000000e+00		0.0000000e+00		0.0000000e+00
1.2900000e+02		1.3000000e+02		1.2950000e+02		3.5131240e-02		0.0000000e+00		0.0000000e+00		0.0000000e+00		0.0000000e+00		0.0000000e+00
1.3000000e+02		1.3100000e+02		1.3050000e+02		2.8850634e-01		0.0000000e+00		0.0000000e+00		0.0000000e+00		0.0000000e+00		0.0000000e+00
1.3100000e+02		1.3200000e+02		1.3150000e+02		3.9064855e-02		0.0000000e+00		0.0000000e+00		0.0000000e+00		0.0000000e+00		0.0000000e+00
1.3200000e+02		1.3300000e+02		1.3250000e+02		3.0374778e-02		0.0000000e+00		0.0000000e+00		0.0000000e+00		0.0000000e+00		0.0000000e+00
1.3300000e+02		1.3400000e+02		1.3350000e+02		4.1056606e-01		0.0000000e+00		0.0000000e+00		0.0000000e+00		0.0000000e+00		0.0000000e+00
1.3400000e+02		1.3500000e+02		1.3450000e+02		2.8092500e-02		0.0000000e+00		0.0000000e+00		0.0000000e+00		0.0000000e+00		0.0000000e+00
1.3500000e+02		1.3600000e+02		1.3550000e+02		5.8954708e-02		0.0000000e+00		0.0000000e+00		0.0000000e+00		0.0000000e+00		0.0000000e+00
1.3600000e+02		1.3700000e+02		1.3650000e+02		3.8690656e-02		0.0000000e+00		0.0000000e+00		0.0000000e+00		0.0000000e+00		0.0000000e+00
1.3700000e+02		1.3800000e+02		1.3750000e+02		3.9732879e-02		0.0000000e+00		0.0000000e+00		0.0000000e+00		0.0000000e+00		0.0000000e+00
1.3800000e+02		1.3900000e+02		1.3850000e+02		4.0549866e-02		0.0000000e+00		0.0000000e+00		0.0000000e+00		0.0000000e+00		0.0000000e+00
1.3900000e+02		1.4000000e+02		1.3950000e+02		1.3692187e-01		0.0000000e+00		0.0000000e+00		0.0000000e+00		0.0000000e+00		0.0000000e+00
1.4000000e+02		1.4100000e+02		1.4050000e+02		1.1939088e-01		0.0000000e+00		0.0000000e+00		0.0000000e+00		0.0000000e+00		0.0000000e+00
1.4100000e+02		1.4200000e+02		1.4150000e+02		5.7521948e-02		0.0000000e+00		0.0000000e+00		0.0000000e+00		0.0000000e+00		0.0000000e+00
1.4200000e+02		1.4300000e+02		1.4250000e+02		6.2343151e-02		0.0000000e+00		0.0000000e+00		0.0000000e+00		0.0000000e+00		0.0000000e+00
1.4300000e+02		1.4400000e+02		1.4350000e+02		6.9165895e-02		0.0000000e+00		0.0000000e+00		0.0000000e+00		0.0000000e+00		0.0000000e+00
1.4400000e+02		1.4500000e+02		1.4450000e+02		6.6149126e-02		0.0000000e+00		0.0000000e+00		0.0000000e+00		0.0000000e+00		0.0000000e+00
1.4500000e+02		1.4600000e+02		1.4550000e+02		7.0536262e-02		0.0000000e+00		0.0000000e+00		0.0000000e+00		0.0000000e+00		0.0000000e+00
1.4600000e+02		1.4700000e+02		1.4650000e+02		8.6012655e-02		0.0000000e+00		0.0000000e+00		0.0000000e+00		0.0000000e+00		0.0000000e+00
1.4700000e+02		1.4800000e+02		1.4750000e+02		1.0610345e-01		0.0000000e+00		0.0000000e+00		0.0000000e+00		0.0000000e+00		0.0000000e+00
1.4800000e+02		1.4900000e+02		1.4850000e+02		1.0405386e-01		0.0000000e+00		0.0000000e+00		0.0000000e+00		0.0000000e+00		0.0000000e+00
1.4900000e+02		1.5000000e+02		1.4950000e+02		9.4002421e-02		0.0000000e+00		0.0000000e+00		0.0000000e+00		0.0000000e+00		0.0000000e+00
1.5000000e+02		1.5100000e+02		1.5050000e+02		1.0343288e-01		0.0000000e+00		0.0000000e+00		0.0000000e+00		0.0000000e+00		0.0000000e+00
1.5100000e+02		1.5200000e+02		1.5150000e+02		1.0875212e-01		0.0000000e+00		0.0000000e+00		0.0000000e+00		0.0000000e+00		0.0000000e+00
1.5200000e+02		1.5300000e+02		1.5250000e+02		1.3876638e-01		0.0000000e+00		0.0000000e+00		0.0000000e+00		0.0000000e+00		0.0000000e+00
1.5300000e+02		1.5400000e+02		1.5350000e+02		1.5371418e-01		0.0000000e+00		0.0000000e+00		0.0000000e+00		0.0000000e+00		0.0000000e+00
1.5400000e+02		1.5500000e+02		1.5450000e+02		4.1112511e-01		0.0000000e+00		0.0000000e+00		0.0000000e+00		0.0000000e+00		0.0000000e+00
1.5500000e+02		1.5600000e+02		1.5550000e+02		3.3836363e-01		0.0000000e+00		0.0000000e+00		0.0000000e+00		0.0000000e+00		0.0000000e+00
1.5600000e+02		1.5700000e+02		1.5650000e+02		2.0084632e-01		0.0000000e+00		0.0000000e+00		0.0000000e+00		0.0000000e+00		0.0000000e+00
1.5700000e+02		1.5800000e+02		1.5750000e+02		1.8216796e-01		0.0000000e+00		0.0000000e+00		0.0000000e+00		0.0000000e+00		0.0000000e+00
1.5800000e+02		1.5900000e+02		1.5850000e+02		1.6795176e-01		0.0000000e+00		0.0000000e+00		0.0000000e+00		0.0000000e+00		0.0000000e+00
1.5900000e+02		1.6000000e+02		1.5950000e+02		1.6379377e-01		0.0000000e+00		0.0000000e+00		0.0000000e+00		0.0000000e+00		0.0000000e+00
1.6000000e+02		1.6100000e+02		1.6050000e+02		1.7926410e-01		0.0000000e+00		0.0000000e+00		0.0000000e+00		0.0000000e+00		0.0000000e+00
1.6100000e+02		1.6200000e+02		1.6150000e+02		2.0306941e-01		0.0000000e+00		0.0000000e+00		0.0000000e+00		0.0000000e+00		0.0000000e+00
1.6200000e+02		1.6300000e+02		1.6250000e+02		2.2492895e-01		0.0000000e+00		0.0000000e+00		0.0000000e+00		0.0000000e+00		0.0000000e+00
1.6300000e+02		1.6400000e+02		1.6350000e+02		4.7671727e-01		0.0000000e+00		0.0000000e+00		0.0000000e+00		0.0000000e+00		0.0000000e+00
1.6400000e+02		1.6500000e+02		1.6450000e+02		4.8753270e-01		0.0000000e+00		0.0000000e+00		0.0000000e+00		0.0000000e+00		0.0000000e+00
1.6500000e+02		1.6600000e+02		1.6550000e+02		5.7072689e-01		0.0000000e+00		0.0000000e+00		0.0000000e+00		0.0000000e+00		0.0000000e+00
1.6600000e+02		1.6700000e+02		1.6650000e+02		2.6919628e-01		0.0000000e+00		0.0000000e+00		0.0000000e+00		0.0000000e+00		0.0000000e+00
1.6700000e+02		1.6800000e+02		1.6750000e+02		2.8728373e-01		0.0000000e+00		0.0000000e+00		0.0000000e+00		0.0000000e+00		0.0000000e+00
1.6800000e+02		1.6900000e+02		1.6850000e+02		3.0958866e-01		0.0000000e+00		0.0000000e+00		0.0000000e+00		0.0000000e+00		0.0000000e+00
1.6900000e+02		1.7000000e+02		1.6950000e+02		3.8988989e-01		0.0000000e+00		0.0000000e+00		0.0000000e+00		0.0000000e+00		0.0000000e+00
1.7000000e+02		1.7100000e+02		1.7050000e+02		4.3752516e-01		0.0000000e+00		0.0000000e+00		0.0000000e+00		0.0000000e+00		0.0000000e+00
1.7100000e+02		1.7200000e+02		1.7150000e+02		4.3618394e-01		0.0000000e+00		0.0000000e+00		0.0000000e+00		0.0000000e+00		0.0000000e+00
1.7200000e+02		1.7300000e+02		1.7250000e+02		4.5514763e-01		0.0000000e+00		0.0000000e+00		0.0000000e+00		0.0000000e+00		0.0000000e+00
1.7300000e+02		1.7400000e+02		1.7350000e+02		4.5120572e-01		0.0000000e+00		0.0000000e+00		0.0000000e+00		0.0000000e+00		0.0000000e+00
1.7400000e+02		1.7500000e+02		1.7450000e+02		5.3951828e-01		0.0000000e+00		0.0000000e+00		0.0000000e+00		0.0000000e+00		0.0000000e+00
1.7500000e+02		1.7600000e+02		1.7550000e+02		6.4389120e-01		0.0000000e+00		0.0000000e+00		0.0000000e+00		0.0000000e+00		0.0000000e+00
1.7600000e+02		1.7700000e+02		1.7650000e+02		6.9472845e-01		0.0000000e+00		0.0000000e+00		0.0000000e+00		0.0000000e+00		0.0000000e+00
1.7700000e+02		1.7800000e+02		1.7750000e+02		8.1849614e-01		0.0000000e+00		0.0000000e+00		0.0000000e+00		0.0000000e+00		0.0000000e+00
1.7800000e+02		1.7900000e+02		1.7850000e+02		8.9455089e-01		0.0000000e+00		0.0000000e+00		0.0000000e+00		0.0000000e+00		0.0000000e+00
1.7900000e+02		1.8000000e+02		1.7950000e+02		8.6966614e-01		0.0000000e+00		0.0000000e+00		0.0000000e+00		0.0000000e+00		0.0000000e+00
1.8000000e+02		1.8100000e+02		1.8050000e+02		1.0753674e+00		0.0000000e+00		0.0000000e+00		0.0000000e+00		0.0000000e+00		0.0000000e+00
1.8100000e+02		1.8200000e+02		1.8150000e+02		1.3093431e+00		0.0000000e+00		0.0000000e+00		0.0000000e+00		0.0000000e+00		0.0000000e+00
1.8200000e+02		1.8300000e+02		1.8250000e+02		1.2087370e+00		0.0000000e+00		0.0000000e+00		0.0000000e+00		0.0000000e+00		0.0000000e+00
1.8300000e+02		1.8400000e+02		1.8350000e+02		1.2728289e+00		0.0000000e+00		0.0000000e+00		0.0000000e+00		0.0000000e+00		0.0000000e+00
1.8400000e+02		1.8500000e+02		1.8450000e+02		1.0940339e+00		0.0000000e+00		0.0000000e+00		0.0000000e+00		0.0000000e+00		0.0000000e+00
1.8500000e+02		1.8600000e+02		1.8550000e+02		1.2372281e+00		0.0000000e+00		0.0000000e+00		0.0000000e+00		0.0000000e+00		0.0000000e+00
1.8600000e+02		1.8700000e+02		1.8650000e+02		1.4037992e+00		0.0000000e+00		0.0000000e+00		0.0000000e+00		0.0000000e+00		0.0000000e+00
1.8700000e+02		1.8800000e+02		1.8750000e+02		1.5907538e+00		0.0000000e+00		0.0000000e+00		0.0000000e+00		0.0000000e+00		0.0000000e+00
1.8800000e+02		1.8900000e+02		1.8850000e+02		1.6735993e+00		1.2766383e-217		0.0000000e+00		1.2778182e-217		2.7918627e-220		1.2750264e-217
1.8900000e+02		1.9000000e+02		1.8950000e+02		1.8559600e+00		7.4224015e-148		0.0000000e+00		7.4325432e-148		2.3995562e-150		7.4085477e-148
1.9000000e+02		1.9100000e+02		1.9050000e+02		1.9109940e+00		3.8520569e-99		8.8559069e-96		3.8600753e-99		1.8971873e-101		3.8411035e-99
1.9100000e+02		1.9200000e+02		1.9150000e+02		2.0707336e+00		3.8750995e-72		1.0195429e-69		3.8868840e-72		2.7882358e-74		3.8590016e-72
1.9200000e+02		1.9300000e+02		1.9250000e+02		2.1685186e+00		2.8922644e-53		1.8290518e-50		3.9386192e-53		2.4757020e-53		1.4629172e-53
1.9300000e+02		1.9400000e+02		1.9350000e+02		1.6554009e+00		3.0118509e-39		5.0245815e-37		5.2103565e-39		5.2017200e-39		8.6364722e-42
1.9400000e+02		1.9500000e+02		1.9450000e+02		2.6556632e+00		4.4894295e-31		2.8112397e-29		7.7755793e-31		7.7751137e-31		4.6552400e-35
1.9500000e+02		1.9600000e+02		1.9550000e+02		2.5630279e+00		7.6320529e-25		2.2230991e-23		1.3219069e-24		1.3219021e-24		4.7571996e-30
1.9600000e+02		1.9700000e+02		1.9650000e+02		2.8204934e+00		1.6866255e-21		3.2981947e-20		2.9213190e-21		2.9213160e-21		2.9499941e-27
1.9700000e+02		1.9800000e+02		1.9750000e+02		2.8068384e+00		4.9713436e-19		7.2231287e-18		8.6106174e-19		8.6106143e-19		3.1802225e-25
1.9800000e+02		1.9900000e+02		1.9850000e+02		2.7505577e+00		1.9593148e-10		1.0262428e-09		3.3936328e-10		3.3936328e-10		1.6249267e-18
1.9900000e+02		2.0000000e+02		1.9950000e+02		2.8965557e+00		2.5442307e-02		5.8717701e-02		4.4067368e-02		4.4067368e-02		1.3145524e-12
2.0000000e+02		2.0100000e+02		2.0050000e+02		3.0623388e+00		7.5063750e-02		1.6825975e-01		1.3001423e-01		1.3001423e-01		3.2112430e-12
2.0100000e+02		2.0200000e+02		2.0150000e+02		3.2593670e+00		2.7542392e-01		5.9899085e-01		4.7704822e-01		4.7704822e-01		6.1222704e-12
2.0200000e+02		2.0300000e+02		2.0250000e+02		3.2217937e+00		3.1037233e-01		6.7286254e-01		5.3758064e-01		5.3758064e-01		7.1142460e-12
2.0300000e+02		2.0400000e+02		2.0350000e+02		3.4484145e+00		4.0300932e-01		8.6989225e-01		6.9803261e-01		6.9803261e-01		8.8481416e-12
2.0400000e+02		2.0500000e+02		2.0450000e+02		3.7117169e+00		4.6453393e-01		1.0008652e+00		8.0459636e-01		8.0459636e-01		1.0127446e-11
2.0500000e+02		2.0600000e+02		2.0550000e+02		3.7200399e+00		4.6736120e-01		1.0064505e+00		8.0949335e-01		8.0949335e-01		1.1210644e-11
2.0600000e+02		2.0700000e+02		2.0650000e+02		3.7247532e+00		4.6971046e-01		1.0110145e+00		8.1356239e-01		8.1356239e-01		1.2325164e-11
2.0700000e+02		2.0800000e+02		2.0750000e+02		4.0454145e+00		5.1135331e-01		1.1001230e+00		8.8568992e-01		8.8568992e-01		1.4154795e-11
2.0800000e+02		2.0900000e+02		2.0850000e+02		4.3759554e+00		5.5555064e-01		1.1946544e+00		9.6224193e-01		9.6224193e-01		1.7160642e-11
2.0900000e+02		2.1000000e+02		2.0950000e+02		5.6528678e+00		7.1806224e-01		1.5434212e+00		1.2437203e+00		1.2437203e+00		2.2308707e-11
2.1000000e+02		2.1100000e+02		2.1050000e+02		6.9678423e+00		8.9195959e-01		1.9163568e+00		1.5449193e+00		1.5449193e+00		3.3615214e-11
2.1100000e+02		2.1200000e+02		2.1150000e+02		7.9326445e+00		1.0146752e+00		2.1790743e+00		1.7574690e+00		1.7574690e+00		3.7238319e-11
2.1200000e+02		2.1300000e+02		2.1250000e+02		7.0734222e+00		9.0667411e-01		1.9463225e+00		1.5704056e+00		1.5704056e+00		3.4870668e-11
2.1300000e+02		2.1400000e+02		2.1350000e+02		7.2066449e+00		9.2583114e-01		1.9866374e+00		1.6035866e+00		1.6035866e+00		3.7480313e-11
2.1400000e+02		2.1500000e+02		2.1450000e+02		9.2279181e+00		1.1842545e+00		2.5401515e+00		2.0511889e+00		2.0511889e+00		4.6354826e-11
2.1500000e+02		2.1600000e+02		2.1550000e+02		7.9257408e+00		1.0190312e+00		2.1849133e+00		1.7650138e+00		1.7650138e+00		4.1546346e-11
2.1600000e+02		2.1700000e+02		2.1650000e+02		7.3353469e+00		9.5107143e-01		2.0384320e+00		1.6473040e+00		1.6473040e+00		4.7896977e-11
2.1700000e+02		2.1800000e+02		2.1750000e+02		7.5953881e+00		9.8139938e-01		2.1026614e+00		1.6998336e+00		1.6998336e+00		4.4824694e-11
2.1800000e+02		2.1900000e+02		2.1850000e+02		1.0217230e+01		1.3285760e+00		2.8454728e+00		2.3011611e+00		2.3011611e+00		7.1257451e-11
2.1900000e+02		2.2000000e+02		2.1950000e+02		1.0786519e+01		1.3994392e+00		2.9961974e+00		2.4238997e+00		2.4238997e+00		7.0348230e-11
2.2000000e+02		2.2100000e+02		2.2050000e+02		1.0851638e+01		1.4148819e+00		3.0282287e+00		2.4506473e+00		2.4506473e+00		8.0177164e-11
2.2100000e+02		2.2200000e+02		2.2150000e+02		8.6872371e+00		1.1340392e+00		2.4263437e+00		1.9642135e+00		1.9642135e+00		6.6003821e-11
2.2200000e+02		2.2300000e+02		2.2250000e+02		1.1691346e+01		1.5241778e+00		3.2600118e+00		2.6399533e+00		2.6399533e+00		8.5262478e-11
2.2300000e+02		2.2400000e+02		2.2350000e+02		1.5139682e+01		1.9806628e+00		4.2350333e+00		3.4306086e+00		3.4306086e+00		1.2057060e-10
2.2400000e+02		2.2500000e+02		2.2450000e+02		1.4154944e+01		1.8502745e+00		3.9550183e+00		3.2047694e+00		3.2047694e+00		1.0961567e-10
2.2500000e+02		2.2600000e+02		2.2550000e+02		1.2365614e+01		1.6219036e+00		3.4658256e+00		2.8092195e+00		2.8092195e+00		1.0428388e-10
2.2600000e+02		2.2700000e+02		2.2650000e+02		9.0577089e+00		1.1887614e+00		2.5395033e+00		2.0589951e+00		2.0589951e+00		7.7234010e-11
2.2700000e+02		2.2800000e+02		2.2750000e+02		8.8108381e+00		1.1559069e+00		2.4686099e+00		2.0020894e+00		2.0020894e+00		7.3952694e-11
2.2800000e+02		2.2900000e+02		2.2850000e+02		1.2275156e+01		1.6163111e+00		3.4509053e+00		2.7995329e+00		2.7995329e+00		1.1306626e-10
2.2900000e+02		2.3000000e+02		2.2950000e+02		1.1031259e+01		1.4575529e+00		3.1110987e+00		2.5245557e+00		2.5245557e+00		1.1084913e-10
2.3000000e+02		2.3100000e+02		2.3050000e+02		1.2510180e+01		1.6629554e+00		3.5485770e+00		2.8803233e+00		2.8803233e+00		1.4654420e-10
2.3100000e+02		2.3200000e+02		2.3150000e+02		1.1791833e+01		1.5640035e+00		3.3365546e+00		2.7089336e+00		2.7089336e+00		1.2970273e-10
2.3200000e+02		2.3300000e+02		2.3250000e+02		1.2664003e+01		1.6806362e+00		3.5844602e+00		2.9109473e+00		2.9109473e+00		1.4071829e-10
2.3300000e+02		2.3400000e+02		2.3350000e+02		1.1428554e+01		1.5206647e+00		3.2424675e+00		2.6338685e+00		2.6338685e+00		1.3543655e-10
2.3400000e+02		2.3500000e+02		2.3450000e+02		9.9864853e+00		1.3342510e+00		2.8442929e+00		2.3109905e+00		2.3109905e+00		1.3111921e-10
2.3500000e+02		2.3600000e+02		2.3550000e+02		1.3443360e+01		1.7922292e+00		3.8196835e+00		3.1042321e+00		3.1042321e+00		1.6618187e-10
2.3600000e+02		2.3700000e+02		2.3650000e+02		1.2448020e+01		1.6646723e+00		3.5470065e+00		2.8832970e+00		2.8832970e+00		1.6621860e-10
2.3700000e+02		2.3800000e+02		2.3750000e+02		1.3294723e+01		1.7783451e+00		3.7883577e+00		3.0801840e+00		3.0801840e+00		1.7773982e-10
2.3800000e+02		2.3900000e+02		2.3850000e+02		1.1021422e+01		1.4752853e+00		3.1420633e+00		2.5552692e+00		2.5552692e+00		1.4965009e-10
2.3900000e+02		2.4000000e+02		2.3950000e+02		1.2008577e+01		1.6068295e+00		3.4214865e+00		2.7831104e+00		2.7831104e+00		1.6072506e-10
2.4000000e+02		2.4100000e+02		2.4050000e+02		1.1032163e+01		1.4827500e+00		3.1566120e+00		2.5681983e+00		2.5681983e+00		1.6509431e-10
2.4100000e+02		2.4200000e+02		2.4150000e+02		1.2918879e+01		1.7356926e+00		3.6943359e+00		3.0063077e+00		3.0063077e+00		1.9068037e-10
2.4200000e+02		2.4300000e+02		2.4250000e+02		1.7782729e+01		2.3929607e+00		5.0922704e+00		4.1447296e+00		4.1447296e+00		2.7283993e-10
2.4300000e+02		2.4400000e+02		2.4350000e+02		1.6701989e+01		2.2569344e+00		4.8018555e+00		3.9091250e+00		3.9091250e+00		2.8465699e-10
2.4400000e+02		2.4500000e+02		2.4450000e+02		1.5641720e+01		2.1178720e+00		4.5051166e+00		3.6682620e+00		3.6682620e+00		2.7959673e-10
2.4500000e+02		2.4600000e+02		2.4550000e+02		1.2691134e+01		1.7217872e+00		3.6618774e+00		2.9822228e+00		2.9822228e+00		2.3807260e-10
2.4600000e+02		2.4700000e+02		2.4650000e+02		1.2350906e+01		1.6767196e+00		3.5653698e+00		2.9041635e+00		2.9041635e+00		2.3507947e-10
2.4700000e+02		2.4800000e+02		2.4750000e+02		1.3639226e+01		1.8482953e+00		3.9294979e+00		3.2013413e+00		3.2013413e+00		2.4721007e-10
2.4800000e+02		2.4900000e+02		2.4850000e+02		1.0938846e+01		1.4968111e+00		3.1816762e+00		2.5925528e+00		2.5925528e+00		2.5286684e-10
2.4900000e+02		2.5000000e+02		2.4950000e+02		1.3333262e+01		1.8230948e+00		3.8745670e+00		3.1576928e+00		3.1576928e+00		3.0180666e-10
2.5000000e+02		2.5100000e+02		2.5050000e+02		1.4401571e+01		1.9651475e+00		4.1757611e+00		3.4037353e+00		3.4037353e+00		3.0771019e-10
2.5100000e+02		2.5200000e+02		2.5150000e+02		1.2007424e+01		1.6437269e+00		3.4921934e+00		2.8470185e+00		2.8470185e+00		2.7812372e-10
2.5200000e+02		2.5300000e+02		2.5250000e+02		1.0794009e+01		1.4740872e+00		3.1312770e+00		2.5531940e+00		2.5531940e+00		2.3468564e-10
2.5300000e+02		2.5400000e+02		2.5350000e+02		1.3602371e+01		1.8623443e+00		3.9553913e+00		3.2256749e+00		3.2256749e+00		3.1474037e-10
2.5400000e+02		2.5500000e+02		2.5450000e+02		1.5384114e+01		2.1009269e+00		4.4614195e+00		3.6389122e+00		3.6389122e+00		3.3248731e-10
2.5500000e+02		2.5600000e+02		2.5550000e+02		2.0992062e+01		2.8800692e+00		6.1150371e+00		4.9884262e+00		4.9884262e+00		5.0959832e-10
2.5600000e+02		2.5700000e+02		2.5650000e+02		2.7040612e+01		3.7098526e+00		7.8756838e+00		6.4256532e+00		6.4256532e+00		6.5430746e-10
2.5700000e+02		2.5800000e+02		2.5750000e+02		3.3946512e+01		4.6616009e+00		9.8947199e+00		8.0741296e+00		8.0741296e+00		8.3841431e-10
2.5800000e+02		2.5900000e+02		2.5850000e+02		3.5732434e+01		4.8969816e+00		1.0392858e+01		8.4818209e+00		8.4818209e+00		8.3649703e-10
2.5900000e+02		2.6000000e+02		2.5950000e+02		3.0409976e+01		4.1757507e+00		8.8609542e+00		7.2326124e+00		7.2326124e+00		7.4671255e-10
2.6000000e+02		2.6100000e+02		2.6050000e+02		2.4915606e+01		3.4063871e+00		7.2273748e+00		5.9000355e+00		5.9000355e+00		5.4496374e-10
2.6100000e+02		2.6200000e+02		2.6150000e+02		2.5442742e+01		3.4992465e+00		7.4234022e+00		6.0608727e+00		6.0608727e+00		6.4723132e-10
2.6200000e+02		2.6300000e+02		2.6250000e+02		3.0366547e+01		4.1737327e+00		8.8531161e+00		7.2291172e+00		7.2291172e+00		7.5918362e-10
2.6300000e+02		2.6400000e+02		2.6350000e+02		4.5700096e+01		6.2950276e+00		1.3350988e+01		1.0903308e+01		1.0903308e+01		1.2035565e-09
2.6400000e+02		2.6500000e+02		2.6450000e+02		7.1249372e+01		9.8403723e+00		2.0867607e+01		1.7044025e+01		1.7044025e+01		2.0033047e-09
2.6500000e+02		2.6600000e+02		2.6550000e+02		7.4731454e+01		1.0333970e+01		2.1911635e+01		1.7898961e+01		1.7898961e+01		2.1609175e-09
2.6600000e+02		2.6700000e+02		2.6650000e+02		7.2446611e+01		1.0008501e+01		2.1218964e+01		1.7335232e+01		1.7335232e+01		2.0399032e-09
2.6700000e+02		2.6800000e+02		2.6750000e+02		7.2937204e+01		1.0058900e+01		2.1323291e+01		1.7422526e+01		1.7422526e+01		1.9620872e-09
2.6800000e+02		2.6900000e+02		2.6850000e+02		7.2239021e+01		9.9919178e+00		2.1178843e+01		1.7306509e+01		1.7306509e+01		2.0887921e-09
2.6900000e+02		2.7000000e+02		2.6950000e+02		6.7758000e+01		9.3812326e+00		1.9882176e+01		1.6248772e+01		1.6248772e+01		2.0057733e-09
2.7000000e+02		2.7100000e+02		2.7050000e+02		7.8281462e+01		1.0825640e+01		2.2940834e+01		1.8750558e+01		1.8750558e+01		2.2456414e-09
2.7100000e+02		2.7200000e+02		2.7150000e+02		6.5051220e+01		9.0553822e+00		1.9187350e+01		1.5684382e+01		1.5684382e+01		2.1982058e-09
2.7200000e+02		2.7300000e+02		2.7250000e+02		5.2331568e+01		7.2443763e+00		1.5348386e+01		1.2547628e+01		1.2547628e+01		1.5352359e-09
2.7300000e+02		2.7400000e+02		2.7350000e+02		5.5800645e+01		7.7366974e+00		1.6389728e+01		1.3400353e+01		1.3400353e+01		1.7009023e-09
2.7400000e+02		2.7500000e+02		2.7450000e+02		3.8398649e+01		5.3446755e+00		1.1321208e+01		9.2572495e+00		9.2572495e+00		1.2865885e-09
2.7500000e+02		2.7600000e+02		2.7550000e+02		5.1208696e+01		7.1239107e+00		1.5088501e+01		1.2338975e+01		1.2338975e+01		1.6869448e-09
2.7600000e+02		2.7700000e+02		2.7650000e+02		7.1318275e+01		9.9166317e+00		2.1001428e+01		1.7176110e+01		1.7176110e+01		2.3185116e-09
2.7700000e+02		2.7800000e+02		2.7750000e+02		6.8188493e+01		9.4663172e+00		2.0045807e+01		1.6396142e+01		1.6396142e+01		2.1259196e-09
2.7800000e+02		2.7900000e+02		2.7850000e+02		4.7024496e+01		6.5323544e+00		1.3831552e+01		1.1314370e+01		1.1314370e+01		1.4884048e-09
2.7900000e+02		2.8000000e+02		2.7950000e+02		2.6422560e+01		3.6773387e+00		7.7856388e+00		6.3693374e+00		6.3693374e+00		8.7701453e-10
2.8000000e+02		2.8100000e+02		2.8050000e+02		2.8982131e+01		4.0389181e+00		8.5503894e+00		6.9956113e+00		6.9956113e+00		9.9264778e-10
2.8100000e+02		2.8200000e+02		2.8150000e+02		6.0033324e+01		8.3827400e+00		1.7744666e+01		1.4519332e+01		1.4519332e+01		2.1546642e-09
2.8200000e+02		2.8300000e+02		2.8250000e+02		8.1733762e+01		1.1398826e+01		2.4127020e+01		1.9743346e+01		1.9743346e+01		2.8406886e-09
2.8300000e+02		2.8400000e+02		2.8350000e+02		8.4433091e+01		1.1771392e+01		2.4913447e+01		2.0388649e+01		2.0388649e+01		2.9022438e-09
2.8400000e+02		2.8500000e+02		2.8450000e+02		6.2255376e+01		8.7189177e+00		1.8451503e+01		1.5101609e+01		1.5101609e+01		2.3929683e-09
2.8500000e+02		2.8600000e+02		2.8550000e+02		4.0018063e+01		5.6068326e+00		1.1864531e+01		9.7113189e+00		9.7113189e+00		1.5466322e-09
2.8600000e+02		2.8700000e+02		2.8650000e+02		8.2001717e+01		1.1461904e+01		2.4252375e+01		1.9852600e+01		1.9852600e+01		2.9890610e-09
2.8700000e+02		2.8800000e+02		2.8750000e+02		9.5189148e+01		1.3343212e+01		2.8230793e+01		2.3111121e+01		2.3111121e+01		3.7293633e-09
2.8800000e+02		2.8900000e+02		2.8850000e+02		9.0460934e+01		1.2659020e+01		2.6781112e+01		2.1926066e+01		2.1926066e+01		3.3906421e-09
2.8900000e+02		2.9000000e+02		2.8950000e+02		1.3728321e+02		1.9233529e+01		4.0686838e+01		3.3313450e+01		3.3313450e+01		5.2954544e-09
2.9000000e+02		2.9100000e+02		2.9050000e+02		1.8023325e+02		2.5254191e+01		5.3418966e+01		4.3741542e+01		4.3741542e+01		6.9611518e-09
2.9100000e+02		2.9200000e+02		2.9150000e+02		1.7359450e+02		2.4302100e+01		5.1401227e+01		4.2092471e+01		4.2092471e+01		6.5477308e-09
2.9200000e+02		2.9300000e+02		2.9250000e+02		1.5421676e+02		2.1606955e+01		4.5697402e+01		3.7424344e+01		3.7424344e+01		5.9408501e-09
2.9300000e+02		2.9400000e+02		2.9350000e+02		1.6099986e+02		2.2679067e+01		4.7961412e+01		3.9281297e+01		3.9281297e+01		7.0604163e-09
2.9400000e+02		2.9500000e+02		2.9450000e+02		1.4991794e+02		2.1156855e+01		4.4739102e+01		3.6644747e+01		3.6644747e+01		6.8817157e-09
2.9500000e+02		2.9600000e+02		2.9550000e+02		1.6232431e+02		2.2826640e+01		4.8266754e+01		3.9536900e+01		3.9536900e+01		6.8093139e-09
2.9600000e+02		2.9700000e+02		2.9650000e+02		1.4851381e+02		2.0956785e+01		4.4309950e+01		3.6298217e+01		3.6298217e+01		6.7452887e-09
2.9700000e+02		2.9800000e+02		2.9750000e+02		1.5140866e+02		2.1352520e+01		4.5143658e+01		3.6983650e+01		3.6983650e+01		6.7885149e-09
2.9800000e+02		2.9900000e+02		2.9850000e+02		1.3012850e+02		1.8369049e+01		3.8833435e+01		3.1816126e+01		3.1816126e+01		5.9830272e-09
2.9900000e+02		3.0000000e+02		2.9950000e+02		1.4682541e+02		2.0701147e+01		4.3760833e+01		3.5855438e+01		3.5855438e+01		6.5522401e-09
3.0000000e+02		3.0100000e+02		3.0050000e+02		1.1681452e+02		1.6480301e+01		3.4836046e+01		2.8544719e+01		2.8544719e+01		5.2781725e-09
3.0100000e+02		3.0200000e+02		3.0150000e+02		1.3434477e+02		1.8922255e+01		3.9995360e+01		3.2774307e+01		3.2774307e+01		5.8161775e-09
3.0200000e+02		3.0300000e+02		3.0250000e+02		1.4142283e+02		1.9978767e+01		4.2225898e+01		3.4604240e+01		3.4604240e+01		6.6017612e-09
3.0300000e+02		3.0400000e+02		3.0350000e+02		1.8342160e+02		2.6001636e+01		5.4952170e+01		4.5036155e+01		4.5036155e+01		9.3185847e-09
3.0400000e+02		3.0500000e+02		3.0450000e+02		1.7556728e+02		2.4786373e+01		5.2380730e+01		4.2931257e+01		4.2931257e+01		8.0463866e-09
3.0500000e+02		3.0600000e+02		3.0550000e+02		1.7728071e+02		2.5055570e+01		5.2946555e+01		4.3397521e+01		4.3397521e+01		8.3364418e-09
3.0600000e+02		3.0700000e+02		3.0650000e+02		1.6814926e+02		2.3792908e+01		5.0275480e+01		4.1210525e+01		4.1210525e+01		8.1513303e-09
3.0700000e+02		3.0800000e+02		3.0750000e+02		1.8878816e+02		2.6713242e+01		5.6443121e+01		4.6268693e+01		4.6268693e+01		9.1172928e-09
3.0800000e+02		3.0900000e+02		3.0850000e+02		1.8529086e+02		2.6157992e+01		5.5266880e+01		4.5306971e+01		4.5306971e+01		8.4460625e-09
3.0900000e+02		3.1000000e+02		3.0950000e+02		1.5026991e+02		2.1312848e+01		4.5027576e+01		3.6914935e+01		3.6914935e+01		7.6756132e-09
3.1000000e+02		3.1100000e+02		3.1050000e+02		1.8913229e+02		2.6682643e+01		5.6369330e+01		4.6215693e+01		4.6215693e+01		8.4593643e-09
3.1100000e+02		3.1200000e+02		3.1150000e+02		2.2495083e+02		3.1857203e+01		6.7297510e+01		5.5178294e+01		5.5178294e+01		1.1059200e-08
3.1200000e+02		3.1300000e+02		3.1250000e+02		2.0030306e+02		2.8368681e+01		5.9925023e+01		4.9135996e+01		4.9135996e+01		9.8517354e-09
3.1300000e+02		3.1400000e+02		3.1350000e+02		2.1331645e+02		3.0216125e+01		6.3824281e+01		5.2335864e+01		5.2335863e+01		1.0516151e-08
3.1400000e+02		3.1500000e+02		3.1450000e+02		2.0119548e+02		2.8484143e+01		6.0162903e+01		4.9335983e+01		4.9335983e+01		9.7833512e-09
3.1500000e+02		3.1600000e+02		3.1550000e+02		1.9522773e+02		2.7734384e+01		5.8576440e+01		4.8037362e+01		4.8037362e+01		1.0331418e-08
3.1600000e+02		3.1700000e+02		3.1650000e+02		1.9043254e+02		2.6905593e+01		5.6823267e+01		4.6601854e+01		4.6601854e+01		8.7870541e-09
3.1700000e+02		3.1800000e+02		3.1750000e+02		2.4155434e+02		3.4261769e+01		7.2355731e+01		5.9343125e+01		5.9343125e+01		1.2265642e-08
3.1800000e+02		3.1900000e+02		3.1850000e+02		1.9952276e+02		2.8287994e+01		5.9737240e+01		4.8996242e+01		4.8996242e+01		1.0007719e-08
3.1900000e+02		3.2000000e+02		3.1950000e+02		2.1430874e+02		3.0367140e+01		6.4124959e+01		5.2597430e+01		5.2597430e+01		1.0596530e-08
3.2000000e+02		3.2100000e+02		3.2050000e+02		2.4621307e+02		3.4940084e+01		7.3778136e+01		6.0518001e+01		6.0518001e+01		1.2616664e-08
3.2100000e+02		3.2200000e+02		3.2150000e+02		2.0677326e+02		2.9338343e+01		6.1946983e+01		5.0815501e+01		5.0815501e+01		1.0552877e-08
3.2200000e+02		3.2300000e+02		3.2250000e+02		2.0765168e+02		2.9397491e+01		6.2069179e+01		5.0917949e+01		5.0917949e+01		1.0016616e-08
3.2300000e+02		3.2400000e+02		3.2350000e+02		2.0066974e+02		2.8453563e+01		6.0073627e+01		4.9283017e+01		4.9283017e+01		1.0051096e-08
3.2400000e+02		3.2500000e+02		3.2450000e+02		2.3629853e+02		3.3554105e+01		7.0839358e+01		5.8117414e+01		5.8117414e+01		1.2269837e-08
3.2500000e+02		3.2600000e+02		3.2550000e+02		2.7209498e+02		3.8753910e+01		8.1813797e+01		6.7123741e+01		6.7123741e+01		1.5215507e-08
3.2600000e+02		3.2700000e+02		3.2650000e+02		3.0699214e+02		4.3572165e+01		9.1981929e+01		7.5469203e+01		7.5469203e+01		1.5730593e-08
3.2700000e+02		3.2800000e+02		3.2750000e+02		2.9701525e+02		4.2169388e+01		8.9017073e+01		7.3039522e+01		7.3039522e+01		1.5317620e-08
3.2800000e+02		3.2900000e+02		3.2850000e+02		2.8673370e+02		4.0740504e+01		8.5997399e+01		7.0564622e+01		7.0564622e+01		1.5053978e-08
3.2900000e+02		3.3000000e+02		3.2950000e+02		3.3379807e+02		4.7432498e+01		1.0011937e+02		8.2155497e+01		8.2155497e+01		1.7560344e-08
3.3000000e+02		3.3100000e+02		3.3050000e+02		3.1443449e+02		4.4642199e+01		9.4226086e+01		7.7322557e+01		7.7322557e+01		1.6169980e-08
3.3100000e+02		3.3200000e+02		3.3150000e+02		3.0087994e+02		4.2849089e+01		9.0437987e+01		7.4216800e+01		7.4216800e+01		1.6681905e-08
3.3200000e+02		3.3300000e+02		3.3250000e+02		2.9519831e+02		4.1956498e+01		8.8550801e+01		7.2670786e+01		7.2670786e+01		1.5584871e-08
3.3300000e+02		3.3400000e+02		3.3350000e+02		2.8364288e+02		4.0115773e+01		8.4662806e+01		6.9482556e+01		6.9482556e+01		1.3238091e-08
3.3400000e+02		3.3500000e+02		3.3450000e+02		2.9883003e+02		4.2630505e+01		8.9966837e+01		7.3838201e+01		7.3838201e+01		1.7259884e-08
3.3500000e+02		3.3600000e+02		3.3550000e+02		2.9511053e+02		4.2003442e+01		8.8640373e+01		7.2752095e+01		7.2752095e+01		1.6102680e-08
3.3600000e+02		3.3700000e+02		3.3650000e+02		2.4313126e+02		3.4639047e+01		7.3096671e+01		5.9996590e+01		5.9996590e+01		1.3628507e-08
3.3700000e+02		3.3800000e+02		3.3750000e+02		2.5649874e+02		3.6505947e+01		7.7033650e+01		6.3230156e+01		6.3230156e+01		1.3955071e-08
3.3800000e+02		3.3900000e+02		3.3850000e+02		2.7748673e+02		3.9519590e+01		8.3390140e+01		6.8449937e+01		6.8449937e+01		1.5342027e-08
3.3900000e+02		3.4000000e+02		3.3950000e+02		2.9040264e+02		4.1423459e+01		8.7404600e+01		7.1747535e+01		7.1747535e+01		1.6667488e-08
3.4000000e+02		3.4100000e+02		3.4050000e+02		3.0654056e+02		4.3519885e+01		9.1825127e+01		7.5378651e+01		7.5378651e+01		1.5652304e-08
3.4100000e+02		3.4200000e+02		3.4150000e+02		2.7979685e+02		3.9850523e+01		8.4080234e+01		6.9023130e+01		6.9023130e+01		1.5455270e-08
3.4200000e+02		3.4300000e+02		3.4250000e+02		3.0344565e+02		4.3220396e+01		9.1187422e+01		7.4859922e+01		7.4859922e+01		1.6765227e-08
3.4300000e+02		3.4400000e+02		3.4350000e+02		2.9822260e+02		4.2406878e+01		8.9468265e+01		7.3450868e+01		7.3450868e+01		1.5808731e-08
3.4400000e+02		3.4500000e+02		3.4450000e+02		2.3986676e+02		3.4323606e+01		7.2412299e+01		5.9450230e+01		5.9450230e+01		1.4836960e-08
3.4500000e+02		3.4600000e+02		3.4550000e+02		2.8907088e+02		4.1245722e+01		8.7013225e+01		7.1439687e+01		7.1439687e+01		1.6652229e-08
3.4600000e+02		3.4700000e+02		3.4650000e+02		2.8069735e+02		4.0006488e+01		8.4396394e+01		6.9293269e+01		6.9293269e+01		1.5727986e-08
3.4700000e+02		3.4800000e+02		3.4750000e+02		2.7782009e+02		3.9613597e+01		8.3565124e+01		6.8612763e+01		6.8612763e+01		1.5720844e-08
3.4800000e+02		3.4900000e+02		3.4850000e+02		2.8744416e+02		4.1017389e+01		8.6523942e+01		7.1044202e+01		7.1044202e+01		1.6568749e-08
3.4900000e+02		3.5000000e+02		3.4950000e+02		2.7550877e+02		3.9333813e+01		8.2970179e+01		6.8128163e+01		6.8128163e+01		1.6067767e-08
3.5000000e+02		3.5100000e+02		3.5050000e+02		3.3002358e+02		4.7196752e+01		9.9553370e+01		8.1747173e+01		8.1747173e+01		2.0051039e-08
3.5100000e+02		3.5200000e+02		3.5150000e+02		3.0660572e+02		4.3801416e+01		9.2388955e+01		7.5866277e+01		7.5866277e+01		1.8133313e-08
3.5200000e+02		3.5300000e+02		3.5250000e+02		2.8324198e+02		4.0587310e+01		8.5607224e+01		7.0299283e+01		7.0299283e+01		1.8052561e-08
3.5300000e+02		3.5400000e+02		3.5350000e+02		3.2405327e+02		4.6247452e+01		9.7543058e+01		8.0102937e+01		8.0102937e+01		1.8700843e-08
3.5400000e+02		3.5500000e+02		3.5450000e+02		3.4586270e+02		4.9526192e+01		1.0445568e+02		8.5781880e+01		8.5781880e+01		2.1642137e-08
3.5500000e+02		3.5600000e+02		3.5550000e+02		3.2478382e+02		4.6234826e+01		9.7511336e+01		8.0081067e+01		8.0081067e+01		1.7627854e-08
3.5600000e+02		3.5700000e+02		3.5650000e+02		2.8234357e+02		4.0260803e+01		8.4909685e+01		6.9733757e+01		6.9733757e+01		1.5952644e-08
3.5700000e+02		3.5800000e+02		3.5750000e+02		2.4674321e+02		3.5288769e+01		7.4421837e+01		6.1121941e+01		6.1121941e+01		1.4984520e-08
3.5800000e+02		3.5900000e+02		3.5850000e+02		2.1181106e+02		3.0257228e+01		6.3809046e+01		5.2407056e+01		5.2407056e+01		1.2497026e-08
3.5900000e+02		3.6000000e+02		3.5950000e+02		3.0582840e+02		4.3626984e+01		9.2002091e+01		7.5564153e+01		7.5564153e+01		1.7387081e-08
3.6000000e+02		3.6100000e+02		3.6050000e+02		3.0178862e+02		4.3100878e+01		9.0890432e+01		7.4652911e+01		7.4652911e+01		1.7653608e-08
3.6100000e+02		3.6200000e+02		3.6150000e+02		2.8033735e+02		4.0004234e+01		8.4358279e+01		6.9289366e+01		6.9289366e+01		1.6056248e-08
3.6200000e+02		3.6300000e+02		3.6250000e+02		3.1645921e+02		4.5148779e+01		9.5204528e+01		7.8199979e+01		7.8199979e+01		1.8019198e-08
3.6300000e+02		3.6400000e+02		3.6350000e+02		3.0810145e+02		4.4012046e+01		9.2805378e+01		7.6231100e+01		7.6231100e+01		1.8084429e-08
3.6400000e+02		3.6500000e+02		3.6450000e+02		3.2221950e+02		4.5859980e+01		9.6699801e+01		7.9431815e+01		7.9431815e+01		1.7258793e-08
3.6500000e+02		3.6600000e+02		3.6550000e+02		3.6674574e+02		5.2328386e+01		1.1033654e+02		9.0635424e+01		9.0635424e+01		2.0913640e-08
3.6600000e+02		3.6700000e+02		3.6650000e+02		3.9198946e+02		5.5775484e+01		1.1760229e+02		9.6605973e+01		9.6605973e+01		2.0863280e-08
3.6700000e+02		3.6800000e+02		3.6750000e+02		3.7850004e+02		5.3967812e+01		1.1378834e+02		9.3474992e+01		9.3474992e+01		2.1179230e-08
3.6800000e+02		3.6900000e+02		3.6850000e+02		3.4895620e+02		4.9746285e+01		1.0488522e+02		8.6163092e+01		8.6163092e+01		1.9443148e-08
3.6900000e+02		3.7000000e+02		3.6950000e+02		3.8736224e+02		5.5367475e+01		1.1673449e+02		9.5899280e+01		9.5899280e+01		2.3038271e-08
3.7000000e+02		3.7100000e+02		3.7050000e+02		3.6351013e+02		5.1895085e+01		1.0941117e+02		8.9884924e+01		8.9884924e+01		2.0910301e-08
3.7100000e+02		3.7200000e+02		3.7150000e+02		3.7529261e+02		5.3561153e+01		1.1292144e+02		9.2770638e+01		9.2770638e+01		2.1472987e-08
3.7200000e+02		3.7300000e+02		3.7250000e+02		3.1177186e+02		4.4551663e+01		9.3925090e+01		7.7165745e+01		7.7165745e+01		1.8380001e-08
3.7300000e+02		3.7400000e+02		3.7350000e+02		2.7192112e+02		3.8891443e+01		8.1990414e+01		6.7361955e+01		6.7361955e+01		1.6378962e-08
3.7400000e+02		3.7500000e+02		3.7450000e+02		2.7832167e+02		3.9719521e+01		8.3734507e+01		6.8796229e+01		6.8796229e+01		1.5876157e-08
3.7500000e+02		3.7600000e+02		3.7550000e+02		3.1876744e+02		4.5497699e+01		9.5913879e+01		7.8804326e+01		7.8804326e+01		1.8226762e-08
3.7600000e+02		3.7700000e+02		3.7650000e+02		3.3048657e+02		4.7058174e+01		9.9201623e+01		8.1507149e+01		8.1507149e+01		1.7810392e-08
3.7700000e+02		3.7800000e+02		3.7750000e+02		3.8770864e+02		5.4817237e+01		1.1555604e+02		9.4946240e+01		9.4946240e+01		1.7549573e-08
3.7800000e+02		3.7900000e+02		3.7850000e+02		4.0380398e+02		5.7515995e+01		1.2124282e+02		9.9620626e+01		9.9620626e+01		2.1927243e-08
3.7900000e+02		3.8000000e+02		3.7950000e+02		3.2744385e+02		4.6866213e+01		9.8791433e+01		8.1174661e+01		8.1174661e+01		2.0030525e-08
3.8000000e+02		3.8100000e+02		3.8050000e+02		3.5656330e+02		5.0823487e+01		1.0713121e+02		8.8028862e+01		8.8028862e+01		1.9702444e-08
3.8100000e+02		3.8200000e+02		3.8150000e+02		3.2019140e+02		4.5745403e+01		9.6425355e+01		7.9233362e+01		7.9233362e+01		1.8722965e-08
3.8200000e+02		3.8300000e+02		3.8250000e+02		2.2964197e+02		3.2741947e+01		6.9014546e+01		5.6710716e+01		5.6710716e+01		1.2764636e-08
3.8300000e+02		3.8400000e+02		3.8350000e+02		2.0267593e+02		2.8969053e+01		6.1060853e+01		5.0175871e+01		5.0175871e+01		1.1968626e-08
3.8400000e+02		3.8500000e+02		3.8450000e+02		2.7111947e+02		3.8803755e+01		8.1788996e+01		6.7210076e+01		6.7210076e+01		1.6543592e-08
3.8500000e+02		3.8600000e+02		3.8550000e+02		2.8715912e+02		4.1000524e+01		8.6417794e+01		7.1014990e+01		7.1014990e+01		1.6499020e-08
3.8600000e+02		3.8700000e+02		3.8650000e+02		2.8837692e+02		4.1069085e+01		8.6560857e+01		7.1133742e+01		7.1133742e+01		1.5550112e-08
3.8700000e+02		3.8800000e+02		3.8750000e+02		2.8805300e+02		4.1123695e+01		8.6674529e+01		7.1228329e+01		7.1228329e+01		1.6477712e-08
3.8800000e+02		3.8900000e+02		3.8850000e+02		2.9209390e+02		4.1966946e+01		8.8450373e+01		7.2688882e+01		7.2688882e+01		1.9538323e-08
3.8900000e+02		3.9000000e+02		3.8950000e+02		3.5069332e+02		5.0068882e+01		1.0552448e+02		8.6721848e+01		8.6721848e+01		2.0086869e-08
3.9000000e+02		3.9100000e+02		3.9050000e+02		3.6838836e+02		5.2707172e+01		1.1108315e+02		9.1291500e+01		9.1291500e+01		2.2236448e-08
3.9100000e+02		3.9200000e+02		3.9150000e+02		3.9613874e+02		5.6779338e+01		1.1966358e+02		9.8344697e+01		9.8344697e+01		2.4982129e-08
3.9200000e+02		3.9300000e+02		3.9250000e+02		3.0403432e+02		4.3356319e+01		9.1372897e+01		7.5095347e+01		7.5095347e+01		1.6908758e-08
3.9300000e+02		3.9400000e+02		3.9350000e+02		1.8639471e+02		2.6592602e+01		5.6042722e+01		4.6059737e+01		4.6059737e+01		1.0477575e-08
3.9400000e+02		3.9500000e+02		3.9450000e+02		3.0813115e+02		4.3808661e+01		9.2323415e+01		7.5878827e+01		7.5878827e+01		1.5901601e-08
3.9500000e+02		3.9600000e+02		3.9550000e+02		3.7840801e+02		5.4005551e+01		1.1381090e+02		9.3540358e+01		9.3540358e+01		2.1450786e-08
3.9600000e+02		3.9700000e+02		3.9650000e+02		2.6140326e+02		3.7317931e+01		7.8642555e+01		6.4636553e+01		6.4636553e+01		1.4940058e-08
3.9700000e+02		3.9800000e+02		3.9750000e+02		2.9300657e+02		4.1730969e+01		8.7941220e+01		7.2280159e+01		7.2280159e+01		1.5816875e-08
3.9800000e+02		3.9900000e+02		3.9850000e+02		4.5124719e+02		6.4444480e+01		1.3580469e+02		1.1162111e+02		1.1162111e+02		2.6111048e-08
3.9900000e+02		4.0000000e+02		3.9950000e+02		4.9846141e+02		7.1155738e+01		1.4994570e+02		1.2324535e+02		1.2324535e+02		2.8591607e-08
4.0000000e+02		4.0100000e+02		4.0050000e+02		5.1407199e+02		7.3309300e+01		1.5448077e+02		1.2697543e+02		1.2697543e+02		2.8568977e-08
4.0100000e+02		4.0200000e+02		4.0150000e+02		5.3860814e+02		7.7569598e+01		1.6345572e+02		1.3435449e+02		1.3435449e+02		3.8087597e-08
4.0200000e+02		4.0300000e+02		4.0250000e+02		5.4526519e+02		7.7522130e+01		1.6335349e+02		1.3427227e+02		1.3427227e+02		2.7990334e-08
4.0300000e+02		4.0400000e+02		4.0350000e+02		5.2165796e+02		7.3885517e+01		1.5568840e+02		1.2797347e+02		1.2797347e+02		2.4427009e-08
4.0400000e+02		4.0500000e+02		4.0450000e+02		5.1300620e+02		7.3871268e+01		1.5565632e+02		1.2794879e+02		1.2794879e+02		3.6111229e-08
4.0500000e+02		4.0600000e+02		4.0550000e+02		5.1256585e+02		7.2704908e+01		1.5319666e+02		1.2592859e+02		1.2592859e+02		2.4867054e-08
4.0600000e+02		4.0700000e+02		4.0650000e+02		4.9035274e+02		7.0007019e+01		1.4751004e+02		1.2125571e+02		1.2125571e+02		2.7921692e-08
4.0700000e+02		4.0800000e+02		4.0750000e+02		4.9838294e+02		7.1173700e+01		1.4996643e+02		1.2327646e+02		1.2327646e+02		2.8575288e-08
4.0800000e+02		4.0900000e+02		4.0850000e+02		5.2990289e+02		7.5620569e+01		1.5933420e+02		1.3097867e+02		1.3097867e+02		2.9844879e-08
4.0900000e+02		4.1000000e+02		4.0950000e+02		5.2713439e+02		7.5661507e+01		1.5941849e+02		1.3104957e+02		1.3104957e+02		3.4192602e-08
4.1000000e+02		4.1100000e+02		4.1050000e+02		4.8293937e+02		6.8988503e+01		1.4535672e+02		1.1949159e+02		1.1949159e+02		2.7898107e-08
4.1100000e+02		4.1200000e+02		4.1150000e+02		5.5986852e+02		7.9802431e+01		1.6813933e+02		1.3822187e+02		1.3822187e+02		3.0623103e-08
4.1200000e+02		4.1300000e+02		4.1250000e+02		5.4940473e+02		7.8492045e+01		1.6537645e+02		1.3595221e+02		1.3595221e+02		3.1772485e-08
4.1300000e+02		4.1400000e+02		4.1350000e+02		5.2995399e+02		7.5583422e+01		1.5924634e+02		1.3091433e+02		1.3091433e+02		2.9375158e-08
4.1400000e+02		4.1500000e+02		4.1450000e+02		5.3771640e+02		7.6797208e+01		1.6180179e+02		1.3301667e+02		1.3301667e+02		3.0840704e-08
4.1500000e+02		4.1600000e+02		4.1550000e+02		5.3722776e+02		7.6364446e+01		1.6088817e+02		1.3226710e+02		1.3226710e+02		2.7401870e-08
4.1600000e+02		4.1700000e+02		4.1650000e+02		5.5745703e+02		7.9279276e+01		1.6702739e+02		1.3731573e+02		1.3731573e+02		2.8781590e-08
4.1700000e+02		4.1800000e+02		4.1750000e+02		5.0725322e+02		7.2313185e+01		1.5234938e+02		1.2525011e+02		1.2525011e+02		2.7787006e-08
4.1800000e+02		4.1900000e+02		4.1850000e+02		5.2601513e+02		7.5538959e+01		1.5914385e+02		1.3083731e+02		1.3083731e+02		3.4505046e-08
4.1900000e+02		4.2000000e+02		4.1950000e+02		5.3123875e+02		7.5872609e+01		1.5984486e+02		1.3141521e+02		1.3141521e+02		3.0407687e-08
4.2000000e+02		4.2100000e+02		4.2050000e+02		5.3797708e+02		7.6705728e+01		1.6159829e+02		1.3285822e+02		1.3285822e+02		2.9546500e-08
4.2100000e+02		4.2200000e+02		4.2150000e+02		5.2958361e+02		7.5618156e+01		1.5930538e+02		1.3097449e+02		1.3097449e+02		3.0144605e-08
4.2200000e+02		4.2300000e+02		4.2250000e+02		5.0190537e+02		7.1627206e+01		1.5089603e+02		1.2406196e+02		1.2406196e+02		2.8151724e-08
4.2300000e+02		4.2400000e+02		4.2350000e+02		5.3474862e+02		7.6633528e+01		1.6144110e+02		1.3273316e+02		1.3273316e+02		3.3252939e-08
4.2400000e+02		4.2500000e+02		4.2450000e+02		5.5328403e+02		7.8841370e+01		1.6609058e+02		1.3655726e+02		1.3655726e+02		2.9914134e-08
4.2500000e+02		4.2600000e+02		4.2550000e+02		5.3248014e+02		7.5871747e+01		1.5983303e+02		1.3141372e+02		1.3141372e+02		2.8755345e-08
4.2600000e+02		4.2700000e+02		4.2650000e+02		5.3029841e+02		7.5578975e+01		1.5921468e+02		1.3090663e+02		1.3090663e+02		2.8798101e-08
4.2700000e+02		4.2800000e+02		4.2750000e+02		4.9171747e+02		7.0234189e+01		1.4795390e+02		1.2164918e+02		1.2164918e+02		2.8162796e-08
4.2800000e+02		4.2900000e+02		4.2850000e+02		4.9494538e+02		7.0438209e+01		1.4838223e+02		1.2200256e+02		1.2200256e+02		2.5926168e-08
4.2900000e+02		4.3000000e+02		4.2950000e+02		4.6063718e+02		6.5724863e+01		1.3845196e+02		1.1383880e+02		1.1383880e+02		2.5720050e-08
4.3000000e+02		4.3100000e+02		4.3050000e+02		3.7055843e+02		5.2823595e+01		1.1127388e+02		9.1493150e+01		9.1493150e+01		2.0210524e-08
4.3100000e+02		4.3200000e+02		4.3150000e+02		4.5818753e+02		6.5401878e+01		1.3776897e+02		1.1327937e+02		1.1327937e+02		2.5791373e-08
4.3200000e+02		4.3300000e+02		4.3250000e+02		5.1625369e+02		7.3695504e+01		1.5523804e+02		1.2764436e+02		1.2764436e+02		2.9122842e-08
4.3300000e+02		4.3400000e+02		4.3350000e+02		5.6047485e+02		8.0788118e+01		1.7017692e+02		1.3992913e+02		1.3992913e+02		4.0205557e-08
4.3400000e+02		4.3500000e+02		4.3450000e+02		4.7595241e+02		6.7824185e+01		1.4286762e+02		1.1747493e+02		1.1747493e+02		2.5694772e-08
4.3500000e+02		4.3600000e+02		4.3550000e+02		5.3162725e+02		7.5984684e+01		1.6005579e+02		1.3160933e+02		1.3160933e+02		3.0881018e-08
4.3600000e+02		4.3700000e+02		4.3650000e+02		5.9481241e+02		8.4588593e+01		1.7817768e+02		1.4651174e+02		1.4651174e+02		3.0523938e-08
4.3700000e+02		4.3800000e+02		4.3750000e+02		5.2629983e+02		7.4873036e+01		1.5771142e+02		1.2968390e+02		1.2968390e+02		2.7245262e-08
4.3800000e+02		4.3900000e+02		4.3850000e+02		5.1257868e+02		7.3071918e+01		1.5391624e+02		1.2656427e+02		1.2656427e+02		2.7899262e-08
4.3900000e+02		4.4000000e+02		4.3950000e+02		5.7051902e+02		8.1138755e+01		1.7090650e+02		1.4053645e+02		1.4053645e+02		2.9243862e-08
4.4000000e+02		4.4100000e+02		4.4050000e+02		5.4089681e+02		7.6896699e+01		1.6196995e+02		1.3318899e+02		1.3318899e+02		2.7496783e-08
4.4100000e+02		4.4200000e+02		4.4150000e+02		5.9491633e+02		8.4920653e+01		1.7887089e+02		1.4708688e+02		1.4708688e+02		3.3700198e-08
4.4200000e+02		4.4300000e+02		4.4250000e+02		6.2544254e+02		8.9042901e+01		1.8755309e+02		1.5422683e+02		1.5422683e+02		3.3284763e-08
4.4300000e+02		4.4400000e+02		4.4350000e+02		6.0497206e+02		8.5765713e+01		1.8064868e+02		1.4855057e+02		1.4855057e+02		2.9066131e-08
4.4400000e+02		4.4500000e+02		4.4450000e+02		6.2324411e+02		8.8911322e+01		1.8727442e+02		1.5399893e+02		1.5399893e+02		3.5219707e-08
4.4500000e+02		4.4600000e+02		4.4550000e+02		5.7783999e+02		8.2779068e+01		1.7435628e+02		1.4337755e+02		1.4337755e+02		3.6109287e-08
4.4600000e+02		4.4700000e+02		4.4650000e+02		5.8940025e+02		8.3833474e+01		1.7657372e+02		1.4520384e+02		1.4520384e+02		3.0539072e-08
4.4700000e+02		4.4800000e+02		4.4750000e+02		6.3881895e+02		9.1105731e+01		1.9188886e+02		1.5779976e+02		1.5779976e+02		3.5203392e-08
4.4800000e+02		4.4900000e+02		4.4850000e+02		6.2805979e+02		8.9251640e+01		1.8798170e+02		1.5458837e+02		1.5458837e+02		3.1616184e-08
4.4900000e+02		4.5000000e+02		4.4950000e+02		6.3454704e+02		9.0148326e+01		1.8986860e+02		1.5614148e+02		1.5614148e+02		3.1681691e-08
4.5000000e+02		4.5100000e+02		4.5050000e+02		6.7325368e+02		9.5607600e+01		2.0136525e+02		1.6559722e+02		1.6559722e+02		3.3275423e-08
4.5100000e+02		4.5200000e+02		4.5150000e+02		6.7122600e+02		9.5383338e+01		2.0089143e+02		1.6520879e+02		1.6520879e+02		3.3707160e-08
4.5200000e+02		4.5300000e+02		4.5250000e+02		6.3541039e+02		9.0405412e+01		1.9040578e+02		1.5658677e+02		1.5658677e+02		3.2876241e-08
4.5300000e+02		4.5400000e+02		4.5350000e+02		6.0888666e+02		8.6495001e+01		1.8216861e+02		1.4981374e+02		1.4981374e+02		3.0304167e-08
4.5400000e+02		4.5500000e+02		4.5450000e+02		6.4999363e+02		9.2863438e+01		1.9557988e+02		1.6084419e+02		1.6084419e+02		3.7330994e-08
4.5500000e+02		4.5600000e+02		4.5550000e+02		6.4380306e+02		9.1650119e+01		1.9302314e+02		1.5874266e+02		1.5874266e+02		3.3759766e-08
4.5600000e+02		4.5700000e+02		4.5650000e+02		6.6853861e+02		9.4825471e+01		1.9970930e+02		1.6424253e+02		1.6424253e+02		3.2071454e-08
4.5700000e+02		4.5800000e+02		4.5750000e+02		6.7499745e+02		9.6201207e+01		2.0260530e+02		1.6662538e+02		1.6662538e+02		3.6478679e-08
4.5800000e+02		4.5900000e+02		4.5850000e+02		6.3439039e+02		9.0453383e+01		1.9049874e+02		1.5666986e+02		1.5666986e+02		3.4575989e-08
4.5900000e+02		4.6000000e+02		4.5950000e+02		6.5539586e+02		9.3224781e+01		1.9633409e+02		1.6147006e+02		1.6147006e+02		3.3656243e-08
4.6000000e+02		4.6100000e+02		4.6050000e+02		6.4752339e+02		9.2247782e+01		1.9427520e+02		1.5977785e+02		1.5977785e+02		3.4558661e-08
4.6100000e+02		4.6200000e+02		4.6150000e+02		6.6245412e+02		9.4128334e+01		1.9823435e+02		1.6303506e+02		1.6303506e+02		3.3132013e-08
4.6200000e+02		4.6300000e+02		4.6250000e+02		6.6901120e+02		9.4832330e+01		1.9971566e+02		1.6425441e+02		1.6425441e+02		3.1519074e-08
4.6300000e+02		4.6400000e+02		4.6350000e+02		6.4662616e+02		9.1798088e+01		1.9332433e+02		1.5899895e+02		1.5899895e+02		3.1586775e-08
4.6400000e+02		4.6500000e+02		4.6450000e+02		6.5795753e+02		9.3588569e+01		1.9709377e+02		1.6210016e+02		1.6210016e+02		3.3758584e-08
4.6500000e+02		4.6600000e+02		4.6550000e+02		6.3552746e+02		9.0183246e+01		1.8992109e+02		1.5620196e+02		1.5620196e+02		3.0762389e-08
4.6600000e+02		4.6700000e+02		4.6650000e+02		6.3955371e+02		9.0837589e+01		1.9129790e+02		1.5733532e+02		1.5733532e+02		3.1621813e-08
4.6700000e+02		4.6800000e+02		4.6750000e+02		6.4572639e+02		9.1492263e+01		1.9267588e+02		1.5846925e+02		1.5846925e+02		3.0107657e-08
4.6800000e+02		4.6900000e+02		4.6850000e+02		6.3145002e+02		8.9491202e+01		1.8846059e+02		1.5500331e+02		1.5500331e+02		2.9638905e-08
4.6900000e+02		4.7000000e+02		4.6950000e+02		6.4956875e+02		9.2240304e+01		1.9424926e+02		1.5976489e+02		1.5976489e+02		3.2088871e-08
4.7000000e+02		4.7100000e+02		4.7050000e+02		6.1381170e+02		8.6907394e+01		1.8301760e+02		1.5052802e+02		1.5052802e+02		2.8210658e-08
4.7100000e+02		4.7200000e+02		4.7150000e+02		6.4174114e+02		9.0885864e+01		1.9139490e+02		1.5741893e+02		1.5741893e+02		2.9676934e-08
4.7200000e+02		4.7300000e+02		4.7250000e+02		6.5742798e+02		9.2882260e+01		1.9559799e+02		1.6087679e+02		1.6087679e+02		2.8656563e-08
4.7300000e+02		4.7400000e+02		4.7350000e+02		6.4563741e+02		9.1519736e+01		1.9272830e+02		1.5851683e+02		1.5851683e+02		3.0677925e-08
4.7400000e+02		4.7500000e+02		4.7450000e+02		6.6512717e+02		9.4590183e+01		1.9919199e+02		1.6383500e+02		1.6383500e+02		3.4065306e-08
4.7500000e+02		4.7600000e+02		4.7550000e+02		6.6365303e+02		9.4139863e+01		1.9824179e+02		1.6305503e+02		1.6305503e+02		3.1792742e-08
4.7600000e+02		4.7700000e+02		4.7650000e+02		6.3952653e+02		9.0807474e+01		1.9122317e+02		1.5728316e+02		1.5728316e+02		3.1341537e-08
4.7700000e+02		4.7800000e+02		4.7750000e+02		6.6772274e+02		9.4601094e+01		1.9921070e+02		1.6385390e+02		1.6385390e+02		3.0969131e-08
4.7800000e+02		4.7900000e+02		4.7850000e+02		6.6128260e+02		9.3606453e+01		1.9711510e+02		1.6213113e+02		1.6213113e+02		3.0112890e-08
4.7900000e+02		4.8000000e+02		4.7950000e+02		6.6320839e+02		9.4394597e+01		1.9877368e+02		1.6349624e+02		1.6349624e+02		3.4547461e-08
4.8000000e+02		4.8100000e+02		4.8050000e+02		6.6489751e+02		9.2645982e+01		1.9509044e+02		1.6046755e+02		1.6046755e+02		2.0387638e-08
4.8100000e+02		4.8200000e+02		4.8150000e+02		6.6630748e+02		9.4399546e+01		1.9878197e+02		1.6350481e+02		1.6350481e+02		3.0917379e-08
4.8200000e+02		4.8300000e+02		4.8250000e+02		6.6376999e+02		9.4168939e+01		1.9829532e+02		1.6310539e+02		1.6310539e+02		3.1852685e-08
4.8300000e+02		4.8400000e+02		4.8350000e+02		6.5373157e+02		9.2688809e+01		1.9517773e+02		1.6054173e+02		1.6054173e+02		3.0909365e-08
4.8400000e+02		4.8500000e+02		4.8450000e+02		6.4242337e+02		9.0231373e+01		1.9000243e+02		1.5628532e+02		1.5628532e+02		2.4138771e-08
4.8500000e+02		4.8600000e+02		4.8550000e+02		6.0369332e+02		8.5970653e+01		1.8103021e+02		1.4890554e+02		1.4890554e+02		3.2155168e-08
4.8600000e+02		4.8700000e+02		4.8650000e+02		5.2412565e+02		7.3959482e+01		1.5573675e+02		1.2810158e+02		1.2810158e+02		2.2105066e-08
4.8700000e+02		4.8800000e+02		4.8750000e+02		5.9966111e+02		8.4620666e+01		1.7818564e+02		1.4656729e+02		1.4656729e+02		2.5335130e-08
4.8800000e+02		4.8900000e+02		4.8850000e+02		6.3081686e+02		8.9384560e+01		1.8821604e+02		1.5481860e+02		1.5481860e+02		2.9516780e-08
4.8900000e+02		4.9000000e+02		4.8950000e+02		6.1880396e+02		8.7673623e+01		1.8461234e+02		1.5185517e+02		1.5185517e+02		2.8907713e-08
4.9000000e+02		4.9100000e+02		4.9050000e+02		6.5907671e+02		9.3166208e+01		1.9617665e+02		1.6136861e+02		1.6136861e+02		2.9051130e-08
4.9100000e+02		4.9200000e+02		4.9150000e+02		6.2110374e+02		8.7615425e+01		1.8448777e+02		1.5175437e+02		1.5175437e+02		2.5961076e-08
4.9200000e+02		4.9300000e+02		4.9250000e+02		5.9112858e+02		8.3730620e+01		1.7630629e+02		1.4502569e+02		1.4502569e+02		2.7314290e-08
4.9300000e+02		4.9400000e+02		4.9350000e+02		6.2472140e+02		8.8342537e+01		1.8601635e+02		1.5301376e+02		1.5301376e+02		2.7655803e-08
4.9400000e+02		4.9500000e+02		4.9450000e+02		6.4279699e+02		9.0921126e+01		1.9144495e+02		1.5748001e+02		1.5748001e+02		2.8598038e-08
4.9500000e+02		4.9600000e+02		4.9550000e+02		6.3133158e+02		8.9278784e+01		1.8798595e+02		1.5463539e+02		1.5463539e+02		2.7915675e-08
4.9600000e+02		4.9700000e+02		4.9650000e+02		6.3921352e+02		9.0222503e+01		1.8997218e+02		1.5626996e+02		1.5626996e+02		2.6981682e-08
4.9700000e+02		4.9800000e+02		4.9750000e+02		6.5113923e+02		9.2192078e+01		1.9411844e+02		1.5968136e+02		1.5968136e+02		2.9691444e-08
4.9800000e+02		4.9900000e+02		4.9850000e+02		5.9175801e+02		8.3697120e+01		1.7623090e+02		1.4496766e+02		1.4496766e+02		2.6236917e-08
4.9900000e+02		5.0000000e+02		4.9950000e+02		6.3385792e+02		8.9927673e+01		1.8934956e+02		1.5575930e+02		1.5575930e+02		3.0466859e-08
