Left Bin Edge (nm)	Right Bin Edge (nm)	Bin Center (nm)		Top of Atm Intensity (erg/s/nm/cm2)		Total Surface Flux (erg/s/nm/cm2)		Total Intensity at BOA (erg/s/nm/cm2)		Total Surface Intensity (erg/s/nm/cm2)		Total Surface Diffuse Intensity (erg/s/nm/cm2)		Total Surface Direct Intensity (erg/s/nm/cm2)
1.0000000e+02		1.0100000e+02		1.0050000e+02		1.9189487e-02		0.0000000e+00		0.0000000e+00		0.0000000e+00		0.0000000e+00		0.0000000e+00
1.0100000e+02		1.0200000e+02		1.0150000e+02		7.4861701e-02		0.0000000e+00		0.0000000e+00		0.0000000e+00		0.0000000e+00		0.0000000e+00
1.0200000e+02		1.0300000e+02		1.0250000e+02		3.9734366e-01		0.0000000e+00		0.0000000e+00		0.0000000e+00		0.0000000e+00		0.0000000e+00
1.0300000e+02		1.0400000e+02		1.0350000e+02		3.0179545e-01		0.0000000e+00		0.0000000e+00		0.0000000e+00		0.0000000e+00		0.0000000e+00
1.0400000e+02		1.0500000e+02		1.0450000e+02		6.0815352e-02		0.0000000e+00		0.0000000e+00		0.0000000e+00		0.0000000e+00		0.0000000e+00
1.0500000e+02		1.0600000e+02		1.0550000e+02		2.0834600e-02		0.0000000e+00		0.0000000e+00		0.0000000e+00		0.0000000e+00		0.0000000e+00
1.0600000e+02		1.0700000e+02		1.0650000e+02		1.9584792e-02		0.0000000e+00		0.0000000e+00		0.0000000e+00		0.0000000e+00		0.0000000e+00
1.0700000e+02		1.0800000e+02		1.0750000e+02		2.1853879e-02		0.0000000e+00		0.0000000e+00		0.0000000e+00		0.0000000e+00		0.0000000e+00
1.0800000e+02		1.0900000e+02		1.0850000e+02		3.0634999e-02		0.0000000e+00		0.0000000e+00		0.0000000e+00		0.0000000e+00		0.0000000e+00
1.0900000e+02		1.1000000e+02		1.0950000e+02		2.4032561e-02		0.0000000e+00		0.0000000e+00		0.0000000e+00		0.0000000e+00		0.0000000e+00
1.1000000e+02		1.1100000e+02		1.1050000e+02		2.3268893e-02		0.0000000e+00		0.0000000e+00		0.0000000e+00		0.0000000e+00		0.0000000e+00
1.1100000e+02		1.1200000e+02		1.1150000e+02		2.1871272e-02		0.0000000e+00		0.0000000e+00		0.0000000e+00		0.0000000e+00		0.0000000e+00
1.1200000e+02		1.1300000e+02		1.1250000e+02		2.2375602e-02		0.0000000e+00		0.0000000e+00		0.0000000e+00		0.0000000e+00		0.0000000e+00
1.1300000e+02		1.1400000e+02		1.1350000e+02		1.7748133e-02		0.0000000e+00		0.0000000e+00		0.0000000e+00		0.0000000e+00		0.0000000e+00
1.1400000e+02		1.1500000e+02		1.1450000e+02		1.3589480e-02		0.0000000e+00		0.0000000e+00		0.0000000e+00		0.0000000e+00		0.0000000e+00
1.1500000e+02		1.1600000e+02		1.1550000e+02		1.8751615e-02		0.0000000e+00		0.0000000e+00		0.0000000e+00		0.0000000e+00		0.0000000e+00
1.1600000e+02		1.1700000e+02		1.1650000e+02		4.3674487e-02		0.0000000e+00		0.0000000e+00		0.0000000e+00		0.0000000e+00		0.0000000e+00
1.1700000e+02		1.1800000e+02		1.1750000e+02		1.5546757e-01		0.0000000e+00		0.0000000e+00		0.0000000e+00		0.0000000e+00		0.0000000e+00
1.1800000e+02		1.1900000e+02		1.1850000e+02		5.2889236e-02		0.0000000e+00		0.0000000e+00		0.0000000e+00		0.0000000e+00		0.0000000e+00
1.1900000e+02		1.2000000e+02		1.1950000e+02		7.3692884e-02		0.0000000e+00		0.0000000e+00		0.0000000e+00		0.0000000e+00		0.0000000e+00
1.2000000e+02		1.2100000e+02		1.2050000e+02		4.0066072e-01		0.0000000e+00		0.0000000e+00		0.0000000e+00		0.0000000e+00		0.0000000e+00
1.2100000e+02		1.2200000e+02		1.2150000e+02		1.5905289e+01		0.0000000e+00		0.0000000e+00		0.0000000e+00		0.0000000e+00		0.0000000e+00
1.2200000e+02		1.2300000e+02		1.2250000e+02		1.0666543e-01		0.0000000e+00		0.0000000e+00		0.0000000e+00		0.0000000e+00		0.0000000e+00
1.2300000e+02		1.2400000e+02		1.2350000e+02		5.7456553e-02		0.0000000e+00		0.0000000e+00		0.0000000e+00		0.0000000e+00		0.0000000e+00
1.2400000e+02		1.2500000e+02		1.2450000e+02		4.6184197e-02		0.0000000e+00		0.0000000e+00		0.0000000e+00		0.0000000e+00		0.0000000e+00
1.2500000e+02		1.2600000e+02		1.2550000e+02		4.5085118e-02		0.0000000e+00		0.0000000e+00		0.0000000e+00		0.0000000e+00		0.0000000e+00
1.2600000e+02		1.2700000e+02		1.2650000e+02		6.3054464e-02		0.0000000e+00		0.0000000e+00		0.0000000e+00		0.0000000e+00		0.0000000e+00
1.2700000e+02		1.2800000e+02		1.2750000e+02		3.3006429e-02		0.0000000e+00		0.0000000e+00		0.0000000e+00		0.0000000e+00		0.0000000e+00
1.2800000e+02		1.2900000e+02		1.2850000e+02		2.6335196e-02		0.0000000e+00		0.0000000e+00		0.0000000e+00		0.0000000e+00		0.0000000e+00
1.2900000e+02		1.3000000e+02		1.2950000e+02		3.5131240e-02		0.0000000e+00		0.0000000e+00		0.0000000e+00		0.0000000e+00		0.0000000e+00
1.3000000e+02		1.3100000e+02		1.3050000e+02		2.8850634e-01		0.0000000e+00		0.0000000e+00		0.0000000e+00		0.0000000e+00		0.0000000e+00
1.3100000e+02		1.3200000e+02		1.3150000e+02		3.9064855e-02		0.0000000e+00		0.0000000e+00		0.0000000e+00		0.0000000e+00		0.0000000e+00
1.3200000e+02		1.3300000e+02		1.3250000e+02		3.0374778e-02		0.0000000e+00		0.0000000e+00		0.0000000e+00		0.0000000e+00		0.0000000e+00
1.3300000e+02		1.3400000e+02		1.3350000e+02		4.1056606e-01		0.0000000e+00		0.0000000e+00		0.0000000e+00		0.0000000e+00		0.0000000e+00
1.3400000e+02		1.3500000e+02		1.3450000e+02		2.8092500e-02		0.0000000e+00		0.0000000e+00		0.0000000e+00		0.0000000e+00		0.0000000e+00
1.3500000e+02		1.3600000e+02		1.3550000e+02		5.8954708e-02		0.0000000e+00		0.0000000e+00		0.0000000e+00		0.0000000e+00		0.0000000e+00
1.3600000e+02		1.3700000e+02		1.3650000e+02		3.8690656e-02		0.0000000e+00		0.0000000e+00		0.0000000e+00		0.0000000e+00		0.0000000e+00
1.3700000e+02		1.3800000e+02		1.3750000e+02		3.9732879e-02		0.0000000e+00		0.0000000e+00		0.0000000e+00		0.0000000e+00		0.0000000e+00
1.3800000e+02		1.3900000e+02		1.3850000e+02		4.0549866e-02		0.0000000e+00		0.0000000e+00		0.0000000e+00		0.0000000e+00		0.0000000e+00
1.3900000e+02		1.4000000e+02		1.3950000e+02		1.3692187e-01		0.0000000e+00		0.0000000e+00		0.0000000e+00		0.0000000e+00		0.0000000e+00
1.4000000e+02		1.4100000e+02		1.4050000e+02		1.1939088e-01		0.0000000e+00		0.0000000e+00		0.0000000e+00		0.0000000e+00		0.0000000e+00
1.4100000e+02		1.4200000e+02		1.4150000e+02		5.7521948e-02		0.0000000e+00		0.0000000e+00		0.0000000e+00		0.0000000e+00		0.0000000e+00
1.4200000e+02		1.4300000e+02		1.4250000e+02		6.2343151e-02		0.0000000e+00		0.0000000e+00		0.0000000e+00		0.0000000e+00		0.0000000e+00
1.4300000e+02		1.4400000e+02		1.4350000e+02		6.9165895e-02		0.0000000e+00		0.0000000e+00		0.0000000e+00		0.0000000e+00		0.0000000e+00
1.4400000e+02		1.4500000e+02		1.4450000e+02		6.6149126e-02		0.0000000e+00		0.0000000e+00		0.0000000e+00		0.0000000e+00		0.0000000e+00
1.4500000e+02		1.4600000e+02		1.4550000e+02		7.0536262e-02		0.0000000e+00		0.0000000e+00		0.0000000e+00		0.0000000e+00		0.0000000e+00
1.4600000e+02		1.4700000e+02		1.4650000e+02		8.6012655e-02		0.0000000e+00		0.0000000e+00		0.0000000e+00		0.0000000e+00		0.0000000e+00
1.4700000e+02		1.4800000e+02		1.4750000e+02		1.0610345e-01		0.0000000e+00		0.0000000e+00		0.0000000e+00		0.0000000e+00		0.0000000e+00
1.4800000e+02		1.4900000e+02		1.4850000e+02		1.0405386e-01		0.0000000e+00		0.0000000e+00		0.0000000e+00		0.0000000e+00		0.0000000e+00
1.4900000e+02		1.5000000e+02		1.4950000e+02		9.4002421e-02		0.0000000e+00		0.0000000e+00		0.0000000e+00		0.0000000e+00		0.0000000e+00
1.5000000e+02		1.5100000e+02		1.5050000e+02		1.0343288e-01		0.0000000e+00		0.0000000e+00		0.0000000e+00		0.0000000e+00		0.0000000e+00
1.5100000e+02		1.5200000e+02		1.5150000e+02		1.0875212e-01		0.0000000e+00		0.0000000e+00		0.0000000e+00		0.0000000e+00		0.0000000e+00
1.5200000e+02		1.5300000e+02		1.5250000e+02		1.3876638e-01		0.0000000e+00		0.0000000e+00		0.0000000e+00		0.0000000e+00		0.0000000e+00
1.5300000e+02		1.5400000e+02		1.5350000e+02		1.5371418e-01		0.0000000e+00		0.0000000e+00		0.0000000e+00		0.0000000e+00		0.0000000e+00
1.5400000e+02		1.5500000e+02		1.5450000e+02		4.1112511e-01		0.0000000e+00		0.0000000e+00		0.0000000e+00		0.0000000e+00		0.0000000e+00
1.5500000e+02		1.5600000e+02		1.5550000e+02		3.3836363e-01		0.0000000e+00		0.0000000e+00		0.0000000e+00		0.0000000e+00		0.0000000e+00
1.5600000e+02		1.5700000e+02		1.5650000e+02		2.0084632e-01		0.0000000e+00		0.0000000e+00		0.0000000e+00		0.0000000e+00		0.0000000e+00
1.5700000e+02		1.5800000e+02		1.5750000e+02		1.8216796e-01		0.0000000e+00		0.0000000e+00		0.0000000e+00		0.0000000e+00		0.0000000e+00
1.5800000e+02		1.5900000e+02		1.5850000e+02		1.6795176e-01		0.0000000e+00		0.0000000e+00		0.0000000e+00		0.0000000e+00		0.0000000e+00
1.5900000e+02		1.6000000e+02		1.5950000e+02		1.6379377e-01		0.0000000e+00		0.0000000e+00		0.0000000e+00		0.0000000e+00		0.0000000e+00
1.6000000e+02		1.6100000e+02		1.6050000e+02		1.7926410e-01		0.0000000e+00		0.0000000e+00		0.0000000e+00		0.0000000e+00		0.0000000e+00
1.6100000e+02		1.6200000e+02		1.6150000e+02		2.0306941e-01		0.0000000e+00		0.0000000e+00		0.0000000e+00		0.0000000e+00		0.0000000e+00
1.6200000e+02		1.6300000e+02		1.6250000e+02		2.2492895e-01		0.0000000e+00		0.0000000e+00		0.0000000e+00		0.0000000e+00		0.0000000e+00
1.6300000e+02		1.6400000e+02		1.6350000e+02		4.7671727e-01		0.0000000e+00		0.0000000e+00		0.0000000e+00		0.0000000e+00		0.0000000e+00
1.6400000e+02		1.6500000e+02		1.6450000e+02		4.8753270e-01		0.0000000e+00		0.0000000e+00		0.0000000e+00		0.0000000e+00		0.0000000e+00
1.6500000e+02		1.6600000e+02		1.6550000e+02		5.7072689e-01		0.0000000e+00		0.0000000e+00		0.0000000e+00		0.0000000e+00		0.0000000e+00
1.6600000e+02		1.6700000e+02		1.6650000e+02		2.6919628e-01		0.0000000e+00		0.0000000e+00		0.0000000e+00		0.0000000e+00		0.0000000e+00
1.6700000e+02		1.6800000e+02		1.6750000e+02		2.8728373e-01		0.0000000e+00		0.0000000e+00		0.0000000e+00		0.0000000e+00		0.0000000e+00
1.6800000e+02		1.6900000e+02		1.6850000e+02		3.0958866e-01		0.0000000e+00		0.0000000e+00		0.0000000e+00		0.0000000e+00		0.0000000e+00
1.6900000e+02		1.7000000e+02		1.6950000e+02		3.8988989e-01		0.0000000e+00		0.0000000e+00		0.0000000e+00		0.0000000e+00		0.0000000e+00
1.7000000e+02		1.7100000e+02		1.7050000e+02		4.3752516e-01		0.0000000e+00		0.0000000e+00		0.0000000e+00		0.0000000e+00		0.0000000e+00
1.7100000e+02		1.7200000e+02		1.7150000e+02		4.3618394e-01		0.0000000e+00		0.0000000e+00		0.0000000e+00		0.0000000e+00		0.0000000e+00
1.7200000e+02		1.7300000e+02		1.7250000e+02		4.5514763e-01		0.0000000e+00		0.0000000e+00		0.0000000e+00		0.0000000e+00		0.0000000e+00
1.7300000e+02		1.7400000e+02		1.7350000e+02		4.5120572e-01		0.0000000e+00		0.0000000e+00		0.0000000e+00		0.0000000e+00		0.0000000e+00
1.7400000e+02		1.7500000e+02		1.7450000e+02		5.3951828e-01		0.0000000e+00		0.0000000e+00		0.0000000e+00		0.0000000e+00		0.0000000e+00
1.7500000e+02		1.7600000e+02		1.7550000e+02		6.4389120e-01		0.0000000e+00		0.0000000e+00		0.0000000e+00		0.0000000e+00		0.0000000e+00
1.7600000e+02		1.7700000e+02		1.7650000e+02		6.9472845e-01		0.0000000e+00		0.0000000e+00		0.0000000e+00		0.0000000e+00		0.0000000e+00
1.7700000e+02		1.7800000e+02		1.7750000e+02		8.1849614e-01		0.0000000e+00		0.0000000e+00		0.0000000e+00		0.0000000e+00		0.0000000e+00
1.7800000e+02		1.7900000e+02		1.7850000e+02		8.9455089e-01		0.0000000e+00		0.0000000e+00		0.0000000e+00		0.0000000e+00		0.0000000e+00
1.7900000e+02		1.8000000e+02		1.7950000e+02		8.6966614e-01		0.0000000e+00		0.0000000e+00		0.0000000e+00		0.0000000e+00		0.0000000e+00
1.8000000e+02		1.8100000e+02		1.8050000e+02		1.0753674e+00		0.0000000e+00		0.0000000e+00		0.0000000e+00		0.0000000e+00		0.0000000e+00
1.8100000e+02		1.8200000e+02		1.8150000e+02		1.3093431e+00		0.0000000e+00		0.0000000e+00		0.0000000e+00		0.0000000e+00		0.0000000e+00
1.8200000e+02		1.8300000e+02		1.8250000e+02		1.2087370e+00		0.0000000e+00		0.0000000e+00		0.0000000e+00		0.0000000e+00		0.0000000e+00
1.8300000e+02		1.8400000e+02		1.8350000e+02		1.2728289e+00		0.0000000e+00		0.0000000e+00		0.0000000e+00		0.0000000e+00		0.0000000e+00
1.8400000e+02		1.8500000e+02		1.8450000e+02		1.0940339e+00		0.0000000e+00		0.0000000e+00		0.0000000e+00		0.0000000e+00		0.0000000e+00
1.8500000e+02		1.8600000e+02		1.8550000e+02		1.2372281e+00		0.0000000e+00		0.0000000e+00		0.0000000e+00		0.0000000e+00		0.0000000e+00
1.8600000e+02		1.8700000e+02		1.8650000e+02		1.4037992e+00		0.0000000e+00		0.0000000e+00		0.0000000e+00		0.0000000e+00		0.0000000e+00
1.8700000e+02		1.8800000e+02		1.8750000e+02		1.5907538e+00		0.0000000e+00		0.0000000e+00		0.0000000e+00		0.0000000e+00		0.0000000e+00
1.8800000e+02		1.8900000e+02		1.8850000e+02		1.6735993e+00		0.0000000e+00		0.0000000e+00		0.0000000e+00		0.0000000e+00		0.0000000e+00
1.8900000e+02		1.9000000e+02		1.8950000e+02		1.8559600e+00		5.9897831e-285		0.0000000e+00		6.0002910e-285		2.4861942e-287		5.9754291e-285
1.9000000e+02		1.9100000e+02		1.9050000e+02		1.9109940e+00		6.8871702e-236		0.0000000e+00		6.9056650e-236		4.3759140e-238		6.8619058e-236
1.9100000e+02		1.9200000e+02		1.9150000e+02		2.0707336e+00		4.0942875e-110		0.0000000e+00		7.0915139e-110		7.0915139e-110		1.2778985e-208
1.9200000e+02		1.9300000e+02		1.9250000e+02		2.1685186e+00		2.2120075e-78		2.2324833e-75		3.8313094e-78		3.8313094e-78		1.7557706e-189
1.9300000e+02		1.9400000e+02		1.9350000e+02		1.6554009e+00		5.3630883e-58		9.0067435e-56		9.2891414e-58		9.2891414e-58		1.7282767e-177
1.9400000e+02		1.9500000e+02		1.9450000e+02		2.6556632e+00		2.1584806e-46		1.3577957e-44		3.7385980e-46		3.7385980e-46		2.4507120e-170
1.9500000e+02		1.9600000e+02		1.9550000e+02		2.5630279e+00		2.0830983e-37		6.0959204e-36		3.6080322e-37		3.6080322e-37		7.3952285e-165
1.9600000e+02		1.9700000e+02		1.9650000e+02		2.8204934e+00		1.2764835e-32		2.5078295e-31		2.2109343e-32		2.2109343e-32		7.0945594e-162
1.9700000e+02		1.9800000e+02		1.9750000e+02		2.8068384e+00		4.6961397e-29		6.8551354e-28		8.1339525e-29		8.1339525e-29		1.1175798e-159
1.9800000e+02		1.9900000e+02		1.9850000e+02		2.7505577e+00		1.7927729e-16		9.4337399e-16		3.1051737e-16		3.1051737e-16		9.4974149e-153
1.9900000e+02		2.0000000e+02		1.9950000e+02		2.8965557e+00		2.7363003e-04		6.3379527e-04		4.7394112e-04		4.7394112e-04		2.3969217e-146
2.0000000e+02		2.0100000e+02		2.0050000e+02		3.0623388e+00		1.3956334e-03		3.1392116e-03		2.4173079e-03		2.4173079e-03		1.1432187e-145
2.0100000e+02		2.0200000e+02		2.0150000e+02		3.2593670e+00		1.0924065e-02		2.3835356e-02		1.8921035e-02		1.8921035e-02		2.9043167e-145
2.0200000e+02		2.0300000e+02		2.0250000e+02		3.2217937e+00		1.3656687e-02		2.9702280e-02		2.3654075e-02		2.3654075e-02		9.3636630e-145
2.0300000e+02		2.0400000e+02		2.0350000e+02		3.4484145e+00		2.0584494e-02		4.4573757e-02		3.5653390e-02		3.5653390e-02		2.2472496e-144
2.0400000e+02		2.0500000e+02		2.0450000e+02		3.7117169e+00		2.5636038e-02		5.5411100e-02		4.4402920e-02		4.4402920e-02		5.9530297e-144
2.0500000e+02		2.0600000e+02		2.0550000e+02		3.7200399e+00		2.5976708e-02		5.6119389e-02		4.4992977e-02		4.4992977e-02		1.1180850e-143
2.0600000e+02		2.0700000e+02		2.0650000e+02		3.7247532e+00		2.6526232e-02		5.7277949e-02		4.5944782e-02		4.5944782e-02		1.9435824e-143
2.0700000e+02		2.0800000e+02		2.0750000e+02		4.0454145e+00		2.9367880e-02		6.3383276e-02		5.0866661e-02		5.0866661e-02		5.1684208e-143
2.0800000e+02		2.0900000e+02		2.0850000e+02		4.3759554e+00		3.0718920e-02		6.6268259e-02		5.3206731e-02		5.3206731e-02		5.7200590e-143
2.0900000e+02		2.1000000e+02		2.0950000e+02		5.6528678e+00		4.1826523e-02		9.0190884e-02		7.2445663e-02		7.2445663e-02		1.3019934e-142
2.1000000e+02		2.1100000e+02		2.1050000e+02		6.9678423e+00		5.2641552e-02		1.1345971e-01		9.1177842e-02		9.1177842e-02		8.1404251e-142
2.1100000e+02		2.1200000e+02		2.1150000e+02		7.9326445e+00		6.0441309e-02		1.3021566e-01		1.0468742e-01		1.0468742e-01		1.0592762e-141
2.1200000e+02		2.1300000e+02		2.1250000e+02		7.0734222e+00		5.4706852e-02		1.1781139e-01		9.4755047e-02		9.4755047e-02		1.8311077e-141
2.1300000e+02		2.1400000e+02		2.1350000e+02		7.2066449e+00		5.6540822e-02		1.2171079e-01		9.7931576e-02		9.7931576e-02		3.3510214e-141
2.1400000e+02		2.1500000e+02		2.1450000e+02		9.2279181e+00		7.3414641e-02		1.5796988e-01		1.2715789e-01		1.2715789e-01		6.2814296e-141
2.1500000e+02		2.1600000e+02		2.1550000e+02		7.9257408e+00		6.3060436e-02		1.3563743e-01		1.0922388e-01		1.0922388e-01		7.8223260e-141
2.1600000e+02		2.1700000e+02		2.1650000e+02		7.3353469e+00		5.9463552e-02		1.2785174e-01		1.0299389e-01		1.0299389e-01		3.7361549e-140
2.1700000e+02		2.1800000e+02		2.1750000e+02		7.5953881e+00		6.2346462e-02		1.3399990e-01		1.0798724e-01		1.0798724e-01		2.4020958e-140
2.1800000e+02		2.1900000e+02		2.1850000e+02		1.0217230e+01		8.4762270e-02		1.8211187e-01		1.4681256e-01		1.4681256e-01		7.5730591e-140
2.1900000e+02		2.2000000e+02		2.1950000e+02		1.0786519e+01		8.9931910e-02		1.9315365e-01		1.5576664e-01		1.5576664e-01		8.5465930e-140
2.2000000e+02		2.2100000e+02		2.2050000e+02		1.0851638e+01		9.0996827e-02		1.9537063e-01		1.5761113e-01		1.5761113e-01		1.9698431e-139
2.2100000e+02		2.2200000e+02		2.2150000e+02		8.6872371e+00		7.3403742e-02		1.5754139e-01		1.2713901e-01		1.2713901e-01		2.3224822e-139
2.2200000e+02		2.2300000e+02		2.2250000e+02		1.1691346e+01		9.9410064e-02		2.1329408e-01		1.7218328e-01		1.7218328e-01		6.7252667e-139
2.2300000e+02		2.2400000e+02		2.2350000e+02		1.5139682e+01		1.2993014e-01		2.7868905e-01		2.2504560e-01		2.2504560e-01		1.3706656e-138
2.2400000e+02		2.2500000e+02		2.2450000e+02		1.4154944e+01		1.2210642e-01		2.6182605e-01		2.1149452e-01		2.1149452e-01		1.2625533e-138
2.2500000e+02		2.2600000e+02		2.2550000e+02		1.2365614e+01		1.0778207e-01		2.3104075e-01		1.8668402e-01		1.8668402e-01		2.3482206e-138
2.2600000e+02		2.2700000e+02		2.2650000e+02		9.0577089e+00		7.9092070e-02		1.6949050e-01		1.3699148e-01		1.3699148e-01		1.4739601e-138
2.2700000e+02		2.2800000e+02		2.2750000e+02		8.8108381e+00		7.7385965e-02		1.6578623e-01		1.3403642e-01		1.3403642e-01		1.8900969e-138
2.2800000e+02		2.2900000e+02		2.2850000e+02		1.2275156e+01		1.0900558e-01		2.3344962e-01		1.8880320e-01		1.8880320e-01		7.2983939e-138
2.2900000e+02		2.3000000e+02		2.2950000e+02		1.1031259e+01		9.8404520e-02		2.1069803e-01		1.7044163e-01		1.7044163e-01		1.6077354e-137
2.3000000e+02		2.3100000e+02		2.3050000e+02		1.2510180e+01		1.1194447e-01		2.3962396e-01		1.9389351e-01		1.9389351e-01		1.6163796e-137
2.3100000e+02		2.3200000e+02		2.3150000e+02		1.1791833e+01		1.0610555e-01		2.2706414e-01		1.8378020e-01		1.8378020e-01		2.5721693e-137
2.3200000e+02		2.3300000e+02		2.3250000e+02		1.2664003e+01		1.1467199e-01		2.4533519e-01		1.9861771e-01		1.9861771e-01		7.6597497e-137
2.3300000e+02		2.3400000e+02		2.3350000e+02		1.1428554e+01		1.0372925e-01		2.2186730e-01		1.7966434e-01		1.7966434e-01		5.6921611e-137
2.3400000e+02		2.3500000e+02		2.3450000e+02		9.9864853e+00		9.0911714e-02		1.9440397e-01		1.5746371e-01		1.5746371e-01		5.6646616e-137
2.3500000e+02		2.3600000e+02		2.3550000e+02		1.3443360e+01		1.2181584e-01		2.6043807e-01		2.1099122e-01		2.1099122e-01		6.4575759e-137
2.3600000e+02		2.3700000e+02		2.3650000e+02		1.2448020e+01		1.1414244e-01		2.4396469e-01		1.9770051e-01		1.9770051e-01		1.5713969e-136
2.3700000e+02		2.3800000e+02		2.3750000e+02		1.3294723e+01		1.2214594e-01		2.6101195e-01		2.1156298e-01		2.1156298e-01		3.0508020e-136
2.3800000e+02		2.3900000e+02		2.3850000e+02		1.1021422e+01		1.0189165e-01		2.1768163e-01		1.7648151e-01		1.7648151e-01		4.5034719e-136
2.3900000e+02		2.4000000e+02		2.3950000e+02		1.2008577e+01		1.1136788e-01		2.3787416e-01		1.9289482e-01		1.9289482e-01		7.1376100e-136
2.4000000e+02		2.4100000e+02		2.4050000e+02		1.1032163e+01		1.0239081e-01		2.1865267e-01		1.7734609e-01		1.7734609e-01		5.0512908e-136
2.4100000e+02		2.4200000e+02		2.4150000e+02		1.2918879e+01		1.2014443e-01		2.5651105e-01		2.0809625e-01		2.0809625e-01		9.3689890e-136
2.4200000e+02		2.4300000e+02		2.4250000e+02		1.7782729e+01		1.6558752e-01		3.5346181e-01		2.8680599e-01		2.8680599e-01		1.7277953e-135
2.4300000e+02		2.4400000e+02		2.4350000e+02		1.6701989e+01		1.5601327e-01		3.3295837e-01		2.7022291e-01		2.7022291e-01		2.3907759e-135
2.4400000e+02		2.4500000e+02		2.4450000e+02		1.5641720e+01		1.4662881e-01		3.1286896e-01		2.5396854e-01		2.5396854e-01		3.7695862e-135
2.4500000e+02		2.4600000e+02		2.4550000e+02		1.2691134e+01		1.1922268e-01		2.5434258e-01		2.0649975e-01		2.0649975e-01		3.6105782e-135
2.4600000e+02		2.4700000e+02		2.4650000e+02		1.2350906e+01		1.1661068e-01		2.4872249e-01		2.0197562e-01		2.0197562e-01		9.2873145e-135
2.4700000e+02		2.4800000e+02		2.4750000e+02		1.3639226e+01		1.2879491e-01		2.7466078e-01		2.2307934e-01		2.2307934e-01		9.1933752e-135
2.4800000e+02		2.4900000e+02		2.4850000e+02		1.0938846e+01		1.0308427e-01		2.1979309e-01		1.7854720e-01		1.7854720e-01		6.3384149e-135
2.4900000e+02		2.5000000e+02		2.4950000e+02		1.3333262e+01		1.2505545e-01		2.6659308e-01		2.1660239e-01		2.1660239e-01		1.1471845e-134
2.5000000e+02		2.5100000e+02		2.5050000e+02		1.4401571e+01		1.3636363e-01		2.9065002e-01		2.3618873e-01		2.3618873e-01		1.9648265e-134
2.5100000e+02		2.5200000e+02		2.5150000e+02		1.2007424e+01		1.1407070e-01		2.4309357e-01		1.9757624e-01		1.9757624e-01		2.3313515e-134
2.5200000e+02		2.5300000e+02		2.5250000e+02		1.0794009e+01		1.0264563e-01		2.1870962e-01		1.7778744e-01		1.7778744e-01		2.2522858e-134
2.5300000e+02		2.5400000e+02		2.5350000e+02		1.3602371e+01		1.2959695e-01		2.7608978e-01		2.2446850e-01		2.2446850e-01		4.1894056e-134
2.5400000e+02		2.5500000e+02		2.5450000e+02		1.5384114e+01		1.4671552e-01		3.1250987e-01		2.5411874e-01		2.5411874e-01		4.6970509e-134
2.5500000e+02		2.5600000e+02		2.5550000e+02		2.0992062e+01		2.0057650e-01		4.2716912e-01		3.4740869e-01		3.4740869e-01		9.7040979e-134
2.5600000e+02		2.5700000e+02		2.5650000e+02		2.7040612e+01		2.5897853e-01		5.5146565e-01		4.4856397e-01		4.4856397e-01		2.1989179e-133
2.5700000e+02		2.5800000e+02		2.5750000e+02		3.3946512e+01		3.2583936e-01		6.9373487e-01		5.6437033e-01		5.6437033e-01		3.6557088e-133
2.5800000e+02		2.5900000e+02		2.5850000e+02		3.5732434e+01		3.4286946e-01		7.2988672e-01		5.9386733e-01		5.9386733e-01		2.9909559e-133
2.5900000e+02		2.6000000e+02		2.5950000e+02		3.0409976e+01		2.9224620e-01		6.2203660e-01		5.0618526e-01		5.0618526e-01		4.2495491e-133
2.6000000e+02		2.6100000e+02		2.6050000e+02		2.4915606e+01		2.4000218e-01		5.1076147e-01		4.1569596e-01		4.1569596e-01		5.3305388e-133
2.6100000e+02		2.6200000e+02		2.6150000e+02		2.5442742e+01		2.4688049e-01		5.2527698e-01		4.2760955e-01		4.2760955e-01		4.2506530e-133
2.6200000e+02		2.6300000e+02		2.6250000e+02		3.0366547e+01		2.9401521e-01		6.2550523e-01		5.0924927e-01		5.0924927e-01		5.8427617e-133
2.6300000e+02		2.6400000e+02		2.6350000e+02		4.5700096e+01		4.4201344e-01		9.4028262e-01		7.6558973e-01		7.6558973e-01		1.2743801e-132
2.6400000e+02		2.6500000e+02		2.6450000e+02		7.1249372e+01		6.9493773e-01		1.4779831e+00		1.2036674e+00		1.2036674e+00		3.1101197e-132
2.6500000e+02		2.6600000e+02		2.6550000e+02		7.4731454e+01		7.2495428e-01		1.5417741e+00		1.2556576e+00		1.2556576e+00		3.1051848e-132
2.6600000e+02		2.6700000e+02		2.6650000e+02		7.2446611e+01		7.0433262e-01		1.4977546e+00		1.2199399e+00		1.2199399e+00		6.2090608e-132
2.6700000e+02		2.6800000e+02		2.6750000e+02		7.2937204e+01		7.1051642e-01		1.5106729e+00		1.2306505e+00		1.2306505e+00		5.1023685e-132
2.6800000e+02		2.6900000e+02		2.6850000e+02		7.2239021e+01		7.0349713e-01		1.4955862e+00		1.2184928e+00		1.2184928e+00		5.3214936e-132
2.6900000e+02		2.7000000e+02		2.6950000e+02		6.7758000e+01		6.5956644e-01		1.4020676e+00		1.1424026e+00		1.1424026e+00		1.0882945e-131
2.7000000e+02		2.7100000e+02		2.7050000e+02		7.8281462e+01		7.6315436e-01		1.6221543e+00		1.3218221e+00		1.3218221e+00		2.1503053e-131
2.7100000e+02		2.7200000e+02		2.7150000e+02		6.5051220e+01		6.3472608e-01		1.3489562e+00		1.0993778e+00		1.0993778e+00		9.2303654e-132
2.7200000e+02		2.7300000e+02		2.7250000e+02		5.2331568e+01		5.1252442e-01		1.0891263e+00		8.8771834e-01		8.8771834e-01		1.5386016e-131
2.7300000e+02		2.7400000e+02		2.7350000e+02		5.5800645e+01		5.4103439e-01		1.1495885e+00		9.3709906e-01		9.3709906e-01		1.6924617e-131
2.7400000e+02		2.7500000e+02		2.7450000e+02		3.8398649e+01		3.7704891e-01		8.0104774e-01		6.5306787e-01		6.5306787e-01		1.2513716e-131
2.7500000e+02		2.7600000e+02		2.7550000e+02		5.1208696e+01		5.0307269e-01		1.0686752e+00		8.7134746e-01		8.7134746e-01		1.6437110e-131
2.7600000e+02		2.7700000e+02		2.7650000e+02		7.1318275e+01		6.9835986e-01		1.4834642e+00		1.2095948e+00		1.2095948e+00		3.8228838e-131
2.7700000e+02		2.7800000e+02		2.7750000e+02		6.8188493e+01		6.7122190e-01		1.4255477e+00		1.1625904e+00		1.1625904e+00		2.0110255e-131
2.7800000e+02		2.7900000e+02		2.7850000e+02		4.7024496e+01		4.6213718e-01		9.8144054e-01		8.0044507e-01		8.0044507e-01		1.4946280e-131
2.7900000e+02		2.8000000e+02		2.7950000e+02		2.6422560e+01		2.6018773e-01		5.5251109e-01		4.5065836e-01		4.5065836e-01		1.3412684e-131
2.8000000e+02		2.8100000e+02		2.8050000e+02		2.8982131e+01		2.8593251e-01		6.0712295e-01		4.9524963e-01		4.9524963e-01		2.2180163e-131
2.8100000e+02		2.8200000e+02		2.8150000e+02		6.0033324e+01		5.9279335e-01		1.2585802e+00		1.0267482e+00		1.0267482e+00		6.3156908e-131
2.8200000e+02		2.8300000e+02		2.8250000e+02		8.1733762e+01		8.0521286e-01		1.7094493e+00		1.3946696e+00		1.3946696e+00		1.1083924e-130
2.8300000e+02		2.8400000e+02		2.8350000e+02		8.4433091e+01		8.3521628e-01		1.7729447e+00		1.4466370e+00		1.4466370e+00		1.6323959e-130
2.8400000e+02		2.8500000e+02		2.8450000e+02		6.2255376e+01		6.1598300e-01		1.3074615e+00		1.0669139e+00		1.0669139e+00		7.7660569e-131
2.8500000e+02		2.8600000e+02		2.8550000e+02		4.0018063e+01		3.9632818e-01		8.4115225e-01		6.8646054e-01		6.8646054e-01		4.9225438e-131
2.8600000e+02		2.8700000e+02		2.8650000e+02		8.2001717e+01		8.1285289e-01		1.7250751e+00		1.4079025e+00		1.4079025e+00		1.8203669e-130
2.8700000e+02		2.8800000e+02		2.8750000e+02		9.5189148e+01		9.4490009e-01		2.0050795e+00		1.6366150e+00		1.6366150e+00		1.5839229e-130
2.8800000e+02		2.8900000e+02		2.8850000e+02		9.0460934e+01		9.0014312e-01		1.9099580e+00		1.5590936e+00		1.5590936e+00		2.5465296e-130
2.8900000e+02		2.9000000e+02		2.8950000e+02		1.3728321e+02		1.3617047e+00		2.8890909e+00		2.3585417e+00		2.3585417e+00		2.0805284e-130
2.9000000e+02		2.9100000e+02		2.9050000e+02		1.8023325e+02		1.7928551e+00		3.8035820e+00		3.1053162e+00		3.1053162e+00		4.0377971e-130
2.9100000e+02		2.9200000e+02		2.9150000e+02		1.7359450e+02		1.7343599e+00		3.6790555e+00		3.0039995e+00		3.0039995e+00		6.1558440e-130
2.9200000e+02		2.9300000e+02		2.9250000e+02		1.5421676e+02		1.5404483e+00		3.2675872e+00		2.6681348e+00		2.6681348e+00		8.4325605e-130
2.9300000e+02		2.9400000e+02		2.9350000e+02		1.6099986e+02		1.6086701e+00		3.4120379e+00		2.7862983e+00		2.7862983e+00		8.2326351e-130
2.9400000e+02		2.9500000e+02		2.9450000e+02		1.4991794e+02		1.4986594e+00		3.1784708e+00		2.5957543e+00		2.5957543e+00		8.5794996e-130
2.9500000e+02		2.9600000e+02		2.9550000e+02		1.6232431e+02		1.6207558e+00		3.4371912e+00		2.8072314e+00		2.8072314e+00		8.2390271e-130
2.9600000e+02		2.9700000e+02		2.9650000e+02		1.4851381e+02		1.4861964e+00		3.1515735e+00		2.5741677e+00		2.5741677e+00		9.1243957e-130
2.9700000e+02		2.9800000e+02		2.9750000e+02		1.5140866e+02		1.5168100e+00		3.2162597e+00		2.6271920e+00		2.6271920e+00		1.4199005e-129
2.9800000e+02		2.9900000e+02		2.9850000e+02		1.3012850e+02		1.3028767e+00		2.7624412e+00		2.2566486e+00		2.2566486e+00		6.1903052e-130
2.9900000e+02		3.0000000e+02		2.9950000e+02		1.4682541e+02		1.4774961e+00		3.1324802e+00		2.5590984e+00		2.5590984e+00		2.2693254e-129
3.0000000e+02		3.0100000e+02		3.0050000e+02		1.1681452e+02		1.1728051e+00		2.4863157e+00		2.0313581e+00		2.0313581e+00		9.3134735e-130
3.0100000e+02		3.0200000e+02		3.0150000e+02		1.3434477e+02		1.3380736e+00		2.8366066e+00		2.3176115e+00		2.3176115e+00		1.6636550e-129
3.0200000e+02		3.0300000e+02		3.0250000e+02		1.4142283e+02		1.4181109e+00		3.0061901e+00		2.4562402e+00		2.4562402e+00		1.9495424e-129
3.0300000e+02		3.0400000e+02		3.0350000e+02		1.8342160e+02		1.8386283e+00		3.8974171e+00		3.1845976e+00		3.1845976e+00		3.0746002e-129
3.0400000e+02		3.0500000e+02		3.0450000e+02		1.7556728e+02		1.7598179e+00		3.7301215e+00		3.0480940e+00		3.0480940e+00		2.8512183e-129
3.0500000e+02		3.0600000e+02		3.0550000e+02		1.7728071e+02		1.7782286e+00		3.7689421e+00		3.0799823e+00		3.0799823e+00		3.3790256e-129
3.0600000e+02		3.0700000e+02		3.0650000e+02		1.6814926e+02		1.6882800e+00		3.5780844e+00		2.9241867e+00		2.9241867e+00		3.5331885e-129
3.0700000e+02		3.0800000e+02		3.0750000e+02		1.8878816e+02		1.8968413e+00		4.0198526e+00		3.2854255e+00		3.2854255e+00		4.0353973e-129
3.0800000e+02		3.0900000e+02		3.0850000e+02		1.8529086e+02		1.8730843e+00		3.9690479e+00		3.2442772e+00		3.2442772e+00		6.6699787e-129
3.0900000e+02		3.1000000e+02		3.0950000e+02		1.5026991e+02		1.5168224e+00		3.2139246e+00		2.6272135e+00		2.6272135e+00		2.4781172e-129
3.1000000e+02		3.1100000e+02		3.1050000e+02		1.8913229e+02		1.9145315e+00		4.0563556e+00		3.3160659e+00		3.3160659e+00		5.0535951e-129
3.1100000e+02		3.1200000e+02		3.1150000e+02		2.2495083e+02		2.2796772e+00		4.8297052e+00		3.9485167e+00		3.9485167e+00		7.6277498e-129
3.1200000e+02		3.1300000e+02		3.1250000e+02		2.0030306e+02		2.0307323e+00		4.3020672e+00		3.5173316e+00		3.5173316e+00		7.9649538e-129
3.1300000e+02		3.1400000e+02		3.1350000e+02		2.1331645e+02		2.1634148e+00		4.5829056e+00		3.7471444e+00		3.7471444e+00		7.3016040e-129
3.1400000e+02		3.1500000e+02		3.1450000e+02		2.0119548e+02		2.0400181e+00		4.3212713e+00		3.5334151e+00		3.5334151e+00		9.3465423e-129
3.1500000e+02		3.1600000e+02		3.1550000e+02		1.9522773e+02		1.9841827e+00		4.2027608e+00		3.4367053e+00		3.4367053e+00		8.5468101e-129
3.1600000e+02		3.1700000e+02		3.1650000e+02		1.9043254e+02		1.9381533e+00		4.1050715e+00		3.3569799e+00		3.3569799e+00		9.6554373e-129
3.1700000e+02		3.1800000e+02		3.1750000e+02		2.4155434e+02		2.4643121e+00		5.2191842e+00		4.2683138e+00		4.2683138e+00		1.9680319e-128
3.1800000e+02		3.1900000e+02		3.1850000e+02		1.9952276e+02		2.0219637e+00		4.2821510e+00		3.5021438e+00		3.5021438e+00		1.0591432e-128
3.1900000e+02		3.2000000e+02		3.1950000e+02		2.1430874e+02		2.1884856e+00		4.6346027e+00		3.7905683e+00		3.7905683e+00		1.9445344e-128
3.2000000e+02		3.2100000e+02		3.2050000e+02		2.4621307e+02		2.5195720e+00		5.3353457e+00		4.3640268e+00		4.3640268e+00		1.9381185e-128
3.2100000e+02		3.2200000e+02		3.2150000e+02		2.0677326e+02		2.1082442e+00		4.4643018e+00		3.6515860e+00		3.6515860e+00		1.2778897e-128
3.2200000e+02		3.2300000e+02		3.2250000e+02		2.0765168e+02		2.1200608e+00		4.4891439e+00		3.6720531e+00		3.6720531e+00		1.5548317e-128
3.2300000e+02		3.2400000e+02		3.2350000e+02		2.0066974e+02		2.0507820e+00		4.3421742e+00		3.5520586e+00		3.5520586e+00		1.3872721e-128
3.2400000e+02		3.2500000e+02		3.2450000e+02		2.3629853e+02		2.4124065e+00		5.1076627e+00		4.1784106e+00		4.1784106e+00		1.3512937e-128
3.2500000e+02		3.2600000e+02		3.2550000e+02		2.7209498e+02		2.7506603e+00		5.8235905e+00		4.7642834e+00		4.7642834e+00		9.5097222e-129
3.2600000e+02		3.2700000e+02		3.2650000e+02		3.0699214e+02		3.1411862e+00		6.6500166e+00		5.4406941e+00		5.4406941e+00		2.4674095e-128
3.2700000e+02		3.2800000e+02		3.2750000e+02		2.9701525e+02		3.0445667e+00		6.4451967e+00		5.2733442e+00		5.2733442e+00		2.3951099e-128
3.2800000e+02		3.2900000e+02		3.2850000e+02		2.8673370e+02		2.9407299e+00		6.2250490e+00		5.0934937e+00		5.0934937e+00		2.4058117e-128
3.2900000e+02		3.3000000e+02		3.2950000e+02		3.3379807e+02		3.4332476e+00		7.2673588e+00		5.9465593e+00		5.9465593e+00		5.5781372e-128
3.3000000e+02		3.3100000e+02		3.3050000e+02		3.1443449e+02		3.2335873e+00		6.8443603e+00		5.6007375e+00		5.6007375e+00		3.6758049e-128
3.3100000e+02		3.3200000e+02		3.3150000e+02		3.0087994e+02		3.1053024e+00		6.5723672e+00		5.3785416e+00		5.3785416e+00		6.0284789e-128
3.3200000e+02		3.3300000e+02		3.3250000e+02		2.9519831e+02		3.0435392e+00		6.4413338e+00		5.2715645e+00		5.2715645e+00		3.6867467e-128
3.3300000e+02		3.3400000e+02		3.3350000e+02		2.8364288e+02		2.9355227e+00		6.2125217e+00		5.0844745e+00		5.0844745e+00		8.2484309e-128
3.3400000e+02		3.3500000e+02		3.3450000e+02		2.9883003e+02		3.0939772e+00		6.5475815e+00		5.3589257e+00		5.3589257e+00		7.5281061e-128
3.3500000e+02		3.3600000e+02		3.3550000e+02		2.9511053e+02		3.0530317e+00		6.4606565e+00		5.2880061e+00		5.2880061e+00		5.9607208e-128
3.3600000e+02		3.3700000e+02		3.3650000e+02		2.4313126e+02		2.5182995e+00		5.3288663e+00		4.3618227e+00		4.3618227e+00		5.6099360e-128
3.3700000e+02		3.3800000e+02		3.3750000e+02		2.5649874e+02		2.6549118e+00		5.6177567e+00		4.5984421e+00		4.5984421e+00		4.1262814e-128
3.3800000e+02		3.3900000e+02		3.3850000e+02		2.7748673e+02		2.8723158e+00		6.0775457e+00		4.9749969e+00		4.9749969e+00		4.2596997e-128
3.3900000e+02		3.4000000e+02		3.3950000e+02		2.9040264e+02		3.0132310e+00		6.3755351e+00		5.2190692e+00		5.2190692e+00		7.8651645e-128
3.4000000e+02		3.4100000e+02		3.4050000e+02		3.0654056e+02		3.1784089e+00		6.7247738e+00		5.5051656e+00		5.5051656e+00		5.0326670e-128
3.4100000e+02		3.4200000e+02		3.4150000e+02		2.7979685e+02		2.8998360e+00		6.1351953e+00		5.0226634e+00		5.0226634e+00		3.9559855e-128
3.4200000e+02		3.4300000e+02		3.4250000e+02		3.0344565e+02		3.1583866e+00		6.6819857e+00		5.4704861e+00		5.4704861e+00		1.2606788e-127
3.4300000e+02		3.4400000e+02		3.4350000e+02		2.9822260e+02		3.1047233e+00		6.5683269e+00		5.3775385e+00		5.3775385e+00		1.4169777e-127
3.4400000e+02		3.4500000e+02		3.4450000e+02		2.3986676e+02		2.4887644e+00		5.2649597e+00		4.3106663e+00		4.3106663e+00		9.9769777e-128
3.4500000e+02		3.4600000e+02		3.4550000e+02		2.8907088e+02		3.0127581e+00		6.3731937e+00		5.2182501e+00		5.2182501e+00		9.2912055e-128
3.4600000e+02		3.4700000e+02		3.4650000e+02		2.8069735e+02		2.9360577e+00		6.2105971e+00		5.0854011e+00		5.0854011e+00		1.6017779e-127
3.4700000e+02		3.4800000e+02		3.4750000e+02		2.7782009e+02		2.9088371e+00		6.1525676e+00		5.0382536e+00		5.0382536e+00		9.2599253e-128
3.4800000e+02		3.4900000e+02		3.4850000e+02		2.8744416e+02		3.0232093e+00		6.3940037e+00		5.2363521e+00		5.2363521e+00		1.3251668e-127
3.4900000e+02		3.5000000e+02		3.4950000e+02		2.7550877e+02		2.8786396e+00		6.0886667e+00		4.9859500e+00		4.9859500e+00		1.0224590e-127
3.5000000e+02		3.5100000e+02		3.5050000e+02		3.3002358e+02		3.4507479e+00		7.2983890e+00		5.9768706e+00		5.9768706e+00		1.0187121e-127
3.5100000e+02		3.5200000e+02		3.5150000e+02		3.0660572e+02		3.2179301e+00		6.8057538e+00		5.5736184e+00		5.5736184e+00		2.2158275e-127
3.5200000e+02		3.5300000e+02		3.5250000e+02		2.8324198e+02		2.9614060e+00		6.2630448e+00		5.1293057e+00		5.1293057e+00		1.1648890e-127
3.5300000e+02		3.5400000e+02		3.5350000e+02		3.2405327e+02		3.3939077e+00		7.1774295e+00		5.8784206e+00		5.8784206e+00		9.6967139e-128
3.5400000e+02		3.5500000e+02		3.5450000e+02		3.4586270e+02		3.6567903e+00		7.7322910e+00		6.3337465e+00		6.3337465e+00		1.8398914e-127
3.5500000e+02		3.5600000e+02		3.5550000e+02		3.2478382e+02		3.4368545e+00		7.2670689e+00		5.9528066e+00		5.9528066e+00		1.5087676e-127
3.5600000e+02		3.5700000e+02		3.5650000e+02		2.8234357e+02		2.9710153e+00		6.2819091e+00		5.1459495e+00		5.1459495e+00		3.0069756e-128
3.5700000e+02		3.5800000e+02		3.5750000e+02		2.4674321e+02		2.6117319e+00		5.5221096e+00		4.5236524e+00		4.5236524e+00		1.0919930e-127
3.5800000e+02		3.5900000e+02		3.5850000e+02		2.1181106e+02		2.2436345e+00		4.7437978e+00		3.8860890e+00		3.8860890e+00		1.6867780e-127
3.5900000e+02		3.6000000e+02		3.5950000e+02		3.0582840e+02		3.2133280e+00		6.7943699e+00		5.5656474e+00		5.5656474e+00		8.2663487e-128
3.6000000e+02		3.6100000e+02		3.6050000e+02		3.0178862e+02		3.1773345e+00		6.7181607e+00		5.5033047e+00		5.5033047e+00		1.6955418e-127
3.6100000e+02		3.6200000e+02		3.6150000e+02		2.8033735e+02		2.9535547e+00		6.2447820e+00		5.1157068e+00		5.1157068e+00		1.4986271e-127
3.6200000e+02		3.6300000e+02		3.6250000e+02		3.1645921e+02		3.3370665e+00		7.0554913e+00		5.7799688e+00		5.7799688e+00		2.0969714e-127
3.6300000e+02		3.6400000e+02		3.6350000e+02		3.0810145e+02		3.2442442e+00		6.8590072e+00		5.6191958e+00		5.6191958e+00		1.5156500e-127
3.6400000e+02		3.6500000e+02		3.6450000e+02		3.2221950e+02		3.3751885e+00		7.1356554e+00		5.8459979e+00		5.8459979e+00		1.6055897e-127
3.6500000e+02		3.6600000e+02		3.6550000e+02		3.6674574e+02		3.8819275e+00		8.2067255e+00		6.7236956e+00		6.7236956e+00		3.2130948e-127
3.6600000e+02		3.6700000e+02		3.6650000e+02		3.9198946e+02		4.1406186e+00		8.7535231e+00		7.1717619e+00		7.1717619e+00		2.3132464e-127
3.6700000e+02		3.6800000e+02		3.6750000e+02		3.7850004e+02		3.9969564e+00		8.4494241e+00		6.9229315e+00		6.9229315e+00		1.0720267e-127
3.6800000e+02		3.6900000e+02		3.6850000e+02		3.4895620e+02		3.6974544e+00		7.8160505e+00		6.4041788e+00		6.4041788e+00		2.2552522e-127
3.6900000e+02		3.7000000e+02		3.6950000e+02		3.8736224e+02		4.0828997e+00		8.6306010e+00		7.0717897e+00		7.0717897e+00		7.1828567e-128
3.7000000e+02		3.7100000e+02		3.7050000e+02		3.6351013e+02		3.8707714e+00		8.1819495e+00		6.7043728e+00		6.7043728e+00		5.6207273e-127
3.7100000e+02		3.7200000e+02		3.7150000e+02		3.7529261e+02		3.9840078e+00		8.4210440e+00		6.9005039e+00		6.9005039e+00		2.6469620e-127
3.7200000e+02		3.7300000e+02		3.7250000e+02		3.1177186e+02		3.2978740e+00		6.9706264e+00		5.7120853e+00		5.7120853e+00		7.2366244e-128
3.7300000e+02		3.7400000e+02		3.7350000e+02		2.7192112e+02		2.8818247e+00		6.0910728e+00		4.9914668e+00		4.9914668e+00		9.1217973e-128
3.7400000e+02		3.7500000e+02		3.7450000e+02		2.7832167e+02		2.9641783e+00		6.2650517e+00		5.1341074e+00		5.1341074e+00		4.3830272e-127
3.7500000e+02		3.7600000e+02		3.7550000e+02		3.1876744e+02		3.3935008e+00		7.1722015e+00		5.8777158e+00		5.8777158e+00		2.4649314e-127
3.7600000e+02		3.7700000e+02		3.7650000e+02		3.3048657e+02		3.5165548e+00		7.4320589e+00		6.0908516e+00		6.0908516e+00		1.7833640e-127
3.7700000e+02		3.7800000e+02		3.7750000e+02		3.8770864e+02		4.1350195e+00		8.7389327e+00		7.1620638e+00		7.1620638e+00		3.5772065e-127
3.7800000e+02		3.7900000e+02		3.7850000e+02		4.0380398e+02		4.3066270e+00		9.1014789e+00		7.4592968e+00		7.4592968e+00		3.9075389e-127
3.7900000e+02		3.8000000e+02		3.7950000e+02		3.2744385e+02		3.4850281e+00		7.3649882e+00		6.0362457e+00		6.0362457e+00		1.5071985e-127
3.8000000e+02		3.8100000e+02		3.8050000e+02		3.5656330e+02		3.8002626e+00		8.0310588e+00		6.5822480e+00		6.5822480e+00		1.9407631e-127
3.8100000e+02		3.8200000e+02		3.8150000e+02		3.2019140e+02		3.4475522e+00		7.2855012e+00		5.9713356e+00		5.9713356e+00		1.9959154e-126
3.8200000e+02		3.8300000e+02		3.8250000e+02		2.2964197e+02		2.4482472e+00		5.1735962e+00		4.2404886e+00		4.2404886e+00		8.9826897e-128
3.8300000e+02		3.8400000e+02		3.8350000e+02		2.0267593e+02		2.1583989e+00		4.5610025e+00		3.7384566e+00		3.7384566e+00		2.1738326e-127
3.8400000e+02		3.8500000e+02		3.8450000e+02		2.7111947e+02		2.9077253e+00		6.1442645e+00		5.0363279e+00		5.0363279e+00		3.3041844e-127
3.8500000e+02		3.8600000e+02		3.8550000e+02		2.8715912e+02		3.0691215e+00		6.4851655e+00		5.3158744e+00		5.3158744e+00		1.2714944e-127
3.8600000e+02		3.8700000e+02		3.8650000e+02		2.8837692e+02		3.1014251e+00		6.5532701e+00		5.3718258e+00		5.3718258e+00		6.4939863e-127
3.8700000e+02		3.8800000e+02		3.8750000e+02		2.8805300e+02		3.0917756e+00		6.5327298e+00		5.3551125e+00		5.3551125e+00		3.0886475e-127
3.8800000e+02		3.8900000e+02		3.8850000e+02		2.9209390e+02		3.1333945e+00		6.6204830e+00		5.4271985e+00		5.4271985e+00		1.9195524e-127
3.8900000e+02		3.9000000e+02		3.8950000e+02		3.5069332e+02		3.7563664e+00		7.9366352e+00		6.5062174e+00		6.5062174e+00		3.1045944e-127
3.9000000e+02		3.9100000e+02		3.9050000e+02		3.6838836e+02		3.9797135e+00		8.4083433e+00		6.8930659e+00		6.8930659e+00		1.3196746e-126
3.9100000e+02		3.9200000e+02		3.9150000e+02		3.9613874e+02		4.2602158e+00		9.0007954e+00		7.3789102e+00		7.3789102e+00		4.1395347e-127
3.9200000e+02		3.9300000e+02		3.9250000e+02		3.0403432e+02		3.2621229e+00		6.8919399e+00		5.6501626e+00		5.6501626e+00		1.5273589e-127
3.9300000e+02		3.9400000e+02		3.9350000e+02		1.8639471e+02		2.0044953e+00		4.2348485e+00		3.4718877e+00		3.4718877e+00		1.4889102e-127
3.9400000e+02		3.9500000e+02		3.9450000e+02		3.0813115e+02		3.2985805e+00		6.9686920e+00		5.7133091e+00		5.7133091e+00		5.7203455e-128
3.9500000e+02		3.9600000e+02		3.9550000e+02		3.7840801e+02		4.1046982e+00		8.6715572e+00		7.1095458e+00		7.1095458e+00		2.0312995e-126
3.9600000e+02		3.9700000e+02		3.9650000e+02		2.6140326e+02		2.8204751e+00		5.9584088e+00		4.8852062e+00		4.8852062e+00		4.0342928e-127
3.9700000e+02		3.9800000e+02		3.9750000e+02		2.9300657e+02		3.1627337e+00		6.6813297e+00		5.4780155e+00		5.4780155e+00		3.1144829e-127
3.9800000e+02		3.9900000e+02		3.9850000e+02		4.5124719e+02		4.8709836e+00		1.0289886e+01		8.4367911e+00		8.4367911e+00		5.8801495e-127
3.9900000e+02		4.0000000e+02		3.9950000e+02		4.9846141e+02		5.3743840e+00		1.1353116e+01		9.3087062e+00		9.3087062e+00		3.3844517e-127
4.0000000e+02		4.0100000e+02		4.0050000e+02		5.1407199e+02		5.5585719e+00		1.1741940e+01		9.6277290e+00		9.6277290e+00		6.3838870e-127
4.0100000e+02		4.0200000e+02		4.0150000e+02		5.3860814e+02		5.8260392e+00		1.2306697e+01		1.0090996e+01		1.0090996e+01		5.5174967e-127
4.0200000e+02		4.0300000e+02		4.0250000e+02		5.4526519e+02		5.8671356e+00		1.2393252e+01		1.0162177e+01		1.0162177e+01		1.2224627e-127
4.0300000e+02		4.0400000e+02		4.0350000e+02		5.2165796e+02		5.6489358e+00		1.1932113e+01		9.7842438e+00		9.7842438e+00		1.2708525e-126
4.0400000e+02		4.0500000e+02		4.0450000e+02		5.1300620e+02		5.5852042e+00		1.1797259e+01		9.6738574e+00		9.6738574e+00		1.8223829e-126
4.0500000e+02		4.0600000e+02		4.0550000e+02		5.1256585e+02		5.5339319e+00		1.1688750e+01		9.5850513e+00		9.5850513e+00		1.9642874e-127
4.0600000e+02		4.0700000e+02		4.0650000e+02		4.9035274e+02		5.2735925e+00		1.1138691e+01		9.1341301e+00		9.1341301e+00		5.4241966e-128
4.0700000e+02		4.0800000e+02		4.0750000e+02		4.9838294e+02		5.3855627e+00		1.1374977e+01		9.3280682e+00		9.3280682e+00		1.5947595e-127
4.0800000e+02		4.0900000e+02		4.0850000e+02		5.2990289e+02		5.7661834e+00		1.2178636e+01		9.9873227e+00		9.9873227e+00		8.8177457e-127
4.0900000e+02		4.1000000e+02		4.0950000e+02		5.2713439e+02		5.7129970e+00		1.2066121e+01		9.8952010e+00		9.8952010e+00		3.8758106e-127
4.1000000e+02		4.1100000e+02		4.1050000e+02		4.8293937e+02		5.2491008e+00		1.1086159e+01		9.0917093e+00		9.0917093e+00		4.1949032e-127
4.1100000e+02		4.1200000e+02		4.1150000e+02		5.5986852e+02		6.0908415e+00		1.2863694e+01		1.0549647e+01		1.0549647e+01		5.3960913e-127
4.1200000e+02		4.1300000e+02		4.1250000e+02		5.4940473e+02		5.9760662e+00		1.2621058e+01		1.0350850e+01		1.0350850e+01		4.7120682e-127
4.1300000e+02		4.1400000e+02		4.1350000e+02		5.2995399e+02		5.7562819e+00		1.2156755e+01		9.9701728e+00		9.9701728e+00		2.9213771e-127
4.1400000e+02		4.1500000e+02		4.1450000e+02		5.3771640e+02		5.8619165e+00		1.2379498e+01		1.0153137e+01		1.0153137e+01		5.7599374e-127
4.1500000e+02		4.1600000e+02		4.1550000e+02		5.3722776e+02		5.7984331e+00		1.2245135e+01		1.0043181e+01		1.0043181e+01		3.4971037e-128
4.1600000e+02		4.1700000e+02		4.1650000e+02		5.5745703e+02		6.0746507e+00		1.2828202e+01		1.0521604e+01		1.0521604e+01		3.8955611e-127
4.1700000e+02		4.1800000e+02		4.1750000e+02		5.0725322e+02		5.5598256e+00		1.1740780e+01		9.6299005e+00		9.6299005e+00		1.2425327e-126
4.1800000e+02		4.1900000e+02		4.1850000e+02		5.2601513e+02		5.7615626e+00		1.2166605e+01		9.9793191e+00		9.9793191e+00		8.6350899e-127
4.1900000e+02		4.2000000e+02		4.1950000e+02		5.3123875e+02		5.7957211e+00		1.2238602e+01		1.0038483e+01		1.0038483e+01		2.5657307e-127
4.2000000e+02		4.2100000e+02		4.2050000e+02		5.3797708e+02		5.7899943e+00		1.2226350e+01		1.0028564e+01		1.0028564e+01		5.7954342e-127
4.2100000e+02		4.2200000e+02		4.2150000e+02		5.2958361e+02		5.7698991e+00		1.2183877e+01		9.9937585e+00		9.9937585e+00		3.0799075e-127
4.2200000e+02		4.2300000e+02		4.2250000e+02		5.0190537e+02		5.4740553e+00		1.1558946e+01		9.4813420e+00		9.4813420e+00		8.3280674e-127
4.2300000e+02		4.2400000e+02		4.2350000e+02		5.3474862e+02		5.8566723e+00		1.2366764e+01		1.0144054e+01		1.0144054e+01		5.7485493e-127
4.2400000e+02		4.2500000e+02		4.2450000e+02		5.5328403e+02		6.0648643e+00		1.2806288e+01		1.0504653e+01		1.0504653e+01		6.7892205e-127
4.2500000e+02		4.2600000e+02		4.2550000e+02		5.3248014e+02		5.8285307e+00		1.2307106e+01		1.0095311e+01		1.0095311e+01		5.7185885e-127
4.2600000e+02		4.2700000e+02		4.2650000e+02		5.3029841e+02		5.7867911e+00		1.2218722e+01		1.0023016e+01		1.0023016e+01		2.7917680e-127
4.2700000e+02		4.2800000e+02		4.2750000e+02		4.9171747e+02		5.3757071e+00		1.1350544e+01		9.3109977e+00		9.3109977e+00		2.3374448e-127
4.2800000e+02		4.2900000e+02		4.2850000e+02		4.9494538e+02		5.4457121e+00		1.1497947e+01		9.4322500e+00		9.4322500e+00		5.2091452e-127
4.2900000e+02		4.3000000e+02		4.2950000e+02		4.6063718e+02		5.0640765e+00		1.0691950e+01		8.7712378e+00		8.7712378e+00		3.6967939e-127
4.3000000e+02		4.3100000e+02		4.3050000e+02		3.7055843e+02		4.0483577e+00		8.5472854e+00		7.0119613e+00		7.0119613e+00		8.8440960e-128
4.3100000e+02		4.3200000e+02		4.3150000e+02		4.5818753e+02		5.0515170e+00		1.0665078e+01		8.7494841e+00		8.7494841e+00		5.6890083e-127
4.3200000e+02		4.3300000e+02		4.3250000e+02		5.1625369e+02		5.7351069e+00		1.2108298e+01		9.9334965e+00		9.9334965e+00		4.8841201e-126
4.3300000e+02		4.3400000e+02		4.3350000e+02		5.6047485e+02		6.1094910e+00		1.2898764e+01		1.0581949e+01		1.0581949e+01		4.4316434e-128
4.3400000e+02		4.3500000e+02		4.3450000e+02		4.7595241e+02		5.3164843e+00		1.1224518e+01		9.2084210e+00		9.2084210e+00		2.5691396e-125
4.3500000e+02		4.3600000e+02		4.3550000e+02		5.3162725e+02		5.8172322e+00		1.2281629e+01		1.0075742e+01		1.0075742e+01		9.1661626e-128
4.3600000e+02		4.3700000e+02		4.3650000e+02		5.9481241e+02		6.4999138e+00		1.3722584e+01		1.1258181e+01		1.1258181e+01		6.8607415e-128
4.3700000e+02		4.3800000e+02		4.3750000e+02		5.2629983e+02		5.8323183e+00		1.2312891e+01		1.0101872e+01		1.0101872e+01		2.4382270e-126
4.3800000e+02		4.3900000e+02		4.3850000e+02		5.1257868e+02		5.6266156e+00		1.1878376e+01		9.7455840e+00		9.7455840e+00		1.7513793e-127
4.3900000e+02		4.4000000e+02		4.3950000e+02		5.7051902e+02		6.3176025e+00		1.3337005e+01		1.0942408e+01		1.0942408e+01		1.1311462e-126
4.4000000e+02		4.4100000e+02		4.4050000e+02		5.4089681e+02		5.9560959e+00		1.2573763e+01		1.0316261e+01		1.0316261e+01		3.1753410e-127
4.4100000e+02		4.4200000e+02		4.4150000e+02		5.9491633e+02		6.5515055e+00		1.3830578e+01		1.1347540e+01		1.1347540e+01		2.4725031e-127
4.4200000e+02		4.4300000e+02		4.4250000e+02		6.2544254e+02		6.8890214e+00		1.4543016e+01		1.1932135e+01		1.1932135e+01		2.8497929e-127
4.4300000e+02		4.4400000e+02		4.4350000e+02		6.0497206e+02		6.6613922e+00		1.4062349e+01		1.1537870e+01		1.1537870e+01		1.9639102e-127
4.4400000e+02		4.4500000e+02		4.4450000e+02		6.2324411e+02		6.8613498e+00		1.4484464e+01		1.1884206e+01		1.1884206e+01		2.8850818e-127
4.4500000e+02		4.4600000e+02		4.4550000e+02		5.7783999e+02		6.3820944e+00		1.3472781e+01		1.1054112e+01		1.1054112e+01		3.9895257e-127
4.4600000e+02		4.4700000e+02		4.4650000e+02		5.8940025e+02		6.4992875e+00		1.3719962e+01		1.1257096e+01		1.1257096e+01		4.0125698e-127
4.4700000e+02		4.4800000e+02		4.4750000e+02		6.3881895e+02		7.0669242e+00		1.4918110e+01		1.2240272e+01		1.2240272e+01		6.2884625e-127
4.4800000e+02		4.4900000e+02		4.4850000e+02		6.2805979e+02		6.9733422e+00		1.4720403e+01		1.2078183e+01		1.2078183e+01		8.9993163e-127
4.4900000e+02		4.5000000e+02		4.4950000e+02		6.3454704e+02		6.9881027e+00		1.4751382e+01		1.2103749e+01		1.2103749e+01		1.6478909e-127
4.5000000e+02		4.5100000e+02		4.5050000e+02		6.7325368e+02		7.4051239e+00		1.5631516e+01		1.2826051e+01		1.2826051e+01		7.1674085e-128
4.5100000e+02		4.5200000e+02		4.5150000e+02		6.7122600e+02		7.4351841e+00		1.5695060e+01		1.2878117e+01		1.2878117e+01		4.9968688e-127
4.5200000e+02		4.5300000e+02		4.5250000e+02		6.3541039e+02		7.0212617e+00		1.4820964e+01		1.2161182e+01		1.2161182e+01		2.0604411e-127
4.5300000e+02		4.5400000e+02		4.5350000e+02		6.0888666e+02		6.7514227e+00		1.4251215e+01		1.1693807e+01		1.1693807e+01		3.1566119e-127
4.5400000e+02		4.5500000e+02		4.5450000e+02		6.4999363e+02		7.1814230e+00		1.5158697e+01		1.2438589e+01		1.2438589e+01		1.3197190e-127
4.5500000e+02		4.5600000e+02		4.5550000e+02		6.4380306e+02		7.1639080e+00		1.5121535e+01		1.2408253e+01		1.2408253e+01		6.7639920e-127
4.5600000e+02		4.5700000e+02		4.5650000e+02		6.6853861e+02		7.3825235e+00		1.5582755e+01		1.2786906e+01		1.2786906e+01		1.6567343e-127
4.5700000e+02		4.5800000e+02		4.5750000e+02		6.7499745e+02		7.4938613e+00		1.5817467e+01		1.2979749e+01		1.2979749e+01		6.3041380e-127
4.5800000e+02		4.5900000e+02		4.5850000e+02		6.3439039e+02		7.0006684e+00		1.4776381e+01		1.2125513e+01		1.2125513e+01		3.3714521e-127
4.5900000e+02		4.6000000e+02		4.5950000e+02		6.5539586e+02		7.2672525e+00		1.5338960e+01		1.2587251e+01		1.2587251e+01		2.2571503e-127
4.6000000e+02		4.6100000e+02		4.6050000e+02		6.4752339e+02		7.1797869e+00		1.5154186e+01		1.2435756e+01		1.2435756e+01		2.2758312e-127
4.6100000e+02		4.6200000e+02		4.6150000e+02		6.6245412e+02		7.3369749e+00		1.5485674e+01		1.2708013e+01		1.2708013e+01		1.1516408e-127
4.6200000e+02		4.6300000e+02		4.6250000e+02		6.6901120e+02		7.4607368e+00		1.5746783e+01		1.2922375e+01		1.2922375e+01		7.1193017e-127
4.6300000e+02		4.6400000e+02		4.6350000e+02		6.4662616e+02		7.1726754e+00		1.5138892e+01		1.2423438e+01		1.2423438e+01		1.5146337e-127
4.6400000e+02		4.6500000e+02		4.6450000e+02		6.5795753e+02		7.3404997e+00		1.5493090e+01		1.2714118e+01		1.2714118e+01		4.9579764e-127
4.6500000e+02		4.6600000e+02		4.6550000e+02		6.3552746e+02		7.0497581e+00		1.4878539e+01		1.2210539e+01		1.2210539e+01		1.9403639e-127
4.6600000e+02		4.6700000e+02		4.6650000e+02		6.3955371e+02		7.1394573e+00		1.5067529e+01		1.2365903e+01		1.2365903e+01		5.7323325e-127
4.6700000e+02		4.6800000e+02		4.6750000e+02		6.4572639e+02		7.1977271e+00		1.5190403e+01		1.2466829e+01		1.2466829e+01		3.8632583e-127
4.6800000e+02		4.6900000e+02		4.6850000e+02		6.3145002e+02		7.0561482e+00		1.4891565e+01		1.2221607e+01		1.2221607e+01		5.9653088e-127
4.6900000e+02		4.7000000e+02		4.6950000e+02		6.4956875e+02		7.2281237e+00		1.5254358e+01		1.2519477e+01		1.2519477e+01		1.5043209e-127
4.7000000e+02		4.7100000e+02		4.7050000e+02		6.1381170e+02		6.8401178e+00		1.4435292e+01		1.1847432e+01		1.1847432e+01		1.6519688e-127
4.7100000e+02		4.7200000e+02		4.7150000e+02		6.4174114e+02		7.1591135e+00		1.5108432e+01		1.2399948e+01		1.2399948e+01		3.0707544e-127
4.7200000e+02		4.7300000e+02		4.7250000e+02		6.5742798e+02		7.3549286e+00		1.5521409e+01		1.2739110e+01		1.2739110e+01		3.6258980e-127
4.7300000e+02		4.7400000e+02		4.7350000e+02		6.4563741e+02		7.2184164e+00		1.5233245e+01		1.2502664e+01		1.2502664e+01		3.0746851e-127
4.7400000e+02		4.7500000e+02		4.7450000e+02		6.6512717e+02		7.4442107e+00		1.5710122e+01		1.2893751e+01		1.2893751e+01		3.8526023e-127
4.7500000e+02		4.7600000e+02		4.7550000e+02		6.6365303e+02		7.4206774e+00		1.5659993e+01		1.2852990e+01		1.2852990e+01		1.9750401e-127
4.7600000e+02		4.7700000e+02		4.7650000e+02		6.3952653e+02		7.1577469e+00		1.5104663e+01		1.2397581e+01		1.2397581e+01		2.7007333e-127
4.7700000e+02		4.7800000e+02		4.7750000e+02		6.6772274e+02		7.4852923e+00		1.5795742e+01		1.2964907e+01		1.2964907e+01		2.7066284e-127
4.7800000e+02		4.7900000e+02		4.7850000e+02		6.6128260e+02		7.4363969e+00		1.5692426e+01		1.2880217e+01		1.2880217e+01		8.0156590e-127
4.7900000e+02		4.8000000e+02		4.7950000e+02		6.6320839e+02		7.4309320e+00		1.5680748e+01		1.2870752e+01		1.2870752e+01		4.4917348e-127
4.8000000e+02		4.8100000e+02		4.8050000e+02		6.6489751e+02		7.4527364e+00		1.5726692e+01		1.2908518e+01		1.2908518e+01		1.8480626e-127
4.8100000e+02		4.8200000e+02		4.8150000e+02		6.6630748e+02		7.4441267e+00		1.5709035e+01		1.2893606e+01		1.2893606e+01		7.2058219e-128
4.8200000e+02		4.8300000e+02		4.8250000e+02		6.6376999e+02		7.4245467e+00		1.5667512e+01		1.2859692e+01		1.2859692e+01		9.5758999e-128
4.8300000e+02		4.8400000e+02		4.8350000e+02		6.5373157e+02		7.3565890e+00		1.5524017e+01		1.2741986e+01		1.2741986e+01		4.0511978e-127
4.8400000e+02		4.8500000e+02		4.8450000e+02		6.4242337e+02		7.1665826e+00		1.5123012e+01		1.2412885e+01		1.2412885e+01		5.1492060e-128
4.8500000e+02		4.8600000e+02		4.8550000e+02		6.0369332e+02		6.7548401e+00		1.4254363e+01		1.1699726e+01		1.1699726e+01		1.7964610e-127
4.8600000e+02		4.8700000e+02		4.8650000e+02		5.2412565e+02		5.8835638e+00		1.2415567e+01		1.0190631e+01		1.0190631e+01		1.5194402e-127
4.8700000e+02		4.8800000e+02		4.8750000e+02		5.9966111e+02		6.7272924e+00		1.4194811e+01		1.1652012e+01		1.1652012e+01		9.0771783e-128
4.8800000e+02		4.8900000e+02		4.8850000e+02		6.3081686e+02		7.0810726e+00		1.4941248e+01		1.2264778e+01		1.2264778e+01		1.2491933e-127
4.8900000e+02		4.9000000e+02		4.8950000e+02		6.1880396e+02		6.9800353e+00		1.4727905e+01		1.2089776e+01		1.2089776e+01		2.8573737e-127
4.9000000e+02		4.9100000e+02		4.9050000e+02		6.5907671e+02		7.4126759e+00		1.5640655e+01		1.2839131e+01		1.2839131e+01		1.5476444e-127
4.9100000e+02		4.9200000e+02		4.9150000e+02		6.2110374e+02		6.9850086e+00		1.4737671e+01		1.2098390e+01		1.2098390e+01		3.6550160e-127
4.9200000e+02		4.9300000e+02		4.9250000e+02		5.9112858e+02		6.6601748e+00		1.4052194e+01		1.1535761e+01		1.1535761e+01		9.5158650e-128
4.9300000e+02		4.9400000e+02		4.9350000e+02		6.2472140e+02		7.0343364e+00		1.4841847e+01		1.2183828e+01		1.2183828e+01		1.2503033e-127
4.9400000e+02		4.9500000e+02		4.9450000e+02		6.4279699e+02		7.2339605e+00		1.5262888e+01		1.2529587e+01		1.2529587e+01		1.6287455e-127
4.9500000e+02		4.9600000e+02		4.9550000e+02		6.3133158e+02		7.1048373e+00		1.4990286e+01		1.2305939e+01		1.2305939e+01		8.0125435e-128
4.9600000e+02		4.9700000e+02		4.9650000e+02		6.3921352e+02		7.2186562e+00		1.5230303e+01		1.2503079e+01		1.2503079e+01		1.4998545e-127
4.9700000e+02		4.9800000e+02		4.9750000e+02		6.5113923e+02		7.3501889e+00		1.5507889e+01		1.2730901e+01		1.2730901e+01		1.7742741e-127
4.9800000e+02		4.9900000e+02		4.9850000e+02		5.9175801e+02		6.6616150e+00		1.4055133e+01		1.1538256e+01		1.1538256e+01		7.2000182e-128
4.9900000e+02		5.0000000e+02		4.9950000e+02		6.3385792e+02		7.1305541e+00		1.5044436e+01		1.2350482e+01		1.2350482e+01		5.7658153e-128
