Left Bin Edge (nm)	Right Bin Edge (nm)	Bin Center (nm)		Top of Atm Intensity (erg/s/nm/cm2)		Total Surface Flux (erg/s/nm/cm2)		Total Intensity at BOA (erg/s/nm/cm2)		Total Surface Intensity (erg/s/nm/cm2)		Total Surface Diffuse Intensity (erg/s/nm/cm2)		Total Surface Direct Intensity (erg/s/nm/cm2)
1.0000000e+02		1.0100000e+02		1.0050000e+02		1.9189487e-02		0.0000000e+00		0.0000000e+00		0.0000000e+00		0.0000000e+00		0.0000000e+00
1.0100000e+02		1.0200000e+02		1.0150000e+02		7.4861701e-02		0.0000000e+00		0.0000000e+00		0.0000000e+00		0.0000000e+00		0.0000000e+00
1.0200000e+02		1.0300000e+02		1.0250000e+02		3.9734366e-01		0.0000000e+00		0.0000000e+00		0.0000000e+00		0.0000000e+00		0.0000000e+00
1.0300000e+02		1.0400000e+02		1.0350000e+02		3.0179545e-01		0.0000000e+00		0.0000000e+00		0.0000000e+00		0.0000000e+00		0.0000000e+00
1.0400000e+02		1.0500000e+02		1.0450000e+02		6.0815352e-02		0.0000000e+00		0.0000000e+00		0.0000000e+00		0.0000000e+00		0.0000000e+00
1.0500000e+02		1.0600000e+02		1.0550000e+02		2.0834600e-02		0.0000000e+00		0.0000000e+00		0.0000000e+00		0.0000000e+00		0.0000000e+00
1.0600000e+02		1.0700000e+02		1.0650000e+02		1.9584792e-02		0.0000000e+00		0.0000000e+00		0.0000000e+00		0.0000000e+00		0.0000000e+00
1.0700000e+02		1.0800000e+02		1.0750000e+02		2.1853879e-02		0.0000000e+00		0.0000000e+00		0.0000000e+00		0.0000000e+00		0.0000000e+00
1.0800000e+02		1.0900000e+02		1.0850000e+02		3.0634999e-02		0.0000000e+00		0.0000000e+00		0.0000000e+00		0.0000000e+00		0.0000000e+00
1.0900000e+02		1.1000000e+02		1.0950000e+02		2.4032561e-02		0.0000000e+00		0.0000000e+00		0.0000000e+00		0.0000000e+00		0.0000000e+00
1.1000000e+02		1.1100000e+02		1.1050000e+02		2.3268893e-02		0.0000000e+00		0.0000000e+00		0.0000000e+00		0.0000000e+00		0.0000000e+00
1.1100000e+02		1.1200000e+02		1.1150000e+02		2.1871272e-02		0.0000000e+00		0.0000000e+00		0.0000000e+00		0.0000000e+00		0.0000000e+00
1.1200000e+02		1.1300000e+02		1.1250000e+02		2.2375602e-02		0.0000000e+00		0.0000000e+00		0.0000000e+00		0.0000000e+00		0.0000000e+00
1.1300000e+02		1.1400000e+02		1.1350000e+02		1.7748133e-02		0.0000000e+00		0.0000000e+00		0.0000000e+00		0.0000000e+00		0.0000000e+00
1.1400000e+02		1.1500000e+02		1.1450000e+02		1.3589480e-02		0.0000000e+00		0.0000000e+00		0.0000000e+00		0.0000000e+00		0.0000000e+00
1.1500000e+02		1.1600000e+02		1.1550000e+02		1.8751615e-02		0.0000000e+00		0.0000000e+00		0.0000000e+00		0.0000000e+00		0.0000000e+00
1.1600000e+02		1.1700000e+02		1.1650000e+02		4.3674487e-02		0.0000000e+00		0.0000000e+00		0.0000000e+00		0.0000000e+00		0.0000000e+00
1.1700000e+02		1.1800000e+02		1.1750000e+02		1.5546757e-01		0.0000000e+00		0.0000000e+00		0.0000000e+00		0.0000000e+00		0.0000000e+00
1.1800000e+02		1.1900000e+02		1.1850000e+02		5.2889236e-02		0.0000000e+00		0.0000000e+00		0.0000000e+00		0.0000000e+00		0.0000000e+00
1.1900000e+02		1.2000000e+02		1.1950000e+02		7.3692884e-02		0.0000000e+00		0.0000000e+00		0.0000000e+00		0.0000000e+00		0.0000000e+00
1.2000000e+02		1.2100000e+02		1.2050000e+02		4.0066072e-01		0.0000000e+00		0.0000000e+00		0.0000000e+00		0.0000000e+00		0.0000000e+00
1.2100000e+02		1.2200000e+02		1.2150000e+02		1.5905289e+01		0.0000000e+00		0.0000000e+00		0.0000000e+00		0.0000000e+00		0.0000000e+00
1.2200000e+02		1.2300000e+02		1.2250000e+02		1.0666543e-01		0.0000000e+00		0.0000000e+00		0.0000000e+00		0.0000000e+00		0.0000000e+00
1.2300000e+02		1.2400000e+02		1.2350000e+02		5.7456553e-02		0.0000000e+00		0.0000000e+00		0.0000000e+00		0.0000000e+00		0.0000000e+00
1.2400000e+02		1.2500000e+02		1.2450000e+02		4.6184197e-02		0.0000000e+00		0.0000000e+00		0.0000000e+00		0.0000000e+00		0.0000000e+00
1.2500000e+02		1.2600000e+02		1.2550000e+02		4.5085118e-02		0.0000000e+00		0.0000000e+00		0.0000000e+00		0.0000000e+00		0.0000000e+00
1.2600000e+02		1.2700000e+02		1.2650000e+02		6.3054464e-02		0.0000000e+00		0.0000000e+00		0.0000000e+00		0.0000000e+00		0.0000000e+00
1.2700000e+02		1.2800000e+02		1.2750000e+02		3.3006429e-02		0.0000000e+00		0.0000000e+00		0.0000000e+00		0.0000000e+00		0.0000000e+00
1.2800000e+02		1.2900000e+02		1.2850000e+02		2.6335196e-02		0.0000000e+00		0.0000000e+00		0.0000000e+00		0.0000000e+00		0.0000000e+00
1.2900000e+02		1.3000000e+02		1.2950000e+02		3.5131240e-02		0.0000000e+00		0.0000000e+00		0.0000000e+00		0.0000000e+00		0.0000000e+00
1.3000000e+02		1.3100000e+02		1.3050000e+02		2.8850634e-01		0.0000000e+00		0.0000000e+00		0.0000000e+00		0.0000000e+00		0.0000000e+00
1.3100000e+02		1.3200000e+02		1.3150000e+02		3.9064855e-02		0.0000000e+00		0.0000000e+00		0.0000000e+00		0.0000000e+00		0.0000000e+00
1.3200000e+02		1.3300000e+02		1.3250000e+02		3.0374778e-02		0.0000000e+00		0.0000000e+00		0.0000000e+00		0.0000000e+00		0.0000000e+00
1.3300000e+02		1.3400000e+02		1.3350000e+02		4.1056606e-01		0.0000000e+00		0.0000000e+00		0.0000000e+00		0.0000000e+00		0.0000000e+00
1.3400000e+02		1.3500000e+02		1.3450000e+02		2.8092500e-02		0.0000000e+00		0.0000000e+00		0.0000000e+00		0.0000000e+00		0.0000000e+00
1.3500000e+02		1.3600000e+02		1.3550000e+02		5.8954708e-02		0.0000000e+00		0.0000000e+00		0.0000000e+00		0.0000000e+00		0.0000000e+00
1.3600000e+02		1.3700000e+02		1.3650000e+02		3.8690656e-02		0.0000000e+00		0.0000000e+00		0.0000000e+00		0.0000000e+00		0.0000000e+00
1.3700000e+02		1.3800000e+02		1.3750000e+02		3.9732879e-02		0.0000000e+00		0.0000000e+00		0.0000000e+00		0.0000000e+00		0.0000000e+00
1.3800000e+02		1.3900000e+02		1.3850000e+02		4.0549866e-02		0.0000000e+00		0.0000000e+00		0.0000000e+00		0.0000000e+00		0.0000000e+00
1.3900000e+02		1.4000000e+02		1.3950000e+02		1.3692187e-01		0.0000000e+00		0.0000000e+00		0.0000000e+00		0.0000000e+00		0.0000000e+00
1.4000000e+02		1.4100000e+02		1.4050000e+02		1.1939088e-01		0.0000000e+00		0.0000000e+00		0.0000000e+00		0.0000000e+00		0.0000000e+00
1.4100000e+02		1.4200000e+02		1.4150000e+02		5.7521948e-02		0.0000000e+00		0.0000000e+00		0.0000000e+00		0.0000000e+00		0.0000000e+00
1.4200000e+02		1.4300000e+02		1.4250000e+02		6.2343151e-02		0.0000000e+00		0.0000000e+00		0.0000000e+00		0.0000000e+00		0.0000000e+00
1.4300000e+02		1.4400000e+02		1.4350000e+02		6.9165895e-02		0.0000000e+00		0.0000000e+00		0.0000000e+00		0.0000000e+00		0.0000000e+00
1.4400000e+02		1.4500000e+02		1.4450000e+02		6.6149126e-02		0.0000000e+00		0.0000000e+00		0.0000000e+00		0.0000000e+00		0.0000000e+00
1.4500000e+02		1.4600000e+02		1.4550000e+02		7.0536262e-02		0.0000000e+00		0.0000000e+00		0.0000000e+00		0.0000000e+00		0.0000000e+00
1.4600000e+02		1.4700000e+02		1.4650000e+02		8.6012655e-02		0.0000000e+00		0.0000000e+00		0.0000000e+00		0.0000000e+00		0.0000000e+00
1.4700000e+02		1.4800000e+02		1.4750000e+02		1.0610345e-01		0.0000000e+00		0.0000000e+00		0.0000000e+00		0.0000000e+00		0.0000000e+00
1.4800000e+02		1.4900000e+02		1.4850000e+02		1.0405386e-01		0.0000000e+00		0.0000000e+00		0.0000000e+00		0.0000000e+00		0.0000000e+00
1.4900000e+02		1.5000000e+02		1.4950000e+02		9.4002421e-02		0.0000000e+00		0.0000000e+00		0.0000000e+00		0.0000000e+00		0.0000000e+00
1.5000000e+02		1.5100000e+02		1.5050000e+02		1.0343288e-01		0.0000000e+00		0.0000000e+00		0.0000000e+00		0.0000000e+00		0.0000000e+00
1.5100000e+02		1.5200000e+02		1.5150000e+02		1.0875212e-01		0.0000000e+00		0.0000000e+00		0.0000000e+00		0.0000000e+00		0.0000000e+00
1.5200000e+02		1.5300000e+02		1.5250000e+02		1.3876638e-01		0.0000000e+00		0.0000000e+00		0.0000000e+00		0.0000000e+00		0.0000000e+00
1.5300000e+02		1.5400000e+02		1.5350000e+02		1.5371418e-01		0.0000000e+00		0.0000000e+00		0.0000000e+00		0.0000000e+00		0.0000000e+00
1.5400000e+02		1.5500000e+02		1.5450000e+02		4.1112511e-01		0.0000000e+00		0.0000000e+00		0.0000000e+00		0.0000000e+00		0.0000000e+00
1.5500000e+02		1.5600000e+02		1.5550000e+02		3.3836363e-01		0.0000000e+00		0.0000000e+00		0.0000000e+00		0.0000000e+00		0.0000000e+00
1.5600000e+02		1.5700000e+02		1.5650000e+02		2.0084632e-01		0.0000000e+00		0.0000000e+00		0.0000000e+00		0.0000000e+00		0.0000000e+00
1.5700000e+02		1.5800000e+02		1.5750000e+02		1.8216796e-01		0.0000000e+00		0.0000000e+00		0.0000000e+00		0.0000000e+00		0.0000000e+00
1.5800000e+02		1.5900000e+02		1.5850000e+02		1.6795176e-01		0.0000000e+00		0.0000000e+00		0.0000000e+00		0.0000000e+00		0.0000000e+00
1.5900000e+02		1.6000000e+02		1.5950000e+02		1.6379377e-01		0.0000000e+00		0.0000000e+00		0.0000000e+00		0.0000000e+00		0.0000000e+00
1.6000000e+02		1.6100000e+02		1.6050000e+02		1.7926410e-01		0.0000000e+00		0.0000000e+00		0.0000000e+00		0.0000000e+00		0.0000000e+00
1.6100000e+02		1.6200000e+02		1.6150000e+02		2.0306941e-01		0.0000000e+00		0.0000000e+00		0.0000000e+00		0.0000000e+00		0.0000000e+00
1.6200000e+02		1.6300000e+02		1.6250000e+02		2.2492895e-01		0.0000000e+00		0.0000000e+00		0.0000000e+00		0.0000000e+00		0.0000000e+00
1.6300000e+02		1.6400000e+02		1.6350000e+02		4.7671727e-01		0.0000000e+00		0.0000000e+00		0.0000000e+00		0.0000000e+00		0.0000000e+00
1.6400000e+02		1.6500000e+02		1.6450000e+02		4.8753270e-01		0.0000000e+00		0.0000000e+00		0.0000000e+00		0.0000000e+00		0.0000000e+00
1.6500000e+02		1.6600000e+02		1.6550000e+02		5.7072689e-01		0.0000000e+00		0.0000000e+00		0.0000000e+00		0.0000000e+00		0.0000000e+00
1.6600000e+02		1.6700000e+02		1.6650000e+02		2.6919628e-01		0.0000000e+00		0.0000000e+00		0.0000000e+00		0.0000000e+00		0.0000000e+00
1.6700000e+02		1.6800000e+02		1.6750000e+02		2.8728373e-01		0.0000000e+00		0.0000000e+00		0.0000000e+00		0.0000000e+00		0.0000000e+00
1.6800000e+02		1.6900000e+02		1.6850000e+02		3.0958866e-01		0.0000000e+00		0.0000000e+00		0.0000000e+00		0.0000000e+00		0.0000000e+00
1.6900000e+02		1.7000000e+02		1.6950000e+02		3.8988989e-01		0.0000000e+00		0.0000000e+00		0.0000000e+00		0.0000000e+00		0.0000000e+00
1.7000000e+02		1.7100000e+02		1.7050000e+02		4.3752516e-01		0.0000000e+00		0.0000000e+00		0.0000000e+00		0.0000000e+00		0.0000000e+00
1.7100000e+02		1.7200000e+02		1.7150000e+02		4.3618394e-01		0.0000000e+00		0.0000000e+00		0.0000000e+00		0.0000000e+00		0.0000000e+00
1.7200000e+02		1.7300000e+02		1.7250000e+02		4.5514763e-01		0.0000000e+00		0.0000000e+00		0.0000000e+00		0.0000000e+00		0.0000000e+00
1.7300000e+02		1.7400000e+02		1.7350000e+02		4.5120572e-01		0.0000000e+00		0.0000000e+00		0.0000000e+00		0.0000000e+00		0.0000000e+00
1.7400000e+02		1.7500000e+02		1.7450000e+02		5.3951828e-01		0.0000000e+00		0.0000000e+00		0.0000000e+00		0.0000000e+00		0.0000000e+00
1.7500000e+02		1.7600000e+02		1.7550000e+02		6.4389120e-01		0.0000000e+00		0.0000000e+00		0.0000000e+00		0.0000000e+00		0.0000000e+00
1.7600000e+02		1.7700000e+02		1.7650000e+02		6.9472845e-01		0.0000000e+00		0.0000000e+00		0.0000000e+00		0.0000000e+00		0.0000000e+00
1.7700000e+02		1.7800000e+02		1.7750000e+02		8.1849614e-01		0.0000000e+00		0.0000000e+00		0.0000000e+00		0.0000000e+00		0.0000000e+00
1.7800000e+02		1.7900000e+02		1.7850000e+02		8.9455089e-01		0.0000000e+00		0.0000000e+00		0.0000000e+00		0.0000000e+00		0.0000000e+00
1.7900000e+02		1.8000000e+02		1.7950000e+02		8.6966614e-01		0.0000000e+00		0.0000000e+00		0.0000000e+00		0.0000000e+00		0.0000000e+00
1.8000000e+02		1.8100000e+02		1.8050000e+02		1.0753674e+00		0.0000000e+00		0.0000000e+00		0.0000000e+00		0.0000000e+00		0.0000000e+00
1.8100000e+02		1.8200000e+02		1.8150000e+02		1.3093431e+00		0.0000000e+00		0.0000000e+00		0.0000000e+00		0.0000000e+00		0.0000000e+00
1.8200000e+02		1.8300000e+02		1.8250000e+02		1.2087370e+00		0.0000000e+00		0.0000000e+00		0.0000000e+00		0.0000000e+00		0.0000000e+00
1.8300000e+02		1.8400000e+02		1.8350000e+02		1.2728289e+00		0.0000000e+00		0.0000000e+00		0.0000000e+00		0.0000000e+00		0.0000000e+00
1.8400000e+02		1.8500000e+02		1.8450000e+02		1.0940339e+00		0.0000000e+00		0.0000000e+00		0.0000000e+00		0.0000000e+00		0.0000000e+00
1.8500000e+02		1.8600000e+02		1.8550000e+02		1.2372281e+00		0.0000000e+00		0.0000000e+00		0.0000000e+00		0.0000000e+00		0.0000000e+00
1.8600000e+02		1.8700000e+02		1.8650000e+02		1.4037992e+00		0.0000000e+00		0.0000000e+00		0.0000000e+00		0.0000000e+00		0.0000000e+00
1.8700000e+02		1.8800000e+02		1.8750000e+02		1.5907538e+00		0.0000000e+00		0.0000000e+00		0.0000000e+00		0.0000000e+00		0.0000000e+00
1.8800000e+02		1.8900000e+02		1.8850000e+02		1.6735993e+00		3.9424571e-209		0.0000000e+00		3.9666808e-209		5.7313855e-211		3.9093670e-209
1.8900000e+02		1.9000000e+02		1.8950000e+02		1.8559600e+00		1.7297647e-139		0.0000000e+00		1.7456711e-139		3.7634757e-141		1.7080363e-139
1.9000000e+02		1.9100000e+02		1.9050000e+02		1.9109940e+00		7.5252637e-91		2.4724375e-87		7.6311353e-91		2.5049491e-92		7.3806404e-91
1.9100000e+02		1.9200000e+02		1.9150000e+02		2.0707336e+00		7.1017963e-64		2.2190996e-61		7.2432076e-64		3.3458272e-65		6.9086249e-64
1.9200000e+02		1.9300000e+02		1.9250000e+02		2.1685186e+00		2.7259013e-45		1.6892307e-43		2.8019373e-45		1.7990325e-46		2.6220341e-45
1.9300000e+02		1.9400000e+02		1.9350000e+02		1.6554009e+00		1.4722080e-33		3.2636201e-32		1.5276506e-33		1.3117860e-34		1.3964720e-33
1.9400000e+02		1.9500000e+02		1.9450000e+02		2.6556632e+00		9.3556535e-27		1.1723601e-25		9.7903986e-27		1.0286181e-27		8.7617805e-27
1.9500000e+02		1.9600000e+02		1.9550000e+02		2.5630279e+00		8.6213491e-22		7.0661196e-21		9.1142829e-22		1.1662937e-22		7.9479892e-22
1.9600000e+02		1.9700000e+02		1.9650000e+02		2.8204934e+00		3.9772436e-19		2.6108374e-18		4.2349786e-19		6.0980759e-20		3.6251710e-19
1.9700000e+02		1.9800000e+02		1.9750000e+02		2.8068384e+00		3.7328509e-17		2.0756156e-16		4.0014842e-17		6.3559317e-18		3.3658911e-17
1.9800000e+02		1.9900000e+02		1.9850000e+02		2.7505577e+00		2.2833584e-10		7.3376580e-10		2.5572924e-10		6.4813483e-11		1.9091576e-10
1.9900000e+02		2.0000000e+02		1.9950000e+02		2.8965557e+00		2.4509690e-04		5.5059247e-04		3.1606266e-04		1.6790678e-04		1.4815588e-04
2.0000000e+02		2.0100000e+02		2.0050000e+02		3.0623388e+00		5.1376956e-04		1.1443888e-03		6.7208365e-04		3.7457518e-04		2.9750848e-04
2.0100000e+02		2.0200000e+02		2.0150000e+02		3.2593670e+00		1.1177180e-03		2.4699868e-03		1.4850171e-03		8.6903904e-04		6.1597810e-04
2.0200000e+02		2.0300000e+02		2.0250000e+02		3.2217937e+00		1.2612464e-03		2.7765509e-03		1.6774705e-03		9.8479663e-04		6.9267383e-04
2.0300000e+02		2.0400000e+02		2.0350000e+02		3.4484145e+00		1.5134420e-03		3.3240210e-03		2.0160542e-03		1.1891933e-03		8.2686092e-04
2.0400000e+02		2.0500000e+02		2.0450000e+02		3.7117169e+00		1.6806521e-03		3.6870691e-03		2.2385871e-03		1.3200884e-03		9.1849876e-04
2.0500000e+02		2.0600000e+02		2.0550000e+02		3.7200399e+00		1.6983440e-03		3.7198578e-03		2.2594491e-03		1.3275889e-03		9.3186016e-04
2.0600000e+02		2.0700000e+02		2.0650000e+02		3.7247532e+00		1.7661178e-03		3.8587051e-03		2.3475298e-03		1.3756357e-03		9.7189413e-04
2.0700000e+02		2.0800000e+02		2.0750000e+02		4.0454145e+00		1.9737414e-03		4.3061606e-03		2.6227337e-03		1.5355322e-03		1.0872014e-03
2.0800000e+02		2.0900000e+02		2.0850000e+02		4.3759554e+00		2.1759756e-03		4.7387059e-03		2.8886107e-03		1.6861127e-03		1.2024979e-03
2.0900000e+02		2.1000000e+02		2.0950000e+02		5.6528678e+00		2.7323582e-03		5.9569470e-03		3.6268799e-03		2.1164611e-03		1.5104189e-03
2.1000000e+02		2.1100000e+02		2.1050000e+02		6.9678423e+00		3.5335179e-03		7.6910903e-03		4.6914204e-03		2.7396266e-03		1.9517938e-03
2.1100000e+02		2.1200000e+02		2.1150000e+02		7.9326445e+00		4.0168577e-03		8.7396335e-03		5.3306954e-03		3.1085733e-03		2.2221221e-03
2.1200000e+02		2.1300000e+02		2.1250000e+02		7.0734222e+00		3.6722951e-03		7.9772879e-03		4.8707315e-03		2.8355309e-03		2.0352006e-03
2.1300000e+02		2.1400000e+02		2.1350000e+02		7.2066449e+00		3.8292254e-03		8.2967956e-03		5.0712862e-03		2.9387475e-03		2.1325388e-03
2.1400000e+02		2.1500000e+02		2.1450000e+02		9.2279181e+00		5.0401909e-03		1.0907949e-02		6.6745087e-03		3.8668373e-03		2.8076713e-03
2.1500000e+02		2.1600000e+02		2.1550000e+02		7.9257408e+00		4.4008448e-03		9.5196961e-03		5.8285603e-03		3.3780112e-03		2.4505491e-03
2.1600000e+02		2.1700000e+02		2.1650000e+02		7.3353469e+00		4.1892762e-03		9.0453595e-03		5.5446709e-03		3.2068983e-03		2.3377726e-03
2.1700000e+02		2.1800000e+02		2.1750000e+02		7.5953881e+00		4.4734111e-03		9.6363502e-03		5.9147913e-03		3.4103420e-03		2.5044492e-03
2.1800000e+02		2.1900000e+02		2.1850000e+02		1.0217230e+01		6.1351603e-03		1.3188337e-02		8.1021941e-03		4.6540519e-03		3.4481422e-03
2.1900000e+02		2.2000000e+02		2.1950000e+02		1.0786519e+01		6.3764531e-03		1.3694445e-02		8.4088583e-03		4.8087224e-03		3.6001359e-03
2.2000000e+02		2.2100000e+02		2.2050000e+02		1.0851638e+01		6.7667413e-03		1.4501656e-02		8.9233696e-03		5.1026375e-03		3.8207321e-03
2.2100000e+02		2.2200000e+02		2.2150000e+02		8.6872371e+00		5.8296832e-03		1.2473305e-02		7.6966634e-03		4.4173226e-03		3.2793408e-03
2.2200000e+02		2.2300000e+02		2.2250000e+02		1.1691346e+01		7.3883004e-03		1.5853040e-02		9.7576730e-03		5.6059958e-03		4.1516773e-03
2.2300000e+02		2.2400000e+02		2.2350000e+02		1.5139682e+01		9.7049456e-03		2.0823151e-02		1.2823003e-02		7.3774035e-03		5.4455997e-03
2.2400000e+02		2.2500000e+02		2.2450000e+02		1.4154944e+01		9.2336884e-03		1.9799442e-02		1.2200707e-02		7.0200416e-03		5.1806655e-03
2.2500000e+02		2.2600000e+02		2.2550000e+02		1.2365614e+01		8.2073730e-03		1.7578466e-02		1.0839881e-02		6.2285813e-03		4.6112999e-03
2.2600000e+02		2.2700000e+02		2.2650000e+02		9.0577089e+00		6.1384296e-03		1.3121170e-02		8.0988210e-03		4.6383358e-03		3.4604852e-03
2.2700000e+02		2.2800000e+02		2.2750000e+02		8.8108381e+00		6.0764706e-03		1.2972154e-02		8.0127472e-03		4.5812798e-03		3.4314674e-03
2.2800000e+02		2.2900000e+02		2.2850000e+02		1.2275156e+01		9.5078788e-03		2.0216458e-02		1.2544693e-02		7.1851797e-03		5.3595134e-03
2.2900000e+02		2.3000000e+02		2.2950000e+02		1.1031259e+01		7.7512491e-03		1.6534721e-02		1.0220407e-02		5.8420911e-03		4.3783162e-03
2.3000000e+02		2.3100000e+02		2.3050000e+02		1.2510180e+01		8.9521039e-03		1.9078548e-02		1.1801383e-02		6.7414661e-03		5.0599166e-03
2.3100000e+02		2.3200000e+02		2.3150000e+02		1.1791833e+01		8.6838505e-03		1.8486076e-02		1.1447805e-02		6.5395855e-03		4.9082191e-03
2.3200000e+02		2.3300000e+02		2.3250000e+02		1.2664003e+01		9.2596065e-03		1.9727229e-02		1.2211866e-02		6.9851205e-03		5.2267453e-03
2.3300000e+02		2.3400000e+02		2.3350000e+02		1.1428554e+01		8.5311634e-03		1.8157709e-02		1.1249554e-02		6.4317818e-03		4.8177725e-03
2.3400000e+02		2.3500000e+02		2.3450000e+02		9.9864853e+00		7.5616482e-03		1.6083347e-02		9.9699685e-03		5.6981470e-03		4.2718215e-03
2.3500000e+02		2.3600000e+02		2.3550000e+02		1.3443360e+01		9.3124576e-03		1.9834054e-02		1.2253356e-02		6.9582412e-03		5.2951151e-03
2.3600000e+02		2.3700000e+02		2.3650000e+02		1.2448020e+01		9.6456686e-03		2.0497561e-02		1.2717467e-02		7.2679525e-03		5.4495143e-03
2.3700000e+02		2.3800000e+02		2.3750000e+02		1.3294723e+01		1.0375963e-02		2.2044039e-02		1.3680523e-02		7.8186724e-03		5.8618506e-03
2.3800000e+02		2.3900000e+02		2.3850000e+02		1.1021422e+01		8.7489606e-03		1.8579811e-02		1.1537921e-02		6.5987508e-03		4.9391701e-03
2.3900000e+02		2.4000000e+02		2.3950000e+02		1.2008577e+01		9.6908581e-03		2.0566891e-02		1.2780049e-02		7.3091041e-03		5.4709449e-03
2.4000000e+02		2.4100000e+02		2.4050000e+02		1.1032163e+01		9.0394102e-03		1.9175277e-02		1.1922193e-02		6.8207366e-03		5.1014561e-03
2.4100000e+02		2.4200000e+02		2.4150000e+02		1.2918879e+01		1.0738327e-02		2.2769395e-02		1.4164492e-02		8.1063928e-03		6.0580990e-03
2.4200000e+02		2.4300000e+02		2.4250000e+02		1.7782729e+01		1.4849173e-02		3.1485109e-02		1.9589274e-02		1.1215200e-02		8.3740742e-03
2.4300000e+02		2.4400000e+02		2.4350000e+02		1.6701989e+01		1.4078998e-02		2.9844142e-02		1.8574763e-02		1.0637093e-02		7.9376697e-03
2.4400000e+02		2.4500000e+02		2.4450000e+02		1.5641720e+01		1.3354171e-02		2.8291606e-02		1.7617259e-02		1.0086576e-02		7.5306835e-03
2.4500000e+02		2.4600000e+02		2.4550000e+02		1.2691134e+01		1.0948009e-02		2.3190452e-02		1.4446107e-02		8.2765898e-03		6.1695172e-03
2.4600000e+02		2.4700000e+02		2.4650000e+02		1.2350906e+01		1.0887743e-02		2.3058257e-02		1.4375027e-02		8.2510032e-03		6.1240242e-03
2.4700000e+02		2.4800000e+02		2.4750000e+02		1.3639226e+01		1.2105864e-02		2.5635519e-02		1.5985548e-02		9.1794299e-03		6.8061177e-03
2.4800000e+02		2.4900000e+02		2.4850000e+02		1.0938846e+01		9.7377015e-03		2.0613573e-02		1.2855593e-02		7.3770116e-03		5.4785818e-03
2.4900000e+02		2.5000000e+02		2.4950000e+02		1.3333262e+01		1.1943138e-02		2.5278370e-02		1.5768277e-02		9.0503780e-03		6.7178994e-03
2.5000000e+02		2.5100000e+02		2.5050000e+02		1.4401571e+01		1.3015552e-02		2.7568122e-02		1.7200523e-02		9.9017486e-03		7.2987746e-03
2.5100000e+02		2.5200000e+02		2.5150000e+02		1.2007424e+01		1.0940526e-02		2.3152282e-02		1.4450707e-02		8.3051770e-03		6.1455301e-03
2.5200000e+02		2.5300000e+02		2.5250000e+02		1.0794009e+01		9.9683234e-03		2.1078724e-02		1.3163701e-02		7.5603444e-03		5.6033565e-03
2.5300000e+02		2.5400000e+02		2.5350000e+02		1.3602371e+01		1.2830695e-02		2.7096603e-02		1.6936809e-02		9.7151706e-03		7.2216383e-03
2.5400000e+02		2.5500000e+02		2.5450000e+02		1.5384114e+01		1.4587561e-02		3.0852923e-02		1.9285055e-02		1.1114389e-02		8.1706655e-03
2.5500000e+02		2.5600000e+02		2.5550000e+02		2.0992062e+01		2.0212266e-02		4.2692911e-02		2.6703799e-02		1.5359131e-02		1.1344668e-02
2.5600000e+02		2.5700000e+02		2.5650000e+02		2.7040612e+01		2.6208830e-02		5.5360031e-02		3.4634580e-02		1.9935540e-02		1.4699041e-02
2.5700000e+02		2.5800000e+02		2.5750000e+02		3.3946512e+01		3.3264388e-02		7.0310983e-02		4.4001954e-02		2.5405355e-02		1.8596599e-02
2.5800000e+02		2.5900000e+02		2.5850000e+02		3.5732434e+01		3.5397669e-02		7.4837930e-02		4.6851630e-02		2.7100363e-02		1.9751267e-02
2.5900000e+02		2.6000000e+02		2.5950000e+02		3.0409976e+01		3.0072929e-02		6.3595085e-02		3.9809084e-02		2.3035991e-02		1.6773093e-02
2.6000000e+02		2.6100000e+02		2.6050000e+02		2.4915606e+01		2.5367792e-02		5.3599772e-02		3.3589975e-02		1.9453895e-02		1.4136080e-02
2.6100000e+02		2.6200000e+02		2.6150000e+02		2.5442742e+01		3.2595311e-02		6.8615086e-02		4.3375103e-02		2.5505262e-02		1.7869841e-02
2.6200000e+02		2.6300000e+02		2.6250000e+02		3.0366547e+01		3.5798893e-02		7.5481223e-02		4.7563554e-02		2.7835488e-02		1.9728066e-02
2.6300000e+02		2.6400000e+02		2.6350000e+02		4.5700096e+01		4.9305133e-02		1.0413329e-01		6.5395885e-02		3.8071129e-02		2.7324756e-02
2.6400000e+02		2.6500000e+02		2.6450000e+02		7.1249372e+01		9.7527311e-02		2.0513396e-01		1.2999250e-01		7.6813468e-02		5.3179035e-02
2.6500000e+02		2.6600000e+02		2.6550000e+02		7.4731454e+01		8.3126343e-02		1.7555342e-01		1.1036765e-01		6.4453623e-02		4.5914026e-02
2.6600000e+02		2.6700000e+02		2.6650000e+02		7.2446611e+01		7.8662640e-02		1.6626052e-01		1.0442400e-01		6.0952024e-02		4.3471973e-02
2.6700000e+02		2.6800000e+02		2.6750000e+02		7.2937204e+01		8.5937764e-02		1.8154830e-01		1.1436807e-01		6.7266824e-02		4.7101245e-02
2.6800000e+02		2.6900000e+02		2.6850000e+02		7.2239021e+01		8.3947733e-02		1.7746803e-01		1.1173238e-01		6.5739170e-02		4.5993205e-02
2.6900000e+02		2.7000000e+02		2.6950000e+02		6.7758000e+01		7.4538091e-02		1.5800369e-01		9.9252344e-02		5.8474550e-02		4.0777794e-02
2.7000000e+02		2.7100000e+02		2.7050000e+02		7.8281462e+01		7.8713193e-02		1.6706014e-01		1.0458555e-01		6.1214649e-02		4.3370899e-02
2.7100000e+02		2.7200000e+02		2.7150000e+02		6.5051220e+01		7.3146035e-02		1.5502160e-01		9.7456246e-02		5.7518577e-02		3.9937669e-02
2.7200000e+02		2.7300000e+02		2.7250000e+02		5.2331568e+01		5.9484118e-02		1.2597545e-01		7.9231305e-02		4.6722347e-02		3.2508958e-02
2.7300000e+02		2.7400000e+02		2.7350000e+02		5.5800645e+01		6.3768910e-02		1.3509260e-01		8.4978339e-02		5.0182048e-02		3.4796291e-02
2.7400000e+02		2.7500000e+02		2.7450000e+02		3.8398649e+01		4.6904608e-02		9.9255567e-02		6.2592876e-02		3.7118841e-02		2.5474035e-02
2.7500000e+02		2.7600000e+02		2.7550000e+02		5.1208696e+01		6.3341455e-02		1.3403953e-01		8.4565881e-02		5.0217531e-02		3.4348350e-02
2.7600000e+02		2.7700000e+02		2.7650000e+02		7.1318275e+01		7.7210203e-02		1.6383278e-01		1.0283477e-01		6.0628380e-02		4.2206391e-02
2.7700000e+02		2.7800000e+02		2.7750000e+02		6.8188493e+01		9.1337391e-02		1.9316238e-01		1.2222400e-01		7.3078498e-02		4.9145500e-02
2.7800000e+02		2.7900000e+02		2.7850000e+02		4.7024496e+01		5.7163026e-02		1.2119166e-01		7.6394785e-02		4.5502831e-02		3.0891954e-02
2.7900000e+02		2.8000000e+02		2.7950000e+02		2.6422560e+01		3.1900326e-02		6.7695375e-02		4.2657522e-02		2.5451799e-02		1.7205723e-02
2.8000000e+02		2.8100000e+02		2.8050000e+02		2.8982131e+01		3.5301222e-02		7.4948028e-02		4.7239986e-02		2.8247419e-02		1.8992567e-02
2.8100000e+02		2.8200000e+02		2.8150000e+02		6.0033324e+01		7.1922068e-02		1.5286236e-01		9.6280241e-02		5.7632056e-02		3.8648185e-02
2.8200000e+02		2.8300000e+02		2.8250000e+02		8.1733762e+01		9.4962468e-02		2.0201854e-01		1.2708655e-01		7.6006393e-02		5.1080157e-02
2.8300000e+02		2.8400000e+02		2.8350000e+02		8.4433091e+01		1.0460296e-01		2.2225850e-01		1.4016106e-01		8.4131372e-02		5.6029686e-02
2.8400000e+02		2.8500000e+02		2.8450000e+02		6.2255376e+01		7.6948002e-02		1.6361041e-01		1.0315928e-01		6.2016549e-02		4.1142731e-02
2.8500000e+02		2.8600000e+02		2.8550000e+02		4.0018063e+01		5.0694760e-02		1.0783222e-01		6.8047282e-02		4.1056508e-02		2.6990774e-02
2.8600000e+02		2.8700000e+02		2.8650000e+02		8.2001717e+01		9.7692137e-02		2.0826885e-01		1.3110322e-01		7.9051476e-02		5.2051747e-02
2.8700000e+02		2.8800000e+02		2.8750000e+02		9.5189148e+01		1.2339493e-01		2.6255670e-01		1.6581572e-01		1.0036867e-01		6.5447049e-02
2.8800000e+02		2.8900000e+02		2.8850000e+02		9.0460934e+01		1.1696214e-01		2.4919867e-01		1.5734138e-01		9.5538299e-02		6.1803077e-02
2.8900000e+02		2.9000000e+02		2.8950000e+02		1.3728321e+02		1.7816941e-01		3.7987530e-01		2.3986175e-01		1.4596565e-01		9.3896103e-02
2.9000000e+02		2.9100000e+02		2.9050000e+02		1.8023325e+02		2.3156183e-01		4.9397716e-01		3.1177400e-01		1.8978404e-01		1.2198997e-01
2.9100000e+02		2.9200000e+02		2.9150000e+02		1.7359450e+02		2.4651525e-01		5.2400451e-01		3.3204291e-01		2.0236061e-01		1.2968230e-01
2.9200000e+02		2.9300000e+02		2.9250000e+02		1.5421676e+02		2.0244051e-01		4.3214995e-01		2.7294013e-01		1.6680390e-01		1.0613623e-01
2.9300000e+02		2.9400000e+02		2.9350000e+02		1.6099986e+02		2.1398708e-01		4.5684376e-01		2.8866107e-01		1.7668056e-01		1.1198051e-01
2.9400000e+02		2.9500000e+02		2.9450000e+02		1.4991794e+02		2.0061791e-01		4.2849745e-01		2.7080134e-01		1.6605578e-01		1.0474556e-01
2.9500000e+02		2.9600000e+02		2.9550000e+02		1.6232431e+02		2.1647278e-01		4.6280678e-01		2.9241536e-01		1.7968206e-01		1.1273329e-01
2.9600000e+02		2.9700000e+02		2.9650000e+02		1.4851381e+02		2.0410886e-01		4.3621535e-01		2.7592350e-01		1.6991526e-01		1.0600824e-01
2.9700000e+02		2.9800000e+02		2.9750000e+02		1.5140866e+02		2.1097208e-01		4.5110245e-01		2.8546490e-01		1.7625188e-01		1.0921301e-01
2.9800000e+02		2.9900000e+02		2.9850000e+02		1.3012850e+02		1.8324091e-01		3.9197507e-01		2.4812963e-01		1.5352835e-01		9.4601278e-02
2.9900000e+02		3.0000000e+02		2.9950000e+02		1.4682541e+02		2.0670263e-01		4.4269019e-01		2.8019337e-01		1.7388096e-01		1.0631241e-01
3.0000000e+02		3.0100000e+02		3.0050000e+02		1.1681452e+02		1.6840536e-01		3.6038971e-01		2.2831648e-01		1.4175124e-01		8.6565242e-02
3.0100000e+02		3.0200000e+02		3.0150000e+02		1.3434477e+02		1.7832326e-01		3.8277942e-01		2.4169595e-01		1.4994140e-01		9.1754550e-02
3.0200000e+02		3.0300000e+02		3.0250000e+02		1.4142283e+02		1.7451450e-01		3.7618789e-01		2.3679598e-01		1.4735956e-01		8.9436416e-02
3.0300000e+02		3.0400000e+02		3.0350000e+02		1.8342160e+02		2.2413225e-01		4.8096706e-01		3.0279396e-01		1.8611561e-01		1.1667835e-01
3.0400000e+02		3.0500000e+02		3.0450000e+02		1.7556728e+02		2.1736707e-01		4.6609861e-01		2.9359575e-01		1.8035899e-01		1.1323676e-01
3.0500000e+02		3.0600000e+02		3.0550000e+02		1.7728071e+02		2.1758291e-01		4.6720301e-01		2.9415279e-01		1.8116629e-01		1.1298650e-01
3.0600000e+02		3.0700000e+02		3.0650000e+02		1.6814926e+02		2.0770856e-01		4.4641076e-01		2.8109715e-01		1.7363927e-01		1.0745788e-01
3.0700000e+02		3.0800000e+02		3.0750000e+02		1.8878816e+02		2.3656874e-01		5.0928185e-01		3.2079269e-01		1.9927600e-01		1.2151668e-01
3.0800000e+02		3.0900000e+02		3.0850000e+02		1.8529086e+02		2.6732229e-01		5.7439744e-01		3.6373063e-01		2.2810457e-01		1.3562605e-01
3.0900000e+02		3.1000000e+02		3.0950000e+02		1.5026991e+02		2.2248811e-01		4.7799975e-01		3.0297416e-01		1.9043204e-01		1.1254212e-01
3.1000000e+02		3.1100000e+02		3.1050000e+02		1.8913229e+02		2.8696911e-01		6.1663527e-01		3.9118369e-01		2.4657433e-01		1.4460936e-01
3.1100000e+02		3.1200000e+02		3.1150000e+02		2.2495083e+02		3.4809587e-01		7.4878904e-01		4.7529858e-01		3.0096483e-01		1.7433375e-01
3.1200000e+02		3.1300000e+02		3.1250000e+02		2.0030306e+02		3.1102244e-01		6.6958500e-01		4.2503653e-01		2.6976024e-01		1.5527629e-01
3.1300000e+02		3.1400000e+02		3.1350000e+02		2.1331645e+02		3.3421393e-01		7.2007309e-01		4.5719030e-01		2.9096522e-01		1.6622508e-01
3.1400000e+02		3.1500000e+02		3.1450000e+02		2.0119548e+02		3.1906769e-01		6.8769270e-01		4.3680272e-01		2.7856406e-01		1.5823866e-01
3.1500000e+02		3.1600000e+02		3.1550000e+02		1.9522773e+02		3.1556150e-01		6.7993198e-01		4.3218347e-01		2.7593053e-01		1.5625293e-01
3.1600000e+02		3.1700000e+02		3.1650000e+02		1.9043254e+02		3.0743874e-01		6.6280822e-01		4.2125266e-01		2.6928663e-01		1.5196603e-01
3.1700000e+02		3.1800000e+02		3.1750000e+02		2.4155434e+02		4.0160049e-01		8.6544484e-01		5.5064533e-01		3.5264389e-01		1.9800144e-01
3.1800000e+02		3.1900000e+02		3.1850000e+02		1.9952276e+02		3.2862257e-01		7.0916973e-01		4.5099052e-01		2.8952569e-01		1.6146484e-01
3.1900000e+02		3.2000000e+02		3.1950000e+02		2.1430874e+02		3.5321443e-01		7.6321900e-01		4.8530267e-01		3.1252413e-01		1.7277854e-01
3.2000000e+02		3.2100000e+02		3.2050000e+02		2.4621307e+02		4.3667048e-01		9.4390511e-01		6.0175744e-01		3.9059996e-01		2.1115748e-01
3.2100000e+02		3.2200000e+02		3.2150000e+02		2.0677326e+02		3.3680755e-01		7.2942629e-01		4.6349563e-01		2.9974722e-01		1.6374841e-01
3.2200000e+02		3.2300000e+02		3.2250000e+02		2.0765168e+02		3.3580093e-01		7.2880462e-01		4.6286467e-01		3.0063604e-01		1.6222864e-01
3.2300000e+02		3.2400000e+02		3.2350000e+02		2.0066974e+02		3.4088762e-01		7.3900206e-01		4.7023620e-01		3.0604203e-01		1.6419417e-01
3.2400000e+02		3.2500000e+02		3.2450000e+02		2.3629853e+02		3.9677774e-01		8.6237915e-01		5.4834748e-01		3.5861785e-01		1.8972963e-01
3.2500000e+02		3.2600000e+02		3.2550000e+02		2.7209498e+02		4.5712699e-01		9.9371504e-01		6.3185680e-01		4.1341516e-01		2.1844164e-01
3.2600000e+02		3.2700000e+02		3.2650000e+02		3.0699214e+02		5.3643991e-01		1.1676356e+00		7.4338002e-01		4.8962555e-01		2.5375446e-01
3.2700000e+02		3.2800000e+02		3.2750000e+02		2.9701525e+02		5.2208812e-01		1.1375852e+00		7.2431668e-01		4.7847790e-01		2.4583878e-01
3.2800000e+02		3.2900000e+02		3.2850000e+02		2.8673370e+02		5.2139639e-01		1.1333878e+00		7.2272479e-01		4.7634811e-01		2.4637668e-01
3.2900000e+02		3.3000000e+02		3.2950000e+02		3.3379807e+02		6.0494370e-01		1.3180879e+00		8.4017127e-01		5.5655440e-01		2.8361687e-01
3.3000000e+02		3.3100000e+02		3.3050000e+02		3.1443449e+02		5.9136464e-01		1.2883115e+00		8.2229852e-01		5.4639544e-01		2.7590308e-01
3.3100000e+02		3.3200000e+02		3.3150000e+02		3.0087994e+02		6.1192273e-01		1.3271826e+00		8.4993528e-01		5.6314374e-01		2.8679154e-01
3.3200000e+02		3.3300000e+02		3.3250000e+02		2.9519831e+02		6.1728693e-01		1.3387102e+00		8.5818466e-01		5.6997014e-01		2.8821451e-01
3.3300000e+02		3.3400000e+02		3.3350000e+02		2.8364288e+02		5.8897441e-01		1.2818540e+00		8.2118820e-01		5.4942372e-01		2.7176448e-01
3.3400000e+02		3.3500000e+02		3.3450000e+02		2.9883003e+02		6.3161582e-01		1.3755606e+00		8.8171553e-01		5.9174229e-01		2.8997325e-01
3.3500000e+02		3.3600000e+02		3.3550000e+02		2.9511053e+02		6.3521786e-01		1.3825318e+00		8.8683326e-01		5.9532844e-01		2.9150483e-01
3.3600000e+02		3.3700000e+02		3.3650000e+02		2.4313126e+02		5.3199235e-01		1.1569451e+00		7.4263931e-01		4.9839606e-01		2.4424325e-01
3.3700000e+02		3.3800000e+02		3.3750000e+02		2.5649874e+02		5.6087786e-01		1.2230060e+00		7.8478020e-01		5.2975863e-01		2.5502158e-01
3.3800000e+02		3.3900000e+02		3.3850000e+02		2.7748673e+02		6.1462861e-01		1.3402031e+00		8.6038221e-01		5.8145926e-01		2.7892295e-01
3.3900000e+02		3.4000000e+02		3.3950000e+02		2.9040264e+02		6.3484836e-01		1.3876660e+00		8.9017298e-01		6.0410455e-01		2.8606844e-01
3.4000000e+02		3.4100000e+02		3.4050000e+02		3.0654056e+02		6.7860712e-01		1.4852503e+00		9.5305239e-01		6.4934448e-01		3.0370791e-01
3.4100000e+02		3.4200000e+02		3.4150000e+02		2.7979685e+02		6.1666846e-01		1.3520101e+00		8.6723690e-01		5.9285128e-01		2.7438562e-01
3.4200000e+02		3.4300000e+02		3.4250000e+02		3.0344565e+02		6.7289421e-01		1.4773022e+00		9.4765737e-01		6.5009662e-01		2.9756075e-01
3.4300000e+02		3.4400000e+02		3.4350000e+02		2.9822260e+02		6.4354546e-01		1.4177308e+00		9.0817208e-01		6.2611329e-01		2.8205879e-01
3.4400000e+02		3.4500000e+02		3.4450000e+02		2.3986676e+02		5.3921501e-01		1.1876202e+00		7.6190616e-01		5.2689292e-01		2.3501324e-01
3.4500000e+02		3.4600000e+02		3.4550000e+02		2.8907088e+02		6.6975247e-01		1.4759525e+00		9.4784194e-01		6.5796674e-01		2.8987520e-01
3.4600000e+02		3.4700000e+02		3.4650000e+02		2.8069735e+02		6.9217102e-01		1.5246164e+00		9.8134593e-01		6.8419516e-01		2.9715076e-01
3.4700000e+02		3.4800000e+02		3.4750000e+02		2.7782009e+02		7.6153659e-01		1.6746153e+00		1.0822183e+00		7.5874114e-01		3.2347719e-01
3.4800000e+02		3.4900000e+02		3.4850000e+02		2.8744416e+02		8.7939884e-01		1.9284360e+00		1.2516012e+00		8.8064021e-01		3.7096098e-01
3.4900000e+02		3.5000000e+02		3.4950000e+02		2.7550877e+02		6.6730673e-01		1.4748337e+00		9.4830525e-01		6.6484962e-01		2.8345562e-01
3.5000000e+02		3.5100000e+02		3.5050000e+02		3.3002358e+02		8.4089468e-01		1.8563925e+00		1.1959713e+00		8.4012034e-01		3.5585098e-01
3.5100000e+02		3.5200000e+02		3.5150000e+02		3.0660572e+02		7.9142670e-01		1.7475921e+00		1.1263672e+00		7.9247762e-01		3.3388954e-01
3.5200000e+02		3.5300000e+02		3.5250000e+02		2.8324198e+02		7.3302769e-01		1.6208845e+00		1.0446166e+00		7.3722726e-01		3.0738933e-01
3.5300000e+02		3.5400000e+02		3.5350000e+02		3.2405327e+02		8.7280343e-01		1.9326120e+00		1.2470912e+00		8.8557441e-01		3.6151681e-01
3.5400000e+02		3.5500000e+02		3.5450000e+02		3.4586270e+02		1.2260660e+00		2.7060238e+00		1.7641621e+00		1.2731491e+00		4.9101301e-01
3.5500000e+02		3.5600000e+02		3.5550000e+02		3.2478382e+02		1.1449346e+00		2.5314054e+00		1.6496226e+00		1.1941045e+00		4.5551804e-01
3.5600000e+02		3.5700000e+02		3.5650000e+02		2.8234357e+02		9.9807363e-01		2.2082612e+00		1.4390493e+00		1.0433597e+00		3.9568963e-01
3.5700000e+02		3.5800000e+02		3.5750000e+02		2.4674321e+02		8.7023110e-01		1.9270238e+00		1.2555384e+00		9.1164681e-01		3.4389157e-01
3.5800000e+02		3.5900000e+02		3.5850000e+02		2.1181106e+02		7.1349039e-01		1.5817083e+00		1.0287088e+00		7.4581472e-01		2.8289406e-01
3.5900000e+02		3.6000000e+02		3.5950000e+02		3.0582840e+02		8.6977221e-01		1.9372268e+00		1.2515601e+00		9.0331989e-01		3.4824023e-01
3.6000000e+02		3.6100000e+02		3.6050000e+02		3.0178862e+02		8.4127621e-01		1.8775556e+00		1.2118275e+00		8.7673379e-01		3.3509371e-01
3.6100000e+02		3.6200000e+02		3.6150000e+02		2.8033735e+02		8.0381233e-01		1.7943306e+00		1.1592457e+00		8.4096427e-01		3.1828138e-01
3.6200000e+02		3.6300000e+02		3.6250000e+02		3.1645921e+02		9.0696897e-01		2.0263255e+00		1.3089531e+00		9.5110466e-01		3.5784844e-01
3.6300000e+02		3.6400000e+02		3.6350000e+02		3.0810145e+02		9.0708449e-01		2.0271066e+00		1.3106742e+00		9.5490344e-01		3.5577073e-01
3.6400000e+02		3.6500000e+02		3.6450000e+02		3.2221950e+02		9.6067330e-01		2.1499717e+00		1.3904748e+00		1.0169214e+00		3.7355348e-01
3.6500000e+02		3.6600000e+02		3.6550000e+02		3.6674574e+02		1.1170801e+00		2.5019188e+00		1.6191667e+00		1.1879495e+00		4.3121717e-01
3.6600000e+02		3.6700000e+02		3.6650000e+02		3.9198946e+02		1.1638116e+00		2.6141672e+00		1.6896471e+00		1.2441399e+00		4.4550712e-01
3.6700000e+02		3.6800000e+02		3.6750000e+02		3.7850004e+02		1.1936435e+00		2.6786081e+00		1.7352111e+00		1.2813627e+00		4.5384835e-01
3.6800000e+02		3.6900000e+02		3.6850000e+02		3.4895620e+02		1.1254720e+00		2.5259939e+00		1.6376280e+00		1.2117742e+00		4.2585381e-01
3.6900000e+02		3.7000000e+02		3.6950000e+02		3.8736224e+02		1.2722586e+00		2.8575226e+00		1.8535781e+00		1.3754168e+00		4.7816131e-01
3.7000000e+02		3.7100000e+02		3.7050000e+02		3.6351013e+02		1.2217751e+00		2.7433127e+00		1.7810327e+00		1.3232176e+00		4.5781504e-01
3.7100000e+02		3.7200000e+02		3.7150000e+02		3.7529261e+02		1.2951043e+00		2.9078460e+00		1.8896480e+00		1.4067056e+00		4.8294243e-01
3.7200000e+02		3.7300000e+02		3.7250000e+02		3.1177186e+02		1.0718504e+00		2.4074119e+00		1.5641627e+00		1.1648233e+00		3.9933937e-01
3.7300000e+02		3.7400000e+02		3.7350000e+02		2.7192112e+02		9.5170466e-01		2.1410046e+00		1.3916490e+00		1.0409195e+00		3.5072948e-01
3.7400000e+02		3.7500000e+02		3.7450000e+02		2.7832167e+02		9.6176450e-01		2.1693615e+00		1.4089257e+00		1.0579947e+00		3.5093097e-01
3.7500000e+02		3.7600000e+02		3.7550000e+02		3.1876744e+02		1.1473160e+00		2.5817073e+00		1.6797250e+00		1.2596932e+00		4.2003182e-01
3.7600000e+02		3.7700000e+02		3.7650000e+02		3.3048657e+02		1.2207911e+00		2.7466475e+00		1.7887208e+00		1.3437362e+00		4.4498461e-01
3.7700000e+02		3.7800000e+02		3.7750000e+02		3.8770864e+02		1.4568055e+00		3.2816251e+00		2.1380528e+00		1.6118486e+00		5.2620424e-01
3.7800000e+02		3.7900000e+02		3.7850000e+02		4.0380398e+02		1.5020630e+00		3.3873206e+00		2.2057995e+00		1.6650584e+00		5.4074112e-01
3.7900000e+02		3.8000000e+02		3.7950000e+02		3.2744385e+02		1.2264835e+00		2.7690150e+00		1.8033202e+00		1.3648102e+00		4.3851002e-01
3.8000000e+02		3.8100000e+02		3.8050000e+02		3.5656330e+02		1.3298628e+00		3.0115614e+00		1.9601395e+00		1.4912506e+00		4.6888889e-01
3.8100000e+02		3.8200000e+02		3.8150000e+02		3.2019140e+02		1.2149513e+00		2.7526804e+00		1.7926166e+00		1.3667707e+00		4.2584583e-01
3.8200000e+02		3.8300000e+02		3.8250000e+02		2.2964197e+02		8.9107273e-01		2.0201114e+00		1.3164732e+00		1.0065084e+00		3.0996486e-01
3.8300000e+02		3.8400000e+02		3.8350000e+02		2.0267593e+02		7.9281033e-01		1.7996794e+00		1.1729416e+00		8.9940029e-01		2.7354133e-01
3.8400000e+02		3.8500000e+02		3.8450000e+02		2.7111947e+02		1.0905519e+00		2.4772707e+00		1.6159963e+00		1.2432149e+00		3.7278143e-01
3.8500000e+02		3.8600000e+02		3.8550000e+02		2.8715912e+02		1.1710813e+00		2.6617050e+00		1.7370151e+00		1.3390137e+00		3.9800139e-01
3.8600000e+02		3.8700000e+02		3.8650000e+02		2.8837692e+02		1.1972537e+00		2.7219139e+00		1.7773631e+00		1.3725537e+00		4.0480948e-01
3.8700000e+02		3.8800000e+02		3.8750000e+02		2.8805300e+02		1.2173918e+00		2.7690531e+00		1.8091557e+00		1.4001285e+00		4.0902722e-01
3.8800000e+02		3.8900000e+02		3.8850000e+02		2.9209390e+02		1.2727419e+00		2.8960940e+00		1.8940894e+00		1.4701240e+00		4.2396542e-01
3.8900000e+02		3.9000000e+02		3.8950000e+02		3.5069332e+02		1.5237712e+00		3.4723326e+00		2.2702519e+00		1.7661924e+00		5.0405955e-01
3.9000000e+02		3.9100000e+02		3.9050000e+02		3.6838836e+02		1.6290872e+00		3.7119854e+00		2.4284862e+00		1.8913983e+00		5.3708792e-01
3.9100000e+02		3.9200000e+02		3.9150000e+02		3.9613874e+02		1.7802921e+00		4.0589740e+00		2.6567726e+00		2.0737752e+00		5.8299740e-01
3.9200000e+02		3.9300000e+02		3.9250000e+02		3.0403432e+02		1.3800586e+00		3.1493581e+00		2.0618348e+00		1.6130997e+00		4.4873509e-01
3.9300000e+02		3.9400000e+02		3.9350000e+02		1.8639471e+02		8.5601316e-01		1.9552260e+00		1.2804104e+00		1.0041347e+00		2.7627575e-01
3.9400000e+02		3.9500000e+02		3.9450000e+02		3.0813115e+02		1.4352166e+00		3.2807868e+00		2.1492879e+00		1.6895109e+00		4.5977699e-01
3.9500000e+02		3.9600000e+02		3.9550000e+02		3.7840801e+02		1.7847208e+00		4.0827572e+00		2.6755480e+00		2.1077196e+00		5.6782832e-01
3.9600000e+02		3.9700000e+02		3.9650000e+02		2.6140326e+02		1.2522872e+00		2.8662757e+00		1.8792313e+00		1.4833657e+00		3.9586561e-01
3.9700000e+02		3.9800000e+02		3.9750000e+02		2.9300657e+02		1.4203966e+00		3.2540786e+00		2.1340744e+00		1.6885799e+00		4.4549449e-01
3.9800000e+02		3.9900000e+02		3.9850000e+02		4.5124719e+02		2.2097052e+00		5.0676738e+00		3.3241067e+00		2.6367024e+00		6.8740434e-01
3.9900000e+02		4.0000000e+02		3.9950000e+02		4.9846141e+02		2.4810049e+00		5.6918861e+00		3.7354897e+00		2.9681427e+00		7.6734696e-01
4.0000000e+02		4.0100000e+02		4.0050000e+02		5.1407199e+02		2.5799704e+00		5.9256171e+00		3.8893283e+00		3.0979742e+00		7.9135412e-01
4.0100000e+02		4.0200000e+02		4.0150000e+02		5.3860814e+02		2.7365253e+00		6.2912079e+00		4.1304479e+00		3.2980563e+00		8.3239159e-01
4.0200000e+02		4.0300000e+02		4.0250000e+02		5.4526519e+02		2.8300244e+00		6.5154902e+00		4.2799131e+00		3.4304737e+00		8.4943946e-01
4.0300000e+02		4.0400000e+02		4.0350000e+02		5.2165796e+02		2.7501086e+00		6.3297177e+00		4.1603448e+00		3.3366548e+00		8.2369004e-01
4.0400000e+02		4.0500000e+02		4.0450000e+02		5.1300620e+02		2.7558289e+00		6.3462256e+00		4.1735980e+00		3.3544776e+00		8.1912038e-01
4.0500000e+02		4.0600000e+02		4.0550000e+02		5.1256585e+02		2.7950463e+00		6.4418611e+00		4.2381523e+00		3.4144255e+00		8.2372683e-01
4.0600000e+02		4.0700000e+02		4.0650000e+02		4.9035274e+02		2.6987153e+00		6.2275462e+00		4.0976537e+00		3.3099238e+00		7.8772991e-01
4.0700000e+02		4.0800000e+02		4.0750000e+02		4.9838294e+02		2.7906586e+00		6.4435247e+00		4.2419102e+00		3.4336982e+00		8.0821202e-01
4.0800000e+02		4.0900000e+02		4.0850000e+02		5.2990289e+02		3.0394831e+00		7.0205683e+00		4.6253984e+00		3.7523159e+00		8.7308246e-01
4.0900000e+02		4.1000000e+02		4.0950000e+02		5.2713439e+02		3.0503147e+00		7.0511432e+00		4.6463826e+00		3.7763371e+00		8.7004545e-01
4.1000000e+02		4.1100000e+02		4.1050000e+02		4.8293937e+02		2.8358825e+00		6.5583805e+00		4.3235663e+00		3.5198978e+00		8.0366850e-01
4.1100000e+02		4.1200000e+02		4.1150000e+02		5.5986852e+02		3.3429671e+00		7.7350348e+00		5.1018018e+00		4.1614476e+00		9.4035421e-01
4.1200000e+02		4.1300000e+02		4.1250000e+02		5.4940473e+02		3.3426898e+00		7.7376896e+00		5.1065208e+00		4.1732689e+00		9.3325191e-01
4.1300000e+02		4.1400000e+02		4.1350000e+02		5.2995399e+02		3.2280949e+00		7.4854524e+00		4.9389076e+00		4.0478264e+00		8.9108121e-01
4.1400000e+02		4.1500000e+02		4.1450000e+02		5.3771640e+02		3.4210437e+00		7.9271952e+00		5.2387857e+00		4.3008239e+00		9.3796183e-01
4.1500000e+02		4.1600000e+02		4.1550000e+02		5.3722776e+02		3.5286277e+00		8.1689596e+00		5.4053667e+00		4.4404121e+00		9.6495464e-01
4.1600000e+02		4.1700000e+02		4.1650000e+02		5.5745703e+02		3.7487724e+00		8.6842961e+00		5.7504059e+00		4.7359157e+00		1.0144902e+00
4.1700000e+02		4.1800000e+02		4.1750000e+02		5.0725322e+02		3.4988063e+00		8.1088106e+00		5.3736335e+00		4.4358890e+00		9.3774455e-01
4.1800000e+02		4.1900000e+02		4.1850000e+02		5.2601513e+02		3.6889583e+00		8.5563698e+00		5.6726897e+00		4.6935589e+00		9.7913085e-01
4.1900000e+02		4.2000000e+02		4.1950000e+02		5.3123875e+02		3.7251546e+00		8.6482119e+00		5.7326576e+00		4.7498032e+00		9.8285447e-01
4.2000000e+02		4.2100000e+02		4.2050000e+02		5.3797708e+02		3.8027218e+00		8.8353781e+00		5.8575489e+00		4.8617730e+00		9.9577583e-01
4.2100000e+02		4.2200000e+02		4.2150000e+02		5.2958361e+02		3.6839444e+00		8.5726659e+00		5.6787561e+00		4.7197751e+00		9.5898103e-01
4.2200000e+02		4.2300000e+02		4.2250000e+02		5.0190537e+02		3.5782822e+00		8.3303487e+00		5.5224567e+00		4.5999664e+00		9.2249030e-01
4.2300000e+02		4.2400000e+02		4.2350000e+02		5.3474862e+02		3.8123721e+00		8.8870997e+00		5.8901687e+00		4.9161195e+00		9.7404924e-01
4.2400000e+02		4.2500000e+02		4.2450000e+02		5.5328403e+02		3.9275732e+00		9.1719197e+00		6.0761294e+00		5.0835386e+00		9.9259084e-01
4.2500000e+02		4.2600000e+02		4.2550000e+02		5.3248014e+02		3.8148731e+00		8.9187775e+00		5.9091011e+00		4.9549968e+00		9.5410432e-01
4.2600000e+02		4.2700000e+02		4.2650000e+02		5.3029841e+02		3.9111424e+00		9.1441381e+00		6.0643732e+00		5.0945987e+00		9.6977444e-01
4.2700000e+02		4.2800000e+02		4.2750000e+02		4.9171747e+02		3.6948413e+00		8.6443009e+00		5.7358180e+00		4.8290026e+00		9.0681536e-01
4.2800000e+02		4.2900000e+02		4.2850000e+02		4.9494538e+02		3.9939008e+00		9.3428180e+00		6.2144337e+00		5.2538374e+00		9.6059634e-01
4.2900000e+02		4.3000000e+02		4.2950000e+02		4.6063718e+02		3.8247541e+00		8.9416191e+00		5.9540325e+00		5.0379267e+00		9.1610577e-01
4.3000000e+02		4.3100000e+02		4.3050000e+02		3.7055843e+02		3.1362463e+00		7.3285776e+00		4.8835458e+00		4.1341551e+00		7.4939075e-01
4.3100000e+02		4.3200000e+02		4.3150000e+02		4.5818753e+02		3.9595520e+00		9.2562021e+00		6.1719421e+00		5.2345711e+00		9.3737101e-01
4.3200000e+02		4.3300000e+02		4.3250000e+02		5.1625369e+02		4.3624980e+00		1.0197516e+01		6.7946453e+00		5.7545223e+00		1.0401230e+00
4.3300000e+02		4.3400000e+02		4.3350000e+02		5.6047485e+02		4.6249545e+00		1.0848623e+01		7.2180228e+00		6.1352655e+00		1.0827572e+00
4.3400000e+02		4.3500000e+02		4.3450000e+02		4.7595241e+02		3.8485834e+00		9.0427587e+00		6.0104930e+00		5.1151329e+00		8.9536002e-01
4.3500000e+02		4.3600000e+02		4.3550000e+02		5.3162725e+02		4.3053972e+00		1.0125923e+01		6.7295647e+00		5.7356419e+00		9.9392280e-01
4.3600000e+02		4.3700000e+02		4.3650000e+02		5.9481241e+02		5.0487432e+00		1.1870028e+01		7.9016683e+00		6.7500934e+00		1.1515749e+00
4.3700000e+02		4.3800000e+02		4.3750000e+02		5.2629983e+02		4.6351828e+00		1.0897103e+01		7.2630587e+00		6.2176212e+00		1.0454375e+00
4.3800000e+02		4.3900000e+02		4.3850000e+02		5.1257868e+02		4.6747228e+00		1.0991855e+01		7.3345284e+00		6.2931676e+00		1.0413608e+00
4.3900000e+02		4.4000000e+02		4.3950000e+02		5.7051902e+02		5.2278838e+00		1.2304809e+01		8.2103132e+00		7.0565038e+00		1.1538095e+00
4.4000000e+02		4.4100000e+02		4.4050000e+02		5.4089681e+02		4.9536291e+00		1.1677514e+01		7.7891596e+00		6.7089372e+00		1.0802224e+00
4.4100000e+02		4.4200000e+02		4.4150000e+02		5.9491633e+02		5.5631189e+00		1.3098798e+01		8.7454244e+00		7.5294155e+00		1.2160088e+00
4.4200000e+02		4.4300000e+02		4.4250000e+02		6.2544254e+02		5.8894222e+00		1.3870543e+01		9.2623298e+00		7.9803850e+00		1.2819448e+00
4.4300000e+02		4.4400000e+02		4.4350000e+02		6.0497206e+02		5.7278325e+00		1.3502449e+01		9.0165041e+00		7.7810805e+00		1.2354236e+00
4.4400000e+02		4.4500000e+02		4.4450000e+02		6.2324411e+02		5.9371399e+00		1.4010719e+01		9.3558074e+00		8.0886541e+00		1.2671533e+00
4.4500000e+02		4.4600000e+02		4.4550000e+02		5.7783999e+02		5.4105622e+00		1.2825705e+01		8.5516213e+00		7.4318256e+00		1.1197957e+00
4.4600000e+02		4.4700000e+02		4.4650000e+02		5.8940025e+02		5.5205585e+00		1.3116933e+01		8.7415648e+00		7.6209828e+00		1.1205820e+00
4.4700000e+02		4.4800000e+02		4.4750000e+02		6.3881895e+02		5.9947844e+00		1.4265562e+01		9.5045328e+00		8.3041539e+00		1.2003789e+00
4.4800000e+02		4.4900000e+02		4.4850000e+02		6.2805979e+02		5.9270567e+00		1.4122000e+01		9.4081151e+00		8.2362724e+00		1.1718427e+00
4.4900000e+02		4.5000000e+02		4.4950000e+02		6.3454704e+02		6.0737941e+00		1.4484960e+01		9.6524568e+00		8.4672070e+00		1.1852499e+00
4.5000000e+02		4.5100000e+02		4.5050000e+02		6.7325368e+02		6.5310286e+00		1.5589235e+01		1.0390795e+01		9.1323055e+00		1.2584895e+00
4.5100000e+02		4.5200000e+02		4.5150000e+02		6.7122600e+02		6.3431430e+00		1.5183781e+01		1.0105906e+01		8.9027926e+00		1.2031133e+00
4.5200000e+02		4.5300000e+02		4.5250000e+02		6.3541039e+02		6.2366802e+00		1.4900822e+01		9.9337759e+00		8.7474224e+00		1.1863535e+00
4.5300000e+02		4.5400000e+02		4.5350000e+02		6.0888666e+02		6.0809809e+00		1.4545355e+01		9.6996022e+00		8.5617499e+00		1.1378524e+00
4.5400000e+02		4.5500000e+02		4.5450000e+02		6.4999363e+02		6.5795800e+00		1.5734405e+01		1.0497674e+01		9.2703104e+00		1.2273638e+00
4.5500000e+02		4.5600000e+02		4.5550000e+02		6.4380306e+02		6.5904103e+00		1.5745666e+01		1.0511354e+01		9.2770525e+00		1.2343016e+00
4.5600000e+02		4.5700000e+02		4.5650000e+02		6.6853861e+02		6.9658297e+00		1.6624418e+01		1.1107169e+01		9.7985144e+00		1.3086548e+00
4.5700000e+02		4.5800000e+02		4.5750000e+02		6.7499745e+02		7.2299560e+00		1.7229056e+01		1.1525285e+01		1.0162859e+01		1.3624268e+00
4.5800000e+02		4.5900000e+02		4.5850000e+02		6.3439039e+02		6.8254244e+00		1.6284621e+01		1.0892146e+01		9.6219677e+00		1.2701788e+00
4.5900000e+02		4.6000000e+02		4.5950000e+02		6.5539586e+02		7.0855983e+00		1.6921343e+01		1.1317380e+01		1.0012502e+01		1.3048776e+00
4.6000000e+02		4.6100000e+02		4.6050000e+02		6.4752339e+02		7.1142981e+00		1.7002654e+01		1.1375687e+01		1.0082555e+01		1.2931321e+00
4.6100000e+02		4.6200000e+02		4.6150000e+02		6.6245412e+02		7.5092511e+00		1.7933324e+01		1.2012492e+01		1.0654782e+01		1.3577097e+00
4.6200000e+02		4.6300000e+02		4.6250000e+02		6.6901120e+02		7.6235247e+00		1.8220490e+01		1.2204738e+01		1.0839267e+01		1.3654713e+00
4.6300000e+02		4.6400000e+02		4.6350000e+02		6.4662616e+02		7.2591556e+00		1.7422266e+01		1.1652980e+01		1.0395899e+01		1.2570804e+00
4.6400000e+02		4.6500000e+02		4.6450000e+02		6.5795753e+02		7.3977894e+00		1.7805929e+01		1.1901894e+01		1.0656826e+01		1.2450680e+00
4.6500000e+02		4.6600000e+02		4.6550000e+02		6.3552746e+02		7.8733231e+00		1.8732183e+01		1.2594584e+01		1.1170624e+01		1.4239602e+00
4.6600000e+02		4.6700000e+02		4.6650000e+02		6.3955371e+02		8.2225994e+00		1.9532713e+01		1.3153086e+01		1.1665656e+01		1.4874297e+00
4.6700000e+02		4.6800000e+02		4.6750000e+02		6.4572639e+02		8.3872221e+00		1.9929563e+01		1.3423994e+01		1.1917130e+01		1.5068641e+00
4.6800000e+02		4.6900000e+02		4.6850000e+02		6.3145002e+02		8.2029933e+00		1.9527996e+01		1.3147912e+01		1.1699804e+01		1.4481082e+00
4.6900000e+02		4.7000000e+02		4.6950000e+02		6.4956875e+02		8.6124709e+00		2.0506637e+01		1.3815206e+01		1.2309804e+01		1.5054021e+00
4.7000000e+02		4.7100000e+02		4.7050000e+02		6.1381170e+02		8.3683241e+00		1.9927574e+01		1.3436616e+01		1.1991707e+01		1.4449086e+00
4.7100000e+02		4.7200000e+02		4.7150000e+02		6.4174114e+02		8.7683513e+00		2.0894003e+01		1.4087073e+01		1.2584230e+01		1.5028426e+00
4.7200000e+02		4.7300000e+02		4.7250000e+02		6.5742798e+02		9.3033006e+00		2.2165944e+01		1.4961633e+01		1.3387759e+01		1.5738743e+00
4.7300000e+02		4.7400000e+02		4.7350000e+02		6.4563741e+02		9.2352475e+00		2.2008145e+01		1.4859473e+01		1.3307061e+01		1.5524121e+00
4.7400000e+02		4.7500000e+02		4.7450000e+02		6.6512717e+02		9.0722508e+00		2.1822599e+01		1.4677827e+01		1.3262935e+01		1.4148916e+00
4.7500000e+02		4.7600000e+02		4.7550000e+02		6.6365303e+02		9.4327867e+00		2.2617342e+01		1.5244412e+01		1.3750454e+01		1.4939586e+00
4.7600000e+02		4.7700000e+02		4.7650000e+02		6.3952653e+02		9.5196752e+00		2.2725497e+01		1.5356560e+01		1.3810219e+01		1.5463418e+00
4.7700000e+02		4.7800000e+02		4.7750000e+02		6.6772274e+02		1.0059472e+01		2.4030144e+01		1.6241570e+01		1.4627001e+01		1.6145690e+00
4.7800000e+02		4.7900000e+02		4.7850000e+02		6.6128260e+02		1.0094911e+01		2.4126849e+01		1.6311612e+01		1.4708872e+01		1.6027399e+00
4.7900000e+02		4.8000000e+02		4.7950000e+02		6.6320839e+02		1.0278489e+01		2.4575110e+01		1.6620840e+01		1.5006165e+01		1.6146757e+00
4.8000000e+02		4.8100000e+02		4.8050000e+02		6.6489751e+02		1.0406862e+01		2.4927361e+01		1.6856292e+01		1.5259514e+01		1.5967782e+00
4.8100000e+02		4.8200000e+02		4.8150000e+02		6.6630748e+02		9.9176038e+00		2.3976369e+01		1.6148125e+01		1.4741571e+01		1.4065540e+00
4.8200000e+02		4.8300000e+02		4.8250000e+02		6.6376999e+02		1.0121511e+01		2.4465189e+01		1.6490191e+01		1.5068461e+01		1.4217308e+00
4.8300000e+02		4.8400000e+02		4.8350000e+02		6.5373157e+02		1.0066201e+01		2.4344736e+01		1.6411358e+01		1.5012802e+01		1.3985558e+00
4.8400000e+02		4.8500000e+02		4.8450000e+02		6.4242337e+02		9.9340606e+00		2.4035983e+01		1.6203274e+01		1.4833119e+01		1.3701552e+00
4.8500000e+02		4.8600000e+02		4.8550000e+02		6.0369332e+02		9.0246453e+00		2.1892879e+01		1.4732864e+01		1.3505791e+01		1.2270730e+00
4.8600000e+02		4.8700000e+02		4.8650000e+02		5.2412565e+02		8.0588444e+00		1.9558267e+01		1.3171193e+01		1.2095946e+01		1.0752465e+00
4.8700000e+02		4.8800000e+02		4.8750000e+02		5.9966111e+02		1.0828491e+01		2.5935308e+01		1.7615026e+01		1.6057114e+01		1.5579119e+00
4.8800000e+02		4.8900000e+02		4.8850000e+02		6.3081686e+02		1.1360410e+01		2.7217461e+01		1.8483008e+01		1.6852247e+01		1.6307609e+00
4.8900000e+02		4.9000000e+02		4.8950000e+02		6.1880396e+02		1.1361614e+01		2.7231084e+01		1.8501033e+01		1.6892048e+01		1.6089856e+00
4.9000000e+02		4.9100000e+02		4.9050000e+02		6.5907671e+02		1.2204860e+01		2.9267589e+01		1.9886949e+01		1.8176020e+01		1.7109297e+00
4.9100000e+02		4.9200000e+02		4.9150000e+02		6.2110374e+02		1.2795204e+01		3.0617554e+01		2.0882572e+01		1.9134919e+01		1.7476533e+00
4.9200000e+02		4.9300000e+02		4.9250000e+02		5.9112858e+02		1.2230334e+01		2.9282760e+01		1.9971539e+01		1.8315886e+01		1.6556527e+00
4.9300000e+02		4.9400000e+02		4.9350000e+02		6.2472140e+02		1.2293692e+01		2.9489923e+01		2.0072605e+01		1.8405106e+01		1.6674993e+00
4.9400000e+02		4.9500000e+02		4.9450000e+02		6.4279699e+02		1.2892710e+01		3.0935478e+01		2.1066692e+01		1.9339849e+01		1.7268434e+00
4.9500000e+02		4.9600000e+02		4.9550000e+02		6.3133158e+02		1.2948074e+01		3.1068877e+01		2.1171366e+01		1.9456519e+01		1.7148470e+00
4.9600000e+02		4.9700000e+02		4.9650000e+02		6.3921352e+02		1.3297807e+01		3.1913733e+01		2.1755104e+01		2.0010180e+01		1.7449242e+00
4.9700000e+02		4.9800000e+02		4.9750000e+02		6.5113923e+02		1.3243344e+01		3.1813374e+01		2.1666588e+01		1.9929610e+01		1.7369778e+00
4.9800000e+02		4.9900000e+02		4.9850000e+02		5.9175801e+02		1.1876037e+01		2.8557974e+01		1.9436281e+01		1.7887728e+01		1.5485528e+00
4.9900000e+02		5.0000000e+02		4.9950000e+02		6.3385792e+02		1.3021130e+01		3.1330697e+01		2.1334150e+01		1.9668817e+01		1.6653329e+00
