Left Bin Edge (nm)	Right Bin Edge (nm)	Bin Center (nm)		Top of Atm Intensity (erg/s/nm/cm2)		Total Surface Flux (erg/s/nm/cm2)		Total Intensity at BOA (erg/s/nm/cm2)		Total Surface Intensity (erg/s/nm/cm2)		Total Surface Diffuse Intensity (erg/s/nm/cm2)		Total Surface Direct Intensity (erg/s/nm/cm2)
1.0000000e+02		1.0100000e+02		1.0050000e+02		1.9189487e-02		0.0000000e+00		0.0000000e+00		0.0000000e+00		0.0000000e+00		0.0000000e+00
1.0100000e+02		1.0200000e+02		1.0150000e+02		7.4861701e-02		0.0000000e+00		0.0000000e+00		0.0000000e+00		0.0000000e+00		0.0000000e+00
1.0200000e+02		1.0300000e+02		1.0250000e+02		3.9734366e-01		0.0000000e+00		0.0000000e+00		0.0000000e+00		0.0000000e+00		0.0000000e+00
1.0300000e+02		1.0400000e+02		1.0350000e+02		3.0179545e-01		0.0000000e+00		0.0000000e+00		0.0000000e+00		0.0000000e+00		0.0000000e+00
1.0400000e+02		1.0500000e+02		1.0450000e+02		6.0815352e-02		0.0000000e+00		0.0000000e+00		0.0000000e+00		0.0000000e+00		0.0000000e+00
1.0500000e+02		1.0600000e+02		1.0550000e+02		2.0834600e-02		0.0000000e+00		0.0000000e+00		0.0000000e+00		0.0000000e+00		0.0000000e+00
1.0600000e+02		1.0700000e+02		1.0650000e+02		1.9584792e-02		0.0000000e+00		0.0000000e+00		0.0000000e+00		0.0000000e+00		0.0000000e+00
1.0700000e+02		1.0800000e+02		1.0750000e+02		2.1853879e-02		0.0000000e+00		0.0000000e+00		0.0000000e+00		0.0000000e+00		0.0000000e+00
1.0800000e+02		1.0900000e+02		1.0850000e+02		3.0634999e-02		0.0000000e+00		0.0000000e+00		0.0000000e+00		0.0000000e+00		0.0000000e+00
1.0900000e+02		1.1000000e+02		1.0950000e+02		2.4032561e-02		0.0000000e+00		0.0000000e+00		0.0000000e+00		0.0000000e+00		0.0000000e+00
1.1000000e+02		1.1100000e+02		1.1050000e+02		2.3268893e-02		0.0000000e+00		0.0000000e+00		0.0000000e+00		0.0000000e+00		0.0000000e+00
1.1100000e+02		1.1200000e+02		1.1150000e+02		2.1871272e-02		0.0000000e+00		0.0000000e+00		0.0000000e+00		0.0000000e+00		0.0000000e+00
1.1200000e+02		1.1300000e+02		1.1250000e+02		2.2375602e-02		0.0000000e+00		0.0000000e+00		0.0000000e+00		0.0000000e+00		0.0000000e+00
1.1300000e+02		1.1400000e+02		1.1350000e+02		1.7748133e-02		0.0000000e+00		0.0000000e+00		0.0000000e+00		0.0000000e+00		0.0000000e+00
1.1400000e+02		1.1500000e+02		1.1450000e+02		1.3589480e-02		0.0000000e+00		0.0000000e+00		0.0000000e+00		0.0000000e+00		0.0000000e+00
1.1500000e+02		1.1600000e+02		1.1550000e+02		1.8751615e-02		0.0000000e+00		0.0000000e+00		0.0000000e+00		0.0000000e+00		0.0000000e+00
1.1600000e+02		1.1700000e+02		1.1650000e+02		4.3674487e-02		0.0000000e+00		0.0000000e+00		0.0000000e+00		0.0000000e+00		0.0000000e+00
1.1700000e+02		1.1800000e+02		1.1750000e+02		1.5546757e-01		0.0000000e+00		0.0000000e+00		0.0000000e+00		0.0000000e+00		0.0000000e+00
1.1800000e+02		1.1900000e+02		1.1850000e+02		5.2889236e-02		0.0000000e+00		0.0000000e+00		0.0000000e+00		0.0000000e+00		0.0000000e+00
1.1900000e+02		1.2000000e+02		1.1950000e+02		7.3692884e-02		0.0000000e+00		0.0000000e+00		0.0000000e+00		0.0000000e+00		0.0000000e+00
1.2000000e+02		1.2100000e+02		1.2050000e+02		4.0066072e-01		0.0000000e+00		0.0000000e+00		0.0000000e+00		0.0000000e+00		0.0000000e+00
1.2100000e+02		1.2200000e+02		1.2150000e+02		1.5905289e+01		0.0000000e+00		0.0000000e+00		0.0000000e+00		0.0000000e+00		0.0000000e+00
1.2200000e+02		1.2300000e+02		1.2250000e+02		1.0666543e-01		0.0000000e+00		0.0000000e+00		0.0000000e+00		0.0000000e+00		0.0000000e+00
1.2300000e+02		1.2400000e+02		1.2350000e+02		5.7456553e-02		0.0000000e+00		0.0000000e+00		0.0000000e+00		0.0000000e+00		0.0000000e+00
1.2400000e+02		1.2500000e+02		1.2450000e+02		4.6184197e-02		0.0000000e+00		0.0000000e+00		0.0000000e+00		0.0000000e+00		0.0000000e+00
1.2500000e+02		1.2600000e+02		1.2550000e+02		4.5085118e-02		0.0000000e+00		0.0000000e+00		0.0000000e+00		0.0000000e+00		0.0000000e+00
1.2600000e+02		1.2700000e+02		1.2650000e+02		6.3054464e-02		0.0000000e+00		0.0000000e+00		0.0000000e+00		0.0000000e+00		0.0000000e+00
1.2700000e+02		1.2800000e+02		1.2750000e+02		3.3006429e-02		0.0000000e+00		0.0000000e+00		0.0000000e+00		0.0000000e+00		0.0000000e+00
1.2800000e+02		1.2900000e+02		1.2850000e+02		2.6335196e-02		0.0000000e+00		0.0000000e+00		0.0000000e+00		0.0000000e+00		0.0000000e+00
1.2900000e+02		1.3000000e+02		1.2950000e+02		3.5131240e-02		0.0000000e+00		0.0000000e+00		0.0000000e+00		0.0000000e+00		0.0000000e+00
1.3000000e+02		1.3100000e+02		1.3050000e+02		2.8850634e-01		0.0000000e+00		0.0000000e+00		0.0000000e+00		0.0000000e+00		0.0000000e+00
1.3100000e+02		1.3200000e+02		1.3150000e+02		3.9064855e-02		0.0000000e+00		0.0000000e+00		0.0000000e+00		0.0000000e+00		0.0000000e+00
1.3200000e+02		1.3300000e+02		1.3250000e+02		3.0374778e-02		0.0000000e+00		0.0000000e+00		0.0000000e+00		0.0000000e+00		0.0000000e+00
1.3300000e+02		1.3400000e+02		1.3350000e+02		4.1056606e-01		0.0000000e+00		0.0000000e+00		0.0000000e+00		0.0000000e+00		0.0000000e+00
1.3400000e+02		1.3500000e+02		1.3450000e+02		2.8092500e-02		0.0000000e+00		0.0000000e+00		0.0000000e+00		0.0000000e+00		0.0000000e+00
1.3500000e+02		1.3600000e+02		1.3550000e+02		5.8954708e-02		0.0000000e+00		0.0000000e+00		0.0000000e+00		0.0000000e+00		0.0000000e+00
1.3600000e+02		1.3700000e+02		1.3650000e+02		3.8690656e-02		0.0000000e+00		0.0000000e+00		0.0000000e+00		0.0000000e+00		0.0000000e+00
1.3700000e+02		1.3800000e+02		1.3750000e+02		3.9732879e-02		0.0000000e+00		0.0000000e+00		0.0000000e+00		0.0000000e+00		0.0000000e+00
1.3800000e+02		1.3900000e+02		1.3850000e+02		4.0549866e-02		0.0000000e+00		0.0000000e+00		0.0000000e+00		0.0000000e+00		0.0000000e+00
1.3900000e+02		1.4000000e+02		1.3950000e+02		1.3692187e-01		0.0000000e+00		0.0000000e+00		0.0000000e+00		0.0000000e+00		0.0000000e+00
1.4000000e+02		1.4100000e+02		1.4050000e+02		1.1939088e-01		0.0000000e+00		0.0000000e+00		0.0000000e+00		0.0000000e+00		0.0000000e+00
1.4100000e+02		1.4200000e+02		1.4150000e+02		5.7521948e-02		0.0000000e+00		0.0000000e+00		0.0000000e+00		0.0000000e+00		0.0000000e+00
1.4200000e+02		1.4300000e+02		1.4250000e+02		6.2343151e-02		0.0000000e+00		0.0000000e+00		0.0000000e+00		0.0000000e+00		0.0000000e+00
1.4300000e+02		1.4400000e+02		1.4350000e+02		6.9165895e-02		0.0000000e+00		0.0000000e+00		0.0000000e+00		0.0000000e+00		0.0000000e+00
1.4400000e+02		1.4500000e+02		1.4450000e+02		6.6149126e-02		0.0000000e+00		0.0000000e+00		0.0000000e+00		0.0000000e+00		0.0000000e+00
1.4500000e+02		1.4600000e+02		1.4550000e+02		7.0536262e-02		0.0000000e+00		0.0000000e+00		0.0000000e+00		0.0000000e+00		0.0000000e+00
1.4600000e+02		1.4700000e+02		1.4650000e+02		8.6012655e-02		0.0000000e+00		0.0000000e+00		0.0000000e+00		0.0000000e+00		0.0000000e+00
1.4700000e+02		1.4800000e+02		1.4750000e+02		1.0610345e-01		0.0000000e+00		0.0000000e+00		0.0000000e+00		0.0000000e+00		0.0000000e+00
1.4800000e+02		1.4900000e+02		1.4850000e+02		1.0405386e-01		0.0000000e+00		0.0000000e+00		0.0000000e+00		0.0000000e+00		0.0000000e+00
1.4900000e+02		1.5000000e+02		1.4950000e+02		9.4002421e-02		0.0000000e+00		0.0000000e+00		0.0000000e+00		0.0000000e+00		0.0000000e+00
1.5000000e+02		1.5100000e+02		1.5050000e+02		1.0343288e-01		0.0000000e+00		0.0000000e+00		0.0000000e+00		0.0000000e+00		0.0000000e+00
1.5100000e+02		1.5200000e+02		1.5150000e+02		1.0875212e-01		0.0000000e+00		0.0000000e+00		0.0000000e+00		0.0000000e+00		0.0000000e+00
1.5200000e+02		1.5300000e+02		1.5250000e+02		1.3876638e-01		0.0000000e+00		0.0000000e+00		0.0000000e+00		0.0000000e+00		0.0000000e+00
1.5300000e+02		1.5400000e+02		1.5350000e+02		1.5371418e-01		0.0000000e+00		0.0000000e+00		0.0000000e+00		0.0000000e+00		0.0000000e+00
1.5400000e+02		1.5500000e+02		1.5450000e+02		4.1112511e-01		0.0000000e+00		0.0000000e+00		0.0000000e+00		0.0000000e+00		0.0000000e+00
1.5500000e+02		1.5600000e+02		1.5550000e+02		3.3836363e-01		0.0000000e+00		0.0000000e+00		0.0000000e+00		0.0000000e+00		0.0000000e+00
1.5600000e+02		1.5700000e+02		1.5650000e+02		2.0084632e-01		0.0000000e+00		0.0000000e+00		0.0000000e+00		0.0000000e+00		0.0000000e+00
1.5700000e+02		1.5800000e+02		1.5750000e+02		1.8216796e-01		0.0000000e+00		0.0000000e+00		0.0000000e+00		0.0000000e+00		0.0000000e+00
1.5800000e+02		1.5900000e+02		1.5850000e+02		1.6795176e-01		0.0000000e+00		0.0000000e+00		0.0000000e+00		0.0000000e+00		0.0000000e+00
1.5900000e+02		1.6000000e+02		1.5950000e+02		1.6379377e-01		0.0000000e+00		0.0000000e+00		0.0000000e+00		0.0000000e+00		0.0000000e+00
1.6000000e+02		1.6100000e+02		1.6050000e+02		1.7926410e-01		0.0000000e+00		0.0000000e+00		0.0000000e+00		0.0000000e+00		0.0000000e+00
1.6100000e+02		1.6200000e+02		1.6150000e+02		2.0306941e-01		0.0000000e+00		0.0000000e+00		0.0000000e+00		0.0000000e+00		0.0000000e+00
1.6200000e+02		1.6300000e+02		1.6250000e+02		2.2492895e-01		0.0000000e+00		0.0000000e+00		0.0000000e+00		0.0000000e+00		0.0000000e+00
1.6300000e+02		1.6400000e+02		1.6350000e+02		4.7671727e-01		0.0000000e+00		0.0000000e+00		0.0000000e+00		0.0000000e+00		0.0000000e+00
1.6400000e+02		1.6500000e+02		1.6450000e+02		4.8753270e-01		0.0000000e+00		0.0000000e+00		0.0000000e+00		0.0000000e+00		0.0000000e+00
1.6500000e+02		1.6600000e+02		1.6550000e+02		5.7072689e-01		0.0000000e+00		0.0000000e+00		0.0000000e+00		0.0000000e+00		0.0000000e+00
1.6600000e+02		1.6700000e+02		1.6650000e+02		2.6919628e-01		0.0000000e+00		0.0000000e+00		0.0000000e+00		0.0000000e+00		0.0000000e+00
1.6700000e+02		1.6800000e+02		1.6750000e+02		2.8728373e-01		0.0000000e+00		0.0000000e+00		0.0000000e+00		0.0000000e+00		0.0000000e+00
1.6800000e+02		1.6900000e+02		1.6850000e+02		3.0958866e-01		0.0000000e+00		0.0000000e+00		0.0000000e+00		0.0000000e+00		0.0000000e+00
1.6900000e+02		1.7000000e+02		1.6950000e+02		3.8988989e-01		0.0000000e+00		0.0000000e+00		0.0000000e+00		0.0000000e+00		0.0000000e+00
1.7000000e+02		1.7100000e+02		1.7050000e+02		4.3752516e-01		0.0000000e+00		0.0000000e+00		0.0000000e+00		0.0000000e+00		0.0000000e+00
1.7100000e+02		1.7200000e+02		1.7150000e+02		4.3618394e-01		0.0000000e+00		0.0000000e+00		0.0000000e+00		0.0000000e+00		0.0000000e+00
1.7200000e+02		1.7300000e+02		1.7250000e+02		4.5514763e-01		0.0000000e+00		0.0000000e+00		0.0000000e+00		0.0000000e+00		0.0000000e+00
1.7300000e+02		1.7400000e+02		1.7350000e+02		4.5120572e-01		0.0000000e+00		0.0000000e+00		0.0000000e+00		0.0000000e+00		0.0000000e+00
1.7400000e+02		1.7500000e+02		1.7450000e+02		5.3951828e-01		0.0000000e+00		0.0000000e+00		0.0000000e+00		0.0000000e+00		0.0000000e+00
1.7500000e+02		1.7600000e+02		1.7550000e+02		6.4389120e-01		0.0000000e+00		0.0000000e+00		0.0000000e+00		0.0000000e+00		0.0000000e+00
1.7600000e+02		1.7700000e+02		1.7650000e+02		6.9472845e-01		0.0000000e+00		0.0000000e+00		0.0000000e+00		0.0000000e+00		0.0000000e+00
1.7700000e+02		1.7800000e+02		1.7750000e+02		8.1849614e-01		0.0000000e+00		0.0000000e+00		0.0000000e+00		0.0000000e+00		0.0000000e+00
1.7800000e+02		1.7900000e+02		1.7850000e+02		8.9455089e-01		0.0000000e+00		0.0000000e+00		0.0000000e+00		0.0000000e+00		0.0000000e+00
1.7900000e+02		1.8000000e+02		1.7950000e+02		8.6966614e-01		0.0000000e+00		0.0000000e+00		0.0000000e+00		0.0000000e+00		0.0000000e+00
1.8000000e+02		1.8100000e+02		1.8050000e+02		1.0753674e+00		0.0000000e+00		0.0000000e+00		0.0000000e+00		0.0000000e+00		0.0000000e+00
1.8100000e+02		1.8200000e+02		1.8150000e+02		1.3093431e+00		0.0000000e+00		0.0000000e+00		0.0000000e+00		0.0000000e+00		0.0000000e+00
1.8200000e+02		1.8300000e+02		1.8250000e+02		1.2087370e+00		0.0000000e+00		0.0000000e+00		0.0000000e+00		0.0000000e+00		0.0000000e+00
1.8300000e+02		1.8400000e+02		1.8350000e+02		1.2728289e+00		0.0000000e+00		0.0000000e+00		0.0000000e+00		0.0000000e+00		0.0000000e+00
1.8400000e+02		1.8500000e+02		1.8450000e+02		1.0940339e+00		0.0000000e+00		0.0000000e+00		0.0000000e+00		0.0000000e+00		0.0000000e+00
1.8500000e+02		1.8600000e+02		1.8550000e+02		1.2372281e+00		0.0000000e+00		0.0000000e+00		0.0000000e+00		0.0000000e+00		0.0000000e+00
1.8600000e+02		1.8700000e+02		1.8650000e+02		1.4037992e+00		0.0000000e+00		0.0000000e+00		0.0000000e+00		0.0000000e+00		0.0000000e+00
1.8700000e+02		1.8800000e+02		1.8750000e+02		1.5907538e+00		0.0000000e+00		0.0000000e+00		0.0000000e+00		0.0000000e+00		0.0000000e+00
1.8800000e+02		1.8900000e+02		1.8850000e+02		1.6735993e+00		0.0000000e+00		0.0000000e+00		0.0000000e+00		0.0000000e+00		0.0000000e+00
1.8900000e+02		1.9000000e+02		1.8950000e+02		1.8559600e+00		1.2643140e-320		0.0000000e+00		1.2796300e-320		3.6066792e-322		1.2435632e-320
1.9000000e+02		1.9100000e+02		1.9050000e+02		1.9109940e+00		5.2766184e-200		0.0000000e+00		5.3767688e-200		2.3695830e-201		5.1398105e-200
1.9100000e+02		1.9200000e+02		1.9150000e+02		2.0707336e+00		1.5442583e-151		0.0000000e+00		1.5842724e-151		9.4674227e-153		1.4895981e-151
1.9200000e+02		1.9300000e+02		1.9250000e+02		2.1685186e+00		4.3004836e-117		0.0000000e+00		4.4463166e-117		3.4504452e-118		4.1012720e-117
1.9300000e+02		1.9400000e+02		1.9350000e+02		1.6554009e+00		6.2306438e-82		3.6706764e-78		6.5292690e-82		7.0655480e-83		5.8227142e-82
1.9400000e+02		1.9500000e+02		1.9450000e+02		2.6556632e+00		2.8649555e-64		2.7807646e-61		3.0376153e-64		4.0851736e-65		2.6290979e-64
1.9500000e+02		1.9600000e+02		1.9550000e+02		2.5630279e+00		1.9125062e-43		2.5682054e-41		2.0779348e-43		3.9140824e-44		1.6865265e-43
1.9600000e+02		1.9700000e+02		1.9650000e+02		2.8204934e+00		7.3152407e-35		4.2646017e-33		8.0881007e-35		1.8286063e-35		6.2594944e-35
1.9700000e+02		1.9800000e+02		1.9750000e+02		2.8068384e+00		4.8123397e-27		1.3565643e-25		5.4484134e-27		1.5049664e-27		3.9434470e-27
1.9800000e+02		1.9900000e+02		1.9850000e+02		2.7505577e+00		8.5080358e-19		8.8673006e-18		1.0307735e-18		4.2581341e-19		6.0496009e-19
1.9900000e+02		2.0000000e+02		1.9950000e+02		2.8965557e+00		1.9235729e-13		1.0313820e-12		2.6261724e-13		1.6623682e-13		9.6380419e-14
2.0000000e+02		2.0100000e+02		2.0050000e+02		3.0623388e+00		1.4144470e-10		6.5158718e-10		2.0847768e-10		1.5860174e-10		4.9875940e-11
2.0100000e+02		2.0200000e+02		2.0150000e+02		3.2593670e+00		4.7531911e-07		1.8943933e-06		7.9080926e-07		7.4645771e-07		4.4351544e-08
2.0200000e+02		2.0300000e+02		2.0250000e+02		3.2217937e+00		1.3081950e-06		5.0611391e-06		2.1928361e-06		2.0930833e-06		9.9752794e-08
2.0300000e+02		2.0400000e+02		2.0350000e+02		3.4484145e+00		5.7065348e-06		2.1206967e-05		9.6594003e-06		9.3525801e-06		3.0682022e-07
2.0400000e+02		2.0500000e+02		2.0450000e+02		3.7117169e+00		1.0503111e-05		3.8337960e-05		1.7812696e-05		1.7294664e-05		5.1803172e-07
2.0500000e+02		2.0600000e+02		2.0550000e+02		3.7200399e+00		1.1484885e-05		4.1672926e-05		1.9448923e-05		1.8843116e-05		6.0580677e-07
2.0600000e+02		2.0700000e+02		2.0650000e+02		3.7247532e+00		1.3004149e-05		4.6846253e-05		2.1993330e-05		2.1268628e-05		7.2470104e-07
2.0700000e+02		2.0800000e+02		2.0750000e+02		4.0454145e+00		1.5831279e-05		5.6643993e-05		2.6739880e-05		2.5810025e-05		9.2985421e-07
2.0800000e+02		2.0900000e+02		2.0850000e+02		4.3759554e+00		1.8859437e-05		6.7054125e-05		3.1807609e-05		3.0635703e-05		1.1719053e-06
2.0900000e+02		2.1000000e+02		2.0950000e+02		5.6528678e+00		2.5423048e-05		9.0019556e-05		4.2809271e-05		4.1136246e-05		1.6730258e-06
2.1000000e+02		2.1100000e+02		2.1050000e+02		6.9678423e+00		3.5952930e-05		1.2633192e-04		6.0463266e-05		5.7992078e-05		2.4711881e-06
2.1100000e+02		2.1200000e+02		2.1150000e+02		7.9326445e+00		4.3956211e-05		1.5362603e-04		7.3801176e-05		7.0613945e-05		3.1872308e-06
2.1200000e+02		2.1300000e+02		2.1250000e+02		7.0734222e+00		4.3348571e-05		1.5052679e-04		7.2671310e-05		6.9378344e-05		3.2929660e-06
2.1300000e+02		2.1400000e+02		2.1350000e+02		7.2066449e+00		4.8419870e-05		1.6706276e-04		8.1032910e-05		7.7163282e-05		3.8696285e-06
2.1400000e+02		2.1500000e+02		2.1450000e+02		9.2279181e+00		6.8778093e-05		2.3577355e-04		1.1493619e-04		1.0921123e-04		5.7249610e-06
2.1500000e+02		2.1600000e+02		2.1550000e+02		7.9257408e+00		6.4660591e-05		2.2034258e-04		1.0789185e-04		1.0228626e-04		5.6055924e-06
2.1600000e+02		2.1700000e+02		2.1650000e+02		7.3353469e+00		6.6031492e-05		2.2356903e-04		1.1000339e-04		1.0403863e-04		5.9647615e-06
2.1700000e+02		2.1800000e+02		2.1750000e+02		7.5953881e+00		7.5438639e-05		2.5375488e-04		1.2546569e-04		1.1836527e-04		7.1004189e-06
2.1800000e+02		2.1900000e+02		2.1850000e+02		1.0217230e+01		1.1023066e-04		3.6854148e-04		1.8299529e-04		1.7216295e-04		1.0832336e-05
2.1900000e+02		2.2000000e+02		2.1950000e+02		1.0786519e+01		1.2110663e-04		4.0300073e-04		2.0060594e-04		1.8809739e-04		1.2508551e-05
2.2000000e+02		2.2100000e+02		2.2050000e+02		1.0851638e+01		1.3843904e-04		4.5727810e-04		2.2898483e-04		2.1423365e-04		1.4751184e-05
2.2100000e+02		2.2200000e+02		2.2150000e+02		8.6872371e+00		1.2938010e-04		4.2400196e-04		2.1379929e-04		1.9973793e-04		1.4061357e-05
2.2200000e+02		2.2300000e+02		2.2250000e+02		1.1691346e+01		1.7259205e-04		5.6430539e-04		2.8462757e-04		2.6507888e-04		1.9548692e-05
2.2300000e+02		2.2400000e+02		2.2350000e+02		1.5139682e+01		2.4192713e-04		7.8670106e-04		3.9834603e-04		3.7009110e-04		2.8254933e-05
2.2400000e+02		2.2500000e+02		2.2450000e+02		1.4154944e+01		2.4497067e-04		7.9215166e-04		4.0269148e-04		3.7317144e-04		2.9520033e-05
2.2500000e+02		2.2600000e+02		2.2550000e+02		1.2365614e+01		2.3091630e-04		7.4253080e-04		3.7891747e-04		3.5017453e-04		2.8742939e-05
2.2600000e+02		2.2700000e+02		2.2650000e+02		9.0577089e+00		1.8255767e-04		5.8361710e-04		2.9898884e-04		2.7547910e-04		2.3509736e-05
2.2700000e+02		2.2800000e+02		2.2750000e+02		8.8108381e+00		1.9117126e-04		6.0776465e-04		3.1252534e-04		2.8712684e-04		2.5398500e-05
2.2800000e+02		2.2900000e+02		2.2850000e+02		1.2275156e+01		3.2335197e-04		1.0183207e-03		5.2813329e-04		4.8451782e-04		4.3615473e-05
2.2900000e+02		2.3000000e+02		2.2950000e+02		1.1031259e+01		2.7265279e-04		8.5802977e-04		4.4415190e-04		4.0577127e-04		3.8380634e-05
2.3000000e+02		2.3100000e+02		2.3050000e+02		1.2510180e+01		3.3263873e-04		1.0411741e-03		5.4092321e-04		4.9280638e-04		4.8116834e-05
2.3100000e+02		2.3200000e+02		2.3150000e+02		1.1791833e+01		3.4129492e-04		1.0622197e-03		5.5412167e-04		5.0355349e-04		5.0568180e-05
2.3200000e+02		2.3300000e+02		2.3250000e+02		1.2664003e+01		3.8337397e-04		1.1881554e-03		6.2130881e-04		5.6295987e-04		5.8348942e-05
2.3300000e+02		2.3400000e+02		2.3350000e+02		1.1428554e+01		3.7213144e-04		1.1472280e-03		6.0207318e-04		5.4404800e-04		5.8025182e-05
2.3400000e+02		2.3500000e+02		2.3450000e+02		9.9864853e+00		3.4696881e-04		1.0643013e-03		5.6037857e-04		5.0493291e-04		5.5445657e-05
2.3500000e+02		2.3600000e+02		2.3550000e+02		1.3443360e+01		4.4039840e-04		1.3482103e-03		7.0874171e-04		6.3490709e-04		7.3834620e-05
2.3600000e+02		2.3700000e+02		2.3650000e+02		1.2448020e+01		4.8852151e-04		1.4841051e-03		7.8623669e-04		7.0440168e-04		8.1835008e-05
2.3700000e+02		2.3800000e+02		2.3750000e+02		1.3294723e+01		5.5109664e-04		1.6665407e-03		8.8536694e-04		7.9089201e-04		9.4474924e-05
2.3800000e+02		2.3900000e+02		2.3850000e+02		1.1021422e+01		4.8781513e-04		1.4680909e-03		7.8245045e-04		6.9711466e-04		8.5335791e-05
2.3900000e+02		2.4000000e+02		2.3950000e+02		1.2008577e+01		5.6622796e-04		1.6958829e-03		9.0669988e-04		8.0556522e-04		1.0113466e-04
2.4000000e+02		2.4100000e+02		2.4050000e+02		1.1032163e+01		5.5309793e-04		1.6488221e-03		8.8422216e-04		7.8344835e-04		1.0077381e-04
2.4100000e+02		2.4200000e+02		2.4150000e+02		1.2918879e+01		6.8750198e-04		2.0400556e-03		1.0972747e-03		9.6953260e-04		1.2774207e-04
2.4200000e+02		2.4300000e+02		2.4250000e+02		1.7782729e+01		9.9284074e-04		2.9337018e-03		1.5818424e-03		1.3935930e-03		1.8824944e-04
2.4300000e+02		2.4400000e+02		2.4350000e+02		1.6701989e+01		9.8268677e-04		2.8910986e-03		1.5630084e-03		1.3730558e-03		1.8995263e-04
2.4400000e+02		2.4500000e+02		2.4450000e+02		1.5641720e+01		9.7214338e-04		2.8473097e-03		1.5435858e-03		1.3520474e-03		1.9153847e-04
2.4500000e+02		2.4600000e+02		2.4550000e+02		1.2691134e+01		8.3114668e-04		2.4240641e-03		1.3175746e-03		1.1509008e-03		1.6667376e-04
2.4600000e+02		2.4700000e+02		2.4650000e+02		1.2350906e+01		8.6331350e-04		2.5068075e-03		1.3667551e-03		1.1911557e-03		1.7559946e-04
2.4700000e+02		2.4800000e+02		2.4750000e+02		1.3639226e+01		9.9889473e-04		2.8887994e-03		1.5787660e-03		1.3719901e-03		2.0677587e-04
2.4800000e+02		2.4900000e+02		2.4850000e+02		1.0938846e+01		8.3427208e-04		2.4030449e-03		1.3161348e-03		1.1400994e-03		1.7603539e-04
2.4900000e+02		2.5000000e+02		2.4950000e+02		1.3333262e+01		1.0629932e-03		3.0497617e-03		1.6741362e-03		1.4459799e-03		2.2815628e-04
2.5000000e+02		2.5100000e+02		2.5050000e+02		1.4401571e+01		1.2061968e-03		3.4481096e-03		1.8972693e-03		1.6350951e-03		2.6217425e-04
2.5100000e+02		2.5200000e+02		2.5150000e+02		1.2007424e+01		1.0501135e-03		2.9893957e-03		1.6486306e-03		1.4161066e-03		2.3252402e-04
2.5200000e+02		2.5300000e+02		2.5250000e+02		1.0794009e+01		9.9190540e-04		2.8118326e-03		1.5545786e-03		1.3312990e-03		2.2327957e-04
2.5300000e+02		2.5400000e+02		2.5350000e+02		1.3602371e+01		1.3228031e-03		3.7330578e-03		2.0696833e-03		1.7671376e-03		3.0254569e-04
2.5400000e+02		2.5500000e+02		2.5450000e+02		1.5384114e+01		1.5634604e-03		4.3988843e-03		2.4438065e-03		2.0829213e-03		3.6088520e-04
2.5500000e+02		2.5600000e+02		2.5550000e+02		2.0992062e+01		2.2389632e-03		6.2722492e-03		3.4931939e-03		2.9675418e-03		5.2565215e-04
2.5600000e+02		2.5700000e+02		2.5650000e+02		2.7040612e+01		3.0036128e-03		8.3844355e-03		4.6790760e-03		3.9641885e-03		7.1488751e-04
2.5700000e+02		2.5800000e+02		2.5750000e+02		3.3946512e+01		3.9506908e-03		1.0992113e-02		6.1477523e-03		5.1983035e-03		9.4944887e-04
2.5800000e+02		2.5900000e+02		2.5850000e+02		3.5732434e+01		4.3493254e-03		1.2059975e-02		6.7595481e-03		5.7026481e-03		1.0568999e-03
2.5900000e+02		2.6000000e+02		2.5950000e+02		3.0409976e+01		3.8124666e-03		1.0537442e-02		5.9155295e-03		4.9759001e-03		9.3962940e-04
2.6000000e+02		2.6100000e+02		2.6050000e+02		2.4915606e+01		3.3269906e-03		9.1573723e-03		5.1558387e-03		4.3271011e-03		8.2873764e-04
2.6100000e+02		2.6200000e+02		2.6150000e+02		2.5442742e+01		4.5371003e-03		1.2388360e-02		7.0559770e-03		5.9597262e-03		1.0962508e-03
2.6200000e+02		2.6300000e+02		2.6250000e+02		3.0366547e+01		5.0770115e-03		1.3844839e-02		7.8693137e-03		6.6066579e-03		1.2626558e-03
2.6300000e+02		2.6400000e+02		2.6350000e+02		4.5700096e+01		7.1177911e-03		1.9387134e-02		1.0994131e-02		9.1715176e-03		1.8226129e-03
2.6400000e+02		2.6500000e+02		2.6450000e+02		7.1249372e+01		1.4911102e-02		4.0284796e-02		2.3115583e-02		1.9412011e-02		3.7035721e-03
2.6500000e+02		2.6600000e+02		2.6550000e+02		7.4731454e+01		1.2749683e-02		3.4498733e-02		1.9647914e-02		1.6321389e-02		3.3265246e-03
2.6600000e+02		2.6700000e+02		2.6650000e+02		7.2446611e+01		1.2372228e-02		3.3399217e-02		1.9029474e-02		1.5751213e-02		3.2782609e-03
2.6700000e+02		2.6800000e+02		2.6750000e+02		7.2937204e+01		1.4042093e-02		3.7747761e-02		2.1612864e-02		1.7912636e-02		3.7002276e-03
2.6800000e+02		2.6900000e+02		2.6850000e+02		7.2239021e+01		1.4070438e-02		3.7732551e-02		2.1621296e-02		1.7865522e-02		3.7557741e-03
2.6900000e+02		2.7000000e+02		2.6950000e+02		6.7758000e+01		1.2769916e-02		3.4221972e-02		1.9588638e-02		1.6133270e-02		3.4553687e-03
2.7000000e+02		2.7100000e+02		2.7050000e+02		7.8281462e+01		1.3686296e-02		3.6632732e-02		2.0917010e-02		1.7108055e-02		3.8089557e-03
2.7100000e+02		2.7200000e+02		2.7150000e+02		6.5051220e+01		1.3212244e-02		3.5194246e-02		2.0218085e-02		1.6575997e-02		3.6420879e-03
2.7200000e+02		2.7300000e+02		2.7250000e+02		5.2331568e+01		1.1023792e-02		2.9262190e-02		1.6841137e-02		1.3763986e-02		3.0771507e-03
2.7300000e+02		2.7400000e+02		2.7350000e+02		5.5800645e+01		1.2119873e-02		3.2087442e-02		1.8494711e-02		1.5083030e-02		3.4116814e-03
2.7400000e+02		2.7500000e+02		2.7450000e+02		3.8398649e+01		9.1910048e-03		2.4236095e-02		1.4026418e-02		1.1440709e-02		2.5857081e-03
2.7500000e+02		2.7600000e+02		2.7550000e+02		5.1208696e+01		1.2722483e-02		3.3455082e-02		1.9395809e-02		1.5789258e-02		3.6065509e-03
2.7600000e+02		2.7700000e+02		2.7650000e+02		7.1318275e+01		1.5663138e-02		4.1195795e-02		2.3777949e-02		1.9199848e-02		4.5781005e-03
2.7700000e+02		2.7800000e+02		2.7750000e+02		6.8188493e+01		1.9367166e-02		5.0604679e-02		2.9507009e-02		2.3991127e-02		5.5158826e-03
2.7800000e+02		2.7900000e+02		2.7850000e+02		4.7024496e+01		1.2287409e-02		3.2099001e-02		1.8661265e-02		1.5080705e-02		3.5805598e-03
2.7900000e+02		2.8000000e+02		2.7950000e+02		2.6422560e+01		7.0114356e-03		1.8280981e-02		1.0636707e-02		8.5774846e-03		2.0592225e-03
2.8000000e+02		2.8100000e+02		2.8050000e+02		2.8982131e+01		7.9402226e-03		2.0654851e-02		1.2035653e-02		9.6898934e-03		2.3457600e-03
2.8100000e+02		2.8200000e+02		2.8150000e+02		6.0033324e+01		1.6510948e-02		4.2878701e-02		2.4994878e-02		2.0073194e-02		4.9216841e-03
2.8200000e+02		2.8300000e+02		2.8250000e+02		8.1733762e+01		2.2200914e-02		5.7563240e-02		3.3547648e-02		2.6846661e-02		6.7009872e-03
2.8300000e+02		2.8400000e+02		2.8350000e+02		8.4433091e+01		2.5094933e-02		6.4828080e-02		3.7924131e-02		3.0354208e-02		7.5699226e-03
2.8400000e+02		2.8500000e+02		2.8450000e+02		6.2255376e+01		1.8842130e-02		4.8582064e-02		2.8446428e-02		2.2724012e-02		5.7224158e-03
2.8500000e+02		2.8600000e+02		2.8550000e+02		4.0018063e+01		1.2700310e-02		3.2671105e-02		1.9168652e-02		1.5304261e-02		3.8643911e-03
2.8600000e+02		2.8700000e+02		2.8650000e+02		8.2001717e+01		2.4857610e-02		6.3918935e-02		3.7442007e-02		2.9775003e-02		7.6670039e-03
2.8700000e+02		2.8800000e+02		2.8750000e+02		9.5189148e+01		3.2197898e-02		8.2454199e-02		4.8519125e-02		3.8616437e-02		9.9026874e-03
2.8800000e+02		2.8900000e+02		2.8850000e+02		9.0460934e+01		3.1137363e-02		7.9627574e-02		4.6893290e-02		3.7278922e-02		9.6143681e-03
2.8900000e+02		2.9000000e+02		2.8950000e+02		1.3728321e+02		4.8365458e-02		1.2346469e-01		7.2787440e-02		5.7783029e-02		1.5004411e-02
2.9000000e+02		2.9100000e+02		2.9050000e+02		1.8023325e+02		6.3963942e-02		1.6299864e-01		9.6143011e-02		7.6136496e-02		2.0006515e-02
2.9100000e+02		2.9200000e+02		2.9150000e+02		1.7359450e+02		6.9765557e-02		1.7682650e-01		1.0484662e-01		8.3002696e-02		2.1843928e-02
2.9200000e+02		2.9300000e+02		2.9250000e+02		1.5421676e+02		5.8067883e-02		1.4739199e-01		8.7169749e-02		6.8855755e-02		1.8313994e-02
2.9300000e+02		2.9400000e+02		2.9350000e+02		1.6099986e+02		6.2508169e-02		1.5833121e-01		9.3769729e-02		7.3965643e-02		1.9804085e-02
2.9400000e+02		2.9500000e+02		2.9450000e+02		1.4991794e+02		5.9661578e-02		1.5084834e-01		8.9438994e-02		7.0454124e-02		1.8984870e-02
2.9500000e+02		2.9600000e+02		2.9550000e+02		1.6232431e+02		6.5492895e-02		1.6536744e-01		9.8112830e-02		7.7179595e-02		2.0933235e-02
2.9600000e+02		2.9700000e+02		2.9650000e+02		1.4851381e+02		6.2899829e-02		1.5843627e-01		9.4196372e-02		7.4048417e-02		2.0147955e-02
2.9700000e+02		2.9800000e+02		2.9750000e+02		1.5140866e+02		6.6180452e-02		1.6640814e-01		9.9070545e-02		7.7818796e-02		2.1251750e-02
2.9800000e+02		2.9900000e+02		2.9850000e+02		1.3012850e+02		5.8463982e-02		1.4675442e-01		8.7475889e-02		6.8642907e-02		1.8832981e-02
2.9900000e+02		3.0000000e+02		2.9950000e+02		1.4682541e+02		6.7050806e-02		1.6812594e-01		1.0028645e-01		7.8636380e-02		2.1650071e-02
3.0000000e+02		3.0100000e+02		3.0050000e+02		1.1681452e+02		5.5514380e-02		1.3884640e-01		8.2969977e-02		6.4960640e-02		1.8009337e-02
3.0100000e+02		3.0200000e+02		3.0150000e+02		1.3434477e+02		5.9421317e-02		1.4873065e-01		8.8635055e-02		6.9120445e-02		1.9514609e-02
3.0200000e+02		3.0300000e+02		3.0250000e+02		1.4142283e+02		5.8924908e-02		1.4770741e-01		8.7812305e-02		6.8348316e-02		1.9463989e-02
3.0300000e+02		3.0400000e+02		3.0350000e+02		1.8342160e+02		7.6241032e-02		1.9021587e-01		1.1316043e-01		8.7352231e-02		2.5808199e-02
3.0400000e+02		3.0500000e+02		3.0450000e+02		1.7556728e+02		7.4998223e-02		1.8667677e-01		1.1120157e-01		8.5658049e-02		2.5543526e-02
3.0500000e+02		3.0600000e+02		3.0550000e+02		1.7728071e+02		7.6187454e-02		1.8949379e-01		1.1291271e-01		8.6892895e-02		2.6019818e-02
3.0600000e+02		3.0700000e+02		3.0650000e+02		1.6814926e+02		7.3853255e-02		1.8347887e-01		1.0942861e-01		8.4172201e-02		2.5256412e-02
3.0700000e+02		3.0800000e+02		3.0750000e+02		1.8878816e+02		8.5506047e-02		2.1230036e-01		1.2676388e-01		9.7617086e-02		2.9146796e-02
3.0800000e+02		3.0900000e+02		3.0850000e+02		1.8529086e+02		9.8851757e-02		2.4449672e-01		1.4692567e-01		1.1374411e-01		3.3181567e-02
3.0900000e+02		3.1000000e+02		3.0950000e+02		1.5026991e+02		8.3502451e-02		2.0614263e-01		1.2409010e-01		9.6031401e-02		2.8058696e-02
3.1000000e+02		3.1100000e+02		3.1050000e+02		1.8913229e+02		1.0930330e-01		2.6939561e-01		1.6242921e-01		1.2569724e-01		3.6731962e-02
3.1100000e+02		3.1200000e+02		3.1150000e+02		2.2495083e+02		1.3461223e-01		3.3145536e-01		2.0011778e-01		1.5498781e-01		4.5129969e-02
3.1200000e+02		3.1300000e+02		3.1250000e+02		2.0030306e+02		1.2187294e-01		2.9978994e-01		1.8112939e-01		1.4020228e-01		4.0927110e-02
3.1300000e+02		3.1400000e+02		3.1350000e+02		2.1331645e+02		1.3275354e-01		3.2620588e-01		1.9727324e-01		1.5265524e-01		4.4618001e-02
3.1400000e+02		3.1500000e+02		3.1450000e+02		2.0119548e+02		1.2840091e-01		3.1509363e-01		1.9075735e-01		1.4753692e-01		4.3220429e-02
3.1500000e+02		3.1600000e+02		3.1550000e+02		1.9522773e+02		1.2860685e-01		3.1502835e-01		1.9098202e-01		1.4758122e-01		4.3400793e-02
3.1600000e+02		3.1700000e+02		3.1650000e+02		1.9043254e+02		1.2677793e-01		3.1022456e-01		1.8816565e-01		1.4524491e-01		4.2920740e-02
3.1700000e+02		3.1800000e+02		3.1750000e+02		2.4155434e+02		1.6779185e-01		4.0978273e-01		2.4899568e-01		1.9213034e-01		5.6865347e-02
3.1800000e+02		3.1900000e+02		3.1850000e+02		1.9952276e+02		1.3888957e-01		3.3908278e-01		2.0605714e-01		1.5892017e-01		4.7136971e-02
3.1900000e+02		3.2000000e+02		3.1950000e+02		2.1430874e+02		1.5109872e-01		3.6871308e-01		2.2417440e-01		1.7289892e-01		5.1275479e-02
3.2000000e+02		3.2100000e+02		3.2050000e+02		2.4621307e+02		1.8987100e-01		4.6262184e-01		2.8222644e-01		2.1851531e-01		6.3711129e-02
3.2100000e+02		3.2200000e+02		3.2150000e+02		2.0677326e+02		1.4733524e-01		3.5916398e-01		2.1847203e-01		1.6831144e-01		5.0160589e-02
3.2200000e+02		3.2300000e+02		3.2250000e+02		2.0765168e+02		1.4864433e-01		3.6244800e-01		2.2048891e-01		1.6998610e-01		5.0502809e-02
3.2300000e+02		3.2400000e+02		3.2350000e+02		2.0066974e+02		1.5277500e-01		3.7162450e-01		2.2664775e-01		1.7478480e-01		5.1862952e-02
3.2400000e+02		3.2500000e+02		3.2450000e+02		2.3629853e+02		1.7990331e-01		4.3788955e-01		2.6702481e-01		2.0613167e-01		6.0893137e-02
3.2500000e+02		3.2600000e+02		3.2550000e+02		2.7209498e+02		2.0931467e-01		5.0889919e-01		3.1048893e-01		2.3938087e-01		7.1108057e-02
3.2600000e+02		3.2700000e+02		3.2650000e+02		3.0699214e+02		2.4901715e-01		6.0508343e-01		3.6988611e-01		2.8597904e-01		8.3907074e-02
3.2700000e+02		3.2800000e+02		3.2750000e+02		2.9701525e+02		2.4492372e-01		5.9486815e-01		3.6387291e-01		2.8143679e-01		8.2436118e-02
3.2800000e+02		3.2900000e+02		3.2850000e+02		2.8673370e+02		2.4687339e-01		5.9772120e-01		3.6635410e-01		2.8269440e-01		8.3659703e-02
3.2900000e+02		3.3000000e+02		3.2950000e+02		3.3379807e+02		2.8956364e-01		7.0148986e-01		4.3001966e-01		3.3232251e-01		9.7697151e-02
3.3000000e+02		3.3100000e+02		3.3050000e+02		3.1443449e+02		2.8628068e-01		6.9249166e-01		4.2532158e-01		3.2897429e-01		9.6347291e-02
3.3100000e+02		3.3200000e+02		3.3150000e+02		3.0087994e+02		2.9920135e-01		7.2019806e-01		4.4406022e-01		3.4273976e-01		1.0132046e-01
3.3200000e+02		3.3300000e+02		3.3250000e+02		2.9519831e+02		3.0493031e-01		7.3300534e-01		4.5265331e-01		3.4951638e-01		1.0313693e-01
3.3300000e+02		3.3400000e+02		3.3350000e+02		2.8364288e+02		2.9418880e-01		7.0829010e-01		4.3733291e-01		3.3868260e-01		9.8650313e-02
3.3400000e+02		3.3500000e+02		3.3450000e+02		2.9883003e+02		3.1861958e-01		7.6657979e-01		4.7382989e-01		3.6723153e-01		1.0659836e-01
3.3500000e+02		3.3600000e+02		3.3550000e+02		2.9511053e+02		3.2320800e-01		7.7634960e-01		4.8044191e-01		3.7201942e-01		1.0842249e-01
3.3600000e+02		3.3700000e+02		3.3650000e+02		2.4313126e+02		2.7291978e-01		6.5442250e-01		4.0544630e-01		3.1356112e-01		9.1885187e-02
3.3700000e+02		3.3800000e+02		3.3750000e+02		2.5649874e+02		2.9064258e-01		6.9758405e-01		4.3225523e-01		3.3505914e-01		9.7196090e-02
3.3800000e+02		3.3900000e+02		3.3850000e+02		2.7748673e+02		3.2121175e-01		7.7010177e-01		4.7762571e-01		3.7007942e-01		1.0754630e-01
3.3900000e+02		3.4000000e+02		3.3950000e+02		2.9040264e+02		3.3472867e-01		8.0322136e-01		4.9800851e-01		3.8632425e-01		1.1168426e-01
3.4000000e+02		3.4100000e+02		3.4050000e+02		3.0654056e+02		3.6116191e-01		8.6657319e-01		5.3769901e-01		4.1769129e-01		1.2000773e-01
3.4100000e+02		3.4200000e+02		3.4150000e+02		2.7979685e+02		3.3099773e-01		7.9447226e-01		4.9299372e-01		3.8328662e-01		1.0970710e-01
3.4200000e+02		3.4300000e+02		3.4250000e+02		3.0344565e+02		3.6431299e-01		8.7448370e-01		5.4291188e-01		4.2256952e-01		1.2034236e-01
3.4300000e+02		3.4400000e+02		3.4350000e+02		2.9822260e+02		3.5132563e-01		8.4484821e-01		5.2399586e-01		4.0854217e-01		1.1545370e-01
3.4400000e+02		3.4500000e+02		3.4450000e+02		2.3986676e+02		2.9708221e-01		7.1345523e-01		4.4337253e-01		3.4612662e-01		9.7245914e-02
3.4500000e+02		3.4600000e+02		3.4550000e+02		2.8907088e+02		3.7237872e-01		8.9368276e-01		5.5619232e-01		4.3490766e-01		1.2128467e-01
3.4600000e+02		3.4700000e+02		3.4650000e+02		2.8069735e+02		3.8865535e-01		9.3124563e-01		5.8119047e-01		4.5554300e-01		1.2564748e-01
3.4700000e+02		3.4800000e+02		3.4750000e+02		2.7782009e+02		4.3243985e-01		1.0333190e+00		6.4784089e-01		5.0964433e-01		1.3819656e-01
3.4800000e+02		3.4900000e+02		3.4850000e+02		2.8744416e+02		5.0458458e-01		1.2013890e+00		7.5684468e-01		5.9685382e-01		1.5999086e-01
3.4900000e+02		3.5000000e+02		3.4950000e+02		2.7550877e+02		3.8258852e-01		9.1684131e-01		5.7222431e-01		4.4868309e-01		1.2354122e-01
3.5000000e+02		3.5100000e+02		3.5050000e+02		3.3002358e+02		4.8621074e-01		1.1627781e+00		7.2745315e-01		5.7078568e-01		1.5666748e-01
3.5100000e+02		3.5200000e+02		3.5150000e+02		3.0660572e+02		4.6087153e-01		1.1013710e+00		6.8959252e-01		5.4115969e-01		1.4843283e-01
3.5200000e+02		3.5300000e+02		3.5250000e+02		2.8324198e+02		4.2998161e-01		1.0277973e+00		6.4371394e-01		5.0569613e-01		1.3801782e-01
3.5300000e+02		3.5400000e+02		3.5350000e+02		3.2405327e+02		5.1659050e-01		1.2349191e+00		7.7475342e-01		6.1082003e-01		1.6393339e-01
3.5400000e+02		3.5500000e+02		3.5450000e+02		3.4586270e+02		7.3870048e-01		1.7574752e+00		1.1148665e+00		8.9001839e-01		2.2484813e-01
3.5500000e+02		3.5600000e+02		3.5550000e+02		3.2478382e+02		6.9442244e-01		1.6531501e+00		1.0486010e+00		8.3799548e-01		2.1060552e-01
3.5600000e+02		3.5700000e+02		3.5650000e+02		2.8234357e+02		6.0917095e-01		1.4498461e+00		9.1995410e-01		7.3532085e-01		1.8463326e-01
3.5700000e+02		3.5800000e+02		3.5750000e+02		2.4674321e+02		5.3433040e-01		1.2716123e+00		8.0696403e-01		6.4505809e-01		1.6190594e-01
3.5800000e+02		3.5900000e+02		3.5850000e+02		2.1181106e+02		4.3982447e-01		1.0470862e+00		6.6344656e-01		5.2909555e-01		1.3435101e-01
3.5900000e+02		3.6000000e+02		3.5950000e+02		3.0582840e+02		5.3633125e-01		1.2817310e+00		8.0678036e-01		6.3988948e-01		1.6689089e-01
3.6000000e+02		3.6100000e+02		3.6050000e+02		3.0178862e+02		5.2170693e-01		1.2480335e+00		7.8503625e-01		6.2304384e-01		1.6199240e-01
3.6100000e+02		3.6200000e+02		3.6150000e+02		2.8033735e+02		5.0187745e-01		1.1997673e+00		7.5567860e-01		6.0049996e-01		1.5517864e-01
3.6200000e+02		3.6300000e+02		3.6250000e+02		3.1645921e+02		5.6960563e-01		1.3616090e+00		8.5776412e-01		6.8179031e-01		1.7597382e-01
3.6300000e+02		3.6400000e+02		3.6350000e+02		3.0810145e+02		5.7341380e-01		1.3698641e+00		8.6405624e-01		6.8766741e-01		1.7638884e-01
3.6400000e+02		3.6500000e+02		3.6450000e+02		3.2221950e+02		6.1129190e-01		1.4609539e+00		9.2205610e-01		7.3527600e-01		1.8678010e-01
3.6500000e+02		3.6600000e+02		3.6550000e+02		3.6674574e+02		7.1540053e-01		1.7094852e+00		1.0799818e+00		8.6260865e-01		2.1737319e-01
3.6600000e+02		3.6700000e+02		3.6650000e+02		3.9198946e+02		7.4920656e-01		1.7936430e+00		1.1320012e+00		9.0570175e-01		2.2629941e-01
3.6700000e+02		3.6800000e+02		3.6750000e+02		3.7850004e+02		7.7404570e-01		1.8497636e+00		1.1704925e+00		9.3800324e-01		2.3248928e-01
3.6800000e+02		3.6900000e+02		3.6850000e+02		3.4895620e+02		7.3408191e-01		1.7531512e+00		1.1105612e+00		8.9075953e-01		2.1980165e-01
3.6900000e+02		3.7000000e+02		3.6950000e+02		3.8736224e+02		8.3474193e-01		1.9932804e+00		1.2637509e+00		1.0150461e+00		2.4870478e-01
3.7000000e+02		3.7100000e+02		3.7050000e+02		3.6351013e+02		8.0593656e-01		1.9226228e+00		1.2203535e+00		9.8052093e-01		2.3983254e-01
3.7100000e+02		3.7200000e+02		3.7150000e+02		3.7529261e+02		8.5905906e-01		2.0477951e+00		1.3014162e+00		1.0466283e+00		2.5478796e-01
3.7200000e+02		3.7300000e+02		3.7250000e+02		3.1177186e+02		7.1413910e-01		1.7018242e+00		1.0816120e+00		8.6945017e-01		2.1216181e-01
3.7300000e+02		3.7400000e+02		3.7350000e+02		2.7192112e+02		6.3796863e-01		1.5212565e+00		9.6754729e-01		7.7979147e-01		1.8775582e-01
3.7400000e+02		3.7500000e+02		3.7450000e+02		2.7832167e+02		6.4816020e-01		1.5480742e+00		9.8406311e-01		7.9475483e-01		1.8930829e-01
3.7500000e+02		3.7600000e+02		3.7550000e+02		3.1876744e+02		7.7666234e-01		1.8499655e+00		1.1783580e+00		9.5042213e-01		2.2793586e-01
3.7600000e+02		3.7700000e+02		3.7650000e+02		3.3048657e+02		8.3071031e-01		1.9770784e+00		1.2608511e+00		1.0177241e+00		2.4312705e-01
3.7700000e+02		3.7800000e+02		3.7750000e+02		3.8770864e+02		9.9680002e-01		2.3731808e+00		1.5145442e+00		1.2249958e+00		2.8954834e-01
3.7800000e+02		3.7900000e+02		3.7850000e+02		4.0380398e+02		1.0320589e+00		2.4581590e+00		1.5683331e+00		1.2688384e+00		2.9949475e-01
3.7900000e+02		3.8000000e+02		3.7950000e+02		3.2744385e+02		8.4684477e-01		2.0177437e+00		1.2877807e+00		1.0432655e+00		2.4451516e-01
3.8000000e+02		3.8100000e+02		3.8050000e+02		3.5656330e+02		9.2324878e-01		2.2041684e+00		1.4063254e+00		1.1429715e+00		2.6335389e-01
3.8100000e+02		3.8200000e+02		3.8150000e+02		3.2019140e+02		8.4750501e-01		2.0229389e+00		1.2917180e+00		1.0510193e+00		2.4069871e-01
3.8200000e+02		3.8300000e+02		3.8250000e+02		2.2964197e+02		6.2472199e-01		1.4909809e+00		9.5295932e-01		7.7661787e-01		1.7634145e-01
3.8300000e+02		3.8400000e+02		3.8350000e+02		2.0267593e+02		5.5846024e-01		1.3335506e+00		8.5263197e-01		6.9601778e-01		1.5661419e-01
3.8400000e+02		3.8500000e+02		3.8450000e+02		2.7111947e+02		7.7213551e-01		1.8436822e+00		1.1801483e+00		9.6536868e-01		2.1477964e-01
3.8500000e+02		3.8600000e+02		3.8550000e+02		2.8715912e+02		8.3282095e-01		1.9884205e+00		1.2736075e+00		1.0429121e+00		2.3069535e-01
3.8600000e+02		3.8700000e+02		3.8650000e+02		2.8837692e+02		8.5515390e-01		2.0410360e+00		1.3083841e+00		1.0723541e+00		2.3602998e-01
3.8700000e+02		3.8800000e+02		3.8750000e+02		2.8805300e+02		8.7338159e-01		2.0842278e+00		1.3371253e+00		1.0972294e+00		2.3989587e-01
3.8800000e+02		3.8900000e+02		3.8850000e+02		2.9209390e+02		9.1747681e-01		2.1888331e+00		1.4060111e+00		1.1558844e+00		2.5012662e-01
3.8900000e+02		3.9000000e+02		3.8950000e+02		3.5069332e+02		1.1028505e+00		2.6330914e+00		1.6912121e+00		1.3920785e+00		2.9913357e-01
3.9000000e+02		3.9100000e+02		3.9050000e+02		3.6838836e+02		1.1836927e+00		2.8243862e+00		1.8156121e+00		1.4951374e+00		3.2047473e-01
3.9100000e+02		3.9200000e+02		3.9150000e+02		3.9613874e+02		1.2989581e+00		3.0993777e+00		1.9937751e+00		1.6439546e+00		3.4982046e-01
3.9200000e+02		3.9300000e+02		3.9250000e+02		3.0403432e+02		1.0110187e+00		2.4130292e+00		1.5529209e+00		1.2821543e+00		2.7076654e-01
3.9300000e+02		3.9400000e+02		3.9350000e+02		1.8639471e+02		6.2964995e-01		1.5032123e+00		9.6787353e-01		8.0024558e-01		1.6762795e-01
3.9400000e+02		3.9500000e+02		3.9450000e+02		3.0813115e+02		1.0599495e+00		2.5309403e+00		1.6305539e+00		1.3500646e+00		2.8048933e-01
3.9500000e+02		3.9600000e+02		3.9550000e+02		3.7840801e+02		1.3231979e+00		3.1599946e+00		2.0369017e+00		1.6886413e+00		3.4826042e-01
3.9600000e+02		3.9700000e+02		3.9650000e+02		2.6140326e+02		9.3208269e-01		2.2258666e+00		1.4357316e+00		1.1916461e+00		2.4408551e-01
3.9700000e+02		3.9800000e+02		3.9750000e+02		2.9300657e+02		1.0612946e+00		2.5352586e+00		1.6360714e+00		1.3599365e+00		2.7613488e-01
3.9800000e+02		3.9900000e+02		3.9850000e+02		4.5124719e+02		1.6574264e+00		3.9610777e+00		2.5571926e+00		2.1288698e+00		4.2832278e-01
3.9900000e+02		4.0000000e+02		3.9950000e+02		4.9846141e+02		1.8677795e+00		4.4630650e+00		2.8833060e+00		2.4027613e+00		4.8054464e-01
4.0000000e+02		4.0100000e+02		4.0050000e+02		5.1407199e+02		1.9491426e+00		4.6599392e+00		3.0114124e+00		2.5133575e+00		4.9805497e-01
4.0100000e+02		4.0200000e+02		4.0150000e+02		5.3860814e+02		2.0749324e+00		4.9625300e+00		3.2084693e+00		2.6819769e+00		5.2649233e-01
4.0200000e+02		4.0300000e+02		4.0250000e+02		5.4526519e+02		2.1547934e+00		5.1573529e+00		3.3368549e+00		2.7967875e+00		5.4006741e-01
4.0300000e+02		4.0400000e+02		4.0350000e+02		5.2165796e+02		2.1004295e+00		5.0238387e+00		3.2529380e+00		2.7268644e+00		5.2607358e-01
4.0400000e+02		4.0500000e+02		4.0450000e+02		5.1300620e+02		2.1122220e+00		5.0520695e+00		3.2737003e+00		2.7480871e+00		5.2561321e-01
4.0500000e+02		4.0600000e+02		4.0550000e+02		5.1256585e+02		2.1498018e+00		5.1433951e+00		3.3347895e+00		2.8037109e+00		5.3107857e-01
4.0600000e+02		4.0700000e+02		4.0650000e+02		4.9035274e+02		2.0829230e+00		4.9866831e+00		3.2341589e+00		2.7238535e+00		5.1030540e-01
4.0700000e+02		4.0800000e+02		4.0750000e+02		4.9838294e+02		2.1611718e+00		5.1744470e+00		3.3582224e+00		2.8322521e+00		5.2597034e-01
4.0800000e+02		4.0900000e+02		4.0850000e+02		5.2990289e+02		2.3619804e+00		5.6544508e+00		3.6732626e+00		3.1025270e+00		5.7073563e-01
4.0900000e+02		4.1000000e+02		4.0950000e+02		5.2713439e+02		2.3777179e+00		5.6938682e+00		3.7001398e+00		3.1288838e+00		5.7125598e-01
4.1000000e+02		4.1100000e+02		4.1050000e+02		4.8293937e+02		2.2174148e+00		5.3099340e+00		3.4527139e+00		2.9227492e+00		5.2996472e-01
4.1100000e+02		4.1200000e+02		4.1150000e+02		5.5986852e+02		2.6221271e+00		6.2793451e+00		4.0857597e+00		3.4629919e+00		6.2276777e-01
4.1200000e+02		4.1300000e+02		4.1250000e+02		5.4940473e+02		2.6301285e+00		6.2982865e+00		4.1011367e+00		3.4804427e+00		6.2069398e-01
4.1300000e+02		4.1400000e+02		4.1350000e+02		5.2995399e+02		2.5476227e+00		6.1080550e+00		3.9769664e+00		3.3818634e+00		5.9510301e-01
4.1400000e+02		4.1500000e+02		4.1450000e+02		5.3771640e+02		2.7091413e+00		6.4879190e+00		4.2318327e+00		3.6027266e+00		6.2910611e-01
4.1500000e+02		4.1600000e+02		4.1550000e+02		5.3722776e+02		2.8021780e+00		6.7024717e+00		4.3779414e+00		3.7282962e+00		6.4964520e-01
4.1600000e+02		4.1700000e+02		4.1650000e+02		5.5745703e+02		2.9865581e+00		7.1446570e+00		4.6708185e+00		3.9850028e+00		6.8581564e-01
4.1700000e+02		4.1800000e+02		4.1750000e+02		5.0725322e+02		2.7961689e+00		6.6890308e+00		4.3771517e+00		3.7406454e+00		6.3650630e-01
4.1800000e+02		4.1900000e+02		4.1850000e+02		5.2601513e+02		2.9570155e+00		7.0761528e+00		4.6332020e+00		3.9658997e+00		6.6730223e-01
4.1900000e+02		4.2000000e+02		4.1950000e+02		5.3123875e+02		2.9934246e+00		7.1668778e+00		4.6924848e+00		4.0200196e+00		6.7246517e-01
4.2000000e+02		4.2100000e+02		4.2050000e+02		5.3797708e+02		3.0638092e+00		7.3382102e+00		4.8060108e+00		4.1220933e+00		6.8391751e-01
4.2100000e+02		4.2200000e+02		4.2150000e+02		5.2958361e+02		2.9746985e+00		7.1328800e+00		4.6683082e+00		4.0071236e+00		6.6118465e-01
4.2200000e+02		4.2300000e+02		4.2250000e+02		5.0190537e+02		2.8978687e+00		6.9485860e+00		4.5518543e+00		3.9133720e+00		6.3848235e-01
4.2300000e+02		4.2400000e+02		4.2350000e+02		5.3474862e+02		3.0952998e+00		7.4285583e+00		4.8657936e+00		4.1890332e+00		6.7676035e-01
4.2400000e+02		4.2500000e+02		4.2450000e+02		5.5328403e+02		3.1970466e+00		7.6827141e+00		5.0306265e+00		4.3382966e+00		6.9232992e-01
4.2500000e+02		4.2600000e+02		4.2550000e+02		5.3248014e+02		3.1135543e+00		7.4871998e+00		4.9038408e+00		4.2358635e+00		6.6797731e-01
4.2600000e+02		4.2700000e+02		4.2650000e+02		5.3029841e+02		3.2008728e+00		7.6944986e+00		5.0452830e+00		4.3639216e+00		6.8136146e-01
4.2700000e+02		4.2800000e+02		4.2750000e+02		4.9171747e+02		3.0319234e+00		7.2902997e+00		4.7833582e+00		4.1439391e+00		6.3941904e-01
4.2800000e+02		4.2900000e+02		4.2850000e+02		4.9494538e+02		3.2897407e+00		7.9050622e+00		5.2003105e+00		4.5204567e+00		6.7985377e-01
4.2900000e+02		4.3000000e+02		4.2950000e+02		4.6063718e+02		3.1577920e+00		7.5812077e+00		4.9932961e+00		4.3428494e+00		6.5044669e-01
4.3000000e+02		4.3100000e+02		4.3050000e+02		3.7055843e+02		2.5948245e+00		6.2251367e+00		4.1036287e+00		3.5698691e+00		5.3375964e-01
4.3100000e+02		4.3200000e+02		4.3150000e+02		4.5818753e+02		3.2841355e+00		7.8791281e+00		5.1978852e+00		4.5279806e+00		6.6990468e-01
4.3200000e+02		4.3300000e+02		4.3250000e+02		5.1625369e+02		3.6221737e+00		8.6885354e+00		5.7280951e+00		4.9826635e+00		7.4543163e-01
4.3300000e+02		4.3400000e+02		4.3350000e+02		5.6047485e+02		3.8493159e+00		9.2603477e+00		6.0970171e+00		5.3181180e+00		7.7889907e-01
4.3400000e+02		4.3500000e+02		4.3450000e+02		4.7595241e+02		3.2089223e+00		7.7301001e+00		5.0849352e+00		4.4386940e+00		6.4624112e-01
4.3500000e+02		4.3600000e+02		4.3550000e+02		5.3162725e+02		3.5972872e+00		8.6710813e+00		5.7038179e+00		4.9841051e+00		7.1971276e-01
4.3600000e+02		4.3700000e+02		4.3650000e+02		5.9481241e+02		4.2299418e+00		1.0188776e+01		6.7141068e+00		5.8775975e+00		8.3650928e-01
4.3700000e+02		4.3800000e+02		4.3750000e+02		5.2629983e+02		3.8934152e+00		9.3743151e+00		6.1859071e+00		5.4240941e+00		7.6181302e-01
4.3800000e+02		4.3900000e+02		4.3850000e+02		5.1257868e+02		3.9366875e+00		9.4765483e+00		6.2612736e+00		5.5000297e+00		7.6124389e-01
4.3900000e+02		4.4000000e+02		4.3950000e+02		5.7051902e+02		4.4116225e+00		1.0626788e+01		7.0217626e+00		6.1756579e+00		8.4610476e-01
4.4000000e+02		4.4100000e+02		4.4050000e+02		5.4089681e+02		4.1891461e+00		1.0102726e+01		6.6740186e+00		5.8792716e+00		7.9474699e-01
4.4100000e+02		4.4200000e+02		4.4150000e+02		5.9491633e+02		4.7128731e+00		1.1350826e+01		7.5062674e+00		6.6092418e+00		8.9702562e-01
4.4200000e+02		4.4300000e+02		4.4250000e+02		6.2544254e+02		4.9989004e+00		1.2039611e+01		7.9639639e+00		7.0154155e+00		9.4854835e-01
4.4300000e+02		4.4400000e+02		4.4350000e+02		6.0497206e+02		4.8711817e+00		1.1739070e+01		7.7659558e+00		6.8491091e+00		9.1684667e-01
4.4400000e+02		4.4500000e+02		4.4450000e+02		6.2324411e+02		5.0604405e+00		1.2204033e+01		8.0743265e+00		7.1309308e+00		9.4339572e-01
4.4500000e+02		4.4600000e+02		4.4550000e+02		5.7783999e+02		4.6237408e+00		1.1194041e+01		7.3959779e+00		6.5591833e+00		8.3679454e-01
4.4600000e+02		4.4700000e+02		4.4650000e+02		5.8940025e+02		4.7271404e+00		1.1465832e+01		7.5727803e+00		6.7328563e+00		8.3992402e-01
4.4700000e+02		4.4800000e+02		4.4750000e+02		6.3881895e+02		5.1431155e+00		1.2489465e+01		8.2475456e+00		7.3451607e+00		9.0238495e-01
4.4800000e+02		4.4900000e+02		4.4850000e+02		6.2805979e+02		5.0945232e+00		1.2382769e+01		8.1772676e+00		7.2938515e+00		8.8341608e-01
4.4900000e+02		4.5000000e+02		4.4950000e+02		6.3454704e+02		5.2310238e+00		1.2722104e+01		8.4044511e+00		7.5084096e+00		8.9604147e-01
4.5000000e+02		4.5100000e+02		4.5050000e+02		6.7325368e+02		5.6358861e+00		1.3714580e+01		9.0631942e+00		8.1090979e+00		9.5409625e-01
4.5100000e+02		4.5200000e+02		4.5150000e+02		6.7122600e+02		5.4825902e+00		1.3374688e+01		8.8266096e+00		7.9120350e+00		9.1457460e-01
4.5200000e+02		4.5300000e+02		4.5250000e+02		6.3541039e+02		5.3990323e+00		1.3144561e+01		8.6896274e+00		7.7856316e+00		9.0399578e-01
4.5300000e+02		4.5400000e+02		4.5350000e+02		6.0888666e+02		5.2754686e+00		1.2853763e+01		8.5007714e+00		7.6311485e+00		8.6962295e-01
4.5400000e+02		4.5500000e+02		4.5450000e+02		6.4999363e+02		5.7164657e+00		1.3922565e+01		9.2128888e+00		8.2726261e+00		9.4026278e-01
4.5500000e+02		4.5600000e+02		4.5550000e+02		6.4380306e+02		5.7324051e+00		1.3947124e+01		9.2351743e+00		8.2876411e+00		9.4753327e-01
4.5600000e+02		4.5700000e+02		4.5650000e+02		6.6853861e+02		6.0664260e+00		1.4742183e+01		9.7703895e+00		8.7636718e+00		1.0067177e+00
4.5700000e+02		4.5800000e+02		4.5750000e+02		6.7499745e+02		6.3048280e+00		1.5297184e+01		1.0151412e+01		9.1011158e+00		1.0502964e+00
4.5800000e+02		4.5900000e+02		4.5850000e+02		6.3439039e+02		5.9621944e+00		1.4479039e+01		9.6081532e+00		8.6264311e+00		9.8172210e-01
4.5900000e+02		4.6000000e+02		4.5950000e+02		6.5539586e+02		6.1993914e+00		1.5065333e+01		9.9975099e+00		8.9864448e+00		1.0110651e+00
4.6000000e+02		4.6100000e+02		4.6050000e+02		6.4752339e+02		6.2355378e+00		1.5160307e+01		1.0064939e+01		9.0604604e+00		1.0044786e+00
4.6100000e+02		4.6200000e+02		4.6150000e+02		6.6245412e+02		6.5920392e+00		1.6012402e+01		1.0644038e+01		9.5871332e+00		1.0569052e+00
4.6200000e+02		4.6300000e+02		4.6250000e+02		6.6901120e+02		6.7023605e+00		1.6289256e+01		1.0828858e+01		9.7633990e+00		1.0654595e+00
4.6300000e+02		4.6400000e+02		4.6350000e+02		6.4662616e+02		6.3958955e+00		1.5601643e+01		1.0357740e+01		9.3738242e+00		9.8391558e-01
4.6400000e+02		4.6500000e+02		4.6450000e+02		6.5795753e+02		6.5315974e+00		1.5971607e+01		1.0597635e+01		9.6203489e+00		9.7728634e-01
4.6500000e+02		4.6600000e+02		4.6550000e+02		6.3552746e+02		6.9468624e+00		1.6802734e+01		1.1214342e+01		1.0096965e+01		1.1173772e+00
4.6600000e+02		4.6700000e+02		4.6650000e+02		6.3955371e+02		7.2650390e+00		1.7542976e+01		1.1727299e+01		1.0557819e+01		1.1694791e+00
4.6700000e+02		4.6800000e+02		4.6750000e+02		6.4572639e+02		7.4208723e+00		1.7921039e+01		1.1984186e+01		1.0796916e+01		1.1872702e+00
4.6800000e+02		4.6900000e+02		4.6850000e+02		6.3145002e+02		7.2696396e+00		1.7582910e+01		1.1754084e+01		1.0610310e+01		1.1437742e+00
4.6900000e+02		4.7000000e+02		4.6950000e+02		6.4956875e+02		7.6445296e+00		1.8489125e+01		1.2368371e+01		1.1176728e+01		1.1916429e+00
4.7000000e+02		4.7100000e+02		4.7050000e+02		6.1381170e+02		7.4398933e+00		1.7992068e+01		1.2047182e+01		1.0900963e+01		1.1462192e+00
4.7100000e+02		4.7200000e+02		4.7150000e+02		6.4174114e+02		7.8054554e+00		1.8884937e+01		1.2644853e+01		1.1450139e+01		1.1947148e+00
4.7200000e+02		4.7300000e+02		4.7250000e+02		6.5742798e+02		8.2954544e+00		2.0063382e+01		1.3450299e+01		1.2196493e+01		1.2538061e+00
4.7300000e+02		4.7400000e+02		4.7350000e+02		6.4563741e+02		8.2458730e+00		1.9943908e+01		1.3375038e+01		1.2135736e+01		1.2393027e+00
4.7400000e+02		4.7500000e+02		4.7450000e+02		6.6512717e+02		8.1224856e+00		1.9813352e+01		1.3238583e+01		1.2104816e+01		1.1337671e+00
4.7500000e+02		4.7600000e+02		4.7550000e+02		6.6365303e+02		8.4508360e+00		2.0549362e+01		1.3759859e+01		1.2561283e+01		1.1985758e+00
4.7600000e+02		4.7700000e+02		4.7650000e+02		6.3952653e+02		8.5327348e+00		2.0660354e+01		1.3870049e+01		1.2628221e+01		1.2418281e+00
4.7700000e+02		4.7800000e+02		4.7750000e+02		6.6772274e+02		9.0287267e+00		2.1871238e+01		1.4687093e+01		1.3387838e+01		1.2992547e+00
4.7800000e+02		4.7900000e+02		4.7850000e+02		6.6128260e+02		9.0723723e+00		2.1983566e+01		1.4767789e+01		1.3475500e+01		1.2922889e+00
4.7900000e+02		4.8000000e+02		4.7950000e+02		6.6320839e+02		9.2493372e+00		2.2416722e+01		1.5065396e+01		1.3760943e+01		1.3044533e+00
4.8000000e+02		4.8100000e+02		4.8050000e+02		6.6489751e+02		9.3798643e+00		2.2767619e+01		1.5299953e+01		1.4007080e+01		1.2928729e+00
4.8100000e+02		4.8200000e+02		4.8150000e+02		6.6630748e+02		8.9626591e+00		2.1940599e+01		1.4687024e+01		1.3543994e+01		1.1430306e+00
4.8200000e+02		4.8300000e+02		4.8250000e+02		6.6376999e+02		9.1583073e+00		2.2412180e+01		1.5015368e+01		1.3857953e+01		1.1574141e+00
4.8300000e+02		4.8400000e+02		4.8350000e+02		6.5373157e+02		9.1192023e+00		2.2324710e+01		1.4959870e+01		1.3819169e+01		1.1407015e+00
4.8400000e+02		4.8500000e+02		4.8450000e+02		6.4242337e+02		9.0092551e+00		2.2062214e+01		1.4784884e+01		1.3665284e+01		1.1195998e+00
4.8500000e+02		4.8600000e+02		4.8550000e+02		6.0369332e+02		8.1929343e+00		2.0111536e+01		1.3455005e+01		1.2450193e+01		1.0048119e+00
4.8600000e+02		4.8700000e+02		4.8650000e+02		5.2412565e+02		7.3260688e+00		1.7987404e+01		1.2043393e+01		1.1161309e+01		8.8208378e-01
4.8700000e+02		4.8800000e+02		4.8750000e+02		5.9966111e+02		9.8441831e+00		2.3865599e+01		1.6115502e+01		1.4838099e+01		1.2774024e+00
4.8800000e+02		4.8900000e+02		4.8850000e+02		6.3081686e+02		1.0336127e+01		2.5062927e+01		1.6922240e+01		1.5582912e+01		1.3393284e+00
4.8900000e+02		4.9000000e+02		4.8950000e+02		6.1880396e+02		1.0349833e+01		2.5101424e+01		1.6957360e+01		1.5633576e+01		1.3237835e+00
4.9000000e+02		4.9100000e+02		4.9050000e+02		6.5907671e+02		1.1129208e+01		2.7001526e+01		1.8244142e+01		1.6834116e+01		1.4100264e+00
4.9100000e+02		4.9200000e+02		4.9150000e+02		6.2110374e+02		1.1692061e+01		2.8299949e+01		1.9195112e+01		1.7752410e+01		1.4427023e+00
4.9200000e+02		4.9300000e+02		4.9250000e+02		5.9112858e+02		1.1185698e+01		2.7085867e+01		1.8372038e+01		1.7003062e+01		1.3689759e+00
4.9300000e+02		4.9400000e+02		4.9350000e+02		6.2472140e+02		1.1247298e+01		2.7283724e+01		1.8469898e+01		1.7088853e+01		1.3810444e+00
4.9400000e+02		4.9500000e+02		4.9450000e+02		6.4279699e+02		1.1808621e+01		2.8648658e+01		1.9404400e+01		1.7971806e+01		1.4325939e+00
4.9500000e+02		4.9600000e+02		4.9550000e+02		6.3133158e+02		1.1872400e+01		2.8799581e+01		1.9520488e+01		1.8095571e+01		1.4249177e+00
4.9600000e+02		4.9700000e+02		4.9650000e+02		6.3921352e+02		1.2205202e+01		2.9608025e+01		2.0076937e+01		1.8624726e+01		1.4522112e+00
4.9700000e+02		4.9800000e+02		4.9750000e+02		6.5113923e+02		1.2161849e+01		2.9528231e+01		2.0005072e+01		1.8557264e+01		1.4478077e+00
4.9800000e+02		4.9900000e+02		4.9850000e+02		5.9175801e+02		1.0914244e+01		2.6522919e+01		1.7957627e+01		1.6664822e+01		1.2928049e+00
4.9900000e+02		5.0000000e+02		4.9950000e+02		6.3385792e+02		1.1982293e+01		2.9130676e+01		1.9734434e+01		1.8341763e+01		1.3926712e+00
