Left Bin Edge (nm)	Right Bin Edge (nm)	Bin Center (nm)		Top of Atm Intensity (erg/s/nm/cm2)		Total Surface Flux (erg/s/nm/cm2)		Total Intensity at BOA (erg/s/nm/cm2)		Total Surface Intensity (erg/s/nm/cm2)		Total Surface Diffuse Intensity (erg/s/nm/cm2)		Total Surface Direct Intensity (erg/s/nm/cm2)
1.0000000e+02		1.0100000e+02		1.0050000e+02		1.9189487e-02		0.0000000e+00		0.0000000e+00		0.0000000e+00		0.0000000e+00		0.0000000e+00
1.0100000e+02		1.0200000e+02		1.0150000e+02		7.4861701e-02		0.0000000e+00		0.0000000e+00		0.0000000e+00		0.0000000e+00		0.0000000e+00
1.0200000e+02		1.0300000e+02		1.0250000e+02		3.9734366e-01		0.0000000e+00		0.0000000e+00		0.0000000e+00		0.0000000e+00		0.0000000e+00
1.0300000e+02		1.0400000e+02		1.0350000e+02		3.0179545e-01		0.0000000e+00		0.0000000e+00		0.0000000e+00		0.0000000e+00		0.0000000e+00
1.0400000e+02		1.0500000e+02		1.0450000e+02		6.0815352e-02		0.0000000e+00		0.0000000e+00		0.0000000e+00		0.0000000e+00		0.0000000e+00
1.0500000e+02		1.0600000e+02		1.0550000e+02		2.0834600e-02		0.0000000e+00		0.0000000e+00		0.0000000e+00		0.0000000e+00		0.0000000e+00
1.0600000e+02		1.0700000e+02		1.0650000e+02		1.9584792e-02		0.0000000e+00		0.0000000e+00		0.0000000e+00		0.0000000e+00		0.0000000e+00
1.0700000e+02		1.0800000e+02		1.0750000e+02		2.1853879e-02		0.0000000e+00		0.0000000e+00		0.0000000e+00		0.0000000e+00		0.0000000e+00
1.0800000e+02		1.0900000e+02		1.0850000e+02		3.0634999e-02		0.0000000e+00		0.0000000e+00		0.0000000e+00		0.0000000e+00		0.0000000e+00
1.0900000e+02		1.1000000e+02		1.0950000e+02		2.4032561e-02		0.0000000e+00		0.0000000e+00		0.0000000e+00		0.0000000e+00		0.0000000e+00
1.1000000e+02		1.1100000e+02		1.1050000e+02		2.3268893e-02		0.0000000e+00		0.0000000e+00		0.0000000e+00		0.0000000e+00		0.0000000e+00
1.1100000e+02		1.1200000e+02		1.1150000e+02		2.1871272e-02		0.0000000e+00		0.0000000e+00		0.0000000e+00		0.0000000e+00		0.0000000e+00
1.1200000e+02		1.1300000e+02		1.1250000e+02		2.2375602e-02		0.0000000e+00		0.0000000e+00		0.0000000e+00		0.0000000e+00		0.0000000e+00
1.1300000e+02		1.1400000e+02		1.1350000e+02		1.7748133e-02		0.0000000e+00		0.0000000e+00		0.0000000e+00		0.0000000e+00		0.0000000e+00
1.1400000e+02		1.1500000e+02		1.1450000e+02		1.3589480e-02		0.0000000e+00		0.0000000e+00		0.0000000e+00		0.0000000e+00		0.0000000e+00
1.1500000e+02		1.1600000e+02		1.1550000e+02		1.8751615e-02		0.0000000e+00		0.0000000e+00		0.0000000e+00		0.0000000e+00		0.0000000e+00
1.1600000e+02		1.1700000e+02		1.1650000e+02		4.3674487e-02		0.0000000e+00		0.0000000e+00		0.0000000e+00		0.0000000e+00		0.0000000e+00
1.1700000e+02		1.1800000e+02		1.1750000e+02		1.5546757e-01		0.0000000e+00		0.0000000e+00		0.0000000e+00		0.0000000e+00		0.0000000e+00
1.1800000e+02		1.1900000e+02		1.1850000e+02		5.2889236e-02		0.0000000e+00		0.0000000e+00		0.0000000e+00		0.0000000e+00		0.0000000e+00
1.1900000e+02		1.2000000e+02		1.1950000e+02		7.3692884e-02		0.0000000e+00		0.0000000e+00		0.0000000e+00		0.0000000e+00		0.0000000e+00
1.2000000e+02		1.2100000e+02		1.2050000e+02		4.0066072e-01		0.0000000e+00		0.0000000e+00		0.0000000e+00		0.0000000e+00		0.0000000e+00
1.2100000e+02		1.2200000e+02		1.2150000e+02		1.5905289e+01		0.0000000e+00		0.0000000e+00		0.0000000e+00		0.0000000e+00		0.0000000e+00
1.2200000e+02		1.2300000e+02		1.2250000e+02		1.0666543e-01		0.0000000e+00		0.0000000e+00		0.0000000e+00		0.0000000e+00		0.0000000e+00
1.2300000e+02		1.2400000e+02		1.2350000e+02		5.7456553e-02		0.0000000e+00		0.0000000e+00		0.0000000e+00		0.0000000e+00		0.0000000e+00
1.2400000e+02		1.2500000e+02		1.2450000e+02		4.6184197e-02		0.0000000e+00		0.0000000e+00		0.0000000e+00		0.0000000e+00		0.0000000e+00
1.2500000e+02		1.2600000e+02		1.2550000e+02		4.5085118e-02		0.0000000e+00		0.0000000e+00		0.0000000e+00		0.0000000e+00		0.0000000e+00
1.2600000e+02		1.2700000e+02		1.2650000e+02		6.3054464e-02		0.0000000e+00		0.0000000e+00		0.0000000e+00		0.0000000e+00		0.0000000e+00
1.2700000e+02		1.2800000e+02		1.2750000e+02		3.3006429e-02		0.0000000e+00		0.0000000e+00		0.0000000e+00		0.0000000e+00		0.0000000e+00
1.2800000e+02		1.2900000e+02		1.2850000e+02		2.6335196e-02		0.0000000e+00		0.0000000e+00		0.0000000e+00		0.0000000e+00		0.0000000e+00
1.2900000e+02		1.3000000e+02		1.2950000e+02		3.5131240e-02		0.0000000e+00		0.0000000e+00		0.0000000e+00		0.0000000e+00		0.0000000e+00
1.3000000e+02		1.3100000e+02		1.3050000e+02		2.8850634e-01		0.0000000e+00		0.0000000e+00		0.0000000e+00		0.0000000e+00		0.0000000e+00
1.3100000e+02		1.3200000e+02		1.3150000e+02		3.9064855e-02		0.0000000e+00		0.0000000e+00		0.0000000e+00		0.0000000e+00		0.0000000e+00
1.3200000e+02		1.3300000e+02		1.3250000e+02		3.0374778e-02		0.0000000e+00		0.0000000e+00		0.0000000e+00		0.0000000e+00		0.0000000e+00
1.3300000e+02		1.3400000e+02		1.3350000e+02		4.1056606e-01		0.0000000e+00		0.0000000e+00		0.0000000e+00		0.0000000e+00		0.0000000e+00
1.3400000e+02		1.3500000e+02		1.3450000e+02		2.8092500e-02		0.0000000e+00		0.0000000e+00		0.0000000e+00		0.0000000e+00		0.0000000e+00
1.3500000e+02		1.3600000e+02		1.3550000e+02		5.8954708e-02		0.0000000e+00		0.0000000e+00		0.0000000e+00		0.0000000e+00		0.0000000e+00
1.3600000e+02		1.3700000e+02		1.3650000e+02		3.8690656e-02		0.0000000e+00		0.0000000e+00		0.0000000e+00		0.0000000e+00		0.0000000e+00
1.3700000e+02		1.3800000e+02		1.3750000e+02		3.9732879e-02		0.0000000e+00		0.0000000e+00		0.0000000e+00		0.0000000e+00		0.0000000e+00
1.3800000e+02		1.3900000e+02		1.3850000e+02		4.0549866e-02		0.0000000e+00		0.0000000e+00		0.0000000e+00		0.0000000e+00		0.0000000e+00
1.3900000e+02		1.4000000e+02		1.3950000e+02		1.3692187e-01		0.0000000e+00		0.0000000e+00		0.0000000e+00		0.0000000e+00		0.0000000e+00
1.4000000e+02		1.4100000e+02		1.4050000e+02		1.1939088e-01		0.0000000e+00		0.0000000e+00		0.0000000e+00		0.0000000e+00		0.0000000e+00
1.4100000e+02		1.4200000e+02		1.4150000e+02		5.7521948e-02		0.0000000e+00		0.0000000e+00		0.0000000e+00		0.0000000e+00		0.0000000e+00
1.4200000e+02		1.4300000e+02		1.4250000e+02		6.2343151e-02		0.0000000e+00		0.0000000e+00		0.0000000e+00		0.0000000e+00		0.0000000e+00
1.4300000e+02		1.4400000e+02		1.4350000e+02		6.9165895e-02		0.0000000e+00		0.0000000e+00		0.0000000e+00		0.0000000e+00		0.0000000e+00
1.4400000e+02		1.4500000e+02		1.4450000e+02		6.6149126e-02		0.0000000e+00		0.0000000e+00		0.0000000e+00		0.0000000e+00		0.0000000e+00
1.4500000e+02		1.4600000e+02		1.4550000e+02		7.0536262e-02		0.0000000e+00		0.0000000e+00		0.0000000e+00		0.0000000e+00		0.0000000e+00
1.4600000e+02		1.4700000e+02		1.4650000e+02		8.6012655e-02		0.0000000e+00		0.0000000e+00		0.0000000e+00		0.0000000e+00		0.0000000e+00
1.4700000e+02		1.4800000e+02		1.4750000e+02		1.0610345e-01		0.0000000e+00		0.0000000e+00		0.0000000e+00		0.0000000e+00		0.0000000e+00
1.4800000e+02		1.4900000e+02		1.4850000e+02		1.0405386e-01		0.0000000e+00		0.0000000e+00		0.0000000e+00		0.0000000e+00		0.0000000e+00
1.4900000e+02		1.5000000e+02		1.4950000e+02		9.4002421e-02		0.0000000e+00		0.0000000e+00		0.0000000e+00		0.0000000e+00		0.0000000e+00
1.5000000e+02		1.5100000e+02		1.5050000e+02		1.0343288e-01		0.0000000e+00		0.0000000e+00		0.0000000e+00		0.0000000e+00		0.0000000e+00
1.5100000e+02		1.5200000e+02		1.5150000e+02		1.0875212e-01		0.0000000e+00		0.0000000e+00		0.0000000e+00		0.0000000e+00		0.0000000e+00
1.5200000e+02		1.5300000e+02		1.5250000e+02		1.3876638e-01		0.0000000e+00		0.0000000e+00		0.0000000e+00		0.0000000e+00		0.0000000e+00
1.5300000e+02		1.5400000e+02		1.5350000e+02		1.5371418e-01		0.0000000e+00		0.0000000e+00		0.0000000e+00		0.0000000e+00		0.0000000e+00
1.5400000e+02		1.5500000e+02		1.5450000e+02		4.1112511e-01		0.0000000e+00		0.0000000e+00		0.0000000e+00		0.0000000e+00		0.0000000e+00
1.5500000e+02		1.5600000e+02		1.5550000e+02		3.3836363e-01		0.0000000e+00		0.0000000e+00		0.0000000e+00		0.0000000e+00		0.0000000e+00
1.5600000e+02		1.5700000e+02		1.5650000e+02		2.0084632e-01		0.0000000e+00		0.0000000e+00		0.0000000e+00		0.0000000e+00		0.0000000e+00
1.5700000e+02		1.5800000e+02		1.5750000e+02		1.8216796e-01		0.0000000e+00		0.0000000e+00		0.0000000e+00		0.0000000e+00		0.0000000e+00
1.5800000e+02		1.5900000e+02		1.5850000e+02		1.6795176e-01		0.0000000e+00		0.0000000e+00		0.0000000e+00		0.0000000e+00		0.0000000e+00
1.5900000e+02		1.6000000e+02		1.5950000e+02		1.6379377e-01		0.0000000e+00		0.0000000e+00		0.0000000e+00		0.0000000e+00		0.0000000e+00
1.6000000e+02		1.6100000e+02		1.6050000e+02		1.7926410e-01		0.0000000e+00		0.0000000e+00		0.0000000e+00		0.0000000e+00		0.0000000e+00
1.6100000e+02		1.6200000e+02		1.6150000e+02		2.0306941e-01		0.0000000e+00		0.0000000e+00		0.0000000e+00		0.0000000e+00		0.0000000e+00
1.6200000e+02		1.6300000e+02		1.6250000e+02		2.2492895e-01		0.0000000e+00		0.0000000e+00		0.0000000e+00		0.0000000e+00		0.0000000e+00
1.6300000e+02		1.6400000e+02		1.6350000e+02		4.7671727e-01		0.0000000e+00		0.0000000e+00		0.0000000e+00		0.0000000e+00		0.0000000e+00
1.6400000e+02		1.6500000e+02		1.6450000e+02		4.8753270e-01		0.0000000e+00		0.0000000e+00		0.0000000e+00		0.0000000e+00		0.0000000e+00
1.6500000e+02		1.6600000e+02		1.6550000e+02		5.7072689e-01		0.0000000e+00		0.0000000e+00		0.0000000e+00		0.0000000e+00		0.0000000e+00
1.6600000e+02		1.6700000e+02		1.6650000e+02		2.6919628e-01		0.0000000e+00		0.0000000e+00		0.0000000e+00		0.0000000e+00		0.0000000e+00
1.6700000e+02		1.6800000e+02		1.6750000e+02		2.8728373e-01		0.0000000e+00		0.0000000e+00		0.0000000e+00		0.0000000e+00		0.0000000e+00
1.6800000e+02		1.6900000e+02		1.6850000e+02		3.0958866e-01		0.0000000e+00		0.0000000e+00		0.0000000e+00		0.0000000e+00		0.0000000e+00
1.6900000e+02		1.7000000e+02		1.6950000e+02		3.8988989e-01		0.0000000e+00		0.0000000e+00		0.0000000e+00		0.0000000e+00		0.0000000e+00
1.7000000e+02		1.7100000e+02		1.7050000e+02		4.3752516e-01		0.0000000e+00		0.0000000e+00		0.0000000e+00		0.0000000e+00		0.0000000e+00
1.7100000e+02		1.7200000e+02		1.7150000e+02		4.3618394e-01		0.0000000e+00		0.0000000e+00		0.0000000e+00		0.0000000e+00		0.0000000e+00
1.7200000e+02		1.7300000e+02		1.7250000e+02		4.5514763e-01		0.0000000e+00		0.0000000e+00		0.0000000e+00		0.0000000e+00		0.0000000e+00
1.7300000e+02		1.7400000e+02		1.7350000e+02		4.5120572e-01		0.0000000e+00		0.0000000e+00		0.0000000e+00		0.0000000e+00		0.0000000e+00
1.7400000e+02		1.7500000e+02		1.7450000e+02		5.3951828e-01		0.0000000e+00		0.0000000e+00		0.0000000e+00		0.0000000e+00		0.0000000e+00
1.7500000e+02		1.7600000e+02		1.7550000e+02		6.4389120e-01		0.0000000e+00		0.0000000e+00		0.0000000e+00		0.0000000e+00		0.0000000e+00
1.7600000e+02		1.7700000e+02		1.7650000e+02		6.9472845e-01		0.0000000e+00		0.0000000e+00		0.0000000e+00		0.0000000e+00		0.0000000e+00
1.7700000e+02		1.7800000e+02		1.7750000e+02		8.1849614e-01		0.0000000e+00		0.0000000e+00		0.0000000e+00		0.0000000e+00		0.0000000e+00
1.7800000e+02		1.7900000e+02		1.7850000e+02		8.9455089e-01		0.0000000e+00		0.0000000e+00		0.0000000e+00		0.0000000e+00		0.0000000e+00
1.7900000e+02		1.8000000e+02		1.7950000e+02		8.6966614e-01		0.0000000e+00		0.0000000e+00		0.0000000e+00		0.0000000e+00		0.0000000e+00
1.8000000e+02		1.8100000e+02		1.8050000e+02		1.0753674e+00		0.0000000e+00		0.0000000e+00		0.0000000e+00		0.0000000e+00		0.0000000e+00
1.8100000e+02		1.8200000e+02		1.8150000e+02		1.3093431e+00		0.0000000e+00		0.0000000e+00		0.0000000e+00		0.0000000e+00		0.0000000e+00
1.8200000e+02		1.8300000e+02		1.8250000e+02		1.2087370e+00		0.0000000e+00		0.0000000e+00		0.0000000e+00		0.0000000e+00		0.0000000e+00
1.8300000e+02		1.8400000e+02		1.8350000e+02		1.2728289e+00		0.0000000e+00		0.0000000e+00		0.0000000e+00		0.0000000e+00		0.0000000e+00
1.8400000e+02		1.8500000e+02		1.8450000e+02		1.0940339e+00		0.0000000e+00		0.0000000e+00		0.0000000e+00		0.0000000e+00		0.0000000e+00
1.8500000e+02		1.8600000e+02		1.8550000e+02		1.2372281e+00		0.0000000e+00		0.0000000e+00		0.0000000e+00		0.0000000e+00		0.0000000e+00
1.8600000e+02		1.8700000e+02		1.8650000e+02		1.4037992e+00		0.0000000e+00		0.0000000e+00		0.0000000e+00		0.0000000e+00		0.0000000e+00
1.8700000e+02		1.8800000e+02		1.8750000e+02		1.5907538e+00		0.0000000e+00		0.0000000e+00		0.0000000e+00		0.0000000e+00		0.0000000e+00
1.8800000e+02		1.8900000e+02		1.8850000e+02		1.6735993e+00		1.7699792e-209		0.0000000e+00		1.7773577e-209		1.7457854e-211		1.7598999e-209
1.8900000e+02		1.9000000e+02		1.8950000e+02		1.8559600e+00		9.3942236e-140		0.0000000e+00		9.4525919e-140		1.3810085e-141		9.3144910e-140
1.9000000e+02		1.9100000e+02		1.9050000e+02		1.9109940e+00		4.2501901e-91		1.2281290e-87		4.2903711e-91		9.5069365e-93		4.1953018e-91
1.9100000e+02		1.9200000e+02		1.9150000e+02		2.0707336e+00		4.0196846e-64		1.1028342e-61		4.0735234e-64		1.2738385e-65		3.9461395e-64
1.9200000e+02		1.9300000e+02		1.9250000e+02		2.1685186e+00		1.3642847e-45		7.4490140e-44		1.3899623e-45		6.0753846e-47		1.3292085e-45
1.9300000e+02		1.9400000e+02		1.9350000e+02		1.6554009e+00		7.5445079e-34		1.4681461e-32		7.7371936e-34		4.5589929e-35		7.2812943e-34
1.9400000e+02		1.9500000e+02		1.9450000e+02		2.6556632e+00		3.8700695e-27		4.2881195e-26		3.9927970e-27		2.9037645e-28		3.7024206e-27
1.9500000e+02		1.9600000e+02		1.9550000e+02		2.5630279e+00		4.3201580e-22		3.0965516e-21		4.4892793e-22		4.0014528e-23		4.0891340e-22
1.9600000e+02		1.9700000e+02		1.9650000e+02		2.8204934e+00		2.0894168e-19		1.1947976e-18		2.1823492e-19		2.1988045e-20		1.9624688e-19
1.9700000e+02		1.9800000e+02		1.9750000e+02		2.8068384e+00		1.9651074e-17		9.5002554e-17		2.0622722e-17		2.2989442e-18		1.8323778e-17
1.9800000e+02		1.9900000e+02		1.9850000e+02		2.7505577e+00		1.1791553e-10		3.2687786e-10		1.2809641e-10		2.4088223e-11		1.0400819e-10
1.9900000e+02		2.0000000e+02		1.9950000e+02		2.8965557e+00		2.3438384e-04		5.7615114e-04		3.4650061e-04		2.6527113e-04		8.1229477e-05
2.0000000e+02		2.0100000e+02		2.0050000e+02		3.0623388e+00		5.6601519e-04		1.4008213e-03		8.6277598e-04		7.0214357e-04		1.6063242e-04
2.0100000e+02		2.0200000e+02		2.0150000e+02		3.2593670e+00		1.5328644e-03		3.8014912e-03		2.4087121e-03		2.0722781e-03		3.3643407e-04
2.0200000e+02		2.0300000e+02		2.0250000e+02		3.2217937e+00		1.6733550e-03		4.1406844e-03		2.6322102e-03		2.2686757e-03		3.6353449e-04
2.0300000e+02		2.0400000e+02		2.0350000e+02		3.4484145e+00		2.0571448e-03		5.0802937e-03		3.2440333e-03		2.8082083e-03		4.3582501e-04
2.0400000e+02		2.0500000e+02		2.0450000e+02		3.7117169e+00		2.3380131e-03		5.7624791e-03		3.6865418e-03		3.1906530e-03		4.9588875e-04
2.0500000e+02		2.0600000e+02		2.0550000e+02		3.7200399e+00		2.3807104e-03		5.8569729e-03		3.7496603e-03		3.2389703e-03		5.1069008e-04
2.0600000e+02		2.0700000e+02		2.0650000e+02		3.7247532e+00		2.4080092e-03		5.9146752e-03		3.7884425e-03		3.2661402e-03		5.2230230e-04
2.0700000e+02		2.0800000e+02		2.0750000e+02		4.0454145e+00		2.6588208e-03		6.5173158e-03		4.1774907e-03		3.5932115e-03		5.8427920e-04
2.0800000e+02		2.0900000e+02		2.0850000e+02		4.3759554e+00		2.9082335e-03		7.1186528e-03		4.5654969e-03		3.9211273e-03		6.4436962e-04
2.0900000e+02		2.1000000e+02		2.0950000e+02		5.6528678e+00		3.7851864e-03		9.2486879e-03		5.9340541e-03		5.0842758e-03		8.4977836e-04
2.1000000e+02		2.1100000e+02		2.1050000e+02		6.9678423e+00		4.7671469e-03		1.1616938e-02		7.4601836e-03		6.3717934e-03		1.0883903e-03
2.1100000e+02		2.1200000e+02		2.1150000e+02		7.9326445e+00		5.4795503e-03		1.3339134e-02		8.5698575e-03		7.3117454e-03		1.2581121e-03
2.1200000e+02		2.1300000e+02		2.1250000e+02		7.0734222e+00		4.9578925e-03		1.2049302e-02		7.7460450e-03		6.5968394e-03		1.1492055e-03
2.1300000e+02		2.1400000e+02		2.1350000e+02		7.2066449e+00		5.1003178e-03		1.2375643e-02		7.9594516e-03		6.7647832e-03		1.1946684e-03
2.1400000e+02		2.1500000e+02		2.1450000e+02		9.2279181e+00		6.8111814e-03		1.6495510e-02		1.0626796e-02		9.0278406e-03		1.5989552e-03
2.1500000e+02		2.1600000e+02		2.1550000e+02		7.9257408e+00		5.7169268e-03		1.3831138e-02		8.9037143e-03		7.5400202e-03		1.3636941e-03
2.1600000e+02		2.1700000e+02		2.1650000e+02		7.3353469e+00		5.3564047e-03		1.2929731e-02		8.3275082e-03		7.0297065e-03		1.2978017e-03
2.1700000e+02		2.1800000e+02		2.1750000e+02		7.5953881e+00		5.5521390e-03		1.3394662e-02		8.6282254e-03		7.2780985e-03		1.3501268e-03
2.1800000e+02		2.1900000e+02		2.1850000e+02		1.0217230e+01		7.5375509e-03		1.8154589e-02		1.1699093e-02		9.8463150e-03		1.8527783e-03
2.1900000e+02		2.2000000e+02		2.1950000e+02		1.0786519e+01		8.0179308e-03		1.9291139e-02		1.2436097e-02		1.0453493e-02		1.9826037e-03
2.2000000e+02		2.2100000e+02		2.2050000e+02		1.0851638e+01		8.1065920e-03		1.9470206e-02		1.2554964e-02		1.0524962e-02		2.0300024e-03
2.2100000e+02		2.2200000e+02		2.2150000e+02		8.6872371e+00		6.6480152e-03		1.5950858e-02		1.0294878e-02		8.6285694e-03		1.6663083e-03
2.2200000e+02		2.2300000e+02		2.2250000e+02		1.1691346e+01		9.0907363e-03		2.1785464e-02		1.4068921e-02		1.1778511e-02		2.2904099e-03
2.2300000e+02		2.2400000e+02		2.2350000e+02		1.5139682e+01		1.1956900e-02		2.8624076e-02		1.8496344e-02		1.5472492e-02		3.0238527e-03
2.2400000e+02		2.2500000e+02		2.2450000e+02		1.4154944e+01		9.5248527e-03		2.2781789e-02		1.4639333e-02		1.2100991e-02		2.5383425e-03
2.2500000e+02		2.2600000e+02		2.2550000e+02		1.2365614e+01		8.8414461e-03		2.1119256e-02		1.3600741e-02		1.1260612e-02		2.3401286e-03
2.2600000e+02		2.2700000e+02		2.2650000e+02		9.0577089e+00		6.3502419e-03		1.5160038e-02		9.7569008e-03		8.0602414e-03		1.6966593e-03
2.2700000e+02		2.2800000e+02		2.2750000e+02		8.8108381e+00		7.3043189e-03		1.7431609e-02		1.1285415e-02		9.4193735e-03		1.8660411e-03
2.2800000e+02		2.2900000e+02		2.2850000e+02		1.2275156e+01		1.0324814e-02		2.4610317e-02		1.5941062e-02		1.3288185e-02		2.6528768e-03
2.2900000e+02		2.3000000e+02		2.2950000e+02		1.1031259e+01		9.4201516e-03		2.2424891e-02		1.4533559e-02		1.2098451e-02		2.4351075e-03
2.3000000e+02		2.3100000e+02		2.3050000e+02		1.2510180e+01		1.0785514e-02		2.5664709e-02		1.6639659e-02		1.3851056e-02		2.7886031e-03
2.3100000e+02		2.3200000e+02		2.3150000e+02		1.1791833e+01		1.0300750e-02		2.4490664e-02		1.5886062e-02		1.3214992e-02		2.6710704e-03
2.3200000e+02		2.3300000e+02		2.3250000e+02		1.2664003e+01		1.1242180e-02		2.6696479e-02		1.7326633e-02		1.4395970e-02		2.9306630e-03
2.3300000e+02		2.3400000e+02		2.3350000e+02		1.1428554e+01		1.0256762e-02		2.4361653e-02		1.5817014e-02		1.3155697e-02		2.6613165e-03
2.3400000e+02		2.3500000e+02		2.3450000e+02		9.9864853e+00		7.6457431e-03		1.8164136e-02		1.1726227e-02		9.6545292e-03		2.0716980e-03
2.3500000e+02		2.3600000e+02		2.3550000e+02		1.3443360e+01		1.1885243e-02		2.8273472e-02		1.8342643e-02		1.5278372e-02		3.0642707e-03
2.3600000e+02		2.3700000e+02		2.3650000e+02		1.2448020e+01		1.1685178e-02		2.7795687e-02		1.8068280e-02		1.5102581e-02		2.9656982e-03
2.3700000e+02		2.3800000e+02		2.3750000e+02		1.3294723e+01		1.2863117e-02		3.0601905e-02		1.9911229e-02		1.6676012e-02		3.2352166e-03
2.3800000e+02		2.3900000e+02		2.3850000e+02		1.1021422e+01		1.0687246e-02		2.5437514e-02		1.6549606e-02		1.3870492e-02		2.6791139e-03
2.3900000e+02		2.4000000e+02		2.3950000e+02		1.2008577e+01		1.1666480e-02		2.7787752e-02		1.8076855e-02		1.5167110e-02		2.9097449e-03
2.4000000e+02		2.4100000e+02		2.4050000e+02		1.1032163e+01		1.0832055e-02		2.5825008e-02		1.6804438e-02		1.4130810e-02		2.6736277e-03
2.4100000e+02		2.4200000e+02		2.4150000e+02		1.2918879e+01		1.2895432e-02		3.0755333e-02		2.0021616e-02		1.6860732e-02		3.1608839e-03
2.4200000e+02		2.4300000e+02		2.4250000e+02		1.7782729e+01		1.7637916e-02		4.2208840e-02		2.7456970e-02		2.3232133e-02		4.2248375e-03
2.4300000e+02		2.4400000e+02		2.4350000e+02		1.6701989e+01		1.6995826e-02		4.0565320e-02		2.6419553e-02		2.2296777e-02		4.1227759e-03
2.4400000e+02		2.4500000e+02		2.4450000e+02		1.5641720e+01		1.5500087e-02		3.7164820e-02		2.4164261e-02		2.0499656e-02		3.6646049e-03
2.4500000e+02		2.4600000e+02		2.4550000e+02		1.2691134e+01		1.2963168e-02		3.0935754e-02		2.0148344e-02		1.7000309e-02		3.1480350e-03
2.4600000e+02		2.4700000e+02		2.4650000e+02		1.2350906e+01		1.2820754e-02		3.0531827e-02		1.9899248e-02		1.6747896e-02		3.1513520e-03
2.4700000e+02		2.4800000e+02		2.4750000e+02		1.3639226e+01		1.4239533e-02		3.3903227e-02		2.2101674e-02		1.8602024e-02		3.4996496e-03
2.4800000e+02		2.4900000e+02		2.4850000e+02		1.0938846e+01		1.1526050e-02		2.7438332e-02		1.7893485e-02		1.5065515e-02		2.8279707e-03
2.4900000e+02		2.5000000e+02		2.4950000e+02		1.3333262e+01		1.4086421e-02		3.3514246e-02		2.1857992e-02		1.8387733e-02		3.4702581e-03
2.5000000e+02		2.5100000e+02		2.5050000e+02		1.4401571e+01		1.5301695e-02		3.6381356e-02		2.3732880e-02		1.9948399e-02		3.7844818e-03
2.5100000e+02		2.5200000e+02		2.5150000e+02		1.2007424e+01		1.2819072e-02		3.0458680e-02		1.9873134e-02		1.6690090e-02		3.1830438e-03
2.5200000e+02		2.5300000e+02		2.5250000e+02		1.0794009e+01		1.1558558e-02		2.7456612e-02		1.7916453e-02		1.5042941e-02		2.8735115e-03
2.5300000e+02		2.5400000e+02		2.5350000e+02		1.3602371e+01		1.4862243e-02		3.5312970e-02		2.3057117e-02		1.9389280e-02		3.6678367e-03
2.5400000e+02		2.5500000e+02		2.5450000e+02		1.5384114e+01		1.7498538e-02		4.1633143e-02		2.7217173e-02		2.2994538e-02		4.2226350e-03
2.5500000e+02		2.5600000e+02		2.5550000e+02		2.0992062e+01		2.5030413e-02		5.9618961e-02		3.9031417e-02		3.3126732e-02		5.9046848e-03
2.5600000e+02		2.5700000e+02		2.5650000e+02		2.7040612e+01		3.3810363e-02		8.0611449e-02		5.2850943e-02		4.5050495e-02		7.8004473e-03
2.5700000e+02		2.5800000e+02		2.5750000e+02		3.3946512e+01		4.4529754e-02		1.0628966e-01		6.9789090e-02		5.9764230e-02		1.0024860e-02
2.5800000e+02		2.5900000e+02		2.5850000e+02		3.5732434e+01		4.9319335e-02		1.1793314e-01		7.7554121e-02		6.6804221e-02		1.0749900e-02
2.5900000e+02		2.6000000e+02		2.5950000e+02		3.0409976e+01		4.4317242e-02		1.0613792e-01		6.9908013e-02		6.0548413e-02		9.3595996e-03
2.6000000e+02		2.6100000e+02		2.6050000e+02		2.4915606e+01		3.9592655e-02		9.4934378e-02		6.2701827e-02		5.4676889e-02		8.0249378e-03
2.6100000e+02		2.6200000e+02		2.6150000e+02		2.5442742e+01		4.4206979e-02		1.0612373e-01		7.0298115e-02		6.1732291e-02		8.5658237e-03
2.6200000e+02		2.6300000e+02		2.6250000e+02		3.0366547e+01		5.7245044e-02		1.3763310e-01		9.1401830e-02		8.0815823e-02		1.0586007e-02
2.6300000e+02		2.6400000e+02		2.6350000e+02		4.5700096e+01		8.4463035e-02		2.0327181e-01		1.3486943e-01		1.1926281e-01		1.5606622e-02
2.6400000e+02		2.6500000e+02		2.6450000e+02		7.1249372e+01		1.5236572e-01		3.6611745e-01		2.4418132e-01		2.1723805e-01		2.6943279e-02
2.6500000e+02		2.6600000e+02		2.6550000e+02		7.4731454e+01		1.4075899e-01		3.3862694e-01		2.2481952e-01		1.9888934e-01		2.5930175e-02
2.6600000e+02		2.6700000e+02		2.6650000e+02		7.2446611e+01		1.3483505e-01		3.2429294e-01		2.1519859e-01		1.9014218e-01		2.5056412e-02
2.6700000e+02		2.6800000e+02		2.6750000e+02		7.2937204e+01		1.4250864e-01		3.4275944e-01		2.2783569e-01		2.0188597e-01		2.5949721e-02
2.6800000e+02		2.6900000e+02		2.6850000e+02		7.2239021e+01		1.3995006e-01		3.3665249e-01		2.2370164e-01		1.9815836e-01		2.5543278e-02
2.6900000e+02		2.7000000e+02		2.6950000e+02		6.7758000e+01		1.2626547e-01		3.0393952e-01		2.0164825e-01		1.7835758e-01		2.3290670e-02
2.7000000e+02		2.7100000e+02		2.7050000e+02		7.8281462e+01		1.3840719e-01		3.3311379e-01		2.2059134e-01		1.9444979e-01		2.6141553e-02
2.7100000e+02		2.7200000e+02		2.7150000e+02		6.5051220e+01		1.2261109e-01		2.9510883e-01		1.9587000e-01		1.7333245e-01		2.2537555e-02
2.7200000e+02		2.7300000e+02		2.7250000e+02		5.2331568e+01		1.0048306e-01		2.4160003e-01		1.6046491e-01		1.4191858e-01		1.8546329e-02
2.7300000e+02		2.7400000e+02		2.7350000e+02		5.5800645e+01		1.0738501e-01		2.5821286e-01		1.7150770e-01		1.5171592e-01		1.9791778e-02
2.7400000e+02		2.7500000e+02		2.7450000e+02		3.8398649e+01		7.6878591e-02		1.8478471e-01		1.2290870e-01		1.0890840e-01		1.4000300e-02
2.7500000e+02		2.7600000e+02		2.7550000e+02		5.1208696e+01		1.0321087e-01		2.4807147e-01		1.6504097e-01		1.4629157e-01		1.8749392e-02
2.7600000e+02		2.7700000e+02		2.7650000e+02		7.1318275e+01		1.3287871e-01		3.1950458e-01		2.1196078e-01		1.8711018e-01		2.4850598e-02
2.7700000e+02		2.7800000e+02		2.7750000e+02		6.8188493e+01		1.4425531e-01		3.4665230e-01		2.3101622e-01		2.0527852e-01		2.5737702e-02
2.7800000e+02		2.7900000e+02		2.7850000e+02		4.7024496e+01		9.3726464e-02		2.2539419e-01		1.4987917e-01		1.3285872e-01		1.7020444e-02
2.7900000e+02		2.8000000e+02		2.7950000e+02		2.6422560e+01		5.2547276e-02		1.2637026e-01		8.4018301e-02		7.4461244e-02		9.5570571e-03
2.8000000e+02		2.8100000e+02		2.8050000e+02		2.8982131e+01		5.8064390e-02		1.3962467e-01		9.2849147e-02		8.2301620e-02		1.0547527e-02
2.8100000e+02		2.8200000e+02		2.8150000e+02		6.0033324e+01		1.1908507e-01		2.8641302e-01		1.9038057e-01		1.6868697e-01		2.1693601e-02
2.8200000e+02		2.8300000e+02		2.8250000e+02		8.1733762e+01		1.5919362e-01		3.8291981e-01		2.5435370e-01		2.2515117e-01		2.9202529e-02
2.8300000e+02		2.8400000e+02		2.8350000e+02		8.4433091e+01		1.7121279e-01		4.1157428e-01		2.7377766e-01		2.4267109e-01		3.1106576e-02
2.8400000e+02		2.8500000e+02		2.8450000e+02		6.2255376e+01		1.2573513e-01		3.0240079e-01		2.0112288e-01		1.7836934e-01		2.2753543e-02
2.8500000e+02		2.8600000e+02		2.8550000e+02		4.0018063e+01		8.2042667e-02		1.9735188e-01		1.3131866e-01		1.1658826e-01		1.4730406e-02
2.8600000e+02		2.8700000e+02		2.8650000e+02		8.2001717e+01		1.6242693e-01		3.9086747e-01		2.5973618e-01		2.3023613e-01		2.9500040e-02
2.8700000e+02		2.8800000e+02		2.8750000e+02		9.5189148e+01		1.9789487e-01		4.7599479e-01		3.1686546e-01		2.8148744e-01		3.5378019e-02
2.8800000e+02		2.8900000e+02		2.8850000e+02		9.0460934e+01		1.8822151e-01		4.5281496e-01		3.0140720e-01		2.6780022e-01		3.3606986e-02
2.8900000e+02		2.9000000e+02		2.8950000e+02		1.3728321e+02		2.8562173e-01		6.8755417e-01		4.5764443e-01		4.0701008e-01		5.0634348e-02
2.9000000e+02		2.9100000e+02		2.9050000e+02		1.8023325e+02		3.7325222e-01		8.9842972e-01		5.9788095e-01		5.3147728e-01		6.6403670e-02
2.9100000e+02		2.9200000e+02		2.9150000e+02		1.7359450e+02		3.8824446e-01		9.3263746e-01		6.2244056e-01		5.5411392e-01		6.8326641e-02
2.9200000e+02		2.9300000e+02		2.9250000e+02		1.5421676e+02		3.2433406e-01		7.8048535e-01		5.1961353e-01		4.6203619e-01		5.7577341e-02
2.9300000e+02		2.9400000e+02		2.9350000e+02		1.6099986e+02		3.4090862e-01		8.2042353e-01		5.4632531e-01		4.8602109e-01		6.0304213e-02
2.9400000e+02		2.9500000e+02		2.9450000e+02		1.4991794e+02		3.1908822e-01		7.6797130e-01		5.1146754e-01		4.5517435e-01		5.6293188e-02
2.9500000e+02		2.9600000e+02		2.9550000e+02		1.6232431e+02		3.4453677e-01		8.2957353e-01		5.5240685e-01		4.9182588e-01		6.0580969e-02
2.9600000e+02		2.9700000e+02		2.9650000e+02		1.4851381e+02		3.2108260e-01		7.7292123e-01		5.1500895e-01		4.5883467e-01		5.6174282e-02
2.9700000e+02		2.9800000e+02		2.9750000e+02		1.5140866e+02		3.3110273e-01		7.9697299e-01		5.3121185e-01		4.7346326e-01		5.7748593e-02
2.9800000e+02		2.9900000e+02		2.9850000e+02		1.3012850e+02		2.8553493e-01		6.8766474e-01		4.5840534e-01		4.0901579e-01		4.9389550e-02
2.9900000e+02		3.0000000e+02		2.9950000e+02		1.4682541e+02		3.2336031e-01		7.7862819e-01		5.1902965e-01		4.6295864e-01		5.6071010e-02
3.0000000e+02		3.0100000e+02		3.0050000e+02		1.1681452e+02		2.6021453e-01		6.2660517e-01		4.1788932e-01		3.7306257e-01		4.4826751e-02
3.0100000e+02		3.0200000e+02		3.0150000e+02		1.3434477e+02		2.8495221e-01		6.8676804e-01		4.5714666e-01		4.0741646e-01		4.9730209e-02
3.0200000e+02		3.0300000e+02		3.0250000e+02		1.4142283e+02		2.8763215e-01		6.9428151e-01		4.6135052e-01		4.1102209e-01		5.0328433e-02
3.0300000e+02		3.0400000e+02		3.0350000e+02		1.8342160e+02		3.6825388e-01		8.8712598e-01		5.8943106e-01		5.2331083e-01		6.6120231e-02
3.0400000e+02		3.0500000e+02		3.0450000e+02		1.7556728e+02		3.5447890e-01		8.5370668e-01		5.6736531e-01		5.0369466e-01		6.3670654e-02
3.0500000e+02		3.0600000e+02		3.0550000e+02		1.7728071e+02		3.5629617e-01		8.5847177e-01		5.7037918e-01		5.0652585e-01		6.3853338e-02
3.0600000e+02		3.0700000e+02		3.0650000e+02		1.6814926e+02		3.3972833e-01		8.1879922e-01		5.4407716e-01		4.8349452e-01		6.0582640e-02
3.0700000e+02		3.0800000e+02		3.0750000e+02		1.8878816e+02		3.8428877e-01		9.2689820e-01		6.1597649e-01		5.4817905e-01		6.7797444e-02
3.0800000e+02		3.0900000e+02		3.0850000e+02		1.8529086e+02		4.1257525e-01		9.9423564e-01		6.6279404e-01		5.9202400e-01		7.0770037e-02
3.0900000e+02		3.1000000e+02		3.0950000e+02		1.5026991e+02		3.3889905e-01		8.1699798e-01		5.4489969e-01		4.8740274e-01		5.7496948e-02
3.1000000e+02		3.1100000e+02		3.1050000e+02		1.8913229e+02		4.3368921e-01		1.0453286e+00		6.9754559e-01		6.2429089e-01		7.3254694e-02
3.1100000e+02		3.1200000e+02		3.1150000e+02		2.2495083e+02		5.2293480e-01		1.2608254e+00		8.4165273e-01		7.5409472e-01		8.7558014e-02
3.1200000e+02		3.1300000e+02		3.1250000e+02		2.0030306e+02		4.6620602e-01		1.1243475e+00		7.5052351e-01		6.7270240e-01		7.7821105e-02
3.1300000e+02		3.1400000e+02		3.1350000e+02		2.1331645e+02		4.9993207e-01		1.2060979e+00		8.0523945e-01		7.2236503e-01		8.2874423e-02
3.1400000e+02		3.1500000e+02		3.1450000e+02		2.0119548e+02		4.7549367e-01		1.1471198e+00		7.6604354e-01		6.8744838e-01		7.8595159e-02
3.1500000e+02		3.1600000e+02		3.1550000e+02		1.9522773e+02		4.6647000e-01		1.1252477e+00		7.5173119e-01		6.7493521e-01		7.6795971e-02
3.1600000e+02		3.1700000e+02		3.1650000e+02		1.9043254e+02		4.5435867e-01		1.0962159e+00		7.3225912e-01		6.5751952e-01		7.4739596e-02
3.1700000e+02		3.1800000e+02		3.1750000e+02		2.4155434e+02		5.8957051e-01		1.4217091e+00		9.5042752e-01		8.5379684e-01		9.6630678e-02
3.1800000e+02		3.1900000e+02		3.1850000e+02		1.9952276e+02		4.8206305e-01		1.1634641e+00		7.7744399e-01		6.9887881e-01		7.8565179e-02
3.1900000e+02		3.2000000e+02		3.1950000e+02		2.1430874e+02		5.1893444e-01		1.2527589e+00		8.3706458e-01		7.5270398e-01		8.4360597e-02
3.2000000e+02		3.2100000e+02		3.2050000e+02		2.4621307e+02		6.2387980e-01		1.5064802e+00		1.0080955e+00		9.0906415e-01		9.9031373e-02
3.2100000e+02		3.2200000e+02		3.2150000e+02		2.0677326e+02		4.9564977e-01		1.1979173e+00		8.0001313e-01		7.2013143e-01		7.9881692e-02
3.2200000e+02		3.2300000e+02		3.2250000e+02		2.0765168e+02		4.9613195e-01		1.2000050e+00		8.0117239e-01		7.2173342e-01		7.9438965e-02
3.2300000e+02		3.2400000e+02		3.2350000e+02		2.0066974e+02		4.9357577e-01		1.1933409e+00		7.9756797e-01		7.1925326e-01		7.8314708e-02
3.2400000e+02		3.2500000e+02		3.2450000e+02		2.3629853e+02		5.7768810e-01		1.3982470e+00		9.3414287e-01		8.4338103e-01		9.0761837e-02
3.2500000e+02		3.2600000e+02		3.2550000e+02		2.7209498e+02		6.6292104e-01		1.6051159e+00		1.0722272e+00		9.6842879e-01		1.0379842e-01
3.2600000e+02		3.2700000e+02		3.2650000e+02		3.0699214e+02		7.7254763e-01		1.8704855e+00		1.2506835e+00		1.1312817e+00		1.1940185e-01
3.2700000e+02		3.2800000e+02		3.2750000e+02		2.9701525e+02		7.4758668e-01		1.8109949e+00		1.2107869e+00		1.0959434e+00		1.1484346e-01
3.2800000e+02		3.2900000e+02		3.2850000e+02		2.8673370e+02		7.3587082e-01		1.7808544e+00		1.1916347e+00		1.0783490e+00		1.1328574e-01
3.2900000e+02		3.3000000e+02		3.2950000e+02		3.3379807e+02		8.5583486e-01		2.0725590e+00		1.3864465e+00		1.2554406e+00		1.3100588e-01
3.3000000e+02		3.3100000e+02		3.3050000e+02		3.1443449e+02		8.2532890e-01		1.9987551e+00		1.3381707e+00		1.2133968e+00		1.2477393e-01
3.3100000e+02		3.3200000e+02		3.3150000e+02		3.0087994e+02		8.3150020e-01		2.0092971e+00		1.3480162e+00		1.2220900e+00		1.2592623e-01
3.3200000e+02		3.3300000e+02		3.3250000e+02		2.9519831e+02		8.2725129e-01		1.9994748e+00		1.3420782e+00		1.2180937e+00		1.2398459e-01
3.3300000e+02		3.3400000e+02		3.3350000e+02		2.8364288e+02		7.9466305e-01		1.9226693e+00		1.2900699e+00		1.1721451e+00		1.1792476e-01
3.3400000e+02		3.3500000e+02		3.3450000e+02		2.9883003e+02		8.4452002e-01		2.0440624e+00		1.3718354e+00		1.2476416e+00		1.2419380e-01
3.3500000e+02		3.3600000e+02		3.3550000e+02		2.9511053e+02		8.4003633e-01		2.0330388e+00		1.3648338e+00		1.2416843e+00		1.2314958e-01
3.3600000e+02		3.3700000e+02		3.3650000e+02		2.4313126e+02		6.9693292e-01		1.6861748e+00		1.1322920e+00		1.0300707e+00		1.0222134e-01
3.3700000e+02		3.3800000e+02		3.3750000e+02		2.5649874e+02		7.3391530e-01		1.7778956e+00		1.1935527e+00		1.0875137e+00		1.0603899e-01
3.3800000e+02		3.3900000e+02		3.3850000e+02		2.7748673e+02		7.9912384e-01		1.9359313e+00		1.2999205e+00		1.1848976e+00		1.1502292e-01
3.3900000e+02		3.4000000e+02		3.3950000e+02		2.9040264e+02		8.3133106e-01		2.0154108e+00		1.3526950e+00		1.2335603e+00		1.1913471e-01
3.4000000e+02		3.4100000e+02		3.4050000e+02		3.0654056e+02		8.8365734e-01		2.1438177e+00		1.4390798e+00		1.3141437e+00		1.2493611e-01
3.4100000e+02		3.4200000e+02		3.4150000e+02		2.7979685e+02		8.0359833e-01		1.9511074e+00		1.3093650e+00		1.1966568e+00		1.1270818e-01
3.4200000e+02		3.4300000e+02		3.4250000e+02		3.0344565e+02		8.7735122e-01		2.1303437e+00		1.4297012e+00		1.3068741e+00		1.2282710e-01
3.4300000e+02		3.4400000e+02		3.4350000e+02		2.9822260e+02		8.4801006e-01		2.0619231e+00		1.3825849e+00		1.2648176e+00		1.1776729e-01
3.4400000e+02		3.4500000e+02		3.4450000e+02		2.3986676e+02		6.9984715e-01		1.7014724e+00		1.1418918e+00		1.0458888e+00		9.6002971e-02
3.4500000e+02		3.4600000e+02		3.4550000e+02		2.8907088e+02		8.6054927e-01		2.0926367e+00		1.4053000e+00		1.2888941e+00		1.1640589e-01
3.4600000e+02		3.4700000e+02		3.4650000e+02		2.8069735e+02		8.7167363e-01		2.1184106e+00		1.4246176e+00		1.3082795e+00		1.1633811e-01
3.4700000e+02		3.4800000e+02		3.4750000e+02		2.7782009e+02		9.2250212e-01		2.2403129e+00		1.5102080e+00		1.3905271e+00		1.1968094e-01
3.4800000e+02		3.4900000e+02		3.4850000e+02		2.8744416e+02		1.0239806e+00		2.4830099e+00		1.6780909e+00		1.5476415e+00		1.3044938e-01
3.4900000e+02		3.5000000e+02		3.4950000e+02		2.7550877e+02		8.3663859e-01		2.0370776e+00		1.3684457e+00		1.2582692e+00		1.1017653e-01
3.5000000e+02		3.5100000e+02		3.5050000e+02		3.3002358e+02		1.0397602e+00		2.5299512e+00		1.7018428e+00		1.5665043e+00		1.3533848e-01
3.5100000e+02		3.5200000e+02		3.5150000e+02		3.0660572e+02		9.7692491e-01		2.3763105e+00		1.5989793e+00		1.4717964e+00		1.2718283e-01
3.5200000e+02		3.5300000e+02		3.5250000e+02		2.8324198e+02		9.0209820e-01		2.1960455e+00		1.4775049e+00		1.3614268e+00		1.1607806e-01
3.5300000e+02		3.5400000e+02		3.5350000e+02		3.2405327e+02		1.0564425e+00		2.5733702e+00		1.7324822e+00		1.5995270e+00		1.3295522e-01
3.5400000e+02		3.5500000e+02		3.5450000e+02		3.4586270e+02		1.3533840e+00		3.2883721e+00		2.2277969e+00		2.0688832e+00		1.5891370e-01
3.5500000e+02		3.5600000e+02		3.5550000e+02		3.2478382e+02		1.2657343e+00		3.0777275e+00		2.0844599e+00		1.9371256e+00		1.4733427e-01
3.5600000e+02		3.5700000e+02		3.5650000e+02		2.8234357e+02		1.0972932e+00		2.6703196e+00		1.8083905e+00		1.6824743e+00		1.2591616e-01
3.5700000e+02		3.5800000e+02		3.5750000e+02		2.4674321e+02		9.6169055e-01		2.3398261e+00		1.5844656e+00		1.4735017e+00		1.1096397e-01
3.5800000e+02		3.5900000e+02		3.5850000e+02		2.1181106e+02		8.0245163e-01		1.9531298e+00		1.3211973e+00		1.2273655e+00		9.3831802e-02
3.5900000e+02		3.6000000e+02		3.5950000e+02		3.0582840e+02		1.0326719e+00		2.5208804e+00		1.6981295e+00		1.5744895e+00		1.2363996e-01
3.6000000e+02		3.6100000e+02		3.6050000e+02		3.0178862e+02		1.0057061e+00		2.4566518e+00		1.6537412e+00		1.5332674e+00		1.2047380e-01
3.6100000e+02		3.6200000e+02		3.6150000e+02		2.8033735e+02		9.5179686e-01		2.3249582e+00		1.5660061e+00		1.4532345e+00		1.1277150e-01
3.6200000e+02		3.6300000e+02		3.6250000e+02		3.1645921e+02		1.0770536e+00		2.6313815e+00		1.7723918e+00		1.6451878e+00		1.2720398e-01
3.6300000e+02		3.6400000e+02		3.6350000e+02		3.0810145e+02		1.0653421e+00		2.6031255e+00		1.7542406e+00		1.6299513e+00		1.2428928e-01
3.6400000e+02		3.6500000e+02		3.6450000e+02		3.2221950e+02		1.1238595e+00		2.7474956e+00		1.8517787e+00		1.7222753e+00		1.2950341e-01
3.6500000e+02		3.6600000e+02		3.6550000e+02		3.6674574e+02		1.2997373e+00		3.1774360e+00		2.1424346e+00		1.9938430e+00		1.4859154e-01
3.6600000e+02		3.6700000e+02		3.6650000e+02		3.9198946e+02		1.3519786e+00		3.3108436e+00		2.2296722e+00		2.0766455e+00		1.5302671e-01
3.6700000e+02		3.6800000e+02		3.6750000e+02		3.7850004e+02		1.3677987e+00		3.3472645e+00		2.2580489e+00		2.1063546e+00		1.5169431e-01
3.6800000e+02		3.6900000e+02		3.6850000e+02		3.4895620e+02		1.2827440e+00		3.1380421e+00		2.1179544e+00		1.9761290e+00		1.4182538e-01
3.6900000e+02		3.7000000e+02		3.6950000e+02		3.8736224e+02		1.4354684e+00		3.5139863e+00		2.3722751e+00		2.2165086e+00		1.5576654e-01
3.7000000e+02		3.7100000e+02		3.7050000e+02		3.6351013e+02		1.3762253e+00		3.3655978e+00		2.2735013e+00		2.1229777e+00		1.5052358e-01
3.7100000e+02		3.7200000e+02		3.7150000e+02		3.7529261e+02		1.4389036e+00		3.5196877e+00		2.3786370e+00		2.2234329e+00		1.5520405e-01
3.7200000e+02		3.7300000e+02		3.7250000e+02		3.1177186e+02		1.1863498e+00		2.9036755e+00		1.9618727e+00		1.8349068e+00		1.2696581e-01
3.7300000e+02		3.7400000e+02		3.7350000e+02		2.7192112e+02		1.0492528e+00		2.5690547e+00		1.7362490e+00		1.6254505e+00		1.1079852e-01
3.7400000e+02		3.7500000e+02		3.7450000e+02		2.7832167e+02		1.0717278e+00		2.6253501e+00		1.7735396e+00		1.6605046e+00		1.1303501e-01
3.7500000e+02		3.7600000e+02		3.7550000e+02		3.1876744e+02		1.2541612e+00		3.0698805e+00		2.0758591e+00		1.9441581e+00		1.3170107e-01
3.7600000e+02		3.7700000e+02		3.7650000e+02		3.3048657e+02		1.3226616e+00		3.2372568e+00		2.1903252e+00		2.0529140e+00		1.3741120e-01
3.7700000e+02		3.7800000e+02		3.7750000e+02		3.8770864e+02		1.5741527e+00		3.8533466e+00		2.6079756e+00		2.4460512e+00		1.6192436e-01
3.7800000e+02		3.7900000e+02		3.7850000e+02		4.0380398e+02		1.6248462e+00		3.9796218e+00		2.6922854e+00		2.5255884e+00		1.6669706e-01
3.7900000e+02		3.8000000e+02		3.7950000e+02		3.2744385e+02		1.3205767e+00		3.2365552e+00		2.1895459e+00		2.0560032e+00		1.3354270e-01
3.8000000e+02		3.8100000e+02		3.8050000e+02		3.5656330e+02		1.4365557e+00		3.5246508e+00		2.3835512e+00		2.2406155e+00		1.4293578e-01
3.8100000e+02		3.8200000e+02		3.8150000e+02		3.2019140e+02		1.3146529e+00		3.2232158e+00		2.1806239e+00		2.0489094e+00		1.3171447e-01
3.8200000e+02		3.8300000e+02		3.8250000e+02		2.2964197e+02		9.4956077e-01		2.3304744e+00		1.5771288e+00		1.4848420e+00		9.2286868e-02
3.8300000e+02		3.8400000e+02		3.8350000e+02		2.0267593e+02		8.4493025e-01		2.0739448e+00		1.4036080e+00		1.3218458e+00		8.1762238e-02
3.8400000e+02		3.8500000e+02		3.8450000e+02		2.7111947e+02		1.1526065e+00		2.8292929e+00		1.9158476e+00		1.8058479e+00		1.0999969e-01
3.8500000e+02		3.8600000e+02		3.8550000e+02		2.8715912e+02		1.2273318e+00		3.0142016e+00		2.0413679e+00		1.9260302e+00		1.1533772e-01
3.8600000e+02		3.8700000e+02		3.8650000e+02		2.8837692e+02		1.2538615e+00		3.0777092e+00		2.0852740e+00		1.9671432e+00		1.1813083e-01
3.8700000e+02		3.8800000e+02		3.8750000e+02		2.8805300e+02		1.2640398e+00		3.1037232e+00		2.1034729e+00		1.9861200e+00		1.1735288e-01
3.8800000e+02		3.8900000e+02		3.8850000e+02		2.9209390e+02		1.3070420e+00		3.2096519e+00		2.1765648e+00		2.0573129e+00		1.1925187e-01
3.8900000e+02		3.9000000e+02		3.8950000e+02		3.5069332e+02		1.5671865e+00		3.8503573e+00		2.6104389e+00		2.4683618e+00		1.4207709e-01
3.9000000e+02		3.9100000e+02		3.9050000e+02		3.6838836e+02		1.6722429e+00		4.1061482e+00		2.7850550e+00		2.6329417e+00		1.5211331e-01
3.9100000e+02		3.9200000e+02		3.9150000e+02		3.9613874e+02		1.8100156e+00		4.4467968e+00		3.0166991e+00		2.8550438e+00		1.6165532e-01
3.9200000e+02		3.9300000e+02		3.9250000e+02		3.0403432e+02		1.3953021e+00		3.4297516e+00		2.3268688e+00		2.2041105e+00		1.2275829e-01
3.9300000e+02		3.9400000e+02		3.9350000e+02		1.8639471e+02		8.6335693e-01		2.1224386e+00		1.4401742e+00		1.3647644e+00		7.5409838e-02
3.9400000e+02		3.9500000e+02		3.9450000e+02		3.0813115e+02		1.4346392e+00		3.5291686e+00		2.3950272e+00		2.2723024e+00		1.2272484e-01
3.9500000e+02		3.9600000e+02		3.9550000e+02		3.7840801e+02		1.7960373e+00		4.4145234e+00		2.9968907e+00		2.8412496e+00		1.5564101e-01
3.9600000e+02		3.9700000e+02		3.9650000e+02		2.6140326e+02		1.2494176e+00		3.0724009e+00		2.0862188e+00		1.9798927e+00		1.0632606e-01
3.9700000e+02		3.9800000e+02		3.9750000e+02		2.9300657e+02		1.4101788e+00		3.4690651e+00		2.3558363e+00		2.2374496e+00		1.1838672e-01
3.9800000e+02		3.9900000e+02		3.9850000e+02		4.5124719e+02		2.1879085e+00		5.3837647e+00		3.6564254e+00		3.4745485e+00		1.8187697e-01
3.9900000e+02		4.0000000e+02		3.9950000e+02		4.9846141e+02		2.4381670e+00		6.0008946e+00		4.0766200e+00		3.8766214e+00		1.9999860e-01
4.0000000e+02		4.0100000e+02		4.0050000e+02		5.1407199e+02		2.5348492e+00		6.2399831e+00		4.2393595e+00		4.0329146e+00		2.0644490e-01
4.0100000e+02		4.0200000e+02		4.0150000e+02		5.3860814e+02		2.6774200e+00		6.5930888e+00		4.4798681e+00		4.2646380e+00		2.1523017e-01
4.0200000e+02		4.0300000e+02		4.0250000e+02		5.4526519e+02		2.7413399e+00		6.7556757e+00		4.5914790e+00		4.3774760e+00		2.1400296e-01
4.0300000e+02		4.0400000e+02		4.0350000e+02		5.2165796e+02		2.6689777e+00		6.5715830e+00		4.4684138e+00		4.2575116e+00		2.1090225e-01
4.0400000e+02		4.0500000e+02		4.0450000e+02		5.1300620e+02		2.6608452e+00		6.5513799e+00		4.4561562e+00		4.2477516e+00		2.0840468e-01
4.0500000e+02		4.0600000e+02		4.0550000e+02		5.1256585e+02		2.6683368e+00		6.5751809e+00		4.4728527e+00		4.2695305e+00		2.0332216e-01
4.0600000e+02		4.0700000e+02		4.0650000e+02		4.9035274e+02		2.5610333e+00		6.3152489e+00		4.2960221e+00		4.1050277e+00		1.9099446e-01
4.0700000e+02		4.0800000e+02		4.0750000e+02		4.9838294e+02		2.6434779e+00		6.5172051e+00		4.4349270e+00		4.2386141e+00		1.9631295e-01
4.0800000e+02		4.0900000e+02		4.0850000e+02		5.2990289e+02		2.8729176e+00		7.0793168e+00		4.8200624e+00		4.6069942e+00		2.1306822e-01
4.0900000e+02		4.1000000e+02		4.0950000e+02		5.2713439e+02		2.8661057e+00		7.0658718e+00		4.8109833e+00		4.6016298e+00		2.0935348e-01
4.1000000e+02		4.1100000e+02		4.1050000e+02		4.8293937e+02		2.6540689e+00		6.5432292e+00		4.4562599e+00		4.2640297e+00		1.9223021e-01
4.1100000e+02		4.1200000e+02		4.1150000e+02		5.5986852e+02		3.1133750e+00		7.6758836e+00		5.2291313e+00		5.0059333e+00		2.2319806e-01
4.1200000e+02		4.1300000e+02		4.1250000e+02		5.4940473e+02		3.0946093e+00		7.6299007e+00		5.1995614e+00		4.9803703e+00		2.1919114e-01
4.1300000e+02		4.1400000e+02		4.1350000e+02		5.2995399e+02		2.9731126e+00		7.3369505e+00		4.9980484e+00		4.7910497e+00		2.0699871e-01
4.1400000e+02		4.1500000e+02		4.1450000e+02		5.3771640e+02		3.1289819e+00		7.7142274e+00		5.2614238e+00		5.0454119e+00		2.1601194e-01
4.1500000e+02		4.1600000e+02		4.1550000e+02		5.3722776e+02		3.1664733e+00		7.8076367e+00		5.3286116e+00		5.1156743e+00		2.1293737e-01
4.1600000e+02		4.1700000e+02		4.1650000e+02		5.5745703e+02		3.3656804e+00		8.2942400e+00		5.6636508e+00		5.4370564e+00		2.2659439e-01
4.1700000e+02		4.1800000e+02		4.1750000e+02		5.0725322e+02		3.1313595e+00		7.7138934e+00		5.2702513e+00		5.0606722e+00		2.0957905e-01
4.1800000e+02		4.1900000e+02		4.1850000e+02		5.2601513e+02		3.2831333e+00		8.0897278e+00		5.5283331e+00		5.3121998e+00		2.1613332e-01
4.1900000e+02		4.2000000e+02		4.1950000e+02		5.3123875e+02		3.3039925e+00		8.1462617e+00		5.5659564e+00		5.3518642e+00		2.1409220e-01
4.2000000e+02		4.2100000e+02		4.2050000e+02		5.3797708e+02		3.3707748e+00		8.3114658e+00		5.6791671e+00		5.4617147e+00		2.1745238e-01
4.2100000e+02		4.2200000e+02		4.2150000e+02		5.2958361e+02		3.2727591e+00		8.0770419e+00		5.5155362e+00		5.3064675e+00		2.0906868e-01
4.2200000e+02		4.2300000e+02		4.2250000e+02		5.0190537e+02		3.1700160e+00		7.8207662e+00		5.3434448e+00		5.1423876e+00		2.0105714e-01
4.2300000e+02		4.2400000e+02		4.2350000e+02		5.3474862e+02		3.3743121e+00		8.3297134e+00		5.6899873e+00		5.4789463e+00		2.1104100e-01
4.2400000e+02		4.2500000e+02		4.2450000e+02		5.5328403e+02		3.4843471e+00		8.6070071e+00		5.8774193e+00		5.6620695e+00		2.1534978e-01
4.2500000e+02		4.2600000e+02		4.2550000e+02		5.3248014e+02		3.3753203e+00		8.3407239e+00		5.6957325e+00		5.4901541e+00		2.0557836e-01
4.2600000e+02		4.2700000e+02		4.2650000e+02		5.3029841e+02		3.4261448e+00		8.4654341e+00		5.7843406e+00		5.5795512e+00		2.0478944e-01
4.2700000e+02		4.2800000e+02		4.2750000e+02		4.9171747e+02		3.2196992e+00		7.9561131e+00		5.4379292e+00		5.2483883e+00		1.8954081e-01
4.2800000e+02		4.2900000e+02		4.2850000e+02		4.9494538e+02		3.4261356e+00		8.4581602e+00		5.7905168e+00		5.5941862e+00		1.9633068e-01
4.2900000e+02		4.3000000e+02		4.2950000e+02		4.6063718e+02		3.2500822e+00		8.0202056e+00		5.4943555e+00		5.3100076e+00		1.8434791e-01
4.3000000e+02		4.3100000e+02		4.3050000e+02		3.7055843e+02		2.6394628e+00		6.5129352e+00		4.4635860e+00		4.3159219e+00		1.4766414e-01
4.3100000e+02		4.3200000e+02		4.3150000e+02		4.5818753e+02		3.3290161e+00		8.2111273e+00		5.6299121e+00		5.4439784e+00		1.8593367e-01
4.3200000e+02		4.3300000e+02		4.3250000e+02		5.1625369e+02		3.6994137e+00		9.1238525e+00		6.2524311e+00		6.0405039e+00		2.1192716e-01
4.3300000e+02		4.3400000e+02		4.3350000e+02		5.6047485e+02		3.8969035e+00		9.6351299e+00		6.5947186e+00		6.3830989e+00		2.1161962e-01
4.3400000e+02		4.3500000e+02		4.3450000e+02		4.7595241e+02		3.3219929e+00		8.2094253e+00		5.6162175e+00		5.4281938e+00		1.8802371e-01
4.3500000e+02		4.3600000e+02		4.3550000e+02		5.3162725e+02		3.6555955e+00		9.0478351e+00		6.1877093e+00		5.9910455e+00		1.9666381e-01
4.3600000e+02		4.3700000e+02		4.3650000e+02		5.9481241e+02		4.2293413e+00		1.0462234e+01		7.1625922e+00		6.9401461e+00		2.2244606e-01
4.3700000e+02		4.3800000e+02		4.3750000e+02		5.2629983e+02		3.8872057e+00		9.6048450e+00		6.5818302e+00		6.3755499e+00		2.0628029e-01
4.3800000e+02		4.3900000e+02		4.3850000e+02		5.1257868e+02		3.8597973e+00		9.5390464e+00		6.5409910e+00		6.3437723e+00		1.9721865e-01
4.3900000e+02		4.4000000e+02		4.3950000e+02		5.7051902e+02		4.3346110e+00		1.0712196e+01		7.3454624e+00		7.1237508e+00		2.2171159e-01
4.4000000e+02		4.4100000e+02		4.4050000e+02		5.4089681e+02		4.1014176e+00		1.0143750e+01		6.9538067e+00		6.7488252e+00		2.0498150e-01
4.4100000e+02		4.4200000e+02		4.4150000e+02		5.9491633e+02		4.5639119e+00		1.1282033e+01		7.7383040e+00		7.5106922e+00		2.2761175e-01
4.4200000e+02		4.4300000e+02		4.4250000e+02		6.2544254e+02		4.8283292e+00		1.1935333e+01		8.1875300e+00		7.9479546e+00		2.3957546e-01
4.4300000e+02		4.4400000e+02		4.4350000e+02		6.0497206e+02		4.6873426e+00		1.1590819e+01		7.9508370e+00		7.7215107e+00		2.2932626e-01
4.4400000e+02		4.4500000e+02		4.4450000e+02		6.2324411e+02		4.8598790e+00		1.2020400e+01		8.2453498e+00		8.0101098e+00		2.3523997e-01
4.4500000e+02		4.4600000e+02		4.4550000e+02		5.7783999e+02		4.4750956e+00		1.1087072e+01		7.5974727e+00		7.3876236e+00		2.0984911e-01
4.4600000e+02		4.4700000e+02		4.4650000e+02		5.8940025e+02		4.5779998e+00		1.1351101e+01		7.7757806e+00		7.5660308e+00		2.0974987e-01
4.4700000e+02		4.4800000e+02		4.4750000e+02		6.3881895e+02		4.9803428e+00		1.2354487e+01		8.4614429e+00		8.2363711e+00		2.2507173e-01
4.4800000e+02		4.4900000e+02		4.4850000e+02		6.2805979e+02		4.9251159e+00		1.2221706e+01		8.3697207e+00		8.1500224e+00		2.1969827e-01
4.4900000e+02		4.5000000e+02		4.4950000e+02		6.3454704e+02		5.0112180e+00		1.2441323e+01		8.5208591e+00		8.3039000e+00		2.1695912e-01
4.5000000e+02		4.5100000e+02		4.5050000e+02		6.7325368e+02		5.3620708e+00		1.3316459e+01		9.1212510e+00		8.8943159e+00		2.2693509e-01
4.5100000e+02		4.5200000e+02		4.5150000e+02		6.7122600e+02		5.2579193e+00		1.3073082e+01		8.9443877e+00		8.7222780e+00		2.2210972e-01
4.5200000e+02		4.5300000e+02		4.5250000e+02		6.3541039e+02		5.1148287e+00		1.2704019e+01		8.7020580e+00		8.4874757e+00		2.1458231e-01
4.5300000e+02		4.5400000e+02		4.5350000e+02		6.0888666e+02		4.9901160e+00		1.2394966e+01		8.4925998e+00		8.2869656e+00		2.0563418e-01
4.5400000e+02		4.5500000e+02		4.5450000e+02		6.4999363e+02		5.3633904e+00		1.3321430e+01		9.1298121e+00		8.9114495e+00		2.1836267e-01
4.5500000e+02		4.5600000e+02		4.5550000e+02		6.4380306e+02		5.3654140e+00		1.3318021e+01		9.1307976e+00		8.9089932e+00		2.2180440e-01
4.5600000e+02		4.5700000e+02		4.5650000e+02		6.6853861e+02		5.6122584e+00		1.3926509e+01		9.5524196e+00		9.3225214e+00		2.2989817e-01
4.5700000e+02		4.5800000e+02		4.5750000e+02		6.7499745e+02		5.7981129e+00		1.4372791e+01		9.8670021e+00		9.6270951e+00		2.3990700e-01
4.5800000e+02		4.5900000e+02		4.5850000e+02		6.3439039e+02		5.4649713e+00		1.3553481e+01		9.3032667e+00		9.0815043e+00		2.2176238e-01
4.5900000e+02		4.6000000e+02		4.5950000e+02		6.5539586e+02		5.6637560e+00		1.4051601e+01		9.6443513e+00		9.4181897e+00		2.2616159e-01
4.6000000e+02		4.6100000e+02		4.6050000e+02		6.4752339e+02		5.6704772e+00		1.4069536e+01		9.6586309e+00		9.4360730e+00		2.2255789e-01
4.6100000e+02		4.6200000e+02		4.6150000e+02		6.6245412e+02		5.9218086e+00		1.4686235e+01		1.0089307e+01		9.8604078e+00		2.2889952e-01
4.6200000e+02		4.6300000e+02		4.6250000e+02		6.6901120e+02		6.0342316e+00		1.4964714e+01		1.0280575e+01		1.0046958e+01		2.3361794e-01
4.6300000e+02		4.6400000e+02		4.6350000e+02		6.4662616e+02		5.7695003e+00		1.4335185e+01		9.8373609e+00		9.6246614e+00		2.1269948e-01
4.6400000e+02		4.6500000e+02		4.6450000e+02		6.5795753e+02		5.9144786e+00		1.4707908e+01		1.0088474e+01		9.8757792e+00		2.1269480e-01
4.6500000e+02		4.6600000e+02		4.6550000e+02		6.3552746e+02		6.0496470e+00		1.4969072e+01		1.0308266e+01		1.0076000e+01		2.3226552e-01
4.6600000e+02		4.6700000e+02		4.6650000e+02		6.3955371e+02		6.2756784e+00		1.5510492e+01		1.0692759e+01		1.0450924e+01		2.4183430e-01
4.6700000e+02		4.6800000e+02		4.6750000e+02		6.4572639e+02		6.3698905e+00		1.5745230e+01		1.0855506e+01		1.0613080e+01		2.4242594e-01
4.6800000e+02		4.6900000e+02		4.6850000e+02		6.3145002e+02		6.2482811e+00		1.5453970e+01		1.0651255e+01		1.0417548e+01		2.3370680e-01
4.6900000e+02		4.7000000e+02		4.6950000e+02		6.4956875e+02		6.5062797e+00		1.6092903e+01		1.1095398e+01		1.0857971e+01		2.3742704e-01
4.7000000e+02		4.7100000e+02		4.7050000e+02		6.1381170e+02		6.2852606e+00		1.5541731e+01		1.0721286e+01		1.0495748e+01		2.2553763e-01
4.7100000e+02		4.7200000e+02		4.7150000e+02		6.4174114e+02		6.5929398e+00		1.6305102e+01		1.1246938e+01		1.1011478e+01		2.3545991e-01
4.7200000e+02		4.7300000e+02		4.7250000e+02		6.5742798e+02		6.9433935e+00		1.7163931e+01		1.1848144e+01		1.1604765e+01		2.4337916e-01
4.7300000e+02		4.7400000e+02		4.7350000e+02		6.4563741e+02		6.8733783e+00		1.6990529e+01		1.1730420e+01		1.1491885e+01		2.3853564e-01
4.7400000e+02		4.7500000e+02		4.7450000e+02		6.6512717e+02		6.9063509e+00		1.7138182e+01		1.1800159e+01		1.1578875e+01		2.2128439e-01
4.7500000e+02		4.7600000e+02		4.7550000e+02		6.6365303e+02		7.0725476e+00		1.7524061e+01		1.2082860e+01		1.1854526e+01		2.2833385e-01
4.7600000e+02		4.7700000e+02		4.7650000e+02		6.3952653e+02		7.0270491e+00		1.7374691e+01		1.2000758e+01		1.1767921e+01		2.3283693e-01
4.7700000e+02		4.7800000e+02		4.7750000e+02		6.6772274e+02		7.4089879e+00		1.8321357e+01		1.2655868e+01		1.2414252e+01		2.4161594e-01
4.7800000e+02		4.7900000e+02		4.7850000e+02		6.6128260e+02		7.4364131e+00		1.8387476e+01		1.2703822e+01		1.2462823e+01		2.4099877e-01
4.7900000e+02		4.8000000e+02		4.7950000e+02		6.6320839e+02		7.5383548e+00		1.8640541e+01		1.2881290e+01		1.2641520e+01		2.3976968e-01
4.8000000e+02		4.8100000e+02		4.8050000e+02		6.6489751e+02		7.6170635e+00		1.8847749e+01		1.3021977e+01		1.2788164e+01		2.3381385e-01
4.8100000e+02		4.8200000e+02		4.8150000e+02		6.6630748e+02		7.4046162e+00		1.8397080e+01		1.2673344e+01		1.2465945e+01		2.0739980e-01
4.8200000e+02		4.8300000e+02		4.8250000e+02		6.6376999e+02		7.5187357e+00		1.8674276e+01		1.2870538e+01		1.2662501e+01		2.0803736e-01
4.8300000e+02		4.8400000e+02		4.8350000e+02		6.5373157e+02		7.4917473e+00		1.8606367e+01		1.2824793e+01		1.2618123e+01		2.0667074e-01
4.8400000e+02		4.8500000e+02		4.8450000e+02		6.4242337e+02		7.3524572e+00		1.8267056e+01		1.2589958e+01		1.2392060e+01		1.9789775e-01
4.8500000e+02		4.8600000e+02		4.8550000e+02		6.0369332e+02		6.7611699e+00		1.6819298e+01		1.1577752e+01		1.1396156e+01		1.8159633e-01
4.8600000e+02		4.8700000e+02		4.8650000e+02		5.2412565e+02		6.0047720e+00		1.4935712e+01		1.0285503e+01		1.0128319e+01		1.5718413e-01
4.8700000e+02		4.8800000e+02		4.8750000e+02		5.9966111e+02		7.6741418e+00		1.8960117e+01		1.3135759e+01		1.2922325e+01		2.1343374e-01
4.8800000e+02		4.8900000e+02		4.8850000e+02		6.3081686e+02		8.0563669e+00		1.9907382e+01		1.3790068e+01		1.3566082e+01		2.2398600e-01
4.8900000e+02		4.9000000e+02		4.8950000e+02		6.1880396e+02		8.0462943e+00		1.9879286e+01		1.3774773e+01		1.3553726e+01		2.2104673e-01
4.9000000e+02		4.9100000e+02		4.9050000e+02		6.5907671e+02		8.6164825e+00		2.1292113e+01		1.4754020e+01		1.4521569e+01		2.3245075e-01
4.9100000e+02		4.9200000e+02		4.9150000e+02		6.2110374e+02		8.8625877e+00		2.1852449e+01		1.5181894e+01		1.4951639e+01		2.3025503e-01
4.9200000e+02		4.9300000e+02		4.9250000e+02		5.9112858e+02		8.4423230e+00		2.0822756e+01		1.4465291e+01		1.4250496e+01		2.1479543e-01
4.9300000e+02		4.9400000e+02		4.9350000e+02		6.2472140e+02		8.5768318e+00		2.1182548e+01		1.4694038e+01		1.4473466e+01		2.2057238e-01
4.9400000e+02		4.9500000e+02		4.9450000e+02		6.4279699e+02		8.9720467e+00		2.2155531e+01		1.5373716e+01		1.5146512e+01		2.2720396e-01
4.9500000e+02		4.9600000e+02		4.9550000e+02		6.3133158e+02		8.9571626e+00		2.2114998e+01		1.5351736e+01		1.5129723e+01		2.2201307e-01
4.9600000e+02		4.9700000e+02		4.9650000e+02		6.3921352e+02		9.1884907e+00		2.2682790e+01		1.5749548e+01		1.5523629e+01		2.2591928e-01
4.9700000e+02		4.9800000e+02		4.9750000e+02		6.5113923e+02		9.1927459e+00		2.2708065e+01		1.5756243e+01		1.5529401e+01		2.2684187e-01
4.9800000e+02		4.9900000e+02		4.9850000e+02		5.9175801e+02		8.2516108e+00		2.0396650e+01		1.4144809e+01		1.3943458e+01		2.0135177e-01
4.9900000e+02		5.0000000e+02		4.9950000e+02		6.3385792e+02		9.0062325e+00		2.2262214e+01		1.5442799e+01		1.5229080e+01		2.1371902e-01
