Left Bin Edge (nm)	Right Bin Edge (nm)	Bin Center (nm)		Top of Atm Intensity (erg/s/nm/cm2)		Total Surface Flux (erg/s/nm/cm2)		Total Intensity at BOA (erg/s/nm/cm2)		Total Surface Intensity (erg/s/nm/cm2)		Total Surface Diffuse Intensity (erg/s/nm/cm2)		Total Surface Direct Intensity (erg/s/nm/cm2)
1.0000000e+02		1.0100000e+02		1.0050000e+02		1.9189487e-02		0.0000000e+00		0.0000000e+00		0.0000000e+00		0.0000000e+00		0.0000000e+00
1.0100000e+02		1.0200000e+02		1.0150000e+02		7.4861701e-02		0.0000000e+00		0.0000000e+00		0.0000000e+00		0.0000000e+00		0.0000000e+00
1.0200000e+02		1.0300000e+02		1.0250000e+02		3.9734366e-01		0.0000000e+00		0.0000000e+00		0.0000000e+00		0.0000000e+00		0.0000000e+00
1.0300000e+02		1.0400000e+02		1.0350000e+02		3.0179545e-01		0.0000000e+00		0.0000000e+00		0.0000000e+00		0.0000000e+00		0.0000000e+00
1.0400000e+02		1.0500000e+02		1.0450000e+02		6.0815352e-02		0.0000000e+00		0.0000000e+00		0.0000000e+00		0.0000000e+00		0.0000000e+00
1.0500000e+02		1.0600000e+02		1.0550000e+02		2.0834600e-02		0.0000000e+00		0.0000000e+00		0.0000000e+00		0.0000000e+00		0.0000000e+00
1.0600000e+02		1.0700000e+02		1.0650000e+02		1.9584792e-02		0.0000000e+00		0.0000000e+00		0.0000000e+00		0.0000000e+00		0.0000000e+00
1.0700000e+02		1.0800000e+02		1.0750000e+02		2.1853879e-02		0.0000000e+00		0.0000000e+00		0.0000000e+00		0.0000000e+00		0.0000000e+00
1.0800000e+02		1.0900000e+02		1.0850000e+02		3.0634999e-02		0.0000000e+00		0.0000000e+00		0.0000000e+00		0.0000000e+00		0.0000000e+00
1.0900000e+02		1.1000000e+02		1.0950000e+02		2.4032561e-02		0.0000000e+00		0.0000000e+00		0.0000000e+00		0.0000000e+00		0.0000000e+00
1.1000000e+02		1.1100000e+02		1.1050000e+02		2.3268893e-02		0.0000000e+00		0.0000000e+00		0.0000000e+00		0.0000000e+00		0.0000000e+00
1.1100000e+02		1.1200000e+02		1.1150000e+02		2.1871272e-02		0.0000000e+00		0.0000000e+00		0.0000000e+00		0.0000000e+00		0.0000000e+00
1.1200000e+02		1.1300000e+02		1.1250000e+02		2.2375602e-02		0.0000000e+00		0.0000000e+00		0.0000000e+00		0.0000000e+00		0.0000000e+00
1.1300000e+02		1.1400000e+02		1.1350000e+02		1.7748133e-02		0.0000000e+00		0.0000000e+00		0.0000000e+00		0.0000000e+00		0.0000000e+00
1.1400000e+02		1.1500000e+02		1.1450000e+02		1.3589480e-02		0.0000000e+00		0.0000000e+00		0.0000000e+00		0.0000000e+00		0.0000000e+00
1.1500000e+02		1.1600000e+02		1.1550000e+02		1.8751615e-02		0.0000000e+00		0.0000000e+00		0.0000000e+00		0.0000000e+00		0.0000000e+00
1.1600000e+02		1.1700000e+02		1.1650000e+02		4.3674487e-02		0.0000000e+00		0.0000000e+00		0.0000000e+00		0.0000000e+00		0.0000000e+00
1.1700000e+02		1.1800000e+02		1.1750000e+02		1.5546757e-01		0.0000000e+00		0.0000000e+00		0.0000000e+00		0.0000000e+00		0.0000000e+00
1.1800000e+02		1.1900000e+02		1.1850000e+02		5.2889236e-02		0.0000000e+00		0.0000000e+00		0.0000000e+00		0.0000000e+00		0.0000000e+00
1.1900000e+02		1.2000000e+02		1.1950000e+02		7.3692884e-02		0.0000000e+00		0.0000000e+00		0.0000000e+00		0.0000000e+00		0.0000000e+00
1.2000000e+02		1.2100000e+02		1.2050000e+02		4.0066072e-01		0.0000000e+00		0.0000000e+00		0.0000000e+00		0.0000000e+00		0.0000000e+00
1.2100000e+02		1.2200000e+02		1.2150000e+02		1.5905289e+01		0.0000000e+00		0.0000000e+00		0.0000000e+00		0.0000000e+00		0.0000000e+00
1.2200000e+02		1.2300000e+02		1.2250000e+02		1.0666543e-01		0.0000000e+00		0.0000000e+00		0.0000000e+00		0.0000000e+00		0.0000000e+00
1.2300000e+02		1.2400000e+02		1.2350000e+02		5.7456553e-02		0.0000000e+00		0.0000000e+00		0.0000000e+00		0.0000000e+00		0.0000000e+00
1.2400000e+02		1.2500000e+02		1.2450000e+02		4.6184197e-02		0.0000000e+00		0.0000000e+00		0.0000000e+00		0.0000000e+00		0.0000000e+00
1.2500000e+02		1.2600000e+02		1.2550000e+02		4.5085118e-02		0.0000000e+00		0.0000000e+00		0.0000000e+00		0.0000000e+00		0.0000000e+00
1.2600000e+02		1.2700000e+02		1.2650000e+02		6.3054464e-02		0.0000000e+00		0.0000000e+00		0.0000000e+00		0.0000000e+00		0.0000000e+00
1.2700000e+02		1.2800000e+02		1.2750000e+02		3.3006429e-02		0.0000000e+00		0.0000000e+00		0.0000000e+00		0.0000000e+00		0.0000000e+00
1.2800000e+02		1.2900000e+02		1.2850000e+02		2.6335196e-02		0.0000000e+00		0.0000000e+00		0.0000000e+00		0.0000000e+00		0.0000000e+00
1.2900000e+02		1.3000000e+02		1.2950000e+02		3.5131240e-02		0.0000000e+00		0.0000000e+00		0.0000000e+00		0.0000000e+00		0.0000000e+00
1.3000000e+02		1.3100000e+02		1.3050000e+02		2.8850634e-01		0.0000000e+00		0.0000000e+00		0.0000000e+00		0.0000000e+00		0.0000000e+00
1.3100000e+02		1.3200000e+02		1.3150000e+02		3.9064855e-02		0.0000000e+00		0.0000000e+00		0.0000000e+00		0.0000000e+00		0.0000000e+00
1.3200000e+02		1.3300000e+02		1.3250000e+02		3.0374778e-02		0.0000000e+00		0.0000000e+00		0.0000000e+00		0.0000000e+00		0.0000000e+00
1.3300000e+02		1.3400000e+02		1.3350000e+02		4.1056606e-01		0.0000000e+00		0.0000000e+00		0.0000000e+00		0.0000000e+00		0.0000000e+00
1.3400000e+02		1.3500000e+02		1.3450000e+02		2.8092500e-02		0.0000000e+00		0.0000000e+00		0.0000000e+00		0.0000000e+00		0.0000000e+00
1.3500000e+02		1.3600000e+02		1.3550000e+02		5.8954708e-02		0.0000000e+00		0.0000000e+00		0.0000000e+00		0.0000000e+00		0.0000000e+00
1.3600000e+02		1.3700000e+02		1.3650000e+02		3.8690656e-02		0.0000000e+00		0.0000000e+00		0.0000000e+00		0.0000000e+00		0.0000000e+00
1.3700000e+02		1.3800000e+02		1.3750000e+02		3.9732879e-02		0.0000000e+00		0.0000000e+00		0.0000000e+00		0.0000000e+00		0.0000000e+00
1.3800000e+02		1.3900000e+02		1.3850000e+02		4.0549866e-02		0.0000000e+00		0.0000000e+00		0.0000000e+00		0.0000000e+00		0.0000000e+00
1.3900000e+02		1.4000000e+02		1.3950000e+02		1.3692187e-01		0.0000000e+00		0.0000000e+00		0.0000000e+00		0.0000000e+00		0.0000000e+00
1.4000000e+02		1.4100000e+02		1.4050000e+02		1.1939088e-01		0.0000000e+00		0.0000000e+00		0.0000000e+00		0.0000000e+00		0.0000000e+00
1.4100000e+02		1.4200000e+02		1.4150000e+02		5.7521948e-02		0.0000000e+00		0.0000000e+00		0.0000000e+00		0.0000000e+00		0.0000000e+00
1.4200000e+02		1.4300000e+02		1.4250000e+02		6.2343151e-02		0.0000000e+00		0.0000000e+00		0.0000000e+00		0.0000000e+00		0.0000000e+00
1.4300000e+02		1.4400000e+02		1.4350000e+02		6.9165895e-02		0.0000000e+00		0.0000000e+00		0.0000000e+00		0.0000000e+00		0.0000000e+00
1.4400000e+02		1.4500000e+02		1.4450000e+02		6.6149126e-02		0.0000000e+00		0.0000000e+00		0.0000000e+00		0.0000000e+00		0.0000000e+00
1.4500000e+02		1.4600000e+02		1.4550000e+02		7.0536262e-02		0.0000000e+00		0.0000000e+00		0.0000000e+00		0.0000000e+00		0.0000000e+00
1.4600000e+02		1.4700000e+02		1.4650000e+02		8.6012655e-02		0.0000000e+00		0.0000000e+00		0.0000000e+00		0.0000000e+00		0.0000000e+00
1.4700000e+02		1.4800000e+02		1.4750000e+02		1.0610345e-01		0.0000000e+00		0.0000000e+00		0.0000000e+00		0.0000000e+00		0.0000000e+00
1.4800000e+02		1.4900000e+02		1.4850000e+02		1.0405386e-01		0.0000000e+00		0.0000000e+00		0.0000000e+00		0.0000000e+00		0.0000000e+00
1.4900000e+02		1.5000000e+02		1.4950000e+02		9.4002421e-02		0.0000000e+00		0.0000000e+00		0.0000000e+00		0.0000000e+00		0.0000000e+00
1.5000000e+02		1.5100000e+02		1.5050000e+02		1.0343288e-01		0.0000000e+00		0.0000000e+00		0.0000000e+00		0.0000000e+00		0.0000000e+00
1.5100000e+02		1.5200000e+02		1.5150000e+02		1.0875212e-01		0.0000000e+00		0.0000000e+00		0.0000000e+00		0.0000000e+00		0.0000000e+00
1.5200000e+02		1.5300000e+02		1.5250000e+02		1.3876638e-01		0.0000000e+00		0.0000000e+00		0.0000000e+00		0.0000000e+00		0.0000000e+00
1.5300000e+02		1.5400000e+02		1.5350000e+02		1.5371418e-01		0.0000000e+00		0.0000000e+00		0.0000000e+00		0.0000000e+00		0.0000000e+00
1.5400000e+02		1.5500000e+02		1.5450000e+02		4.1112511e-01		0.0000000e+00		0.0000000e+00		0.0000000e+00		0.0000000e+00		0.0000000e+00
1.5500000e+02		1.5600000e+02		1.5550000e+02		3.3836363e-01		0.0000000e+00		0.0000000e+00		0.0000000e+00		0.0000000e+00		0.0000000e+00
1.5600000e+02		1.5700000e+02		1.5650000e+02		2.0084632e-01		0.0000000e+00		0.0000000e+00		0.0000000e+00		0.0000000e+00		0.0000000e+00
1.5700000e+02		1.5800000e+02		1.5750000e+02		1.8216796e-01		0.0000000e+00		0.0000000e+00		0.0000000e+00		0.0000000e+00		0.0000000e+00
1.5800000e+02		1.5900000e+02		1.5850000e+02		1.6795176e-01		0.0000000e+00		0.0000000e+00		0.0000000e+00		0.0000000e+00		0.0000000e+00
1.5900000e+02		1.6000000e+02		1.5950000e+02		1.6379377e-01		0.0000000e+00		0.0000000e+00		0.0000000e+00		0.0000000e+00		0.0000000e+00
1.6000000e+02		1.6100000e+02		1.6050000e+02		1.7926410e-01		0.0000000e+00		0.0000000e+00		0.0000000e+00		0.0000000e+00		0.0000000e+00
1.6100000e+02		1.6200000e+02		1.6150000e+02		2.0306941e-01		0.0000000e+00		0.0000000e+00		0.0000000e+00		0.0000000e+00		0.0000000e+00
1.6200000e+02		1.6300000e+02		1.6250000e+02		2.2492895e-01		0.0000000e+00		0.0000000e+00		0.0000000e+00		0.0000000e+00		0.0000000e+00
1.6300000e+02		1.6400000e+02		1.6350000e+02		4.7671727e-01		0.0000000e+00		0.0000000e+00		0.0000000e+00		0.0000000e+00		0.0000000e+00
1.6400000e+02		1.6500000e+02		1.6450000e+02		4.8753270e-01		0.0000000e+00		0.0000000e+00		0.0000000e+00		0.0000000e+00		0.0000000e+00
1.6500000e+02		1.6600000e+02		1.6550000e+02		5.7072689e-01		0.0000000e+00		0.0000000e+00		0.0000000e+00		0.0000000e+00		0.0000000e+00
1.6600000e+02		1.6700000e+02		1.6650000e+02		2.6919628e-01		0.0000000e+00		0.0000000e+00		0.0000000e+00		0.0000000e+00		0.0000000e+00
1.6700000e+02		1.6800000e+02		1.6750000e+02		2.8728373e-01		0.0000000e+00		0.0000000e+00		0.0000000e+00		0.0000000e+00		0.0000000e+00
1.6800000e+02		1.6900000e+02		1.6850000e+02		3.0958866e-01		0.0000000e+00		0.0000000e+00		0.0000000e+00		0.0000000e+00		0.0000000e+00
1.6900000e+02		1.7000000e+02		1.6950000e+02		3.8988989e-01		0.0000000e+00		0.0000000e+00		0.0000000e+00		0.0000000e+00		0.0000000e+00
1.7000000e+02		1.7100000e+02		1.7050000e+02		4.3752516e-01		0.0000000e+00		0.0000000e+00		0.0000000e+00		0.0000000e+00		0.0000000e+00
1.7100000e+02		1.7200000e+02		1.7150000e+02		4.3618394e-01		0.0000000e+00		0.0000000e+00		0.0000000e+00		0.0000000e+00		0.0000000e+00
1.7200000e+02		1.7300000e+02		1.7250000e+02		4.5514763e-01		0.0000000e+00		0.0000000e+00		0.0000000e+00		0.0000000e+00		0.0000000e+00
1.7300000e+02		1.7400000e+02		1.7350000e+02		4.5120572e-01		0.0000000e+00		0.0000000e+00		0.0000000e+00		0.0000000e+00		0.0000000e+00
1.7400000e+02		1.7500000e+02		1.7450000e+02		5.3951828e-01		0.0000000e+00		0.0000000e+00		0.0000000e+00		0.0000000e+00		0.0000000e+00
1.7500000e+02		1.7600000e+02		1.7550000e+02		6.4389120e-01		0.0000000e+00		0.0000000e+00		0.0000000e+00		0.0000000e+00		0.0000000e+00
1.7600000e+02		1.7700000e+02		1.7650000e+02		6.9472845e-01		0.0000000e+00		0.0000000e+00		0.0000000e+00		0.0000000e+00		0.0000000e+00
1.7700000e+02		1.7800000e+02		1.7750000e+02		8.1849614e-01		0.0000000e+00		0.0000000e+00		0.0000000e+00		0.0000000e+00		0.0000000e+00
1.7800000e+02		1.7900000e+02		1.7850000e+02		8.9455089e-01		0.0000000e+00		0.0000000e+00		0.0000000e+00		0.0000000e+00		0.0000000e+00
1.7900000e+02		1.8000000e+02		1.7950000e+02		8.6966614e-01		0.0000000e+00		0.0000000e+00		0.0000000e+00		0.0000000e+00		0.0000000e+00
1.8000000e+02		1.8100000e+02		1.8050000e+02		1.0753674e+00		0.0000000e+00		0.0000000e+00		0.0000000e+00		0.0000000e+00		0.0000000e+00
1.8100000e+02		1.8200000e+02		1.8150000e+02		1.3093431e+00		0.0000000e+00		0.0000000e+00		0.0000000e+00		0.0000000e+00		0.0000000e+00
1.8200000e+02		1.8300000e+02		1.8250000e+02		1.2087370e+00		0.0000000e+00		0.0000000e+00		0.0000000e+00		0.0000000e+00		0.0000000e+00
1.8300000e+02		1.8400000e+02		1.8350000e+02		1.2728289e+00		0.0000000e+00		0.0000000e+00		0.0000000e+00		0.0000000e+00		0.0000000e+00
1.8400000e+02		1.8500000e+02		1.8450000e+02		1.0940339e+00		0.0000000e+00		0.0000000e+00		0.0000000e+00		0.0000000e+00		0.0000000e+00
1.8500000e+02		1.8600000e+02		1.8550000e+02		1.2372281e+00		0.0000000e+00		0.0000000e+00		0.0000000e+00		0.0000000e+00		0.0000000e+00
1.8600000e+02		1.8700000e+02		1.8650000e+02		1.4037992e+00		0.0000000e+00		0.0000000e+00		0.0000000e+00		0.0000000e+00		0.0000000e+00
1.8700000e+02		1.8800000e+02		1.8750000e+02		1.5907538e+00		0.0000000e+00		0.0000000e+00		0.0000000e+00		0.0000000e+00		0.0000000e+00
1.8800000e+02		1.8900000e+02		1.8850000e+02		1.6735993e+00		0.0000000e+00		0.0000000e+00		0.0000000e+00		0.0000000e+00		0.0000000e+00
1.8900000e+02		1.9000000e+02		1.8950000e+02		1.8559600e+00		0.0000000e+00		0.0000000e+00		0.0000000e+00		0.0000000e+00		0.0000000e+00
1.9000000e+02		1.9100000e+02		1.9050000e+02		1.9109940e+00		0.0000000e+00		0.0000000e+00		0.0000000e+00		0.0000000e+00		0.0000000e+00
1.9100000e+02		1.9200000e+02		1.9150000e+02		2.0707336e+00		0.0000000e+00		0.0000000e+00		0.0000000e+00		0.0000000e+00		0.0000000e+00
1.9200000e+02		1.9300000e+02		1.9250000e+02		2.1685186e+00		0.0000000e+00		0.0000000e+00		0.0000000e+00		0.0000000e+00		0.0000000e+00
1.9300000e+02		1.9400000e+02		1.9350000e+02		1.6554009e+00		0.0000000e+00		0.0000000e+00		0.0000000e+00		0.0000000e+00		0.0000000e+00
1.9400000e+02		1.9500000e+02		1.9450000e+02		2.6556632e+00		0.0000000e+00		0.0000000e+00		0.0000000e+00		0.0000000e+00		0.0000000e+00
1.9500000e+02		1.9600000e+02		1.9550000e+02		2.5630279e+00		0.0000000e+00		0.0000000e+00		0.0000000e+00		0.0000000e+00		0.0000000e+00
1.9600000e+02		1.9700000e+02		1.9650000e+02		2.8204934e+00		-2.1618075e-280		0.0000000e+00		-3.7726024e-280		-3.8111818e-280		3.8579351e-282
1.9700000e+02		1.9800000e+02		1.9750000e+02		2.8068384e+00		4.9697846e-206		0.0000000e+00		5.3708355e-206		9.4889666e-207		4.4219389e-206
1.9800000e+02		1.9900000e+02		1.9850000e+02		2.7505577e+00		1.3921024e-133		0.0000000e+00		1.5735018e-133		4.2919540e-134		1.1443064e-133
1.9900000e+02		2.0000000e+02		1.9950000e+02		2.8965557e+00		2.5019536e-90		9.8897147e-87		3.0321563e-90		1.2544731e-90		1.7776832e-90
2.0000000e+02		2.0100000e+02		2.0050000e+02		3.0623388e+00		1.4851866e-63		6.3210763e-61		1.9796387e-63		1.1698861e-63		8.0975252e-64
2.0100000e+02		2.0200000e+02		2.0150000e+02		3.2593670e+00		2.7198570e-28		7.6648085e-27		4.7109295e-28		4.7109282e-28		1.3139356e-34
2.0200000e+02		2.0300000e+02		2.0250000e+02		3.2217937e+00		3.3803867e-22		5.7340519e-21		5.8550016e-22		5.8550016e-22		2.0572375e-31
2.0300000e+02		2.0400000e+02		2.0350000e+02		3.4484145e+00		4.6482425e-11		3.4857974e-10		8.0509923e-11		8.0509923e-11		5.8226836e-27
2.0400000e+02		2.0500000e+02		2.0450000e+02		3.7117169e+00		5.3909928e-04		2.8835025e-03		9.3374734e-04		9.3374734e-04		4.7163110e-25
2.0500000e+02		2.0600000e+02		2.0550000e+02		3.7200399e+00		5.9690950e-04		3.1612292e-03		1.0338776e-03		1.0338776e-03		1.6216919e-24
2.0600000e+02		2.0700000e+02		2.0650000e+02		3.7247532e+00		6.5748822e-04		3.4482226e-03		1.1388030e-03		1.1388030e-03		5.3810413e-24
2.0700000e+02		2.0800000e+02		2.0750000e+02		4.0454145e+00		7.8611840e-04		4.0830798e-03		1.3615970e-03		1.3615970e-03		1.8757045e-23
2.0800000e+02		2.0900000e+02		2.0850000e+02		4.3759554e+00		9.3404938e-04		4.8052165e-03		1.6178210e-03		1.6178210e-03		6.3091894e-23
2.0900000e+02		2.1000000e+02		2.0950000e+02		5.6528678e+00		1.3185038e-03		6.7194785e-03		2.2837155e-03		2.2837155e-03		2.4556581e-22
2.1000000e+02		2.1100000e+02		2.1050000e+02		6.9678423e+00		1.7825902e-03		8.9997501e-03		3.0875368e-03		3.0875368e-03		8.8595784e-22
2.1100000e+02		2.1200000e+02		2.1150000e+02		7.9326445e+00		2.2209056e-03		1.1109257e-02		3.8467214e-03		3.8467214e-03		2.8684326e-21
2.1200000e+02		2.1300000e+02		2.1250000e+02		7.0734222e+00		2.1656038e-03		1.0733698e-02		3.7509358e-03		3.7509358e-03		7.0751364e-21
2.1300000e+02		2.1400000e+02		2.1350000e+02		7.2066449e+00		2.4030227e-03		1.1803295e-02		4.1621574e-03		4.1621574e-03		1.9405988e-20
2.1400000e+02		2.1500000e+02		2.1450000e+02		9.2279181e+00		3.4075641e-03		1.6584391e-02		5.9020742e-03		5.9020742e-03		6.5497438e-20
2.1500000e+02		2.1600000e+02		2.1550000e+02		7.9257408e+00		3.1255639e-03		1.5081552e-02		5.4136356e-03		5.4136356e-03		1.4319499e-19
2.1600000e+02		2.1700000e+02		2.1650000e+02		7.3353469e+00		3.1360926e-03		1.5000759e-02		5.4318717e-03		5.4318717e-03		3.3075124e-19
2.1700000e+02		2.1800000e+02		2.1750000e+02		7.5953881e+00		3.5151391e-03		1.6669284e-02		6.0883996e-03		6.0883996e-03		8.3473156e-19
2.1800000e+02		2.1900000e+02		2.1850000e+02		1.0217230e+01		5.1169960e-03		2.4058851e-02		8.8628971e-03		8.8628971e-03		2.6750029e-18
2.1900000e+02		2.2000000e+02		2.1950000e+02		1.0786519e+01		5.8450157e-03		2.7249912e-02		1.0123864e-02		1.0123864e-02		6.5810336e-18
2.2000000e+02		2.2100000e+02		2.2050000e+02		1.0851638e+01		6.3314808e-03		2.9272904e-02		1.0966446e-02		1.0966446e-02		1.5075177e-17
2.2100000e+02		2.2200000e+02		2.2150000e+02		8.6872371e+00		5.5218436e-03		2.5315739e-02		9.5641137e-03		9.5641137e-03		2.7000635e-17
2.2200000e+02		2.2300000e+02		2.2250000e+02		1.1691346e+01		8.0449881e-03		3.6580353e-02		1.3934328e-02		1.3934328e-02		7.9545137e-17
2.2300000e+02		2.2400000e+02		2.2350000e+02		1.5139682e+01		1.1268647e-02		5.0821460e-02		1.9517869e-02		1.9517869e-02		2.2113120e-16
2.2400000e+02		2.2500000e+02		2.2450000e+02		1.4154944e+01		1.0401295e-02		4.6589572e-02		1.8015571e-02		1.8015571e-02		4.3023613e-16
2.2500000e+02		2.2600000e+02		2.2550000e+02		1.2365614e+01		1.0034552e-02		4.4575023e-02		1.7380353e-02		1.7380353e-02		7.7979699e-16
2.2600000e+02		2.2700000e+02		2.2650000e+02		9.0577089e+00		7.8015267e-03		3.4390078e-02		1.3512641e-02		1.3512641e-02		1.1576506e-15
2.2700000e+02		2.2800000e+02		2.2750000e+02		8.8108381e+00		8.8438820e-03		3.8639834e-02		1.5318053e-02		1.5318053e-02		2.2707993e-15
2.2800000e+02		2.2900000e+02		2.2850000e+02		1.2275156e+01		1.3240913e-02		5.7406223e-02		2.2933934e-02		2.2933934e-02		6.2080470e-15
2.2900000e+02		2.3000000e+02		2.2950000e+02		1.1031259e+01		1.2774723e-02		5.4963821e-02		2.2126469e-02		2.2126469e-02		1.0770300e-14
2.3000000e+02		2.3100000e+02		2.3050000e+02		1.2510180e+01		1.5536621e-02		6.6344244e-02		2.6910217e-02		2.6910217e-02		2.3208540e-14
2.3100000e+02		2.3200000e+02		2.3150000e+02		1.1791833e+01		1.5696709e-02		6.6528815e-02		2.7187498e-02		2.7187498e-02		4.0932669e-14
2.3200000e+02		2.3300000e+02		2.3250000e+02		1.2664003e+01		1.8056714e-02		7.5967532e-02		3.1275147e-02		3.1275147e-02		8.1035139e-14
2.3300000e+02		2.3400000e+02		2.3350000e+02		1.1428554e+01		1.7465730e-02		7.2944287e-02		3.0251531e-02		3.0251531e-02		1.3287835e-13
2.3400000e+02		2.3500000e+02		2.3450000e+02		9.9864853e+00		1.5094857e-02		6.2654896e-02		2.6145060e-02		2.6145060e-02		2.0552843e-13
2.3500000e+02		2.3600000e+02		2.3550000e+02		1.3443360e+01		2.3202866e-02		9.5536513e-02		4.0188544e-02		4.0188544e-02		4.9335794e-13
2.3600000e+02		2.3700000e+02		2.3650000e+02		1.2448020e+01		2.3470482e-02		9.5927237e-02		4.0652067e-02		4.0652067e-02		7.9959990e-13
2.3700000e+02		2.3800000e+02		2.3750000e+02		1.3294723e+01		2.6996154e-02		1.0955347e-01		4.6758710e-02		4.6758710e-02		1.4736512e-12
2.3800000e+02		2.3900000e+02		2.3850000e+02		1.1021422e+01		2.3790484e-02		9.5882076e-02		4.1206327e-02		4.1206327e-02		2.0724689e-12
2.3900000e+02		2.4000000e+02		2.3950000e+02		1.2008577e+01		2.7546674e-02		1.1026642e-01		4.7712239e-02		4.7712239e-02		3.7887283e-12
2.4000000e+02		2.4100000e+02		2.4050000e+02		1.1032163e+01		2.6997587e-02		1.0733545e-01		4.6761193e-02		4.6761193e-02		5.7754218e-12
2.4100000e+02		2.4200000e+02		2.4150000e+02		1.2918879e+01		3.3729351e-02		1.3319778e-01		5.8420949e-02		5.8420949e-02		1.1097155e-11
2.4200000e+02		2.4300000e+02		2.4250000e+02		1.7782729e+01		4.9384512e-02		1.9373471e-01		8.5536484e-02		8.5536484e-02		2.4763790e-11
2.4300000e+02		2.4400000e+02		2.4350000e+02		1.6701989e+01		4.9214060e-02		1.9180074e-01		8.5241252e-02		8.5241252e-02		3.7308862e-11
2.4400000e+02		2.4500000e+02		2.4450000e+02		1.5641720e+01		4.8669867e-02		1.8847395e-01		8.4298682e-02		8.4298682e-02		5.5430745e-11
2.4500000e+02		2.4600000e+02		2.4550000e+02		1.2691134e+01		4.1697619e-02		1.6044205e-01		7.2222394e-02		7.2222394e-02		7.0631662e-11
2.4600000e+02		2.4700000e+02		2.4650000e+02		1.2350906e+01		4.2843746e-02		1.6381390e-01		7.4207545e-02		7.4207545e-02		1.0688287e-10
2.4700000e+02		2.4800000e+02		2.4750000e+02		1.3639226e+01		4.9939319e-02		1.8975545e-01		8.6497438e-02		8.6497437e-02		1.8172429e-10
2.4800000e+02		2.4900000e+02		2.4850000e+02		1.0938846e+01		4.2314555e-02		1.5979014e-01		7.3290959e-02		7.3290959e-02		2.2233804e-10
2.4900000e+02		2.5000000e+02		2.4950000e+02		1.3333262e+01		5.4246000e-02		2.0360498e-01		9.3956827e-02		9.3956827e-02		4.0932784e-10
2.5000000e+02		2.5100000e+02		2.5050000e+02		1.4401571e+01		6.1645450e-02		2.2998795e-01		1.0677305e-01		1.0677305e-01		6.6184783e-10
2.5100000e+02		2.5200000e+02		2.5150000e+02		1.2007424e+01		5.4026085e-02		2.0036459e-01		9.3575923e-02		9.3575923e-02		8.1894719e-10
2.5200000e+02		2.5300000e+02		2.5250000e+02		1.0794009e+01		5.1030392e-02		1.8814280e-01		8.8387231e-02		8.8387230e-02		1.0832055e-09
2.5300000e+02		2.5400000e+02		2.5350000e+02		1.3602371e+01		6.8064295e-02		2.4946136e-01		1.1789082e-01		1.1789081e-01		1.9917675e-09
2.5400000e+02		2.5500000e+02		2.5450000e+02		1.5384114e+01		8.2274595e-02		2.9973982e-01		1.4250378e-01		1.4250377e-01		3.2605332e-09
2.5500000e+02		2.5600000e+02		2.5550000e+02		2.0992062e+01		1.2014024e-01		4.3508976e-01		2.0808899e-01		2.0808899e-01		6.3913524e-09
2.5600000e+02		2.5700000e+02		2.5650000e+02		2.7040612e+01		1.6544694e-01		5.9564937e-01		2.8656250e-01		2.8656249e-01		1.1735384e-08
2.5700000e+02		2.5800000e+02		2.5750000e+02		3.3946512e+01		2.2199086e-01		7.9457266e-01		3.8449944e-01		3.8449941e-01		2.0833796e-08
2.5800000e+02		2.5900000e+02		2.5850000e+02		3.5732434e+01		2.5022266e-01		8.9044202e-01		4.3339834e-01		4.3339831e-01		3.0797605e-08
2.5900000e+02		2.6000000e+02		2.5950000e+02		3.0409976e+01		2.2802702e-01		8.0681005e-01		3.9495436e-01		3.9495433e-01		3.6538438e-08
2.6000000e+02		2.6100000e+02		2.6050000e+02		2.4915606e+01		2.0222545e-01		7.1135234e-01		3.5026472e-01		3.5026468e-01		4.1521070e-08
2.6100000e+02		2.6200000e+02		2.6150000e+02		2.5442742e+01		2.2361806e-01		7.8205848e-01		3.8731780e-01		3.8731774e-01		5.8514414e-08
2.6200000e+02		2.6300000e+02		2.6250000e+02		3.0366547e+01		2.8813037e-01		1.0019582e+00		4.9905637e-01		4.9905627e-01		9.5389635e-08
2.6300000e+02		2.6400000e+02		2.6350000e+02		4.5700096e+01		4.4917368e-01		1.5540371e+00		7.7799149e-01		7.7799129e-01		1.9404932e-07
2.6400000e+02		2.6500000e+02		2.6450000e+02		7.1249372e+01		7.6805312e-01		2.6418256e+00		1.3303067e+00		1.3303063e+00		4.1172023e-07
2.6500000e+02		2.6600000e+02		2.6550000e+02		7.4731454e+01		8.0056584e-01		2.7414391e+00		1.3866203e+00		1.3866197e+00		5.7388244e-07
2.6600000e+02		2.6700000e+02		2.6650000e+02		7.2446611e+01		8.0294054e-01		2.7360166e+00		1.3907333e+00		1.3907325e+00		7.4027732e-07
2.6700000e+02		2.6800000e+02		2.6750000e+02		7.2937204e+01		8.5578823e-01		2.9009602e+00		1.4822680e+00		1.4822670e+00		9.9028126e-07
2.6800000e+02		2.6900000e+02		2.6850000e+02		7.2239021e+01		8.7809958e-01		2.9621553e+00		1.5209121e+00		1.5209108e+00		1.2906756e-06
2.6900000e+02		2.7000000e+02		2.6950000e+02		6.7758000e+01		8.4441433e-01		2.8352824e+00		1.4625674e+00		1.4625658e+00		1.5747657e-06
2.7000000e+02		2.7100000e+02		2.7050000e+02		7.8281462e+01		9.9331666e-01		3.3201801e+00		1.7204732e+00		1.7204708e+00		2.3607688e-06
2.7100000e+02		2.7200000e+02		2.7150000e+02		6.5051220e+01		8.7675668e-01		2.9157761e+00		1.5185853e+00		1.5185827e+00		2.5529193e-06
2.7200000e+02		2.7300000e+02		2.7250000e+02		5.2331568e+01		7.3474275e-01		2.4318982e+00		1.2726098e+00		1.2726072e+00		2.6604302e-06
2.7300000e+02		2.7400000e+02		2.7350000e+02		5.5800645e+01		8.1304780e-01		2.6785986e+00		1.4082374e+00		1.4082338e+00		3.6374232e-06
2.7400000e+02		2.7500000e+02		2.7450000e+02		3.8398649e+01		5.8741741e-01		1.9260514e+00		1.0174345e+00		1.0174313e+00		3.2021937e-06
2.7500000e+02		2.7600000e+02		2.7550000e+02		5.1208696e+01		8.1332921e-01		2.6546370e+00		1.4087235e+00		1.4087181e+00		5.4254064e-06
2.7600000e+02		2.7700000e+02		2.7650000e+02		7.1318275e+01		1.1424791e+00		3.7136618e+00		1.9788248e+00		1.9788153e+00		9.4999110e-06
2.7700000e+02		2.7800000e+02		2.7750000e+02		6.8188493e+01		1.1796363e+00		3.8151988e+00		2.0431816e+00		2.0431700e+00		1.1530121e-05
2.7800000e+02		2.7900000e+02		2.7850000e+02		4.7024496e+01		8.2598549e-01		2.6604555e+00		1.4306416e+00		1.4306316e+00		9.9224573e-06
2.7900000e+02		2.8000000e+02		2.7950000e+02		2.6422560e+01		4.7967172e-01		1.5383392e+00		8.3081071e-01		8.3080375e-01		6.9526075e-06
2.8000000e+02		2.8100000e+02		2.8050000e+02		2.8982131e+01		5.4518801e-01		1.7409276e+00		9.4428640e-01		9.4427692e-01		9.4776815e-06
2.8100000e+02		2.8200000e+02		2.8150000e+02		6.0033324e+01		1.1637275e+00		3.7005456e+00		2.0156174e+00		2.0155931e+00		2.4253226e-05
2.8200000e+02		2.8300000e+02		2.8250000e+02		8.1733762e+01		1.6274947e+00		5.1540814e+00		2.8188738e+00		2.8188331e+00		4.0618151e-05
2.8300000e+02		2.8400000e+02		2.8350000e+02		8.4433091e+01		1.7570977e+00		5.5405471e+00		3.0433447e+00		3.0432931e+00		5.1634365e-05
2.8400000e+02		2.8500000e+02		2.8450000e+02		6.2255376e+01		1.3372799e+00		4.1995482e+00		2.3162026e+00		2.3161561e+00		4.6516628e-05
2.8500000e+02		2.8600000e+02		2.8550000e+02		4.0018063e+01		8.9176347e-01		2.7889438e+00		1.5445530e+00		1.5445165e+00		3.6447525e-05
2.8600000e+02		2.8700000e+02		2.8650000e+02		8.2001717e+01		1.8660748e+00		5.8136326e+00		3.2320702e+00		3.2319798e+00		9.0389862e-05
2.8700000e+02		2.8800000e+02		2.8750000e+02		9.5189148e+01		2.2665319e+00		7.0317887e+00		3.9256553e+00		3.9255281e+00		1.2721948e-04
2.8800000e+02		2.8900000e+02		2.8850000e+02		9.0460934e+01		2.2219521e+00		6.8665301e+00		3.8484273e+00		3.8482817e+00		1.4561417e-04
2.8900000e+02		2.9000000e+02		2.8950000e+02		1.3728321e+02		3.4796953e+00		1.0711625e+01		6.0268149e+00		6.0265496e+00		2.6532827e-04
2.9000000e+02		2.9100000e+02		2.9050000e+02		1.8023325e+02		4.6992247e+00		1.4410782e+01		8.1389910e+00		8.1385744e+00		4.1661751e-04
2.9100000e+02		2.9200000e+02		2.9150000e+02		1.7359450e+02		4.7552034e+00		1.4522731e+01		8.2358996e+00		8.2354156e+00		4.8400571e-04
2.9200000e+02		2.9300000e+02		2.9250000e+02		1.5421676e+02		4.2820344e+00		1.3032100e+01		7.4163312e+00		7.4158257e+00		5.0545351e-04
2.9300000e+02		2.9400000e+02		2.9350000e+02		1.6099986e+02		4.6116930e+00		1.3983032e+01		7.9872287e+00		7.9866032e+00		6.2548157e-04
2.9400000e+02		2.9500000e+02		2.9450000e+02		1.4991794e+02		4.4264149e+00		1.3371853e+01		7.6662716e+00		7.6655833e+00		6.8837636e-04
2.9500000e+02		2.9600000e+02		2.9550000e+02		1.6232431e+02		4.9303822e+00		1.4840492e+01		8.5390301e+00		8.5381526e+00		8.7751731e-04
2.9600000e+02		2.9700000e+02		2.9650000e+02		1.4851381e+02		4.6622149e+00		1.3982023e+01		8.0745023e+00		8.0735587e+00		9.4366438e-04
2.9700000e+02		2.9800000e+02		2.9750000e+02		1.5140866e+02		4.9020109e+00		1.4648489e+01		8.4897063e+00		8.4885786e+00		1.1276933e-03
2.9800000e+02		2.9900000e+02		2.9850000e+02		1.3012850e+02		4.3391400e+00		1.2920713e+01		7.5147824e+00		7.5136505e+00		1.1318807e-03
2.9900000e+02		3.0000000e+02		2.9950000e+02		1.4682541e+02		5.0333788e+00		1.4936038e+01		8.7169800e+00		8.7154940e+00		1.4860268e-03
3.0000000e+02		3.0100000e+02		3.0050000e+02		1.1681452e+02		4.1277119e+00		1.2205880e+01		7.1484007e+00		7.1470264e+00		1.3742359e-03
3.0100000e+02		3.0200000e+02		3.0150000e+02		1.3434477e+02		4.8147742e+00		1.4192190e+01		8.3380987e+00		8.3362752e+00		1.8234726e-03
3.0200000e+02		3.0300000e+02		3.0250000e+02		1.4142283e+02		5.1568039e+00		1.5151874e+01		8.9302275e+00		8.9280160e+00		2.2114356e-03
3.0300000e+02		3.0400000e+02		3.0350000e+02		1.8342160e+02		6.8173955e+00		1.9965917e+01		1.1805662e+01		1.1802365e+01		3.2967665e-03
3.0400000e+02		3.0500000e+02		3.0450000e+02		1.7556728e+02		6.7047641e+00		1.9571056e+01		1.1610337e+01		1.1606711e+01		3.6263571e-03
3.0500000e+02		3.0600000e+02		3.0550000e+02		1.7728071e+02		6.9430080e+00		2.0200914e+01		1.2022571e+01		1.2018375e+01		4.1961812e-03
3.0600000e+02		3.0700000e+02		3.0650000e+02		1.6814926e+02		6.7684435e+00		1.9629155e+01		1.1719953e+01		1.1715398e+01		4.5551345e-03
3.0700000e+02		3.0800000e+02		3.0750000e+02		1.8878816e+02		7.8187652e+00		2.2602142e+01		1.3538228e+01		1.3532395e+01		5.8335556e-03
3.0800000e+02		3.0900000e+02		3.0850000e+02		1.8529086e+02		8.0469145e+00		2.3180111e+01		1.3932863e+01		1.3926303e+01		6.5597378e-03
3.0900000e+02		3.1000000e+02		3.0950000e+02		1.5026991e+02		6.7162155e+00		1.9285238e+01		1.1628397e+01		1.1622346e+01		6.0507875e-03
3.1000000e+02		3.1100000e+02		3.1050000e+02		1.8913229e+02		8.6958387e+00		2.4890980e+01		1.5055310e+01		1.5046671e+01		8.6393215e-03
3.1100000e+02		3.1200000e+02		3.1150000e+02		2.2495083e+02		1.0637586e+01		3.0354278e+01		1.8416324e+01		1.8404691e+01		1.1632458e-02
3.1200000e+02		3.1300000e+02		3.1250000e+02		2.0030306e+02		9.7070803e+00		2.7615063e+01		1.6804603e+01		1.6792919e+01		1.1684039e-02
3.1300000e+02		3.1400000e+02		3.1350000e+02		2.1331645e+02		1.0609069e+01		3.0089597e+01		1.8365174e+01		1.8351140e+01		1.4033037e-02
3.1400000e+02		3.1500000e+02		3.1450000e+02		2.0119548e+02		1.0263441e+01		2.9021991e+01		1.7765905e+01		1.7751021e+01		1.4884336e-02
3.1500000e+02		3.1600000e+02		3.1550000e+02		1.9522773e+02		1.0218543e+01		2.8808732e+01		1.7687165e+01		1.7670950e+01		1.6215078e-02
3.1600000e+02		3.1700000e+02		3.1650000e+02		1.9043254e+02		1.0196263e+01		2.8662303e+01		1.7647487e+01		1.7629787e+01		1.7700561e-02
3.1700000e+02		3.1800000e+02		3.1750000e+02		2.4155434e+02		1.3294126e+01		3.7259614e+01		2.3007683e+01		2.2982522e+01		2.5160521e-02
3.1800000e+02		3.1900000e+02		3.1850000e+02		1.9952276e+02		1.1216183e+01		3.1346743e+01		1.9410058e+01		1.9386915e+01		2.3142751e-02
3.1900000e+02		3.2000000e+02		3.1950000e+02		2.1430874e+02		1.2327748e+01		3.4355536e+01		2.1332029e+01		2.1304357e+01		2.7672174e-02
3.2000000e+02		3.2100000e+02		3.2050000e+02		2.4621307e+02		1.4647331e+01		4.0698113e+01		2.5343980e+01		2.5308544e+01		3.5436685e-02
3.2100000e+02		3.2200000e+02		3.2150000e+02		2.0677326e+02		1.2417097e+01		3.4412102e+01		2.1482964e+01		2.1450073e+01		3.2890914e-02
3.2200000e+02		3.2300000e+02		3.2250000e+02		2.0765168e+02		1.2745864e+01		3.5226117e+01		2.2049710e+01		2.2013138e+01		3.6572858e-02
3.2300000e+02		3.2400000e+02		3.2350000e+02		2.0066974e+02		1.2664338e+01		3.4901147e+01		2.1906615e+01		2.1867464e+01		3.9151831e-02
3.2400000e+02		3.2500000e+02		3.2450000e+02		2.3629853e+02		1.5234759e+01		4.1871594e+01		2.6350116e+01		2.6299218e+01		5.0898527e-02
3.2500000e+02		3.2600000e+02		3.2550000e+02		2.7209498e+02		1.7909145e+01		4.9089565e+01		3.0972286e+01		3.0907725e+01		6.4561733e-02
3.2600000e+02		3.2700000e+02		3.2650000e+02		3.0699214e+02		2.0786290e+01		5.6817621e+01		3.5944023e+01		3.5863581e+01		8.0442344e-02
3.2700000e+02		3.2800000e+02		3.2750000e+02		2.9701525e+02		2.0542741e+01		5.6003160e+01		3.5518564e+01		3.5433179e+01		8.5385042e-02
3.2800000e+02		3.2900000e+02		3.2850000e+02		2.8673370e+02		2.0300698e+01		5.5193811e+01		3.5095548e+01		3.5004991e+01		9.0557242e-02
3.2900000e+02		3.3000000e+02		3.2950000e+02		3.3379807e+02		2.4126742e+01		6.5425995e+01		4.1704313e+01		4.1588979e+01		1.1533366e-01
3.3000000e+02		3.3100000e+02		3.3050000e+02		3.1443449e+02		2.3313964e+01		6.3052618e+01		4.0293757e+01		4.0174621e+01		1.1913593e-01
3.3100000e+02		3.3200000e+02		3.3150000e+02		3.0087994e+02		2.2950324e+01		6.1898517e+01		3.9659543e+01		3.9534436e+01		1.2510663e-01
3.3200000e+02		3.3300000e+02		3.3250000e+02		2.9519831e+02		2.3041152e+01		6.1981673e+01		3.9810392e+01		3.9676447e+01		1.3394480e-01
3.3300000e+02		3.3400000e+02		3.3350000e+02		2.8364288e+02		2.2597342e+01		6.0634951e+01		3.9037186e+01		3.8897090e+01		1.4009647e-01
3.3400000e+02		3.3500000e+02		3.3450000e+02		2.9883003e+02		2.4325742e+01		6.5106773e+01		4.2015917e+01		4.1855403e+01		1.6051326e-01
3.3500000e+02		3.3600000e+02		3.3550000e+02		2.9511053e+02		2.4517318e+01		6.5453919e+01		4.2339244e+01		4.2167129e+01		1.7211471e-01
3.3600000e+02		3.3700000e+02		3.3650000e+02		2.4313126e+02		2.0602037e+01		5.4863680e+01		3.5571233e+01		3.5417499e+01		1.5373396e-01
3.3700000e+02		3.3800000e+02		3.3750000e+02		2.5649874e+02		2.2171552e+01		5.8898375e+01		3.8273688e+01		3.8098063e+01		1.7562445e-01
3.3800000e+02		3.3900000e+02		3.3850000e+02		2.7748673e+02		2.4465366e+01		6.4831329e+01		4.2224729e+01		4.2019103e+01		2.0562626e-01
3.3900000e+02		3.4000000e+02		3.3950000e+02		2.9040264e+02		2.6062493e+01		6.8897689e+01		4.4971420e+01		4.4739001e+01		2.3241900e-01
3.4000000e+02		3.4100000e+02		3.4050000e+02		3.0654056e+02		2.8082932e+01		7.4057450e+01		4.8447032e+01		4.8181979e+01		2.6505318e-01
3.4100000e+02		3.4200000e+02		3.4150000e+02		2.7979685e+02		2.6100902e+01		6.8666187e+01		4.5017217e+01		4.4756480e+01		2.6073658e-01
3.4200000e+02		3.4300000e+02		3.4250000e+02		3.0344565e+02		2.8849410e+01		7.5715512e+01		4.9745812e+01		4.9441420e+01		3.0439264e-01
3.4300000e+02		3.4400000e+02		3.4350000e+02		2.9822260e+02		2.8802886e+01		7.5418572e+01		4.9652840e+01		4.9331521e+01		3.2131901e-01
3.4400000e+02		3.4500000e+02		3.4450000e+02		2.3986676e+02		2.3698567e+01		6.1901773e+01		4.0843423e+01		4.0565164e+01		2.7825906e-01
3.4500000e+02		3.4600000e+02		3.4550000e+02		2.8907088e+02		2.9188977e+01		7.6059118e+01		5.0292723e+01		4.9931999e+01		3.6072436e-01
3.4600000e+02		3.4700000e+02		3.4650000e+02		2.8069735e+02		2.9060671e+01		7.5539333e+01		5.0058885e+01		4.9682308e+01		3.7657709e-01
3.4700000e+02		3.4800000e+02		3.4750000e+02		2.7782009e+02		2.9639346e+01		7.6849564e+01		5.1043184e+01		5.0642024e+01		4.0115938e-01
3.4800000e+02		3.4900000e+02		3.4850000e+02		2.8744416e+02		3.1575582e+01		8.1665094e+01		5.4364095e+01		5.3918202e+01		4.4589340e-01
3.4900000e+02		3.5000000e+02		3.4950000e+02		2.7550877e+02		2.9913726e+01		7.7225888e+01		5.1482309e+01		5.1031817e+01		4.5049260e-01
3.5000000e+02		3.5100000e+02		3.5050000e+02		3.3002358e+02		3.6672534e+01		9.4446204e+01		6.3094702e+01		6.2515521e+01		5.7918127e-01
3.5100000e+02		3.5200000e+02		3.5150000e+02		3.0660572e+02		3.4685086e+01		8.9122284e+01		5.9655818e+01		5.9081386e+01		5.7443127e-01
3.5200000e+02		3.5300000e+02		3.5250000e+02		2.8324198e+02		3.2591819e+01		8.3554167e+01		5.6036674e+01		5.5471121e+01		5.6555297e-01
3.5300000e+02		3.5400000e+02		3.5350000e+02		3.2405327e+02		3.8093958e+01		9.7435638e+01		6.5476166e+01		6.4786999e+01		6.8916702e-01
3.5400000e+02		3.5500000e+02		3.5450000e+02		3.4586270e+02		4.2717193e+01		1.0896917e+02		7.3409376e+01		7.2618486e+01		7.9089042e-01
3.5500000e+02		3.5600000e+02		3.5550000e+02		3.2478382e+02		4.0739213e+01		1.0369418e+02		6.9984799e+01		6.9195800e+01		7.8899929e-01
3.5600000e+02		3.5700000e+02		3.5650000e+02		2.8234357e+02		3.5985829e+01		9.1391557e+01		6.1795775e+01		6.1066988e+01		7.2878713e-01
3.5700000e+02		3.5800000e+02		3.5750000e+02		2.4674321e+02		3.1924828e+01		8.0899780e+01		5.4800914e+01		5.4125401e+01		6.7551312e-01
3.5800000e+02		3.5900000e+02		3.5850000e+02		2.1181106e+02		2.7670436e+01		6.9969002e+01		4.7477265e+01		4.6863460e+01		6.1380475e-01
3.5900000e+02		3.6000000e+02		3.5950000e+02		3.0582840e+02		3.9791246e+01		1.0042335e+02		6.8237949e+01		6.7305624e+01		9.3232543e-01
3.6000000e+02		3.6100000e+02		3.6050000e+02		3.0178862e+02		3.9774107e+01		1.0016654e+02		6.8179728e+01		6.7208421e+01		9.7130705e-01
3.6100000e+02		3.6200000e+02		3.6150000e+02		2.8033735e+02		3.7627671e+01		9.4550631e+01		6.4473637e+01		6.3518238e+01		9.5539967e-01
3.6200000e+02		3.6300000e+02		3.6250000e+02		3.1645921e+02		4.3126268e+01		1.0813074e+02		7.3861719e+01		7.2720857e+01		1.1408620e+00
3.6300000e+02		3.6400000e+02		3.6350000e+02		3.0810145e+02		4.2734378e+01		1.0691329e+02		7.3158982e+01		7.1985387e+01		1.1735948e+00
3.6400000e+02		3.6500000e+02		3.6450000e+02		3.2221950e+02		4.5435544e+01		1.1342587e+02		7.7748458e+01		7.6453175e+01		1.2952831e+00
3.6500000e+02		3.6600000e+02		3.6550000e+02		3.6674574e+02		5.2600721e+01		1.3102891e+02		8.9968640e+01		8.8413446e+01		1.5551942e+00
3.6600000e+02		3.6700000e+02		3.6650000e+02		3.9198946e+02		5.6831032e+01		1.4128371e+02		9.7160786e+01		9.5421224e+01		1.7395624e+00
3.6700000e+02		3.6800000e+02		3.6750000e+02		3.7850004e+02		5.6101639e+01		1.3915043e+02		9.5866369e+01		9.4084361e+01		1.7820082e+00
3.6800000e+02		3.6900000e+02		3.6850000e+02		3.4895620e+02		5.2571886e+01		1.3011582e+02		8.9791245e+01		8.8061949e+01		1.7292965e+00
3.6900000e+02		3.7000000e+02		3.6950000e+02		3.8736224e+02		5.9302457e+01		1.4646135e+02		1.0123661e+02		9.9217262e+01		2.0193445e+00
3.7000000e+02		3.7100000e+02		3.7050000e+02		3.6351013e+02		5.6536075e+01		1.3933131e+02		9.6465282e+01		9.4473519e+01		1.9917637e+00
3.7100000e+02		3.7200000e+02		3.7150000e+02		3.7529261e+02		5.9308374e+01		1.4585507e+02		1.0114502e+02		9.8986563e+01		2.1584548e+00
3.7200000e+02		3.7300000e+02		3.7250000e+02		3.1177186e+02		4.9896824e+01		1.2245370e+02		8.5047644e+01		8.3167732e+01		1.8799113e+00
3.7300000e+02		3.7400000e+02		3.7350000e+02		2.7192112e+02		4.4218128e+01		1.0829126e+02		7.5329032e+01		7.3609189e+01		1.7198428e+00
3.7400000e+02		3.7500000e+02		3.7450000e+02		2.7832167e+02		4.5840578e+01		1.1203576e+02		7.8049067e+01		7.6206102e+01		1.8429647e+00
3.7500000e+02		3.7600000e+02		3.7550000e+02		3.1876744e+02		5.3341677e+01		1.3009122e+02		9.0771178e+01		8.8559151e+01		2.2120277e+00
3.7600000e+02		3.7700000e+02		3.7650000e+02		3.3048657e+02		5.6176247e+01		1.3671584e+02		9.5540552e+01		9.3136946e+01		2.4036068e+00
3.7700000e+02		3.7800000e+02		3.7750000e+02		3.8770864e+02		6.6908495e+01		1.6249884e+02		1.1372854e+02		1.1077741e+02		2.9511249e+00
3.7800000e+02		3.7900000e+02		3.7850000e+02		4.0380398e+02		7.0481187e+01		1.7083178e+02		1.1972990e+02		1.1652371e+02		3.2061891e+00
3.7900000e+02		3.8000000e+02		3.7950000e+02		3.2744385e+02		5.7932923e+01		1.4013160e+02		9.8354945e+01		9.5639529e+01		2.7154156e+00
3.8000000e+02		3.8100000e+02		3.8050000e+02		3.5656330e+02		6.3921982e+01		1.5431077e+02		1.0845803e+02		1.0537342e+02		3.0846105e+00
3.8100000e+02		3.8200000e+02		3.8150000e+02		3.2019140e+02		5.8212541e+01		1.4024289e+02		9.8711537e+01		9.5821651e+01		2.8898852e+00
3.8200000e+02		3.8300000e+02		3.8250000e+02		2.2964197e+02		4.2375202e+01		1.0187953e+02		7.1811849e+01		6.9647855e+01		2.1639946e+00
3.8300000e+02		3.8400000e+02		3.8350000e+02		2.0267593e+02		3.7894251e+01		9.0924802e+01		6.4178503e+01		6.2189208e+01		1.9892952e+00
3.8400000e+02		3.8500000e+02		3.8450000e+02		2.7111947e+02		5.1462153e+01		1.2323133e+02		8.7104333e+01		8.4330304e+01		2.7740288e+00
3.8500000e+02		3.8600000e+02		3.8550000e+02		2.8715912e+02		5.5231870e+01		1.3199401e+02		9.3425379e+01		9.0366814e+01		3.0585655e+00
3.8600000e+02		3.8700000e+02		3.8650000e+02		2.8837692e+02		5.6217587e+01		1.3408051e+02		9.5031317e+01		9.1834271e+01		3.1970455e+00
3.8700000e+02		3.8800000e+02		3.8750000e+02		2.8805300e+02		5.6913243e+01		1.3546968e+02		9.6144909e+01		9.2823119e+01		3.3217897e+00
3.8800000e+02		3.8900000e+02		3.8850000e+02		2.9209390e+02		5.8568787e+01		1.3913266e+02		9.8878489e+01		9.5373778e+01		3.5047103e+00
3.8900000e+02		3.9000000e+02		3.8950000e+02		3.5069332e+02		7.1120271e+01		1.6862055e+02		1.1998664e+02		1.1561906e+02		4.3675733e+00
3.9000000e+02		3.9100000e+02		3.9050000e+02		3.6838836e+02		7.5665369e+01		1.7904178e+02		1.2756810e+02		1.2280319e+02		4.7649173e+00
3.9100000e+02		3.9200000e+02		3.9150000e+02		3.9613874e+02		8.2414631e+01		1.9463076e+02		1.3885300e+02		1.3353461e+02		5.3183899e+00
3.9200000e+02		3.9300000e+02		3.9250000e+02		3.0403432e+02		6.4028575e+01		1.5091663e+02		1.0780149e+02		1.0356782e+02		4.2336659e+00
3.9300000e+02		3.9400000e+02		3.9350000e+02		1.8639471e+02		3.9738568e+01		9.3483342e+01		6.6859211e+01		6.4168130e+01		2.6910805e+00
3.9400000e+02		3.9500000e+02		3.9450000e+02		3.0813115e+02		6.6511577e+01		1.5616323e+02		1.1182574e+02		1.0721447e+02		4.6112735e+00
3.9500000e+02		3.9600000e+02		3.9550000e+02		3.7840801e+02		8.2672196e+01		1.9373327e+02		1.3889794e+02		1.3303154e+02		5.8664023e+00
3.9600000e+02		3.9700000e+02		3.9650000e+02		2.6140326e+02		5.7813886e+01		1.3521883e+02		9.7063259e+01		9.2865012e+01		4.1982467e+00
3.9700000e+02		3.9800000e+02		3.9750000e+02		2.9300657e+02		6.5576523e+01		1.5308246e+02		1.1001669e+02		1.0514657e+02		4.8701246e+00
3.9800000e+02		3.9900000e+02		3.9850000e+02		4.5124719e+02		1.0216871e+02		2.3805288e+02		1.7128265e+02		1.6352535e+02		7.7573062e+00
3.9900000e+02		4.0000000e+02		3.9950000e+02		4.9846141e+02		1.1420283e+02		2.6558552e+02		1.9131687e+02		1.8245378e+02		8.8630903e+00
4.0000000e+02		4.0100000e+02		4.0050000e+02		5.1407199e+02		1.1912165e+02		2.7650192e+02		1.9940881e+02		1.8996145e+02		9.4473541e+00
4.0100000e+02		4.0200000e+02		4.0150000e+02		5.3860814e+02		1.2625502e+02		2.9250938e+02		2.1119319e+02		2.0096586e+02		1.0227326e+01
4.0200000e+02		4.0300000e+02		4.0250000e+02		5.4526519e+02		1.2944672e+02		2.9934596e+02		2.1637525e+02		2.0567511e+02		1.0700143e+01
4.0300000e+02		4.0400000e+02		4.0350000e+02		5.2165796e+02		1.2522036e+02		2.8902279e+02		2.0914895e+02		1.9857718e+02		1.0571777e+01
4.0400000e+02		4.0500000e+02		4.0450000e+02		5.1300620e+02		1.2458269e+02		2.8701822e+02		2.0792942e+02		1.9720046e+02		1.0728954e+01
4.0500000e+02		4.0600000e+02		4.0550000e+02		5.1256585e+02		1.2589473e+02		2.8950471e+02		2.0995978e+02		1.9890004e+02		1.1059738e+01
4.0600000e+02		4.0700000e+02		4.0650000e+02		4.9035274e+02		1.2175442e+02		2.7946942e+02		2.0289789e+02		1.9198752e+02		1.0910374e+01
4.0700000e+02		4.0800000e+02		4.0750000e+02		4.9838294e+02		1.2515064e+02		2.8673612e+02		2.0839716e+02		1.9696340e+02		1.1433763e+01
4.0800000e+02		4.0900000e+02		4.0850000e+02		5.2990289e+02		1.3463938e+02		3.0791026e+02		2.2402723e+02		2.1149392e+02		1.2533306e+01
4.0900000e+02		4.1000000e+02		4.0950000e+02		5.2713439e+02		1.3530627e+02		3.0887634e+02		2.2496161e+02		2.1212679e+02		1.2834812e+01
4.1000000e+02		4.1100000e+02		4.1050000e+02		4.8293937e+02		1.2528652e+02		2.8548210e+02		2.0813816e+02		1.9602908e+02		1.2109080e+01
4.1100000e+02		4.1200000e+02		4.1150000e+02		5.5986852e+02		1.4681322e+02		3.3392929e+02		2.4370951e+02		2.2925907e+02		1.4450439e+01
4.1200000e+02		4.1300000e+02		4.1250000e+02		5.4940473e+02		1.4564217e+02		3.3066774e+02		2.4157513e+02		2.2697981e+02		1.4595318e+01
4.1300000e+02		4.1400000e+02		4.1350000e+02		5.2995399e+02		1.4175946e+02		3.2131790e+02		2.3496746e+02		2.2053249e+02		1.4434967e+01
4.1400000e+02		4.1500000e+02		4.1450000e+02		5.3771640e+02		1.4574984e+02		3.2973065e+02		2.4137633e+02		2.2625470e+02		1.5121621e+01
4.1500000e+02		4.1600000e+02		4.1550000e+02		5.3722776e+02		1.4726192e+02		3.3254930e+02		2.4368843e+02		2.2814757e+02		1.5540859e+01
4.1600000e+02		4.1700000e+02		4.1650000e+02		5.5745703e+02		1.5450557e+02		3.4829461e+02		2.5547660e+02		2.3890002e+02		1.6576578e+01
4.1700000e+02		4.1800000e+02		4.1750000e+02		5.0725322e+02		1.4215849e+02		3.1989662e+02		2.3487540e+02		2.1937056e+02		1.5504835e+01
4.1800000e+02		4.1900000e+02		4.1850000e+02		5.2601513e+02		1.4893626e+02		3.3456326e+02		2.4587588e+02		2.2936160e+02		1.6514280e+01
4.1900000e+02		4.2000000e+02		4.1950000e+02		5.3123875e+02		1.5170831e+02		3.4019098e+02		2.5023780e+02		2.3312327e+02		1.7114530e+01
4.2000000e+02		4.2100000e+02		4.2050000e+02		5.3797708e+02		1.5504004e+02		3.4706494e+02		2.5552538e+02		2.3775087e+02		1.7774511e+01
4.2100000e+02		4.2200000e+02		4.2150000e+02		5.2958361e+02		1.5368983e+02		3.4345401e+02		2.5308033e+02		2.3516044e+02		1.7919889e+01
4.2200000e+02		4.2300000e+02		4.2250000e+02		5.0190537e+02		1.4721786e+02		3.2841703e+02		2.4222344e+02		2.2478563e+02		1.7437818e+01
4.2300000e+02		4.2400000e+02		4.2350000e+02		5.3474862e+02		1.5817579e+02		3.5226104e+02		2.6003204e+02		2.4099446e+02		1.9037573e+01
4.2400000e+02		4.2500000e+02		4.2450000e+02		5.5328403e+02		1.6499115e+02		3.6682070e+02		2.7100531e+02		2.5083219e+02		2.0173120e+01
4.2500000e+02		4.2600000e+02		4.2550000e+02		5.3248014e+02		1.6023345e+02		3.5564454e+02		2.6297286e+02		2.4308404e+02		1.9888817e+01
4.2600000e+02		4.2700000e+02		4.2650000e+02		5.3029841e+02		1.6126206e+02		3.5731728e+02		2.6444570e+02		2.4413512e+02		2.0310578e+01
4.2700000e+02		4.2800000e+02		4.2750000e+02		4.9171747e+02		1.5097843e+02		3.3397198e+02		2.4737982e+02		2.2808814e+02		1.9291684e+01
4.2800000e+02		4.2900000e+02		4.2850000e+02		4.9494538e+02		1.5418379e+02		3.4050250e+02		2.5245663e+02		2.3251603e+02		1.9940596e+01
4.2900000e+02		4.3000000e+02		4.2950000e+02		4.6063718e+02		1.4491680e+02		3.1949567e+02		2.3708780e+02		2.1807893e+02		1.9008869e+01
4.3000000e+02		4.3100000e+02		4.3050000e+02		3.7055843e+02		1.1762227e+02		2.5888034e+02		1.9226893e+02		1.7661590e+02		1.5653027e+01
4.3100000e+02		4.3200000e+02		4.3150000e+02		4.5818753e+02		1.4681214e+02		3.2259344e+02		2.3978599e+02		2.1997851e+02		1.9807485e+01
4.3200000e+02		4.3300000e+02		4.3250000e+02		5.1625369e+02		1.6619575e+02		3.6457606e+02		2.7119347e+02		2.4842729e+02		2.2766185e+01
4.3300000e+02		4.3400000e+02		4.3350000e+02		5.6047485e+02		1.8154107e+02		3.9763368e+02		2.9598703e+02		2.7078205e+02		2.5204985e+01
4.3400000e+02		4.3500000e+02		4.3450000e+02		4.7595241e+02		1.5505346e+02		3.3906521e+02		2.5256953e+02		2.3072551e+02		2.1844018e+01
4.3500000e+02		4.3600000e+02		4.3550000e+02		5.3162725e+02		1.7449646e+02		3.8096399e+02		2.8399225e+02		2.5906983e+02		2.4922420e+01
4.3600000e+02		4.3700000e+02		4.3650000e+02		5.9481241e+02		1.9744976e+02		4.3038225e+02		3.2109940e+02		2.9255818e+02		2.8541221e+01
4.3700000e+02		4.3800000e+02		4.3750000e+02		5.2629983e+02		1.7653006e+02		3.8416284e+02		2.8684694e+02		2.6101255e+02		2.5834390e+01
4.3800000e+02		4.3900000e+02		4.3850000e+02		5.1257868e+02		1.7368969e+02		3.7737958e+02		2.8200466e+02		2.5627598e+02		2.5728680e+01
4.3900000e+02		4.4000000e+02		4.3950000e+02		5.7051902e+02		1.9479072e+02		4.2255268e+02		3.1598796e+02		2.8675573e+02		2.9232225e+01
4.4000000e+02		4.4100000e+02		4.4050000e+02		5.4089681e+02		1.8603065e+02		4.0290764e+02		3.0150614e+02		2.7321794e+02		2.8288197e+01
4.4100000e+02		4.4200000e+02		4.4150000e+02		5.9491633e+02		2.0622229e+02		4.4592348e+02		3.3394711e+02		3.0220017e+02		3.1746944e+01
4.4200000e+02		4.4300000e+02		4.4250000e+02		6.2544254e+02		2.1840555e+02		4.7148973e+02		3.5334262e+02		3.1926453e+02		3.4078084e+01
4.4300000e+02		4.4400000e+02		4.4350000e+02		6.0497206e+02		2.1281164e+02		4.5869670e+02		3.4399158e+02		3.1037505e+02		3.3616523e+01
4.4400000e+02		4.4500000e+02		4.4450000e+02		6.2324411e+02		2.2086213e+02		4.7530939e+02		3.5668932e+02		3.2137058e+02		3.5318743e+01
4.4500000e+02		4.4600000e+02		4.4550000e+02		5.7783999e+02		2.0614165e+02		4.4299469e+02		3.3263195e+02		2.9927927e+02		3.3352683e+01
4.4600000e+02		4.4700000e+02		4.4650000e+02		5.8940025e+02		2.1182071e+02		4.5451632e+02		3.4150166e+02		3.0682843e+02		3.4673229e+01
4.4700000e+02		4.4800000e+02		4.4750000e+02		6.3881895e+02		2.3119889e+02		4.9534964e+02		3.7241995e+02		3.3413262e+02		3.8287329e+01
4.4800000e+02		4.4900000e+02		4.4850000e+02		6.2805979e+02		2.2893404e+02		4.8976799e+02		3.6845991e+02		3.3012176e+02		3.8338147e+01
4.4900000e+02		4.5000000e+02		4.4950000e+02		6.3454704e+02		2.3310199e+02		4.9794058e+02		3.7485258e+02		3.3538550e+02		3.9467080e+01
4.5000000e+02		4.5100000e+02		4.5050000e+02		6.7325368e+02		2.4921913e+02		5.3156883e+02		4.0042547e+02		3.5775804e+02		4.2667425e+01
4.5100000e+02		4.5200000e+02		4.5150000e+02		6.7122600e+02		2.4952299e+02		5.3155006e+02		4.0062536e+02		3.5751204e+02		4.3113322e+01
4.5200000e+02		4.5300000e+02		4.5250000e+02		6.3541039e+02		2.3832494e+02		5.0682371e+02		3.8226348e+02		3.4056225e+02		4.1701232e+01
4.5300000e+02		4.5400000e+02		4.5350000e+02		6.0888666e+02		2.3024370e+02		4.8887825e+02		3.6895829e+02		3.2820224e+02		4.0756043e+01
4.5400000e+02		4.5500000e+02		4.5450000e+02		6.4999363e+02		2.4748706e+02		5.2469598e+02		3.9624058e+02		3.5195461e+02		4.4285969e+01
4.5500000e+02		4.5600000e+02		4.5550000e+02		6.4380306e+02		2.4665947e+02		5.2215830e+02		3.9457426e+02		3.4997016e+02		4.4604099e+01
4.5600000e+02		4.5700000e+02		4.5650000e+02		6.6853861e+02		2.5787537e+02		5.4507333e+02		4.1215418e+02		3.6502758e+02		4.7126604e+01
4.5700000e+02		4.5800000e+02		4.5750000e+02		6.7499745e+02		2.6234325e+02		5.5365148e+02		4.1891559e+02		3.7045412e+02		4.8461466e+01
4.5800000e+02		4.5900000e+02		4.5850000e+02		6.3439039e+02		2.4815428e+02		5.2295887e+02		3.9591596e+02		3.4960789e+02		4.6308076e+01
4.5900000e+02		4.6000000e+02		4.5950000e+02		6.5539586e+02		2.5799515e+02		5.4291743e+02		4.1125757e+02		3.6262278e+02		4.8634792e+01
4.6000000e+02		4.6100000e+02		4.6050000e+02		6.4752339e+02		2.5674290e+02		5.3951634e+02		4.0891717e+02		3.6004820e+02		4.8868974e+01
4.6100000e+02		4.6200000e+02		4.6150000e+02		6.6245412e+02		2.6473483e+02		5.5551898e+02		4.2130772e+02		3.7045543e+02		5.0852283e+01
4.6200000e+02		4.6300000e+02		4.6250000e+02		6.6901120e+02		2.6898819e+02		5.6365225e+02		4.2770969e+02		3.7553908e+02		5.2170603e+01
4.6300000e+02		4.6400000e+02		4.6350000e+02		6.4662616e+02		2.6144567e+02		5.4716326e+02		4.1538128e+02		3.6421555e+02		5.1165727e+01
4.6400000e+02		4.6500000e+02		4.6450000e+02		6.5795753e+02		2.6776338e+02		5.5966947e+02		4.2508116e+02		3.7221786e+02		5.2863301e+01
4.6500000e+02		4.6600000e+02		4.6550000e+02		6.3552746e+02		2.6103542e+02		5.4458129e+02		4.1399794e+02		3.6191322e+02		5.2084722e+01
4.6600000e+02		4.6700000e+02		4.6650000e+02		6.3955371e+02		2.6478202e+02		5.5157097e+02		4.1956946e+02		3.6623100e+02		5.3338455e+01
4.6700000e+02		4.6800000e+02		4.6750000e+02		6.4572639e+02		2.6893367e+02		5.5948283e+02		4.2581376e+02		3.7118227e+02		5.4631483e+01
4.6800000e+02		4.6900000e+02		4.6850000e+02		6.3145002e+02		2.6450169e+02		5.4954118e+02		4.1844836e+02		3.6424173e+02		5.4206625e+01
4.6900000e+02		4.7000000e+02		4.6950000e+02		6.4956875e+02		2.7396015e+02		5.6842377e+02		4.3305833e+02		3.7643035e+02		5.6627986e+01
4.7000000e+02		4.7100000e+02		4.7050000e+02		6.1381170e+02		2.6080913e+02		5.4042250e+02		4.1194921e+02		3.5760127e+02		5.4347938e+01
4.7100000e+02		4.7200000e+02		4.7150000e+02		6.4174114e+02		2.7412733e+02		5.6725052e+02		4.3261040e+02		3.7497499e+02		5.7635415e+01
4.7200000e+02		4.7300000e+02		4.7250000e+02		6.5742798e+02		2.8304666e+02		5.8494558e+02		4.4634950e+02		3.8637867e+02		5.9970830e+01
4.7300000e+02		4.7400000e+02		4.7350000e+02		6.4563741e+02		2.7958800e+02		5.7701214e+02		4.4051420e+02		3.8075549e+02		5.9758713e+01
4.7400000e+02		4.7500000e+02		4.7450000e+02		6.6512717e+02		2.8919970e+02		5.9631268e+02		4.5534586e+02		3.9310604e+02		6.2239820e+01
4.7500000e+02		4.7600000e+02		4.7550000e+02		6.6365303e+02		2.9061447e+02		5.9835529e+02		4.5718396e+02		3.9410763e+02		6.3076328e+01
4.7600000e+02		4.7700000e+02		4.7650000e+02		6.3952653e+02		2.8202326e+02		5.7979812e+02		4.4328627e+02		3.8155239e+02		6.1733885e+01
4.7700000e+02		4.7800000e+02		4.7750000e+02		6.6772274e+02		2.9619353e+02		6.0815558e+02		4.6518453e+02		3.9983699e+02		6.5347535e+01
4.7800000e+02		4.7900000e+02		4.7850000e+02		6.6128260e+02		2.9506550e+02		6.0506843e+02		4.6303950e+02		3.9743075e+02		6.5608751e+01
4.7900000e+02		4.8000000e+02		4.7950000e+02		6.6320839e+02		2.9769482e+02		6.0968268e+02		4.6678854e+02		4.0008002e+02		6.6708513e+01
4.8000000e+02		4.8100000e+02		4.8050000e+02		6.6489751e+02		3.0023723e+02		6.1417036e+02		4.7042247e+02		4.0266260e+02		6.7759867e+01
4.8100000e+02		4.8200000e+02		4.8150000e+02		6.6630748e+02		3.0189111e+02		6.1705754e+02		4.7270500e+02		4.0415002e+02		6.8554980e+01
4.8200000e+02		4.8300000e+02		4.8250000e+02		6.6376999e+02		3.0265897e+02		6.1786971e+02		4.7355199e+02		4.0433723e+02		6.9214761e+01
4.8300000e+02		4.8400000e+02		4.8350000e+02		6.5373157e+02		2.9968247e+02		6.1103440e+02		4.6851523e+02		3.9946262e+02		6.9052617e+01
4.8400000e+02		4.8500000e+02		4.8450000e+02		6.4242337e+02		2.9591986e+02		6.0259573e+02		4.6223913e+02		3.9351562e+02		6.8723512e+01
4.8500000e+02		4.8600000e+02		4.8550000e+02		6.0369332e+02		2.7870697e+02		5.6685967e+02		4.3496127e+02		3.6970164e+02		6.5259630e+01
4.8600000e+02		4.8700000e+02		4.8650000e+02		5.2412565e+02		2.4360977e+02		4.9491442e+02		3.7992550e+02		3.2252646e+02		5.7399034e+01
4.8700000e+02		4.8800000e+02		4.8750000e+02		5.9966111e+02		2.8247205e+02		5.7283635e+02		4.4016668e+02		3.7310949e+02		6.7057190e+01
4.8800000e+02		4.8900000e+02		4.8850000e+02		6.3081686e+02		2.9833473e+02		6.0424320e+02		4.6448467e+02		3.9311498e+02		7.1369685e+01
4.8900000e+02		4.9000000e+02		4.8950000e+02		6.1880396e+02		2.9437535e+02		5.9552602e+02		4.5797641e+02		3.8708427e+02		7.0892140e+01
4.9000000e+02		4.9100000e+02		4.9050000e+02		6.5907671e+02		3.1508782e+02		6.3667569e+02		4.8981733e+02		4.1341445e+02		7.6402880e+01
4.9100000e+02		4.9200000e+02		4.9150000e+02		6.2110374e+02		3.0062622e+02		6.0682993e+02		4.6713206e+02		3.9395703e+02		7.3175030e+01
4.9200000e+02		4.9300000e+02		4.9250000e+02		5.9112858e+02		2.8741713e+02		5.7947301e+02		4.4624396e+02		3.7578830e+02		7.0455654e+01
4.9300000e+02		4.9400000e+02		4.9350000e+02		6.2472140e+02		3.0384033e+02		6.1179390e+02		4.7126148e+02		3.9612271e+02		7.5138775e+01
4.9400000e+02		4.9500000e+02		4.9450000e+02		6.4279699e+02		3.1438990e+02		6.3230150e+02		4.8725248e+02		4.0899725e+02		7.8255228e+01
4.9500000e+02		4.9600000e+02		4.9550000e+02		6.3133158e+02		3.1055583e+02		6.2388273e+02		4.8096012e+02		4.0318090e+02		7.7779226e+01
4.9600000e+02		4.9700000e+02		4.9650000e+02		6.3921352e+02		3.1603273e+02		6.3414966e+02		4.8906385e+02		4.0939604e+02		7.9667814e+01
4.9700000e+02		4.9800000e+02		4.9750000e+02		6.5113923e+02		3.2263381e+02		6.4660175e+02		4.9882358e+02		4.1686949e+02		8.1954099e+01
4.9800000e+02		4.9900000e+02		4.9850000e+02		5.9175801e+02		2.9407651e+02		5.8867861e+02		4.5428349e+02		3.7905378e+02		7.5229708e+01
4.9900000e+02		5.0000000e+02		4.9950000e+02		6.3385792e+02		3.1683049e+02		6.3358679e+02		4.8912111e+02		4.0764397e+02		8.1477135e+01
