Left Bin Edge (nm)	Right Bin Edge (nm)	Bin Center (nm)		Top of Atm Intensity (erg/s/nm/cm2)		Total Surface Flux (erg/s/nm/cm2)		Total Intensity at BOA (erg/s/nm/cm2)		Total Surface Intensity (erg/s/nm/cm2)		Total Surface Diffuse Intensity (erg/s/nm/cm2)		Total Surface Direct Intensity (erg/s/nm/cm2)
1.0000000e+02		1.0100000e+02		1.0050000e+02		1.9189487e-02		0.0000000e+00		0.0000000e+00		0.0000000e+00		0.0000000e+00		0.0000000e+00
1.0100000e+02		1.0200000e+02		1.0150000e+02		7.4861701e-02		0.0000000e+00		0.0000000e+00		0.0000000e+00		0.0000000e+00		0.0000000e+00
1.0200000e+02		1.0300000e+02		1.0250000e+02		3.9734366e-01		0.0000000e+00		0.0000000e+00		0.0000000e+00		0.0000000e+00		0.0000000e+00
1.0300000e+02		1.0400000e+02		1.0350000e+02		3.0179545e-01		0.0000000e+00		0.0000000e+00		0.0000000e+00		0.0000000e+00		0.0000000e+00
1.0400000e+02		1.0500000e+02		1.0450000e+02		6.0815352e-02		0.0000000e+00		0.0000000e+00		0.0000000e+00		0.0000000e+00		0.0000000e+00
1.0500000e+02		1.0600000e+02		1.0550000e+02		2.0834600e-02		0.0000000e+00		0.0000000e+00		0.0000000e+00		0.0000000e+00		0.0000000e+00
1.0600000e+02		1.0700000e+02		1.0650000e+02		1.9584792e-02		0.0000000e+00		0.0000000e+00		0.0000000e+00		0.0000000e+00		0.0000000e+00
1.0700000e+02		1.0800000e+02		1.0750000e+02		2.1853879e-02		0.0000000e+00		0.0000000e+00		0.0000000e+00		0.0000000e+00		0.0000000e+00
1.0800000e+02		1.0900000e+02		1.0850000e+02		3.0634999e-02		0.0000000e+00		0.0000000e+00		0.0000000e+00		0.0000000e+00		0.0000000e+00
1.0900000e+02		1.1000000e+02		1.0950000e+02		2.4032561e-02		0.0000000e+00		0.0000000e+00		0.0000000e+00		0.0000000e+00		0.0000000e+00
1.1000000e+02		1.1100000e+02		1.1050000e+02		2.3268893e-02		0.0000000e+00		0.0000000e+00		0.0000000e+00		0.0000000e+00		0.0000000e+00
1.1100000e+02		1.1200000e+02		1.1150000e+02		2.1871272e-02		0.0000000e+00		0.0000000e+00		0.0000000e+00		0.0000000e+00		0.0000000e+00
1.1200000e+02		1.1300000e+02		1.1250000e+02		2.2375602e-02		0.0000000e+00		0.0000000e+00		0.0000000e+00		0.0000000e+00		0.0000000e+00
1.1300000e+02		1.1400000e+02		1.1350000e+02		1.7748133e-02		0.0000000e+00		0.0000000e+00		0.0000000e+00		0.0000000e+00		0.0000000e+00
1.1400000e+02		1.1500000e+02		1.1450000e+02		1.3589480e-02		0.0000000e+00		0.0000000e+00		0.0000000e+00		0.0000000e+00		0.0000000e+00
1.1500000e+02		1.1600000e+02		1.1550000e+02		1.8751615e-02		0.0000000e+00		0.0000000e+00		0.0000000e+00		0.0000000e+00		0.0000000e+00
1.1600000e+02		1.1700000e+02		1.1650000e+02		4.3674487e-02		0.0000000e+00		0.0000000e+00		0.0000000e+00		0.0000000e+00		0.0000000e+00
1.1700000e+02		1.1800000e+02		1.1750000e+02		1.5546757e-01		0.0000000e+00		0.0000000e+00		0.0000000e+00		0.0000000e+00		0.0000000e+00
1.1800000e+02		1.1900000e+02		1.1850000e+02		5.2889236e-02		0.0000000e+00		0.0000000e+00		0.0000000e+00		0.0000000e+00		0.0000000e+00
1.1900000e+02		1.2000000e+02		1.1950000e+02		7.3692884e-02		0.0000000e+00		0.0000000e+00		0.0000000e+00		0.0000000e+00		0.0000000e+00
1.2000000e+02		1.2100000e+02		1.2050000e+02		4.0066072e-01		0.0000000e+00		0.0000000e+00		0.0000000e+00		0.0000000e+00		0.0000000e+00
1.2100000e+02		1.2200000e+02		1.2150000e+02		1.5905289e+01		0.0000000e+00		0.0000000e+00		0.0000000e+00		0.0000000e+00		0.0000000e+00
1.2200000e+02		1.2300000e+02		1.2250000e+02		1.0666543e-01		0.0000000e+00		0.0000000e+00		0.0000000e+00		0.0000000e+00		0.0000000e+00
1.2300000e+02		1.2400000e+02		1.2350000e+02		5.7456553e-02		0.0000000e+00		0.0000000e+00		0.0000000e+00		0.0000000e+00		0.0000000e+00
1.2400000e+02		1.2500000e+02		1.2450000e+02		4.6184197e-02		0.0000000e+00		0.0000000e+00		0.0000000e+00		0.0000000e+00		0.0000000e+00
1.2500000e+02		1.2600000e+02		1.2550000e+02		4.5085118e-02		0.0000000e+00		0.0000000e+00		0.0000000e+00		0.0000000e+00		0.0000000e+00
1.2600000e+02		1.2700000e+02		1.2650000e+02		6.3054464e-02		0.0000000e+00		0.0000000e+00		0.0000000e+00		0.0000000e+00		0.0000000e+00
1.2700000e+02		1.2800000e+02		1.2750000e+02		3.3006429e-02		0.0000000e+00		0.0000000e+00		0.0000000e+00		0.0000000e+00		0.0000000e+00
1.2800000e+02		1.2900000e+02		1.2850000e+02		2.6335196e-02		0.0000000e+00		0.0000000e+00		0.0000000e+00		0.0000000e+00		0.0000000e+00
1.2900000e+02		1.3000000e+02		1.2950000e+02		3.5131240e-02		0.0000000e+00		0.0000000e+00		0.0000000e+00		0.0000000e+00		0.0000000e+00
1.3000000e+02		1.3100000e+02		1.3050000e+02		2.8850634e-01		0.0000000e+00		0.0000000e+00		0.0000000e+00		0.0000000e+00		0.0000000e+00
1.3100000e+02		1.3200000e+02		1.3150000e+02		3.9064855e-02		0.0000000e+00		0.0000000e+00		0.0000000e+00		0.0000000e+00		0.0000000e+00
1.3200000e+02		1.3300000e+02		1.3250000e+02		3.0374778e-02		0.0000000e+00		0.0000000e+00		0.0000000e+00		0.0000000e+00		0.0000000e+00
1.3300000e+02		1.3400000e+02		1.3350000e+02		4.1056606e-01		0.0000000e+00		0.0000000e+00		0.0000000e+00		0.0000000e+00		0.0000000e+00
1.3400000e+02		1.3500000e+02		1.3450000e+02		2.8092500e-02		0.0000000e+00		0.0000000e+00		0.0000000e+00		0.0000000e+00		0.0000000e+00
1.3500000e+02		1.3600000e+02		1.3550000e+02		5.8954708e-02		0.0000000e+00		0.0000000e+00		0.0000000e+00		0.0000000e+00		0.0000000e+00
1.3600000e+02		1.3700000e+02		1.3650000e+02		3.8690656e-02		0.0000000e+00		0.0000000e+00		0.0000000e+00		0.0000000e+00		0.0000000e+00
1.3700000e+02		1.3800000e+02		1.3750000e+02		3.9732879e-02		0.0000000e+00		0.0000000e+00		0.0000000e+00		0.0000000e+00		0.0000000e+00
1.3800000e+02		1.3900000e+02		1.3850000e+02		4.0549866e-02		0.0000000e+00		0.0000000e+00		0.0000000e+00		0.0000000e+00		0.0000000e+00
1.3900000e+02		1.4000000e+02		1.3950000e+02		1.3692187e-01		0.0000000e+00		0.0000000e+00		0.0000000e+00		0.0000000e+00		0.0000000e+00
1.4000000e+02		1.4100000e+02		1.4050000e+02		1.1939088e-01		0.0000000e+00		0.0000000e+00		0.0000000e+00		0.0000000e+00		0.0000000e+00
1.4100000e+02		1.4200000e+02		1.4150000e+02		5.7521948e-02		0.0000000e+00		0.0000000e+00		0.0000000e+00		0.0000000e+00		0.0000000e+00
1.4200000e+02		1.4300000e+02		1.4250000e+02		6.2343151e-02		0.0000000e+00		0.0000000e+00		0.0000000e+00		0.0000000e+00		0.0000000e+00
1.4300000e+02		1.4400000e+02		1.4350000e+02		6.9165895e-02		0.0000000e+00		0.0000000e+00		0.0000000e+00		0.0000000e+00		0.0000000e+00
1.4400000e+02		1.4500000e+02		1.4450000e+02		6.6149126e-02		0.0000000e+00		0.0000000e+00		0.0000000e+00		0.0000000e+00		0.0000000e+00
1.4500000e+02		1.4600000e+02		1.4550000e+02		7.0536262e-02		0.0000000e+00		0.0000000e+00		0.0000000e+00		0.0000000e+00		0.0000000e+00
1.4600000e+02		1.4700000e+02		1.4650000e+02		8.6012655e-02		0.0000000e+00		0.0000000e+00		0.0000000e+00		0.0000000e+00		0.0000000e+00
1.4700000e+02		1.4800000e+02		1.4750000e+02		1.0610345e-01		0.0000000e+00		0.0000000e+00		0.0000000e+00		0.0000000e+00		0.0000000e+00
1.4800000e+02		1.4900000e+02		1.4850000e+02		1.0405386e-01		0.0000000e+00		0.0000000e+00		0.0000000e+00		0.0000000e+00		0.0000000e+00
1.4900000e+02		1.5000000e+02		1.4950000e+02		9.4002421e-02		0.0000000e+00		0.0000000e+00		0.0000000e+00		0.0000000e+00		0.0000000e+00
1.5000000e+02		1.5100000e+02		1.5050000e+02		1.0343288e-01		0.0000000e+00		0.0000000e+00		0.0000000e+00		0.0000000e+00		0.0000000e+00
1.5100000e+02		1.5200000e+02		1.5150000e+02		1.0875212e-01		0.0000000e+00		0.0000000e+00		0.0000000e+00		0.0000000e+00		0.0000000e+00
1.5200000e+02		1.5300000e+02		1.5250000e+02		1.3876638e-01		0.0000000e+00		0.0000000e+00		0.0000000e+00		0.0000000e+00		0.0000000e+00
1.5300000e+02		1.5400000e+02		1.5350000e+02		1.5371418e-01		0.0000000e+00		0.0000000e+00		0.0000000e+00		0.0000000e+00		0.0000000e+00
1.5400000e+02		1.5500000e+02		1.5450000e+02		4.1112511e-01		0.0000000e+00		0.0000000e+00		0.0000000e+00		0.0000000e+00		0.0000000e+00
1.5500000e+02		1.5600000e+02		1.5550000e+02		3.3836363e-01		0.0000000e+00		0.0000000e+00		0.0000000e+00		0.0000000e+00		0.0000000e+00
1.5600000e+02		1.5700000e+02		1.5650000e+02		2.0084632e-01		0.0000000e+00		0.0000000e+00		0.0000000e+00		0.0000000e+00		0.0000000e+00
1.5700000e+02		1.5800000e+02		1.5750000e+02		1.8216796e-01		0.0000000e+00		0.0000000e+00		0.0000000e+00		0.0000000e+00		0.0000000e+00
1.5800000e+02		1.5900000e+02		1.5850000e+02		1.6795176e-01		0.0000000e+00		0.0000000e+00		0.0000000e+00		0.0000000e+00		0.0000000e+00
1.5900000e+02		1.6000000e+02		1.5950000e+02		1.6379377e-01		0.0000000e+00		0.0000000e+00		0.0000000e+00		0.0000000e+00		0.0000000e+00
1.6000000e+02		1.6100000e+02		1.6050000e+02		1.7926410e-01		0.0000000e+00		0.0000000e+00		0.0000000e+00		0.0000000e+00		0.0000000e+00
1.6100000e+02		1.6200000e+02		1.6150000e+02		2.0306941e-01		0.0000000e+00		0.0000000e+00		0.0000000e+00		0.0000000e+00		0.0000000e+00
1.6200000e+02		1.6300000e+02		1.6250000e+02		2.2492895e-01		0.0000000e+00		0.0000000e+00		0.0000000e+00		0.0000000e+00		0.0000000e+00
1.6300000e+02		1.6400000e+02		1.6350000e+02		4.7671727e-01		0.0000000e+00		0.0000000e+00		0.0000000e+00		0.0000000e+00		0.0000000e+00
1.6400000e+02		1.6500000e+02		1.6450000e+02		4.8753270e-01		0.0000000e+00		0.0000000e+00		0.0000000e+00		0.0000000e+00		0.0000000e+00
1.6500000e+02		1.6600000e+02		1.6550000e+02		5.7072689e-01		0.0000000e+00		0.0000000e+00		0.0000000e+00		0.0000000e+00		0.0000000e+00
1.6600000e+02		1.6700000e+02		1.6650000e+02		2.6919628e-01		0.0000000e+00		0.0000000e+00		0.0000000e+00		0.0000000e+00		0.0000000e+00
1.6700000e+02		1.6800000e+02		1.6750000e+02		2.8728373e-01		0.0000000e+00		0.0000000e+00		0.0000000e+00		0.0000000e+00		0.0000000e+00
1.6800000e+02		1.6900000e+02		1.6850000e+02		3.0958866e-01		0.0000000e+00		0.0000000e+00		0.0000000e+00		0.0000000e+00		0.0000000e+00
1.6900000e+02		1.7000000e+02		1.6950000e+02		3.8988989e-01		0.0000000e+00		0.0000000e+00		0.0000000e+00		0.0000000e+00		0.0000000e+00
1.7000000e+02		1.7100000e+02		1.7050000e+02		4.3752516e-01		0.0000000e+00		0.0000000e+00		0.0000000e+00		0.0000000e+00		0.0000000e+00
1.7100000e+02		1.7200000e+02		1.7150000e+02		4.3618394e-01		0.0000000e+00		0.0000000e+00		0.0000000e+00		0.0000000e+00		0.0000000e+00
1.7200000e+02		1.7300000e+02		1.7250000e+02		4.5514763e-01		0.0000000e+00		0.0000000e+00		0.0000000e+00		0.0000000e+00		0.0000000e+00
1.7300000e+02		1.7400000e+02		1.7350000e+02		4.5120572e-01		0.0000000e+00		0.0000000e+00		0.0000000e+00		0.0000000e+00		0.0000000e+00
1.7400000e+02		1.7500000e+02		1.7450000e+02		5.3951828e-01		0.0000000e+00		0.0000000e+00		0.0000000e+00		0.0000000e+00		0.0000000e+00
1.7500000e+02		1.7600000e+02		1.7550000e+02		6.4389120e-01		0.0000000e+00		0.0000000e+00		0.0000000e+00		0.0000000e+00		0.0000000e+00
1.7600000e+02		1.7700000e+02		1.7650000e+02		6.9472845e-01		0.0000000e+00		0.0000000e+00		0.0000000e+00		0.0000000e+00		0.0000000e+00
1.7700000e+02		1.7800000e+02		1.7750000e+02		8.1849614e-01		0.0000000e+00		0.0000000e+00		0.0000000e+00		0.0000000e+00		0.0000000e+00
1.7800000e+02		1.7900000e+02		1.7850000e+02		8.9455089e-01		0.0000000e+00		0.0000000e+00		0.0000000e+00		0.0000000e+00		0.0000000e+00
1.7900000e+02		1.8000000e+02		1.7950000e+02		8.6966614e-01		0.0000000e+00		0.0000000e+00		0.0000000e+00		0.0000000e+00		0.0000000e+00
1.8000000e+02		1.8100000e+02		1.8050000e+02		1.0753674e+00		0.0000000e+00		0.0000000e+00		0.0000000e+00		0.0000000e+00		0.0000000e+00
1.8100000e+02		1.8200000e+02		1.8150000e+02		1.3093431e+00		0.0000000e+00		0.0000000e+00		0.0000000e+00		0.0000000e+00		0.0000000e+00
1.8200000e+02		1.8300000e+02		1.8250000e+02		1.2087370e+00		0.0000000e+00		0.0000000e+00		0.0000000e+00		0.0000000e+00		0.0000000e+00
1.8300000e+02		1.8400000e+02		1.8350000e+02		1.2728289e+00		0.0000000e+00		0.0000000e+00		0.0000000e+00		0.0000000e+00		0.0000000e+00
1.8400000e+02		1.8500000e+02		1.8450000e+02		1.0940339e+00		0.0000000e+00		0.0000000e+00		0.0000000e+00		0.0000000e+00		0.0000000e+00
1.8500000e+02		1.8600000e+02		1.8550000e+02		1.2372281e+00		0.0000000e+00		0.0000000e+00		0.0000000e+00		0.0000000e+00		0.0000000e+00
1.8600000e+02		1.8700000e+02		1.8650000e+02		1.4037992e+00		0.0000000e+00		0.0000000e+00		0.0000000e+00		0.0000000e+00		0.0000000e+00
1.8700000e+02		1.8800000e+02		1.8750000e+02		1.5907538e+00		0.0000000e+00		0.0000000e+00		0.0000000e+00		0.0000000e+00		0.0000000e+00
1.8800000e+02		1.8900000e+02		1.8850000e+02		1.6735993e+00		0.0000000e+00		0.0000000e+00		0.0000000e+00		0.0000000e+00		0.0000000e+00
1.8900000e+02		1.9000000e+02		1.8950000e+02		1.8559600e+00		0.0000000e+00		0.0000000e+00		0.0000000e+00		0.0000000e+00		0.0000000e+00
1.9000000e+02		1.9100000e+02		1.9050000e+02		1.9109940e+00		0.0000000e+00		0.0000000e+00		0.0000000e+00		0.0000000e+00		0.0000000e+00
1.9100000e+02		1.9200000e+02		1.9150000e+02		2.0707336e+00		0.0000000e+00		0.0000000e+00		0.0000000e+00		0.0000000e+00		0.0000000e+00
1.9200000e+02		1.9300000e+02		1.9250000e+02		2.1685186e+00		0.0000000e+00		0.0000000e+00		0.0000000e+00		0.0000000e+00		0.0000000e+00
1.9300000e+02		1.9400000e+02		1.9350000e+02		1.6554009e+00		0.0000000e+00		0.0000000e+00		0.0000000e+00		0.0000000e+00		0.0000000e+00
1.9400000e+02		1.9500000e+02		1.9450000e+02		2.6556632e+00		0.0000000e+00		0.0000000e+00		0.0000000e+00		0.0000000e+00		0.0000000e+00
1.9500000e+02		1.9600000e+02		1.9550000e+02		2.5630279e+00		0.0000000e+00		0.0000000e+00		0.0000000e+00		0.0000000e+00		0.0000000e+00
1.9600000e+02		1.9700000e+02		1.9650000e+02		2.8204934e+00		1.1194894e-279		0.0000000e+00		1.1838521e-279		1.5228377e-280		1.0315684e-279
1.9700000e+02		1.9800000e+02		1.9750000e+02		2.8068384e+00		8.5680571e-204		0.0000000e+00		9.2820952e-204		1.6894324e-204		7.5926628e-204
1.9800000e+02		1.9900000e+02		1.9850000e+02		2.7505577e+00		2.5777563e-132		0.0000000e+00		2.9207589e-132		8.1155297e-133		2.1092060e-132
1.9900000e+02		2.0000000e+02		1.9950000e+02		2.8965557e+00		6.1389946e-90		9.9958226e-86		7.4187730e-90		3.0279881e-90		4.3907848e-90
2.0000000e+02		2.0100000e+02		2.0050000e+02		3.0623388e+00		3.6350173e-63		4.1354422e-60		4.8291324e-63		2.8253067e-63		2.0038257e-63
2.0100000e+02		2.0200000e+02		2.0150000e+02		3.2593670e+00		6.4838560e-28		2.7860832e-26		1.1230366e-27		1.1230362e-27		3.2585689e-34
2.0200000e+02		2.0300000e+02		2.0250000e+02		3.2217937e+00		8.7709747e-22		2.0432042e-20		1.5191774e-21		1.5191774e-21		5.1050619e-31
2.0300000e+02		2.0400000e+02		2.0350000e+02		3.4484145e+00		2.0785554e-10		1.7640426e-09		3.6001635e-10		3.6001635e-10		1.4458316e-26
2.0400000e+02		2.0500000e+02		2.0450000e+02		3.7117169e+00		1.2884330e-01		7.0224977e-01		2.2316315e-01		2.2316315e-01		1.1720648e-24
2.0500000e+02		2.0600000e+02		2.0550000e+02		3.7200399e+00		1.3194177e-01		7.1242129e-01		2.2852985e-01		2.2852985e-01		4.0294122e-24
2.0600000e+02		2.0700000e+02		2.0650000e+02		3.7247532e+00		1.3496467e-01		7.2199933e-01		2.3376567e-01		2.3376567e-01		1.3378037e-23
2.0700000e+02		2.0800000e+02		2.0750000e+02		4.0454145e+00		1.4973188e-01		7.9365197e-01		2.5934323e-01		2.5934323e-01		4.6626061e-23
2.0800000e+02		2.0900000e+02		2.0850000e+02		4.3759554e+00		1.6542236e-01		8.6885203e-01		2.8651993e-01		2.8651993e-01		1.5680057e-22
2.0900000e+02		2.1000000e+02		2.0950000e+02		5.6528678e+00		2.1822384e-01		1.1358631e+00		3.7797478e-01		3.7797478e-01		6.1071836e-22
2.1000000e+02		2.1100000e+02		2.1050000e+02		6.9678423e+00		2.7465424e-01		1.4168321e+00		4.7571509e-01		4.7571509e-01		2.2033781e-21
2.1100000e+02		2.1200000e+02		2.1150000e+02		7.9326445e+00		3.1923004e-01		1.6322247e+00		5.5292264e-01		5.5292264e-01		7.1345259e-21
2.1200000e+02		2.1300000e+02		2.1250000e+02		7.0734222e+00		2.9057404e-01		1.4726943e+00		5.0328900e-01		5.0328900e-01		1.7598335e-20
2.1300000e+02		2.1400000e+02		2.1350000e+02		7.2066449e+00		3.0216635e-01		1.5181572e+00		5.2336747e-01		5.2336747e-01		4.8283006e-20
2.1400000e+02		2.1500000e+02		2.1450000e+02		9.2279181e+00		3.9486375e-01		1.9668339e+00		6.8392407e-01		6.8392407e-01		1.6221075e-19
2.1500000e+02		2.1600000e+02		2.1550000e+02		7.9257408e+00		3.4606629e-01		1.7090871e+00		5.9940439e-01		5.9940439e-01		3.5643776e-19
2.1600000e+02		2.1700000e+02		2.1650000e+02		7.3353469e+00		3.2678481e-01		1.6002418e+00		5.6600789e-01		5.6600789e-01		8.2362601e-19
2.1700000e+02		2.1800000e+02		2.1750000e+02		7.5953881e+00		3.4519090e-01		1.6762395e+00		5.9788817e-01		5.9788817e-01		2.0794773e-18
2.1800000e+02		2.1900000e+02		2.1850000e+02		1.0217230e+01		4.7365005e-01		2.2809783e+00		8.2038595e-01		8.2038595e-01		6.6662414e-18
2.1900000e+02		2.2000000e+02		2.1950000e+02		1.0786519e+01		5.0999766e-01		2.4358591e+00		8.8334186e-01		8.8334186e-01		1.6403249e-17
2.2000000e+02		2.2100000e+02		2.2050000e+02		1.0851638e+01		5.2322985e-01		2.4787358e+00		9.0626068e-01		9.0626068e-01		3.7644213e-17
2.2100000e+02		2.2200000e+02		2.2150000e+02		8.6872371e+00		4.2710789e-01		2.0070682e+00		7.3977257e-01		7.3977257e-01		6.7325405e-17
2.2200000e+02		2.2300000e+02		2.2250000e+02		1.1691346e+01		5.8604098e-01		2.7319461e+00		1.0150528e+00		1.0150528e+00		1.9836827e-16
2.2300000e+02		2.2400000e+02		2.2350000e+02		1.5139682e+01		7.7363675e-01		3.5779427e+00		1.3399782e+00		1.3399782e+00		5.5146368e-16
2.2400000e+02		2.2500000e+02		2.2450000e+02		1.4154944e+01		7.3728453e-01		3.3831080e+00		1.2770143e+00		1.2770143e+00		1.0860247e-15
2.2500000e+02		2.2600000e+02		2.2550000e+02		1.2365614e+01		6.5644675e-01		2.9887992e+00		1.1369991e+00		1.1369991e+00		1.9618472e-15
2.2600000e+02		2.2700000e+02		2.2650000e+02		9.0577089e+00		4.9001535e-01		2.2138857e+00		8.4873149e-01		8.4873149e-01		2.9188467e-15
2.2700000e+02		2.2800000e+02		2.2750000e+02		8.8108381e+00		4.8569895e-01		2.1776721e+00		8.4125526e-01		8.4125526e-01		5.6677417e-15
2.2800000e+02		2.2900000e+02		2.2850000e+02		1.2275156e+01		6.8942512e-01		3.0677753e+00		1.1941193e+00		1.1941193e+00		1.5498824e-14
2.2900000e+02		2.3000000e+02		2.2950000e+02		1.1031259e+01		6.3117131e-01		2.7875705e+00		1.0932208e+00		1.0932208e+00		2.6894886e-14
2.3000000e+02		2.3100000e+02		2.3050000e+02		1.2510180e+01		7.2912196e-01		3.1963312e+00		1.2628763e+00		1.2628763e+00		5.7967274e-14
2.3100000e+02		2.3200000e+02		2.3150000e+02		1.1791833e+01		6.9997925e-01		3.0460730e+00		1.2123996e+00		1.2123996e+00		1.0225337e-13
2.3200000e+02		2.3300000e+02		2.3250000e+02		1.2664003e+01		7.6558823e-01		3.3073815e+00		1.3260377e+00		1.3260377e+00		2.0246051e-13
2.3300000e+02		2.3400000e+02		2.3350000e+02		1.1428554e+01		7.0354113e-01		3.0174670e+00		1.2185690e+00		1.2185690e+00		3.3198376e-13
2.3400000e+02		2.3500000e+02		2.3450000e+02		9.9864853e+00		6.2594878e-01		2.6655430e+00		1.0841751e+00		1.0841751e+00		5.1970715e-13
2.3500000e+02		2.3600000e+02		2.3550000e+02		1.3443360e+01		8.5785961e-01		3.6273261e+00		1.4858564e+00		1.4858564e+00		1.2362699e-12
2.3600000e+02		2.3700000e+02		2.3650000e+02		1.2448020e+01		8.0862218e-01		3.3952278e+00		1.4005747e+00		1.4005747e+00		1.9960588e-12
2.3700000e+02		2.3800000e+02		2.3750000e+02		1.3294723e+01		8.7905638e-01		3.6654058e+00		1.5225703e+00		1.5225703e+00		3.6693689e-12
2.3800000e+02		2.3900000e+02		2.3850000e+02		1.1021422e+01		7.4169028e-01		3.0714181e+00		1.2846453e+00		1.2846453e+00		5.1703318e-12
2.3900000e+02		2.4000000e+02		2.3950000e+02		1.2008577e+01		8.2239381e-01		3.3824852e+00		1.4244279e+00		1.4244279e+00		9.4585252e-12
2.4000000e+02		2.4100000e+02		2.4050000e+02		1.1032163e+01		7.6879127e-01		3.1407454e+00		1.3315855e+00		1.3315855e+00		1.4416968e-11
2.4100000e+02		2.4200000e+02		2.4150000e+02		1.2918879e+01		9.1598552e-01		3.7171441e+00		1.5865335e+00		1.5865335e+00		2.7688081e-11
2.4200000e+02		2.4300000e+02		2.4250000e+02		1.7782729e+01		1.2827294e+00		5.1710694e+00		2.2217525e+00		2.2217525e+00		6.1806345e-11
2.4300000e+02		2.4400000e+02		2.4350000e+02		1.6701989e+01		1.2255608e+00		4.9083166e+00		2.1227336e+00		2.1227336e+00		9.3114042e-11
2.4400000e+02		2.4500000e+02		2.4450000e+02		1.5641720e+01		1.1674512e+00		4.6453284e+00		2.0220849e+00		2.0220849e+00		1.3839467e-10
2.4500000e+02		2.4600000e+02		2.4550000e+02		1.2691134e+01		9.6338547e-01		3.8087734e+00		1.6686326e+00		1.6686326e+00		1.7636985e-10
2.4600000e+02		2.4700000e+02		2.4650000e+02		1.2350906e+01		9.5345910e-01		3.7456022e+00		1.6514396e+00		1.6514396e+00		2.6689125e-10
2.4700000e+02		2.4800000e+02		2.4750000e+02		1.3639226e+01		1.0706686e+00		4.1796136e+00		1.8544524e+00		1.8544524e+00		4.5381335e-10
2.4800000e+02		2.4900000e+02		2.4850000e+02		1.0938846e+01		8.7308738e-01		3.3870923e+00		1.5122317e+00		1.5122317e+00		5.5509263e-10
2.4900000e+02		2.5000000e+02		2.4950000e+02		1.3333262e+01		1.0819386e+00		4.1714467e+00		1.8739726e+00		1.8739726e+00		1.0223550e-09
2.5000000e+02		2.5100000e+02		2.5050000e+02		1.4401571e+01		1.1879973e+00		4.5524024e+00		2.0576717e+00		2.0576717e+00		1.6535542e-09
2.5100000e+02		2.5200000e+02		2.5150000e+02		1.2007424e+01		1.0068263e+00		3.8348371e+00		1.7438742e+00		1.7438742e+00		2.0463370e-09
2.5200000e+02		2.5300000e+02		2.5250000e+02		1.0794009e+01		9.1991262e-01		3.4828283e+00		1.5933354e+00		1.5933354e+00		2.7071048e-09
2.5300000e+02		2.5400000e+02		2.5350000e+02		1.3602371e+01		1.1781425e+00		4.4340654e+00		2.0406027e+00		2.0406027e+00		4.9785798e-09
2.5400000e+02		2.5500000e+02		2.5450000e+02		1.5384114e+01		1.3540530e+00		5.0662220e+00		2.3452887e+00		2.3452887e+00		8.1507930e-09
2.5500000e+02		2.5600000e+02		2.5550000e+02		2.0992062e+01		1.8774100e+00		6.9835654e+00		3.2517695e+00		3.2517695e+00		1.5972704e-08
2.5600000e+02		2.5700000e+02		2.5650000e+02		2.7040612e+01		2.4570982e+00		9.0873073e+00		4.2558190e+00		4.2558190e+00		2.9321371e-08
2.5700000e+02		2.5800000e+02		2.5750000e+02		3.3946512e+01		3.1337515e+00		1.1523827e+01		5.4278167e+00		5.4278167e+00		5.2064506e-08
2.5800000e+02		2.5900000e+02		2.5850000e+02		3.5732434e+01		3.3508661e+00		1.2252744e+01		5.8038702e+00		5.8038701e+00		7.6949553e-08
2.5900000e+02		2.6000000e+02		2.5950000e+02		3.0409976e+01		2.8966602e+00		1.0532767e+01		5.0171626e+00		5.0171626e+00		9.1296757e-08
2.6000000e+02		2.6100000e+02		2.6050000e+02		2.4915606e+01		2.4104724e+00		8.7164554e+00		4.1750606e+00		4.1750605e+00		1.0355814e-07
2.6100000e+02		2.6200000e+02		2.6150000e+02		2.5442742e+01		2.4998060e+00		8.9900264e+00		4.3297909e+00		4.3297908e+00		1.4541329e-07
2.6200000e+02		2.6300000e+02		2.6250000e+02		3.0366547e+01		3.0297878e+00		1.0836964e+01		5.2477463e+00		5.2477460e+00		2.3707778e-07
2.6300000e+02		2.6400000e+02		2.6350000e+02		4.5700096e+01		4.6298967e+00		1.6471424e+01		8.0192159e+00		8.0192154e+00		4.8424787e-07
2.6400000e+02		2.6500000e+02		2.6450000e+02		7.1249372e+01		7.3288499e+00		2.5934838e+01		1.2693940e+01		1.2693939e+01		1.0182545e-06
2.6500000e+02		2.6600000e+02		2.6550000e+02		7.4731454e+01		7.8040902e+00		2.7471422e+01		1.3517080e+01		1.3517078e+01		1.4316625e-06
2.6600000e+02		2.6700000e+02		2.6650000e+02		7.2446611e+01		7.6800613e+00		2.6894145e+01		1.3302255e+01		1.3302253e+01		1.8493552e-06
2.6700000e+02		2.6800000e+02		2.6750000e+02		7.2937204e+01		7.8485139e+00		2.7342459e+01		1.3594023e+01		1.3594021e+01		2.4665124e-06
2.6800000e+02		2.6900000e+02		2.6850000e+02		7.2239021e+01		7.8898011e+00		2.7346134e+01		1.3665534e+01		1.3665531e+01		3.2178578e-06
2.6900000e+02		2.7000000e+02		2.6950000e+02		6.7758000e+01		7.5106076e+00		2.5900442e+01		1.3008751e+01		1.3008747e+01		3.9537172e-06
2.7000000e+02		2.7100000e+02		2.7050000e+02		7.8281462e+01		8.8055876e+00		3.0214468e+01		1.5251721e+01		1.5251715e+01		5.9511608e-06
2.7100000e+02		2.7200000e+02		2.7150000e+02		6.5051220e+01		7.4251400e+00		2.5351745e+01		1.2860715e+01		1.2860709e+01		6.4091516e-06
2.7200000e+02		2.7300000e+02		2.7250000e+02		5.2331568e+01		6.0607701e+00		2.0592047e+01		1.0497557e+01		1.0497550e+01		6.6476943e-06
2.7300000e+02		2.7400000e+02		2.7350000e+02		5.5800645e+01		6.5566717e+00		2.2168962e+01		1.1356482e+01		1.1356473e+01		9.0933129e-06
2.7400000e+02		2.7500000e+02		2.7450000e+02		3.8398649e+01		4.5772628e+00		1.5402084e+01		7.9280458e+00		7.9280379e+00		7.9880419e-06
2.7500000e+02		2.7600000e+02		2.7550000e+02		5.1208696e+01		6.1922007e+00		2.0737276e+01		1.0725196e+01		1.0725183e+01		1.3533995e-05
2.7600000e+02		2.7700000e+02		2.7650000e+02		7.1318275e+01		8.7474099e+00		2.9156832e+01		1.5150941e+01		1.5150917e+01		2.3834544e-05
2.7700000e+02		2.7800000e+02		2.7750000e+02		6.8188493e+01		8.4826829e+00		2.8142923e+01		1.4692417e+01		1.4692388e+01		2.8684987e-05
2.7800000e+02		2.7900000e+02		2.7850000e+02		4.7024496e+01		5.9327512e+00		1.9592415e+01		1.0275808e+01		1.0275784e+01		2.4789386e-05
2.7900000e+02		2.8000000e+02		2.7950000e+02		2.6422560e+01		3.3805182e+00		1.1113006e+01		5.8552165e+00		5.8551991e+00		1.7378818e-05
2.8000000e+02		2.8100000e+02		2.8050000e+02		2.8982131e+01		3.7599480e+00		1.2304583e+01		6.5124037e+00		6.5123800e+00		2.3682598e-05
2.8100000e+02		2.8200000e+02		2.8150000e+02		6.0033324e+01		7.8968523e+00		2.5727408e+01		1.3677705e+01		1.3677644e+01		6.0692904e-05
2.8200000e+02		2.8300000e+02		2.8250000e+02		8.1733762e+01		1.0900348e+01		3.5355691e+01		1.8879881e+01		1.8879780e+01		1.0181883e-04
2.8300000e+02		2.8400000e+02		2.8350000e+02		8.4433091e+01		1.1415531e+01		3.6864797e+01		1.9772186e+01		1.9772057e+01		1.2909091e-04
2.8400000e+02		2.8500000e+02		2.8450000e+02		6.2255376e+01		8.5324232e+00		2.7434968e+01		1.4778505e+01		1.4778389e+01		1.1636727e-04
2.8500000e+02		2.8600000e+02		2.8550000e+02		4.0018063e+01		5.5594444e+00		1.7799148e+01		9.6291735e+00		9.6290824e+00		9.1103334e-05
2.8600000e+02		2.8700000e+02		2.8650000e+02		8.2001717e+01		1.1546383e+01		3.6810251e+01		1.9998757e+01		1.9998530e+01		2.2652500e-04
2.8700000e+02		2.8800000e+02		2.8750000e+02		9.5189148e+01		1.3583955e+01		4.3124396e+01		2.3527868e+01		2.3527550e+01		3.1792351e-04
2.8800000e+02		2.8900000e+02		2.8850000e+02		9.0460934e+01		1.3082293e+01		4.1359329e+01		2.2658930e+01		2.2658566e+01		3.6399956e-04
2.8900000e+02		2.9000000e+02		2.8950000e+02		1.3728321e+02		2.0118365e+01		6.3342286e+01		3.4845545e+01		3.4844882e+01		6.6322220e-04
2.9000000e+02		2.9100000e+02		2.9050000e+02		1.8023325e+02		2.6762780e+01		8.3919354e+01		4.6353732e+01		4.6352690e+01		1.0418594e-03
2.9100000e+02		2.9200000e+02		2.9150000e+02		1.7359450e+02		2.6116928e+01		8.1564484e+01		4.5234970e+01		4.5233773e+01		1.1967577e-03
2.9200000e+02		2.9300000e+02		2.9250000e+02		1.5421676e+02		2.3505878e+01		7.3117544e+01		4.0712449e+01		4.0711185e+01		1.2638439e-03
2.9300000e+02		2.9400000e+02		2.9350000e+02		1.6099986e+02		2.4859836e+01		7.7024224e+01		4.3057354e+01		4.3055791e+01		1.5635272e-03
2.9400000e+02		2.9500000e+02		2.9450000e+02		1.4991794e+02		2.3448956e+01		7.2369262e+01		4.0613523e+01		4.0611803e+01		1.7199208e-03
2.9500000e+02		2.9600000e+02		2.9550000e+02		1.6232431e+02		2.5716983e+01		7.9062338e+01		4.4541516e+01		4.4539323e+01		2.1933075e-03
2.9600000e+02		2.9700000e+02		2.9650000e+02		1.4851381e+02		2.3830845e+01		7.2983597e+01		4.1274510e+01		4.1272153e+01		2.3564539e-03
2.9700000e+02		2.9800000e+02		2.9750000e+02		1.5140866e+02		2.4605332e+01		7.5070312e+01		4.2615625e+01		4.2612812e+01		2.8129502e-03
2.9800000e+02		2.9900000e+02		2.9850000e+02		1.3012850e+02		2.1415426e+01		6.5093210e+01		3.7090540e+01		3.7087717e+01		2.8227554e-03
2.9900000e+02		3.0000000e+02		2.9950000e+02		1.4682541e+02		2.4468163e+01		7.4096357e+01		4.2377386e+01		4.2373678e+01		3.7084161e-03
3.0000000e+02		3.0100000e+02		3.0050000e+02		1.1681452e+02		1.9711197e+01		5.9471840e+01		3.4138287e+01		3.4134861e+01		3.4260468e-03
3.0100000e+02		3.0200000e+02		3.0150000e+02		1.3434477e+02		2.2952147e+01		6.8998667e+01		3.9750944e+01		3.9746380e+01		4.5632528e-03
3.0200000e+02		3.0300000e+02		3.0250000e+02		1.4142283e+02		2.4461266e+01		7.3270850e+01		4.2364093e+01		4.2358544e+01		5.5488540e-03
3.0300000e+02		3.0400000e+02		3.0350000e+02		1.8342160e+02		3.2117176e+01		9.5860624e+01		5.5622510e+01		5.5614218e+01		8.2920312e-03
3.0400000e+02		3.0500000e+02		3.0450000e+02		1.7556728e+02		3.1119219e+01		9.2554521e+01		5.3893390e+01		5.3884268e+01		9.1222268e-03
3.0500000e+02		3.0600000e+02		3.0550000e+02		1.7728071e+02		3.1806488e+01		9.4268358e+01		5.5082722e+01		5.5072161e+01		1.0561088e-02
3.0600000e+02		3.0700000e+02		3.0650000e+02		1.6814926e+02		3.0534397e+01		9.0185317e+01		5.2878740e+01		5.2867282e+01		1.1457695e-02
3.0700000e+02		3.0800000e+02		3.0750000e+02		1.8878816e+02		3.4696084e+01		1.0212638e+02		6.0084633e+01		6.0069954e+01		1.4679766e-02
3.0800000e+02		3.0900000e+02		3.0850000e+02		1.8529086e+02		3.4462144e+01		1.0109398e+02		5.9678175e+01		5.9661771e+01		1.6403956e-02
3.0900000e+02		3.1000000e+02		3.0950000e+02		1.5026991e+02		2.8282273e+01		8.2686979e+01		4.8975271e+01		4.8960158e+01		1.5112827e-02
3.1000000e+02		3.1100000e+02		3.1050000e+02		1.8913229e+02		3.6019153e+01		1.0495669e+02		6.2371219e+01		6.2349658e+01		2.1560929e-02
3.1100000e+02		3.1200000e+02		3.1150000e+02		2.2495083e+02		4.3346355e+01		1.2589162e+02		7.5056856e+01		7.5027850e+01		2.9005888e-02
3.1200000e+02		3.1300000e+02		3.1250000e+02		2.0030306e+02		3.9050041e+01		1.1304383e+02		6.7615314e+01		6.7586162e+01		2.9152160e-02
3.1300000e+02		3.1400000e+02		3.1350000e+02		2.1331645e+02		4.2072572e+01		1.2140004e+02		7.2846232e+01		7.2811262e+01		3.4970249e-02
3.1400000e+02		3.1500000e+02		3.1450000e+02		2.0119548e+02		4.0142620e+01		1.1546036e+02		6.9501915e+01		6.9464838e+01		3.7077350e-02
3.1500000e+02		3.1600000e+02		3.1550000e+02		1.9522773e+02		3.9401602e+01		1.1296951e+02		6.8216029e+01		6.8175665e+01		4.0363690e-02
3.1600000e+02		3.1700000e+02		3.1650000e+02		1.9043254e+02		3.8875019e+01		1.1110937e+02		6.7301235e+01		6.7257148e+01		4.4086902e-02
3.1700000e+02		3.1800000e+02		3.1750000e+02		2.4155434e+02		4.9873940e+01		1.4210151e+02		8.6338445e+01		8.6275945e+01		6.2499927e-02
3.1800000e+02		3.1900000e+02		3.1850000e+02		1.9952276e+02		4.1663242e+01		1.1834093e+02		7.2120693e+01		7.2063103e+01		5.7590008e-02
3.1900000e+02		3.2000000e+02		3.1950000e+02		2.1430874e+02		4.5255854e+01		1.2815198e+02		7.8335014e+01		7.8266134e+01		6.8880217e-02
3.2000000e+02		3.2100000e+02		3.2050000e+02		2.4621307e+02		5.2576643e+01		1.4843062e+02		9.1001025e+01		9.0913064e+01		8.7961292e-02
3.2100000e+02		3.2200000e+02		3.2150000e+02		2.0677326e+02		4.4647349e+01		1.2566594e+02		7.7271472e+01		7.7189505e+01		8.1967556e-02
3.2200000e+02		3.2300000e+02		3.2250000e+02		2.0765168e+02		4.5334526e+01		1.2721935e+02		7.8454952e+01		7.8363771e+01		9.1181471e-02
3.2300000e+02		3.2400000e+02		3.2350000e+02		2.0066974e+02		4.4293572e+01		1.2393033e+02		7.6647384e+01		7.6549942e+01		9.7442339e-02
3.2400000e+02		3.2500000e+02		3.2450000e+02		2.3629853e+02		5.2730024e+01		1.4710182e+02		9.1238344e+01		9.1111665e+01		1.2667970e-01
3.2500000e+02		3.2600000e+02		3.2550000e+02		2.7209498e+02		6.1380248e+01		1.7073479e+02		1.0619600e+02		1.0603522e+02		1.6078530e-01
3.2600000e+02		3.2700000e+02		3.2650000e+02		3.0699214e+02		7.0003482e+01		1.9415838e+02		1.2110344e+02		1.2090380e+02		1.9963942e-01
3.2700000e+02		3.2800000e+02		3.2750000e+02		2.9701525e+02		6.8458692e+01		1.8932927e+02		1.1841857e+02		1.1820633e+02		2.1223539e-01
3.2800000e+02		3.2900000e+02		3.2850000e+02		2.8673370e+02		6.6797362e+01		1.8420883e+02		1.1553187e+02		1.1530708e+02		2.2479038e-01
3.2900000e+02		3.3000000e+02		3.2950000e+02		3.3379807e+02		7.8590212e+01		2.1611781e+02		1.3591238e+02		1.3562570e+02		2.8667874e-01
3.3000000e+02		3.3100000e+02		3.3050000e+02		3.1443449e+02		7.4815622e+01		2.0516067e+02		1.2936821e+02		1.2907280e+02		2.9540633e-01
3.3100000e+02		3.3200000e+02		3.3150000e+02		3.0087994e+02		7.2344630e+01		1.9783190e+02		1.2507854e+02		1.2476977e+02		3.0877232e-01
3.3200000e+02		3.3300000e+02		3.3250000e+02		2.9519831e+02		7.1721842e+01		1.9558604e+02		1.2398397e+02		1.2365352e+02		3.3044867e-01
3.3300000e+02		3.3400000e+02		3.3350000e+02		2.8364288e+02		6.9631791e+01		1.8936439e+02		1.2035261e+02		1.2000674e+02		3.4586631e-01
3.3400000e+02		3.3500000e+02		3.3450000e+02		2.9883003e+02		7.4119369e+01		2.0101778e+02		1.2808834e+02		1.2769195e+02		3.9638709e-01
3.3500000e+02		3.3600000e+02		3.3550000e+02		2.9511053e+02		7.3949921e+01		2.0001378e+02		1.2777370e+02		1.2734843e+02		4.2526799e-01
3.3600000e+02		3.3700000e+02		3.3650000e+02		2.4313126e+02		6.1547887e+01		1.6602058e+02		1.0632579e+02		1.0594566e+02		3.8013365e-01
3.3700000e+02		3.3800000e+02		3.3750000e+02		2.5649874e+02		6.5591986e+01		1.7645462e+02		1.1329054e+02		1.1285598e+02		4.3455399e-01
3.3800000e+02		3.3900000e+02		3.3850000e+02		2.7748673e+02		7.1676185e+01		1.9230795e+02		1.2377435e+02		1.2326558e+02		5.0876784e-01
3.3900000e+02		3.4000000e+02		3.3950000e+02		2.9040264e+02		7.5765994e+01		2.0274174e+02		1.3080924e+02		1.3023371e+02		5.7552353e-01
3.4000000e+02		3.4100000e+02		3.4050000e+02		3.0654056e+02		8.0774976e+01		2.1557495e+02		1.3942624e+02		1.3877038e+02		6.5586087e-01
3.4100000e+02		3.4200000e+02		3.4150000e+02		2.7979685e+02		7.4459640e+01		1.9819875e+02		1.2849532e+02		1.2784980e+02		6.4552608e-01
3.4200000e+02		3.4300000e+02		3.4250000e+02		3.0344565e+02		8.1549704e+01		2.1650430e+02		1.4069624e+02		1.3994219e+02		7.5404037e-01
3.4300000e+02		3.4400000e+02		3.4350000e+02		2.9822260e+02		8.0931871e+01		2.1430548e+02		1.3959448e+02		1.3879721e+02		7.9726339e-01
3.4400000e+02		3.4500000e+02		3.4450000e+02		2.3986676e+02		6.5729587e+01		1.7359984e+02		1.1334252e+02		1.1265340e+02		6.8911699e-01
3.4500000e+02		3.4600000e+02		3.4550000e+02		2.8907088e+02		7.9979978e+01		2.1069265e+02		1.3787678e+02		1.3698530e+02		8.9148049e-01
3.4600000e+02		3.4700000e+02		3.4650000e+02		2.8069735e+02		7.8410766e+01		2.0602892e+02		1.3513191e+02		1.3420366e+02		9.2824406e-01
3.4700000e+02		3.4800000e+02		3.4750000e+02		2.7782009e+02		7.8349437e+01		2.0534174e+02		1.3498479e+02		1.3400068e+02		9.8411132e-01
3.4800000e+02		3.4900000e+02		3.4850000e+02		2.8744416e+02		8.1834233e+01		2.1392894e+02		1.4094346e+02		1.3985393e+02		1.0895308e+00
3.4900000e+02		3.5000000e+02		3.4950000e+02		2.7550877e+02		7.9177311e+01		2.0645836e+02		1.3632193e+02		1.3520562e+02		1.1163074e+00
3.5000000e+02		3.5100000e+02		3.5050000e+02		3.3002358e+02		9.5734535e+01		2.4900119e+02		1.6477173e+02		1.6334375e+02		1.4279754e+00
3.5100000e+02		3.5200000e+02		3.5150000e+02		3.0660572e+02		8.9771162e+01		2.3290261e+02		1.5445212e+02		1.5303680e+02		1.4153251e+00
3.5200000e+02		3.5300000e+02		3.5250000e+02		2.8324198e+02		8.3699294e+01		2.1660450e+02		1.4395130e+02		1.4255778e+02		1.3935237e+00
3.5300000e+02		3.5400000e+02		3.5350000e+02		3.2405327e+02		9.6641320e+01		2.4947094e+02		1.6614493e+02		1.6444730e+02		1.6976260e+00
3.5400000e+02		3.5500000e+02		3.5450000e+02		3.4586270e+02		1.0408956e+02		2.6802716e+02		1.7887738e+02		1.7694989e+02		1.9274969e+00
3.5500000e+02		3.5600000e+02		3.5550000e+02		3.2478382e+02		9.8634680e+01		2.5334870e+02		1.6943199e+02		1.6750822e+02		1.9237622e+00
3.5600000e+02		3.5700000e+02		3.5650000e+02		2.8234357e+02		8.6520654e+01		2.2168125e+02		1.4855814e+02		1.4678227e+02		1.7758723e+00
3.5700000e+02		3.5800000e+02		3.5750000e+02		2.4674321e+02		7.6290178e+01		1.9498467e+02		1.3093311e+02		1.2928657e+02		1.6465411e+00
3.5800000e+02		3.5900000e+02		3.5850000e+02		2.1181106e+02		6.6073683e+01		1.6845558e+02		1.1334616e+02		1.1184788e+02		1.4982801e+00
3.5900000e+02		3.6000000e+02		3.5950000e+02		3.0582840e+02		9.6247432e+01		2.4477853e+02		1.6502814e+02		1.6273691e+02		2.2912336e+00
3.6000000e+02		3.6100000e+02		3.6050000e+02		3.0178862e+02		9.5812172e+01		2.4307160e+02		1.6420001e+02		1.6180737e+02		2.3926447e+00
3.6100000e+02		3.6200000e+02		3.6150000e+02		2.8033735e+02		8.9780160e+01		2.2720883e+02		1.5378342e+02		1.5143334e+02		2.3500827e+00
3.6200000e+02		3.6300000e+02		3.6250000e+02		3.1645921e+02		1.0222894e+02		2.5807847e+02		1.7501391e+02		1.7221109e+02		2.8028250e+00
3.6300000e+02		3.6400000e+02		3.6350000e+02		3.0810145e+02		1.0038800e+02		2.5281010e+02		1.7176827e+02		1.6888753e+02		2.8807359e+00
3.6400000e+02		3.6500000e+02		3.6450000e+02		3.2221950e+02		1.0588807e+02		2.6600874e+02		1.8107706e+02		1.7789906e+02		3.1780032e+00
3.6500000e+02		3.6600000e+02		3.6550000e+02		3.6674574e+02		1.2154659e+02		3.0459956e+02		2.0773381e+02		2.0392115e+02		3.8126561e+00
3.6600000e+02		3.6700000e+02		3.6650000e+02		3.9198946e+02		1.3101165e+02		3.2751812e+02		2.2377680e+02		2.1948470e+02		4.2921014e+00
3.6700000e+02		3.6800000e+02		3.6750000e+02		3.7850004e+02		1.2756593e+02		3.1812676e+02		2.1775756e+02		2.1339569e+02		4.3618743e+00
3.6800000e+02		3.6900000e+02		3.6850000e+02		3.4895620e+02		1.1859010e+02		2.9502244e+02		2.0230797e+02		1.9807862e+02		4.2293527e+00
3.6900000e+02		3.7000000e+02		3.6950000e+02		3.8736224e+02		1.3273304e+02		3.2940316e+02		2.2628838e+02		2.2135431e+02		4.9340730e+00
3.7000000e+02		3.7100000e+02		3.7050000e+02		3.6351013e+02		1.2558510e+02		3.1090650e+02		2.1395997e+02		2.0909719e+02		4.8627837e+00
3.7100000e+02		3.7200000e+02		3.7150000e+02		3.7529261e+02		1.3071551e+02		3.2282155e+02		2.2254882e+02		2.1727993e+02		5.2688839e+00
3.7200000e+02		3.7300000e+02		3.7250000e+02		3.1177186e+02		1.0947255e+02		2.6970255e+02		1.8625146e+02		1.8166084e+02		4.5906146e+00
3.7300000e+02		3.7400000e+02		3.7350000e+02		2.7192112e+02		9.6249452e+01		2.3655007e+02		1.6363699e+02		1.5944064e+02		4.1963556e+00
3.7400000e+02		3.7500000e+02		3.7450000e+02		2.7832167e+02		9.9303644e+01		2.4346445e+02		1.6870568e+02		1.6420698e+02		4.4986976e+00
3.7500000e+02		3.7600000e+02		3.7550000e+02		3.1876744e+02		1.1463860e+02		2.8038014e+02		1.9461180e+02		1.8921864e+02		5.3931683e+00
3.7600000e+02		3.7700000e+02		3.7650000e+02		3.3048657e+02		1.1979135e+02		2.9227269e+02		2.0320297e+02		1.9735401e+02		5.8489588e+00
3.7700000e+02		3.7800000e+02		3.7750000e+02		3.8770864e+02		1.4163412e+02		3.4472867e+02		2.4006633e+02		2.3289311e+02		7.1732188e+00
3.7800000e+02		3.7900000e+02		3.7850000e+02		4.0380398e+02		1.4866197e+02		3.6095781e+02		2.5177612e+02		2.4397069e+02		7.8054270e+00
3.7900000e+02		3.8000000e+02		3.7950000e+02		3.2744385e+02		1.2148124e+02		2.9424766e+02		2.0557375e+02		1.9896501e+02		6.6087365e+00
3.8000000e+02		3.8100000e+02		3.8050000e+02		3.5656330e+02		1.3329945e+02		3.2209175e+02		2.2538401e+02		2.1787442e+02		7.5095890e+00
3.8100000e+02		3.8200000e+02		3.8150000e+02		3.2019140e+02		1.2061381e+02		2.9073404e+02		2.0376082e+02		1.9672793e+02		7.0328893e+00
3.8200000e+02		3.8300000e+02		3.8250000e+02		2.2964197e+02		8.7158695e+01		2.0958359e+02		1.4711461e+02		1.4185721e+02		5.2573974e+00
3.8300000e+02		3.8400000e+02		3.8350000e+02		2.0267593e+02		7.7501516e+01		1.8591077e+02		1.3069811e+02		1.2586450e+02		4.8336153e+00
3.8400000e+02		3.8500000e+02		3.8450000e+02		2.7111947e+02		1.0444649e+02		2.4994017e+02		1.7597851e+02		1.6924658e+02		6.7319353e+00
3.8500000e+02		3.8600000e+02		3.8550000e+02		2.8715912e+02		1.1144422e+02		2.6604041e+02		1.8759561e+02		1.8017612e+02		7.4194899e+00
3.8600000e+02		3.8700000e+02		3.8650000e+02		2.8837692e+02		1.1273894e+02		2.6847997e+02		1.8959684e+02		1.8184774e+02		7.7490935e+00
3.8700000e+02		3.8800000e+02		3.8750000e+02		2.8805300e+02		1.1343345e+02		2.6948028e+02		1.9058253e+02		1.8253667e+02		8.0458573e+00
3.8800000e+02		3.8900000e+02		3.8850000e+02		2.9209390e+02		1.1585731e+02		2.7457257e+02		1.9446567e+02		1.8598937e+02		8.4762975e+00
3.8900000e+02		3.9000000e+02		3.8950000e+02		3.5069332e+02		1.4009984e+02		3.3122201e+02		2.3492409e+02		2.2435657e+02		1.0567516e+01
3.9000000e+02		3.9100000e+02		3.9050000e+02		3.6838836e+02		1.4821847e+02		3.4956799e+02		2.4828787e+02		2.3676676e+02		1.1521115e+01
3.9100000e+02		3.9200000e+02		3.9150000e+02		3.9613874e+02		1.6051187e+02		3.7764546e+02		2.6860653e+02		2.5575473e+02		1.2851805e+01
3.9200000e+02		3.9300000e+02		3.9250000e+02		3.0403432e+02		1.2405752e+02		2.9117090e+02		2.0738711e+02		1.9715993e+02		1.0227185e+01
3.9300000e+02		3.9400000e+02		3.9350000e+02		1.8639471e+02		7.6586473e+01		1.7931832e+02		1.2789484e+02		1.2139690e+02		6.4979382e+00
3.9400000e+02		3.9500000e+02		3.9450000e+02		3.0813115e+02		1.2748219e+02		2.9776238e+02		2.1266004e+02		2.0153296e+02		1.1127081e+01
3.9500000e+02		3.9600000e+02		3.9550000e+02		3.7840801e+02		1.5763302e+02		3.6729516e+02		2.6267103e+02		2.4852260e+02		1.4148424e+01
3.9600000e+02		3.9700000e+02		3.9650000e+02		2.6140326e+02		1.0963477e+02		2.5483791e+02		1.8248835e+02		1.7237344e+02		1.0114918e+01
3.9700000e+02		3.9800000e+02		3.9750000e+02		2.9300657e+02		1.2372086e+02		2.8688405e+02		2.0570506e+02		1.9397670e+02		1.1728357e+01
3.9800000e+02		3.9900000e+02		3.9850000e+02		4.5124719e+02		1.9181652e+02		4.4370802e+02		3.1856397e+02		2.9988768e+02		1.8676286e+01
3.9900000e+02		4.0000000e+02		3.9950000e+02		4.9846141e+02		2.1329806e+02		4.9220501e+02		3.5383404e+02		3.3251172e+02		2.1322328e+01
4.0000000e+02		4.0100000e+02		4.0050000e+02		5.1407199e+02		2.2143267e+02		5.0974005e+02		3.6690198e+02		3.4418409e+02		2.2717894e+01
4.0100000e+02		4.0200000e+02		4.0150000e+02		5.3860814e+02		2.3352368e+02		5.3627313e+02		3.8648136e+02		3.6190176e+02		2.4579596e+01
4.0200000e+02		4.0300000e+02		4.0250000e+02		5.4526519e+02		2.3794914e+02		5.4511416e+02		3.9333696e+02		3.6765153e+02		2.5685430e+01
4.0300000e+02		4.0400000e+02		4.0350000e+02		5.2165796e+02		2.2911783e+02		5.2361321e+02		3.7828254e+02		3.5292748e+02		2.5355054e+01
4.0400000e+02		4.0500000e+02		4.0450000e+02		5.1300620e+02		2.2676226e+02		5.1697681e+02		3.7393735e+02		3.4822001e+02		2.5717343e+01
4.0500000e+02		4.0600000e+02		4.0550000e+02		5.1256585e+02		2.2800873e+02		5.1856187e+02		3.7552961e+02		3.4903815e+02		2.6491454e+01
4.0600000e+02		4.0700000e+02		4.0650000e+02		4.9035274e+02		2.1950413e+02		4.9801326e+02		3.6107225e+02		3.3495377e+02		2.6118479e+01
4.0700000e+02		4.0800000e+02		4.0750000e+02		4.9838294e+02		2.2449583e+02		5.0810786e+02		3.6881837e+02		3.4147081e+02		2.7347568e+01
4.0800000e+02		4.0900000e+02		4.0850000e+02		5.2990289e+02		2.4017693e+02		5.4228637e+02		3.9407842e+02		3.6413483e+02		2.9943584e+01
4.0900000e+02		4.1000000e+02		4.0950000e+02		5.2713439e+02		2.4039487e+02		5.4146796e+02		3.9392904e+02		3.6326573e+02		3.0663307e+01
4.1000000e+02		4.1100000e+02		4.1050000e+02		4.8293937e+02		2.2158706e+02		4.9790049e+02		3.6263778e+02		3.3372957e+02		2.8908201e+01
4.1100000e+02		4.1200000e+02		4.1150000e+02		5.5986852e+02		2.5844311e+02		5.7931421e+02		4.2240007e+02		3.8792633e+02		3.4473741e+01
4.1200000e+02		4.1300000e+02		4.1250000e+02		5.4940473e+02		2.5513952e+02		5.7053007e+02		4.1644892e+02		3.8166215e+02		3.4786774e+01
4.1300000e+02		4.1400000e+02		4.1350000e+02		5.2995399e+02		2.4757646e+02		5.5228380e+02		4.0356460e+02		3.6907190e+02		3.4492695e+01
4.1400000e+02		4.1500000e+02		4.1450000e+02		5.3771640e+02		2.5269104e+02		5.6233557e+02		4.1134675e+02		3.7538345e+02		3.5963303e+01
4.1500000e+02		4.1600000e+02		4.1550000e+02		5.3722776e+02		2.5394521e+02		5.6376635e+02		4.1282661e+02		3.7591742e+02		3.6909184e+01
4.1600000e+02		4.1700000e+02		4.1650000e+02		5.5745703e+02		2.6504387e+02		5.8699041e+02		4.3027869e+02		3.9094980e+02		3.9328891e+01
4.1700000e+02		4.1800000e+02		4.1750000e+02		5.0725322e+02		2.4256930e+02		5.3592492e+02		3.9324884e+02		3.5651163e+02		3.6737212e+01
4.1800000e+02		4.1900000e+02		4.1850000e+02		5.2601513e+02		2.5298447e+02		5.5759343e+02		4.0956254e+02		3.7046768e+02		3.9094855e+01
4.1900000e+02		4.2000000e+02		4.1950000e+02		5.3123875e+02		2.5695094e+02		5.6497666e+02		4.1540012e+02		3.7489479e+02		4.0505329e+01
4.2000000e+02		4.2100000e+02		4.2050000e+02		5.3797708e+02		2.6167922e+02		5.7399349e+02		4.2244591e+02		3.8037806e+02		4.2067849e+01
4.2100000e+02		4.2200000e+02		4.2150000e+02		5.2958361e+02		2.5903913e+02		5.6684126e+02		4.1758817e+02		3.7513108e+02		4.2457099e+01
4.2200000e+02		4.2300000e+02		4.2250000e+02		5.0190537e+02		2.4686442e+02		5.3890716e+02		3.9739088e+02		3.5614943e+02		4.1241455e+01
4.2300000e+02		4.2400000e+02		4.2350000e+02		5.3474862e+02		2.6446777e+02		5.7595510e+02		4.2511304e+02		3.8009078e+02		4.5022256e+01
4.2400000e+02		4.2500000e+02		4.2450000e+02		5.5328403e+02		2.7513026e+02		5.9774471e+02		4.4160920e+02		3.9389340e+02		4.7715796e+01
4.2500000e+02		4.2600000e+02		4.2550000e+02		5.3248014e+02		2.6622057e+02		5.7700777e+02		4.2668302e+02		3.7965824e+02		4.7024785e+01
4.2600000e+02		4.2700000e+02		4.2650000e+02		5.3029841e+02		2.6655537e+02		5.7635673e+02		4.2659053e+02		3.7864723e+02		4.7943292e+01
4.2700000e+02		4.2800000e+02		4.2750000e+02		4.9171747e+02		2.4848076e+02		5.3599633e+02		3.9707509e+02		3.5157797e+02		4.5497119e+01
4.2800000e+02		4.2900000e+02		4.2850000e+02		4.9494538e+02		2.5143492e+02		5.4107951e+02		4.0119713e+02		3.5434119e+02		4.6855940e+01
4.2900000e+02		4.3000000e+02		4.2950000e+02		4.6063718e+02		2.3523386e+02		5.0501366e+02		3.7478371e+02		3.3017849e+02		4.4605218e+01
4.3000000e+02		4.3100000e+02		4.3050000e+02		3.7055843e+02		1.9021795e+02		4.0740279e+02		3.0260594e+02		2.6591282e+02		3.6693113e+01
4.3100000e+02		4.3200000e+02		4.3150000e+02		4.5818753e+02		2.3641423e+02		5.0514583e+02		3.7552696e+02		3.2914427e+02		4.6382691e+01
4.3200000e+02		4.3300000e+02		4.3250000e+02		5.1625369e+02		2.6773844e+02		5.7072392e+02		4.2463564e+02		3.7122277e+02		5.3412873e+01
4.3300000e+02		4.3400000e+02		4.3350000e+02		5.6047485e+02		2.9214787e+02		6.2128636e+02		4.6264019e+02		4.0338915e+02		5.9251036e+01
4.3400000e+02		4.3500000e+02		4.3450000e+02		4.7595241e+02		2.4933951e+02		5.2899986e+02		3.9424251e+02		3.4284418e+02		5.1398325e+01
4.3500000e+02		4.3600000e+02		4.3550000e+02		5.3162725e+02		2.7989674e+02		5.9243311e+02		4.4187438e+02		3.8324323e+02		5.8631156e+01
4.3600000e+02		4.3700000e+02		4.3650000e+02		5.9481241e+02		3.1471383e+02		6.6456286e+02		4.9606944e+02		4.2909197e+02		6.6977473e+01
4.3700000e+02		4.3800000e+02		4.3750000e+02		5.2629983e+02		2.7983148e+02		5.8951833e+02		4.4039863e+02		3.7990596e+02		6.0492671e+01
4.3800000e+02		4.3900000e+02		4.3850000e+02		5.1257868e+02		2.7386329e+02		5.7559486e+02		4.3033154e+02		3.7020784e+02		6.0123695e+01
4.3900000e+02		4.4000000e+02		4.3950000e+02		5.7051902e+02		3.0629219e+02		6.4224864e+02		4.8053224e+02		4.1225639e+02		6.8275852e+01
4.4000000e+02		4.4100000e+02		4.4050000e+02		5.4089681e+02		2.9177991e+02		6.1039190e+02		4.5704256e+02		3.9101564e+02		6.6026922e+01
4.4100000e+02		4.4200000e+02		4.4150000e+02		5.9491633e+02		3.2244414e+02		6.7297038e+02		5.0427552e+02		4.3021765e+02		7.4057868e+01
4.4200000e+02		4.4300000e+02		4.4250000e+02		6.2544254e+02		3.4058593e+02		7.0918287e+02		5.3180181e+02		4.5242163e+02		7.9380182e+01
4.4300000e+02		4.4400000e+02		4.4350000e+02		6.0497206e+02		3.3097760e+02		6.8757848e+02		5.1597555e+02		4.3770984e+02		7.8265702e+01
4.4400000e+02		4.4500000e+02		4.4450000e+02		6.2324411e+02		3.4255333e+02		7.0998001e+02		5.3316775e+02		4.5099856e+02		8.2169195e+01
4.4500000e+02		4.4600000e+02		4.4550000e+02		5.7783999e+02		3.1905690e+02		6.5975465e+02		4.9580039e+02		4.1817960e+02		7.7620797e+01
4.4600000e+02		4.4700000e+02		4.4650000e+02		5.8940025e+02		3.2692283e+02		6.7446303e+02		5.0720673e+02		4.2655629e+02		8.0650441e+01
4.4700000e+02		4.4800000e+02		4.4750000e+02		6.3881895e+02		3.5593463e+02		7.3262878e+02		5.5132673e+02		4.6230268e+02		8.9024048e+01
4.4800000e+02		4.4900000e+02		4.4850000e+02		6.2805979e+02		3.5150753e+02		7.2185754e+02		5.4358897e+02		4.5446955e+02		8.9119415e+01
4.4900000e+02		4.5000000e+02		4.4950000e+02		6.3454704e+02		3.5671582e+02		7.3087766e+02		5.5074907e+02		4.5908760e+02		9.1661473e+01
4.5000000e+02		4.5100000e+02		4.5050000e+02		6.7325368e+02		3.8014217e+02		7.7709871e+02		5.8596431e+02		4.8698040e+02		9.8983904e+01
4.5100000e+02		4.5200000e+02		4.5150000e+02		6.7122600e+02		3.8065266e+02		7.7637090e+02		5.8579558e+02		4.8537335e+02		1.0042223e+02
4.5200000e+02		4.5300000e+02		4.5250000e+02		6.3541039e+02		3.6190230e+02		7.3645197e+02		5.5603119e+02		4.5931389e+02		9.6717308e+01
4.5300000e+02		4.5400000e+02		4.5350000e+02		6.0888666e+02		3.4828495e+02		7.0713607e+02		5.3423418e+02		4.3996061e+02		9.4273574e+01
4.5400000e+02		4.5500000e+02		4.5450000e+02		6.4999363e+02		3.7338164e+02		7.5637816e+02		5.7179155e+02		4.6944288e+02		1.0234866e+02
4.5500000e+02		4.5600000e+02		4.5550000e+02		6.4380306e+02		3.7138727e+02		7.5064286e+02		5.6780385e+02		4.6472661e+02		1.0307724e+02
4.5600000e+02		4.5700000e+02		4.5650000e+02		6.6853861e+02		3.8727122e+02		7.8098828e+02		5.9111489e+02		4.8229930e+02		1.0881559e+02
4.5700000e+02		4.5800000e+02		4.5750000e+02		6.7499745e+02		3.9263624e+02		7.9003307e+02		5.9831696e+02		4.8664580e+02		1.1167116e+02
4.5800000e+02		4.5900000e+02		4.5850000e+02		6.3439039e+02		3.7053500e+02		7.4389634e+02		5.6370696e+02		4.5704976e+02		1.0665720e+02
4.5900000e+02		4.6000000e+02		4.5950000e+02		6.5539586e+02		3.8436667e+02		7.6994541e+02		5.8378397e+02		4.7182640e+02		1.1195757e+02
4.6000000e+02		4.6100000e+02		4.6050000e+02		6.4752339e+02		3.8128699e+02		7.6207901e+02		5.7814909e+02		4.6578075e+02		1.1236835e+02
4.6100000e+02		4.6200000e+02		4.6150000e+02		6.6245412e+02		3.9164452e+02		7.8104612e+02		5.9287147e+02		4.7610808e+02		1.1676339e+02
4.6200000e+02		4.6300000e+02		4.6250000e+02		6.6901120e+02		3.9709527e+02		7.9016681e+02		6.0012695e+02		4.8037811e+02		1.1974884e+02
4.6300000e+02		4.6400000e+02		4.6350000e+02		6.4662616e+02		3.8532319e+02		7.6505302e+02		5.8137029e+02		4.6385243e+02		1.1751786e+02
4.6400000e+02		4.6500000e+02		4.6450000e+02		6.5795753e+02		3.9360976e+02		7.7978968e+02		5.9288746e+02		4.7149610e+02		1.2139136e+02
4.6500000e+02		4.6600000e+02		4.6550000e+02		6.3552746e+02		3.8166659e+02		7.5447341e+02		5.7394301e+02		4.5493090e+02		1.1901212e+02
4.6600000e+02		4.6700000e+02		4.6650000e+02		6.3955371e+02		3.8556224e+02		7.6051086e+02		5.7883784e+02		4.5729500e+02		1.2154285e+02
4.6700000e+02		4.6800000e+02		4.6750000e+02		6.4572639e+02		3.9076843e+02		7.6910308e+02		5.8567858e+02		4.6116236e+02		1.2451622e+02
4.6800000e+02		4.6900000e+02		4.6850000e+02		6.3145002e+02		3.8357434e+02		7.5330666e+02		5.7394012e+02		4.5041027e+02		1.2352985e+02
4.6900000e+02		4.7000000e+02		4.6950000e+02		6.4956875e+02		3.9606035e+02		7.7614679e+02		5.9163703e+02		4.6273940e+02		1.2889763e+02
4.7000000e+02		4.7100000e+02		4.7050000e+02		6.1381170e+02		3.7565005e+02		7.3456340e+02		5.6021437e+02		4.3668387e+02		1.2353050e+02
4.7100000e+02		4.7200000e+02		4.7150000e+02		6.4174114e+02		3.9419087e+02		7.6916384e+02		5.8688645e+02		4.5592265e+02		1.3096381e+02
4.7200000e+02		4.7300000e+02		4.7250000e+02		6.5742798e+02		4.0530297e+02		7.8915387e+02		6.0242645e+02		4.6639916e+02		1.3602729e+02
4.7300000e+02		4.7400000e+02		4.7350000e+02		6.4563741e+02		3.9947691e+02		7.7615126e+02		5.9277883e+02		4.5735725e+02		1.3542158e+02
4.7400000e+02		4.7500000e+02		4.7450000e+02		6.6512717e+02		4.1301534e+02		8.0074982e+02		6.1184877e+02		4.7044494e+02		1.4140383e+02
4.7500000e+02		4.7600000e+02		4.7550000e+02		6.6365303e+02		4.1356886e+02		8.0012477e+02		6.1164977e+02		4.6866446e+02		1.4298531e+02
4.7600000e+02		4.7700000e+02		4.7650000e+02		6.3952653e+02		3.9994234e+02		7.7212876e+02		5.9051328e+02		4.5089569e+02		1.3961759e+02
4.7700000e+02		4.7800000e+02		4.7750000e+02		6.6772274e+02		4.1903865e+02		8.0729482e+02		6.1768061e+02		4.6999192e+02		1.4768869e+02
4.7800000e+02		4.7900000e+02		4.7850000e+02		6.6128260e+02		4.1643888e+02		8.0060516e+02		6.1282872e+02		4.6466336e+02		1.4816536e+02
4.7900000e+02		4.8000000e+02		4.7950000e+02		6.6320839e+02		4.1909040e+02		8.0402061e+02		6.1570677e+02		4.6519932e+02		1.5050745e+02
4.8000000e+02		4.8100000e+02		4.8050000e+02		6.6489751e+02		4.2159292e+02		8.0713927e+02		6.1835570e+02		4.6554574e+02		1.5280996e+02
4.8100000e+02		4.8200000e+02		4.8150000e+02		6.6630748e+02		4.2391782e+02		8.0990841e+02		6.2073483e+02		4.6567403e+02		1.5506080e+02
4.8200000e+02		4.8300000e+02		4.8250000e+02		6.6376999e+02		4.2372158e+02		8.0786213e+02		6.1941964e+02		4.6302659e+02		1.5639305e+02
4.8300000e+02		4.8400000e+02		4.8350000e+02		6.5373157e+02		4.1870299e+02		7.9665187e+02		6.1107012e+02		4.5514551e+02		1.5592461e+02
4.8400000e+02		4.8500000e+02		4.8450000e+02		6.4242337e+02		4.1281867e+02		7.8384666e+02		6.0148610e+02		4.4639193e+02		1.5509417e+02
4.8500000e+02		4.8600000e+02		4.8550000e+02		6.0369332e+02		3.8920071e+02		7.3749335e+02		5.6613747e+02		4.1863689e+02		1.4750059e+02
4.8600000e+02		4.8700000e+02		4.8650000e+02		5.2412565e+02		3.3900037e+02		6.4106318e+02		4.9230165e+02		3.6271472e+02		1.2958693e+02
4.8700000e+02		4.8800000e+02		4.8750000e+02		5.9966111e+02		3.8910431e+02		7.3432166e+02		5.6413211e+02		4.1412021e+02		1.5001190e+02
4.8800000e+02		4.8900000e+02		4.8850000e+02		6.3081686e+02		4.1062668e+02		7.7337582e+02		5.9435579e+02		4.3470775e+02		1.5964805e+02
4.8900000e+02		4.9000000e+02		4.8950000e+02		6.1880396e+02		4.0408154e+02		7.5951975e+02		5.8392067e+02		4.2550395e+02		1.5841672e+02
4.9000000e+02		4.9100000e+02		4.9050000e+02		6.5907671e+02		4.3173018e+02		8.0986499e+02		6.2285040e+02		4.5219529e+02		1.7065511e+02
4.9100000e+02		4.9200000e+02		4.9150000e+02		6.2110374e+02		4.0812156e+02		7.6405293e+02		5.8782547e+02		4.2518401e+02		1.6264145e+02
4.9200000e+02		4.9300000e+02		4.9250000e+02		5.9112858e+02		3.8962342e+02		7.2797456e+02		5.6026377e+02		4.0373939e+02		1.5652438e+02
4.9300000e+02		4.9400000e+02		4.9350000e+02		6.2472140e+02		4.1302448e+02		7.7017204e+02		5.9294309e+02		4.2569198e+02		1.6725110e+02
4.9400000e+02		4.9500000e+02		4.9450000e+02		6.4279699e+02		4.2626372e+02		7.9329496e+02		6.1095115e+02		4.3697514e+02		1.7397601e+02
4.9500000e+02		4.9600000e+02		4.9550000e+02		6.3133158e+02		4.1991953e+02		7.7995646e+02		6.0087799e+02		4.2815231e+02		1.7272568e+02
4.9600000e+02		4.9700000e+02		4.9650000e+02		6.3921352e+02		4.2642980e+02		7.9050276e+02		6.0920173e+02		4.3244304e+02		1.7675869e+02
4.9700000e+02		4.9800000e+02		4.9750000e+02		6.5113923e+02		4.3566993e+02		8.0606228e+02		6.2139225e+02		4.3942371e+02		1.8196854e+02
4.9800000e+02		4.9900000e+02		4.9850000e+02		5.9175801e+02		3.9709936e+02		7.3327854e+02		5.6546199e+02		3.9835025e+02		1.6711174e+02
4.9900000e+02		5.0000000e+02		4.9950000e+02		6.3385792e+02		4.2658687e+02		7.8621202e+02		6.0646963e+02		4.2560719e+02		1.8086244e+02
