Left Bin Edge (nm)	Right Bin Edge (nm)	Bin Center (nm)		Top of Atm Intensity (erg/s/nm/cm2)		Total Surface Flux (erg/s/nm/cm2)		Total Intensity at BOA (erg/s/nm/cm2)		Total Surface Intensity (erg/s/nm/cm2)		Total Surface Diffuse Intensity (erg/s/nm/cm2)		Total Surface Direct Intensity (erg/s/nm/cm2)
1.0000000e+02		1.0100000e+02		1.0050000e+02		1.9189487e-02		0.0000000e+00		0.0000000e+00		0.0000000e+00		0.0000000e+00		0.0000000e+00
1.0100000e+02		1.0200000e+02		1.0150000e+02		7.4861701e-02		0.0000000e+00		0.0000000e+00		0.0000000e+00		0.0000000e+00		0.0000000e+00
1.0200000e+02		1.0300000e+02		1.0250000e+02		3.9734366e-01		0.0000000e+00		0.0000000e+00		0.0000000e+00		0.0000000e+00		0.0000000e+00
1.0300000e+02		1.0400000e+02		1.0350000e+02		3.0179545e-01		0.0000000e+00		0.0000000e+00		0.0000000e+00		0.0000000e+00		0.0000000e+00
1.0400000e+02		1.0500000e+02		1.0450000e+02		6.0815352e-02		0.0000000e+00		0.0000000e+00		0.0000000e+00		0.0000000e+00		0.0000000e+00
1.0500000e+02		1.0600000e+02		1.0550000e+02		2.0834600e-02		0.0000000e+00		0.0000000e+00		0.0000000e+00		0.0000000e+00		0.0000000e+00
1.0600000e+02		1.0700000e+02		1.0650000e+02		1.9584792e-02		0.0000000e+00		0.0000000e+00		0.0000000e+00		0.0000000e+00		0.0000000e+00
1.0700000e+02		1.0800000e+02		1.0750000e+02		2.1853879e-02		0.0000000e+00		0.0000000e+00		0.0000000e+00		0.0000000e+00		0.0000000e+00
1.0800000e+02		1.0900000e+02		1.0850000e+02		3.0634999e-02		0.0000000e+00		0.0000000e+00		0.0000000e+00		0.0000000e+00		0.0000000e+00
1.0900000e+02		1.1000000e+02		1.0950000e+02		2.4032561e-02		0.0000000e+00		0.0000000e+00		0.0000000e+00		0.0000000e+00		0.0000000e+00
1.1000000e+02		1.1100000e+02		1.1050000e+02		2.3268893e-02		0.0000000e+00		0.0000000e+00		0.0000000e+00		0.0000000e+00		0.0000000e+00
1.1100000e+02		1.1200000e+02		1.1150000e+02		2.1871272e-02		0.0000000e+00		0.0000000e+00		0.0000000e+00		0.0000000e+00		0.0000000e+00
1.1200000e+02		1.1300000e+02		1.1250000e+02		2.2375602e-02		0.0000000e+00		0.0000000e+00		0.0000000e+00		0.0000000e+00		0.0000000e+00
1.1300000e+02		1.1400000e+02		1.1350000e+02		1.7748133e-02		0.0000000e+00		0.0000000e+00		0.0000000e+00		0.0000000e+00		0.0000000e+00
1.1400000e+02		1.1500000e+02		1.1450000e+02		1.3589480e-02		0.0000000e+00		0.0000000e+00		0.0000000e+00		0.0000000e+00		0.0000000e+00
1.1500000e+02		1.1600000e+02		1.1550000e+02		1.8751615e-02		0.0000000e+00		0.0000000e+00		0.0000000e+00		0.0000000e+00		0.0000000e+00
1.1600000e+02		1.1700000e+02		1.1650000e+02		4.3674487e-02		0.0000000e+00		0.0000000e+00		0.0000000e+00		0.0000000e+00		0.0000000e+00
1.1700000e+02		1.1800000e+02		1.1750000e+02		1.5546757e-01		0.0000000e+00		0.0000000e+00		0.0000000e+00		0.0000000e+00		0.0000000e+00
1.1800000e+02		1.1900000e+02		1.1850000e+02		5.2889236e-02		0.0000000e+00		0.0000000e+00		0.0000000e+00		0.0000000e+00		0.0000000e+00
1.1900000e+02		1.2000000e+02		1.1950000e+02		7.3692884e-02		0.0000000e+00		0.0000000e+00		0.0000000e+00		0.0000000e+00		0.0000000e+00
1.2000000e+02		1.2100000e+02		1.2050000e+02		4.0066072e-01		0.0000000e+00		0.0000000e+00		0.0000000e+00		0.0000000e+00		0.0000000e+00
1.2100000e+02		1.2200000e+02		1.2150000e+02		1.5905289e+01		0.0000000e+00		0.0000000e+00		0.0000000e+00		0.0000000e+00		0.0000000e+00
1.2200000e+02		1.2300000e+02		1.2250000e+02		1.0666543e-01		0.0000000e+00		0.0000000e+00		0.0000000e+00		0.0000000e+00		0.0000000e+00
1.2300000e+02		1.2400000e+02		1.2350000e+02		5.7456553e-02		0.0000000e+00		0.0000000e+00		0.0000000e+00		0.0000000e+00		0.0000000e+00
1.2400000e+02		1.2500000e+02		1.2450000e+02		4.6184197e-02		0.0000000e+00		0.0000000e+00		0.0000000e+00		0.0000000e+00		0.0000000e+00
1.2500000e+02		1.2600000e+02		1.2550000e+02		4.5085118e-02		0.0000000e+00		0.0000000e+00		0.0000000e+00		0.0000000e+00		0.0000000e+00
1.2600000e+02		1.2700000e+02		1.2650000e+02		6.3054464e-02		0.0000000e+00		0.0000000e+00		0.0000000e+00		0.0000000e+00		0.0000000e+00
1.2700000e+02		1.2800000e+02		1.2750000e+02		3.3006429e-02		0.0000000e+00		0.0000000e+00		0.0000000e+00		0.0000000e+00		0.0000000e+00
1.2800000e+02		1.2900000e+02		1.2850000e+02		2.6335196e-02		0.0000000e+00		0.0000000e+00		0.0000000e+00		0.0000000e+00		0.0000000e+00
1.2900000e+02		1.3000000e+02		1.2950000e+02		3.5131240e-02		0.0000000e+00		0.0000000e+00		0.0000000e+00		0.0000000e+00		0.0000000e+00
1.3000000e+02		1.3100000e+02		1.3050000e+02		2.8850634e-01		0.0000000e+00		0.0000000e+00		0.0000000e+00		0.0000000e+00		0.0000000e+00
1.3100000e+02		1.3200000e+02		1.3150000e+02		3.9064855e-02		0.0000000e+00		0.0000000e+00		0.0000000e+00		0.0000000e+00		0.0000000e+00
1.3200000e+02		1.3300000e+02		1.3250000e+02		3.0374778e-02		0.0000000e+00		0.0000000e+00		0.0000000e+00		0.0000000e+00		0.0000000e+00
1.3300000e+02		1.3400000e+02		1.3350000e+02		4.1056606e-01		0.0000000e+00		0.0000000e+00		0.0000000e+00		0.0000000e+00		0.0000000e+00
1.3400000e+02		1.3500000e+02		1.3450000e+02		2.8092500e-02		0.0000000e+00		0.0000000e+00		0.0000000e+00		0.0000000e+00		0.0000000e+00
1.3500000e+02		1.3600000e+02		1.3550000e+02		5.8954708e-02		0.0000000e+00		0.0000000e+00		0.0000000e+00		0.0000000e+00		0.0000000e+00
1.3600000e+02		1.3700000e+02		1.3650000e+02		3.8690656e-02		0.0000000e+00		0.0000000e+00		0.0000000e+00		0.0000000e+00		0.0000000e+00
1.3700000e+02		1.3800000e+02		1.3750000e+02		3.9732879e-02		0.0000000e+00		0.0000000e+00		0.0000000e+00		0.0000000e+00		0.0000000e+00
1.3800000e+02		1.3900000e+02		1.3850000e+02		4.0549866e-02		0.0000000e+00		0.0000000e+00		0.0000000e+00		0.0000000e+00		0.0000000e+00
1.3900000e+02		1.4000000e+02		1.3950000e+02		1.3692187e-01		0.0000000e+00		0.0000000e+00		0.0000000e+00		0.0000000e+00		0.0000000e+00
1.4000000e+02		1.4100000e+02		1.4050000e+02		1.1939088e-01		0.0000000e+00		0.0000000e+00		0.0000000e+00		0.0000000e+00		0.0000000e+00
1.4100000e+02		1.4200000e+02		1.4150000e+02		5.7521948e-02		0.0000000e+00		0.0000000e+00		0.0000000e+00		0.0000000e+00		0.0000000e+00
1.4200000e+02		1.4300000e+02		1.4250000e+02		6.2343151e-02		0.0000000e+00		0.0000000e+00		0.0000000e+00		0.0000000e+00		0.0000000e+00
1.4300000e+02		1.4400000e+02		1.4350000e+02		6.9165895e-02		0.0000000e+00		0.0000000e+00		0.0000000e+00		0.0000000e+00		0.0000000e+00
1.4400000e+02		1.4500000e+02		1.4450000e+02		6.6149126e-02		0.0000000e+00		0.0000000e+00		0.0000000e+00		0.0000000e+00		0.0000000e+00
1.4500000e+02		1.4600000e+02		1.4550000e+02		7.0536262e-02		0.0000000e+00		0.0000000e+00		0.0000000e+00		0.0000000e+00		0.0000000e+00
1.4600000e+02		1.4700000e+02		1.4650000e+02		8.6012655e-02		0.0000000e+00		0.0000000e+00		0.0000000e+00		0.0000000e+00		0.0000000e+00
1.4700000e+02		1.4800000e+02		1.4750000e+02		1.0610345e-01		0.0000000e+00		0.0000000e+00		0.0000000e+00		0.0000000e+00		0.0000000e+00
1.4800000e+02		1.4900000e+02		1.4850000e+02		1.0405386e-01		0.0000000e+00		0.0000000e+00		0.0000000e+00		0.0000000e+00		0.0000000e+00
1.4900000e+02		1.5000000e+02		1.4950000e+02		9.4002421e-02		0.0000000e+00		0.0000000e+00		0.0000000e+00		0.0000000e+00		0.0000000e+00
1.5000000e+02		1.5100000e+02		1.5050000e+02		1.0343288e-01		0.0000000e+00		0.0000000e+00		0.0000000e+00		0.0000000e+00		0.0000000e+00
1.5100000e+02		1.5200000e+02		1.5150000e+02		1.0875212e-01		0.0000000e+00		0.0000000e+00		0.0000000e+00		0.0000000e+00		0.0000000e+00
1.5200000e+02		1.5300000e+02		1.5250000e+02		1.3876638e-01		0.0000000e+00		0.0000000e+00		0.0000000e+00		0.0000000e+00		0.0000000e+00
1.5300000e+02		1.5400000e+02		1.5350000e+02		1.5371418e-01		0.0000000e+00		0.0000000e+00		0.0000000e+00		0.0000000e+00		0.0000000e+00
1.5400000e+02		1.5500000e+02		1.5450000e+02		4.1112511e-01		0.0000000e+00		0.0000000e+00		0.0000000e+00		0.0000000e+00		0.0000000e+00
1.5500000e+02		1.5600000e+02		1.5550000e+02		3.3836363e-01		0.0000000e+00		0.0000000e+00		0.0000000e+00		0.0000000e+00		0.0000000e+00
1.5600000e+02		1.5700000e+02		1.5650000e+02		2.0084632e-01		0.0000000e+00		0.0000000e+00		0.0000000e+00		0.0000000e+00		0.0000000e+00
1.5700000e+02		1.5800000e+02		1.5750000e+02		1.8216796e-01		0.0000000e+00		0.0000000e+00		0.0000000e+00		0.0000000e+00		0.0000000e+00
1.5800000e+02		1.5900000e+02		1.5850000e+02		1.6795176e-01		0.0000000e+00		0.0000000e+00		0.0000000e+00		0.0000000e+00		0.0000000e+00
1.5900000e+02		1.6000000e+02		1.5950000e+02		1.6379377e-01		0.0000000e+00		0.0000000e+00		0.0000000e+00		0.0000000e+00		0.0000000e+00
1.6000000e+02		1.6100000e+02		1.6050000e+02		1.7926410e-01		0.0000000e+00		0.0000000e+00		0.0000000e+00		0.0000000e+00		0.0000000e+00
1.6100000e+02		1.6200000e+02		1.6150000e+02		2.0306941e-01		0.0000000e+00		0.0000000e+00		0.0000000e+00		0.0000000e+00		0.0000000e+00
1.6200000e+02		1.6300000e+02		1.6250000e+02		2.2492895e-01		0.0000000e+00		0.0000000e+00		0.0000000e+00		0.0000000e+00		0.0000000e+00
1.6300000e+02		1.6400000e+02		1.6350000e+02		4.7671727e-01		0.0000000e+00		0.0000000e+00		0.0000000e+00		0.0000000e+00		0.0000000e+00
1.6400000e+02		1.6500000e+02		1.6450000e+02		4.8753270e-01		0.0000000e+00		0.0000000e+00		0.0000000e+00		0.0000000e+00		0.0000000e+00
1.6500000e+02		1.6600000e+02		1.6550000e+02		5.7072689e-01		0.0000000e+00		0.0000000e+00		0.0000000e+00		0.0000000e+00		0.0000000e+00
1.6600000e+02		1.6700000e+02		1.6650000e+02		2.6919628e-01		0.0000000e+00		0.0000000e+00		0.0000000e+00		0.0000000e+00		0.0000000e+00
1.6700000e+02		1.6800000e+02		1.6750000e+02		2.8728373e-01		0.0000000e+00		0.0000000e+00		0.0000000e+00		0.0000000e+00		0.0000000e+00
1.6800000e+02		1.6900000e+02		1.6850000e+02		3.0958866e-01		0.0000000e+00		0.0000000e+00		0.0000000e+00		0.0000000e+00		0.0000000e+00
1.6900000e+02		1.7000000e+02		1.6950000e+02		3.8988989e-01		0.0000000e+00		0.0000000e+00		0.0000000e+00		0.0000000e+00		0.0000000e+00
1.7000000e+02		1.7100000e+02		1.7050000e+02		4.3752516e-01		0.0000000e+00		0.0000000e+00		0.0000000e+00		0.0000000e+00		0.0000000e+00
1.7100000e+02		1.7200000e+02		1.7150000e+02		4.3618394e-01		0.0000000e+00		0.0000000e+00		0.0000000e+00		0.0000000e+00		0.0000000e+00
1.7200000e+02		1.7300000e+02		1.7250000e+02		4.5514763e-01		0.0000000e+00		0.0000000e+00		0.0000000e+00		0.0000000e+00		0.0000000e+00
1.7300000e+02		1.7400000e+02		1.7350000e+02		4.5120572e-01		0.0000000e+00		0.0000000e+00		0.0000000e+00		0.0000000e+00		0.0000000e+00
1.7400000e+02		1.7500000e+02		1.7450000e+02		5.3951828e-01		0.0000000e+00		0.0000000e+00		0.0000000e+00		0.0000000e+00		0.0000000e+00
1.7500000e+02		1.7600000e+02		1.7550000e+02		6.4389120e-01		0.0000000e+00		0.0000000e+00		0.0000000e+00		0.0000000e+00		0.0000000e+00
1.7600000e+02		1.7700000e+02		1.7650000e+02		6.9472845e-01		0.0000000e+00		0.0000000e+00		0.0000000e+00		0.0000000e+00		0.0000000e+00
1.7700000e+02		1.7800000e+02		1.7750000e+02		8.1849614e-01		0.0000000e+00		0.0000000e+00		0.0000000e+00		0.0000000e+00		0.0000000e+00
1.7800000e+02		1.7900000e+02		1.7850000e+02		8.9455089e-01		0.0000000e+00		0.0000000e+00		0.0000000e+00		0.0000000e+00		0.0000000e+00
1.7900000e+02		1.8000000e+02		1.7950000e+02		8.6966614e-01		0.0000000e+00		0.0000000e+00		0.0000000e+00		0.0000000e+00		0.0000000e+00
1.8000000e+02		1.8100000e+02		1.8050000e+02		1.0753674e+00		0.0000000e+00		0.0000000e+00		0.0000000e+00		0.0000000e+00		0.0000000e+00
1.8100000e+02		1.8200000e+02		1.8150000e+02		1.3093431e+00		0.0000000e+00		0.0000000e+00		0.0000000e+00		0.0000000e+00		0.0000000e+00
1.8200000e+02		1.8300000e+02		1.8250000e+02		1.2087370e+00		0.0000000e+00		0.0000000e+00		0.0000000e+00		0.0000000e+00		0.0000000e+00
1.8300000e+02		1.8400000e+02		1.8350000e+02		1.2728289e+00		0.0000000e+00		0.0000000e+00		0.0000000e+00		0.0000000e+00		0.0000000e+00
1.8400000e+02		1.8500000e+02		1.8450000e+02		1.0940339e+00		0.0000000e+00		0.0000000e+00		0.0000000e+00		0.0000000e+00		0.0000000e+00
1.8500000e+02		1.8600000e+02		1.8550000e+02		1.2372281e+00		0.0000000e+00		0.0000000e+00		0.0000000e+00		0.0000000e+00		0.0000000e+00
1.8600000e+02		1.8700000e+02		1.8650000e+02		1.4037992e+00		0.0000000e+00		0.0000000e+00		0.0000000e+00		0.0000000e+00		0.0000000e+00
1.8700000e+02		1.8800000e+02		1.8750000e+02		1.5907538e+00		0.0000000e+00		0.0000000e+00		0.0000000e+00		0.0000000e+00		0.0000000e+00
1.8800000e+02		1.8900000e+02		1.8850000e+02		1.6735993e+00		8.6616022e-206		0.0000000e+00		8.6718167e-206		2.4167754e-208		8.6476490e-206
1.8900000e+02		1.9000000e+02		1.8950000e+02		1.8559600e+00		4.4647072e-136		0.0000000e+00		4.4725397e-136		1.8531772e-138		4.4540079e-136
1.9000000e+02		1.9100000e+02		1.9050000e+02		1.9109940e+00		1.9503803e-87		4.5137108e-84		1.9556178e-87		1.2392167e-89		1.9432257e-87
1.9100000e+02		1.9200000e+02		1.9150000e+02		2.0707336e+00		1.8159243e-60		3.9810647e-58		1.8228620e-60		1.6414871e-62		1.8064472e-60
1.9200000e+02		1.9300000e+02		1.9250000e+02		2.1685186e+00		6.3268493e-42		2.7456338e-40		6.3611741e-42		8.1213415e-44		6.2799607e-42
1.9300000e+02		1.9400000e+02		1.9350000e+02		1.6554009e+00		3.2925815e-30		5.0822908e-29		3.3171406e-30		5.8107630e-32		3.2590330e-30
1.9400000e+02		1.9500000e+02		1.9450000e+02		2.6556632e+00		1.6048155e-23		1.4073281e-22		1.6198352e-23		3.5537079e-25		1.5842981e-23
1.9500000e+02		1.9600000e+02		1.9550000e+02		2.5630279e+00		1.7533790e-18		9.9058540e-18		1.7740542e-18		4.8918011e-20		1.7251362e-18
1.9600000e+02		1.9700000e+02		1.9650000e+02		2.8204934e+00		8.3041895e-16		3.7330237e-15		8.4168583e-16		2.6657742e-17		8.1502809e-16
1.9700000e+02		1.9800000e+02		1.9750000e+02		2.8068384e+00		7.6250255e-14		2.8918453e-13		7.7414929e-14		2.7556473e-15		7.4659281e-14
1.9800000e+02		1.9900000e+02		1.9850000e+02		2.7505577e+00		4.3601659e-07		9.3478381e-07		4.4920433e-07		3.1202520e-08		4.1800181e-07
1.9900000e+02		2.0000000e+02		1.9950000e+02		2.8965557e+00		4.2263214e-01		6.6199195e-01		4.9736604e-01		1.7682232e-01		3.2054372e-01
2.0000000e+02		2.0100000e+02		2.0050000e+02		3.0623388e+00		8.7032434e-01		1.3730859e+00		1.0505488e+00		4.2641573e-01		6.2413310e-01
2.0100000e+02		2.0200000e+02		2.0150000e+02		3.2593670e+00		1.9972962e+00		3.2132257e+00		2.5108863e+00		1.2151671e+00		1.2957191e+00
2.0200000e+02		2.0300000e+02		2.0250000e+02		3.2217937e+00		2.1377396e+00		3.4386248e+00		2.6929504e+00		1.3136428e+00		1.3793076e+00
2.0300000e+02		2.0400000e+02		2.0350000e+02		3.4484145e+00		2.5666435e+00		4.1357612e+00		3.2492558e+00		1.6150780e+00		1.6341778e+00
2.0400000e+02		2.0500000e+02		2.0450000e+02		3.7117169e+00		2.8830747e+00		4.6395329e+00		3.6493577e+00		1.8130451e+00		1.8363126e+00
2.0500000e+02		2.0600000e+02		2.0550000e+02		3.7200399e+00		2.9021300e+00		4.6555971e+00		3.6623657e+00		1.7987370e+00		1.8636287e+00
2.0600000e+02		2.0700000e+02		2.0650000e+02		3.7247532e+00		2.9190379e+00		4.6684077e+00		3.6728193e+00		1.7834661e+00		1.8893532e+00
2.0700000e+02		2.0800000e+02		2.0750000e+02		4.0454145e+00		3.1842393e+00		5.0772310e+00		3.9948090e+00		1.9178286e+00		2.0769804e+00
2.0800000e+02		2.0900000e+02		2.0850000e+02		4.3759554e+00		3.4587370e+00		5.4987882e+00		4.3268506e+00		2.0539789e+00		2.2728718e+00
2.0900000e+02		2.1000000e+02		2.0950000e+02		5.6528678e+00		4.4845371e+00		7.1099084e+00		5.5950327e+00		2.6274609e+00		2.9675718e+00
2.1000000e+02		2.1100000e+02		2.1050000e+02		6.9678423e+00		5.5512165e+00		8.7752143e+00		6.9058721e+00		3.2051495e+00		3.7007226e+00
2.1100000e+02		2.1200000e+02		2.1150000e+02		7.9326445e+00		6.3432099e+00		9.9994974e+00		7.8697642e+00		3.6118663e+00		4.2578980e+00
2.1200000e+02		2.1300000e+02		2.1250000e+02		7.0734222e+00		5.6778592e+00		8.9262773e+00		7.0254812e+00		3.1885078e+00		3.8369734e+00
2.1300000e+02		2.1400000e+02		2.1350000e+02		7.2066449e+00		5.8060770e+00		9.1035080e+00		7.1652995e+00		3.2159551e+00		3.9493444e+00
2.1400000e+02		2.1500000e+02		2.1450000e+02		9.2279181e+00		7.4620843e+00		1.1669312e+01		9.1851667e+00		4.0768567e+00		5.1083100e+00
2.1500000e+02		2.1600000e+02		2.1550000e+02		7.9257408e+00		6.4317067e+00		1.0032168e+01		7.8967650e+00		3.4663651e+00		4.4303999e+00
2.1600000e+02		2.1700000e+02		2.1650000e+02		7.3353469e+00		5.9735005e+00		9.2939752e+00		7.3159040e+00		3.1761609e+00		4.1397432e+00
2.1700000e+02		2.1800000e+02		2.1750000e+02		7.5953881e+00		6.2065170e+00		9.6326652e+00		7.5826936e+00		3.2560687e+00		4.3266249e+00
2.1800000e+02		2.1900000e+02		2.1850000e+02		1.0217230e+01		8.3760261e+00		1.2968448e+01		1.0208762e+01		4.3363003e+00		5.8724620e+00
2.1900000e+02		2.2000000e+02		2.1950000e+02		1.0786519e+01		8.8678538e+00		1.3697806e+01		1.0783007e+01		4.5313005e+00		6.2517062e+00
2.2000000e+02		2.2100000e+02		2.2050000e+02		1.0851638e+01		8.9518319e+00		1.3793515e+01		1.0858253e+01		4.5106396e+00		6.3476129e+00
2.2100000e+02		2.2200000e+02		2.2150000e+02		8.6872371e+00		7.1920576e+00		1.1055224e+01		8.7025964e+00		3.5739732e+00		5.1286233e+00
2.2200000e+02		2.2300000e+02		2.2250000e+02		1.1691346e+01		9.7022569e+00		1.4883678e+01		1.1716532e+01		4.7658256e+00		6.9507062e+00
2.2300000e+02		2.2400000e+02		2.2350000e+02		1.5139682e+01		1.2600503e+01		1.9287010e+01		1.5182715e+01		6.1095800e+00		9.0731349e+00
2.2400000e+02		2.2500000e+02		2.2450000e+02		1.4154944e+01		1.1814516e+01		1.8044681e+01		1.4204579e+01		5.6549499e+00		8.5496289e+00
2.2500000e+02		2.2600000e+02		2.2550000e+02		1.2365614e+01		1.0349610e+01		1.5773858e+01		1.2416861e+01		4.8911703e+00		7.5256912e+00
2.2600000e+02		2.2700000e+02		2.2650000e+02		9.0577089e+00		7.6015056e+00		1.1561380e+01		9.1007553e+00		3.5472628e+00		5.5534925e+00
2.2700000e+02		2.2800000e+02		2.2750000e+02		8.8108381e+00		7.4138379e+00		1.1252963e+01		8.8578162e+00		3.4164893e+00		5.4413269e+00
2.2800000e+02		2.2900000e+02		2.2850000e+02		1.2275156e+01		1.0363636e+01		1.5692778e+01		1.2351778e+01		4.7039922e+00		7.6477853e+00
2.2900000e+02		2.3000000e+02		2.2950000e+02		1.1031259e+01		9.3286911e+00		1.4103356e+01		1.1100952e+01		4.1932133e+00		6.9077382e+00
2.3000000e+02		2.3100000e+02		2.3050000e+02		1.2510180e+01		1.0605619e+01		1.6002763e+01		1.2595638e+01		4.7084338e+00		7.8872038e+00
2.3100000e+02		2.3200000e+02		2.3150000e+02		1.1791833e+01		1.0021880e+01		1.5092924e+01		1.1879132e+01		4.3943060e+00		7.4848261e+00
2.3200000e+02		2.3300000e+02		2.3250000e+02		1.2664003e+01		1.0786600e+01		1.6214505e+01		1.2761400e+01		4.6724266e+00		8.0889730e+00
2.3300000e+02		2.3400000e+02		2.3350000e+02		1.1428554e+01		9.7571866e+00		1.4640311e+01		1.1522071e+01		4.1757607e+00		7.3463100e+00
2.3400000e+02		2.3500000e+02		2.3450000e+02		9.9864853e+00		8.5451242e+00		1.2798645e+01		1.0072284e+01		3.6132980e+00		6.4589856e+00
2.3500000e+02		2.3600000e+02		2.3550000e+02		1.3443360e+01		1.1516914e+01		1.7220773e+01		1.3551748e+01		4.8144686e+00		8.7372796e+00
2.3600000e+02		2.3700000e+02		2.3650000e+02		1.2448020e+01		1.0697171e+01		1.5965918e+01		1.2563818e+01		4.4165338e+00		8.1472837e+00
2.3700000e+02		2.3800000e+02		2.3750000e+02		1.3294723e+01		1.1448099e+01		1.7057734e+01		1.3422392e+01		4.6712277e+00		8.7511640e+00
2.3800000e+02		2.3900000e+02		2.3850000e+02		1.1021422e+01		9.5103686e+00		1.4146732e+01		1.1131273e+01		3.8351011e+00		7.2961719e+00
2.3900000e+02		2.4000000e+02		2.3950000e+02		1.2008577e+01		1.0383196e+01		1.5419617e+01		1.2132266e+01		4.1383431e+00		7.9939225e+00
2.4000000e+02		2.4100000e+02		2.4050000e+02		1.1032163e+01		9.5578307e+00		1.4170995e+01		1.1149308e+01		3.7654750e+00		7.3838327e+00
2.4100000e+02		2.4200000e+02		2.4150000e+02		1.2918879e+01		1.1213970e+01		1.6599983e+01		1.3059694e+01		4.3670296e+00		8.6926646e+00
2.4200000e+02		2.4300000e+02		2.4250000e+02		1.7782729e+01		1.5463799e+01		2.2855473e+01		1.7980137e+01		5.9537205e+00		1.2026417e+01
2.4300000e+02		2.4400000e+02		2.4350000e+02		1.6701989e+01		1.4550196e+01		2.1472275e+01		1.6891099e+01		5.5386360e+00		1.1352463e+01
2.4400000e+02		2.4500000e+02		2.4450000e+02		1.5641720e+01		1.3650848e+01		2.0114667e+01		1.5822287e+01		5.1376801e+00		1.0684607e+01
2.4500000e+02		2.4600000e+02		2.4550000e+02		1.2691134e+01		1.1095083e+01		1.6324516e+01		1.2840225e+01		4.1290516e+00		8.7111737e+00
2.4600000e+02		2.4700000e+02		2.4650000e+02		1.2350906e+01		1.0817234e+01		1.5892363e+01		1.2499609e+01		3.9805418e+00		8.5190669e+00
2.4700000e+02		2.4800000e+02		2.4750000e+02		1.3639226e+01		1.1965082e+01		1.7553656e+01		1.3805450e+01		4.3543586e+00		9.4510916e+00
2.4800000e+02		2.4900000e+02		2.4850000e+02		1.0938846e+01		9.6110287e+00		1.4080378e+01		1.1073177e+01		3.4594793e+00		7.6136973e+00
2.4900000e+02		2.5000000e+02		2.4950000e+02		1.3333262e+01		1.1733014e+01		1.7165436e+01		1.3498550e+01		4.1773044e+00		9.3212461e+00
2.5000000e+02		2.5100000e+02		2.5050000e+02		1.4401571e+01		1.2693130e+01		1.8544745e+01		1.4582306e+01		4.4698389e+00		1.0112467e+01
2.5100000e+02		2.5200000e+02		2.5150000e+02		1.2007424e+01		1.0598671e+01		1.5464126e+01		1.2159210e+01		3.6922762e+00		8.4669340e+00
2.5200000e+02		2.5300000e+02		2.5250000e+02		1.0794009e+01		9.5419045e+00		1.3903706e+01		1.0931591e+01		3.2880338e+00		7.6435573e+00
2.5300000e+02		2.5400000e+02		2.5350000e+02		1.3602371e+01		1.2042877e+01		1.7524948e+01		1.3777904e+01		4.1051183e+00		9.6727859e+00
2.5400000e+02		2.5500000e+02		2.5450000e+02		1.5384114e+01		1.3640052e+01		1.9823906e+01		1.5584298e+01		4.6001357e+00		1.0984162e+01
2.5500000e+02		2.5600000e+02		2.5550000e+02		2.0992062e+01		1.8638435e+01		2.7054089e+01		2.1266881e+01		6.2189696e+00		1.5047911e+01
2.5600000e+02		2.5700000e+02		2.5650000e+02		2.7040612e+01		2.4041194e+01		3.4853522e+01		2.7396196e+01		7.9380201e+00		1.9458176e+01
2.5700000e+02		2.5800000e+02		2.5750000e+02		3.3946512e+01		3.0223049e+01		4.3762830e+01		3.4397091e+01		9.8758904e+00		2.4521201e+01
2.5800000e+02		2.5900000e+02		2.5850000e+02		3.5732434e+01		3.1855873e+01		4.6072419e+01		3.6210128e+01		1.0302278e+01		2.5907850e+01
2.5900000e+02		2.6000000e+02		2.5950000e+02		3.0409976e+01		2.7143057e+01		3.9210560e+01		3.0815092e+01		8.6881299e+00		2.2126962e+01
2.6000000e+02		2.6100000e+02		2.6050000e+02		2.4915606e+01		2.2270170e+01		3.2131845e+01		2.5250157e+01		7.0507246e+00		1.8199433e+01
2.6100000e+02		2.6200000e+02		2.6150000e+02		2.5442742e+01		2.2816012e+01		3.2876874e+01		2.5834498e+01		7.1418146e+00		1.8692684e+01
2.6200000e+02		2.6300000e+02		2.6250000e+02		3.0366547e+01		2.7241474e+01		3.9213097e+01		3.0811296e+01		8.4462893e+00		2.2365007e+01
2.6300000e+02		2.6400000e+02		2.6350000e+02		4.5700096e+01		4.1009118e+01		5.8971769e+01		4.6333267e+01		1.2597072e+01		3.3736195e+01
2.6400000e+02		2.6500000e+02		2.6450000e+02		7.1249372e+01		6.4143608e+01		9.2121225e+01		7.2374608e+01		1.9474755e+01		5.2899853e+01
2.6500000e+02		2.6600000e+02		2.6550000e+02		7.4731454e+01		6.7222952e+01		9.6458789e+01		7.5776372e+01		2.0237608e+01		5.5538764e+01
2.6600000e+02		2.6700000e+02		2.6650000e+02		7.2446611e+01		6.5221281e+01		9.3491079e+01		7.3440010e+01		1.9445722e+01		5.3994288e+01
2.6700000e+02		2.6800000e+02		2.6750000e+02		7.2937204e+01		6.5780074e+01		9.4188322e+01		7.3983047e+01		1.9408442e+01		5.4574605e+01
2.6800000e+02		2.6900000e+02		2.6850000e+02		7.2239021e+01		6.5207485e+01		9.3275332e+01		7.3260976e+01		1.9054764e+01		5.4206212e+01
2.6900000e+02		2.7000000e+02		2.6950000e+02		6.7758000e+01		6.1198676e+01		8.7469579e+01		6.8697959e+01		1.7743495e+01		5.0954465e+01
2.7000000e+02		2.7100000e+02		2.7050000e+02		7.8281462e+01		7.0711540e+01		1.0097475e+02		7.9299161e+01		2.0318530e+01		5.8980631e+01
2.7100000e+02		2.7200000e+02		2.7150000e+02		6.5051220e+01		5.8875634e+01		8.3983593e+01		6.5951344e+01		1.6741309e+01		4.9210035e+01
2.7200000e+02		2.7300000e+02		2.7250000e+02		5.2331568e+01		4.7407181e+01		6.7550318e+01		5.3041533e+01		1.3331022e+01		3.9710512e+01
2.7300000e+02		2.7400000e+02		2.7350000e+02		5.5800645e+01		5.0597958e+01		7.2029553e+01		5.6555034e+01		1.4094594e+01		4.2460440e+01
2.7400000e+02		2.7500000e+02		2.7450000e+02		3.8398649e+01		3.4869633e+01		4.9590501e+01		3.8934249e+01		9.6169856e+00		2.9317264e+01
2.7500000e+02		2.7600000e+02		2.7550000e+02		5.1208696e+01		4.6547482e+01		6.6137556e+01		5.1922192e+01		1.2716701e+01		3.9205491e+01
2.7600000e+02		2.7700000e+02		2.7650000e+02		7.1318275e+01		6.4803711e+01		9.2005758e+01		7.2225108e+01		1.7559212e+01		5.4665895e+01
2.7700000e+02		2.7800000e+02		2.7750000e+02		6.8188493e+01		6.2129544e+01		8.8114142e+01		6.9166253e+01		1.6649031e+01		5.2517221e+01
2.7800000e+02		2.7900000e+02		2.7850000e+02		4.7024496e+01		4.2844084e+01		6.0715030e+01		4.7655528e+01		1.1383998e+01		3.6271530e+01
2.7900000e+02		2.8000000e+02		2.7950000e+02		2.6422560e+01		2.4091621e+01		3.4111564e+01		2.6772539e+01		6.3431179e+00		2.0429421e+01
2.8000000e+02		2.8100000e+02		2.8050000e+02		2.8982131e+01		2.6448165e+01		3.7416022e+01		2.9364067e+01		6.8990967e+00		2.2464970e+01
2.8100000e+02		2.8200000e+02		2.8150000e+02		6.0033324e+01		5.4819254e+01		7.7490118e+01		6.0810292e+01		1.4174950e+01		4.6635343e+01
2.8200000e+02		2.8300000e+02		2.8250000e+02		8.1733762e+01		7.4670302e+01		1.0546720e+02		8.2759756e+01		1.9139853e+01		6.3619903e+01
2.8300000e+02		2.8400000e+02		2.8350000e+02		8.4433091e+01		7.7235155e+01		1.0899370e+02		8.5521412e+01		1.9605494e+01		6.5915917e+01
2.8400000e+02		2.8500000e+02		2.8450000e+02		6.2255376e+01		5.6988388e+01		8.0358131e+01		6.3048572e+01		1.4338549e+01		4.8710022e+01
2.8500000e+02		2.8600000e+02		2.8550000e+02		4.0018063e+01		3.6666693e+01		5.1661131e+01		4.0530430e+01		9.1417003e+00		3.1388730e+01
2.8600000e+02		2.8700000e+02		2.8650000e+02		8.2001717e+01		7.5147191e+01		1.0580171e+02		8.3000410e+01		1.8580915e+01		6.4419495e+01
2.8700000e+02		2.8800000e+02		2.8750000e+02		9.5189148e+01		8.7353887e+01		1.2288426e+02		9.6395683e+01		2.1393120e+01		7.5002563e+01
2.8800000e+02		2.8900000e+02		2.8850000e+02		9.0460934e+01		8.3070483e+01		1.1677140e+02		9.1594555e+01		2.0168170e+01		7.1426385e+01
2.8900000e+02		2.9000000e+02		2.8950000e+02		1.3728321e+02		1.2615483e+02		1.7720191e+02		1.3898672e+02		3.0360565e+01		1.0862615e+02
2.9000000e+02		2.9100000e+02		2.9050000e+02		1.8023325e+02		1.6571289e+02		2.3259634e+02		1.8242275e+02		3.9535960e+01		1.4288679e+02
2.9100000e+02		2.9200000e+02		2.9150000e+02		1.7359450e+02		1.5982248e+02		2.2409996e+02		1.7574135e+02		3.7664443e+01		1.3807691e+02
2.9200000e+02		2.9300000e+02		2.9250000e+02		1.5421676e+02		1.4199573e+02		1.9901772e+02		1.5606776e+02		3.3294785e+01		1.2277298e+02
2.9300000e+02		2.9400000e+02		2.9350000e+02		1.6099986e+02		1.4834558e+02		2.0776831e+02		1.6291956e+02		3.4482396e+01		1.2843716e+02
2.9400000e+02		2.9500000e+02		2.9450000e+02		1.4991794e+02		1.3822412e+02		1.9345499e+02		1.5168600e+02		3.1851152e+01		1.1983485e+02
2.9500000e+02		2.9600000e+02		2.9550000e+02		1.6232431e+02		1.4974705e+02		2.0944019e+02		1.6420949e+02		3.4218499e+01		1.2999099e+02
2.9600000e+02		2.9700000e+02		2.9650000e+02		1.4851381e+02		1.3711884e+02		1.9164292e+02		1.5024648e+02		3.1060333e+01		1.1918615e+02
2.9700000e+02		2.9800000e+02		2.9750000e+02		1.5140866e+02		1.3988624e+02		1.9537516e+02		1.5316250e+02		3.1411972e+01		1.2175053e+02
2.9800000e+02		2.9900000e+02		2.9850000e+02		1.3012850e+02		1.2030263e+02		1.6791138e+02		1.3162441e+02		2.6787604e+01		1.0483680e+02
2.9900000e+02		3.0000000e+02		2.9950000e+02		1.4682541e+02		1.3581523e+02		1.8944348e+02		1.4849450e+02		2.9999493e+01		1.1849501e+02
3.0000000e+02		3.0100000e+02		3.0050000e+02		1.1681452e+02		1.0813007e+02		1.5072439e+02		1.1813728e+02		2.3677312e+01		9.4459967e+01
3.0100000e+02		3.0200000e+02		3.0150000e+02		1.3434477e+02		1.2433687e+02		1.7322148e+02		1.3576193e+02		2.7031986e+01		1.0872995e+02
3.0200000e+02		3.0300000e+02		3.0250000e+02		1.4142283e+02		1.3088205e+02		1.8224129e+02		1.4282212e+02		2.8250529e+01		1.1457159e+02
3.0300000e+02		3.0400000e+02		3.0350000e+02		1.8342160e+02		1.6978878e+02		2.3626479e+02		1.8514906e+02		3.6342814e+01		1.4880624e+02
3.0400000e+02		3.0500000e+02		3.0450000e+02		1.7556728e+02		1.6261020e+02		2.2613465e+02		1.7720007e+02		3.4519984e+01		1.4268008e+02
3.0500000e+02		3.0600000e+02		3.0550000e+02		1.7728071e+02		1.6426757e+02		2.2830599e+02		1.7889085e+02		3.4599064e+01		1.4429179e+02
3.0600000e+02		3.0700000e+02		3.0650000e+02		1.6814926e+02		1.5589058e+02		2.1653285e+02		1.6965554e+02		3.2568239e+01		1.3708730e+02
3.0700000e+02		3.0800000e+02		3.0750000e+02		1.8878816e+02		1.7513827e+02		2.4313203e+02		1.9048626e+02		3.6313728e+01		1.5417253e+02
3.0800000e+02		3.0900000e+02		3.0850000e+02		1.8529086e+02		1.7218154e+02		2.3885797e+02		1.8712730e+02		3.5362028e+01		1.5176527e+02
3.0900000e+02		3.1000000e+02		3.0950000e+02		1.5026991e+02		1.3972994e+02		1.9372304e+02		1.5175842e+02		2.8459690e+01		1.2329873e+02
3.1000000e+02		3.1100000e+02		3.1050000e+02		1.8913229e+02		1.7598071e+02		2.4383981e+02		1.9100793e+02		3.5554778e+01		1.5545315e+02
3.1100000e+02		3.1200000e+02		3.1150000e+02		2.2495083e+02		2.0944001e+02		2.9003797e+02		2.2718365e+02		4.1981905e+01		1.8520175e+02
3.1200000e+02		3.1300000e+02		3.1250000e+02		2.0030306e+02		1.8657879e+02		2.5824152e+02		2.0226687e+02		3.7118397e+01		1.6514847e+02
3.1300000e+02		3.1400000e+02		3.1350000e+02		2.1331645e+02		1.9879867e+02		2.7500014e+02		2.1537993e+02		3.9231692e+01		1.7614824e+02
3.1400000e+02		3.1500000e+02		3.1450000e+02		2.0119548e+02		1.8759808e+02		2.5936527e+02		2.0312324e+02		3.6732921e+01		1.6639032e+02
3.1500000e+02		3.1600000e+02		3.1550000e+02		1.9522773e+02		1.8213203e+02		2.5166927e+02		1.9708485e+02		3.5378761e+01		1.6170609e+02
3.1600000e+02		3.1700000e+02		3.1650000e+02		1.9043254e+02		1.7772644e+02		2.4545625e+02		1.9220890e+02		3.4265849e+01		1.5794305e+02
3.1700000e+02		3.1800000e+02		3.1750000e+02		2.4155434e+02		2.2557311e+02		3.1135706e+02		2.4379844e+02		4.3121600e+01		2.0067684e+02
3.1800000e+02		3.1900000e+02		3.1850000e+02		1.9952276e+02		1.8638423e+02		2.5714597e+02		2.0134030e+02		3.5386438e+01		1.6595386e+02
3.1900000e+02		3.2000000e+02		3.1950000e+02		2.1430874e+02		2.0027747e+02		2.7617985e+02		2.1623208e+02		3.7748999e+01		1.7848308e+02
3.2000000e+02		3.2100000e+02		3.2050000e+02		2.4621307e+02		2.3033034e+02		3.1745263e+02		2.4853410e+02		4.3070556e+01		2.0546354e+02
3.2100000e+02		3.2200000e+02		3.2150000e+02		2.0677326e+02		1.9336249e+02		2.6639198e+02		2.0854679e+02		3.5926439e+01		1.7262036e+02
3.2200000e+02		3.2300000e+02		3.2250000e+02		2.0765168e+02		1.9425058e+02		2.6749495e+02		2.0939960e+02		3.5842987e+01		1.7355662e+02
3.2300000e+02		3.2400000e+02		3.2350000e+02		2.0066974e+02		1.8785696e+02		2.5855436e+02		2.0239016e+02		3.4385925e+01		1.6800423e+02
3.2400000e+02		3.2500000e+02		3.2450000e+02		2.3629853e+02		2.2127758e+02		3.0441873e+02		2.3827934e+02		4.0226595e+01		1.9805275e+02
3.2500000e+02		3.2600000e+02		3.2550000e+02		2.7209498e+02		2.5488172e+02		3.5048783e+02		2.7432520e+02		4.6003782e+01		2.2832142e+02
3.2600000e+02		3.2700000e+02		3.2650000e+02		3.0699214e+02		2.8777153e+02		3.9551634e+02		3.0955170e+02		5.1532422e+01		2.5801927e+02
3.2700000e+02		3.2800000e+02		3.2750000e+02		2.9701525e+02		2.7853264e+02		3.8266006e+02		2.9947684e+02		4.9554521e+01		2.4992232e+02
3.2800000e+02		3.2900000e+02		3.2850000e+02		2.8673370e+02		2.6902901e+02		3.6941271e+02		2.8909303e+02		4.7471974e+01		2.4162106e+02
3.2900000e+02		3.3000000e+02		3.2950000e+02		3.3379807e+02		3.1329842e+02		4.3003478e+02		3.3652011e+02		5.4943122e+01		2.8157699e+02
3.3000000e+02		3.3100000e+02		3.3050000e+02		3.1443449e+02		2.9530291e+02		4.0513772e+02		3.1702021e+02		5.1383688e+01		2.6563652e+02
3.3100000e+02		3.3200000e+02		3.3150000e+02		3.0087994e+02		2.8280226e+02		3.8775925e+02		3.0340255e+02		4.8740813e+01		2.5466174e+02
3.3200000e+02		3.3300000e+02		3.3250000e+02		2.9519831e+02		2.7760819e+02		3.8047075e+02		2.9768578e+02		4.7504085e+01		2.5018170e+02
3.3300000e+02		3.3400000e+02		3.3350000e+02		2.8364288e+02		2.6683122e+02		3.6557155e+02		2.8601675e+02		4.5393457e+01		2.4062329e+02
3.3400000e+02		3.3500000e+02		3.3450000e+02		2.9883003e+02		2.8124604e+02		3.8516519e+02		3.0133337e+02		4.7527131e+01		2.5380623e+02
3.3500000e+02		3.3600000e+02		3.3550000e+02		2.9511053e+02		2.7785890e+02		3.8036720e+02		2.9756609e+02		4.6627725e+01		2.5093837e+02
3.3600000e+02		3.3700000e+02		3.3650000e+02		2.4313126e+02		2.2900577e+02		3.1336114e+02		2.4513523e+02		3.8162717e+01		2.0697252e+02
3.3700000e+02		3.3800000e+02		3.3750000e+02		2.5649874e+02		2.4167978e+02		3.3058892e+02		2.5860181e+02		4.0037945e+01		2.1856387e+02
3.3800000e+02		3.3900000e+02		3.3850000e+02		2.7748673e+02		2.6154998e+02		3.5762445e+02		2.7973723e+02		4.3031505e+01		2.3670572e+02
3.3900000e+02		3.4000000e+02		3.3950000e+02		2.9040264e+02		2.7378207e+02		3.7422185e+02		2.9270751e+02		4.4778058e+01		2.4792945e+02
3.4000000e+02		3.4100000e+02		3.4050000e+02		3.0654056e+02		2.8911019e+02		3.9502354e+02		3.0896437e+02		4.6975496e+01		2.6198887e+02
3.4100000e+02		3.4200000e+02		3.4150000e+02		2.7979685e+02		2.6395484e+02		3.6052718e+02		2.8197143e+02		4.2627711e+01		2.3934371e+02
3.4200000e+02		3.4300000e+02		3.4250000e+02		3.0344565e+02		2.8636134e+02		3.9099571e+02		3.0578889e+02		4.5966067e+01		2.5982282e+02
3.4300000e+02		3.4400000e+02		3.4350000e+02		2.9822260e+02		2.8146296e+02		3.8419638e+02		3.0046002e+02		4.4947538e+01		2.5551248e+02
3.4400000e+02		3.4500000e+02		3.4450000e+02		2.3986676e+02		2.2651660e+02		3.0906997e+02		2.4169677e+02		3.5916656e+01		2.0578011e+02
3.4500000e+02		3.4600000e+02		3.4550000e+02		2.8907088e+02		2.7311822e+02		3.7251094e+02		2.9129530e+02		4.3007434e+01		2.4828787e+02
3.4600000e+02		3.4700000e+02		3.4650000e+02		2.8069735e+02		2.6540528e+02		3.6184439e+02		2.8294249e+02		4.1493468e+01		2.4144902e+02
3.4700000e+02		3.4800000e+02		3.4750000e+02		2.7782009e+02		2.6296940e+02		3.5836125e+02		2.8020692e+02		4.0784409e+01		2.3942252e+02
3.4800000e+02		3.4900000e+02		3.4850000e+02		2.8744416e+02		2.7237299e+02		3.7100558e+02		2.9008145e+02		4.1898671e+01		2.4818278e+02
3.4900000e+02		3.5000000e+02		3.4950000e+02		2.7550877e+02		2.6065751e+02		3.5504256e+02		2.7759302e+02		4.0069839e+01		2.3752318e+02
3.5000000e+02		3.5100000e+02		3.5050000e+02		3.3002358e+02		3.1241574e+02		4.2535331e+02		3.3254800e+02		4.7633441e+01		2.8491456e+02
3.5100000e+02		3.5200000e+02		3.5150000e+02		3.0660572e+02		2.9033875e+02		3.9515728e+02		3.0892700e+02		4.3980274e+01		2.6494673e+02
3.5200000e+02		3.5300000e+02		3.5250000e+02		2.8324198e+02		2.6828538e+02		3.6502889e+02		2.8536219e+02		4.0404161e+01		2.4495803e+02
3.5300000e+02		3.5400000e+02		3.5350000e+02		3.2405327e+02		3.0712555e+02		4.1774900e+02		3.2656656e+02		4.5997934e+01		2.8056863e+02
3.5400000e+02		3.5500000e+02		3.5450000e+02		3.4586270e+02		3.2861064e+02		4.4674492e+02		3.4922483e+02		4.8773690e+01		3.0045114e+02
3.5500000e+02		3.5600000e+02		3.5550000e+02		3.2478382e+02		3.0864284e+02		4.1947972e+02		3.2789944e+02		4.5561585e+01		2.8233785e+02
3.5600000e+02		3.5700000e+02		3.5650000e+02		2.8234357e+02		2.6837115e+02		3.6462966e+02		2.8501235e+02		3.9373499e+01		2.4563885e+02
3.5700000e+02		3.5800000e+02		3.5750000e+02		2.4674321e+02		2.3457571e+02		3.1861719e+02		2.4903713e+02		3.4216094e+01		2.1482104e+02
3.5800000e+02		3.5900000e+02		3.5850000e+02		2.1181106e+02		2.0132711e+02		2.7337953e+02		2.1366915e+02		2.9201581e+01		1.8446757e+02
3.5900000e+02		3.6000000e+02		3.5950000e+02		3.0582840e+02		2.9035765e+02		3.9421678e+02		3.0810060e+02		4.1980265e+01		2.6612034e+02
3.6000000e+02		3.6100000e+02		3.6050000e+02		3.0178862e+02		2.8654329e+02		3.8894763e+02		3.0397331e+02		4.1239878e+01		2.6273343e+02
3.6100000e+02		3.6200000e+02		3.6150000e+02		2.8033735e+02		2.6628611e+02		3.6133619e+02		2.8238353e+02		3.8086905e+01		2.4429663e+02
3.6200000e+02		3.6300000e+02		3.6250000e+02		3.1645921e+02		3.0065083e+02		4.0784402e+02		3.1871613e+02		4.2742965e+01		2.7597317e+02
3.6300000e+02		3.6400000e+02		3.6350000e+02		3.0810145e+02		2.9282850e+02		3.9711314e+02		3.1031937e+02		4.1383857e+01		2.6893552e+02
3.6400000e+02		3.6500000e+02		3.6450000e+02		3.2221950e+02		3.0634376e+02		4.1533186e+02		3.2454574e+02		4.3066369e+01		2.8147938e+02
3.6500000e+02		3.6600000e+02		3.6550000e+02		3.6674574e+02		3.4880392e+02		4.7276534e+02		3.6941263e+02		4.8760741e+01		3.2065189e+02
3.6600000e+02		3.6700000e+02		3.6650000e+02		3.9198946e+02		3.7283791e+02		5.0527520e+02		3.9481069e+02		5.1988170e+01		3.4282252e+02
3.6700000e+02		3.6800000e+02		3.6750000e+02		3.7850004e+02		3.6022339e+02		4.8797915e+02		3.8127536e+02		4.9809510e+01		3.3146586e+02
3.6800000e+02		3.6900000e+02		3.6850000e+02		3.4895620e+02		3.3222071e+02		4.4991614e+02		3.5152316e+02		4.5670092e+01		3.0585307e+02
3.6900000e+02		3.7000000e+02		3.6950000e+02		3.8736224e+02		3.6890442e+02		4.9946083e+02		3.9021983e+02		5.0432782e+01		3.3978704e+02
3.7000000e+02		3.7100000e+02		3.7050000e+02		3.6351013e+02		3.4630288e+02		4.6872379e+02		3.6619242e+02		4.7059143e+01		3.1913327e+02
3.7100000e+02		3.7200000e+02		3.7150000e+02		3.7529261e+02		3.5765988e+02		4.8396410e+02		3.7808708e+02		4.8331263e+01		3.2975582e+02
3.7200000e+02		3.7300000e+02		3.7250000e+02		3.1177186e+02		2.9715803e+02		4.0199246e+02		3.1403734e+02		3.9936871e+01		2.7410046e+02
3.7300000e+02		3.7400000e+02		3.7350000e+02		2.7192112e+02		2.5926442e+02		3.5064968e+02		2.7392072e+02		3.4677161e+01		2.3924356e+02
3.7400000e+02		3.7500000e+02		3.7450000e+02		2.7832167e+02		2.6539751e+02		3.5887691e+02		2.8034038e+02		3.5355212e+01		2.4498517e+02
3.7500000e+02		3.7600000e+02		3.7550000e+02		3.1876744e+02		3.0408572e+02		4.1105365e+02		3.2108572e+02		4.0222455e+01		2.8086327e+02
3.7600000e+02		3.7700000e+02		3.7650000e+02		3.3048657e+02		3.1537201e+02		4.2618940e+02		3.3289671e+02		4.1463881e+01		2.9143283e+02
3.7700000e+02		3.7800000e+02		3.7750000e+02		3.8770864e+02		3.7009225e+02		5.0002135e+02		3.9055557e+02		4.8416749e+01		3.4213883e+02
3.7800000e+02		3.7900000e+02		3.7850000e+02		4.0380398e+02		3.8548806e+02		5.2071594e+02		4.0670851e+02		5.0208118e+01		3.5650039e+02
3.7900000e+02		3.8000000e+02		3.7950000e+02		3.2744385e+02		3.1266043e+02		4.2224787e+02		3.2979003e+02		4.0529059e+01		2.8926097e+02
3.8000000e+02		3.8100000e+02		3.8050000e+02		3.5656330e+02		3.4053041e+02		4.5981516e+02		3.5912431e+02		4.3993634e+01		3.1513067e+02
3.8100000e+02		3.8200000e+02		3.8150000e+02		3.2019140e+02		3.0588070e+02		4.1293271e+02		3.2249906e+02		3.9319470e+01		2.8317959e+02
3.8200000e+02		3.8300000e+02		3.8250000e+02		2.2964197e+02		2.1944915e+02		2.9618091e+02		2.3130930e+02		2.8061432e+01		2.0324787e+02
3.8300000e+02		3.8400000e+02		3.8350000e+02		2.0267593e+02		1.9372478e+02		2.6141066e+02		2.0414969e+02		2.4665602e+01		1.7948409e+02
3.8400000e+02		3.8500000e+02		3.8450000e+02		2.7111947e+02		2.5924223e+02		3.4974128e+02		2.7312466e+02		3.2846191e+01		2.4027847e+02
3.8500000e+02		3.8600000e+02		3.8550000e+02		2.8715912e+02		2.7464728e+02		3.7044346e+02		2.8928372e+02		3.4630194e+01		2.5465353e+02
3.8600000e+02		3.8700000e+02		3.8650000e+02		2.8837692e+02		2.7588613e+02		3.7202947e+02		2.9051383e+02		3.4609499e+01		2.5590433e+02
3.8700000e+02		3.8800000e+02		3.8750000e+02		2.8805300e+02		2.7565202e+02		3.7163313e+02		2.9019646e+02		3.4412508e+01		2.5578395e+02
3.8800000e+02		3.8900000e+02		3.8850000e+02		2.9209390e+02		2.7962405e+02		3.7690409e+02		2.9430459e+02		3.4734535e+01		2.5957005e+02
3.8900000e+02		3.9000000e+02		3.8950000e+02		3.5069332e+02		3.3576615e+02		4.5249952e+02		3.5332487e+02		4.1544383e+01		3.1178049e+02
3.9000000e+02		3.9100000e+02		3.9050000e+02		3.6838836e+02		3.5279527e+02		4.7534094e+02		3.7114928e+02		4.3426064e+01		3.2772322e+02
3.9100000e+02		3.9200000e+02		3.9150000e+02		3.9613874e+02		3.7946893e+02		5.1117694e+02		3.9912017e+02		4.6495343e+01		3.5262483e+02
3.9200000e+02		3.9300000e+02		3.9250000e+02		3.0403432e+02		2.9130309e+02		3.9233665e+02		3.0632389e+02		3.5539605e+01		2.7078429e+02
3.9300000e+02		3.9400000e+02		3.9350000e+02		1.8639471e+02		1.7863018e+02		2.4054040e+02		1.8780180e+02		2.1700287e+01		1.6610152e+02
3.9400000e+02		3.9500000e+02		3.9450000e+02		3.0813115e+02		2.9536695e+02		3.9766121e+02		3.1046637e+02		3.5725623e+01		2.7474075e+02
3.9500000e+02		3.9600000e+02		3.9550000e+02		3.7840801e+02		3.6281436e+02		4.8837671e+02		3.8128168e+02		4.3694131e+01		3.3758755e+02
3.9600000e+02		3.9700000e+02		3.9650000e+02		2.6140326e+02		2.5067821e+02		3.3736652e+02		2.6337922e+02		3.0050897e+01		2.3332832e+02
3.9700000e+02		3.9800000e+02		3.9750000e+02		2.9300657e+02		2.8104429e+02		3.7816786e+02		2.9522590e+02		3.3554038e+01		2.6167186e+02
3.9800000e+02		3.9900000e+02		3.9850000e+02		4.5124719e+02		4.3288764e+02		5.8238889e+02		4.5464585e+02		5.1480497e+01		4.0316536e+02
3.9900000e+02		4.0000000e+02		3.9950000e+02		4.9846141e+02		4.7826354e+02		6.4331283e+02		5.0219362e+02		5.6619177e+01		4.4557444e+02
4.0000000e+02		4.0100000e+02		4.0050000e+02		5.1407199e+02		4.9341210e+02		6.6358319e+02		5.1800822e+02		5.8195054e+01		4.5981317e+02
4.0100000e+02		4.0200000e+02		4.0150000e+02		5.3860814e+02		5.1710067e+02		6.9532799e+02		5.4277819e+02		6.0753663e+01		4.8202453e+02
4.0200000e+02		4.0300000e+02		4.0250000e+02		5.4526519e+02		5.2365480e+02		7.0403718e+02		5.4956733e+02		6.1309715e+01		4.8825762e+02
4.0300000e+02		4.0400000e+02		4.0350000e+02		5.2165796e+02		5.0108462e+02		6.7355377e+02		5.2575772e+02		5.8377168e+01		4.6738055e+02
4.0400000e+02		4.0500000e+02		4.0450000e+02		5.1300620e+02		4.9290146e+02		6.6244191e+02		5.1707342e+02		5.7191477e+01		4.5988194e+02
4.0500000e+02		4.0600000e+02		4.0550000e+02		5.1256585e+02		4.9259372e+02		6.6192319e+02		5.1665827e+02		5.6937343e+01		4.5972093e+02
4.0600000e+02		4.0700000e+02		4.0650000e+02		4.9035274e+02		4.7133985e+02		6.3327351e+02		4.9428707e+02		5.4293701e+01		4.3999337e+02
4.0700000e+02		4.0800000e+02		4.0750000e+02		4.9838294e+02		4.7917453e+02		6.4369459e+02		5.0241070e+02		5.4977377e+01		4.4743332e+02
4.0800000e+02		4.0900000e+02		4.0850000e+02		5.2990289e+02		5.0962688e+02		6.8448593e+02		5.3423779e+02		5.8230024e+01		4.7600776e+02
4.0900000e+02		4.1000000e+02		4.0950000e+02		5.2713439e+02		5.0705501e+02		6.8093280e+02		5.3145476e+02		5.7730431e+01		4.7372433e+02
4.1000000e+02		4.1100000e+02		4.1050000e+02		4.8293937e+02		4.6464178e+02		6.2387445e+02		4.8691171e+02		5.2691224e+01		4.3422048e+02
4.1100000e+02		4.1200000e+02		4.1150000e+02		5.5986852e+02		5.3878018e+02		7.2330743e+02		5.6450461e+02		6.0864658e+01		5.0363995e+02
4.1200000e+02		4.1300000e+02		4.1250000e+02		5.4940473e+02		5.2883862e+02		7.0984837e+02		5.5398953e+02		5.9507687e+01		4.9448185e+02
4.1300000e+02		4.1400000e+02		4.1350000e+02		5.2995399e+02		5.1019621e+02		6.8477494e+02		5.3441815e+02		5.7309732e+01		4.7710842e+02
4.1400000e+02		4.1500000e+02		4.1450000e+02		5.3771640e+02		5.1787012e+02		6.9491434e+02		5.4231471e+02		5.7836528e+01		4.8447818e+02
4.1500000e+02		4.1600000e+02		4.1550000e+02		5.3722776e+02		5.1755471e+02		6.9434867e+02		5.4185936e+02		5.7505409e+01		4.8435395e+02
4.1600000e+02		4.1700000e+02		4.1650000e+02		5.5745703e+02		5.3719582e+02		7.2059835e+02		5.6233514e+02		5.9480267e+01		5.0285488e+02
4.1700000e+02		4.1800000e+02		4.1750000e+02		5.0725322e+02		4.8895734e+02		6.5579334e+02		5.1175407e+02		5.3937644e+01		4.5781643e+02
4.1800000e+02		4.1900000e+02		4.1850000e+02		5.2601513e+02		5.0714646e+02		6.8009979e+02		5.3071311e+02		5.5759286e+01		4.7495382e+02
4.1900000e+02		4.2000000e+02		4.1950000e+02		5.3123875e+02		5.1224510e+02		6.8685146e+02		5.3597256e+02		5.6139766e+01		4.7983279e+02
4.2000000e+02		4.2100000e+02		4.2050000e+02		5.3797708e+02		5.1882659e+02		6.9559240e+02		5.4278515e+02		5.6686563e+01		4.8609858e+02
4.2100000e+02		4.2200000e+02		4.2150000e+02		5.2958361e+02		5.1072675e+02		6.8467308e+02		5.3425743e+02		5.5674185e+01		4.7858325e+02
4.2200000e+02		4.2300000e+02		4.2250000e+02		5.0190537e+02		4.8416712e+02		6.4897436e+02		5.0639246e+02		5.2585730e+01		4.5380673e+02
4.2300000e+02		4.2400000e+02		4.2350000e+02		5.3474862e+02		5.1590558e+02		6.9144945e+02		5.3952862e+02		5.5892714e+01		4.8363591e+02
4.2400000e+02		4.2500000e+02		4.2450000e+02		5.5328403e+02		5.3383518e+02		7.1542622e+02		5.5823181e+02		5.7723050e+01		5.0050876e+02
4.2500000e+02		4.2600000e+02		4.2550000e+02		5.3248014e+02		5.1385265e+02		6.8857772e+02		5.3727599e+02		5.5420218e+01		4.8185578e+02
4.2600000e+02		4.2700000e+02		4.2650000e+02		5.3029841e+02		5.1189824e+02		6.8585699e+02		5.3514367e+02		5.4999283e+01		4.8014439e+02
4.2700000e+02		4.2800000e+02		4.2750000e+02		4.9171747e+02		4.7476690e+02		6.3603378e+02		4.9626213e+02		5.0858264e+01		4.4540387e+02
4.2800000e+02		4.2900000e+02		4.2850000e+02		4.9494538e+02		4.7818321e+02		6.4051431e+02		4.9975211e+02		5.1032562e+01		4.4871954e+02
4.2900000e+02		4.3000000e+02		4.2950000e+02		4.6063718e+02		4.4515566e+02		5.9617409e+02		4.6514649e+02		4.7298810e+01		4.1784768e+02
4.3000000e+02		4.3100000e+02		4.3050000e+02		3.7055843e+02		3.5817410e+02		4.7960639e+02		3.7419010e+02		3.7894263e+01		3.3629584e+02
4.3100000e+02		4.3200000e+02		4.3150000e+02		4.5818753e+02		4.4297965e+02		5.9309221e+02		4.6272541e+02		4.6718962e+01		4.1600645e+02
4.3200000e+02		4.3300000e+02		4.3250000e+02		5.1625369e+02		4.9905833e+02		6.6808541e+02		5.2122303e+02		5.2442257e+01		4.6878077e+02
4.3300000e+02		4.3400000e+02		4.3350000e+02		5.6047485e+02		5.4179998e+02		7.2532487e+02		5.6588265e+02		5.6980211e+01		5.0890244e+02
4.3400000e+02		4.3500000e+02		4.3450000e+02		4.7595241e+02		4.6007082e+02		6.1587545e+02		4.8048783e+02		4.8307159e+01		4.3218067e+02
4.3500000e+02		4.3600000e+02		4.3550000e+02		5.3162725e+02		5.1393893e+02		6.8792509e+02		5.3669242e+02		5.3835350e+01		4.8285708e+02
4.3600000e+02		4.3700000e+02		4.3650000e+02		5.9481241e+02		5.7526069e+02		7.6989395e+02		6.0063226e+02		6.0029775e+01		5.4060248e+02
4.3700000e+02		4.3800000e+02		4.3750000e+02		5.2629983e+02		5.0917469e+02		6.8135769e+02		5.3155297e+02		5.2947567e+01		4.7860540e+02
4.3800000e+02		4.3900000e+02		4.3850000e+02		5.1257868e+02		4.9606544e+02		6.6373556e+02		5.1779867e+02		5.1421370e+01		4.6637730e+02
4.3900000e+02		4.4000000e+02		4.3950000e+02		5.7051902e+02		5.5220521e+02		7.3879044e+02		5.7634497e+02		5.7115299e+01		5.1922968e+02
4.4000000e+02		4.4100000e+02		4.4050000e+02		5.4089681e+02		5.2357856e+02		7.0045117e+02		5.4643148e+02		5.4070594e+01		4.9236089e+02
4.4100000e+02		4.4200000e+02		4.4150000e+02		5.9491633e+02		5.7586973e+02		7.7027260e+02		6.0088409e+02		5.9184619e+01		5.4169947e+02
4.4200000e+02		4.4300000e+02		4.4250000e+02		6.2544254e+02		6.0541091e+02		8.0968815e+02		6.3161922e+02		6.2009517e+01		5.6960970e+02
4.4300000e+02		4.4400000e+02		4.4350000e+02		6.0497206e+02		5.8567698e+02		7.8323481e+02		6.1097770e+02		5.9862147e+01		5.5111555e+02
4.4400000e+02		4.4500000e+02		4.4450000e+02		6.2324411e+02		6.0331848e+02		8.0676992e+02		6.2932858e+02		6.1540565e+01		5.6778802e+02
4.4500000e+02		4.4600000e+02		4.4550000e+02		5.7783999e+02		5.5942734e+02		7.4815262e+02		5.8361360e+02		5.7225313e+01		5.2638829e+02
4.4600000e+02		4.4700000e+02		4.4650000e+02		5.8940025e+02		5.7084897e+02		7.6342522e+02		5.9553139e+02		5.8399232e+01		5.3713215e+02
4.4700000e+02		4.4800000e+02		4.4750000e+02		6.3881895e+02		6.1882166e+02		8.2754997e+02		6.4555191e+02		6.3244454e+01		5.8230745e+02
4.4800000e+02		4.4900000e+02		4.4850000e+02		6.2805979e+02		6.0852571e+02		8.1374300e+02		6.3477933e+02		6.2116729e+01		5.7266260e+02
4.4900000e+02		4.5000000e+02		4.4950000e+02		6.3454704e+02		6.1494601e+02		8.2227728e+02		6.4143304e+02		6.2668991e+01		5.7876405e+02
4.5000000e+02		4.5100000e+02		4.5050000e+02		6.7325368e+02		6.5257620e+02		8.7253807e+02		6.8063514e+02		6.6388146e+01		6.1424699e+02
4.5100000e+02		4.5200000e+02		4.5150000e+02		6.7122600e+02		6.5057947e+02		8.6992396e+02		6.7860390e+02		6.6306526e+01		6.1229738e+02
4.5200000e+02		4.5300000e+02		4.5250000e+02		6.3541039e+02		6.1602804e+02		8.2353851e+02		6.4239930e+02		6.2395067e+01		5.8000423e+02
4.5300000e+02		4.5400000e+02		4.5350000e+02		6.0888666e+02		5.9043574e+02		7.8927910e+02		6.1567105e+02		5.9707394e+01		5.5596366e+02
4.5400000e+02		4.5500000e+02		4.5450000e+02		6.4999363e+02		6.3038536e+02		8.4258453e+02		6.5724133e+02		6.3541912e+01		5.9369942e+02
4.5500000e+02		4.5600000e+02		4.5550000e+02		6.4380306e+02		6.2444562e+02		8.3452211e+02		6.5093915e+02		6.2684376e+01		5.8825477e+02
4.5600000e+02		4.5700000e+02		4.5650000e+02		6.6853861e+02		6.4853109e+02		8.6657315e+02		6.7592473e+02		6.4814042e+01		6.1111068e+02
4.5700000e+02		4.5800000e+02		4.5750000e+02		6.7499745e+02		6.5493002e+02		8.7496297e+02		6.8245154e+02		6.5116607e+01		6.1733493e+02
4.5800000e+02		4.5900000e+02		4.5850000e+02		6.3439039e+02		6.1560093e+02		8.2239045e+02		6.4144377e+02		6.1144820e+01		5.8029895e+02
4.5900000e+02		4.6000000e+02		4.5950000e+02		6.5539586e+02		6.3605336e+02		8.4967119e+02		6.6271823e+02		6.3089764e+01		5.9962847e+02
4.6000000e+02		4.6100000e+02		4.6050000e+02		6.4752339e+02		6.2853191e+02		8.3957732e+02		6.5484182e+02		6.2249916e+01		5.9259191e+02
4.6100000e+02		4.6200000e+02		4.6150000e+02		6.6245412e+02		6.4319103e+02		8.5904875e+02		6.7001888e+02		6.3475376e+01		6.0654350e+02
4.6200000e+02		4.6300000e+02		4.6250000e+02		6.6901120e+02		6.4962626e+02		8.6759871e+02		6.7668338e+02		6.4017849e+01		6.1266554e+02
4.6300000e+02		4.6400000e+02		4.6350000e+02		6.4662616e+02		6.2792821e+02		8.3873633e+02		6.5418703e+02		6.2129052e+01		5.9205798e+02
4.6400000e+02		4.6500000e+02		4.6450000e+02		6.5795753e+02		6.3902415e+02		8.5362009e+02		6.6580518e+02		6.3364613e+01		6.0244057e+02
4.6500000e+02		4.6600000e+02		4.6550000e+02		6.3552746e+02		6.1749024e+02		8.2425129e+02		6.4282971e+02		5.9953827e+01		5.8287588e+02
4.6600000e+02		4.6700000e+02		4.6650000e+02		6.3955371e+02		6.2156900e+02		8.2954777e+02		6.4694509e+02		6.0040461e+01		5.8690463e+02
4.6700000e+02		4.6800000e+02		4.6750000e+02		6.4572639e+02		6.2761213e+02		8.3755804e+02		6.5318678e+02		6.0510268e+01		5.9267651e+02
4.6800000e+02		4.6900000e+02		4.6850000e+02		6.3145002e+02		6.1379976e+02		8.1913681e+02		6.3882333e+02		5.9206391e+01		5.7961693e+02
4.6900000e+02		4.7000000e+02		4.6950000e+02		6.4956875e+02		6.3150028e+02		8.4269714e+02		6.5719157e+02		6.0786260e+01		5.9640531e+02
4.7000000e+02		4.7100000e+02		4.7050000e+02		6.1381170e+02		5.9688611e+02		7.9644932e+02		6.2112032e+02		5.7338772e+01		5.6378155e+02
4.7100000e+02		4.7200000e+02		4.7150000e+02		6.4174114e+02		6.2407506e+02		8.3268669e+02		6.4937595e+02		5.9862547e+01		5.8951340e+02
4.7200000e+02		4.7300000e+02		4.7250000e+02		6.5742798e+02		6.3951686e+02		8.5322170e+02		6.6538556e+02		6.1206006e+01		6.0417956e+02
4.7300000e+02		4.7400000e+02		4.7350000e+02		6.4563741e+02		6.2806710e+02		8.3788397e+02		6.5341712e+02		5.9978774e+01		5.9343834e+02
4.7400000e+02		4.7500000e+02		4.7450000e+02		6.6512717e+02		6.4709453e+02		8.6367174e+02		6.7357840e+02		6.2661523e+01		6.1091688e+02
4.7500000e+02		4.7600000e+02		4.7550000e+02		6.6365303e+02		6.4587844e+02		8.6182074e+02		6.7211134e+02		6.2067716e+01		6.1004362e+02
4.7600000e+02		4.7700000e+02		4.7650000e+02		6.3952653e+02		6.2256116e+02		8.3043081e+02		6.4760061e+02		5.9243974e+01		5.8835664e+02
4.7700000e+02		4.7800000e+02		4.7750000e+02		6.6772274e+02		6.5010417e+02		8.6713875e+02		6.7622489e+02		6.1802285e+01		6.1442260e+02
4.7800000e+02		4.7900000e+02		4.7850000e+02		6.6128260e+02		6.4392987e+02		8.5886457e+02		6.6976961e+02		6.1137495e+01		6.0863212e+02
4.7900000e+02		4.8000000e+02		4.7950000e+02		6.6320839e+02		6.4590773e+02		8.6145917e+02		6.7178966e+02		6.1237295e+01		6.1055236e+02
4.8000000e+02		4.8100000e+02		4.8050000e+02		6.6489751e+02		6.4765943e+02		8.6383131e+02		6.7364613e+02		6.1485179e+01		6.1216095e+02
4.8100000e+02		4.8200000e+02		4.8150000e+02		6.6630748e+02		6.4899697e+02		8.6604869e+02		6.7542780e+02		6.2536021e+01		6.1289178e+02
4.8200000e+02		4.8300000e+02		4.8250000e+02		6.6376999e+02		6.4666094e+02		8.6287086e+02		6.7294490e+02		6.2188522e+01		6.1075638e+02
4.8300000e+02		4.8400000e+02		4.8350000e+02		6.5373157e+02		6.3694336e+02		8.4987502e+02		6.6280724e+02		6.1194616e+01		6.0161263e+02
4.8400000e+02		4.8500000e+02		4.8450000e+02		6.4242337e+02		6.2594288e+02		8.3515933e+02		6.5132635e+02		6.0057949e+01		5.9126840e+02
4.8500000e+02		4.8600000e+02		4.8550000e+02		6.0369332e+02		5.8807684e+02		7.8469902e+02		6.1197841e+02		5.6551709e+01		5.5542670e+02
4.8600000e+02		4.8700000e+02		4.8650000e+02		5.2412565e+02		5.1073685e+02		6.8148679e+02		5.3148607e+02		4.9093172e+01		4.8239290e+02
4.8700000e+02		4.8800000e+02		4.8750000e+02		5.9966111e+02		5.8478467e+02		7.7961028e+02		6.0793678e+02		5.4778474e+01		5.5315831e+02
4.8800000e+02		4.8900000e+02		4.8850000e+02		6.3081686e+02		6.1517834e+02		8.2008328e+02		6.3949209e+02		5.7526959e+01		5.8196513e+02
4.8900000e+02		4.9000000e+02		4.8950000e+02		6.1880396e+02		6.0358307e+02		8.0459877e+02		6.2741655e+02		5.6390621e+01		5.7102592e+02
4.9000000e+02		4.9100000e+02		4.9050000e+02		6.5907671e+02		6.4296304e+02		8.5706799e+02		6.6833037e+02		6.0019739e+01		6.0831063e+02
4.9100000e+02		4.9200000e+02		4.9150000e+02		6.2110374e+02		6.0637058e+02		8.0817749e+02		6.3020110e+02		5.6383633e+01		5.7381747e+02
4.9200000e+02		4.9300000e+02		4.9250000e+02		5.9112858e+02		5.7719656e+02		7.6927131e+02		5.9986186e+02		5.3626684e+01		5.4623518e+02
4.9300000e+02		4.9400000e+02		4.9350000e+02		6.2472140e+02		6.0982889e+02		8.1277885e+02		6.3378698e+02		5.6685462e+01		5.7710152e+02
4.9400000e+02		4.9500000e+02		4.9450000e+02		6.4279699e+02		6.2758858e+02		8.3641757e+02		6.5221830e+02		5.8274537e+01		5.9394376e+02
4.9500000e+02		4.9600000e+02		4.9550000e+02		6.3133158e+02		6.1651366e+02		8.2161680e+02		6.4067448e+02		5.7165117e+01		5.8350937e+02
4.9600000e+02		4.9700000e+02		4.9650000e+02		6.3921352e+02		6.2429631e+02		8.3195090e+02		6.4872984e+02		5.7810362e+01		5.9091948e+02
4.9700000e+02		4.9800000e+02		4.9750000e+02		6.5113923e+02		6.3587273e+02		8.4736156e+02		6.6074337e+02		5.8844572e+01		6.0189880e+02
4.9800000e+02		4.9900000e+02		4.9850000e+02		5.9175801e+02		5.7785076e+02		7.7003780e+02		6.0044802e+02		5.3465694e+01		5.4698232e+02
4.9900000e+02		5.0000000e+02		4.9950000e+02		6.3385792e+02		6.1905182e+02		8.2494423e+02		6.4326452e+02		5.7287855e+01		5.8597667e+02
