Left Bin Edge (nm)	Right Bin Edge (nm)	Bin Center (nm)		Top of Atm Intensity (erg/s/nm/cm2)		Total Surface Flux (erg/s/nm/cm2)		Total Intensity at BOA (erg/s/nm/cm2)		Total Surface Intensity (erg/s/nm/cm2)		Total Surface Diffuse Intensity (erg/s/nm/cm2)		Total Surface Direct Intensity (erg/s/nm/cm2)
1.0000000e+02		1.0100000e+02		1.0050000e+02		1.9189487e-02		0.0000000e+00		0.0000000e+00		0.0000000e+00		0.0000000e+00		0.0000000e+00
1.0100000e+02		1.0200000e+02		1.0150000e+02		7.4861701e-02		0.0000000e+00		0.0000000e+00		0.0000000e+00		0.0000000e+00		0.0000000e+00
1.0200000e+02		1.0300000e+02		1.0250000e+02		3.9734366e-01		0.0000000e+00		0.0000000e+00		0.0000000e+00		0.0000000e+00		0.0000000e+00
1.0300000e+02		1.0400000e+02		1.0350000e+02		3.0179545e-01		0.0000000e+00		0.0000000e+00		0.0000000e+00		0.0000000e+00		0.0000000e+00
1.0400000e+02		1.0500000e+02		1.0450000e+02		6.0815352e-02		0.0000000e+00		0.0000000e+00		0.0000000e+00		0.0000000e+00		0.0000000e+00
1.0500000e+02		1.0600000e+02		1.0550000e+02		2.0834600e-02		0.0000000e+00		0.0000000e+00		0.0000000e+00		0.0000000e+00		0.0000000e+00
1.0600000e+02		1.0700000e+02		1.0650000e+02		1.9584792e-02		0.0000000e+00		0.0000000e+00		0.0000000e+00		0.0000000e+00		0.0000000e+00
1.0700000e+02		1.0800000e+02		1.0750000e+02		2.1853879e-02		0.0000000e+00		0.0000000e+00		0.0000000e+00		0.0000000e+00		0.0000000e+00
1.0800000e+02		1.0900000e+02		1.0850000e+02		3.0634999e-02		0.0000000e+00		0.0000000e+00		0.0000000e+00		0.0000000e+00		0.0000000e+00
1.0900000e+02		1.1000000e+02		1.0950000e+02		2.4032561e-02		0.0000000e+00		0.0000000e+00		0.0000000e+00		0.0000000e+00		0.0000000e+00
1.1000000e+02		1.1100000e+02		1.1050000e+02		2.3268893e-02		0.0000000e+00		0.0000000e+00		0.0000000e+00		0.0000000e+00		0.0000000e+00
1.1100000e+02		1.1200000e+02		1.1150000e+02		2.1871272e-02		0.0000000e+00		0.0000000e+00		0.0000000e+00		0.0000000e+00		0.0000000e+00
1.1200000e+02		1.1300000e+02		1.1250000e+02		2.2375602e-02		0.0000000e+00		0.0000000e+00		0.0000000e+00		0.0000000e+00		0.0000000e+00
1.1300000e+02		1.1400000e+02		1.1350000e+02		1.7748133e-02		0.0000000e+00		0.0000000e+00		0.0000000e+00		0.0000000e+00		0.0000000e+00
1.1400000e+02		1.1500000e+02		1.1450000e+02		1.3589480e-02		0.0000000e+00		0.0000000e+00		0.0000000e+00		0.0000000e+00		0.0000000e+00
1.1500000e+02		1.1600000e+02		1.1550000e+02		1.8751615e-02		0.0000000e+00		0.0000000e+00		0.0000000e+00		0.0000000e+00		0.0000000e+00
1.1600000e+02		1.1700000e+02		1.1650000e+02		4.3674487e-02		0.0000000e+00		0.0000000e+00		0.0000000e+00		0.0000000e+00		0.0000000e+00
1.1700000e+02		1.1800000e+02		1.1750000e+02		1.5546757e-01		0.0000000e+00		0.0000000e+00		0.0000000e+00		0.0000000e+00		0.0000000e+00
1.1800000e+02		1.1900000e+02		1.1850000e+02		5.2889236e-02		0.0000000e+00		0.0000000e+00		0.0000000e+00		0.0000000e+00		0.0000000e+00
1.1900000e+02		1.2000000e+02		1.1950000e+02		7.3692884e-02		0.0000000e+00		0.0000000e+00		0.0000000e+00		0.0000000e+00		0.0000000e+00
1.2000000e+02		1.2100000e+02		1.2050000e+02		4.0066072e-01		0.0000000e+00		0.0000000e+00		0.0000000e+00		0.0000000e+00		0.0000000e+00
1.2100000e+02		1.2200000e+02		1.2150000e+02		1.5905289e+01		0.0000000e+00		0.0000000e+00		0.0000000e+00		0.0000000e+00		0.0000000e+00
1.2200000e+02		1.2300000e+02		1.2250000e+02		1.0666543e-01		0.0000000e+00		0.0000000e+00		0.0000000e+00		0.0000000e+00		0.0000000e+00
1.2300000e+02		1.2400000e+02		1.2350000e+02		5.7456553e-02		0.0000000e+00		0.0000000e+00		0.0000000e+00		0.0000000e+00		0.0000000e+00
1.2400000e+02		1.2500000e+02		1.2450000e+02		4.6184197e-02		0.0000000e+00		0.0000000e+00		0.0000000e+00		0.0000000e+00		0.0000000e+00
1.2500000e+02		1.2600000e+02		1.2550000e+02		4.5085118e-02		0.0000000e+00		0.0000000e+00		0.0000000e+00		0.0000000e+00		0.0000000e+00
1.2600000e+02		1.2700000e+02		1.2650000e+02		6.3054464e-02		0.0000000e+00		0.0000000e+00		0.0000000e+00		0.0000000e+00		0.0000000e+00
1.2700000e+02		1.2800000e+02		1.2750000e+02		3.3006429e-02		0.0000000e+00		0.0000000e+00		0.0000000e+00		0.0000000e+00		0.0000000e+00
1.2800000e+02		1.2900000e+02		1.2850000e+02		2.6335196e-02		0.0000000e+00		0.0000000e+00		0.0000000e+00		0.0000000e+00		0.0000000e+00
1.2900000e+02		1.3000000e+02		1.2950000e+02		3.5131240e-02		0.0000000e+00		0.0000000e+00		0.0000000e+00		0.0000000e+00		0.0000000e+00
1.3000000e+02		1.3100000e+02		1.3050000e+02		2.8850634e-01		0.0000000e+00		0.0000000e+00		0.0000000e+00		0.0000000e+00		0.0000000e+00
1.3100000e+02		1.3200000e+02		1.3150000e+02		3.9064855e-02		0.0000000e+00		0.0000000e+00		0.0000000e+00		0.0000000e+00		0.0000000e+00
1.3200000e+02		1.3300000e+02		1.3250000e+02		3.0374778e-02		0.0000000e+00		0.0000000e+00		0.0000000e+00		0.0000000e+00		0.0000000e+00
1.3300000e+02		1.3400000e+02		1.3350000e+02		4.1056606e-01		0.0000000e+00		0.0000000e+00		0.0000000e+00		0.0000000e+00		0.0000000e+00
1.3400000e+02		1.3500000e+02		1.3450000e+02		2.8092500e-02		0.0000000e+00		0.0000000e+00		0.0000000e+00		0.0000000e+00		0.0000000e+00
1.3500000e+02		1.3600000e+02		1.3550000e+02		5.8954708e-02		0.0000000e+00		0.0000000e+00		0.0000000e+00		0.0000000e+00		0.0000000e+00
1.3600000e+02		1.3700000e+02		1.3650000e+02		3.8690656e-02		0.0000000e+00		0.0000000e+00		0.0000000e+00		0.0000000e+00		0.0000000e+00
1.3700000e+02		1.3800000e+02		1.3750000e+02		3.9732879e-02		0.0000000e+00		0.0000000e+00		0.0000000e+00		0.0000000e+00		0.0000000e+00
1.3800000e+02		1.3900000e+02		1.3850000e+02		4.0549866e-02		0.0000000e+00		0.0000000e+00		0.0000000e+00		0.0000000e+00		0.0000000e+00
1.3900000e+02		1.4000000e+02		1.3950000e+02		1.3692187e-01		0.0000000e+00		0.0000000e+00		0.0000000e+00		0.0000000e+00		0.0000000e+00
1.4000000e+02		1.4100000e+02		1.4050000e+02		1.1939088e-01		0.0000000e+00		0.0000000e+00		0.0000000e+00		0.0000000e+00		0.0000000e+00
1.4100000e+02		1.4200000e+02		1.4150000e+02		5.7521948e-02		0.0000000e+00		0.0000000e+00		0.0000000e+00		0.0000000e+00		0.0000000e+00
1.4200000e+02		1.4300000e+02		1.4250000e+02		6.2343151e-02		0.0000000e+00		0.0000000e+00		0.0000000e+00		0.0000000e+00		0.0000000e+00
1.4300000e+02		1.4400000e+02		1.4350000e+02		6.9165895e-02		0.0000000e+00		0.0000000e+00		0.0000000e+00		0.0000000e+00		0.0000000e+00
1.4400000e+02		1.4500000e+02		1.4450000e+02		6.6149126e-02		0.0000000e+00		0.0000000e+00		0.0000000e+00		0.0000000e+00		0.0000000e+00
1.4500000e+02		1.4600000e+02		1.4550000e+02		7.0536262e-02		0.0000000e+00		0.0000000e+00		0.0000000e+00		0.0000000e+00		0.0000000e+00
1.4600000e+02		1.4700000e+02		1.4650000e+02		8.6012655e-02		0.0000000e+00		0.0000000e+00		0.0000000e+00		0.0000000e+00		0.0000000e+00
1.4700000e+02		1.4800000e+02		1.4750000e+02		1.0610345e-01		0.0000000e+00		0.0000000e+00		0.0000000e+00		0.0000000e+00		0.0000000e+00
1.4800000e+02		1.4900000e+02		1.4850000e+02		1.0405386e-01		0.0000000e+00		0.0000000e+00		0.0000000e+00		0.0000000e+00		0.0000000e+00
1.4900000e+02		1.5000000e+02		1.4950000e+02		9.4002421e-02		0.0000000e+00		0.0000000e+00		0.0000000e+00		0.0000000e+00		0.0000000e+00
1.5000000e+02		1.5100000e+02		1.5050000e+02		1.0343288e-01		0.0000000e+00		0.0000000e+00		0.0000000e+00		0.0000000e+00		0.0000000e+00
1.5100000e+02		1.5200000e+02		1.5150000e+02		1.0875212e-01		0.0000000e+00		0.0000000e+00		0.0000000e+00		0.0000000e+00		0.0000000e+00
1.5200000e+02		1.5300000e+02		1.5250000e+02		1.3876638e-01		0.0000000e+00		0.0000000e+00		0.0000000e+00		0.0000000e+00		0.0000000e+00
1.5300000e+02		1.5400000e+02		1.5350000e+02		1.5371418e-01		0.0000000e+00		0.0000000e+00		0.0000000e+00		0.0000000e+00		0.0000000e+00
1.5400000e+02		1.5500000e+02		1.5450000e+02		4.1112511e-01		0.0000000e+00		0.0000000e+00		0.0000000e+00		0.0000000e+00		0.0000000e+00
1.5500000e+02		1.5600000e+02		1.5550000e+02		3.3836363e-01		0.0000000e+00		0.0000000e+00		0.0000000e+00		0.0000000e+00		0.0000000e+00
1.5600000e+02		1.5700000e+02		1.5650000e+02		2.0084632e-01		0.0000000e+00		0.0000000e+00		0.0000000e+00		0.0000000e+00		0.0000000e+00
1.5700000e+02		1.5800000e+02		1.5750000e+02		1.8216796e-01		0.0000000e+00		0.0000000e+00		0.0000000e+00		0.0000000e+00		0.0000000e+00
1.5800000e+02		1.5900000e+02		1.5850000e+02		1.6795176e-01		0.0000000e+00		0.0000000e+00		0.0000000e+00		0.0000000e+00		0.0000000e+00
1.5900000e+02		1.6000000e+02		1.5950000e+02		1.6379377e-01		0.0000000e+00		0.0000000e+00		0.0000000e+00		0.0000000e+00		0.0000000e+00
1.6000000e+02		1.6100000e+02		1.6050000e+02		1.7926410e-01		0.0000000e+00		0.0000000e+00		0.0000000e+00		0.0000000e+00		0.0000000e+00
1.6100000e+02		1.6200000e+02		1.6150000e+02		2.0306941e-01		0.0000000e+00		0.0000000e+00		0.0000000e+00		0.0000000e+00		0.0000000e+00
1.6200000e+02		1.6300000e+02		1.6250000e+02		2.2492895e-01		0.0000000e+00		0.0000000e+00		0.0000000e+00		0.0000000e+00		0.0000000e+00
1.6300000e+02		1.6400000e+02		1.6350000e+02		4.7671727e-01		0.0000000e+00		0.0000000e+00		0.0000000e+00		0.0000000e+00		0.0000000e+00
1.6400000e+02		1.6500000e+02		1.6450000e+02		4.8753270e-01		0.0000000e+00		0.0000000e+00		0.0000000e+00		0.0000000e+00		0.0000000e+00
1.6500000e+02		1.6600000e+02		1.6550000e+02		5.7072689e-01		0.0000000e+00		0.0000000e+00		0.0000000e+00		0.0000000e+00		0.0000000e+00
1.6600000e+02		1.6700000e+02		1.6650000e+02		2.6919628e-01		0.0000000e+00		0.0000000e+00		0.0000000e+00		0.0000000e+00		0.0000000e+00
1.6700000e+02		1.6800000e+02		1.6750000e+02		2.8728373e-01		0.0000000e+00		0.0000000e+00		0.0000000e+00		0.0000000e+00		0.0000000e+00
1.6800000e+02		1.6900000e+02		1.6850000e+02		3.0958866e-01		0.0000000e+00		0.0000000e+00		0.0000000e+00		0.0000000e+00		0.0000000e+00
1.6900000e+02		1.7000000e+02		1.6950000e+02		3.8988989e-01		0.0000000e+00		0.0000000e+00		0.0000000e+00		0.0000000e+00		0.0000000e+00
1.7000000e+02		1.7100000e+02		1.7050000e+02		4.3752516e-01		0.0000000e+00		0.0000000e+00		0.0000000e+00		0.0000000e+00		0.0000000e+00
1.7100000e+02		1.7200000e+02		1.7150000e+02		4.3618394e-01		0.0000000e+00		0.0000000e+00		0.0000000e+00		0.0000000e+00		0.0000000e+00
1.7200000e+02		1.7300000e+02		1.7250000e+02		4.5514763e-01		0.0000000e+00		0.0000000e+00		0.0000000e+00		0.0000000e+00		0.0000000e+00
1.7300000e+02		1.7400000e+02		1.7350000e+02		4.5120572e-01		0.0000000e+00		0.0000000e+00		0.0000000e+00		0.0000000e+00		0.0000000e+00
1.7400000e+02		1.7500000e+02		1.7450000e+02		5.3951828e-01		0.0000000e+00		0.0000000e+00		0.0000000e+00		0.0000000e+00		0.0000000e+00
1.7500000e+02		1.7600000e+02		1.7550000e+02		6.4389120e-01		0.0000000e+00		0.0000000e+00		0.0000000e+00		0.0000000e+00		0.0000000e+00
1.7600000e+02		1.7700000e+02		1.7650000e+02		6.9472845e-01		0.0000000e+00		0.0000000e+00		0.0000000e+00		0.0000000e+00		0.0000000e+00
1.7700000e+02		1.7800000e+02		1.7750000e+02		8.1849614e-01		0.0000000e+00		0.0000000e+00		0.0000000e+00		0.0000000e+00		0.0000000e+00
1.7800000e+02		1.7900000e+02		1.7850000e+02		8.9455089e-01		0.0000000e+00		0.0000000e+00		0.0000000e+00		0.0000000e+00		0.0000000e+00
1.7900000e+02		1.8000000e+02		1.7950000e+02		8.6966614e-01		0.0000000e+00		0.0000000e+00		0.0000000e+00		0.0000000e+00		0.0000000e+00
1.8000000e+02		1.8100000e+02		1.8050000e+02		1.0753674e+00		0.0000000e+00		0.0000000e+00		0.0000000e+00		0.0000000e+00		0.0000000e+00
1.8100000e+02		1.8200000e+02		1.8150000e+02		1.3093431e+00		0.0000000e+00		0.0000000e+00		0.0000000e+00		0.0000000e+00		0.0000000e+00
1.8200000e+02		1.8300000e+02		1.8250000e+02		1.2087370e+00		0.0000000e+00		0.0000000e+00		0.0000000e+00		0.0000000e+00		0.0000000e+00
1.8300000e+02		1.8400000e+02		1.8350000e+02		1.2728289e+00		0.0000000e+00		0.0000000e+00		0.0000000e+00		0.0000000e+00		0.0000000e+00
1.8400000e+02		1.8500000e+02		1.8450000e+02		1.0940339e+00		0.0000000e+00		0.0000000e+00		0.0000000e+00		0.0000000e+00		0.0000000e+00
1.8500000e+02		1.8600000e+02		1.8550000e+02		1.2372281e+00		0.0000000e+00		0.0000000e+00		0.0000000e+00		0.0000000e+00		0.0000000e+00
1.8600000e+02		1.8700000e+02		1.8650000e+02		1.4037992e+00		0.0000000e+00		0.0000000e+00		0.0000000e+00		0.0000000e+00		0.0000000e+00
1.8700000e+02		1.8800000e+02		1.8750000e+02		1.5907538e+00		0.0000000e+00		0.0000000e+00		0.0000000e+00		0.0000000e+00		0.0000000e+00
1.8800000e+02		1.8900000e+02		1.8850000e+02		1.6735993e+00		1.7223301e-222		0.0000000e+00		1.7238117e-222		3.5055490e-225		1.7203062e-222
1.8900000e+02		1.9000000e+02		1.8950000e+02		1.8559600e+00		4.5787865e-154		0.0000000e+00		4.5843608e-154		1.3188875e-156		4.5711719e-154
1.9000000e+02		1.9100000e+02		1.9050000e+02		1.9109940e+00		1.3592309e-107		0.0000000e+00		1.3615576e-107		5.5050900e-110		1.3560525e-107
1.9100000e+02		1.9200000e+02		1.9150000e+02		2.0707336e+00		4.9072121e-82		6.2270305e-79		4.9180305e-82		2.5596581e-84		4.8924339e-82
1.9200000e+02		1.9300000e+02		1.9250000e+02		2.1685186e+00		1.2950661e-63		3.2857223e-61		1.2986870e-63		8.5669796e-66		1.2901200e-63
1.9300000e+02		1.9400000e+02		1.9350000e+02		1.6554009e+00		3.9822773e-52		3.6613007e-50		3.9956751e-52		3.1699451e-54		3.9639756e-52
1.9400000e+02		1.9500000e+02		1.9450000e+02		2.6556632e+00		7.3076713e-47		4.3180593e-45		7.3343838e-47		6.3202423e-49		7.2711814e-47
1.9500000e+02		1.9600000e+02		1.9550000e+02		2.5630279e+00		1.8701184e-43		8.1939383e-42		1.8773455e-43		1.7099624e-45		1.8602459e-43
1.9600000e+02		1.9700000e+02		1.9650000e+02		2.8204934e+00		7.1183899e-41		2.4984630e-39		7.1470116e-41		6.7719732e-43		7.0792919e-41
1.9700000e+02		1.9800000e+02		1.9750000e+02		2.8068384e+00		7.8369755e-38		2.1082664e-36		7.8703687e-38		7.9009132e-40		7.7913596e-38
1.9800000e+02		1.9900000e+02		1.9850000e+02		2.7505577e+00		2.8562920e-30		3.9659276e-29		2.8713606e-30		3.5652676e-32		2.8357079e-30
1.9900000e+02		2.0000000e+02		1.9950000e+02		2.8965557e+00		1.6795211e-24		1.4126870e-23		1.6903797e-24		2.5691749e-26		1.6646879e-24
2.0000000e+02		2.0100000e+02		2.0050000e+02		3.0623388e+00		1.9620487e-24		1.6443753e-23		1.9744676e-24		2.9383430e-26		1.9450841e-24
2.0100000e+02		2.0200000e+02		2.0150000e+02		3.2593670e+00		2.5373395e-23		1.9344497e-22		2.5538292e-23		3.9015129e-25		2.5148141e-23
2.0200000e+02		2.0300000e+02		2.0250000e+02		3.2217937e+00		1.2721153e-21		8.3612135e-21		1.2808917e-21		2.0764996e-23		1.2601267e-21
2.0300000e+02		2.0400000e+02		2.0350000e+02		3.4484145e+00		1.0791280e-19		6.0121733e-19		1.0871780e-19		1.9046476e-21		1.0681315e-19
2.0400000e+02		2.0500000e+02		2.0450000e+02		3.7117169e+00		5.8033134e-18		2.7894606e-17		5.8500710e-18		1.1062983e-19		5.7394412e-18
2.0500000e+02		2.0600000e+02		2.0550000e+02		3.7200399e+00		1.7690837e-16		7.4757407e-16		1.7844236e-16		3.6294716e-18		1.7481289e-16
2.0600000e+02		2.0700000e+02		2.0650000e+02		3.7247532e+00		3.2558688e-15		1.2329609e-14		3.2860676e-15		7.1451264e-17		3.2146164e-15
2.0700000e+02		2.0800000e+02		2.0750000e+02		4.0454145e+00		4.2987290e-14		1.4821627e-13		4.3411318e-14		1.0032619e-15		4.2408056e-14
2.0800000e+02		2.0900000e+02		2.0850000e+02		4.3759554e+00		4.0358938e-13		1.2829447e-12		4.0780317e-13		9.9699400e-15		3.9783323e-13
2.0900000e+02		2.1000000e+02		2.0950000e+02		5.6528678e+00		3.7406616e-12		1.1046144e-11		3.7819576e-12		9.7707567e-14		3.6842501e-12
2.1000000e+02		2.1100000e+02		2.1050000e+02		6.9678423e+00		3.1096271e-11		8.5558246e-11		3.1460676e-11		8.6219305e-13		3.0598483e-11
2.1100000e+02		2.1200000e+02		2.1150000e+02		7.9326445e+00		2.0529218e-10		5.2914463e-10		2.0785067e-10		6.0534686e-12		2.0179720e-10
2.1200000e+02		2.1300000e+02		2.1250000e+02		7.0734222e+00		9.4683329e-10		2.2974895e-09		9.5943102e-10		2.9806563e-11		9.2962446e-10
2.1300000e+02		2.1400000e+02		2.1350000e+02		7.2066449e+00		4.1368404e-09		9.5206124e-09		4.1957172e-09		1.3930395e-10		4.0564133e-09
2.1400000e+02		2.1500000e+02		2.1450000e+02		9.2279181e+00		2.0859680e-08		4.5708740e-08		2.1180993e-08		7.6023449e-10		2.0420759e-08
2.1500000e+02		2.1600000e+02		2.1550000e+02		7.9257408e+00		7.0574529e-08		1.4744500e-07		7.1783929e-08		2.8614707e-09		6.8922458e-08
2.1600000e+02		2.1700000e+02		2.1650000e+02		7.3353469e+00		2.4363031e-07		4.8746470e-07		2.4843888e-07		1.1377187e-08		2.3706169e-07
2.1700000e+02		2.1800000e+02		2.1750000e+02		7.5953881e+00		8.6867398e-07		1.6737171e-06		8.8952877e-07		4.9342976e-08		8.4018579e-07
2.1800000e+02		2.1900000e+02		2.1850000e+02		1.0217230e+01		3.6151585e-06		6.7638032e-06		3.7255828e-06		2.6126671e-07		3.4643161e-06
2.1900000e+02		2.2000000e+02		2.1950000e+02		1.0786519e+01		1.0563248e-05		1.9365895e-05		1.0991460e-05		1.0131624e-06		9.9782980e-06
2.2000000e+02		2.2100000e+02		2.2050000e+02		1.0851638e+01		2.8002382e-05		5.0752979e-05		2.9559267e-05		3.6836304e-06		2.5875637e-05
2.2100000e+02		2.2200000e+02		2.2150000e+02		8.6872371e+00		5.6132299e-05		1.0160879e-04		6.0501362e-05		1.0337314e-05		5.0164049e-05
2.2200000e+02		2.2300000e+02		2.2250000e+02		1.1691346e+01		1.8231044e-04		3.3290642e-04		2.0211979e-04		4.6869429e-05		1.5525036e-04
2.2300000e+02		2.2400000e+02		2.2350000e+02		1.5139682e+01		5.3543836e-04		9.9486569e-04		6.1462905e-04		1.8736719e-04		4.2726186e-04
2.2400000e+02		2.2500000e+02		2.2450000e+02		1.4154944e+01		1.0836829e-03		2.0616753e-03		1.2952656e-03		5.0061005e-04		7.9465551e-04
2.2500000e+02		2.2600000e+02		2.2550000e+02		1.2365614e+01		2.0090400e-03		3.9213110e-03		2.5073815e-03		1.1790887e-03		1.3282928e-03
2.2600000e+02		2.2700000e+02		2.2650000e+02		9.0577089e+00		2.9852108e-03		5.9792631e-03		3.8929500e-03		2.1477342e-03		1.7452159e-03
2.2700000e+02		2.2800000e+02		2.2750000e+02		8.8108381e+00		5.8626935e-03		1.2016610e-02		7.9777244e-03		5.0042169e-03		2.9735075e-03
2.2800000e+02		2.2900000e+02		2.2850000e+02		1.2275156e+01		1.5528090e-02		3.2363093e-02		2.1897121e-02		1.5069289e-02		6.8278317e-03
2.2900000e+02		2.3000000e+02		2.2950000e+02		1.1031259e+01		2.5867099e-02		5.4591482e-02		3.7645575e-02		2.7868172e-02		9.7774026e-03
2.3000000e+02		2.3100000e+02		2.3050000e+02		1.2510180e+01		5.3321794e-02		1.1360794e-01		7.9841935e-02		6.2747328e-02		1.7094607e-02
2.3100000e+02		2.3200000e+02		2.3150000e+02		1.1791833e+01		8.7408848e-02		1.8713676e-01		1.3386933e-01		1.0992669e-01		2.3942642e-02
2.3200000e+02		2.3300000e+02		2.3250000e+02		1.2664003e+01		1.5274042e-01		3.2747027e-01		2.3793618e-01		2.0157533e-01		3.6360855e-02
2.3300000e+02		2.3400000e+02		2.3350000e+02		1.1428554e+01		2.1365197e-01		4.5822396e-01		3.3765951e-01		2.9340498e-01		4.4254521e-02
2.3400000e+02		2.3500000e+02		2.3450000e+02		9.9864853e+00		2.7833149e-01		5.9621035e-01		4.4494884e-01		3.9422088e-01		5.0727962e-02
2.3500000e+02		2.3600000e+02		2.3550000e+02		1.3443360e+01		5.3844090e-01		1.1511679e+00		8.6896966e-01		7.8203945e-01		8.6930216e-02
2.3600000e+02		2.3700000e+02		2.3650000e+02		1.2448020e+01		6.9750112e-01		1.4867645e+00		1.1339291e+00		1.0325997e+00		1.0132940e-01
2.3700000e+02		2.3800000e+02		2.3750000e+02		1.3294723e+01		1.0046108e+00		2.1350151e+00		1.6431698e+00		1.5108470e+00		1.3232286e-01
2.3800000e+02		2.3900000e+02		2.3850000e+02		1.1021422e+01		1.0871615e+00		2.3036436e+00		1.7870869e+00		1.6560411e+00		1.3104573e-01
2.3900000e+02		2.4000000e+02		2.3950000e+02		1.2008577e+01		1.4979249e+00		3.1653754e+00		2.4725563e+00		2.3060028e+00		1.6655357e-01
2.4000000e+02		2.4100000e+02		2.4050000e+02		1.1032163e+01		1.6947985e+00		3.5730087e+00		2.8079024e+00		2.6336320e+00		1.7427035e-01
2.4100000e+02		2.4200000e+02		2.4150000e+02		1.2918879e+01		2.3838841e+00		5.0139592e+00		3.9607255e+00		3.7308467e+00		2.2987878e-01
2.4200000e+02		2.4300000e+02		2.4250000e+02		1.7782729e+01		3.8691383e+00		8.1208201e+00		6.4443435e+00		6.0930009e+00		3.5134255e-01
2.4300000e+02		2.4400000e+02		2.4350000e+02		1.6701989e+01		4.1947227e+00		8.7877128e+00		7.0008164e+00		6.6392888e+00		3.6152756e-01
2.4400000e+02		2.4500000e+02		2.4450000e+02		1.5641720e+01		4.4526259e+00		9.3123537e+00		7.4435640e+00		7.0766355e+00		3.6692848e-01
2.4500000e+02		2.4600000e+02		2.4550000e+02		1.2691134e+01		4.0417451e+00		8.4410339e+00		6.7670981e+00		6.4482546e+00		3.1884355e-01
2.4600000e+02		2.4700000e+02		2.4650000e+02		1.2350906e+01		4.3388867e+00		9.0486438e+00		7.2723450e+00		6.9406369e+00		3.3170808e-01
2.4700000e+02		2.4800000e+02		2.4750000e+02		1.3639226e+01		5.2163996e+00		1.0867621e+01		8.7534699e+00		8.3687983e+00		3.8467161e-01
2.4800000e+02		2.4900000e+02		2.4850000e+02		1.0938846e+01		4.5055035e+00		9.3782901e+00		7.5682525e+00		7.2465420e+00		3.2171050e-01
2.4900000e+02		2.5000000e+02		2.4950000e+02		1.3333262e+01		5.8528686e+00		1.2172092e+01		9.8385025e+00		9.4301111e+00		4.0839143e-01
2.5000000e+02		2.5100000e+02		2.5050000e+02		1.4401571e+01		6.6683014e+00		1.3857076e+01		1.1215314e+01		1.0758347e+01		4.5696663e-01
2.5100000e+02		2.5200000e+02		2.5150000e+02		1.2007424e+01		5.8056551e+00		1.2056501e+01		9.7686292e+00		9.3764973e+00		3.9213185e-01
2.5200000e+02		2.5300000e+02		2.5250000e+02		1.0794009e+01		5.4103270e+00		1.1229632e+01		9.1071088e+00		8.7466796e+00		3.6042918e-01
2.5300000e+02		2.5400000e+02		2.5350000e+02		1.3602371e+01		7.0297018e+00		1.4582937e+01		1.1835835e+01		1.1371433e+01		4.6440195e-01
2.5400000e+02		2.5500000e+02		2.5450000e+02		1.5384114e+01		8.1508846e+00		1.6901995e+01		1.3727225e+01		1.3193763e+01		5.3346209e-01
2.5500000e+02		2.5600000e+02		2.5550000e+02		2.0992062e+01		1.1364080e+01		2.3554280e+01		1.9140826e+01		1.8399977e+01		7.4084848e-01
2.5600000e+02		2.5700000e+02		2.5650000e+02		2.7040612e+01		1.4911975e+01		3.0893894e+01		2.5117449e+01		2.4146413e+01		9.7103670e-01
2.5700000e+02		2.5800000e+02		2.5750000e+02		3.3946512e+01		1.9005910e+01		3.9361018e+01		3.2015102e+01		3.0780079e+01		1.2350231e+00
2.5800000e+02		2.5900000e+02		2.5850000e+02		3.5732434e+01		2.0249030e+01		4.1925896e+01		3.4114455e+01		3.2805948e+01		1.3085071e+00
2.5900000e+02		2.6000000e+02		2.5950000e+02		3.0409976e+01		1.6756331e+01		3.4691184e+01		2.8212762e+01		2.7106206e+01		1.1065561e+00
2.6000000e+02		2.6100000e+02		2.6050000e+02		2.4915606e+01		1.3397218e+01		2.7734164e+01		2.2544660e+01		2.1643080e+01		9.0158050e-01
2.6100000e+02		2.6200000e+02		2.6150000e+02		2.5442742e+01		1.3763867e+01		2.8488181e+01		2.3163411e+01		2.2239560e+01		9.2385087e-01
2.6200000e+02		2.6300000e+02		2.6250000e+02		3.0366547e+01		1.6578411e+01		3.4304173e+01		2.7900550e+01		2.6788469e+01		1.1120809e+00
2.6300000e+02		2.6400000e+02		2.6350000e+02		4.5700096e+01		2.4944390e+01		5.1602234e+01		4.1972584e+01		4.0289140e+01		1.6834435e+00
2.6400000e+02		2.6500000e+02		2.6450000e+02		7.1249372e+01		3.9614727e+01		8.1917502e+01		6.6662604e+01		6.3995964e+01		2.6666398e+00
2.6500000e+02		2.6600000e+02		2.6550000e+02		7.4731454e+01		4.1676486e+01		8.6165410e+01		7.0130966e+01		6.7324021e+01		2.8069445e+00
2.6600000e+02		2.6700000e+02		2.6650000e+02		7.2446611e+01		4.0480414e+01		8.3664654e+01		6.8102052e+01		6.5353497e+01		2.7485546e+00
2.6700000e+02		2.6800000e+02		2.6750000e+02		7.2937204e+01		4.1158722e+01		8.5050465e+01		6.9252216e+01		6.6469920e+01		2.7822964e+00
2.6800000e+02		2.6900000e+02		2.6850000e+02		7.2239021e+01		4.1105715e+01		8.4921479e+01		6.9165802e+01		6.6390879e+01		2.7749237e+00
2.6900000e+02		2.7000000e+02		2.6950000e+02		6.7758000e+01		3.8528579e+01		7.9572031e+01		6.4810696e+01		6.2184155e+01		2.6265404e+00
2.7000000e+02		2.7100000e+02		2.7050000e+02		7.8281462e+01		4.4699463e+01		9.2289074e+01		7.5179700e+01		7.2117016e+01		3.0626844e+00
2.7100000e+02		2.7200000e+02		2.7150000e+02		6.5051220e+01		3.6959959e+01		7.6311709e+01		6.2165165e+01		5.9636159e+01		2.5290063e+00
2.7200000e+02		2.7300000e+02		2.7250000e+02		5.2331568e+01		3.0110255e+01		6.2144662e+01		5.0640463e+01		4.8574995e+01		2.0654688e+00
2.7300000e+02		2.7400000e+02		2.7350000e+02		5.5800645e+01		3.2179628e+01		6.6404536e+01		5.4118763e+01		5.1908550e+01		2.2102122e+00
2.7400000e+02		2.7500000e+02		2.7450000e+02		3.8398649e+01		2.2188969e+01		4.5780402e+01		3.7314854e+01		3.5788228e+01		1.5266259e+00
2.7500000e+02		2.7600000e+02		2.7550000e+02		5.1208696e+01		2.9409587e+01		6.0672328e+01		4.9450249e+01		4.7416715e+01		2.0335341e+00
2.7600000e+02		2.7700000e+02		2.7650000e+02		7.1318275e+01		4.1139302e+01		8.4847024e+01		6.9163541e+01		6.6306062e+01		2.8574787e+00
2.7700000e+02		2.7800000e+02		2.7750000e+02		6.8188493e+01		3.9600023e+01		8.1668404e+01		6.6589573e+01		6.3857961e+01		2.7316115e+00
2.7800000e+02		2.7900000e+02		2.7850000e+02		4.7024496e+01		2.7367920e+01		5.6432581e+01		4.6018511e+01		4.4127773e+01		1.8907380e+00
2.7900000e+02		2.8000000e+02		2.7950000e+02		2.6422560e+01		1.5341073e+01		3.1626468e+01		2.5789927e+01		2.4722255e+01		1.0676727e+00
2.8000000e+02		2.8100000e+02		2.8050000e+02		2.8982131e+01		1.6785989e+01		3.4598308e+01		2.8213129e+01		2.7036903e+01		1.1762263e+00
2.8100000e+02		2.8200000e+02		2.8150000e+02		6.0033324e+01		3.4933037e+01		7.1985659e+01		5.8709585e+01		5.6255918e+01		2.4536672e+00
2.8200000e+02		2.8300000e+02		2.8250000e+02		8.1733762e+01		4.7716925e+01		9.8309350e+01		8.0188557e+01		7.6828706e+01		3.3598508e+00
2.8300000e+02		2.8400000e+02		2.8350000e+02		8.4433091e+01		4.9418919e+01		1.0179395e+02		8.3039338e+01		7.9546765e+01		3.4925734e+00
2.8400000e+02		2.8500000e+02		2.8450000e+02		6.2255376e+01		3.6560609e+01		7.5304860e+01		6.1440787e+01		5.8867131e+01		2.5736552e+00
2.8500000e+02		2.8600000e+02		2.8550000e+02		4.0018063e+01		2.3488609e+01		4.8374870e+01		3.9470853e+01		3.7814397e+01		1.6564562e+00
2.8600000e+02		2.8700000e+02		2.8650000e+02		8.2001717e+01		4.8313531e+01		9.9474854e+01		8.1174356e+01		7.7749546e+01		3.4248098e+00
2.8700000e+02		2.8800000e+02		2.8750000e+02		9.5189148e+01		5.5971567e+01		1.1523861e+02		9.4041224e+01		9.0073776e+01		3.9674479e+00
2.8800000e+02		2.8900000e+02		2.8850000e+02		9.0460934e+01		5.3242844e+01		1.0959485e+02		8.9440174e+01		8.5643804e+01		3.7963705e+00
2.8900000e+02		2.9000000e+02		2.8950000e+02		1.3728321e+02		8.0463763e+01		1.6563648e+02		1.3517594e+02		1.2945041e+02		5.7255357e+00
2.9000000e+02		2.9100000e+02		2.9050000e+02		1.8023325e+02		1.0539569e+02		2.1692072e+02		1.7702628e+02		1.6947981e+02		7.5464741e+00
2.9100000e+02		2.9200000e+02		2.9150000e+02		1.7359450e+02		1.0171311e+02		2.0929493e+02		1.7081568e+02		1.6349843e+02		7.3172482e+00
2.9200000e+02		2.9300000e+02		2.9250000e+02		1.5421676e+02		9.0846663e+01		1.8689085e+02		1.5255347e+02		1.4599986e+02		6.5536025e+00
2.9300000e+02		2.9400000e+02		2.9350000e+02		1.6099986e+02		9.5469302e+01		1.9637531e+02		1.6032825e+02		1.5345792e+02		6.8703325e+00
2.9400000e+02		2.9500000e+02		2.9450000e+02		1.4991794e+02		8.7840699e+01		1.8067556e+02		1.4747817e+02		1.4110377e+02		6.3743977e+00
2.9500000e+02		2.9600000e+02		2.9550000e+02		1.6232431e+02		9.6125255e+01		1.9768804e+02		1.6141258e+02		1.5447147e+02		6.9411084e+00
2.9600000e+02		2.9700000e+02		2.9650000e+02		1.4851381e+02		8.8611782e+01		1.8220195e+02		1.4879903e+02		1.4240455e+02		6.3944799e+00
2.9700000e+02		2.9800000e+02		2.9750000e+02		1.5140866e+02		9.0056031e+01		1.8514020e+02		1.5119202e+02		1.4464931e+02		6.5427134e+00
2.9800000e+02		2.9900000e+02		2.9850000e+02		1.3012850e+02		7.7150978e+01		1.5862308e+02		1.2953969e+02		1.2395303e+02		5.5866655e+00
2.9900000e+02		3.0000000e+02		2.9950000e+02		1.4682541e+02		8.7075939e+01		1.7896382e+02		1.4614886e+02		1.3976804e+02		6.3808226e+00
3.0000000e+02		3.0100000e+02		3.0050000e+02		1.1681452e+02		6.9515349e+01		1.4287824e+02		1.1669911e+02		1.1163797e+02		5.0611396e+00
3.0100000e+02		3.0200000e+02		3.0150000e+02		1.3434477e+02		7.9944689e+01		1.6428311e+02		1.3418479e+02		1.2833345e+02		5.8513344e+00
3.0200000e+02		3.0300000e+02		3.0250000e+02		1.4142283e+02		8.4436538e+01		1.7349081e+02		1.4172169e+02		1.3553811e+02		6.1835704e+00
3.0300000e+02		3.0400000e+02		3.0350000e+02		1.8342160e+02		1.0887623e+02		2.2368606e+02		1.8270792e+02		1.7468765e+02		8.0202696e+00
3.0400000e+02		3.0500000e+02		3.0450000e+02		1.7556728e+02		1.0517225e+02		2.1604670e+02		1.7651253e+02		1.6879292e+02		7.7196126e+00
3.0500000e+02		3.0600000e+02		3.0550000e+02		1.7728071e+02		1.0656347e+02		2.1887433e+02		1.7884234e+02		1.7101364e+02		7.8286985e+00
3.0600000e+02		3.0700000e+02		3.0650000e+02		1.6814926e+02		1.0140897e+02		2.0826168e+02		1.7018959e+02		1.6273669e+02		7.4529002e+00
3.0700000e+02		3.0800000e+02		3.0750000e+02		1.8878816e+02		1.1296763e+02		2.3199186e+02		1.8955656e+02		1.8121137e+02		8.3451957e+00
3.0800000e+02		3.0900000e+02		3.0850000e+02		1.8529086e+02		1.1126651e+02		2.2844760e+02		1.8667733e+02		1.7842393e+02		8.2534060e+00
3.0900000e+02		3.1000000e+02		3.0950000e+02		1.5026991e+02		9.0618537e+01		1.8606874e+02		1.5207500e+02		1.4540755e+02		6.6674501e+00
3.1000000e+02		3.1100000e+02		3.1050000e+02		1.8913229e+02		1.1370934e+02		2.3344280e+02		1.9078317e+02		1.8235864e+02		8.4245306e+00
3.1100000e+02		3.1200000e+02		3.1150000e+02		2.2495083e+02		1.3572185e+02		2.7859154e+02		2.2770515e+02		2.1763482e+02		1.0070323e+01
3.1200000e+02		3.1300000e+02		3.1250000e+02		2.0030306e+02		1.2007598e+02		2.4645793e+02		2.0141832e+02		1.9245803e+02		8.9602888e+00
3.1300000e+02		3.1400000e+02		3.1350000e+02		2.1331645e+02		1.2920305e+02		2.6516530e+02		2.1676685e+02		2.0717817e+02		9.5886841e+00
3.1400000e+02		3.1500000e+02		3.1450000e+02		2.0119548e+02		1.2136971e+02		2.4905991e+02		2.0358657e+02		1.9452719e+02		9.0593838e+00
3.1500000e+02		3.1600000e+02		3.1550000e+02		1.9522773e+02		1.1721206e+02		2.4052226e+02		1.9659483e+02		1.8782165e+02		8.7731848e+00
3.1600000e+02		3.1700000e+02		3.1650000e+02		1.9043254e+02		1.1389111e+02		2.3368943e+02		1.9099854e+02		1.8243815e+02		8.5603896e+00
3.1700000e+02		3.1800000e+02		3.1750000e+02		2.4155434e+02		1.4526549e+02		2.9800184e+02		2.4359394e+02		2.3264761e+02		1.0946325e+01
3.1800000e+02		3.1900000e+02		3.1850000e+02		1.9952276e+02		1.1974529e+02		2.4566097e+02		2.0081249e+02		1.9180706e+02		9.0054340e+00
3.1900000e+02		3.2000000e+02		3.1950000e+02		2.1430874e+02		1.2838768e+02		2.6334336e+02		2.1525842e+02		2.0553837e+02		9.7200487e+00
3.2000000e+02		3.2100000e+02		3.2050000e+02		2.4621307e+02		1.4844880e+02		3.0447063e+02		2.4892256e+02		2.3772347e+02		1.1199085e+01
3.2100000e+02		3.2200000e+02		3.2150000e+02		2.0677326e+02		1.2181478e+02		2.4987932e+02		2.0419441e+02		1.9491229e+02		9.2821234e+00
3.2200000e+02		3.2300000e+02		3.2250000e+02		2.0765168e+02		1.2544954e+02		2.5726678e+02		2.1035469e+02		2.0088773e+02		9.4669588e+00
3.2300000e+02		3.2400000e+02		3.2350000e+02		2.0066974e+02		1.2047426e+02		2.4706335e+02		2.0199091e+02		1.9287048e+02		9.1204376e+00
3.2400000e+02		3.2500000e+02		3.2450000e+02		2.3629853e+02		1.4187250e+02		2.9094174e+02		2.3787512e+02		2.2714463e+02		1.0730489e+01
3.2500000e+02		3.2600000e+02		3.2550000e+02		2.7209498e+02		1.5639524e+02		3.2083362e+02		2.6207228e+02		2.5003454e+02		1.2037732e+01
3.2600000e+02		3.2700000e+02		3.2650000e+02		3.0699214e+02		1.8540291e+02		3.8012118e+02		3.1084262e+02		2.9679353e+02		1.4049089e+01
3.2700000e+02		3.2800000e+02		3.2750000e+02		2.9701525e+02		1.7888889e+02		3.6675093e+02		2.9989986e+02		2.8631502e+02		1.3584835e+01
3.2800000e+02		3.2900000e+02		3.2850000e+02		2.8673370e+02		1.7223440e+02		3.5309139e+02		2.8872053e+02		2.7560916e+02		1.3111376e+01
3.2900000e+02		3.3000000e+02		3.2950000e+02		3.3379807e+02		1.9902642e+02		4.0794540e+02		3.3351400e+02		3.1820104e+02		1.5312961e+01
3.3000000e+02		3.3100000e+02		3.3050000e+02		3.1443449e+02		1.8369644e+02		3.7658386e+02		3.0774821e+02		2.9350965e+02		1.4238561e+01
3.3100000e+02		3.3200000e+02		3.3150000e+02		3.0087994e+02		1.8414563e+02		3.7732608e+02		3.0867698e+02		2.9464432e+02		1.4032652e+01
3.3200000e+02		3.3300000e+02		3.3250000e+02		2.9519831e+02		1.7980998e+02		3.6847561e+02		3.0142176e+02		2.8773656e+02		1.3685206e+01
3.3300000e+02		3.3400000e+02		3.3350000e+02		2.8364288e+02		1.7244633e+02		3.5329942e+02		2.8898773e+02		2.7573992e+02		1.3247812e+01
3.3400000e+02		3.3500000e+02		3.3450000e+02		2.9883003e+02		1.8074926e+02		3.7031619e+02		3.0288264e+02		2.8897068e+02		1.3911960e+01
3.3500000e+02		3.3600000e+02		3.3550000e+02		2.9511053e+02		1.7858006e+02		3.6587209e+02		2.9926304e+02		2.8553899e+02		1.3724047e+01
3.3600000e+02		3.3700000e+02		3.3650000e+02		2.4313126e+02		1.4709702e+02		3.0134527e+02		2.4648728e+02		2.3515986e+02		1.1327415e+01
3.3700000e+02		3.3800000e+02		3.3750000e+02		2.5649874e+02		1.5562248e+02		3.1881816e+02		2.6080827e+02		2.4887225e+02		1.1936019e+01
3.3800000e+02		3.3900000e+02		3.3850000e+02		2.7748673e+02		1.6934501e+02		3.4690610e+02		2.8383088e+02		2.7087647e+02		1.2954407e+01
3.3900000e+02		3.4000000e+02		3.3950000e+02		2.9040264e+02		1.7655067e+02		3.6160796e+02		2.9583133e+02		2.8222108e+02		1.3610251e+01
3.4000000e+02		3.4100000e+02		3.4050000e+02		3.0654056e+02		1.8463413e+02		3.7821568e+02		3.0936999e+02		2.9512821e+02		1.4241785e+01
3.4100000e+02		3.4200000e+02		3.4150000e+02		2.7979685e+02		1.6164322e+02		3.3120409e+02		2.7066791e+02		2.5795520e+02		1.2712711e+01
3.4200000e+02		3.4300000e+02		3.4250000e+02		3.0344565e+02		1.8261948e+02		3.7397197e+02		3.0588970e+02		2.9166047e+02		1.4229235e+01
3.4300000e+02		3.4400000e+02		3.4350000e+02		2.9822260e+02		1.7583969e+02		3.6010444e+02		2.9441465e+02		2.8055136e+02		1.3863290e+01
3.4400000e+02		3.4500000e+02		3.4450000e+02		2.3986676e+02		1.4439218e+02		2.9566214e+02		2.4184916e+02		2.3058570e+02		1.1263459e+01
3.4500000e+02		3.4600000e+02		3.4550000e+02		2.8907088e+02		1.7240500e+02		3.5304970e+02		2.8874216e+02		2.7525668e+02		1.3485477e+01
3.4600000e+02		3.4700000e+02		3.4650000e+02		2.8069735e+02		1.6678842e+02		3.4149289e+02		2.7926277e+02		2.6611717e+02		1.3145603e+01
3.4700000e+02		3.4800000e+02		3.4750000e+02		2.7782009e+02		1.6309234e+02		3.3398141e+02		2.7306001e+02		2.6018631e+02		1.2873700e+01
3.4800000e+02		3.4900000e+02		3.4850000e+02		2.8744416e+02		1.7690107e+02		3.6210980e+02		2.9637538e+02		2.8267925e+02		1.3696132e+01
3.4900000e+02		3.5000000e+02		3.4950000e+02		2.7550877e+02		1.6977659e+02		3.4752772e+02		2.8445870e+02		2.7134077e+02		1.3117928e+01
3.5000000e+02		3.5100000e+02		3.5050000e+02		3.3002358e+02		2.0085339e+02		4.1117458e+02		3.3647137e+02		3.2087557e+02		1.5595797e+01
3.5100000e+02		3.5200000e+02		3.5150000e+02		3.0660572e+02		1.8740889e+02		3.8354674e+02		3.1388313e+02		2.9924126e+02		1.4641872e+01
3.5200000e+02		3.5300000e+02		3.5250000e+02		2.8324198e+02		1.7264863e+02		3.5338059e+02		2.8919396e+02		2.7574920e+02		1.3444750e+01
3.5300000e+02		3.5400000e+02		3.5350000e+02		3.2405327e+02		2.0026523e+02		4.0988964e+02		3.3555641e+02		3.2010236e+02		1.5454042e+01
3.5400000e+02		3.5500000e+02		3.5450000e+02		3.4586270e+02		2.1311638e+02		4.3612186e+02		3.5700238e+02		3.4043792e+02		1.6564456e+01
3.5500000e+02		3.5600000e+02		3.5550000e+02		3.2478382e+02		2.0003792e+02		4.0935813e+02		3.3509984e+02		3.1955994e+02		1.5539903e+01
3.5600000e+02		3.5700000e+02		3.5650000e+02		2.8234357e+02		1.7245285e+02		3.5303925e+02		2.8897569e+02		2.7569600e+02		1.3279685e+01
3.5700000e+02		3.5800000e+02		3.5750000e+02		2.4674321e+02		1.5008577e+02		3.0714010e+02		2.5136396e+02		2.3962677e+02		1.1737197e+01
3.5800000e+02		3.5900000e+02		3.5850000e+02		2.1181106e+02		1.2992222e+02		2.6581432e+02		2.1758050e+02		2.0740171e+02		1.0178791e+01
3.5900000e+02		3.6000000e+02		3.5950000e+02		3.0582840e+02		1.8558531e+02		3.7981273e+02		3.1084371e+02		2.9636455e+02		1.4479161e+01
3.6000000e+02		3.6100000e+02		3.6050000e+02		3.0178862e+02		1.8422228e+02		3.7692623e+02		3.0851499e+02		2.9407970e+02		1.4435292e+01
3.6100000e+02		3.6200000e+02		3.6150000e+02		2.8033735e+02		1.6620434e+02		3.4011598e+02		2.7820584e+02		2.6499840e+02		1.3207439e+01
3.6200000e+02		3.6300000e+02		3.6250000e+02		3.1645921e+02		1.8180650e+02		3.7208399e+02		3.0413578e+02		2.8943418e+02		1.4701601e+01
3.6300000e+02		3.6400000e+02		3.6350000e+02		3.0810145e+02		1.7982471e+02		3.6800682e+02		3.0092398e+02		2.8652396e+02		1.4400024e+01
3.6400000e+02		3.6500000e+02		3.6450000e+02		3.2221950e+02		1.7197101e+02		3.5212723e+02		2.8734262e+02		2.7297217e+02		1.4370453e+01
3.6500000e+02		3.6600000e+02		3.6550000e+02		3.6674574e+02		2.0279964e+02		4.1508010e+02		3.3898912e+02		3.2222778e+02		1.6761342e+01
3.6600000e+02		3.6700000e+02		3.6650000e+02		3.9198946e+02		1.9842642e+02		4.0640036e+02		3.3121856e+02		3.1418959e+02		1.7028975e+01
3.6700000e+02		3.6800000e+02		3.6750000e+02		3.7850004e+02		1.9269224e+02		3.9470570e+02		3.2175278e+02		3.0536053e+02		1.6392255e+01
3.6800000e+02		3.6900000e+02		3.6850000e+02		3.4895620e+02		1.4855893e+02		3.0462533e+02		2.4721897e+02		2.3343216e+02		1.3786809e+01
3.6900000e+02		3.7000000e+02		3.6950000e+02		3.8736224e+02		1.7595772e+02		3.6074744e+02		2.9327098e+02		2.7756615e+02		1.5704832e+01
3.7000000e+02		3.7100000e+02		3.7050000e+02		3.6351013e+02		2.2955741e+02		4.6932431e+02		3.8447640e+02		3.6654227e+02		1.7934127e+01
3.7100000e+02		3.7200000e+02		3.7150000e+02		3.7529261e+02		2.3702262e+02		4.8466686e+02		3.9707164e+02		3.7868007e+02		1.8391577e+01
3.7200000e+02		3.7300000e+02		3.7250000e+02		3.1177186e+02		1.9655652e+02		4.0202347e+02		3.2937944e+02		3.1426240e+02		1.5117038e+01
3.7300000e+02		3.7400000e+02		3.7350000e+02		2.7192112e+02		1.7155152e+02		3.5083576e+02		2.8744387e+02		2.7420424e+02		1.3239630e+01
3.7400000e+02		3.7500000e+02		3.7450000e+02		2.7832167e+02		1.7607985e+02		3.5994268e+02		2.9489974e+02		2.8113090e+02		1.3768848e+01
3.7500000e+02		3.7600000e+02		3.7550000e+02		3.1876744e+02		2.0145663e+02		4.1188228e+02		3.3746549e+02		3.2180042e+02		1.5665078e+01
3.7600000e+02		3.7700000e+02		3.7650000e+02		3.3048657e+02		2.0877944e+02		4.2688244e+02		3.4976475e+02		3.3357483e+02		1.6189919e+01
3.7700000e+02		3.7800000e+02		3.7750000e+02		3.8770864e+02		2.4519615e+02		5.0125950e+02		4.1070728e+02		3.9160355e+02		1.9103732e+01
3.7800000e+02		3.7900000e+02		3.7850000e+02		4.0380398e+02		2.5543310e+02		5.2216647e+02		4.2784428e+02		4.0792924e+02		1.9915044e+01
3.7900000e+02		3.8000000e+02		3.7950000e+02		3.2744385e+02		2.0690395e+02		4.2303139e+02		3.4662866e+02		3.3059221e+02		1.6036451e+01
3.8000000e+02		3.8100000e+02		3.8050000e+02		3.5656330e+02		2.2538132e+02		4.6077658e+02		3.7756148e+02		3.6006214e+02		1.7499346e+01
3.8100000e+02		3.8200000e+02		3.8150000e+02		3.2019140e+02		2.0328952e+02		4.1533868e+02		3.4031525e+02		3.2420638e+02		1.6108877e+01
3.8200000e+02		3.8300000e+02		3.8250000e+02		2.2964197e+02		1.4511828e+02		2.9669452e+02		2.4312214e+02		2.3187964e+02		1.1242505e+01
3.8300000e+02		3.8400000e+02		3.8350000e+02		2.0267593e+02		1.2830982e+02		2.6225432e+02		2.1489884e+02		2.0487181e+02		1.0027028e+01
3.8400000e+02		3.8500000e+02		3.8450000e+02		2.7111947e+02		1.7169933e+02		3.5091833e+02		2.8755636e+02		2.7412068e+02		1.3435685e+01
3.8500000e+02		3.8600000e+02		3.8550000e+02		2.8715912e+02		1.8155542e+02		3.7114937e+02		3.0414657e+02		2.9005376e+02		1.4092802e+01
3.8600000e+02		3.8700000e+02		3.8650000e+02		2.8837692e+02		1.8287436e+02		3.7368015e+02		3.0621328e+02		2.9182303e+02		1.4390251e+01
3.8700000e+02		3.8800000e+02		3.8750000e+02		2.8805300e+02		1.8244189e+02		3.7285827e+02		3.0554982e+02		2.9127648e+02		1.4273343e+01
3.8800000e+02		3.8900000e+02		3.8850000e+02		2.9209390e+02		1.8487548e+02		3.7787112e+02		3.0966607e+02		2.9525771e+02		1.4408360e+01
3.8900000e+02		3.9000000e+02		3.8950000e+02		3.5069332e+02		2.2210008e+02		4.5390934e+02		3.7198233e+02		3.5462521e+02		1.7357121e+01
3.9000000e+02		3.9100000e+02		3.9050000e+02		3.6838836e+02		2.3391564e+02		4.7787320e+02		3.9161345e+02		3.7311704e+02		1.8496413e+01
3.9100000e+02		3.9200000e+02		3.9150000e+02		3.9613874e+02		2.5099824e+02		5.1292239e+02		4.2035442e+02		4.0070102e+02		1.9653402e+01
3.9200000e+02		3.9300000e+02		3.9250000e+02		3.0403432e+02		1.9244557e+02		3.9333549e+02		3.2235995e+02		3.0738073e+02		1.4979220e+01
3.9300000e+02		3.9400000e+02		3.9350000e+02		1.8639471e+02		1.1807047e+02		2.4128621e+02		1.9774772e+02		1.8851840e+02		9.2293144e+00
3.9400000e+02		3.9500000e+02		3.9450000e+02		3.0813115e+02		1.9473462e+02		3.9809722e+02		3.2627922e+02		3.1123787e+02		1.5041352e+01
3.9500000e+02		3.9600000e+02		3.9550000e+02		3.7840801e+02		2.4058069e+02		4.9138211e+02		4.0270808e+02		3.8359754e+02		1.9110543e+01
3.9600000e+02		3.9700000e+02		3.9650000e+02		2.6140326e+02		1.6582941e+02		3.3880674e+02		2.7767772e+02		2.6463594e+02		1.3041782e+01
3.9700000e+02		3.9800000e+02		3.9750000e+02		2.9300657e+02		1.8577426e+02		3.7958494e+02		3.1110531e+02		2.9653645e+02		1.4568864e+01
3.9800000e+02		3.9900000e+02		3.9850000e+02		4.5124719e+02		2.8619375e+02		5.8472495e+02		4.7923923e+02		4.5675052e+02		2.2488712e+01
3.9900000e+02		4.0000000e+02		3.9950000e+02		4.9846141e+02		3.1576045e+02		6.4522807e+02		5.2884108e+02		5.0415418e+02		2.4686898e+01
4.0000000e+02		4.0100000e+02		4.0050000e+02		5.1407199e+02		3.2613411e+02		6.6630790e+02		5.4612112e+02		5.2049486e+02		2.5626259e+01
4.0100000e+02		4.0200000e+02		4.0150000e+02		5.3860814e+02		3.4165841e+02		6.9804577e+02		5.7214524e+02		5.4533770e+02		2.6807540e+01
4.0200000e+02		4.0300000e+02		4.0250000e+02		5.4526519e+02		3.4499174e+02		7.0511731e+02		5.7796956e+02		5.5123143e+02		2.6738132e+01
4.0300000e+02		4.0400000e+02		4.0350000e+02		5.2165796e+02		3.3145391e+02		6.7701636e+02		5.5491069e+02		5.2870442e+02		2.6206264e+01
4.0400000e+02		4.0500000e+02		4.0450000e+02		5.1300620e+02		3.2619726e+02		6.6620031e+02		5.4604696e+02		5.2016998e+02		2.5876986e+01
4.0500000e+02		4.0600000e+02		4.0550000e+02		5.1256585e+02		3.2468603e+02		6.6348455e+02		5.4385683e+02		5.1856369e+02		2.5293142e+01
4.0600000e+02		4.0700000e+02		4.0650000e+02		4.9035274e+02		3.0997367e+02		6.3360987e+02		5.1939016e+02		4.9548473e+02		2.3905424e+01
4.0700000e+02		4.0800000e+02		4.0750000e+02		4.9838294e+02		3.1566862e+02		6.4506397e+02		5.2877226e+02		5.0420862e+02		2.4563634e+01
4.0800000e+02		4.0900000e+02		4.0850000e+02		5.2990289e+02		3.3663027e+02		6.8759290e+02		5.6361816e+02		5.3705911e+02		2.6559054e+01
4.0900000e+02		4.1000000e+02		4.0950000e+02		5.2713439e+02		3.3440424e+02		6.8317710e+02		5.6001589e+02		5.3380290e+02		2.6212990e+01
4.1000000e+02		4.1100000e+02		4.1050000e+02		4.8293937e+02		3.0651024e+02		6.2615397e+02		5.1327654e+02		4.8921433e+02		2.4062211e+01
4.1100000e+02		4.1200000e+02		4.1150000e+02		5.5986852e+02		3.5543277e+02		7.2606295e+02		5.9517993e+02		5.6724787e+02		2.7932059e+01
4.1200000e+02		4.1300000e+02		4.1250000e+02		5.4940473e+02		3.4874438e+02		7.1240897e+02		5.8399529e+02		5.5660962e+02		2.7385667e+01
4.1300000e+02		4.1400000e+02		4.1350000e+02		5.2995399e+02		3.3617055e+02		6.8679021e+02		5.6300648e+02		5.3669958e+02		2.6306900e+01
4.1400000e+02		4.1500000e+02		4.1450000e+02		5.3771640e+02		3.4152148e+02		6.9759034e+02		5.7185698e+02		5.4497964e+02		2.6877341e+01
4.1500000e+02		4.1600000e+02		4.1550000e+02		5.3722776e+02		3.3956265e+02		6.9407559e+02		5.6901986e+02		5.4290159e+02		2.6118268e+01
4.1600000e+02		4.1700000e+02		4.1650000e+02		5.5745703e+02		3.5384965e+02		7.2282742e+02		5.9256384e+02		5.6480385e+02		2.7759992e+01
4.1700000e+02		4.1800000e+02		4.1750000e+02		5.0725322e+02		3.2272746e+02		6.5902738e+02		5.4025055e+02		5.1466516e+02		2.5585386e+01
4.1800000e+02		4.1900000e+02		4.1850000e+02		5.2601513e+02		3.3443379e+02		6.8299234e+02		5.5990680e+02		5.3347487e+02		2.6431934e+01
4.1900000e+02		4.2000000e+02		4.1950000e+02		5.3123875e+02		3.3706311e+02		6.8856841e+02		5.6450095e+02		5.3812370e+02		2.6377251e+01
4.2000000e+02		4.2100000e+02		4.2050000e+02		5.3797708e+02		3.4183615e+02		6.9816221e+02		5.7236066e+02		5.4542683e+02		2.6933822e+01
4.2100000e+02		4.2200000e+02		4.2150000e+02		5.2958361e+02		3.3618520e+02		6.8672092e+02		5.6299498e+02		5.3663769e+02		2.6357282e+01
4.2200000e+02		4.2300000e+02		4.2250000e+02		5.0190537e+02		3.1922592e+02		6.5189093e+02		5.3443184e+02		5.0918266e+02		2.5249180e+01
4.2300000e+02		4.2400000e+02		4.2350000e+02		5.3474862e+02		3.3988162e+02		6.9413967e+02		5.6907955e+02		5.4228811e+02		2.6791433e+01
4.2400000e+02		4.2500000e+02		4.2450000e+02		5.5328403e+02		3.5177600e+02		7.1839628e+02		5.8896962e+02		5.6120613e+02		2.7763483e+01
4.2500000e+02		4.2600000e+02		4.2550000e+02		5.3248014e+02		3.3849161e+02		6.9128036e+02		5.6674601e+02		5.4005571e+02		2.6690303e+01
4.2600000e+02		4.2700000e+02		4.2650000e+02		5.3029841e+02		3.3671071e+02		6.8776049e+02		5.6387519e+02		5.3747693e+02		2.6398255e+01
4.2700000e+02		4.2800000e+02		4.2750000e+02		4.9171747e+02		3.1217489e+02		6.3765117e+02		5.2279800e+02		4.9833964e+02		2.4458365e+01
4.2800000e+02		4.2900000e+02		4.2850000e+02		4.9494538e+02		3.1469038e+02		6.4264816e+02		5.2688955e+02		5.0206863e+02		2.4820915e+01
4.2900000e+02		4.3000000e+02		4.2950000e+02		4.6063718e+02		2.9276153e+02		5.9789979e+02		4.9020918e+02		4.6716617e+02		2.3043016e+01
4.3000000e+02		4.3100000e+02		4.3050000e+02		3.7055843e+02		2.3503095e+02		4.8014183e+02		3.9367618e+02		3.7535865e+02		1.8317529e+01
4.3100000e+02		4.3200000e+02		4.3150000e+02		4.5818753e+02		2.9141552e+02		5.9506339e+02		4.8788672e+02		4.6485583e+02		2.3030887e+01
4.3200000e+02		4.3300000e+02		4.3250000e+02		5.1625369e+02		3.2962842e+02		6.7273049e+02		5.5154279e+02		5.2505505e+02		2.6487740e+01
4.3300000e+02		4.3400000e+02		4.3350000e+02		5.6047485e+02		3.5486121e+02		7.2511594e+02		5.9456539e+02		5.6714620e+02		2.7419197e+01
4.3400000e+02		4.3500000e+02		4.3450000e+02		4.7595241e+02		3.0482492e+02		6.2180057e+02		5.0977364e+02		4.8491388e+02		2.4859762e+01
4.3500000e+02		4.3600000e+02		4.3550000e+02		5.3162725e+02		3.3717005e+02		6.8881506e+02		5.6479935e+02		5.3857671e+02		2.6222640e+01
4.3600000e+02		4.3700000e+02		4.3650000e+02		5.9481241e+02		3.7691945e+02		7.7008437e+02		6.3144759e+02		6.0222005e+02		2.9227541e+01
4.3700000e+02		4.3800000e+02		4.3750000e+02		5.2629983e+02		3.3564235e+02		6.8508197e+02		5.6170185e+02		5.3486252e+02		2.6839331e+01
4.3800000e+02		4.3900000e+02		4.3850000e+02		5.1257868e+02		3.2547680e+02		6.6478001e+02		5.4509551e+02		5.1962345e+02		2.5472063e+01
4.3900000e+02		4.4000000e+02		4.3950000e+02		5.7051902e+02		3.6337929e+02		7.4184482e+02		6.0826442e+02		5.7940442e+02		2.8859996e+01
4.4000000e+02		4.4100000e+02		4.4050000e+02		5.4089681e+02		3.4382465e+02		7.0213967e+02		5.7573027e+02		5.4869460e+02		2.7035674e+01
4.4100000e+02		4.4200000e+02		4.4150000e+02		5.9491633e+02		3.7782389e+02		7.7163171e+02		6.3271666e+02		6.0308277e+02		2.9633890e+01
4.4200000e+02		4.4300000e+02		4.4250000e+02		6.2544254e+02		3.9720623e+02		8.1118817e+02		6.6515198e+02		6.3396647e+02		3.1185515e+01
4.4300000e+02		4.4400000e+02		4.4350000e+02		6.0497206e+02		3.8402881e+02		7.8433702e+02		6.4314541e+02		6.1307645e+02		3.0068957e+01
4.4400000e+02		4.4500000e+02		4.4450000e+02		6.2324411e+02		3.9573023e+02		8.0815347e+02		6.6266774e+02		6.3158094e+02		3.1086802e+01
4.4500000e+02		4.4600000e+02		4.4550000e+02		5.7783999e+02		3.6721289e+02		7.4982875e+02		6.1484259e+02		5.8589816e+02		2.8944430e+01
4.4600000e+02		4.4700000e+02		4.4650000e+02		5.8940025e+02		3.7475303e+02		7.6521577e+02		6.2747178e+02		5.9793898e+02		2.9532793e+01
4.4700000e+02		4.4800000e+02		4.4750000e+02		6.3881895e+02		4.0651378e+02		8.2997913e+02		6.8057796e+02		6.4844280e+02		3.2135158e+01
4.4800000e+02		4.4900000e+02		4.4850000e+02		6.2805979e+02		4.0000474e+02		8.1659930e+02		6.6960730e+02		6.3788649e+02		3.1720804e+01
4.4900000e+02		4.5000000e+02		4.4950000e+02		6.3454704e+02		4.0307898e+02		8.2323728e+02		6.7508464e+02		6.4357231e+02		3.1512331e+01
4.5000000e+02		4.5100000e+02		4.5050000e+02		6.7325368e+02		4.2688750e+02		8.7204428e+02		7.1512794e+02		6.8198419e+02		3.3143746e+01
4.5100000e+02		4.5200000e+02		4.5150000e+02		6.7122600e+02		4.2713276e+02		8.7210148e+02		7.1514636e+02		6.8144749e+02		3.3698869e+01
4.5200000e+02		4.5300000e+02		4.5250000e+02		6.3541039e+02		4.0377469e+02		8.2457872e+02		6.7619467e+02		6.4455260e+02		3.1642070e+01
4.5300000e+02		4.5400000e+02		4.5350000e+02		6.0888666e+02		3.8728366e+02		7.9079824e+02		6.4849011e+02		6.1802109e+02		3.0469021e+01
4.5400000e+02		4.5500000e+02		4.5450000e+02		6.4999363e+02		4.1274263e+02		8.4297643e+02		6.9129869e+02		6.5907072e+02		3.2227971e+01
4.5500000e+02		4.5600000e+02		4.5550000e+02		6.4380306e+02		4.1002606e+02		8.3706368e+02		6.8642695e+02		6.5397153e+02		3.2455426e+01
4.5600000e+02		4.5700000e+02		4.5650000e+02		6.6853861e+02		4.2472095e+02		8.6737886e+02		7.1131625e+02		6.7809174e+02		3.3224506e+01
4.5700000e+02		4.5800000e+02		4.5750000e+02		6.7499745e+02		4.2984829e+02		8.7753950e+02		7.1963013e+02		6.8563118e+02		3.3998950e+01
4.5800000e+02		4.5900000e+02		4.5850000e+02		6.3439039e+02		4.0360710e+02		8.2408013e+02		6.7580409e+02		6.4402498e+02		3.1779107e+01
4.5900000e+02		4.6000000e+02		4.5950000e+02		6.5539586e+02		4.1665841e+02		8.5081417e+02		6.9773953e+02		6.6504508e+02		3.2694452e+01
4.6000000e+02		4.6100000e+02		4.6050000e+02		6.4752339e+02		4.1170737e+02		8.4069267e+02		6.8944305e+02		6.5712968e+02		3.2313370e+01
4.6100000e+02		4.6200000e+02		4.6150000e+02		6.6245412e+02		4.2069145e+02		8.5918486e+02		7.0462457e+02		6.7179297e+02		3.2831595e+01
4.6200000e+02		4.6300000e+02		4.6250000e+02		6.6901120e+02		4.2623816e+02		8.7009660e+02		7.1354629e+02		6.7977833e+02		3.3767957e+01
4.6300000e+02		4.6400000e+02		4.6350000e+02		6.4662616e+02		4.1089914e+02		8.3910554e+02		6.8816069e+02		6.5600785e+02		3.2152832e+01
4.6400000e+02		4.6500000e+02		4.6450000e+02		6.5795753e+02		4.1894866e+02		8.5527464e+02		7.0140521e+02		6.6829938e+02		3.3105836e+01
4.6500000e+02		4.6600000e+02		4.6550000e+02		6.3552746e+02		4.0409785e+02		8.2514650e+02		6.7671646e+02		6.4502255e+02		3.1693912e+01
4.6600000e+02		4.6700000e+02		4.6650000e+02		6.3955371e+02		4.0742459e+02		8.3169796e+02		6.8207535e+02		6.4983068e+02		3.2244667e+01
4.6700000e+02		4.6800000e+02		4.6750000e+02		6.4572639e+02		4.1101945e+02		8.3911640e+02		6.8816808e+02		6.5574070e+02		3.2427384e+01
4.6800000e+02		4.6900000e+02		4.6850000e+02		6.3145002e+02		4.0229434e+02		8.2119952e+02		6.7347079e+02		6.4161035e+02		3.1860437e+01
4.6900000e+02		4.7000000e+02		4.6950000e+02		6.4956875e+02		4.1279094e+02		8.4292668e+02		6.9131515e+02		6.5899536e+02		3.2319789e+01
4.7000000e+02		4.7100000e+02		4.7050000e+02		6.1381170e+02		3.9017780e+02		7.9671197e+02		6.5341383e+02		6.2282313e+02		3.0590696e+01
4.7100000e+02		4.7200000e+02		4.7150000e+02		6.4174114e+02		4.0835125e+02		8.3369002e+02		6.8373439e+02		6.5156350e+02		3.2170887e+01
4.7200000e+02		4.7300000e+02		4.7250000e+02		6.5742798e+02		4.1844927e+02		8.5426735e+02		7.0061161e+02		6.6760326e+02		3.3008350e+01
4.7300000e+02		4.7400000e+02		4.7350000e+02		6.4563741e+02		4.1078427e+02		8.3864476e+02		6.8780248e+02		6.5543212e+02		3.2370359e+01
4.7400000e+02		4.7500000e+02		4.7450000e+02		6.6512717e+02		4.2346649e+02		8.6448419e+02		7.0899881e+02		6.7557673e+02		3.3422084e+01
4.7500000e+02		4.7600000e+02		4.7550000e+02		6.6365303e+02		4.2211433e+02		8.6186390e+02		7.0686776e+02		6.7373384e+02		3.3133912e+01
4.7600000e+02		4.7700000e+02		4.7650000e+02		6.3952653e+02		4.0704430e+02		8.3101183e+02		6.8156225e+02		6.4951643e+02		3.2045819e+01
4.7700000e+02		4.7800000e+02		4.7750000e+02		6.6772274e+02		4.2498405e+02		8.6763971e+02		7.1160735e+02		6.7815800e+02		3.3449350e+01
4.7800000e+02		4.7900000e+02		4.7850000e+02		6.6128260e+02		4.2171625e+02		8.6071583e+02		7.0591327e+02		6.7241737e+02		3.3495900e+01
4.7900000e+02		4.8000000e+02		4.7950000e+02		6.6320839e+02		4.2252925e+02		8.6249929e+02		7.0738963e+02		6.7398689e+02		3.3402734e+01
4.8000000e+02		4.8100000e+02		4.8050000e+02		6.6489751e+02		4.2300912e+02		8.6367470e+02		7.0837280e+02		6.7517770e+02		3.3195100e+01
4.8100000e+02		4.8200000e+02		4.8150000e+02		6.6630748e+02		4.2315983e+02		8.6418146e+02		7.0880779e+02		6.7585033e+02		3.2957461e+01
4.8200000e+02		4.8300000e+02		4.8250000e+02		6.6376999e+02		4.2178391e+02		8.6130154e+02		7.0644420e+02		6.7351348e+02		3.2930723e+01
4.8300000e+02		4.8400000e+02		4.8350000e+02		6.5373157e+02		4.1647830e+02		8.5014098e+02		6.9726822e+02		6.6435606e+02		3.2912153e+01
4.8400000e+02		4.8500000e+02		4.8450000e+02		6.4242337e+02		4.0782430e+02		8.3291216e+02		6.8317342e+02		6.5148299e+02		3.1690422e+01
4.8500000e+02		4.8600000e+02		4.8550000e+02		6.0369332e+02		3.8403593e+02		7.8405576e+02		6.4308047e+02		6.1290597e+02		3.0174501e+01
4.8600000e+02		4.8700000e+02		4.8650000e+02		5.2412565e+02		3.3346219e+02		6.8080216e+02		5.5839692e+02		5.3220130e+02		2.6195623e+01
4.8700000e+02		4.8800000e+02		4.8750000e+02		5.9966111e+02		3.8105474e+02		7.7809401e+02		6.3820738e+02		6.0842968e+02		2.9777706e+01
4.8800000e+02		4.8900000e+02		4.8850000e+02		6.3081686e+02		4.0105968e+02		8.1888065e+02		6.7166003e+02		6.4024731e+02		3.1412725e+01
4.8900000e+02		4.9000000e+02		4.8950000e+02		6.1880396e+02		3.9403248e+02		8.0435041e+02		6.5973181e+02		6.2865137e+02		3.1080437e+01
4.9000000e+02		4.9100000e+02		4.9050000e+02		6.5907671e+02		4.1922897e+02		8.5592829e+02		7.0205223e+02		6.6916701e+02		3.2885218e+01
4.9100000e+02		4.9200000e+02		4.9150000e+02		6.2110374e+02		3.9570457e+02		8.0770035e+02		6.6248225e+02		6.3120278e+02		3.1279477e+01
4.9200000e+02		4.9300000e+02		4.9250000e+02		5.9112858e+02		3.7583738e+02		7.6740064e+02		6.2945298e+02		6.0006094e+02		2.9392041e+01
4.9300000e+02		4.9400000e+02		4.9350000e+02		6.2472140e+02		3.9736180e+02		8.1129823e+02		6.6545919e+02		6.3432523e+02		3.1133964e+01
4.9400000e+02		4.9500000e+02		4.9450000e+02		6.4279699e+02		4.0905079e+02		8.3510731e+02		6.8498757e+02		6.5287343e+02		3.2114144e+01
4.9500000e+02		4.9600000e+02		4.9550000e+02		6.3133158e+02		4.0127846e+02		8.1937991e+02		6.7210146e+02		6.4077410e+02		3.1327355e+01
4.9600000e+02		4.9700000e+02		4.9650000e+02		6.3921352e+02		4.0674072e+02		8.3039635e+02		6.8113046e+02		6.4921309e+02		3.1917371e+01
4.9700000e+02		4.9800000e+02		4.9750000e+02		6.5113923e+02		4.1445003e+02		8.4609705e+02		6.9400926e+02		6.6144424e+02		3.2565019e+01
4.9800000e+02		4.9900000e+02		4.9850000e+02		5.9175801e+02		3.7612293e+02		7.6800735e+02		6.2997083e+02		6.0061060e+02		2.9360237e+01
4.9900000e+02		5.0000000e+02		4.9950000e+02		6.3385792e+02		4.0262938e+02		8.2218758e+02		6.7441840e+02		6.4305971e+02		3.1358685e+01
