Left Bin Edge (nm)	Right Bin Edge (nm)	Bin Center (nm)		Top of Atm Intensity (erg/s/nm/cm2)		Total Surface Flux (erg/s/nm/cm2)		Total Intensity at BOA (erg/s/nm/cm2)		Total Surface Intensity (erg/s/nm/cm2)		Total Surface Diffuse Intensity (erg/s/nm/cm2)		Total Surface Direct Intensity (erg/s/nm/cm2)
1.0000000e+02		1.0100000e+02		1.0050000e+02		1.9189487e-02		0.0000000e+00		0.0000000e+00		0.0000000e+00		0.0000000e+00		0.0000000e+00
1.0100000e+02		1.0200000e+02		1.0150000e+02		7.4861701e-02		0.0000000e+00		0.0000000e+00		0.0000000e+00		0.0000000e+00		0.0000000e+00
1.0200000e+02		1.0300000e+02		1.0250000e+02		3.9734366e-01		0.0000000e+00		0.0000000e+00		0.0000000e+00		0.0000000e+00		0.0000000e+00
1.0300000e+02		1.0400000e+02		1.0350000e+02		3.0179545e-01		0.0000000e+00		0.0000000e+00		0.0000000e+00		0.0000000e+00		0.0000000e+00
1.0400000e+02		1.0500000e+02		1.0450000e+02		6.0815352e-02		0.0000000e+00		0.0000000e+00		0.0000000e+00		0.0000000e+00		0.0000000e+00
1.0500000e+02		1.0600000e+02		1.0550000e+02		2.0834600e-02		0.0000000e+00		0.0000000e+00		0.0000000e+00		0.0000000e+00		0.0000000e+00
1.0600000e+02		1.0700000e+02		1.0650000e+02		1.9584792e-02		0.0000000e+00		0.0000000e+00		0.0000000e+00		0.0000000e+00		0.0000000e+00
1.0700000e+02		1.0800000e+02		1.0750000e+02		2.1853879e-02		0.0000000e+00		0.0000000e+00		0.0000000e+00		0.0000000e+00		0.0000000e+00
1.0800000e+02		1.0900000e+02		1.0850000e+02		3.0634999e-02		0.0000000e+00		0.0000000e+00		0.0000000e+00		0.0000000e+00		0.0000000e+00
1.0900000e+02		1.1000000e+02		1.0950000e+02		2.4032561e-02		0.0000000e+00		0.0000000e+00		0.0000000e+00		0.0000000e+00		0.0000000e+00
1.1000000e+02		1.1100000e+02		1.1050000e+02		2.3268893e-02		0.0000000e+00		0.0000000e+00		0.0000000e+00		0.0000000e+00		0.0000000e+00
1.1100000e+02		1.1200000e+02		1.1150000e+02		2.1871272e-02		0.0000000e+00		0.0000000e+00		0.0000000e+00		0.0000000e+00		0.0000000e+00
1.1200000e+02		1.1300000e+02		1.1250000e+02		2.2375602e-02		0.0000000e+00		0.0000000e+00		0.0000000e+00		0.0000000e+00		0.0000000e+00
1.1300000e+02		1.1400000e+02		1.1350000e+02		1.7748133e-02		0.0000000e+00		0.0000000e+00		0.0000000e+00		0.0000000e+00		0.0000000e+00
1.1400000e+02		1.1500000e+02		1.1450000e+02		1.3589480e-02		0.0000000e+00		0.0000000e+00		0.0000000e+00		0.0000000e+00		0.0000000e+00
1.1500000e+02		1.1600000e+02		1.1550000e+02		1.8751615e-02		0.0000000e+00		0.0000000e+00		0.0000000e+00		0.0000000e+00		0.0000000e+00
1.1600000e+02		1.1700000e+02		1.1650000e+02		4.3674487e-02		0.0000000e+00		0.0000000e+00		0.0000000e+00		0.0000000e+00		0.0000000e+00
1.1700000e+02		1.1800000e+02		1.1750000e+02		1.5546757e-01		0.0000000e+00		0.0000000e+00		0.0000000e+00		0.0000000e+00		0.0000000e+00
1.1800000e+02		1.1900000e+02		1.1850000e+02		5.2889236e-02		0.0000000e+00		0.0000000e+00		0.0000000e+00		0.0000000e+00		0.0000000e+00
1.1900000e+02		1.2000000e+02		1.1950000e+02		7.3692884e-02		0.0000000e+00		0.0000000e+00		0.0000000e+00		0.0000000e+00		0.0000000e+00
1.2000000e+02		1.2100000e+02		1.2050000e+02		4.0066072e-01		0.0000000e+00		0.0000000e+00		0.0000000e+00		0.0000000e+00		0.0000000e+00
1.2100000e+02		1.2200000e+02		1.2150000e+02		1.5905289e+01		0.0000000e+00		0.0000000e+00		0.0000000e+00		0.0000000e+00		0.0000000e+00
1.2200000e+02		1.2300000e+02		1.2250000e+02		1.0666543e-01		0.0000000e+00		0.0000000e+00		0.0000000e+00		0.0000000e+00		0.0000000e+00
1.2300000e+02		1.2400000e+02		1.2350000e+02		5.7456553e-02		0.0000000e+00		0.0000000e+00		0.0000000e+00		0.0000000e+00		0.0000000e+00
1.2400000e+02		1.2500000e+02		1.2450000e+02		4.6184197e-02		0.0000000e+00		0.0000000e+00		0.0000000e+00		0.0000000e+00		0.0000000e+00
1.2500000e+02		1.2600000e+02		1.2550000e+02		4.5085118e-02		0.0000000e+00		0.0000000e+00		0.0000000e+00		0.0000000e+00		0.0000000e+00
1.2600000e+02		1.2700000e+02		1.2650000e+02		6.3054464e-02		0.0000000e+00		0.0000000e+00		0.0000000e+00		0.0000000e+00		0.0000000e+00
1.2700000e+02		1.2800000e+02		1.2750000e+02		3.3006429e-02		0.0000000e+00		0.0000000e+00		0.0000000e+00		0.0000000e+00		0.0000000e+00
1.2800000e+02		1.2900000e+02		1.2850000e+02		2.6335196e-02		0.0000000e+00		0.0000000e+00		0.0000000e+00		0.0000000e+00		0.0000000e+00
1.2900000e+02		1.3000000e+02		1.2950000e+02		3.5131240e-02		0.0000000e+00		0.0000000e+00		0.0000000e+00		0.0000000e+00		0.0000000e+00
1.3000000e+02		1.3100000e+02		1.3050000e+02		2.8850634e-01		0.0000000e+00		0.0000000e+00		0.0000000e+00		0.0000000e+00		0.0000000e+00
1.3100000e+02		1.3200000e+02		1.3150000e+02		3.9064855e-02		0.0000000e+00		0.0000000e+00		0.0000000e+00		0.0000000e+00		0.0000000e+00
1.3200000e+02		1.3300000e+02		1.3250000e+02		3.0374778e-02		0.0000000e+00		0.0000000e+00		0.0000000e+00		0.0000000e+00		0.0000000e+00
1.3300000e+02		1.3400000e+02		1.3350000e+02		4.1056606e-01		0.0000000e+00		0.0000000e+00		0.0000000e+00		0.0000000e+00		0.0000000e+00
1.3400000e+02		1.3500000e+02		1.3450000e+02		2.8092500e-02		0.0000000e+00		0.0000000e+00		0.0000000e+00		0.0000000e+00		0.0000000e+00
1.3500000e+02		1.3600000e+02		1.3550000e+02		5.8954708e-02		0.0000000e+00		0.0000000e+00		0.0000000e+00		0.0000000e+00		0.0000000e+00
1.3600000e+02		1.3700000e+02		1.3650000e+02		3.8690656e-02		0.0000000e+00		0.0000000e+00		0.0000000e+00		0.0000000e+00		0.0000000e+00
1.3700000e+02		1.3800000e+02		1.3750000e+02		3.9732879e-02		0.0000000e+00		0.0000000e+00		0.0000000e+00		0.0000000e+00		0.0000000e+00
1.3800000e+02		1.3900000e+02		1.3850000e+02		4.0549866e-02		0.0000000e+00		0.0000000e+00		0.0000000e+00		0.0000000e+00		0.0000000e+00
1.3900000e+02		1.4000000e+02		1.3950000e+02		1.3692187e-01		0.0000000e+00		0.0000000e+00		0.0000000e+00		0.0000000e+00		0.0000000e+00
1.4000000e+02		1.4100000e+02		1.4050000e+02		1.1939088e-01		0.0000000e+00		0.0000000e+00		0.0000000e+00		0.0000000e+00		0.0000000e+00
1.4100000e+02		1.4200000e+02		1.4150000e+02		5.7521948e-02		0.0000000e+00		0.0000000e+00		0.0000000e+00		0.0000000e+00		0.0000000e+00
1.4200000e+02		1.4300000e+02		1.4250000e+02		6.2343151e-02		0.0000000e+00		0.0000000e+00		0.0000000e+00		0.0000000e+00		0.0000000e+00
1.4300000e+02		1.4400000e+02		1.4350000e+02		6.9165895e-02		0.0000000e+00		0.0000000e+00		0.0000000e+00		0.0000000e+00		0.0000000e+00
1.4400000e+02		1.4500000e+02		1.4450000e+02		6.6149126e-02		0.0000000e+00		0.0000000e+00		0.0000000e+00		0.0000000e+00		0.0000000e+00
1.4500000e+02		1.4600000e+02		1.4550000e+02		7.0536262e-02		0.0000000e+00		0.0000000e+00		0.0000000e+00		0.0000000e+00		0.0000000e+00
1.4600000e+02		1.4700000e+02		1.4650000e+02		8.6012655e-02		0.0000000e+00		0.0000000e+00		0.0000000e+00		0.0000000e+00		0.0000000e+00
1.4700000e+02		1.4800000e+02		1.4750000e+02		1.0610345e-01		0.0000000e+00		0.0000000e+00		0.0000000e+00		0.0000000e+00		0.0000000e+00
1.4800000e+02		1.4900000e+02		1.4850000e+02		1.0405386e-01		0.0000000e+00		0.0000000e+00		0.0000000e+00		0.0000000e+00		0.0000000e+00
1.4900000e+02		1.5000000e+02		1.4950000e+02		9.4002421e-02		0.0000000e+00		0.0000000e+00		0.0000000e+00		0.0000000e+00		0.0000000e+00
1.5000000e+02		1.5100000e+02		1.5050000e+02		1.0343288e-01		0.0000000e+00		0.0000000e+00		0.0000000e+00		0.0000000e+00		0.0000000e+00
1.5100000e+02		1.5200000e+02		1.5150000e+02		1.0875212e-01		0.0000000e+00		0.0000000e+00		0.0000000e+00		0.0000000e+00		0.0000000e+00
1.5200000e+02		1.5300000e+02		1.5250000e+02		1.3876638e-01		0.0000000e+00		0.0000000e+00		0.0000000e+00		0.0000000e+00		0.0000000e+00
1.5300000e+02		1.5400000e+02		1.5350000e+02		1.5371418e-01		0.0000000e+00		0.0000000e+00		0.0000000e+00		0.0000000e+00		0.0000000e+00
1.5400000e+02		1.5500000e+02		1.5450000e+02		4.1112511e-01		0.0000000e+00		0.0000000e+00		0.0000000e+00		0.0000000e+00		0.0000000e+00
1.5500000e+02		1.5600000e+02		1.5550000e+02		3.3836363e-01		0.0000000e+00		0.0000000e+00		0.0000000e+00		0.0000000e+00		0.0000000e+00
1.5600000e+02		1.5700000e+02		1.5650000e+02		2.0084632e-01		0.0000000e+00		0.0000000e+00		0.0000000e+00		0.0000000e+00		0.0000000e+00
1.5700000e+02		1.5800000e+02		1.5750000e+02		1.8216796e-01		0.0000000e+00		0.0000000e+00		0.0000000e+00		0.0000000e+00		0.0000000e+00
1.5800000e+02		1.5900000e+02		1.5850000e+02		1.6795176e-01		0.0000000e+00		0.0000000e+00		0.0000000e+00		0.0000000e+00		0.0000000e+00
1.5900000e+02		1.6000000e+02		1.5950000e+02		1.6379377e-01		0.0000000e+00		0.0000000e+00		0.0000000e+00		0.0000000e+00		0.0000000e+00
1.6000000e+02		1.6100000e+02		1.6050000e+02		1.7926410e-01		0.0000000e+00		0.0000000e+00		0.0000000e+00		0.0000000e+00		0.0000000e+00
1.6100000e+02		1.6200000e+02		1.6150000e+02		2.0306941e-01		0.0000000e+00		0.0000000e+00		0.0000000e+00		0.0000000e+00		0.0000000e+00
1.6200000e+02		1.6300000e+02		1.6250000e+02		2.2492895e-01		0.0000000e+00		0.0000000e+00		0.0000000e+00		0.0000000e+00		0.0000000e+00
1.6300000e+02		1.6400000e+02		1.6350000e+02		4.7671727e-01		0.0000000e+00		0.0000000e+00		0.0000000e+00		0.0000000e+00		0.0000000e+00
1.6400000e+02		1.6500000e+02		1.6450000e+02		4.8753270e-01		0.0000000e+00		0.0000000e+00		0.0000000e+00		0.0000000e+00		0.0000000e+00
1.6500000e+02		1.6600000e+02		1.6550000e+02		5.7072689e-01		0.0000000e+00		0.0000000e+00		0.0000000e+00		0.0000000e+00		0.0000000e+00
1.6600000e+02		1.6700000e+02		1.6650000e+02		2.6919628e-01		0.0000000e+00		0.0000000e+00		0.0000000e+00		0.0000000e+00		0.0000000e+00
1.6700000e+02		1.6800000e+02		1.6750000e+02		2.8728373e-01		0.0000000e+00		0.0000000e+00		0.0000000e+00		0.0000000e+00		0.0000000e+00
1.6800000e+02		1.6900000e+02		1.6850000e+02		3.0958866e-01		0.0000000e+00		0.0000000e+00		0.0000000e+00		0.0000000e+00		0.0000000e+00
1.6900000e+02		1.7000000e+02		1.6950000e+02		3.8988989e-01		0.0000000e+00		0.0000000e+00		0.0000000e+00		0.0000000e+00		0.0000000e+00
1.7000000e+02		1.7100000e+02		1.7050000e+02		4.3752516e-01		0.0000000e+00		0.0000000e+00		0.0000000e+00		0.0000000e+00		0.0000000e+00
1.7100000e+02		1.7200000e+02		1.7150000e+02		4.3618394e-01		0.0000000e+00		0.0000000e+00		0.0000000e+00		0.0000000e+00		0.0000000e+00
1.7200000e+02		1.7300000e+02		1.7250000e+02		4.5514763e-01		0.0000000e+00		0.0000000e+00		0.0000000e+00		0.0000000e+00		0.0000000e+00
1.7300000e+02		1.7400000e+02		1.7350000e+02		4.5120572e-01		0.0000000e+00		0.0000000e+00		0.0000000e+00		0.0000000e+00		0.0000000e+00
1.7400000e+02		1.7500000e+02		1.7450000e+02		5.3951828e-01		0.0000000e+00		0.0000000e+00		0.0000000e+00		0.0000000e+00		0.0000000e+00
1.7500000e+02		1.7600000e+02		1.7550000e+02		6.4389120e-01		0.0000000e+00		0.0000000e+00		0.0000000e+00		0.0000000e+00		0.0000000e+00
1.7600000e+02		1.7700000e+02		1.7650000e+02		6.9472845e-01		0.0000000e+00		0.0000000e+00		0.0000000e+00		0.0000000e+00		0.0000000e+00
1.7700000e+02		1.7800000e+02		1.7750000e+02		8.1849614e-01		0.0000000e+00		0.0000000e+00		0.0000000e+00		0.0000000e+00		0.0000000e+00
1.7800000e+02		1.7900000e+02		1.7850000e+02		8.9455089e-01		0.0000000e+00		0.0000000e+00		0.0000000e+00		0.0000000e+00		0.0000000e+00
1.7900000e+02		1.8000000e+02		1.7950000e+02		8.6966614e-01		0.0000000e+00		0.0000000e+00		0.0000000e+00		0.0000000e+00		0.0000000e+00
1.8000000e+02		1.8100000e+02		1.8050000e+02		1.0753674e+00		0.0000000e+00		0.0000000e+00		0.0000000e+00		0.0000000e+00		0.0000000e+00
1.8100000e+02		1.8200000e+02		1.8150000e+02		1.3093431e+00		0.0000000e+00		0.0000000e+00		0.0000000e+00		0.0000000e+00		0.0000000e+00
1.8200000e+02		1.8300000e+02		1.8250000e+02		1.2087370e+00		0.0000000e+00		0.0000000e+00		0.0000000e+00		0.0000000e+00		0.0000000e+00
1.8300000e+02		1.8400000e+02		1.8350000e+02		1.2728289e+00		0.0000000e+00		0.0000000e+00		0.0000000e+00		0.0000000e+00		0.0000000e+00
1.8400000e+02		1.8500000e+02		1.8450000e+02		1.0940339e+00		0.0000000e+00		0.0000000e+00		0.0000000e+00		0.0000000e+00		0.0000000e+00
1.8500000e+02		1.8600000e+02		1.8550000e+02		1.2372281e+00		0.0000000e+00		0.0000000e+00		0.0000000e+00		0.0000000e+00		0.0000000e+00
1.8600000e+02		1.8700000e+02		1.8650000e+02		1.4037992e+00		0.0000000e+00		0.0000000e+00		0.0000000e+00		0.0000000e+00		0.0000000e+00
1.8700000e+02		1.8800000e+02		1.8750000e+02		1.5907538e+00		0.0000000e+00		0.0000000e+00		0.0000000e+00		0.0000000e+00		0.0000000e+00
1.8800000e+02		1.8900000e+02		1.8850000e+02		1.6735993e+00		9.5169194e-224		0.0000000e+00		9.5250106e-224		1.9144059e-226		9.5058665e-224
1.8900000e+02		1.9000000e+02		1.8950000e+02		1.8559600e+00		1.6991115e-154		0.0000000e+00		1.7011562e-154		4.8377792e-157		1.6963184e-154
1.9000000e+02		1.9100000e+02		1.9050000e+02		1.9109940e+00		3.4229478e-111		0.0000000e+00		3.4285451e-111		1.3243507e-113		3.4153016e-111
1.9100000e+02		1.9200000e+02		1.9150000e+02		2.0707336e+00		9.5166287e-85		1.7206620e-81		9.5365979e-85		4.7247707e-87		9.4893502e-85
1.9200000e+02		1.9300000e+02		1.9250000e+02		2.1685186e+00		4.5808859e-64		1.3579968e-61		4.5933335e-64		2.9451157e-66		4.5638823e-64
1.9300000e+02		1.9400000e+02		1.9350000e+02		1.6554009e+00		8.1370608e-55		1.0629205e-52		8.1623988e-55		5.9950400e-57		8.1024484e-55
1.9400000e+02		1.9500000e+02		1.9450000e+02		2.6556632e+00		1.8012032e-52		1.9511235e-50		1.8069066e-52		1.3494385e-54		1.7934122e-52
1.9500000e+02		1.9600000e+02		1.9550000e+02		2.5630279e+00		1.1363771e-44		6.2138706e-43		1.1405158e-44		9.7921822e-47		1.1307236e-44
1.9600000e+02		1.9700000e+02		1.9650000e+02		2.8204934e+00		1.7347954e-40		6.6033108e-39		1.7416084e-40		1.6119595e-42		1.7254888e-40
1.9700000e+02		1.9800000e+02		1.9750000e+02		2.8068384e+00		7.1409264e-45		3.9874436e-43		7.1656096e-45		5.8401113e-47		7.1072085e-45
1.9800000e+02		1.9900000e+02		1.9850000e+02		2.7505577e+00		4.3221639e-29		6.0702615e-28		4.3448610e-29		5.3701804e-31		4.2911592e-29
1.9900000e+02		2.0000000e+02		1.9950000e+02		2.8965557e+00		4.5307499e-25		4.4881346e-24		4.5577979e-25		6.3996108e-27		4.4938018e-25
2.0000000e+02		2.0100000e+02		2.0050000e+02		3.0623388e+00		3.0860650e-28		4.0384717e-27		3.1019933e-28		3.7686731e-30		3.0643066e-28
2.0100000e+02		2.0200000e+02		2.0150000e+02		3.2593670e+00		3.7071278e-20		2.4027910e-19		3.7335074e-20		6.2414821e-22		3.6710926e-20
2.0200000e+02		2.0300000e+02		2.0250000e+02		3.2217937e+00		8.2350205e-28		1.0400443e-26		8.2762371e-28		9.7519646e-30		8.1787175e-28
2.0300000e+02		2.0400000e+02		2.0350000e+02		3.4484145e+00		1.3245995e-25		1.3831884e-24		1.3316437e-25		1.6666861e-27		1.3149769e-25
2.0400000e+02		2.0500000e+02		2.0450000e+02		3.7117169e+00		4.8059824e-16		2.1876444e-15		4.8462624e-16		9.5303500e-18		4.7509589e-16
2.0500000e+02		2.0600000e+02		2.0550000e+02		3.7200399e+00		1.6717650e-26		1.8932695e-25		1.6799627e-26		1.9396042e-28		1.6605667e-26
2.0600000e+02		2.0700000e+02		2.0650000e+02		3.7247532e+00		3.3570196e-21		2.3932814e-20		3.3772374e-21		4.7835989e-23		3.3294014e-21
2.0700000e+02		2.0800000e+02		2.0750000e+02		4.0454145e+00		1.8339476e-14		7.2964734e-14		1.8499076e-14		3.7761770e-16		1.8121459e-14
2.0800000e+02		2.0900000e+02		2.0850000e+02		4.3759554e+00		9.9827102e-22		7.4950146e-21		1.0038639e-21		1.3232954e-23		9.9063097e-22
2.0900000e+02		2.1000000e+02		2.0950000e+02		5.6528678e+00		6.8617186e-11		2.0293055e-10		6.9373103e-11		1.7885192e-12		6.7584584e-11
2.1000000e+02		2.1100000e+02		2.1050000e+02		6.9678423e+00		8.8128426e-19		5.2077554e-18		8.8670902e-19		1.2835117e-20		8.7387390e-19
2.1100000e+02		2.1200000e+02		2.1150000e+02		7.9326445e+00		1.6245488e-12		5.5955754e-12		1.6392351e-12		3.4748098e-14		1.6044870e-12
2.1200000e+02		2.1300000e+02		2.1250000e+02		7.0734222e+00		1.5701826e-10		4.5369448e-10		1.5868007e-10		3.9319006e-12		1.5474817e-10
2.1300000e+02		2.1400000e+02		2.1350000e+02		7.2066449e+00		6.1421018e-13		2.1855912e-12		6.1937141e-13		1.2211601e-14		6.0715981e-13
2.1400000e+02		2.1500000e+02		2.1450000e+02		9.2279181e+00		1.2184544e-06		2.5585698e-06		1.2379059e-06		4.6022684e-08		1.1918832e-06
2.1500000e+02		2.1600000e+02		2.1550000e+02		7.9257408e+00		1.3837728e-10		4.0314006e-10		1.3973752e-10		3.2183634e-12		1.3651915e-10
2.1600000e+02		2.1700000e+02		2.1650000e+02		7.3353469e+00		4.2763002e-06		8.5150396e-06		4.3489632e-06		1.7192250e-07		4.1770407e-06
2.1700000e+02		2.1800000e+02		2.1750000e+02		7.5953881e+00		4.8087049e-07		1.0355288e-06		4.8773859e-07		1.6250099e-08		4.7148849e-07
2.1800000e+02		2.1900000e+02		2.1850000e+02		1.0217230e+01		1.0263250e-05		2.0036658e-05		1.0437624e-05		4.1257153e-07		1.0025052e-05
2.1900000e+02		2.2000000e+02		2.1950000e+02		1.0786519e+01		8.5977696e-04		1.4546583e-03		8.8214340e-04		5.2919562e-05		8.2922384e-04
2.2000000e+02		2.2100000e+02		2.2050000e+02		1.0851638e+01		1.6540904e-05		3.1805198e-05		1.6819705e-05		6.5965047e-07		1.6160055e-05
2.2100000e+02		2.2200000e+02		2.2150000e+02		8.6872371e+00		6.8614735e-03		1.0902842e-02		7.1130105e-03		5.9514289e-04		6.5178676e-03
2.2200000e+02		2.2300000e+02		2.2250000e+02		1.1691346e+01		2.2749432e-03		3.7447520e-03		2.3384993e-03		1.5037547e-04		2.1881239e-03
2.2300000e+02		2.2400000e+02		2.2350000e+02		1.5139682e+01		2.5447239e-01		3.8586636e-01		2.7454808e-01		4.7499594e-02		2.2704849e-01
2.2400000e+02		2.2500000e+02		2.2450000e+02		1.4154944e+01		3.0484841e-02		4.7314277e-02		3.1808619e-02		3.1320925e-03		2.8676526e-02
2.2500000e+02		2.2600000e+02		2.2550000e+02		1.2365614e+01		2.0154601e-01		3.0495562e-01		2.1683291e-01		3.6169204e-02		1.8066371e-01
2.2600000e+02		2.2700000e+02		2.2650000e+02		9.0577089e+00		1.9060029e-01		2.8787901e-01		2.0609478e-01		3.6660343e-02		1.6943443e-01
2.2700000e+02		2.2800000e+02		2.2750000e+02		8.8108381e+00		3.5224080e-01		5.3195861e-01		3.8732771e-01		8.3016511e-02		3.0431120e-01
2.2800000e+02		2.2900000e+02		2.2850000e+02		1.2275156e+01		2.7251595e+00		4.2193196e+00		3.2160717e+00		1.1615107e+00		2.0545611e+00
2.2900000e+02		2.3000000e+02		2.2950000e+02		1.1031259e+01		5.0159482e+00		7.9369081e+00		6.1731198e+00		2.7378975e+00		3.4352224e+00
2.3000000e+02		2.3100000e+02		2.3050000e+02		1.2510180e+01		4.6075166e+00		7.2230310e+00		5.5840085e+00		2.3104046e+00		3.2736039e+00
2.3100000e+02		2.3200000e+02		2.3150000e+02		1.1791833e+01		5.9753209e+00		9.4671576e+00		7.3859987e+00		3.3376994e+00		4.0482993e+00
2.3200000e+02		2.3300000e+02		2.3250000e+02		1.2664003e+01		7.5785226e+00		1.2074060e+01		9.4650771e+00		4.4636360e+00		5.0014411e+00
2.3300000e+02		2.3400000e+02		2.3350000e+02		1.1428554e+01		8.1800464e+00		1.3127666e+01		1.0345227e+01		5.1228720e+00		5.2223549e+00
2.3400000e+02		2.3500000e+02		2.3450000e+02		9.9864853e+00		7.2824885e+00		1.1680917e+01		9.2099250e+00		4.5603637e+00		4.6495613e+00
2.3500000e+02		2.3600000e+02		2.3550000e+02		1.3443360e+01		9.3745901e+00		1.4981509e+01		1.1796405e+01		5.7300754e+00		6.0663295e+00
2.3600000e+02		2.3700000e+02		2.3650000e+02		1.2448020e+01		8.9619675e+00		1.4321385e+01		1.1286616e+01		5.5001767e+00		5.7864390e+00
2.3700000e+02		2.3800000e+02		2.3750000e+02		1.3294723e+01		9.5807964e+00		1.5287434e+01		1.2047714e+01		5.8367907e+00		6.2109237e+00
2.3800000e+02		2.3900000e+02		2.3850000e+02		1.1021422e+01		7.8108828e+00		1.2434046e+01		9.7936925e+00		4.6913781e+00		5.1023143e+00
2.3900000e+02		2.4000000e+02		2.3950000e+02		1.2008577e+01		8.3148131e+00		1.3202204e+01		1.0391143e+01		4.9126486e+00		5.4784941e+00
2.4000000e+02		2.4100000e+02		2.4050000e+02		1.1032163e+01		7.5500560e+00		1.1966550e+01		9.4151347e+00		4.4128235e+00		5.0023112e+00
2.4100000e+02		2.4200000e+02		2.4150000e+02		1.2918879e+01		8.8373049e+00		1.3987093e+01		1.1004222e+01		5.1269798e+00		5.8772418e+00
2.4200000e+02		2.4300000e+02		2.4250000e+02		1.7782729e+01		1.2139906e+01		1.9187174e+01		1.5093824e+01		6.9890451e+00		8.1047790e+00
2.4300000e+02		2.4400000e+02		2.4350000e+02		1.6701989e+01		1.0964143e+01		1.7273963e+01		1.3572515e+01		6.1714743e+00		7.4010403e+00
2.4400000e+02		2.4500000e+02		2.4450000e+02		1.5641720e+01		8.9119691e+00		1.3933959e+01		1.0902477e+01		4.7095926e+00		6.1928845e+00
2.4500000e+02		2.4600000e+02		2.4550000e+02		1.2691134e+01		5.9770211e+00		9.2634779e+00		7.2082202e+00		2.9130485e+00		4.2951717e+00
2.4600000e+02		2.4700000e+02		2.4650000e+02		1.2350906e+01		6.1537868e+00		9.5451370e+00		7.4389445e+00		3.0407158e+00		4.3982287e+00
2.4700000e+02		2.4800000e+02		2.4750000e+02		1.3639226e+01		6.5696566e+00		1.0166547e+01		7.9153770e+00		3.1840085e+00		4.7313685e+00
2.4800000e+02		2.4900000e+02		2.4850000e+02		1.0938846e+01		5.0367597e+00		7.7736241e+00		6.0444092e+00		2.3841244e+00		3.6602848e+00
2.4900000e+02		2.5000000e+02		2.4950000e+02		1.3333262e+01		5.6708353e+00		8.7178760e+00		6.7631226e+00		2.5843796e+00		4.1787430e+00
2.5000000e+02		2.5100000e+02		2.5050000e+02		1.4401571e+01		4.7750005e+00		7.2744824e+00		5.6040016e+00		1.9614379e+00		3.6425638e+00
2.5100000e+02		2.5200000e+02		2.5150000e+02		1.2007424e+01		3.3335101e+00		5.0482160e+00		3.8699124e+00		1.2691416e+00		2.6007708e+00
2.5200000e+02		2.5300000e+02		2.5250000e+02		1.0794009e+01		3.2415934e+00		4.9150188e+00		3.7758539e+00		1.2640739e+00		2.5117800e+00
2.5300000e+02		2.5400000e+02		2.5350000e+02		1.3602371e+01		3.4800921e+00		5.2494983e+00		4.0151117e+00		1.2658698e+00		2.7492418e+00
2.5400000e+02		2.5500000e+02		2.5450000e+02		1.5384114e+01		3.0343234e+00		4.5463135e+00		3.4529968e+00		9.9059204e-01		2.4624048e+00
2.5500000e+02		2.5600000e+02		2.5550000e+02		2.0992062e+01		3.0579761e+00		4.5520926e+00		3.4297484e+00		8.7962259e-01		2.5501258e+00
2.5600000e+02		2.5700000e+02		2.5650000e+02		2.7040612e+01		5.4225442e+00		8.1129151e+00		6.1643801e+00		1.7552025e+00		4.4091776e+00
2.5700000e+02		2.5800000e+02		2.5750000e+02		3.3946512e+01		4.3037312e+00		6.3825097e+00		4.7913770e+00		1.1537824e+00		3.6375946e+00
2.5800000e+02		2.5900000e+02		2.5850000e+02		3.5732434e+01		4.7574542e+00		7.0558926e+00		5.3036781e+00		1.2923796e+00		4.0112986e+00
2.5900000e+02		2.6000000e+02		2.5950000e+02		3.0409976e+01		2.9598947e+00		4.3689923e+00		3.2574799e+00		7.0409417e-01		2.5533857e+00
2.6000000e+02		2.6100000e+02		2.6050000e+02		2.4915606e+01		2.0600035e+00		3.0337760e+00		2.2525003e+00		4.5545236e-01		1.7970480e+00
2.6100000e+02		2.6200000e+02		2.6150000e+02		2.5442742e+01		1.5360412e+00		2.2561628e+00		1.6617652e+00		2.9746634e-01		1.3642989e+00
2.6200000e+02		2.6300000e+02		2.6250000e+02		3.0366547e+01		1.8305821e+00		2.6871840e+00		1.9791823e+00		3.5159182e-01		1.6275904e+00
2.6300000e+02		2.6400000e+02		2.6350000e+02		4.5700096e+01		2.9950464e+00		4.3957014e+00		3.2444791e+00		5.9016412e-01		2.6543150e+00
2.6400000e+02		2.6500000e+02		2.6450000e+02		7.1249372e+01		2.7458145e+00		4.0224110e+00		2.9291140e+00		4.3369131e-01		2.4954227e+00
2.6500000e+02		2.6600000e+02		2.6550000e+02		7.4731454e+01		2.4870328e+00		3.6423029e+00		2.6424640e+00		3.6775410e-01		2.2747099e+00
2.6600000e+02		2.6700000e+02		2.6650000e+02		7.2446611e+01		1.8637647e+00		2.7305534e+00		1.9680006e+00		2.4662495e-01		1.7213757e+00
2.6700000e+02		2.6800000e+02		2.6750000e+02		7.2937204e+01		1.6323163e+00		2.3923294e+00		1.7181012e+00		2.0296931e-01		1.5151319e+00
2.6800000e+02		2.6900000e+02		2.6850000e+02		7.2239021e+01		1.2005800e+00		1.7628750e+00		1.2563421e+00		1.3193455e-01		1.1244075e+00
2.6900000e+02		2.7000000e+02		2.6950000e+02		6.7758000e+01		1.2078422e+00		1.7716252e+00		1.2649043e+00		1.3501035e-01		1.1298940e+00
2.7000000e+02		2.7100000e+02		2.7050000e+02		7.8281462e+01		8.4726637e-01		1.2488809e+00		8.8007459e-01		7.7625099e-02		8.0244949e-01
2.7100000e+02		2.7200000e+02		2.7150000e+02		6.5051220e+01		5.2939442e-01		7.8317133e-01		5.4771567e-01		4.3348540e-02		5.0436713e-01
2.7200000e+02		2.7300000e+02		2.7250000e+02		5.2331568e+01		2.9240522e-01		4.3506211e-01		3.0116697e-01		2.0730531e-02		2.8043644e-01
2.7300000e+02		2.7400000e+02		2.7350000e+02		5.5800645e+01		1.6915791e-01		2.5458848e-01		1.7324924e-01		9.6801935e-03		1.6356905e-01
2.7400000e+02		2.7500000e+02		2.7450000e+02		3.8398649e+01		2.5073737e-01		3.7184913e-01		2.5852451e-01		1.8424570e-02		2.4009994e-01
2.7500000e+02		2.7600000e+02		2.7550000e+02		5.1208696e+01		1.5383478e-01		2.3144540e-01		1.5746839e-01		8.5972251e-03		1.4887117e-01
2.7600000e+02		2.7700000e+02		2.7650000e+02		7.1318275e+01		2.5567927e-01		3.8316526e-01		2.6200883e-01		1.4975894e-02		2.4703293e-01
2.7700000e+02		2.7800000e+02		2.7750000e+02		6.8188493e+01		1.5245289e-01		2.3073171e-01		1.5566550e-01		7.6011107e-03		1.4806439e-01
2.7800000e+02		2.7900000e+02		2.7850000e+02		4.7024496e+01		1.0970299e-01		1.6583265e-01		1.1202122e-01		5.4849913e-03		1.0653623e-01
2.7900000e+02		2.8000000e+02		2.7950000e+02		2.6422560e+01		3.9875942e-02		6.0880676e-02		4.0605831e-02		1.7269350e-03		3.8878896e-02
2.8000000e+02		2.8100000e+02		2.8050000e+02		2.8982131e+01		4.2934972e-02		6.5566259e-02		4.3707750e-02		1.8284131e-03		4.1879337e-02
2.8100000e+02		2.8200000e+02		2.8150000e+02		6.0033324e+01		3.4938424e-02		5.4659581e-02		3.5420956e-02		1.1416839e-03		3.4279272e-02
2.8200000e+02		2.8300000e+02		2.8250000e+02		8.1733762e+01		1.9689613e-01		2.9714419e-01		2.0092407e-01		9.5301898e-03		1.9139388e-01
2.8300000e+02		2.8400000e+02		2.8350000e+02		8.4433091e+01		7.0247000e-02		1.0879978e-01		7.1285909e-02		2.4580830e-03		6.8827826e-02
2.8400000e+02		2.8500000e+02		2.8450000e+02		6.2255376e+01		7.0166977e-02		1.0779887e-01		7.1283915e-02		2.6427022e-03		6.8641213e-02
2.8500000e+02		2.8600000e+02		2.8550000e+02		4.0018063e+01		2.4556421e-02		3.8333879e-02		2.4884413e-02		7.7603541e-04		2.4108377e-02
2.8600000e+02		2.8700000e+02		2.8650000e+02		8.2001717e+01		8.4240691e-02		1.2968134e-01		8.5518099e-02		3.0223804e-03		8.2495718e-02
2.8700000e+02		2.8800000e+02		2.8750000e+02		9.5189148e+01		7.1372174e-02		1.1077099e-01		7.2354175e-02		2.3234401e-03		7.0030735e-02
2.8800000e+02		2.8900000e+02		2.8850000e+02		9.0460934e+01		8.2682892e-02		1.2762764e-01		8.3870150e-02		2.8090825e-03		8.1061067e-02
2.8900000e+02		2.9000000e+02		2.8950000e+02		1.3728321e+02		2.3951081e-01		3.6365607e-01		2.4363952e-01		9.7686267e-03		2.3387089e-01
2.9000000e+02		2.9100000e+02		2.9050000e+02		1.8023325e+02		1.3524727e-01		2.0979736e-01		1.3704812e-01		4.2608396e-03		1.3278728e-01
2.9100000e+02		2.9200000e+02		2.9150000e+02		1.7359450e+02		5.1938367e-01		7.7861856e-01		5.2986800e-01		2.4806192e-02		5.0506181e-01
2.9200000e+02		2.9300000e+02		2.9250000e+02		1.5421676e+02		1.0108593e-01		1.5733683e-01		1.0235465e-01		3.0018243e-03		9.9352823e-02
2.9300000e+02		2.9400000e+02		2.9350000e+02		1.6099986e+02		4.4666149e-01		6.7044969e-01		4.5528894e-01		2.0412779e-02		4.3487616e-01
2.9400000e+02		2.9500000e+02		2.9450000e+02		1.4991794e+02		2.3623683e-01		3.5925480e-01		2.3998865e-01		8.8769033e-03		2.3111174e-01
2.9500000e+02		2.9600000e+02		2.9550000e+02		1.6232431e+02		1.2169293e+00		1.7908660e+00		1.2502937e+00		7.8941015e-02		1.1713527e+00
2.9600000e+02		2.9700000e+02		2.9650000e+02		1.4851381e+02		2.0814030e-01		3.1734662e-01		2.1126672e-01		7.3971926e-03		2.0386953e-01
2.9700000e+02		2.9800000e+02		2.9750000e+02		1.5140866e+02		1.0699891e+00		1.5755104e+00		1.0982132e+00		6.6778809e-02		1.0314344e+00
2.9800000e+02		2.9900000e+02		2.9850000e+02		1.3012850e+02		1.9932386e-01		3.0313757e-01		2.0234801e-01		7.1552191e-03		1.9519279e-01
2.9900000e+02		3.0000000e+02		2.9950000e+02		1.4682541e+02		1.7109514e+00		2.4988662e+00		1.7653488e+00		1.2870570e-01		1.6366431e+00
3.0000000e+02		3.0100000e+02		3.0050000e+02		1.1681452e+02		3.9473102e-01		5.8923698e-01		4.0244000e-01		1.8239633e-02		3.8420037e-01
3.0100000e+02		3.0200000e+02		3.0150000e+02		1.3434477e+02		6.9685512e+00		1.0063333e+01		7.3862032e+00		9.8817520e-01		6.3980280e+00
3.0200000e+02		3.0300000e+02		3.0250000e+02		1.4142283e+02		7.9244341e-01		1.1705785e+00		8.1086387e-01		4.3583263e-02		7.6728060e-01
3.0300000e+02		3.0400000e+02		3.0350000e+02		1.8342160e+02		1.7270589e+01		2.4976224e+01		1.8607416e+01		3.1629650e+00		1.5444451e+01
3.0400000e+02		3.0500000e+02		3.0450000e+02		1.7556728e+02		1.8121522e+00		2.6486170e+00		1.8652823e+00		1.2570727e-01		1.7395750e+00
3.0500000e+02		3.0600000e+02		3.0550000e+02		1.7728071e+02		2.6280658e+01		3.8150544e+01		2.8749407e+01		5.8411238e+00		2.2908284e+01
3.0600000e+02		3.0700000e+02		3.0650000e+02		1.6814926e+02		2.6740373e+00		3.8846372e+00		2.7670237e+00		2.2000813e-01		2.5470155e+00
3.0700000e+02		3.0800000e+02		3.0750000e+02		1.8878816e+02		2.6699746e+01		3.8714137e+01		2.9139118e+01		5.7716158e+00		2.3367502e+01
3.0800000e+02		3.0900000e+02		3.0850000e+02		1.8529086e+02		8.4914253e+00		1.2241371e+01		8.9573478e+00		1.1023845e+00		7.8549633e+00
3.0900000e+02		3.1000000e+02		3.0950000e+02		1.5026991e+02		2.3887352e+01		3.4669880e+01		2.6172652e+01		5.4070797e+00		2.0765573e+01
3.1000000e+02		3.1100000e+02		3.1050000e+02		1.8913229e+02		1.9212293e+01		2.7746267e+01		2.0710520e+01		3.5448443e+00		1.7165676e+01
3.1100000e+02		3.1200000e+02		3.1150000e+02		2.2495083e+02		4.5765331e+01		6.6620975e+01		5.0609963e+01		1.1462523e+01		3.9147440e+01
3.1200000e+02		3.1300000e+02		3.1250000e+02		2.0030306e+02		4.9635931e+01		7.2488011e+01		5.5348108e+01		1.3515156e+01		4.1832952e+01
3.1300000e+02		3.1400000e+02		3.1350000e+02		2.1331645e+02		4.5837924e+01		6.6752147e+01		5.0780516e+01		1.1694298e+01		3.9086218e+01
3.1400000e+02		3.1500000e+02		3.1450000e+02		2.0119548e+02		7.8592815e+01		1.1591009e+02		8.9572715e+01		2.5978723e+01		6.3593992e+01
3.1500000e+02		3.1600000e+02		3.1550000e+02		1.9522773e+02		6.0395147e+01		8.8537672e+01		6.7995200e+01		1.7981919e+01		5.0013282e+01
3.1600000e+02		3.1700000e+02		3.1650000e+02		1.9043254e+02		8.4197992e+01		1.2453301e+02		9.6556962e+01		2.9241635e+01		6.7315327e+01
3.1700000e+02		3.1800000e+02		3.1750000e+02		2.4155434e+02		1.0451346e+02		1.5441983e+02		1.1965592e+02		3.5827449e+01		8.3828468e+01
3.1800000e+02		3.1900000e+02		3.1850000e+02		1.9952276e+02		1.0246834e+02		1.5216506e+02		1.1846357e+02		3.7845118e+01		8.0618455e+01
3.1900000e+02		3.2000000e+02		3.1950000e+02		2.1430874e+02		1.2371025e+02		1.8435034e+02		1.4398237e+02		4.7964336e+01		9.6018029e+01
3.2000000e+02		3.2100000e+02		3.2050000e+02		2.4621307e+02		1.6052733e+02		2.4022676e+02		1.8826582e+02		6.5629970e+01		1.2263585e+02
3.2100000e+02		3.2200000e+02		3.2150000e+02		2.0677326e+02		1.4468928e+02		2.1708430e+02		1.7047118e+02		6.1000628e+01		1.0947055e+02
3.2200000e+02		3.2300000e+02		3.2250000e+02		2.0765168e+02		1.5228370e+02		2.2884148e+02		1.7994171e+02		6.5439555e+01		1.1450215e+02
3.2300000e+02		3.2400000e+02		3.2350000e+02		2.0066974e+02		1.6776431e+02		2.5350242e+02		2.0009075e+02		7.6485172e+01		1.2360558e+02
3.2400000e+02		3.2500000e+02		3.2450000e+02		2.3629853e+02		1.9694794e+02		2.9749375e+02		2.3479047e+02		8.9536394e+01		1.4525408e+02
3.2500000e+02		3.2600000e+02		3.2550000e+02		2.7209498e+02		2.3477825e+02		3.5517576e+02		2.8060204e+02		1.0842025e+02		1.7218179e+02
3.2600000e+02		3.2700000e+02		3.2650000e+02		3.0699214e+02		2.7564263e+02		4.1756495e+02		3.3026197e+02		1.2923074e+02		2.0103123e+02
3.2700000e+02		3.2800000e+02		3.2750000e+02		2.9701525e+02		2.6771629e+02		4.0552340e+02		3.2076951e+02		1.2552526e+02		1.9524425e+02
3.2800000e+02		3.2900000e+02		3.2850000e+02		2.8673370e+02		2.6402228e+02		4.0023953e+02		3.1678496e+02		1.2483785e+02		1.9194712e+02
3.2900000e+02		3.3000000e+02		3.2950000e+02		3.3379807e+02		3.0925630e+02		4.6872076e+02		3.7103723e+02		1.4617525e+02		2.2486198e+02
3.3000000e+02		3.3100000e+02		3.3050000e+02		3.1443449e+02		2.9387903e+02		4.4554810e+02		3.5278614e+02		1.3937571e+02		2.1341043e+02
3.3100000e+02		3.3200000e+02		3.3150000e+02		3.0087994e+02		2.8377725e+02		4.3024062e+02		3.4074404e+02		1.3478489e+02		2.0595916e+02
3.3200000e+02		3.3300000e+02		3.3250000e+02		2.9519831e+02		2.7821149e+02		4.2174837e+02		3.3401321e+02		1.3202828e+02		2.0198492e+02
3.3300000e+02		3.3400000e+02		3.3350000e+02		2.8364288e+02		2.6878469e+02		4.0735030e+02		3.2264516e+02		1.2743525e+02		1.9520991e+02
3.3400000e+02		3.3500000e+02		3.3450000e+02		2.9883003e+02		2.8344307e+02		4.2950240e+02		3.4019772e+02		1.3428294e+02		2.0591477e+02
3.3500000e+02		3.3600000e+02		3.3550000e+02		2.9511053e+02		2.8023853e+02		4.2460043e+02		3.3632509e+02		1.3270223e+02		2.0362286e+02
3.3600000e+02		3.3700000e+02		3.3650000e+02		2.4313126e+02		2.3093197e+02		3.4979701e+02		2.7706951e+02		1.0916258e+02		1.6790693e+02
3.3700000e+02		3.3800000e+02		3.3750000e+02		2.5649874e+02		2.4373367e+02		3.6915658e+02		2.9240855e+02		1.1516600e+02		1.7724255e+02
3.3800000e+02		3.3900000e+02		3.3850000e+02		2.7748673e+02		2.6405329e+02		3.9987562e+02		3.1675076e+02		1.2468356e+02		1.9206721e+02
3.3900000e+02		3.4000000e+02		3.3950000e+02		2.9040264e+02		2.7758180e+02		4.2027799e+02		3.3294261e+02		1.3098510e+02		2.0195751e+02
3.4000000e+02		3.4100000e+02		3.4050000e+02		3.0654056e+02		2.9321571e+02		4.4394458e+02		3.5170227e+02		1.3838068e+02		2.1332159e+02
3.4100000e+02		3.4200000e+02		3.4150000e+02		2.7979685e+02		2.6785993e+02		4.0550313e+02		3.2125410e+02		1.2633196e+02		1.9492214e+02
3.4200000e+02		3.4300000e+02		3.4250000e+02		3.0344565e+02		2.9062514e+02		4.3971503e+02		3.4833985e+02		1.3655447e+02		2.1178538e+02
3.4300000e+02		3.4400000e+02		3.4350000e+02		2.9822260e+02		2.8576156e+02		4.3225104e+02		3.4242496e+02		1.3406705e+02		2.0835791e+02
3.4400000e+02		3.4500000e+02		3.4450000e+02		2.3986676e+02		2.2985227e+02		3.4762488e+02		2.7538341e+02		1.0772784e+02		1.6765557e+02
3.4500000e+02		3.4600000e+02		3.4550000e+02		2.8907088e+02		2.7713983e+02		4.1910292e+02		3.3201199e+02		1.2982893e+02		2.0218306e+02
3.4600000e+02		3.4700000e+02		3.4650000e+02		2.8069735e+02		2.6922924e+02		4.0698344e+02		3.2240213e+02		1.2580842e+02		1.9659371e+02
3.4700000e+02		3.4800000e+02		3.4750000e+02		2.7782009e+02		2.6640619e+02		4.0270569e+02		3.1901535e+02		1.2447462e+02		1.9454073e+02
3.4800000e+02		3.4900000e+02		3.4850000e+02		2.8744416e+02		2.7581618e+02		4.1681207e+02		3.3018727e+02		1.2864337e+02		2.0154390e+02
3.4900000e+02		3.5000000e+02		3.4950000e+02		2.7550877e+02		2.6439561e+02		3.9950716e+02		3.1647928e+02		1.2323128e+02		1.9324800e+02
3.5000000e+02		3.5100000e+02		3.5050000e+02		3.3002358e+02		3.1677477e+02		4.7859701e+02		3.7913325e+02		1.4754177e+02		2.3159149e+02
3.5100000e+02		3.5200000e+02		3.5150000e+02		3.0660572e+02		2.9447507e+02		4.4470202e+02		3.5227012e+02		1.3674456e+02		2.1552556e+02
3.5200000e+02		3.5300000e+02		3.5250000e+02		2.8324198e+02		2.7219560e+02		4.1107401e+02		3.2564247e+02		1.2645665e+02		1.9918582e+02
3.5300000e+02		3.5400000e+02		3.5350000e+02		3.2405327e+02		3.1124296e+02		4.6999723e+02		3.7231523e+02		1.4449854e+02		2.2781669e+02
3.5400000e+02		3.5500000e+02		3.5450000e+02		3.4586270e+02		3.3229603e+02		5.0160234e+02		3.9733974e+02		1.5389508e+02		2.4344466e+02
3.5500000e+02		3.5600000e+02		3.5550000e+02		3.2478382e+02		3.1229977e+02		4.7137593e+02		3.7340350e+02		1.4457299e+02		2.2883051e+02
3.5600000e+02		3.5700000e+02		3.5650000e+02		2.8234357e+02		2.7153234e+02		4.0998374e+02		3.2479217e+02		1.2601410e+02		1.9877806e+02
3.5700000e+02		3.5800000e+02		3.5750000e+02		2.4674321e+02		2.3735854e+02		3.5814844e+02		2.8370740e+02		1.0966259e+02		1.7404481e+02
3.5800000e+02		3.5900000e+02		3.5850000e+02		2.1181106e+02		2.0366136e+02		3.0717704e+02		2.4331732e+02		9.3826999e+01		1.4949032e+02
3.5900000e+02		3.6000000e+02		3.5950000e+02		3.0582840e+02		2.9402886e+02		4.4357086e+02		3.5136957e+02		1.3566957e+02		2.1570000e+02
3.6000000e+02		3.6100000e+02		3.6050000e+02		3.0178862e+02		2.9024528e+02		4.3767925e+02		3.4668985e+02		1.3354928e+02		2.1314057e+02
3.6100000e+02		3.6200000e+02		3.6150000e+02		2.8033735e+02		2.6988686e+02		4.0694434e+02		3.2235171e+02		1.2413317e+02		1.9821854e+02
3.6200000e+02		3.6300000e+02		3.6250000e+02		3.1645921e+02		3.0464027e+02		4.5923425e+02		3.6376351e+02		1.3988710e+02		2.2387641e+02
3.6300000e+02		3.6400000e+02		3.6350000e+02		3.0810145e+02		2.9641425e+02		4.4679483e+02		3.5390518e+02		1.3602500e+02		2.1788018e+02
3.6400000e+02		3.6500000e+02		3.6450000e+02		3.2221950e+02		3.1010549e+02		4.6736521e+02		3.7019883e+02		1.4218236e+02		2.2801647e+02
3.6500000e+02		3.6600000e+02		3.6550000e+02		3.6674574e+02		3.5328446e+02		5.3227624e+02		4.2161042e+02		1.6166095e+02		2.5994947e+02
3.6600000e+02		3.6700000e+02		3.6650000e+02		3.9198946e+02		3.7765572e+02		5.6899089e+02		4.5069782e+02		1.7281947e+02		2.7787835e+02
3.6700000e+02		3.6800000e+02		3.6750000e+02		3.7850004e+02		3.6488053e+02		5.4981989e+02		4.3553171e+02		1.6716248e+02		2.6836923e+02
3.6800000e+02		3.6900000e+02		3.6850000e+02		3.4895620e+02		3.3647423e+02		5.0679750e+02		4.0143468e+02		1.5369809e+02		2.4773660e+02
3.6900000e+02		3.7000000e+02		3.6950000e+02		3.8736224e+02		3.7319699e+02		5.6225435e+02		4.4537423e+02		1.7077318e+02		2.7460105e+02
3.7000000e+02		3.7100000e+02		3.7050000e+02		3.6351013e+02		3.4991149e+02		5.2667253e+02		4.1713068e+02		1.5904232e+02		2.5808836e+02
3.7100000e+02		3.7200000e+02		3.7150000e+02		3.7529261e+02		3.6194355e+02		5.4491006e+02		4.3161220e+02		1.6483780e+02		2.6677441e+02
3.7200000e+02		3.7300000e+02		3.7250000e+02		3.1177186e+02		3.0081733e+02		4.5300934e+02		3.5884063e+02		1.3728458e+02		2.2155604e+02
3.7300000e+02		3.7400000e+02		3.7350000e+02		2.7192112e+02		2.6239590e+02		3.9504230e+02		3.1291580e+02		1.1953136e+02		1.9338444e+02
3.7400000e+02		3.7500000e+02		3.7450000e+02		2.7832167e+02		2.6854636e+02		4.0402056e+02		3.1999929e+02		1.2173892e+02		1.9826036e+02
3.7500000e+02		3.7600000e+02		3.7550000e+02		3.1876744e+02		3.0723460e+02		4.6225667e+02		3.6612219e+02		1.3932954e+02		2.2679265e+02
3.7600000e+02		3.7700000e+02		3.7650000e+02		3.3048657e+02		3.1896361e+02		4.7993670e+02		3.8014429e+02		1.4475505e+02		2.3538924e+02
3.7700000e+02		3.7800000e+02		3.7750000e+02		3.8770864e+02		3.7442821e+02		5.6322960e+02		4.4611102e+02		1.6960335e+02		2.7650767e+02
3.7800000e+02		3.7900000e+02		3.7850000e+02		4.0380398e+02		3.8991390e+02		5.8643332e+02		4.6448260e+02		1.7643145e+02		2.8805116e+02
3.7900000e+02		3.8000000e+02		3.7950000e+02		3.2744385e+02		3.1635912e+02		4.7588703e+02		3.7694188e+02		1.4334035e+02		2.3360153e+02
3.8000000e+02		3.8100000e+02		3.8050000e+02		3.5656330e+02		3.4462669e+02		5.1831933e+02		4.1054953e+02		1.5597510e+02		2.5457442e+02
3.8100000e+02		3.8200000e+02		3.8150000e+02		3.2019140e+02		3.0962273e+02		4.6522235e+02		3.6845035e+02		1.3918765e+02		2.2926270e+02
3.8200000e+02		3.8300000e+02		3.8250000e+02		2.2964197e+02		2.2195378e+02		3.3377694e+02		2.6437755e+02		1.0037571e+02		1.6400184e+02
3.8300000e+02		3.8400000e+02		3.8350000e+02		2.0267593e+02		1.9572177e+02		2.9417300e+02		2.3298856e+02		8.8174172e+01		1.4481438e+02
3.8400000e+02		3.8500000e+02		3.8450000e+02		2.7111947e+02		2.6203066e+02		3.9378704e+02		3.1188717e+02		1.1796177e+02		1.9392540e+02
3.8500000e+02		3.8600000e+02		3.8550000e+02		2.8715912e+02		2.7774152e+02		4.1751447e+02		3.3070115e+02		1.2530383e+02		2.0539732e+02
3.8600000e+02		3.8700000e+02		3.8650000e+02		2.8837692e+02		2.7906218e+02		4.1921891e+02		3.3202690e+02		1.2531586e+02		2.0671104e+02
3.8700000e+02		3.8800000e+02		3.8750000e+02		2.8805300e+02		2.7875108e+02		4.1881264e+02		3.3171480e+02		1.2531351e+02		2.0640129e+02
3.8800000e+02		3.8900000e+02		3.8850000e+02		2.9209390e+02		2.8255574e+02		4.2454883e+02		3.3626008e+02		1.2706582e+02		2.0919426e+02
3.8900000e+02		3.9000000e+02		3.8950000e+02		3.5069332e+02		3.3907981e+02		5.0935341e+02		4.0341401e+02		1.5221636e+02		2.5119765e+02
3.9000000e+02		3.9100000e+02		3.9050000e+02		3.6838836e+02		3.5660676e+02		5.3538723e+02		4.2401528e+02		1.5949027e+02		2.6452501e+02
3.9100000e+02		3.9200000e+02		3.9150000e+02		3.9613874e+02		3.8359144e+02		5.7609665e+02		4.5628506e+02		1.7199494e+02		2.8429012e+02
3.9200000e+02		3.9300000e+02		3.9250000e+02		3.0403432e+02		2.9444678e+02		4.4229114e+02		3.5031929e+02		1.3219576e+02		2.1812353e+02
3.9300000e+02		3.9400000e+02		3.9350000e+02		1.8639471e+02		1.8055023e+02		2.7113128e+02		2.1474562e+02		8.0907169e+01		1.3383845e+02
3.9400000e+02		3.9500000e+02		3.9450000e+02		3.0813115e+02		2.9846277e+02		4.4839076e+02		3.5516476e+02		1.3415835e+02		2.2100641e+02
3.9500000e+02		3.9600000e+02		3.9550000e+02		3.7840801e+02		3.6673142e+02		5.5024577e+02		4.3577351e+02		1.6335532e+02		2.7241819e+02
3.9600000e+02		3.9700000e+02		3.9650000e+02		2.6140326e+02		2.5330136e+02		3.8018294e+02		3.0110571e+02		1.1310632e+02		1.8799940e+02
3.9700000e+02		3.9800000e+02		3.9750000e+02		2.9300657e+02		2.8393475e+02		4.2617595e+02		3.3753663e+02		1.2682343e+02		2.1071321e+02
3.9800000e+02		3.9900000e+02		3.9850000e+02		4.5124719e+02		4.3733490e+02		6.5631423e+02		5.1980226e+02		1.9511987e+02		3.2468238e+02
3.9900000e+02		4.0000000e+02		3.9950000e+02		4.9846141e+02		4.8308027e+02		7.2506030e+02		5.7426365e+02		2.1574221e+02		3.5852144e+02
4.0000000e+02		4.0100000e+02		4.0050000e+02		5.1407199e+02		4.9840669e+02		7.4784614e+02		5.9229586e+02		2.2214416e+02		3.7015170e+02
4.0100000e+02		4.0200000e+02		4.0150000e+02		5.3860814e+02		5.2228305e+02		7.8365898e+02		6.2066487e+02		2.3277388e+02		3.8789098e+02
4.0200000e+02		4.0300000e+02		4.0250000e+02		5.4526519e+02		5.2870457e+02		7.9364817e+02		6.2861896e+02		2.3639998e+02		3.9221898e+02
4.0300000e+02		4.0400000e+02		4.0350000e+02		5.2165796e+02		5.0603241e+02		7.5890703e+02		6.0103372e+02		2.2477551e+02		3.7625821e+02
4.0400000e+02		4.0500000e+02		4.0450000e+02		5.1300620e+02		4.9772425e+02		7.4628202e+02		5.9102307e+02		2.2074739e+02		3.7027569e+02
4.0500000e+02		4.0600000e+02		4.0550000e+02		5.1256585e+02		4.9722043e+02		7.4605097e+02		5.9089985e+02		2.2164790e+02		3.6925195e+02
4.0600000e+02		4.0700000e+02		4.0650000e+02		4.9035274e+02		4.7565153e+02		7.1394110e+02		5.6549872e+02		2.1258074e+02		3.5291798e+02
4.0700000e+02		4.0800000e+02		4.0750000e+02		4.9838294e+02		4.8356695e+02		7.2549104e+02		5.7461766e+02		2.1542830e+02		3.5918936e+02
4.0800000e+02		4.0900000e+02		4.0850000e+02		5.2990289e+02		5.1431551e+02		7.7110964e+02		6.1070100e+02		2.2805051e+02		3.8265049e+02
4.0900000e+02		4.1000000e+02		4.0950000e+02		5.2713439e+02		5.1162655e+02		7.6723389e+02		6.0765265e+02		2.2720021e+02		3.8045244e+02
4.1000000e+02		4.1100000e+02		4.1050000e+02		4.8293937e+02		4.6880077e+02		7.0291946e+02		5.5671010e+02		2.0799570e+02		3.4871440e+02
4.1100000e+02		4.1200000e+02		4.1150000e+02		5.5986852e+02		5.4354415e+02		8.1489541e+02		6.4538999e+02		2.4096985e+02		4.0442014e+02
4.1200000e+02		4.1300000e+02		4.1250000e+02		5.4940473e+02		5.3343317e+02		7.9970646e+02		6.3336225e+02		2.3643475e+02		3.9692750e+02
4.1300000e+02		4.1400000e+02		4.1350000e+02		5.2995399e+02		5.1457456e+02		7.7149604e+02		6.1103093e+02		2.2821821e+02		3.8281272e+02
4.1400000e+02		4.1500000e+02		4.1450000e+02		5.3771640e+02		5.2221055e+02		7.8270120e+02		6.1988483e+02		2.3109984e+02		3.8878499e+02
4.1500000e+02		4.1600000e+02		4.1550000e+02		5.3722776e+02		5.2160122e+02		7.8250160e+02		6.1980589e+02		2.3235474e+02		3.8745115e+02
4.1600000e+02		4.1700000e+02		4.1650000e+02		5.5745703e+02		5.4146193e+02		8.1155635e+02		6.4274723e+02		2.3964360e+02		4.0310363e+02
4.1700000e+02		4.1800000e+02		4.1750000e+02		5.0725322e+02		4.9282859e+02		7.3828305e+02		5.8467979e+02		2.1732227e+02		3.6735752e+02
4.1800000e+02		4.1900000e+02		4.1850000e+02		5.2601513e+02		5.1106468e+02		7.6565238e+02		6.0636407e+02		2.2548077e+02		3.8088330e+02
4.1900000e+02		4.2000000e+02		4.1950000e+02		5.3123875e+02		5.1612260e+02		7.7350866e+02		6.1261983e+02		2.2831489e+02		3.8430494e+02
4.2000000e+02		4.2100000e+02		4.2050000e+02		5.3797708e+02		5.2277107e+02		7.8319288e+02		6.2026492e+02		2.3067292e+02		3.8959200e+02
4.2100000e+02		4.2200000e+02		4.2150000e+02		5.2958361e+02		5.1462935e+02		7.7111324e+02		6.1071478e+02		2.2734057e+02		3.8337422e+02
4.2200000e+02		4.2300000e+02		4.2250000e+02		5.0190537e+02		4.8784380e+02		7.3065613e+02		5.7864345e+02		2.1483426e+02		3.6380919e+02
4.2300000e+02		4.2400000e+02		4.2350000e+02		5.3474862e+02		5.1978650e+02		7.7856409e+02		6.1659532e+02		2.2905212e+02		3.8754320e+02
4.2400000e+02		4.2500000e+02		4.2450000e+02		5.5328403e+02		5.3786346e+02		8.0554951e+02		6.3796156e+02		2.3683464e+02		4.0112692e+02
4.2500000e+02		4.2600000e+02		4.2550000e+02		5.3248014e+02		5.1767678e+02		7.7530065e+02		6.1400816e+02		2.2792248e+02		3.8608567e+02
4.2600000e+02		4.2700000e+02		4.2650000e+02		5.3029841e+02		5.1555619e+02		7.7226978e+02		6.1162699e+02		2.2730595e+02		3.8432104e+02
4.2700000e+02		4.2800000e+02		4.2750000e+02		4.9171747e+02		4.7808233e+02		7.1611469e+02		5.6715434e+02		2.1074665e+02		3.5640769e+02
4.2800000e+02		4.2900000e+02		4.2850000e+02		4.9494538e+02		4.8131317e+02		7.2070573e+02		5.7076805e+02		2.1165250e+02		3.5911555e+02
4.2900000e+02		4.3000000e+02		4.2950000e+02		4.6063718e+02		4.4797433e+02		6.7080766e+02		5.3125663e+02		1.9704805e+02		3.3420858e+02
4.3000000e+02		4.3100000e+02		4.3050000e+02		3.7055843e+02		3.6034826e+02		5.3979329e+02		4.2752125e+02		1.5893298e+02		2.6858826e+02
4.3100000e+02		4.3200000e+02		4.3150000e+02		4.5818753e+02		4.4567683e+02		6.6717104e+02		5.2836255e+02		1.9563652e+02		3.3272604e+02
4.3200000e+02		4.3300000e+02		4.3250000e+02		5.1625369e+02		5.0235411e+02		7.5144220e+02		5.9504417e+02		2.1930704e+02		3.7573713e+02
4.3300000e+02		4.3400000e+02		4.3350000e+02		5.6047485e+02		5.4508838e+02		8.1669717e+02		6.4686100e+02		2.4079661e+02		4.0606440e+02
4.3400000e+02		4.3500000e+02		4.3450000e+02		4.7595241e+02		4.6330226e+02		6.9250390e+02		5.4832445e+02		2.0116466e+02		3.4715979e+02
4.3500000e+02		4.3600000e+02		4.3550000e+02		5.3162725e+02		5.1718883e+02		7.7460248e+02		6.1349667e+02		2.2786681e+02		3.8562986e+02
4.3600000e+02		4.3700000e+02		4.3650000e+02		5.9481241e+02		5.7864955e+02		8.6671103e+02		6.8645805e+02		2.5507765e+02		4.3138040e+02
4.3700000e+02		4.3800000e+02		4.3750000e+02		5.2629983e+02		5.1226348e+02		7.6621657e+02		6.0675623e+02		2.2357224e+02		3.8318399e+02
4.3800000e+02		4.3900000e+02		4.3850000e+02		5.1257868e+02		4.9879952e+02		7.4673837e+02		5.9140432e+02		2.1910532e+02		3.7229900e+02
4.3900000e+02		4.4000000e+02		4.3950000e+02		5.7051902e+02		5.5533871e+02		8.3080937e+02		6.5793083e+02		2.4273556e+02		4.1519527e+02
4.4000000e+02		4.4100000e+02		4.4050000e+02		5.4089681e+02		5.2646724e+02		7.8791941e+02		6.2400065e+02		2.3076654e+02		3.9323411e+02
4.4100000e+02		4.4200000e+02		4.4150000e+02		5.9491633e+02		5.7894151e+02		8.6650210e+02		6.8624056e+02		2.5387227e+02		4.3236829e+02
4.4200000e+02		4.4300000e+02		4.4250000e+02		6.2544254e+02		6.0861351e+02		9.1082622e+02		7.2133628e+02		2.6670493e+02		4.5463135e+02
4.4300000e+02		4.4400000e+02		4.4350000e+02		6.0497206e+02		5.8872786e+02		8.8112889e+02		6.9782784e+02		2.5813334e+02		4.3969450e+02
4.4400000e+02		4.4500000e+02		4.4450000e+02		6.2324411e+02		6.0642759e+02		9.0744404e+02		7.1864993e+02		2.6552091e+02		4.5312902e+02
4.4500000e+02		4.4600000e+02		4.4550000e+02		5.7783999e+02		5.6234953e+02		8.4132477e+02		6.6627418e+02		2.4588837e+02		4.2038581e+02
4.4600000e+02		4.4700000e+02		4.4650000e+02		5.8940025e+02		5.7382239e+02		8.5845958e+02		6.7984936e+02		2.5086250e+02		4.2898686e+02
4.4700000e+02		4.4800000e+02		4.4750000e+02		6.3881895e+02		6.2205597e+02		9.3045274e+02		7.3685132e+02		2.7160873e+02		4.6524260e+02
4.4800000e+02		4.4900000e+02		4.4850000e+02		6.2805979e+02		6.1170289e+02		9.1480088e+02		7.2444387e+02		2.6674803e+02		4.5769584e+02
4.4900000e+02		4.5000000e+02		4.4950000e+02		6.3454704e+02		6.1798490e+02		9.2473278e+02		7.3236977e+02		2.7063750e+02		4.6173227e+02
4.5000000e+02		4.5100000e+02		4.5050000e+02		6.7325368e+02		6.5561354e+02		9.8127605e+02		7.7717971e+02		2.8762865e+02		4.8955106e+02
4.5100000e+02		4.5200000e+02		4.5150000e+02		6.7122600e+02		6.5386009e+02		9.7793629e+02		7.7446329e+02		2.8535021e+02		4.8911307e+02
4.5200000e+02		4.5300000e+02		4.5250000e+02		6.3541039e+02		6.1894715e+02		9.2594872e+02		7.3332006e+02		2.7060920e+02		4.6271086e+02
4.5300000e+02		4.5400000e+02		4.5350000e+02		6.0888666e+02		5.9319204e+02		8.8723260e+02		7.0264197e+02		2.5896131e+02		4.4368066e+02
4.5400000e+02		4.5500000e+02		4.5450000e+02		6.4999363e+02		6.3319628e+02		9.4733246e+02		7.5026938e+02		2.7699792e+02		4.7327145e+02
4.5500000e+02		4.5600000e+02		4.5550000e+02		6.4380306e+02		6.2734006e+02		9.3797960e+02		7.4280344e+02		2.7318929e+02		4.6961415e+02
4.5600000e+02		4.5700000e+02		4.5650000e+02		6.6853861e+02		6.5136448e+02		9.7435623e+02		7.7166223e+02		2.8462754e+02		4.8703469e+02
4.5700000e+02		4.5800000e+02		4.5750000e+02		6.7499745e+02		6.5780984e+02		9.8348788e+02		7.7884421e+02		2.8637042e+02		4.9247380e+02
4.5800000e+02		4.5900000e+02		4.5850000e+02		6.3439039e+02		6.1823019e+02		9.2445611e+02		7.3211412e+02		2.6945226e+02		4.6266186e+02
4.5900000e+02		4.6000000e+02		4.5950000e+02		6.5539586e+02		6.3869960e+02		9.5516642e+02		7.5644891e+02		2.7859785e+02		4.7785106e+02
4.6000000e+02		4.6100000e+02		4.6050000e+02		6.4752339e+02		6.3107318e+02		9.4371608e+02		7.4737929e+02		2.7518321e+02		4.7219608e+02
4.6100000e+02		4.6200000e+02		4.6150000e+02		6.6245412e+02		6.4560267e+02		9.6564190e+02		7.6476767e+02		2.8194741e+02		4.8282026e+02
4.6200000e+02		4.6300000e+02		4.6250000e+02		6.6901120e+02		6.5218379e+02		9.7481463e+02		7.7196508e+02		2.8340559e+02		4.8855949e+02
4.6300000e+02		4.6400000e+02		4.6350000e+02		6.4662616e+02		6.3027682e+02		9.4253811e+02		7.4645735e+02		2.7488609e+02		4.7157126e+02
4.6400000e+02		4.6500000e+02		4.6450000e+02		6.5795753e+02		6.4144487e+02		9.5879328e+02		7.5928717e+02		2.7881787e+02		4.8046930e+02
4.6500000e+02		4.6600000e+02		4.6550000e+02		6.3552746e+02		6.1955882e+02		9.2634979e+02		7.3362603e+02		2.6988593e+02		4.6374010e+02
4.6600000e+02		4.6700000e+02		4.6650000e+02		6.3955371e+02		6.2359762e+02		9.3198759e+02		7.3805177e+02		2.7080143e+02		4.6725034e+02
4.6700000e+02		4.6800000e+02		4.6750000e+02		6.4572639e+02		6.2956972e+02		9.4100389e+02		7.4520324e+02		2.7359184e+02		4.7161140e+02
4.6800000e+02		4.6900000e+02		4.6850000e+02		6.3145002e+02		6.1572940e+02		9.2013293e+02		7.2865868e+02		2.6719353e+02		4.6146515e+02
4.6900000e+02		4.7000000e+02		4.6950000e+02		6.4956875e+02		6.3327518e+02		9.4678729e+02		7.4981390e+02		2.7573355e+02		4.7408034e+02
4.7000000e+02		4.7100000e+02		4.7050000e+02		6.1381170e+02		5.9845334e+02		8.9464158e+02		7.0851054e+02		2.6039814e+02		4.4811240e+02
4.7100000e+02		4.7200000e+02		4.7150000e+02		6.4174114e+02		6.2574692e+02		9.3521492e+02		7.4062087e+02		2.7179468e+02		4.6882620e+02
4.7200000e+02		4.7300000e+02		4.7250000e+02		6.5742798e+02		6.4108255e+02		9.5804872e+02		7.5869723e+02		2.7827931e+02		4.8041792e+02
4.7300000e+02		4.7400000e+02		4.7350000e+02		6.4563741e+02		6.2953874e+02		9.4080550e+02		7.4504383e+02		2.7328796e+02		4.7175586e+02
4.7400000e+02		4.7500000e+02		4.7450000e+02		6.6512717e+02		6.4869783e+02		9.6934180e+02		7.6763793e+02		2.8141530e+02		4.8622264e+02
4.7500000e+02		4.7600000e+02		4.7550000e+02		6.6365303e+02		6.4730606e+02		9.6745905e+02		7.6617248e+02		2.8124097e+02		4.8493151e+02
4.7600000e+02		4.7700000e+02		4.7650000e+02		6.3952653e+02		6.2384385e+02		9.3224188e+02		7.3826964e+02		2.7073433e+02		4.6753531e+02
4.7700000e+02		4.7800000e+02		4.7750000e+02		6.6772274e+02		6.5137995e+02		9.7337016e+02		7.7084099e+02		2.8264786e+02		4.8819313e+02
4.7800000e+02		4.7900000e+02		4.7850000e+02		6.6128260e+02		6.4521977e+02		9.6375277e+02		7.6318402e+02		2.7910640e+02		4.8407762e+02
4.7900000e+02		4.8000000e+02		4.7950000e+02		6.6320839e+02		6.4708317e+02		9.6670272e+02		7.6554033e+02		2.8027264e+02		4.8526769e+02
4.8000000e+02		4.8100000e+02		4.8050000e+02		6.6489751e+02		6.4870443e+02		9.6940789e+02		7.6771511e+02		2.8158229e+02		4.8613282e+02
4.8100000e+02		4.8200000e+02		4.8150000e+02		6.6630748e+02		6.5001494e+02		9.7164756e+02		7.6952111e+02		2.8275464e+02		4.8676647e+02
4.8200000e+02		4.8300000e+02		4.8250000e+02		6.6376999e+02		6.4759584e+02		9.6789943e+02		7.6654141e+02		2.8142824e+02		4.8511317e+02
4.8300000e+02		4.8400000e+02		4.8350000e+02		6.5373157e+02		6.3793526e+02		9.5293208e+02		7.5463420e+02		2.7611265e+02		4.7852155e+02
4.8400000e+02		4.8500000e+02		4.8450000e+02		6.4242337e+02		6.2674338e+02		9.3687102e+02		7.4198612e+02		2.7266725e+02		4.6931886e+02
4.8500000e+02		4.8600000e+02		4.8550000e+02		6.0369332e+02		5.8901574e+02		8.8002095e+02		6.9691481e+02		2.5529195e+02		4.4162286e+02
4.8600000e+02		4.8700000e+02		4.8650000e+02		5.2412565e+02		5.1144936e+02		7.6411714e+02		6.0512874e+02		2.2164779e+02		3.8348095e+02
4.8700000e+02		4.8800000e+02		4.8750000e+02		5.9966111e+02		5.8509238e+02		8.7431389e+02		6.9241626e+02		2.5393104e+02		4.3848522e+02
4.8800000e+02		4.8900000e+02		4.8850000e+02		6.3081686e+02		6.1554011e+02		9.1969481e+02		7.2834579e+02		2.6690111e+02		4.6144468e+02
4.8900000e+02		4.9000000e+02		4.8950000e+02		6.1880396e+02		6.0391892e+02		9.0202982e+02		7.1432687e+02		2.6122802e+02		4.5309885e+02
4.9000000e+02		4.9100000e+02		4.9050000e+02		6.5907671e+02		6.4322891e+02		9.6094856e+02		7.6101007e+02		2.7867322e+02		4.8233685e+02
4.9100000e+02		4.9200000e+02		4.9150000e+02		6.2110374e+02		6.0625376e+02		9.0538056e+02		7.1697107e+02		2.6195998e+02		4.5501109e+02
4.9200000e+02		4.9300000e+02		4.9250000e+02		5.9112858e+02		5.7698435e+02		8.6204914e+02		6.8270054e+02		2.5012719e+02		4.3257335e+02
4.9300000e+02		4.9400000e+02		4.9350000e+02		6.2472140e+02		6.0982168e+02		9.1100980e+02		7.2146683e+02		2.6415528e+02		4.5731155e+02
4.9400000e+02		4.9500000e+02		4.9450000e+02		6.4279699e+02		6.2751737e+02		9.3733841e+02		7.4230868e+02		2.7159916e+02		4.7070951e+02
4.9500000e+02		4.9600000e+02		4.9550000e+02		6.3133158e+02		6.1629540e+02		9.2077509e+02		7.2921485e+02		2.6717031e+02		4.6204455e+02
4.9600000e+02		4.9700000e+02		4.9650000e+02		6.3921352e+02		6.2406387e+02		9.3214873e+02		7.3819993e+02		2.7004880e+02		4.6815112e+02
4.9700000e+02		4.9800000e+02		4.9750000e+02		6.5113923e+02		6.3574426e+02		9.4951591e+02		7.5194740e+02		2.7493959e+02		4.7700781e+02
4.9800000e+02		4.9900000e+02		4.9850000e+02		5.9175801e+02		5.7772067e+02		8.6307753e+02		6.8351970e+02		2.5032318e+02		4.3319652e+02
4.9900000e+02		5.0000000e+02		4.9950000e+02		6.3385792e+02		6.1876908e+02		9.2446584e+02		7.3214401e+02		2.6824798e+02		4.6389603e+02
