Left Bin Edge (nm)	Right Bin Edge (nm)	Bin Center (nm)		Top of Atm Intensity (erg/s/nm/cm2)		Total Surface Flux (erg/s/nm/cm2)		Total Intensity at BOA (erg/s/nm/cm2)		Total Surface Intensity (erg/s/nm/cm2)		Total Surface Diffuse Intensity (erg/s/nm/cm2)		Total Surface Direct Intensity (erg/s/nm/cm2)
1.0000000e+02		1.0100000e+02		1.0050000e+02		1.9189487e-02		0.0000000e+00		0.0000000e+00		0.0000000e+00		0.0000000e+00		0.0000000e+00
1.0100000e+02		1.0200000e+02		1.0150000e+02		7.4861701e-02		0.0000000e+00		0.0000000e+00		0.0000000e+00		0.0000000e+00		0.0000000e+00
1.0200000e+02		1.0300000e+02		1.0250000e+02		3.9734366e-01		0.0000000e+00		0.0000000e+00		0.0000000e+00		0.0000000e+00		0.0000000e+00
1.0300000e+02		1.0400000e+02		1.0350000e+02		3.0179545e-01		0.0000000e+00		0.0000000e+00		0.0000000e+00		0.0000000e+00		0.0000000e+00
1.0400000e+02		1.0500000e+02		1.0450000e+02		6.0815352e-02		0.0000000e+00		0.0000000e+00		0.0000000e+00		0.0000000e+00		0.0000000e+00
1.0500000e+02		1.0600000e+02		1.0550000e+02		2.0834600e-02		0.0000000e+00		0.0000000e+00		0.0000000e+00		0.0000000e+00		0.0000000e+00
1.0600000e+02		1.0700000e+02		1.0650000e+02		1.9584792e-02		0.0000000e+00		0.0000000e+00		0.0000000e+00		0.0000000e+00		0.0000000e+00
1.0700000e+02		1.0800000e+02		1.0750000e+02		2.1853879e-02		0.0000000e+00		0.0000000e+00		0.0000000e+00		0.0000000e+00		0.0000000e+00
1.0800000e+02		1.0900000e+02		1.0850000e+02		3.0634999e-02		0.0000000e+00		0.0000000e+00		0.0000000e+00		0.0000000e+00		0.0000000e+00
1.0900000e+02		1.1000000e+02		1.0950000e+02		2.4032561e-02		0.0000000e+00		0.0000000e+00		0.0000000e+00		0.0000000e+00		0.0000000e+00
1.1000000e+02		1.1100000e+02		1.1050000e+02		2.3268893e-02		0.0000000e+00		0.0000000e+00		0.0000000e+00		0.0000000e+00		0.0000000e+00
1.1100000e+02		1.1200000e+02		1.1150000e+02		2.1871272e-02		0.0000000e+00		0.0000000e+00		0.0000000e+00		0.0000000e+00		0.0000000e+00
1.1200000e+02		1.1300000e+02		1.1250000e+02		2.2375602e-02		0.0000000e+00		0.0000000e+00		0.0000000e+00		0.0000000e+00		0.0000000e+00
1.1300000e+02		1.1400000e+02		1.1350000e+02		1.7748133e-02		0.0000000e+00		0.0000000e+00		0.0000000e+00		0.0000000e+00		0.0000000e+00
1.1400000e+02		1.1500000e+02		1.1450000e+02		1.3589480e-02		0.0000000e+00		0.0000000e+00		0.0000000e+00		0.0000000e+00		0.0000000e+00
1.1500000e+02		1.1600000e+02		1.1550000e+02		1.8751615e-02		0.0000000e+00		0.0000000e+00		0.0000000e+00		0.0000000e+00		0.0000000e+00
1.1600000e+02		1.1700000e+02		1.1650000e+02		4.3674487e-02		0.0000000e+00		0.0000000e+00		0.0000000e+00		0.0000000e+00		0.0000000e+00
1.1700000e+02		1.1800000e+02		1.1750000e+02		1.5546757e-01		0.0000000e+00		0.0000000e+00		0.0000000e+00		0.0000000e+00		0.0000000e+00
1.1800000e+02		1.1900000e+02		1.1850000e+02		5.2889236e-02		0.0000000e+00		0.0000000e+00		0.0000000e+00		0.0000000e+00		0.0000000e+00
1.1900000e+02		1.2000000e+02		1.1950000e+02		7.3692884e-02		0.0000000e+00		0.0000000e+00		0.0000000e+00		0.0000000e+00		0.0000000e+00
1.2000000e+02		1.2100000e+02		1.2050000e+02		4.0066072e-01		0.0000000e+00		0.0000000e+00		0.0000000e+00		0.0000000e+00		0.0000000e+00
1.2100000e+02		1.2200000e+02		1.2150000e+02		1.5905289e+01		0.0000000e+00		0.0000000e+00		0.0000000e+00		0.0000000e+00		0.0000000e+00
1.2200000e+02		1.2300000e+02		1.2250000e+02		1.0666543e-01		0.0000000e+00		0.0000000e+00		0.0000000e+00		0.0000000e+00		0.0000000e+00
1.2300000e+02		1.2400000e+02		1.2350000e+02		5.7456553e-02		0.0000000e+00		0.0000000e+00		0.0000000e+00		0.0000000e+00		0.0000000e+00
1.2400000e+02		1.2500000e+02		1.2450000e+02		4.6184197e-02		0.0000000e+00		0.0000000e+00		0.0000000e+00		0.0000000e+00		0.0000000e+00
1.2500000e+02		1.2600000e+02		1.2550000e+02		4.5085118e-02		0.0000000e+00		0.0000000e+00		0.0000000e+00		0.0000000e+00		0.0000000e+00
1.2600000e+02		1.2700000e+02		1.2650000e+02		6.3054464e-02		0.0000000e+00		0.0000000e+00		0.0000000e+00		0.0000000e+00		0.0000000e+00
1.2700000e+02		1.2800000e+02		1.2750000e+02		3.3006429e-02		0.0000000e+00		0.0000000e+00		0.0000000e+00		0.0000000e+00		0.0000000e+00
1.2800000e+02		1.2900000e+02		1.2850000e+02		2.6335196e-02		0.0000000e+00		0.0000000e+00		0.0000000e+00		0.0000000e+00		0.0000000e+00
1.2900000e+02		1.3000000e+02		1.2950000e+02		3.5131240e-02		0.0000000e+00		0.0000000e+00		0.0000000e+00		0.0000000e+00		0.0000000e+00
1.3000000e+02		1.3100000e+02		1.3050000e+02		2.8850634e-01		0.0000000e+00		0.0000000e+00		0.0000000e+00		0.0000000e+00		0.0000000e+00
1.3100000e+02		1.3200000e+02		1.3150000e+02		3.9064855e-02		0.0000000e+00		0.0000000e+00		0.0000000e+00		0.0000000e+00		0.0000000e+00
1.3200000e+02		1.3300000e+02		1.3250000e+02		3.0374778e-02		0.0000000e+00		0.0000000e+00		0.0000000e+00		0.0000000e+00		0.0000000e+00
1.3300000e+02		1.3400000e+02		1.3350000e+02		4.1056606e-01		0.0000000e+00		0.0000000e+00		0.0000000e+00		0.0000000e+00		0.0000000e+00
1.3400000e+02		1.3500000e+02		1.3450000e+02		2.8092500e-02		0.0000000e+00		0.0000000e+00		0.0000000e+00		0.0000000e+00		0.0000000e+00
1.3500000e+02		1.3600000e+02		1.3550000e+02		5.8954708e-02		0.0000000e+00		0.0000000e+00		0.0000000e+00		0.0000000e+00		0.0000000e+00
1.3600000e+02		1.3700000e+02		1.3650000e+02		3.8690656e-02		0.0000000e+00		0.0000000e+00		0.0000000e+00		0.0000000e+00		0.0000000e+00
1.3700000e+02		1.3800000e+02		1.3750000e+02		3.9732879e-02		0.0000000e+00		0.0000000e+00		0.0000000e+00		0.0000000e+00		0.0000000e+00
1.3800000e+02		1.3900000e+02		1.3850000e+02		4.0549866e-02		0.0000000e+00		0.0000000e+00		0.0000000e+00		0.0000000e+00		0.0000000e+00
1.3900000e+02		1.4000000e+02		1.3950000e+02		1.3692187e-01		0.0000000e+00		0.0000000e+00		0.0000000e+00		0.0000000e+00		0.0000000e+00
1.4000000e+02		1.4100000e+02		1.4050000e+02		1.1939088e-01		0.0000000e+00		0.0000000e+00		0.0000000e+00		0.0000000e+00		0.0000000e+00
1.4100000e+02		1.4200000e+02		1.4150000e+02		5.7521948e-02		0.0000000e+00		0.0000000e+00		0.0000000e+00		0.0000000e+00		0.0000000e+00
1.4200000e+02		1.4300000e+02		1.4250000e+02		6.2343151e-02		0.0000000e+00		0.0000000e+00		0.0000000e+00		0.0000000e+00		0.0000000e+00
1.4300000e+02		1.4400000e+02		1.4350000e+02		6.9165895e-02		0.0000000e+00		0.0000000e+00		0.0000000e+00		0.0000000e+00		0.0000000e+00
1.4400000e+02		1.4500000e+02		1.4450000e+02		6.6149126e-02		0.0000000e+00		0.0000000e+00		0.0000000e+00		0.0000000e+00		0.0000000e+00
1.4500000e+02		1.4600000e+02		1.4550000e+02		7.0536262e-02		0.0000000e+00		0.0000000e+00		0.0000000e+00		0.0000000e+00		0.0000000e+00
1.4600000e+02		1.4700000e+02		1.4650000e+02		8.6012655e-02		0.0000000e+00		0.0000000e+00		0.0000000e+00		0.0000000e+00		0.0000000e+00
1.4700000e+02		1.4800000e+02		1.4750000e+02		1.0610345e-01		0.0000000e+00		0.0000000e+00		0.0000000e+00		0.0000000e+00		0.0000000e+00
1.4800000e+02		1.4900000e+02		1.4850000e+02		1.0405386e-01		0.0000000e+00		0.0000000e+00		0.0000000e+00		0.0000000e+00		0.0000000e+00
1.4900000e+02		1.5000000e+02		1.4950000e+02		9.4002421e-02		0.0000000e+00		0.0000000e+00		0.0000000e+00		0.0000000e+00		0.0000000e+00
1.5000000e+02		1.5100000e+02		1.5050000e+02		1.0343288e-01		0.0000000e+00		0.0000000e+00		0.0000000e+00		0.0000000e+00		0.0000000e+00
1.5100000e+02		1.5200000e+02		1.5150000e+02		1.0875212e-01		0.0000000e+00		0.0000000e+00		0.0000000e+00		0.0000000e+00		0.0000000e+00
1.5200000e+02		1.5300000e+02		1.5250000e+02		1.3876638e-01		0.0000000e+00		0.0000000e+00		0.0000000e+00		0.0000000e+00		0.0000000e+00
1.5300000e+02		1.5400000e+02		1.5350000e+02		1.5371418e-01		0.0000000e+00		0.0000000e+00		0.0000000e+00		0.0000000e+00		0.0000000e+00
1.5400000e+02		1.5500000e+02		1.5450000e+02		4.1112511e-01		0.0000000e+00		0.0000000e+00		0.0000000e+00		0.0000000e+00		0.0000000e+00
1.5500000e+02		1.5600000e+02		1.5550000e+02		3.3836363e-01		0.0000000e+00		0.0000000e+00		0.0000000e+00		0.0000000e+00		0.0000000e+00
1.5600000e+02		1.5700000e+02		1.5650000e+02		2.0084632e-01		0.0000000e+00		0.0000000e+00		0.0000000e+00		0.0000000e+00		0.0000000e+00
1.5700000e+02		1.5800000e+02		1.5750000e+02		1.8216796e-01		0.0000000e+00		0.0000000e+00		0.0000000e+00		0.0000000e+00		0.0000000e+00
1.5800000e+02		1.5900000e+02		1.5850000e+02		1.6795176e-01		0.0000000e+00		0.0000000e+00		0.0000000e+00		0.0000000e+00		0.0000000e+00
1.5900000e+02		1.6000000e+02		1.5950000e+02		1.6379377e-01		0.0000000e+00		0.0000000e+00		0.0000000e+00		0.0000000e+00		0.0000000e+00
1.6000000e+02		1.6100000e+02		1.6050000e+02		1.7926410e-01		0.0000000e+00		0.0000000e+00		0.0000000e+00		0.0000000e+00		0.0000000e+00
1.6100000e+02		1.6200000e+02		1.6150000e+02		2.0306941e-01		0.0000000e+00		0.0000000e+00		0.0000000e+00		0.0000000e+00		0.0000000e+00
1.6200000e+02		1.6300000e+02		1.6250000e+02		2.2492895e-01		0.0000000e+00		0.0000000e+00		0.0000000e+00		0.0000000e+00		0.0000000e+00
1.6300000e+02		1.6400000e+02		1.6350000e+02		4.7671727e-01		0.0000000e+00		0.0000000e+00		0.0000000e+00		0.0000000e+00		0.0000000e+00
1.6400000e+02		1.6500000e+02		1.6450000e+02		4.8753270e-01		0.0000000e+00		0.0000000e+00		0.0000000e+00		0.0000000e+00		0.0000000e+00
1.6500000e+02		1.6600000e+02		1.6550000e+02		5.7072689e-01		0.0000000e+00		0.0000000e+00		0.0000000e+00		0.0000000e+00		0.0000000e+00
1.6600000e+02		1.6700000e+02		1.6650000e+02		2.6919628e-01		0.0000000e+00		0.0000000e+00		0.0000000e+00		0.0000000e+00		0.0000000e+00
1.6700000e+02		1.6800000e+02		1.6750000e+02		2.8728373e-01		0.0000000e+00		0.0000000e+00		0.0000000e+00		0.0000000e+00		0.0000000e+00
1.6800000e+02		1.6900000e+02		1.6850000e+02		3.0958866e-01		0.0000000e+00		0.0000000e+00		0.0000000e+00		0.0000000e+00		0.0000000e+00
1.6900000e+02		1.7000000e+02		1.6950000e+02		3.8988989e-01		0.0000000e+00		0.0000000e+00		0.0000000e+00		0.0000000e+00		0.0000000e+00
1.7000000e+02		1.7100000e+02		1.7050000e+02		4.3752516e-01		0.0000000e+00		0.0000000e+00		0.0000000e+00		0.0000000e+00		0.0000000e+00
1.7100000e+02		1.7200000e+02		1.7150000e+02		4.3618394e-01		0.0000000e+00		0.0000000e+00		0.0000000e+00		0.0000000e+00		0.0000000e+00
1.7200000e+02		1.7300000e+02		1.7250000e+02		4.5514763e-01		0.0000000e+00		0.0000000e+00		0.0000000e+00		0.0000000e+00		0.0000000e+00
1.7300000e+02		1.7400000e+02		1.7350000e+02		4.5120572e-01		0.0000000e+00		0.0000000e+00		0.0000000e+00		0.0000000e+00		0.0000000e+00
1.7400000e+02		1.7500000e+02		1.7450000e+02		5.3951828e-01		0.0000000e+00		0.0000000e+00		0.0000000e+00		0.0000000e+00		0.0000000e+00
1.7500000e+02		1.7600000e+02		1.7550000e+02		6.4389120e-01		0.0000000e+00		0.0000000e+00		0.0000000e+00		0.0000000e+00		0.0000000e+00
1.7600000e+02		1.7700000e+02		1.7650000e+02		6.9472845e-01		0.0000000e+00		0.0000000e+00		0.0000000e+00		0.0000000e+00		0.0000000e+00
1.7700000e+02		1.7800000e+02		1.7750000e+02		8.1849614e-01		0.0000000e+00		0.0000000e+00		0.0000000e+00		0.0000000e+00		0.0000000e+00
1.7800000e+02		1.7900000e+02		1.7850000e+02		8.9455089e-01		0.0000000e+00		0.0000000e+00		0.0000000e+00		0.0000000e+00		0.0000000e+00
1.7900000e+02		1.8000000e+02		1.7950000e+02		8.6966614e-01		0.0000000e+00		0.0000000e+00		0.0000000e+00		0.0000000e+00		0.0000000e+00
1.8000000e+02		1.8100000e+02		1.8050000e+02		1.0753674e+00		0.0000000e+00		0.0000000e+00		0.0000000e+00		0.0000000e+00		0.0000000e+00
1.8100000e+02		1.8200000e+02		1.8150000e+02		1.3093431e+00		0.0000000e+00		0.0000000e+00		0.0000000e+00		0.0000000e+00		0.0000000e+00
1.8200000e+02		1.8300000e+02		1.8250000e+02		1.2087370e+00		0.0000000e+00		0.0000000e+00		0.0000000e+00		0.0000000e+00		0.0000000e+00
1.8300000e+02		1.8400000e+02		1.8350000e+02		1.2728289e+00		0.0000000e+00		0.0000000e+00		0.0000000e+00		0.0000000e+00		0.0000000e+00
1.8400000e+02		1.8500000e+02		1.8450000e+02		1.0940339e+00		0.0000000e+00		0.0000000e+00		0.0000000e+00		0.0000000e+00		0.0000000e+00
1.8500000e+02		1.8600000e+02		1.8550000e+02		1.2372281e+00		0.0000000e+00		0.0000000e+00		0.0000000e+00		0.0000000e+00		0.0000000e+00
1.8600000e+02		1.8700000e+02		1.8650000e+02		1.4037992e+00		0.0000000e+00		0.0000000e+00		0.0000000e+00		0.0000000e+00		0.0000000e+00
1.8700000e+02		1.8800000e+02		1.8750000e+02		1.5907538e+00		0.0000000e+00		0.0000000e+00		0.0000000e+00		0.0000000e+00		0.0000000e+00
1.8800000e+02		1.8900000e+02		1.8850000e+02		1.6735993e+00		0.0000000e+00		0.0000000e+00		0.0000000e+00		0.0000000e+00		0.0000000e+00
1.8900000e+02		1.9000000e+02		1.8950000e+02		1.8559600e+00		0.0000000e+00		0.0000000e+00		0.0000000e+00		0.0000000e+00		0.0000000e+00
1.9000000e+02		1.9100000e+02		1.9050000e+02		1.9109940e+00		0.0000000e+00		0.0000000e+00		0.0000000e+00		0.0000000e+00		0.0000000e+00
1.9100000e+02		1.9200000e+02		1.9150000e+02		2.0707336e+00		0.0000000e+00		0.0000000e+00		0.0000000e+00		0.0000000e+00		0.0000000e+00
1.9200000e+02		1.9300000e+02		1.9250000e+02		2.1685186e+00		0.0000000e+00		0.0000000e+00		0.0000000e+00		0.0000000e+00		0.0000000e+00
1.9300000e+02		1.9400000e+02		1.9350000e+02		1.6554009e+00		0.0000000e+00		0.0000000e+00		0.0000000e+00		0.0000000e+00		0.0000000e+00
1.9400000e+02		1.9500000e+02		1.9450000e+02		2.6556632e+00		0.0000000e+00		0.0000000e+00		0.0000000e+00		0.0000000e+00		0.0000000e+00
1.9500000e+02		1.9600000e+02		1.9550000e+02		2.5630279e+00		0.0000000e+00		0.0000000e+00		0.0000000e+00		0.0000000e+00		0.0000000e+00
1.9600000e+02		1.9700000e+02		1.9650000e+02		2.8204934e+00		0.0000000e+00		0.0000000e+00		0.0000000e+00		0.0000000e+00		0.0000000e+00
1.9700000e+02		1.9800000e+02		1.9750000e+02		2.8068384e+00		0.0000000e+00		0.0000000e+00		0.0000000e+00		0.0000000e+00		0.0000000e+00
1.9800000e+02		1.9900000e+02		1.9850000e+02		2.7505577e+00		0.0000000e+00		0.0000000e+00		0.0000000e+00		0.0000000e+00		0.0000000e+00
1.9900000e+02		2.0000000e+02		1.9950000e+02		2.8965557e+00		0.0000000e+00		0.0000000e+00		0.0000000e+00		0.0000000e+00		0.0000000e+00
2.0000000e+02		2.0100000e+02		2.0050000e+02		3.0623388e+00		0.0000000e+00		0.0000000e+00		0.0000000e+00		0.0000000e+00		0.0000000e+00
2.0100000e+02		2.0200000e+02		2.0150000e+02		3.2593670e+00		0.0000000e+00		0.0000000e+00		0.0000000e+00		0.0000000e+00		0.0000000e+00
2.0200000e+02		2.0300000e+02		2.0250000e+02		3.2217937e+00		0.0000000e+00		0.0000000e+00		0.0000000e+00		0.0000000e+00		0.0000000e+00
2.0300000e+02		2.0400000e+02		2.0350000e+02		3.4484145e+00		0.0000000e+00		0.0000000e+00		0.0000000e+00		0.0000000e+00		0.0000000e+00
2.0400000e+02		2.0500000e+02		2.0450000e+02		3.7117169e+00		0.0000000e+00		0.0000000e+00		0.0000000e+00		0.0000000e+00		0.0000000e+00
2.0500000e+02		2.0600000e+02		2.0550000e+02		3.7200399e+00		0.0000000e+00		0.0000000e+00		0.0000000e+00		0.0000000e+00		0.0000000e+00
2.0600000e+02		2.0700000e+02		2.0650000e+02		3.7247532e+00		0.0000000e+00		0.0000000e+00		0.0000000e+00		0.0000000e+00		0.0000000e+00
2.0700000e+02		2.0800000e+02		2.0750000e+02		4.0454145e+00		0.0000000e+00		0.0000000e+00		0.0000000e+00		0.0000000e+00		0.0000000e+00
2.0800000e+02		2.0900000e+02		2.0850000e+02		4.3759554e+00		0.0000000e+00		0.0000000e+00		0.0000000e+00		0.0000000e+00		0.0000000e+00
2.0900000e+02		2.1000000e+02		2.0950000e+02		5.6528678e+00		0.0000000e+00		0.0000000e+00		0.0000000e+00		0.0000000e+00		0.0000000e+00
2.1000000e+02		2.1100000e+02		2.1050000e+02		6.9678423e+00		0.0000000e+00		0.0000000e+00		0.0000000e+00		0.0000000e+00		0.0000000e+00
2.1100000e+02		2.1200000e+02		2.1150000e+02		7.9326445e+00		0.0000000e+00		0.0000000e+00		0.0000000e+00		0.0000000e+00		0.0000000e+00
2.1200000e+02		2.1300000e+02		2.1250000e+02		7.0734222e+00		0.0000000e+00		0.0000000e+00		0.0000000e+00		0.0000000e+00		0.0000000e+00
2.1300000e+02		2.1400000e+02		2.1350000e+02		7.2066449e+00		0.0000000e+00		0.0000000e+00		0.0000000e+00		0.0000000e+00		0.0000000e+00
2.1400000e+02		2.1500000e+02		2.1450000e+02		9.2279181e+00		0.0000000e+00		0.0000000e+00		0.0000000e+00		0.0000000e+00		0.0000000e+00
2.1500000e+02		2.1600000e+02		2.1550000e+02		7.9257408e+00		0.0000000e+00		0.0000000e+00		0.0000000e+00		0.0000000e+00		0.0000000e+00
2.1600000e+02		2.1700000e+02		2.1650000e+02		7.3353469e+00		0.0000000e+00		0.0000000e+00		0.0000000e+00		0.0000000e+00		0.0000000e+00
2.1700000e+02		2.1800000e+02		2.1750000e+02		7.5953881e+00		0.0000000e+00		0.0000000e+00		0.0000000e+00		0.0000000e+00		0.0000000e+00
2.1800000e+02		2.1900000e+02		2.1850000e+02		1.0217230e+01		0.0000000e+00		0.0000000e+00		0.0000000e+00		0.0000000e+00		0.0000000e+00
2.1900000e+02		2.2000000e+02		2.1950000e+02		1.0786519e+01		0.0000000e+00		0.0000000e+00		0.0000000e+00		0.0000000e+00		0.0000000e+00
2.2000000e+02		2.2100000e+02		2.2050000e+02		1.0851638e+01		0.0000000e+00		0.0000000e+00		0.0000000e+00		0.0000000e+00		0.0000000e+00
2.2100000e+02		2.2200000e+02		2.2150000e+02		8.6872371e+00		0.0000000e+00		0.0000000e+00		0.0000000e+00		0.0000000e+00		0.0000000e+00
2.2200000e+02		2.2300000e+02		2.2250000e+02		1.1691346e+01		0.0000000e+00		0.0000000e+00		0.0000000e+00		0.0000000e+00		0.0000000e+00
2.2300000e+02		2.2400000e+02		2.2350000e+02		1.5139682e+01		0.0000000e+00		0.0000000e+00		0.0000000e+00		0.0000000e+00		0.0000000e+00
2.2400000e+02		2.2500000e+02		2.2450000e+02		1.4154944e+01		0.0000000e+00		0.0000000e+00		0.0000000e+00		0.0000000e+00		0.0000000e+00
2.2500000e+02		2.2600000e+02		2.2550000e+02		1.2365614e+01		0.0000000e+00		0.0000000e+00		0.0000000e+00		0.0000000e+00		0.0000000e+00
2.2600000e+02		2.2700000e+02		2.2650000e+02		9.0577089e+00		0.0000000e+00		0.0000000e+00		0.0000000e+00		0.0000000e+00		0.0000000e+00
2.2700000e+02		2.2800000e+02		2.2750000e+02		8.8108381e+00		0.0000000e+00		0.0000000e+00		0.0000000e+00		0.0000000e+00		0.0000000e+00
2.2800000e+02		2.2900000e+02		2.2850000e+02		1.2275156e+01		0.0000000e+00		0.0000000e+00		0.0000000e+00		0.0000000e+00		0.0000000e+00
2.2900000e+02		2.3000000e+02		2.2950000e+02		1.1031259e+01		0.0000000e+00		0.0000000e+00		0.0000000e+00		0.0000000e+00		0.0000000e+00
2.3000000e+02		2.3100000e+02		2.3050000e+02		1.2510180e+01		0.0000000e+00		0.0000000e+00		0.0000000e+00		0.0000000e+00		0.0000000e+00
2.3100000e+02		2.3200000e+02		2.3150000e+02		1.1791833e+01		0.0000000e+00		0.0000000e+00		0.0000000e+00		0.0000000e+00		0.0000000e+00
2.3200000e+02		2.3300000e+02		2.3250000e+02		1.2664003e+01		0.0000000e+00		0.0000000e+00		0.0000000e+00		0.0000000e+00		0.0000000e+00
2.3300000e+02		2.3400000e+02		2.3350000e+02		1.1428554e+01		0.0000000e+00		0.0000000e+00		0.0000000e+00		0.0000000e+00		0.0000000e+00
2.3400000e+02		2.3500000e+02		2.3450000e+02		9.9864853e+00		0.0000000e+00		0.0000000e+00		0.0000000e+00		0.0000000e+00		0.0000000e+00
2.3500000e+02		2.3600000e+02		2.3550000e+02		1.3443360e+01		0.0000000e+00		0.0000000e+00		0.0000000e+00		0.0000000e+00		0.0000000e+00
2.3600000e+02		2.3700000e+02		2.3650000e+02		1.2448020e+01		0.0000000e+00		0.0000000e+00		0.0000000e+00		0.0000000e+00		0.0000000e+00
2.3700000e+02		2.3800000e+02		2.3750000e+02		1.3294723e+01		0.0000000e+00		0.0000000e+00		0.0000000e+00		0.0000000e+00		0.0000000e+00
2.3800000e+02		2.3900000e+02		2.3850000e+02		1.1021422e+01		0.0000000e+00		0.0000000e+00		0.0000000e+00		0.0000000e+00		0.0000000e+00
2.3900000e+02		2.4000000e+02		2.3950000e+02		1.2008577e+01		0.0000000e+00		0.0000000e+00		0.0000000e+00		0.0000000e+00		0.0000000e+00
2.4000000e+02		2.4100000e+02		2.4050000e+02		1.1032163e+01		0.0000000e+00		0.0000000e+00		0.0000000e+00		0.0000000e+00		0.0000000e+00
2.4100000e+02		2.4200000e+02		2.4150000e+02		1.2918879e+01		1.2618647e-275		0.0000000e+00		1.2621554e-275		6.8777138e-279		1.2614676e-275
2.4200000e+02		2.4300000e+02		2.4250000e+02		1.7782729e+01		5.8180324e-233		0.0000000e+00		5.8195898e-233		3.6847615e-236		5.8159050e-233
2.4300000e+02		2.4400000e+02		2.4350000e+02		1.6701989e+01		1.0380689e-196		0.0000000e+00		1.0383924e-196		7.6533195e-200		1.0376270e-196
2.4400000e+02		2.4500000e+02		2.4450000e+02		1.5641720e+01		9.1610208e-166		0.0000000e+00		9.1643515e-166		7.8805864e-169		9.1564710e-166
2.4500000e+02		2.4600000e+02		2.4550000e+02		1.2691134e+01		1.7752358e-138		0.0000000e+00		1.7759961e-138		1.7988848e-141		1.7741973e-138
2.4600000e+02		2.4700000e+02		2.4650000e+02		1.2350906e+01		2.0877650e-115		0.0000000e+00		2.0888207e-115		2.4976996e-118		2.0863230e-115
2.4700000e+02		2.4800000e+02		2.4750000e+02		1.3639226e+01		2.5608857e-95		1.1277566e-91		2.5624283e-95		3.6497459e-98		2.5587786e-95
2.4800000e+02		2.4900000e+02		2.4850000e+02		1.0938846e+01		3.1713500e-78		3.1014953e-75		3.1736453e-78		5.4306452e-81		3.1682147e-78
2.4900000e+02		2.5000000e+02		2.4950000e+02		1.3333262e+01		7.3996350e-64		2.0732872e-61		7.4060932e-64		1.5280304e-66		7.3908129e-64
2.5000000e+02		2.5100000e+02		2.5050000e+02		1.4401571e+01		3.9938388e-52		4.0198517e-50		3.9980475e-52		9.9580692e-55		3.9880895e-52
2.5100000e+02		2.5200000e+02		2.5150000e+02		1.2007424e+01		7.5252929e-43		3.3408582e-41		7.5348306e-43		2.2566497e-45		7.5122641e-43
2.5200000e+02		2.5300000e+02		2.5250000e+02		1.0794009e+01		3.7262056e-35		8.4028573e-34		3.7319023e-35		1.3478704e-37		3.7184236e-35
2.5300000e+02		2.5400000e+02		2.5350000e+02		1.3602371e+01		1.1108979e-28		1.4345630e-27		1.1129516e-28		4.8590230e-31		1.1080925e-28
2.5400000e+02		2.5500000e+02		2.5450000e+02		1.5384114e+01		2.1502612e-23		1.7569658e-22		2.1550796e-23		1.1400454e-25		2.1436792e-23
2.5500000e+02		2.5600000e+02		2.5550000e+02		2.0992062e+01		6.0350641e-19		3.3829294e-18		6.0515186e-19		3.8931901e-21		6.0125867e-19
2.5600000e+02		2.5700000e+02		2.5650000e+02		2.7040612e+01		3.0253020e-15		1.2397741e-14		3.0354106e-15		2.3917218e-17		3.0114934e-15
2.5700000e+02		2.5800000e+02		2.5750000e+02		3.3946512e+01		3.4954873e-12		1.1066983e-11		3.5099095e-12		3.4123270e-14		3.4757862e-12
2.5800000e+02		2.5900000e+02		2.5850000e+02		3.5732434e+01		1.0997088e-09		2.8103706e-09		1.1054148e-09		1.3500653e-11		1.0919142e-09
2.5900000e+02		2.6000000e+02		2.5950000e+02		3.0409976e+01		2.9946749e-16		1.3456067e-15		3.0035416e-16		2.0978827e-18		2.9825628e-16
2.6000000e+02		2.6100000e+02		2.6050000e+02		2.4915606e+01		4.3951465e-22		3.2631994e-21		4.4044993e-22		2.2128983e-24		4.3823703e-22
2.6100000e+02		2.6200000e+02		2.6150000e+02		2.5442742e+01		7.3368743e-21		4.8983848e-20		7.3531547e-21		3.8519856e-23		7.3146348e-21
2.6200000e+02		2.6300000e+02		2.6250000e+02		3.0366547e+01		4.8851746e-19		2.7998488e-18		4.8968479e-19		2.7619378e-21		4.8692285e-19
2.6300000e+02		2.6400000e+02		2.6350000e+02		4.5700096e+01		2.8778314e-19		1.7093052e-18		2.8844483e-19		1.5655812e-21		2.8687925e-19
2.6400000e+02		2.6500000e+02		2.6450000e+02		7.1249372e+01		2.2722742e-15		9.7666604e-15		2.2786730e-15		1.5139600e-17		2.2635334e-15
2.6500000e+02		2.6600000e+02		2.6550000e+02		7.4731454e+01		7.2053038e-15		2.9695942e-14		7.2259200e-15		4.8778337e-17		7.1771416e-15
2.6600000e+02		2.6700000e+02		2.6650000e+02		7.2446611e+01		6.4289060e-15		2.6585326e-14		6.4469545e-15		4.2703237e-17		6.4042513e-15
2.6700000e+02		2.6800000e+02		2.6750000e+02		7.2937204e+01		7.2556867e-13		2.5091418e-12		7.2789857e-13		5.5126106e-15		7.2238596e-13
2.6800000e+02		2.6900000e+02		2.6850000e+02		7.2239021e+01		2.9787087e-11		8.9489997e-11		2.9895092e-11		2.5554242e-13		2.9639550e-11
2.6900000e+02		2.7000000e+02		2.6950000e+02		6.7758000e+01		6.6668368e-12		2.1146568e-11		6.6893360e-12		5.3233599e-14		6.6361024e-12
2.7000000e+02		2.7100000e+02		2.7050000e+02		7.8281462e+01		2.6810523e-11		8.1142083e-11		2.6903917e-11		2.2097379e-13		2.6682943e-11
2.7100000e+02		2.7200000e+02		2.7150000e+02		6.5051220e+01		2.1363369e-12		7.0618075e-12		2.1430438e-12		1.5868823e-14		2.1271750e-12
2.7200000e+02		2.7300000e+02		2.7250000e+02		5.2331568e+01		3.5892163e-10		9.7033010e-10		3.6029701e-10		3.2541797e-12		3.5704283e-10
2.7300000e+02		2.7400000e+02		2.7350000e+02		5.5800645e+01		8.0656945e-10		2.1202984e-09		8.0972059e-10		7.4556743e-12		8.0226491e-10
2.7400000e+02		2.7500000e+02		2.7450000e+02		3.8398649e+01		9.9421410e-10		2.5570546e-09		9.9814956e-10		9.3113905e-12		9.8883817e-10
2.7500000e+02		2.7600000e+02		2.7550000e+02		5.1208696e+01		4.1844997e-11		1.2252739e-10		4.1984445e-11		3.2993864e-13		4.1654506e-11
2.7600000e+02		2.7700000e+02		2.7650000e+02		7.1318275e+01		2.4773968e-10		6.8704941e-10		2.4860393e-10		2.0448330e-12		2.4655910e-10
2.7700000e+02		2.7800000e+02		2.7750000e+02		6.8188493e+01		8.2481676e-09		2.0023414e-08		8.2820688e-09		8.0211101e-11		8.2018577e-09
2.7800000e+02		2.7900000e+02		2.7850000e+02		4.7024496e+01		1.1122480e-08		2.6336296e-08		1.1169409e-08		1.1103395e-10		1.1058375e-08
2.7900000e+02		2.8000000e+02		2.7950000e+02		2.6422560e+01		8.8785182e-10		2.2609141e-09		8.9114703e-10		7.7965672e-12		8.8335047e-10
2.8000000e+02		2.8100000e+02		2.8050000e+02		2.8982131e+01		1.4182505e-10		3.8823892e-10		1.4229722e-10		1.1171770e-12		1.4118005e-10
2.8100000e+02		2.8200000e+02		2.8150000e+02		6.0033324e+01		1.7025010e-09		4.3636027e-09		1.7085735e-09		1.4367782e-11		1.6942057e-09
2.8200000e+02		2.8300000e+02		2.8250000e+02		8.1733762e+01		7.1413577e-09		1.7551206e-08		7.1680196e-09		6.3082673e-11		7.1049369e-09
2.8300000e+02		2.8400000e+02		2.8350000e+02		8.4433091e+01		1.4397302e-08		3.4517066e-08		1.4452399e-08		1.3036188e-10		1.4322037e-08
2.8400000e+02		2.8500000e+02		2.8450000e+02		6.2255376e+01		6.3177798e-08		1.4178282e-07		6.3448881e-08		6.4139036e-10		6.2807491e-08
2.8500000e+02		2.8600000e+02		2.8550000e+02		4.0018063e+01		2.2917700e-08		5.2520142e-08		2.3010279e-08		2.1904288e-10		2.2791236e-08
2.8600000e+02		2.8700000e+02		2.8650000e+02		8.2001717e+01		1.4480636e-07		3.1847912e-07		1.4544058e-07		1.5005662e-09		1.4394001e-07
2.8700000e+02		2.8800000e+02		2.8750000e+02		9.5189148e+01		5.7378422e-08		1.3124143e-07		5.7604404e-08		5.3467967e-10		5.7069725e-08
2.8800000e+02		2.8900000e+02		2.8850000e+02		9.0460934e+01		4.2415921e-08		9.7932705e-08		4.2577399e-08		3.8205927e-10		4.2195339e-08
2.8900000e+02		2.9000000e+02		2.8950000e+02		1.3728321e+02		9.5916633e-09		2.3761009e-08		9.6235236e-09		7.5382132e-11		9.5481414e-09
2.9000000e+02		2.9100000e+02		2.9050000e+02		1.8023325e+02		2.1151656e-09		5.6021008e-09		2.1214741e-09		1.4926138e-11		2.1065479e-09
2.9100000e+02		2.9200000e+02		2.9150000e+02		1.7359450e+02		2.8836206e-09		7.5393862e-09		2.8922386e-09		2.0390458e-11		2.8718482e-09
2.9200000e+02		2.9300000e+02		2.9250000e+02		1.5421676e+02		2.0849717e-08		5.0410323e-08		2.0918588e-08		1.6294975e-10		2.0755638e-08
2.9300000e+02		2.9400000e+02		2.9350000e+02		1.6099986e+02		5.1151413e-07		1.1010350e-06		5.1367558e-07		5.1140624e-09		5.0856152e-07
2.9400000e+02		2.9500000e+02		2.9450000e+02		1.4991794e+02		7.3775538e-10		2.0191328e-09		7.3974731e-10		4.7129569e-12		7.3503435e-10
2.9500000e+02		2.9600000e+02		2.9550000e+02		1.6232431e+02		1.5659829e-07		3.5200520e-07		1.5717025e-07		1.3532556e-09		1.5581699e-07
2.9600000e+02		2.9700000e+02		2.9650000e+02		1.4851381e+02		4.3615343e-06		8.6773708e-06		4.3867512e-06		5.9663724e-08		4.3270875e-06
2.9700000e+02		2.9800000e+02		2.9750000e+02		1.5140866e+02		4.8458603e-07		1.0427436e-06		4.8652819e-07		4.5952077e-09		4.8193299e-07
2.9800000e+02		2.9900000e+02		2.9850000e+02		1.3012850e+02		1.1406089e-07		2.5724157e-07		1.1445747e-07		9.3830740e-10		1.1351916e-07
2.9900000e+02		3.0000000e+02		2.9950000e+02		1.4682541e+02		4.2227561e-08		9.9274145e-08		4.2360193e-08		3.1381035e-10		4.2046383e-08
3.0000000e+02		3.0100000e+02		3.0050000e+02		1.1681452e+02		2.7184444e-07		5.9162211e-07		2.7285559e-07		2.3923967e-09		2.7046319e-07
3.0100000e+02		3.0200000e+02		3.0150000e+02		1.3434477e+02		1.6674840e-07		3.7136224e-07		1.6732227e-07		1.3577780e-09		1.6596449e-07
3.0200000e+02		3.0300000e+02		3.0250000e+02		1.4142283e+02		6.9341947e-07		1.4690716e-06		6.9616828e-07		6.5037407e-09		6.8966454e-07
3.0300000e+02		3.0400000e+02		3.0350000e+02		1.8342160e+02		3.0977517e-08		7.4267688e-08		3.1066332e-08		2.1013767e-10		3.0856194e-08
3.0400000e+02		3.0500000e+02		3.0450000e+02		1.7556728e+02		2.7472483e-06		5.5848104e-06		2.7600336e-06		3.0250392e-08		2.7297832e-06
3.0500000e+02		3.0600000e+02		3.0550000e+02		1.7728071e+02		1.0881801e-05		2.1112152e-05		1.0950114e-05		1.6163177e-07		1.0788483e-05
3.0600000e+02		3.0700000e+02		3.0650000e+02		1.6814926e+02		4.1416866e-05		7.6912120e-05		4.1817459e-05		9.4781305e-07		4.0869646e-05
3.0700000e+02		3.0800000e+02		3.0750000e+02		1.8878816e+02		6.7297375e-07		1.4420634e-06		6.7537778e-07		5.6880075e-09		6.6968978e-07
3.0800000e+02		3.0900000e+02		3.0850000e+02		1.8529086e+02		2.1061771e-06		4.3301412e-06		2.1150021e-06		2.0880325e-08		2.0941218e-06
3.0900000e+02		3.1000000e+02		3.0950000e+02		1.5026991e+02		2.4443814e-05		4.5951702e-05		2.4644239e-05		4.7421163e-07		2.4170028e-05
3.1000000e+02		3.1100000e+02		3.1050000e+02		1.8913229e+02		3.3945078e-06		6.8662472e-06		3.4096902e-06		3.5921822e-08		3.3737684e-06
3.1100000e+02		3.1200000e+02		3.1150000e+02		2.2495083e+02		1.6622505e-05		3.2045805e-05		1.6726514e-05		2.4608784e-07		1.6480427e-05
3.1200000e+02		3.1300000e+02		3.1250000e+02		2.0030306e+02		4.1003550e-07		8.9649563e-07		4.1132313e-07		3.0465686e-09		4.0827656e-07
3.1300000e+02		3.1400000e+02		3.1350000e+02		2.1331645e+02		7.9751558e-05		1.4626806e-04		8.0615059e-05		2.0430633e-06		7.8571995e-05
3.1400000e+02		3.1500000e+02		3.1450000e+02		2.0119548e+02		5.9390297e-06		1.1807340e-05		5.9674070e-06		6.7141531e-08		5.9002655e-06
3.1500000e+02		3.1600000e+02		3.1550000e+02		1.9522773e+02		4.3778858e-07		9.5389842e-07		4.3912745e-07		3.1678061e-09		4.3595965e-07
3.1600000e+02		3.1700000e+02		3.1650000e+02		1.9043254e+02		4.2393229e-08		1.0058253e-07		4.2497209e-08		2.4601976e-10		4.2251190e-08
3.1700000e+02		3.1800000e+02		3.1750000e+02		2.4155434e+02		5.0381951e-07		1.1008251e-06		5.0530909e-07		3.5243982e-09		5.0178470e-07
3.1800000e+02		3.1900000e+02		3.1850000e+02		1.9952276e+02		1.8039828e-07		4.0635097e-07		1.8088157e-07		1.1434692e-09		1.7973810e-07
3.1900000e+02		3.2000000e+02		3.1950000e+02		2.1430874e+02		4.0100612e-08		9.5769719e-08		4.0194035e-08		2.2103968e-10		3.9972995e-08
3.2000000e+02		3.2100000e+02		3.2050000e+02		2.4621307e+02		1.2051715e-06		2.5526188e-06		1.2090179e-06		9.1006012e-09		1.1999173e-06
3.2100000e+02		3.2200000e+02		3.2150000e+02		2.0677326e+02		6.6924981e-12		2.2142197e-11		6.7026606e-12		2.4044710e-14		6.6786159e-12
3.2200000e+02		3.2300000e+02		3.2250000e+02		2.0765168e+02		2.1381418e-06		4.4092620e-06		2.1456959e-06		1.7873160e-08		2.1278227e-06
3.2300000e+02		3.2400000e+02		3.2350000e+02		2.0066974e+02		7.3970301e-08		1.7222154e-07		7.4142536e-08		4.0751096e-10		7.3735025e-08
3.2400000e+02		3.2500000e+02		3.2450000e+02		2.3629853e+02		9.0597244e-08		2.1060382e-07		9.0806278e-08		4.9457913e-10		9.0311699e-08
3.2500000e+02		3.2600000e+02		3.2550000e+02		2.7209498e+02		1.9722815e-17		1.0687287e-16		1.9742221e-17		4.5913891e-20		1.9696307e-17
3.2600000e+02		3.2700000e+02		3.2650000e+02		3.0699214e+02		1.3483194e-06		2.8663179e-06		1.3522813e-06		9.3738793e-09		1.3429074e-06
3.2700000e+02		3.2800000e+02		3.2750000e+02		2.9701525e+02		2.7464843e-07		6.1802413e-07		2.7530872e-07		1.5622792e-09		2.7374645e-07
3.2800000e+02		3.2900000e+02		3.2850000e+02		2.8673370e+02		5.4480429e-08		1.2999450e-07		5.4593812e-08		2.6826699e-10		5.4325545e-08
3.2900000e+02		3.3000000e+02		3.2950000e+02		3.3379807e+02		6.3270751e-10		1.7950926e-09		6.3372281e-10		2.4022250e-12		6.3132058e-10
3.3000000e+02		3.3100000e+02		3.3050000e+02		3.1443449e+02		1.7782991e-14		7.4857383e-14		1.7802569e-14		4.6322536e-17		1.7756247e-14
3.3100000e+02		3.3200000e+02		3.3150000e+02		3.0087994e+02		2.7371189e-04		4.8999263e-04		2.7766944e-04		9.3636502e-06		2.6830579e-04
3.3200000e+02		3.3300000e+02		3.3250000e+02		2.9519831e+02		3.0116549e-05		5.7408982e-05		3.0294034e-05		4.1993518e-07		2.9874099e-05
3.3300000e+02		3.3400000e+02		3.3350000e+02		2.8364288e+02		4.4408727e-06		9.0232197e-06		4.4561268e-06		3.6091567e-08		4.4200353e-06
3.3400000e+02		3.3500000e+02		3.3450000e+02		2.9883003e+02		3.2101068e-07		7.1850470e-07		3.2173110e-07		1.7045320e-09		3.2002657e-07
3.3500000e+02		3.3600000e+02		3.3550000e+02		2.9511053e+02		4.3116262e-07		9.5410082e-07		4.3215262e-07		2.3423632e-09		4.2981025e-07
3.3600000e+02		3.3700000e+02		3.3650000e+02		2.4313126e+02		2.5698031e-07		5.7547725e-07		2.5754305e-07		1.3314669e-09		2.5621159e-07
3.3700000e+02		3.3800000e+02		3.3750000e+02		2.5649874e+02		1.3827990e-06		2.9174961e-06		1.3865283e-06		8.8236413e-09		1.3777047e-06
3.3800000e+02		3.3900000e+02		3.3850000e+02		2.7748673e+02		2.8251448e-05		5.3845995e-05		2.8411495e-05		3.7867629e-07		2.8032819e-05
3.3900000e+02		3.4000000e+02		3.3950000e+02		2.9040264e+02		2.2167694e-06		4.6194797e-06		2.2229911e-06		1.4720752e-08		2.2082704e-06
3.4000000e+02		3.4100000e+02		3.4050000e+02		3.0654056e+02		2.5027197e-08		6.1623851e-08		2.5069653e-08		1.0045254e-10		2.4969201e-08
3.4100000e+02		3.4200000e+02		3.4150000e+02		2.7979685e+02		7.9292736e-18		4.4541263e-17		7.9355009e-18		1.4733957e-20		7.9207670e-18
3.4200000e+02		3.4300000e+02		3.4250000e+02		3.0344565e+02		5.4044033e-09		1.4093125e-08		5.4125967e-09		1.9385651e-11		5.3932110e-09
3.4300000e+02		3.4400000e+02		3.4350000e+02		2.9822260e+02		9.9868405e-14		3.9308129e-13		9.9966911e-14		2.3306757e-16		9.9733843e-14
3.4400000e+02		3.4500000e+02		3.4450000e+02		2.3986676e+02		3.9429537e-09		1.0312661e-08		3.9487639e-09		1.3746998e-11		3.9350169e-09
3.4500000e+02		3.4600000e+02		3.4550000e+02		2.8907088e+02		4.2398490e-11		1.3249351e-10		4.2448705e-11		1.1880955e-13		4.2329895e-11
3.4600000e+02		3.4700000e+02		3.4650000e+02		2.8069735e+02		3.1037698e-12		1.0699071e-11		3.1070761e-12		7.8228279e-15		3.0992533e-12
3.4700000e+02		3.4800000e+02		3.4750000e+02		2.7782009e+02		7.8743029e-15		3.4032586e-14		7.8811807e-15		1.6272878e-17		7.8649078e-15
3.4800000e+02		3.4900000e+02		3.4850000e+02		2.8744416e+02		2.7249701e-04		4.8691899e-04		2.7627542e-04		8.9398274e-06		2.6733560e-04
3.4900000e+02		3.5000000e+02		3.4950000e+02		2.7550877e+02		5.6326186e-04		9.8997970e-04		5.7468230e-04		2.7021048e-05		5.4766125e-04
3.5000000e+02		3.5100000e+02		3.5050000e+02		3.3002358e+02		1.0920851e-06		2.3448477e-06		1.0944690e-06		5.6404475e-09		1.0888286e-06
3.5100000e+02		3.5200000e+02		3.5150000e+02		3.0660572e+02		3.9380856e-06		8.0554173e-06		3.9490905e-06		2.6038039e-08		3.9230525e-06
3.5200000e+02		3.5300000e+02		3.5250000e+02		2.8324198e+02		1.2685095e-06		2.6940435e-06		1.2713612e-06		6.7472255e-09		1.2646139e-06
3.5300000e+02		3.5400000e+02		3.5350000e+02		3.2405327e+02		2.2660190e-03		3.9192456e-03		2.3518777e-03		2.0314395e-04		2.1487338e-03
3.5400000e+02		3.5500000e+02		3.5450000e+02		3.4586270e+02		2.8332203e-04		5.0794234e-04		2.8691838e-04		8.5090587e-06		2.7840932e-04
3.5500000e+02		3.5600000e+02		3.5550000e+02		3.2478382e+02		2.1205920e-04		3.8236315e-04		2.1447054e-04		5.7052910e-06		2.0876525e-04
3.5600000e+02		3.5700000e+02		3.5650000e+02		2.8234357e+02		8.5506383e-06		1.6960224e-05		8.5797841e-06		6.8959703e-08		8.5108244e-06
3.5700000e+02		3.5800000e+02		3.5750000e+02		2.4674321e+02		2.1325656e-07		4.8097143e-07		2.1361884e-07		8.5715335e-10		2.1276169e-07
3.5800000e+02		3.5900000e+02		3.5850000e+02		2.1181106e+02		8.0366341e-06		1.5826766e-05		8.0651992e-06		6.7585828e-08		7.9976134e-06
3.5900000e+02		3.6000000e+02		3.5950000e+02		3.0582840e+02		9.8036791e-08		2.2933456e-07		9.8184641e-08		3.4981597e-10		9.7834825e-08
3.6000000e+02		3.6100000e+02		3.6050000e+02		3.0178862e+02		1.0769647e-06		2.3059674e-06		1.0791220e-06		5.1042766e-09		1.0740177e-06
3.6100000e+02		3.6200000e+02		3.6150000e+02		2.8033735e+02		2.0883900e-13		7.9726941e-13		2.0900942e-13		4.0321528e-16		2.0860620e-13
3.6200000e+02		3.6300000e+02		3.6250000e+02		3.1645921e+02		1.0835923e-20		7.8604237e-20		1.0841632e-20		1.3507761e-23		1.0828124e-20
3.6300000e+02		3.6400000e+02		3.6350000e+02		3.0810145e+02		5.5244039e-17		2.8938816e-16		5.5278949e-17		8.2598892e-20		5.5196350e-17
3.6400000e+02		3.6500000e+02		3.6450000e+02		3.2221950e+02		8.0725000e-38		2.6238172e-36		8.0747966e-38		5.4338415e-41		8.0693628e-38
3.6500000e+02		3.6600000e+02		3.6550000e+02		3.6674574e+02		9.9002078e-30		1.5932969e-28		9.9037311e-30		8.3362475e-33		9.8953949e-30
3.6600000e+02		3.6700000e+02		3.6650000e+02		3.9198946e+02		1.8483101e-50		1.8303076e-48		1.8486959e-50		9.1270234e-54		1.8477832e-50
3.6700000e+02		3.6800000e+02		3.6750000e+02		3.7850004e+02		7.8093067e-49		6.6965006e-47		7.8109718e-49		3.9395611e-52		7.8070322e-49
3.6800000e+02		3.6900000e+02		3.6850000e+02		3.4895620e+02		5.2766977e-93		2.1565154e-89		5.2772851e-93		1.3896521e-96		5.2758954e-93
3.6900000e+02		3.7000000e+02		3.6950000e+02		3.8736224e+02		2.3147204e-76		2.2113704e-73		2.3150301e-76		7.3283987e-80		2.3142973e-76
3.7000000e+02		3.7100000e+02		3.7050000e+02		3.6351013e+02		7.3677033e+01		1.5194794e+02		1.2084748e+02		1.1160649e+02		9.2409981e+00
3.7100000e+02		3.7200000e+02		3.7150000e+02		3.7529261e+02		2.3696067e+02		4.8456636e+02		3.9697603e+02		3.7860039e+02		1.8375636e+01
3.7200000e+02		3.7300000e+02		3.7250000e+02		3.1177186e+02		1.9650578e+02		4.0194110e+02		3.2930105e+02		3.1419697e+02		1.5104075e+01
3.7300000e+02		3.7400000e+02		3.7350000e+02		2.7192112e+02		1.7150768e+02		3.5076461e+02		2.8737616e+02		2.7414776e+02		1.3228399e+01
3.7400000e+02		3.7500000e+02		3.7450000e+02		2.7832167e+02		1.7603522e+02		3.5987031e+02		2.9483091e+02		2.8107362e+02		1.3757292e+01
3.7500000e+02		3.7600000e+02		3.7550000e+02		3.1876744e+02		2.0140616e+02		4.1180041e+02		3.3738760e+02		3.2173553e+02		1.5652069e+01
3.7600000e+02		3.7700000e+02		3.7650000e+02		3.3048657e+02		2.0872770e+02		4.2679849e+02		3.4968488e+02		3.3350826e+02		1.6176617e+01
3.7700000e+02		3.7800000e+02		3.7750000e+02		3.8770864e+02		2.4513597e+02		5.0116188e+02		4.1061442e+02		3.9152622e+02		1.9088202e+01
3.7800000e+02		3.7900000e+02		3.7850000e+02		4.0380398e+02		2.5537106e+02		5.2206584e+02		4.2774855e+02		4.0784953e+02		1.9899024e+01
3.7900000e+02		3.8000000e+02		3.7950000e+02		3.2744385e+02		2.0685427e+02		4.2295078e+02		3.4655196e+02		3.3052827e+02		1.6023686e+01
3.8000000e+02		3.8100000e+02		3.8050000e+02		3.5656330e+02		2.2532775e+02		4.6068967e+02		3.7747880e+02		3.5999323e+02		1.7485563e+01
3.8100000e+02		3.8200000e+02		3.8150000e+02		3.2019140e+02		2.0324152e+02		4.1526091e+02		3.4024131e+02		3.2414499e+02		1.6096321e+01
3.8200000e+02		3.8300000e+02		3.8250000e+02		2.2964197e+02		1.4508451e+02		2.9663973e+02		2.4307000e+02		2.3183617e+02		1.1233834e+01
3.8300000e+02		3.8400000e+02		3.8350000e+02		2.0267593e+02		1.2828023e+02		2.6220633e+02		2.1485318e+02		2.0483381e+02		1.0019375e+01
3.8400000e+02		3.8500000e+02		3.8450000e+02		2.7111947e+02		1.7166013e+02		3.5085475e+02		2.8749589e+02		2.7407036e+02		1.3425536e+01
3.8500000e+02		3.8600000e+02		3.8550000e+02		2.8715912e+02		1.8151446e+02		3.7108290e+02		3.0408333e+02		2.9000106e+02		1.4082267e+01
3.8600000e+02		3.8700000e+02		3.8650000e+02		2.8837692e+02		1.8283341e+02		3.7361378e+02		3.0615016e+02		2.9177056e+02		1.4379604e+01
3.8700000e+02		3.8800000e+02		3.8750000e+02		2.8805300e+02		1.8240151e+02		3.7279278e+02		3.0548752e+02		2.9122463e+02		1.4262891e+01
3.8800000e+02		3.8900000e+02		3.8850000e+02		2.9209390e+02		1.8483500e+02		3.7780546e+02		3.0960360e+02		2.9520568e+02		1.4397918e+01
3.8900000e+02		3.9000000e+02		3.8950000e+02		3.5069332e+02		2.2205192e+02		4.5383124e+02		3.7190803e+02		3.5456336e+02		1.7344670e+01
3.9000000e+02		3.9100000e+02		3.9050000e+02		3.6838836e+02		2.3386532e+02		4.7779165e+02		3.9153591e+02		3.7305263e+02		1.8483279e+01
3.9100000e+02		3.9200000e+02		3.9150000e+02		3.9613874e+02		2.5094490e+02		5.1283589e+02		4.2027214e+02		4.0063255e+02		1.9639589e+01
3.9200000e+02		3.9300000e+02		3.9250000e+02		3.0403432e+02		1.9240512e+02		3.9326987e+02		3.2229752e+02		3.0732872e+02		1.4968800e+01
3.9300000e+02		3.9400000e+02		3.9350000e+02		1.8639471e+02		1.1804588e+02		2.4124635e+02		1.9770979e+02		1.8848684e+02		9.2229590e+00
3.9400000e+02		3.9500000e+02		3.9450000e+02		3.0813115e+02		1.9469457e+02		3.9803222e+02		3.2621735e+02		3.1118625e+02		1.5031100e+01
3.9500000e+02		3.9600000e+02		3.9550000e+02		3.7840801e+02		2.4053144e+02		4.9130233e+02		4.0263223e+02		3.8353459e+02		1.9097647e+01
3.9600000e+02		3.9700000e+02		3.9650000e+02		2.6140326e+02		1.6579569e+02		3.3875201e+02		2.7762570e+02		2.6459264e+02		1.3033063e+01
3.9700000e+02		3.9800000e+02		3.9750000e+02		2.9300657e+02		1.8573684e+02		3.7952416e+02		3.1104755e+02		2.9648833e+02		1.4559220e+01
3.9800000e+02		3.9900000e+02		3.9850000e+02		4.5124719e+02		2.8613625e+02		5.8463143e+02		4.7915045e+02		4.5667649e+02		2.2473958e+01
3.9900000e+02		4.0000000e+02		3.9950000e+02		4.9846141e+02		3.1569729e+02		6.4512512e+02		5.2874343e+02		5.0407258e+02		2.4670847e+01
4.0000000e+02		4.0100000e+02		4.0050000e+02		5.1407199e+02		3.2607043e+02		6.6620455e+02		5.4602288e+02		5.2041308e+02		2.5609802e+01
4.0100000e+02		4.0200000e+02		4.0150000e+02		5.3860814e+02		3.4159269e+02		6.9793922e+02		5.7204388e+02		5.4525338e+02		2.6790507e+01
4.0200000e+02		4.0300000e+02		4.0250000e+02		5.4526519e+02		3.4492619e+02		7.0501094e+02		5.7786833e+02		5.5114702e+02		2.6721312e+01
4.0300000e+02		4.0400000e+02		4.0350000e+02		5.2165796e+02		3.3139132e+02		6.7691493e+02		5.5481423e+02		5.2862429e+02		2.6189941e+01
4.0400000e+02		4.0500000e+02		4.0450000e+02		5.1300620e+02		3.2613623e+02		6.6610143e+02		5.4595294e+02		5.2009191e+02		2.5861027e+01
4.0500000e+02		4.0600000e+02		4.0550000e+02		5.1256585e+02		3.2462608e+02		6.6338731e+02		5.4376430e+02		5.1848660e+02		2.5277697e+01
4.0600000e+02		4.0700000e+02		4.0650000e+02		4.9035274e+02		3.0991710e+02		6.3351805e+02		5.1930275e+02		4.9541178e+02		2.3890970e+01
4.0700000e+02		4.0800000e+02		4.0750000e+02		4.9838294e+02		3.1561147e+02		6.4497127e+02		5.2868404e+02		5.0413512e+02		2.4548927e+01
4.0800000e+02		4.0900000e+02		4.0850000e+02		5.2990289e+02		3.3656977e+02		6.8749483e+02		5.6352489e+02		5.3698159e+02		2.6543306e+01
4.0900000e+02		4.1000000e+02		4.0950000e+02		5.2713439e+02		3.3434479e+02		6.8308071e+02		5.5992419e+02		5.3372659e+02		2.6197599e+01
4.1000000e+02		4.1100000e+02		4.1050000e+02		4.8293937e+02		3.0645625e+02		6.2606645e+02		5.1319328e+02		4.8914506e+02		2.4048220e+01
4.1100000e+02		4.1200000e+02		4.1150000e+02		5.5986852e+02		3.5537076e+02		7.2596242e+02		5.9508430e+02		5.6716833e+02		2.7915976e+01
4.1200000e+02		4.1300000e+02		4.1250000e+02		5.4940473e+02		3.4868414e+02		7.1231130e+02		5.8390237e+02		5.5653232e+02		2.7370050e+01
4.1300000e+02		4.1400000e+02		4.1350000e+02		5.2995399e+02		3.3611307e+02		6.8669700e+02		5.6291780e+02		5.3662576e+02		2.6292043e+01
4.1400000e+02		4.1500000e+02		4.1450000e+02		5.3771640e+02		3.4146358e+02		6.9749648e+02		5.7176770e+02		5.4490540e+02		2.6862307e+01
4.1500000e+02		4.1600000e+02		4.1550000e+02		5.3722776e+02		3.3950588e+02		6.9398343e+02		5.6893212e+02		5.4282832e+02		2.6103800e+01
4.1600000e+02		4.1700000e+02		4.1650000e+02		5.5745703e+02		3.5379083e+02		7.2273205e+02		5.9247311e+02		5.6472835e+02		2.7744761e+01
4.1700000e+02		4.1800000e+02		4.1750000e+02		5.0725322e+02		3.2267420e+02		6.5894108e+02		5.4016848e+02		5.1459700e+02		2.5571481e+01
4.1800000e+02		4.1900000e+02		4.1850000e+02		5.2601513e+02		3.3437899e+02		6.8290345e+02		5.5982231e+02		5.3340461e+02		2.6417699e+01
4.1900000e+02		4.2000000e+02		4.1950000e+02		5.3123875e+02		3.3700869e+02		6.8848015e+02		5.6441697e+02		5.3805379e+02		2.6363187e+01
4.2000000e+02		4.2100000e+02		4.2050000e+02		5.3797708e+02		3.4178142e+02		6.9807349e+02		5.7227626e+02		5.4535666e+02		2.6919599e+01
4.2100000e+02		4.2200000e+02		4.2150000e+02		5.2958361e+02		3.3613192e+02		6.8663453e+02		5.6291279e+02		5.3656929e+02		2.6343494e+01
4.2200000e+02		4.2300000e+02		4.2250000e+02		5.0190537e+02		3.1917573e+02		6.5180958e+02		5.3435447e+02		5.0911837e+02		2.5236096e+01
4.2300000e+02		4.2400000e+02		4.2350000e+02		5.3474862e+02		3.3982871e+02		6.9405391e+02		5.6899797e+02		5.4222029e+02		2.6777681e+01
4.2400000e+02		4.2500000e+02		4.2450000e+02		5.5328403e+02		3.5172173e+02		7.1830833e+02		5.8888596e+02		5.6113660e+02		2.7749366e+01
4.2500000e+02		4.2600000e+02		4.2550000e+02		5.3248014e+02		3.3843989e+02		6.9119653e+02		5.6666627e+02		5.3998941e+02		2.6676859e+01
4.2600000e+02		4.2700000e+02		4.2650000e+02		5.3029841e+02		3.3665979e+02		6.8767793e+02		5.6379665e+02		5.3741156e+02		2.6385083e+01
4.2700000e+02		4.2800000e+02		4.2750000e+02		4.9171747e+02		3.1212813e+02		6.3757535e+02		5.2272586e+02		4.9827959e+02		2.4446274e+01
4.2800000e+02		4.2900000e+02		4.2850000e+02		4.9494538e+02		3.1464362e+02		6.4257237e+02		5.2681746e+02		5.0200870e+02		2.4808759e+01
4.2900000e+02		4.3000000e+02		4.2950000e+02		4.6063718e+02		2.9271845e+02		5.9782995e+02		4.9014275e+02		4.6711091e+02		2.3031835e+01
4.3000000e+02		4.3100000e+02		4.3050000e+02		3.7055843e+02		2.3499674e+02		4.8008635e+02		3.9362338e+02		3.7531465e+02		1.8308724e+01
4.3100000e+02		4.3200000e+02		4.3150000e+02		4.5818753e+02		2.9137340e+02		5.9499513e+02		4.8782179e+02		4.6480187e+02		2.3019918e+01
4.3200000e+02		4.3300000e+02		4.3250000e+02		5.1625369e+02		3.2958105e+02		6.7265380e+02		5.5146990e+02		5.2499466e+02		2.6475240e+01
4.3300000e+02		4.3400000e+02		4.3350000e+02		5.6047485e+02		3.5481105e+02		7.2503454e+02		5.9448791e+02		5.6708153e+02		2.7406378e+01
4.3400000e+02		4.3500000e+02		4.3450000e+02		4.7595241e+02		3.0478180e+02		6.2173084e+02		5.0970739e+02		4.8485915e+02		2.4848245e+01
4.3500000e+02		4.3600000e+02		4.3550000e+02		5.3162725e+02		3.3712319e+02		6.8873905e+02		5.6472701e+02		5.3851640e+02		2.6210603e+01
4.3600000e+02		4.3700000e+02		4.3650000e+02		5.9481241e+02		3.7686759e+02		7.7000022e+02		6.3136750e+02		6.0215325e+02		2.9214248e+01
4.3700000e+02		4.3800000e+02		4.3750000e+02		5.2629983e+02		3.3559633e+02		6.8500746e+02		5.6163100e+02		5.3480377e+02		2.6827234e+01
4.3800000e+02		4.3900000e+02		4.3850000e+02		5.1257868e+02		3.2543275e+02		6.6470857e+02		5.4502754e+02		5.1956686e+02		2.5460687e+01
4.3900000e+02		4.4000000e+02		4.3950000e+02		5.7051902e+02		3.6333042e+02		7.4176563e+02		6.0818911e+02		5.7934188e+02		2.8847224e+01
4.4000000e+02		4.4100000e+02		4.4050000e+02		5.4089681e+02		3.4377883e+02		7.0206536e+02		5.7565959e+02		5.4863577e+02		2.7023815e+01
4.4100000e+02		4.4200000e+02		4.4150000e+02		5.9491633e+02		3.7777267e+02		7.7154807e+02		6.3263741e+02		6.0301646e+02		2.9620955e+01
4.4200000e+02		4.4300000e+02		4.4250000e+02		6.2544254e+02		3.9715187e+02		8.1109903e+02		6.6506774e+02		6.3389575e+02		3.1171986e+01
4.4300000e+02		4.4400000e+02		4.4350000e+02		6.0497206e+02		3.8397685e+02		7.8425183e+02		6.4306487e+02		6.1300884e+02		3.0056034e+01
4.4400000e+02		4.4500000e+02		4.4450000e+02		6.2324411e+02		3.9567543e+02		8.0806299e+02		6.6258258e+02		6.3150908e+02		3.1073494e+01
4.4500000e+02		4.4600000e+02		4.4550000e+02		5.7783999e+02		3.6716280e+02		7.4974617e+02		6.1476481e+02		5.8583265e+02		2.8932162e+01
4.4600000e+02		4.4700000e+02		4.4650000e+02		5.8940025e+02		3.7470444e+02		7.6513646e+02		6.2739664e+02		5.9787616e+02		2.9520471e+01
4.4700000e+02		4.4800000e+02		4.4750000e+02		6.3881895e+02		4.0646203e+02		8.2989489e+02		6.8049803e+02		6.4837614e+02		3.2121891e+01
4.4800000e+02		4.4900000e+02		4.4850000e+02		6.2805979e+02		3.9995484e+02		8.1651833e+02		6.6953034e+02		6.3782250e+02		3.1707847e+01
4.4900000e+02		4.5000000e+02		4.4950000e+02		6.3454704e+02		4.0302951e+02		8.2315703e+02		6.7500829e+02		6.4350871e+02		3.1499584e+01
4.5000000e+02		4.5100000e+02		4.5050000e+02		6.7325368e+02		4.2683571e+02		8.7196024e+02		7.1504795e+02		6.8191749e+02		3.3130461e+01
4.5100000e+02		4.5200000e+02		4.5150000e+02		6.7122600e+02		4.2708123e+02		8.7201796e+02		7.1506690e+02		6.8138142e+02		3.3685479e+01
4.5200000e+02		4.5300000e+02		4.5250000e+02		6.3541039e+02		4.0372646e+02		8.2450052e+02		6.7612027e+02		6.4449066e+02		3.1629608e+01
4.5300000e+02		4.5400000e+02		4.5350000e+02		6.0888666e+02		3.8723777e+02		7.9072385e+02		6.4841933e+02		6.1796221e+02		3.0457126e+01
4.5400000e+02		4.5500000e+02		4.5450000e+02		6.4999363e+02		4.1269422e+02		8.4289792e+02		6.9122398e+02		6.5900848e+02		3.2215501e+01
4.5500000e+02		4.5600000e+02		4.5550000e+02		6.4380306e+02		4.0997827e+02		8.3698624e+02		6.8635329e+02		6.5391031e+02		3.2442978e+01
4.5600000e+02		4.5700000e+02		4.5650000e+02		6.6853861e+02		4.2467199e+02		8.6729946e+02		7.1124068e+02		6.7802881e+02		3.3211874e+01
4.5700000e+02		4.5800000e+02		4.5750000e+02		6.7499745e+02		4.2979907e+02		8.7745973e+02		7.1955424e+02		6.8556811e+02		3.3986136e+01
4.5800000e+02		4.5900000e+02		4.5850000e+02		6.3439039e+02		4.0356132e+02		8.2400592e+02		6.7573348e+02		6.4396625e+02		3.1767233e+01
4.5900000e+02		4.6000000e+02		4.5950000e+02		6.5539586e+02		4.1661159e+02		8.5073825e+02		6.9766730e+02		6.6498496e+02		3.2682343e+01
4.6000000e+02		4.6100000e+02		4.6050000e+02		6.4752339e+02		4.1166150e+02		8.4061829e+02		6.8937229e+02		6.5707079e+02		3.2301506e+01
4.6100000e+02		4.6200000e+02		4.6150000e+02		6.6245412e+02		4.2064503e+02		8.5910957e+02		7.0455292e+02		6.7173328e+02		3.2819645e+01
4.6200000e+02		4.6300000e+02		4.6250000e+02		6.6901120e+02		4.2619140e+02		8.7002084e+02		7.1347422e+02		6.7971845e+02		3.3755771e+01
4.6300000e+02		4.6400000e+02		4.6350000e+02		6.4662616e+02		4.1085456e+02		8.3903324e+02		6.8809189e+02		6.5595056e+02		3.2141330e+01
4.6400000e+02		4.6500000e+02		4.6450000e+02		6.5795753e+02		4.1890351e+02		8.5520148e+02		7.0133561e+02		6.6824152e+02		3.3094094e+01
4.6500000e+02		4.6600000e+02		4.6550000e+02		6.3552746e+02		4.0405473e+02		8.2507658e+02		6.7664993e+02		6.4496716e+02		3.1682767e+01
4.6600000e+02		4.6700000e+02		4.6650000e+02		6.3955371e+02		4.0738141e+02		8.3162799e+02		6.8200880e+02		6.4977537e+02		3.2233425e+01
4.6700000e+02		4.6800000e+02		4.6750000e+02		6.4572639e+02		4.1097580e+02		8.3904544e+02		6.8810069e+02		6.5568454e+02		3.2416155e+01
4.6800000e+02		4.6900000e+02		4.6850000e+02		6.3145002e+02		4.0225199e+02		8.2113071e+02		6.7340543e+02		6.4155593e+02		3.1849500e+01
4.6900000e+02		4.7000000e+02		4.6950000e+02		6.4956875e+02		4.1274744e+02		8.4285575e+02		6.9124787e+02		6.5893910e+02		3.2308769e+01
4.7000000e+02		4.7100000e+02		4.7050000e+02		6.1381170e+02		3.9013697e+02		7.9664539e+02		6.5335069e+02		6.2277033e+02		3.0580352e+01
4.7100000e+02		4.7200000e+02		4.7150000e+02		6.4174114e+02		4.0830862e+02		8.3362044e+02		6.8366846e+02		6.5150837e+02		3.2160091e+01
4.7200000e+02		4.7300000e+02		4.7250000e+02		6.5742798e+02		4.1840588e+02		8.5419649e+02		7.0054449e+02		6.6754713e+02		3.2997364e+01
4.7300000e+02		4.7400000e+02		4.7350000e+02		6.4563741e+02		4.1074127e+02		8.3857424e+02		6.8773585e+02		6.5537620e+02		3.2359645e+01
4.7400000e+02		4.7500000e+02		4.7450000e+02		6.6512717e+02		4.2342365e+02		8.6441438e+02		7.0893260e+02		6.7552144e+02		3.3411160e+01
4.7500000e+02		4.7600000e+02		4.7550000e+02		6.6365303e+02		4.2207281e+02		8.6179653e+02		7.0680368e+02		6.7368047e+02		3.3123205e+01
4.7600000e+02		4.7700000e+02		4.7650000e+02		6.3952653e+02		4.0700471e+02		8.3094764e+02		6.8150118e+02		6.4946562e+02		3.2035555e+01
4.7700000e+02		4.7800000e+02		4.7750000e+02		6.6772274e+02		4.2494306e+02		8.6757326e+02		7.1154412e+02		6.7810539e+02		3.3438726e+01
4.7800000e+02		4.7900000e+02		4.7850000e+02		6.6128260e+02		4.2167584e+02		8.6065036e+02		7.0585100e+02		6.7236565e+02		3.3485350e+01
4.7900000e+02		4.8000000e+02		4.7950000e+02		6.6320839e+02		4.2248913e+02		8.6243427e+02		7.0732777e+02		6.7393547e+02		3.3392301e+01
4.8000000e+02		4.8100000e+02		4.8050000e+02		6.6489751e+02		4.2296934e+02		8.6361019e+02		7.0831142e+02		6.7512660e+02		3.3184817e+01
4.8100000e+02		4.8200000e+02		4.8150000e+02		6.6630748e+02		4.2312042e+02		8.6411754e+02		7.0874695e+02		6.7579961e+02		3.2947337e+01
4.8200000e+02		4.8300000e+02		4.8250000e+02		6.6376999e+02		4.2174494e+02		8.6123833e+02		7.0638404e+02		6.7346335e+02		3.2920691e+01
4.8300000e+02		4.8400000e+02		4.8350000e+02		6.5373157e+02		4.1643985e+02		8.5007858e+02		6.9720890e+02		6.6430670e+02		3.2902201e+01
4.8400000e+02		4.8500000e+02		4.8450000e+02		6.4242337e+02		4.0778667e+02		8.3285086e+02		6.8311521e+02		6.5143430e+02		3.1680903e+01
4.8500000e+02		4.8600000e+02		4.8550000e+02		6.0369332e+02		3.8400009e+02		7.8399718e+02		6.4302500e+02		6.1285952e+02		3.0165486e+01
4.8600000e+02		4.8700000e+02		4.8650000e+02		5.2412565e+02		3.3343183e+02		6.8075274e+02		5.5835001e+02		5.3216213e+02		2.6187882e+01
4.8700000e+02		4.8800000e+02		4.8750000e+02		5.9966111e+02		3.8101986e+02		7.7803700e+02		6.3815337e+02		6.0838441e+02		2.9768958e+01
4.8800000e+02		4.8900000e+02		4.8850000e+02		6.3081686e+02		4.0102323e+02		8.1882108e+02		6.7160360e+02		6.4020003e+02		3.1403571e+01
4.8900000e+02		4.9000000e+02		4.8950000e+02		6.1880396e+02		3.9399701e+02		8.0429249e+02		6.5967695e+02		6.2860549e+02		3.1071457e+01
4.9000000e+02		4.9100000e+02		4.9050000e+02		6.5907671e+02		4.1919193e+02		8.5586793e+02		7.0199495e+02		6.6911915e+02		3.2875808e+01
4.9100000e+02		4.9200000e+02		4.9150000e+02		6.2110374e+02		3.9566975e+02		8.0764360e+02		6.6242844e+02		6.3115785e+02		3.1270595e+01
4.9200000e+02		4.9300000e+02		4.9250000e+02		5.9112858e+02		3.7580524e+02		7.6734845e+02		6.2940334e+02		6.0001955e+02		2.9383787e+01
4.9300000e+02		4.9400000e+02		4.9350000e+02		6.2472140e+02		3.9732817e+02		8.1124367e+02		6.6540728e+02		6.3428198e+02		3.1125294e+01
4.9400000e+02		4.9500000e+02		4.9450000e+02		6.4279699e+02		4.0901649e+02		8.3505169e+02		6.8493465e+02		6.5282937e+02		3.2105276e+01
4.9500000e+02		4.9600000e+02		4.9550000e+02		6.3133158e+02		4.0124511e+02		8.1932583e+02		6.7204998e+02		6.4073121e+02		3.1318774e+01
4.9600000e+02		4.9700000e+02		4.9650000e+02		6.3921352e+02		4.0670716e+02		8.3034193e+02		6.8107868e+02		6.4916998e+02		3.1908699e+01
4.9700000e+02		4.9800000e+02		4.9750000e+02		6.5113923e+02		4.1441610e+02		8.4604204e+02		6.9395691e+02		6.6140067e+02		3.2556242e+01
4.9800000e+02		4.9900000e+02		4.9850000e+02		5.9175801e+02		3.7609230e+02		7.6795762e+02		6.2992353e+02		6.0057115e+02		2.9352382e+01
4.9900000e+02		5.0000000e+02		4.9950000e+02		6.3385792e+02		4.0259627e+02		8.2213357e+02		6.7436715e+02		6.4301682e+02		3.1350339e+01
