Left Bin Edge (nm)	Right Bin Edge (nm)	Bin Center (nm)		Top of Atm Intensity (erg/s/nm/cm2)		Total Surface Flux (erg/s/nm/cm2)		Total Intensity at BOA (erg/s/nm/cm2)		Total Surface Intensity (erg/s/nm/cm2)		Total Surface Diffuse Intensity (erg/s/nm/cm2)		Total Surface Direct Intensity (erg/s/nm/cm2)
1.0000000e+02		1.0100000e+02		1.0050000e+02		1.9189487e-02		0.0000000e+00		0.0000000e+00		0.0000000e+00		0.0000000e+00		0.0000000e+00
1.0100000e+02		1.0200000e+02		1.0150000e+02		7.4861701e-02		0.0000000e+00		0.0000000e+00		0.0000000e+00		0.0000000e+00		0.0000000e+00
1.0200000e+02		1.0300000e+02		1.0250000e+02		3.9734366e-01		0.0000000e+00		0.0000000e+00		0.0000000e+00		0.0000000e+00		0.0000000e+00
1.0300000e+02		1.0400000e+02		1.0350000e+02		3.0179545e-01		0.0000000e+00		0.0000000e+00		0.0000000e+00		0.0000000e+00		0.0000000e+00
1.0400000e+02		1.0500000e+02		1.0450000e+02		6.0815352e-02		0.0000000e+00		0.0000000e+00		0.0000000e+00		0.0000000e+00		0.0000000e+00
1.0500000e+02		1.0600000e+02		1.0550000e+02		2.0834600e-02		0.0000000e+00		0.0000000e+00		0.0000000e+00		0.0000000e+00		0.0000000e+00
1.0600000e+02		1.0700000e+02		1.0650000e+02		1.9584792e-02		0.0000000e+00		0.0000000e+00		0.0000000e+00		0.0000000e+00		0.0000000e+00
1.0700000e+02		1.0800000e+02		1.0750000e+02		2.1853879e-02		0.0000000e+00		0.0000000e+00		0.0000000e+00		0.0000000e+00		0.0000000e+00
1.0800000e+02		1.0900000e+02		1.0850000e+02		3.0634999e-02		0.0000000e+00		0.0000000e+00		0.0000000e+00		0.0000000e+00		0.0000000e+00
1.0900000e+02		1.1000000e+02		1.0950000e+02		2.4032561e-02		0.0000000e+00		0.0000000e+00		0.0000000e+00		0.0000000e+00		0.0000000e+00
1.1000000e+02		1.1100000e+02		1.1050000e+02		2.3268893e-02		0.0000000e+00		0.0000000e+00		0.0000000e+00		0.0000000e+00		0.0000000e+00
1.1100000e+02		1.1200000e+02		1.1150000e+02		2.1871272e-02		0.0000000e+00		0.0000000e+00		0.0000000e+00		0.0000000e+00		0.0000000e+00
1.1200000e+02		1.1300000e+02		1.1250000e+02		2.2375602e-02		0.0000000e+00		0.0000000e+00		0.0000000e+00		0.0000000e+00		0.0000000e+00
1.1300000e+02		1.1400000e+02		1.1350000e+02		1.7748133e-02		0.0000000e+00		0.0000000e+00		0.0000000e+00		0.0000000e+00		0.0000000e+00
1.1400000e+02		1.1500000e+02		1.1450000e+02		1.3589480e-02		0.0000000e+00		0.0000000e+00		0.0000000e+00		0.0000000e+00		0.0000000e+00
1.1500000e+02		1.1600000e+02		1.1550000e+02		1.8751615e-02		0.0000000e+00		0.0000000e+00		0.0000000e+00		0.0000000e+00		0.0000000e+00
1.1600000e+02		1.1700000e+02		1.1650000e+02		4.3674487e-02		0.0000000e+00		0.0000000e+00		0.0000000e+00		0.0000000e+00		0.0000000e+00
1.1700000e+02		1.1800000e+02		1.1750000e+02		1.5546757e-01		0.0000000e+00		0.0000000e+00		0.0000000e+00		0.0000000e+00		0.0000000e+00
1.1800000e+02		1.1900000e+02		1.1850000e+02		5.2889236e-02		0.0000000e+00		0.0000000e+00		0.0000000e+00		0.0000000e+00		0.0000000e+00
1.1900000e+02		1.2000000e+02		1.1950000e+02		7.3692884e-02		0.0000000e+00		0.0000000e+00		0.0000000e+00		0.0000000e+00		0.0000000e+00
1.2000000e+02		1.2100000e+02		1.2050000e+02		4.0066072e-01		0.0000000e+00		0.0000000e+00		0.0000000e+00		0.0000000e+00		0.0000000e+00
1.2100000e+02		1.2200000e+02		1.2150000e+02		1.5905289e+01		0.0000000e+00		0.0000000e+00		0.0000000e+00		0.0000000e+00		0.0000000e+00
1.2200000e+02		1.2300000e+02		1.2250000e+02		1.0666543e-01		0.0000000e+00		0.0000000e+00		0.0000000e+00		0.0000000e+00		0.0000000e+00
1.2300000e+02		1.2400000e+02		1.2350000e+02		5.7456553e-02		0.0000000e+00		0.0000000e+00		0.0000000e+00		0.0000000e+00		0.0000000e+00
1.2400000e+02		1.2500000e+02		1.2450000e+02		4.6184197e-02		0.0000000e+00		0.0000000e+00		0.0000000e+00		0.0000000e+00		0.0000000e+00
1.2500000e+02		1.2600000e+02		1.2550000e+02		4.5085118e-02		0.0000000e+00		0.0000000e+00		0.0000000e+00		0.0000000e+00		0.0000000e+00
1.2600000e+02		1.2700000e+02		1.2650000e+02		6.3054464e-02		0.0000000e+00		0.0000000e+00		0.0000000e+00		0.0000000e+00		0.0000000e+00
1.2700000e+02		1.2800000e+02		1.2750000e+02		3.3006429e-02		0.0000000e+00		0.0000000e+00		0.0000000e+00		0.0000000e+00		0.0000000e+00
1.2800000e+02		1.2900000e+02		1.2850000e+02		2.6335196e-02		0.0000000e+00		0.0000000e+00		0.0000000e+00		0.0000000e+00		0.0000000e+00
1.2900000e+02		1.3000000e+02		1.2950000e+02		3.5131240e-02		0.0000000e+00		0.0000000e+00		0.0000000e+00		0.0000000e+00		0.0000000e+00
1.3000000e+02		1.3100000e+02		1.3050000e+02		2.8850634e-01		0.0000000e+00		0.0000000e+00		0.0000000e+00		0.0000000e+00		0.0000000e+00
1.3100000e+02		1.3200000e+02		1.3150000e+02		3.9064855e-02		0.0000000e+00		0.0000000e+00		0.0000000e+00		0.0000000e+00		0.0000000e+00
1.3200000e+02		1.3300000e+02		1.3250000e+02		3.0374778e-02		0.0000000e+00		0.0000000e+00		0.0000000e+00		0.0000000e+00		0.0000000e+00
1.3300000e+02		1.3400000e+02		1.3350000e+02		4.1056606e-01		0.0000000e+00		0.0000000e+00		0.0000000e+00		0.0000000e+00		0.0000000e+00
1.3400000e+02		1.3500000e+02		1.3450000e+02		2.8092500e-02		0.0000000e+00		0.0000000e+00		0.0000000e+00		0.0000000e+00		0.0000000e+00
1.3500000e+02		1.3600000e+02		1.3550000e+02		5.8954708e-02		0.0000000e+00		0.0000000e+00		0.0000000e+00		0.0000000e+00		0.0000000e+00
1.3600000e+02		1.3700000e+02		1.3650000e+02		3.8690656e-02		0.0000000e+00		0.0000000e+00		0.0000000e+00		0.0000000e+00		0.0000000e+00
1.3700000e+02		1.3800000e+02		1.3750000e+02		3.9732879e-02		0.0000000e+00		0.0000000e+00		0.0000000e+00		0.0000000e+00		0.0000000e+00
1.3800000e+02		1.3900000e+02		1.3850000e+02		4.0549866e-02		0.0000000e+00		0.0000000e+00		0.0000000e+00		0.0000000e+00		0.0000000e+00
1.3900000e+02		1.4000000e+02		1.3950000e+02		1.3692187e-01		0.0000000e+00		0.0000000e+00		0.0000000e+00		0.0000000e+00		0.0000000e+00
1.4000000e+02		1.4100000e+02		1.4050000e+02		1.1939088e-01		0.0000000e+00		0.0000000e+00		0.0000000e+00		0.0000000e+00		0.0000000e+00
1.4100000e+02		1.4200000e+02		1.4150000e+02		5.7521948e-02		0.0000000e+00		0.0000000e+00		0.0000000e+00		0.0000000e+00		0.0000000e+00
1.4200000e+02		1.4300000e+02		1.4250000e+02		6.2343151e-02		0.0000000e+00		0.0000000e+00		0.0000000e+00		0.0000000e+00		0.0000000e+00
1.4300000e+02		1.4400000e+02		1.4350000e+02		6.9165895e-02		0.0000000e+00		0.0000000e+00		0.0000000e+00		0.0000000e+00		0.0000000e+00
1.4400000e+02		1.4500000e+02		1.4450000e+02		6.6149126e-02		0.0000000e+00		0.0000000e+00		0.0000000e+00		0.0000000e+00		0.0000000e+00
1.4500000e+02		1.4600000e+02		1.4550000e+02		7.0536262e-02		0.0000000e+00		0.0000000e+00		0.0000000e+00		0.0000000e+00		0.0000000e+00
1.4600000e+02		1.4700000e+02		1.4650000e+02		8.6012655e-02		0.0000000e+00		0.0000000e+00		0.0000000e+00		0.0000000e+00		0.0000000e+00
1.4700000e+02		1.4800000e+02		1.4750000e+02		1.0610345e-01		0.0000000e+00		0.0000000e+00		0.0000000e+00		0.0000000e+00		0.0000000e+00
1.4800000e+02		1.4900000e+02		1.4850000e+02		1.0405386e-01		0.0000000e+00		0.0000000e+00		0.0000000e+00		0.0000000e+00		0.0000000e+00
1.4900000e+02		1.5000000e+02		1.4950000e+02		9.4002421e-02		0.0000000e+00		0.0000000e+00		0.0000000e+00		0.0000000e+00		0.0000000e+00
1.5000000e+02		1.5100000e+02		1.5050000e+02		1.0343288e-01		0.0000000e+00		0.0000000e+00		0.0000000e+00		0.0000000e+00		0.0000000e+00
1.5100000e+02		1.5200000e+02		1.5150000e+02		1.0875212e-01		0.0000000e+00		0.0000000e+00		0.0000000e+00		0.0000000e+00		0.0000000e+00
1.5200000e+02		1.5300000e+02		1.5250000e+02		1.3876638e-01		0.0000000e+00		0.0000000e+00		0.0000000e+00		0.0000000e+00		0.0000000e+00
1.5300000e+02		1.5400000e+02		1.5350000e+02		1.5371418e-01		0.0000000e+00		0.0000000e+00		0.0000000e+00		0.0000000e+00		0.0000000e+00
1.5400000e+02		1.5500000e+02		1.5450000e+02		4.1112511e-01		0.0000000e+00		0.0000000e+00		0.0000000e+00		0.0000000e+00		0.0000000e+00
1.5500000e+02		1.5600000e+02		1.5550000e+02		3.3836363e-01		0.0000000e+00		0.0000000e+00		0.0000000e+00		0.0000000e+00		0.0000000e+00
1.5600000e+02		1.5700000e+02		1.5650000e+02		2.0084632e-01		0.0000000e+00		0.0000000e+00		0.0000000e+00		0.0000000e+00		0.0000000e+00
1.5700000e+02		1.5800000e+02		1.5750000e+02		1.8216796e-01		0.0000000e+00		0.0000000e+00		0.0000000e+00		0.0000000e+00		0.0000000e+00
1.5800000e+02		1.5900000e+02		1.5850000e+02		1.6795176e-01		0.0000000e+00		0.0000000e+00		0.0000000e+00		0.0000000e+00		0.0000000e+00
1.5900000e+02		1.6000000e+02		1.5950000e+02		1.6379377e-01		0.0000000e+00		0.0000000e+00		0.0000000e+00		0.0000000e+00		0.0000000e+00
1.6000000e+02		1.6100000e+02		1.6050000e+02		1.7926410e-01		0.0000000e+00		0.0000000e+00		0.0000000e+00		0.0000000e+00		0.0000000e+00
1.6100000e+02		1.6200000e+02		1.6150000e+02		2.0306941e-01		0.0000000e+00		0.0000000e+00		0.0000000e+00		0.0000000e+00		0.0000000e+00
1.6200000e+02		1.6300000e+02		1.6250000e+02		2.2492895e-01		0.0000000e+00		0.0000000e+00		0.0000000e+00		0.0000000e+00		0.0000000e+00
1.6300000e+02		1.6400000e+02		1.6350000e+02		4.7671727e-01		0.0000000e+00		0.0000000e+00		0.0000000e+00		0.0000000e+00		0.0000000e+00
1.6400000e+02		1.6500000e+02		1.6450000e+02		4.8753270e-01		0.0000000e+00		0.0000000e+00		0.0000000e+00		0.0000000e+00		0.0000000e+00
1.6500000e+02		1.6600000e+02		1.6550000e+02		5.7072689e-01		0.0000000e+00		0.0000000e+00		0.0000000e+00		0.0000000e+00		0.0000000e+00
1.6600000e+02		1.6700000e+02		1.6650000e+02		2.6919628e-01		0.0000000e+00		0.0000000e+00		0.0000000e+00		0.0000000e+00		0.0000000e+00
1.6700000e+02		1.6800000e+02		1.6750000e+02		2.8728373e-01		0.0000000e+00		0.0000000e+00		0.0000000e+00		0.0000000e+00		0.0000000e+00
1.6800000e+02		1.6900000e+02		1.6850000e+02		3.0958866e-01		0.0000000e+00		0.0000000e+00		0.0000000e+00		0.0000000e+00		0.0000000e+00
1.6900000e+02		1.7000000e+02		1.6950000e+02		3.8988989e-01		0.0000000e+00		0.0000000e+00		0.0000000e+00		0.0000000e+00		0.0000000e+00
1.7000000e+02		1.7100000e+02		1.7050000e+02		4.3752516e-01		0.0000000e+00		0.0000000e+00		0.0000000e+00		0.0000000e+00		0.0000000e+00
1.7100000e+02		1.7200000e+02		1.7150000e+02		4.3618394e-01		0.0000000e+00		0.0000000e+00		0.0000000e+00		0.0000000e+00		0.0000000e+00
1.7200000e+02		1.7300000e+02		1.7250000e+02		4.5514763e-01		0.0000000e+00		0.0000000e+00		0.0000000e+00		0.0000000e+00		0.0000000e+00
1.7300000e+02		1.7400000e+02		1.7350000e+02		4.5120572e-01		0.0000000e+00		0.0000000e+00		0.0000000e+00		0.0000000e+00		0.0000000e+00
1.7400000e+02		1.7500000e+02		1.7450000e+02		5.3951828e-01		0.0000000e+00		0.0000000e+00		0.0000000e+00		0.0000000e+00		0.0000000e+00
1.7500000e+02		1.7600000e+02		1.7550000e+02		6.4389120e-01		0.0000000e+00		0.0000000e+00		0.0000000e+00		0.0000000e+00		0.0000000e+00
1.7600000e+02		1.7700000e+02		1.7650000e+02		6.9472845e-01		0.0000000e+00		0.0000000e+00		0.0000000e+00		0.0000000e+00		0.0000000e+00
1.7700000e+02		1.7800000e+02		1.7750000e+02		8.1849614e-01		0.0000000e+00		0.0000000e+00		0.0000000e+00		0.0000000e+00		0.0000000e+00
1.7800000e+02		1.7900000e+02		1.7850000e+02		8.9455089e-01		0.0000000e+00		0.0000000e+00		0.0000000e+00		0.0000000e+00		0.0000000e+00
1.7900000e+02		1.8000000e+02		1.7950000e+02		8.6966614e-01		0.0000000e+00		0.0000000e+00		0.0000000e+00		0.0000000e+00		0.0000000e+00
1.8000000e+02		1.8100000e+02		1.8050000e+02		1.0753674e+00		0.0000000e+00		0.0000000e+00		0.0000000e+00		0.0000000e+00		0.0000000e+00
1.8100000e+02		1.8200000e+02		1.8150000e+02		1.3093431e+00		0.0000000e+00		0.0000000e+00		0.0000000e+00		0.0000000e+00		0.0000000e+00
1.8200000e+02		1.8300000e+02		1.8250000e+02		1.2087370e+00		0.0000000e+00		0.0000000e+00		0.0000000e+00		0.0000000e+00		0.0000000e+00
1.8300000e+02		1.8400000e+02		1.8350000e+02		1.2728289e+00		0.0000000e+00		0.0000000e+00		0.0000000e+00		0.0000000e+00		0.0000000e+00
1.8400000e+02		1.8500000e+02		1.8450000e+02		1.0940339e+00		0.0000000e+00		0.0000000e+00		0.0000000e+00		0.0000000e+00		0.0000000e+00
1.8500000e+02		1.8600000e+02		1.8550000e+02		1.2372281e+00		0.0000000e+00		0.0000000e+00		0.0000000e+00		0.0000000e+00		0.0000000e+00
1.8600000e+02		1.8700000e+02		1.8650000e+02		1.4037992e+00		0.0000000e+00		0.0000000e+00		0.0000000e+00		0.0000000e+00		0.0000000e+00
1.8700000e+02		1.8800000e+02		1.8750000e+02		1.5907538e+00		0.0000000e+00		0.0000000e+00		0.0000000e+00		0.0000000e+00		0.0000000e+00
1.8800000e+02		1.8900000e+02		1.8850000e+02		1.6735993e+00		0.0000000e+00		0.0000000e+00		0.0000000e+00		0.0000000e+00		0.0000000e+00
1.8900000e+02		1.9000000e+02		1.8950000e+02		1.8559600e+00		0.0000000e+00		0.0000000e+00		0.0000000e+00		0.0000000e+00		0.0000000e+00
1.9000000e+02		1.9100000e+02		1.9050000e+02		1.9109940e+00		0.0000000e+00		0.0000000e+00		0.0000000e+00		0.0000000e+00		0.0000000e+00
1.9100000e+02		1.9200000e+02		1.9150000e+02		2.0707336e+00		0.0000000e+00		0.0000000e+00		0.0000000e+00		0.0000000e+00		0.0000000e+00
1.9200000e+02		1.9300000e+02		1.9250000e+02		2.1685186e+00		0.0000000e+00		0.0000000e+00		0.0000000e+00		0.0000000e+00		0.0000000e+00
1.9300000e+02		1.9400000e+02		1.9350000e+02		1.6554009e+00		-1.6281827e-311		0.0000000e+00		-2.8211933e-311		-2.8226935e-311		1.5001150e-314
1.9400000e+02		1.9500000e+02		1.9450000e+02		2.6556632e+00		0.0000000e+00		0.0000000e+00		0.0000000e+00		0.0000000e+00		0.0000000e+00
1.9500000e+02		1.9600000e+02		1.9550000e+02		2.5630279e+00		1.9649592e-291		0.0000000e+00		1.9748372e-291		2.3371517e-293		1.9514656e-291
1.9600000e+02		1.9700000e+02		1.9650000e+02		2.8204934e+00		2.9131859e-268		0.0000000e+00		2.9287593e-268		3.6847206e-270		2.8919121e-268
1.9700000e+02		1.9800000e+02		1.9750000e+02		2.8068384e+00		6.7192928e-322		0.0000000e+00		6.7686993e-322		9.8813129e-324		6.6698862e-322
1.9800000e+02		1.9900000e+02		1.9850000e+02		2.7505577e+00		2.4788679e-226		0.0000000e+00		2.4950181e-226		3.8211805e-228		2.4568063e-226
1.9900000e+02		2.0000000e+02		1.9950000e+02		2.8965557e+00		3.3703047e-239		0.0000000e+00		3.3909147e-239		4.8763942e-241		3.3421508e-239
2.0000000e+02		2.0100000e+02		2.0050000e+02		3.0623388e+00		5.8795181e-270		0.0000000e+00		5.9142389e-270		8.2150223e-272		5.8320887e-270
2.0100000e+02		2.0200000e+02		2.0150000e+02		3.2593670e+00		6.4716468e-192		0.0000000e+00		6.5188678e-192		1.1172625e-193		6.4071416e-192
2.0200000e+02		2.0300000e+02		2.0250000e+02		3.2217937e+00		6.4859516e-266		0.0000000e+00		6.5206587e-266		8.2117840e-268		6.4385409e-266
2.0300000e+02		2.0400000e+02		2.0350000e+02		3.4484145e+00		8.2566189e-245		0.0000000e+00		8.3016590e-245		1.0656595e-246		8.1950930e-245
2.0400000e+02		2.0500000e+02		2.0450000e+02		3.7117169e+00		1.3558965e-152		0.0000000e+00		1.3675511e-152		2.7574922e-154		1.3399761e-152
2.0500000e+02		2.0600000e+02		2.0550000e+02		3.7200399e+00		8.6126487e-254		0.0000000e+00		8.6560811e-254		1.0276214e-255		8.5533189e-254
2.0600000e+02		2.0700000e+02		2.0650000e+02		3.7247532e+00		1.7244581e-202		0.0000000e+00		1.7351099e-202		2.5202312e-204		1.7099076e-202
2.0700000e+02		2.0800000e+02		2.0750000e+02		4.0454145e+00		1.2733105e-137		0.0000000e+00		1.2846751e-137		2.6889048e-139		1.2577861e-137
2.0800000e+02		2.0900000e+02		2.0850000e+02		4.3759554e+00		3.4102519e-208		0.0000000e+00		3.4298483e-208		4.6365577e-210		3.3834827e-208
2.0900000e+02		2.1000000e+02		2.0950000e+02		5.6528678e+00		2.5508927e-104		0.0000000e+00		2.5797131e-104		6.8189699e-106		2.5115234e-104
2.1000000e+02		2.1100000e+02		2.1050000e+02		6.9678423e+00		1.8872780e-181		0.0000000e+00		1.8991933e-181		2.8191987e-183		1.8710013e-181
2.1100000e+02		2.1200000e+02		2.1150000e+02		7.9326445e+00		2.5294745e-121		0.0000000e+00		2.5529276e-121		5.5490792e-123		2.4974368e-121
2.1200000e+02		2.1300000e+02		2.1250000e+02		7.0734222e+00		1.0849076e-101		0.0000000e+00		1.0966838e-101		2.7862791e-103		1.0688210e-101
2.1300000e+02		2.1400000e+02		2.1350000e+02		7.2066449e+00		4.7504819e-125		0.0000000e+00		4.7914248e-125		9.6872003e-127		4.6945528e-125
2.1400000e+02		2.1500000e+02		2.1450000e+02		9.2279181e+00		4.4036558e-65		1.6252943e-62		4.4756020e-65		1.7022642e-66		4.3053756e-65
2.1500000e+02		2.1600000e+02		2.1550000e+02		7.9257408e+00		1.1914706e-102		0.0000000e+00		1.2034831e-102		2.8421737e-104		1.1750613e-102
2.1600000e+02		2.1700000e+02		2.1650000e+02		7.3353469e+00		5.9241665e-59		1.2634764e-56		6.0269280e-59		2.4313636e-60		5.7837916e-59
2.1700000e+02		2.1800000e+02		2.1750000e+02		7.5953881e+00		2.9831271e-68		1.4425302e-65		3.0267604e-68		1.0323745e-69		2.9235230e-68
2.1800000e+02		2.1900000e+02		2.1850000e+02		1.0217230e+01		1.5956176e-56		2.7811961e-54		1.6232470e-56		6.5371710e-58		1.5578753e-56
2.1900000e+02		2.2000000e+02		2.1950000e+02		1.0786519e+01		3.6290453e-38		1.2665219e-36		3.7208922e-38		2.1731207e-39		3.5035801e-38
2.2000000e+02		2.2100000e+02		2.2050000e+02		1.0851638e+01		9.5474970e-55		1.4256438e-52		9.7112333e-55		3.8740417e-56		9.3238291e-55
2.2100000e+02		2.2200000e+02		2.2150000e+02		8.6872371e+00		1.0989053e-28		1.6618909e-27		1.1347945e-28		8.4914774e-30		1.0498797e-28
2.2200000e+02		2.2300000e+02		2.2250000e+02		1.1691346e+01		2.1293622e-34		5.3525830e-33		2.1856146e-34		1.3309454e-35		2.0525200e-34
2.2300000e+02		2.2400000e+02		2.2350000e+02		1.5139682e+01		7.6054552e-16		3.8949099e-15		8.0415143e-16		1.0317268e-16		7.0097875e-16
2.2400000e+02		2.2500000e+02		2.2450000e+02		1.4154944e+01		2.6687718e-24		2.8040450e-23		2.7651258e-24		2.2797610e-25		2.5371497e-24
2.2500000e+02		2.2600000e+02		2.2550000e+02		1.2365614e+01		4.7824537e-16		2.4658544e-15		5.0432785e-16		6.1711810e-17		4.4261604e-16
2.2600000e+02		2.2700000e+02		2.2650000e+02		9.0577089e+00		3.8546104e-15		1.8187953e-14		4.0754199e-15		5.2244079e-16		3.5529791e-15
2.2700000e+02		2.2800000e+02		2.2750000e+02		8.8108381e+00		1.4376595e-12		5.4716628e-12		1.5360098e-12		2.3269953e-13		1.3033103e-12
2.2800000e+02		2.2900000e+02		2.2850000e+02		1.2275156e+01		9.7741711e-06		2.2801633e-05		1.1277566e-05		3.5570704e-06		7.7204956e-06
2.2900000e+02		2.3000000e+02		2.2950000e+02		1.1031259e+01		4.7047588e-03		1.0038093e-02		6.0989630e-03		3.2987223e-03		2.8002406e-03
2.3000000e+02		2.3100000e+02		2.3050000e+02		1.2510180e+01		8.6023387e-04		1.8397860e-03		1.0573317e-03		4.6633853e-04		5.9099319e-04
2.3100000e+02		2.3200000e+02		2.3150000e+02		1.1791833e+01		1.3839598e-02		2.9231161e-02		1.8348875e-02		1.0669063e-02		7.6798117e-03
2.3200000e+02		2.3300000e+02		2.3250000e+02		1.2664003e+01		6.9705069e-02		1.4829973e-01		9.7519073e-02		6.5808639e-02		3.1710434e-02
2.3300000e+02		2.3400000e+02		2.3350000e+02		1.1428554e+01		3.7590389e-01		8.1613290e-01		5.6489403e-01		4.4715548e-01		1.1773855e-01
2.3400000e+02		2.3500000e+02		2.3450000e+02		9.9864853e+00		4.0366977e-01		8.7388319e-01		6.0893763e-01		4.8566896e-01		1.2326867e-01
2.3500000e+02		2.3600000e+02		2.3550000e+02		1.3443360e+01		3.4381077e-01		7.3361513e-01		5.0550828e-01		3.8258041e-01		1.2292787e-01
2.3600000e+02		2.3700000e+02		2.3650000e+02		1.2448020e+01		4.4548868e-01		9.5014598e-01		6.6147183e-01		5.1102164e-01		1.5045020e-01
2.3700000e+02		2.3800000e+02		2.3750000e+02		1.3294723e+01		4.8402463e-01		1.0261477e+00		7.1550383e-01		5.4768567e-01		1.6781816e-01
2.3800000e+02		2.3900000e+02		2.3850000e+02		1.1021422e+01		3.4057115e-01		7.1528398e-01		4.9704695e-01		3.7022572e-01		1.2682123e-01
2.3900000e+02		2.4000000e+02		2.3950000e+02		1.2008577e+01		2.9652705e-01		6.1631170e-01		4.2604693e-01		3.0644732e-01		1.1959960e-01
2.4000000e+02		2.4100000e+02		2.4050000e+02		1.1032163e+01		2.4563261e-01		5.0639494e-01		3.4938409e-01		2.4547863e-01		1.0390546e-01
2.4100000e+02		2.4200000e+02		2.4150000e+02		1.2918879e+01		2.8931768e-01		5.9283250e-01		4.0946617e-01		2.8427437e-01		1.2519180e-01
2.4200000e+02		2.4300000e+02		2.4250000e+02		1.7782729e+01		3.9462102e-01		8.0353892e-01		5.5535315e-01		3.8029630e-01		1.7505685e-01
2.4300000e+02		2.4400000e+02		2.4350000e+02		1.6701989e+01		2.5746343e-01		5.1787444e-01		3.5452906e-01		2.2965975e-01		1.2486932e-01
2.4400000e+02		2.4500000e+02		2.4450000e+02		1.5641720e+01		6.6219398e-02		1.3038498e-01		8.6031284e-02		4.6875425e-02		3.9155859e-02
2.4500000e+02		2.4600000e+02		2.4550000e+02		1.2691134e+01		1.0065016e-02		1.9653554e-02		1.2340468e-02		5.3837779e-03		6.9566902e-03
2.4600000e+02		2.4700000e+02		2.4650000e+02		1.2350906e+01		1.6300960e-02		3.1644208e-02		2.0194097e-02		9.2112614e-03		1.0982836e-02
2.4700000e+02		2.4800000e+02		2.4750000e+02		1.3639226e+01		1.3590574e-02		2.6276539e-02		1.6637267e-02		7.2085531e-03		9.4287135e-03
2.4800000e+02		2.4900000e+02		2.4850000e+02		1.0938846e+01		7.4645740e-03		1.4394632e-02		9.0147447e-03		3.6677432e-03		5.3470015e-03
2.4900000e+02		2.5000000e+02		2.4950000e+02		1.3333262e+01		4.6135599e-03		8.9101233e-03		5.4667122e-03		2.0185799e-03		3.4481323e-03
2.5000000e+02		2.5100000e+02		2.5050000e+02		1.4401571e+01		5.7527317e-04		1.1444728e-03		6.5523991e-04		1.8920332e-04		4.6603659e-04
2.5100000e+02		2.5200000e+02		2.5150000e+02		1.2007424e+01		1.0274105e-04		2.1091323e-04		1.1469067e-04		2.8273106e-05		8.6417565e-05
2.5200000e+02		2.5300000e+02		2.5250000e+02		1.0794009e+01		1.8666535e-04		3.7594037e-04		2.0948040e-04		5.3980984e-05		1.5549941e-04
2.5300000e+02		2.5400000e+02		2.5350000e+02		1.3602371e+01		5.8313510e-05		1.2124527e-04		6.4430844e-05		1.4473768e-05		4.9957076e-05
2.5400000e+02		2.5500000e+02		2.5450000e+02		1.5384114e+01		6.6963338e-06		1.4821921e-05		7.2677421e-06		1.3519667e-06		5.9157754e-06
2.5500000e+02		2.5600000e+02		2.5550000e+02		2.0992062e+01		6.1642934e-07		1.4825768e-06		6.5937410e-07		1.0160840e-07		5.5776570e-07
2.5600000e+02		2.5700000e+02		2.5650000e+02		2.7040612e+01		1.3923450e-05		3.0554456e-05		1.5082167e-05		2.7415555e-06		1.2340612e-05
2.5700000e+02		2.5800000e+02		2.5750000e+02		3.3946512e+01		2.9079709e-07		7.2651609e-07		3.0893116e-07		4.2905660e-08		2.6602550e-07
2.5800000e+02		2.5900000e+02		2.5850000e+02		3.5732434e+01		4.8196870e-07		1.1843989e-06		5.1227736e-07		7.1711080e-08		4.4056628e-07
2.5900000e+02		2.6000000e+02		2.5950000e+02		3.0409976e+01		2.4220733e-08		6.5486289e-08		2.5501622e-08		3.0306168e-09		2.2471005e-08
2.6000000e+02		2.6100000e+02		2.6050000e+02		2.4915606e+01		4.5124816e-09		1.2838726e-08		4.7305074e-09		5.1585451e-10		4.2146529e-09
2.6100000e+02		2.6200000e+02		2.6150000e+02		2.5442742e+01		2.5993856e-10		8.1896839e-10		2.7080351e-10		2.5706753e-11		2.4509676e-10
2.6200000e+02		2.6300000e+02		2.6250000e+02		3.0366547e+01		3.0830997e-10		9.7076492e-10		3.2097045e-10		2.9955020e-11		2.9101544e-10
2.6300000e+02		2.6400000e+02		2.6350000e+02		4.5700096e+01		1.0073130e-09		3.0815324e-09		1.0493161e-09		9.9380404e-11		9.4993565e-10
2.6400000e+02		2.6500000e+02		2.6450000e+02		7.1249372e+01		1.1581775e-11		4.2350025e-11		1.1973939e-11		9.2786990e-13		1.1046069e-11
2.6500000e+02		2.6600000e+02		2.6550000e+02		7.4731454e+01		3.1182479e-12		1.1981523e-11		3.2172806e-12		2.3431379e-13		2.9829668e-12
2.6600000e+02		2.6700000e+02		2.6650000e+02		7.2446611e+01		2.7223838e-13		1.1431349e-12		2.8010040e-13		1.8601744e-14		2.6149865e-13
2.6700000e+02		2.6800000e+02		2.6750000e+02		7.2937204e+01		7.4691962e-14		3.2902414e-13		7.6730353e-14		4.8228863e-15		7.1907467e-14
2.6800000e+02		2.6900000e+02		2.6850000e+02		7.2239021e+01		4.5140362e-15		2.2066863e-14		4.6258172e-15		2.6447659e-16		4.3613406e-15
2.6900000e+02		2.7000000e+02		2.6950000e+02		6.7758000e+01		8.1901913e-15		3.9040529e-14		8.3933717e-15		4.8072994e-16		7.9126417e-15
2.7000000e+02		2.7100000e+02		2.7050000e+02		7.8281462e+01		8.4541929e-17		4.8096121e-16		8.6363088e-17		4.3089102e-18		8.2054178e-17
2.7100000e+02		2.7200000e+02		2.7150000e+02		6.5051220e+01		4.7330741e-18		2.9799177e-17		4.8270771e-18		2.2241346e-19		4.6046636e-18
2.7200000e+02		2.7300000e+02		2.7250000e+02		5.2331568e+01		1.0576396e-19		7.6224441e-19		1.0767154e-19		4.5133917e-21		1.0315815e-19
2.7300000e+02		2.7400000e+02		2.7350000e+02		5.5800645e+01		3.2772634e-22		2.9465010e-21		3.3289433e-22		1.2227593e-23		3.2066674e-22
2.7400000e+02		2.7500000e+02		2.7450000e+02		3.8398649e+01		3.4532968e-19		2.3504315e-18		3.5155980e-19		1.4740627e-20		3.3681918e-19
2.7500000e+02		2.7600000e+02		2.7550000e+02		5.1208696e+01		2.7748946e-22		2.5009898e-21		2.8172066e-22		1.0011118e-23		2.7170954e-22
2.7600000e+02		2.7700000e+02		2.7650000e+02		7.1318275e+01		2.0967861e-21		1.7717689e-20		2.1292993e-21		7.6927159e-23		2.0523721e-21
2.7700000e+02		2.7800000e+02		2.7750000e+02		6.8188493e+01		2.1942098e-23		2.2004065e-22		2.2249683e-23		7.2775297e-25		2.1521930e-23
2.7800000e+02		2.7900000e+02		2.7850000e+02		4.7024496e+01		2.2806215e-23		2.2510745e-22		2.3123258e-23		7.5013024e-25		2.2373127e-23
2.7900000e+02		2.8000000e+02		2.7950000e+02		2.6422560e+01		1.9563541e-25		2.2634728e-24		1.9812349e-25		5.8868717e-27		1.9223662e-25
2.8000000e+02		2.8100000e+02		2.8050000e+02		2.8982131e+01		1.7937174e-25		2.0890238e-24		1.8161084e-25		5.2977862e-27		1.7631306e-25
2.8100000e+02		2.8200000e+02		2.8150000e+02		6.0033324e+01		4.6324309e-29		7.5977244e-28		4.6818807e-29		1.1699947e-30		4.5648812e-29
2.8200000e+02		2.8300000e+02		2.8250000e+02		8.1733762e+01		5.3843294e-23		5.2477449e-22		5.4550438e-23		1.6731217e-24		5.2877316e-23
2.8300000e+02		2.8400000e+02		2.8350000e+02		8.4433091e+01		2.0322080e-27		2.9221439e-26		2.0543561e-27		5.2402866e-29		2.0019532e-27
2.8400000e+02		2.8500000e+02		2.8450000e+02		6.2255376e+01		2.7989411e-26		3.5989893e-25		2.8303983e-26		7.4428346e-28		2.7559699e-26
2.8500000e+02		2.8600000e+02		2.8550000e+02		4.0018063e+01		5.1821112e-29		8.3267251e-28		5.2345292e-29		1.2402235e-30		5.1105069e-29
2.8600000e+02		2.8700000e+02		2.8650000e+02		8.2001717e+01		1.5104035e-26		2.0085214e-25		1.5266356e-26		3.8405503e-28		1.4882300e-26
2.8700000e+02		2.8800000e+02		2.8750000e+02		9.5189148e+01		8.5053556e-28		1.2691235e-26		8.5912600e-28		2.0325196e-29		8.3880080e-28
2.8800000e+02		2.8900000e+02		2.8850000e+02		9.0460934e+01		5.4250115e-27		7.5266101e-26		5.4805866e-27		1.3149212e-28		5.3490945e-27
2.8900000e+02		2.9000000e+02		2.8950000e+02		1.3728321e+02		4.1565712e-24		4.5480161e-23		4.2030252e-24		1.0991135e-25		4.0931138e-24
2.9000000e+02		2.9100000e+02		2.9050000e+02		1.8023325e+02		1.6287342e-27		2.4279685e-26		1.6444624e-27		3.7213272e-29		1.6072491e-27
2.9100000e+02		2.9200000e+02		2.9150000e+02		1.7359450e+02		9.2716245e-22		8.3277949e-21		9.3820497e-22		2.6126891e-23		9.1207808e-22
2.9200000e+02		2.9300000e+02		2.9250000e+02		1.5421676e+02		3.7713753e-28		5.9075243e-27		3.8060414e-28		8.2020973e-30		3.7240204e-28
2.9300000e+02		2.9400000e+02		2.9350000e+02		1.6099986e+02		4.1745582e-22		3.8525621e-21		4.2221703e-22		1.1265141e-23		4.1095189e-22
2.9400000e+02		2.9500000e+02		2.9450000e+02		1.4991794e+02		1.7044976e-24		1.9341026e-23		1.7218889e-24		4.1148241e-26		1.6807407e-24
2.9500000e+02		2.9600000e+02		2.9550000e+02		1.6232431e+02		5.6933964e-18		3.6581661e-17		5.7700685e-18		1.8140834e-19		5.5886602e-18
2.9600000e+02		2.9700000e+02		2.9650000e+02		1.4851381e+02		5.4907499e-25		6.5007374e-24		5.5441381e-25		1.2631783e-26		5.4178203e-25
2.9700000e+02		2.9800000e+02		2.9750000e+02		1.5140866e+02		3.0229356e-18		1.9834010e-17		3.0619697e-18		9.2355685e-20		2.9696140e-18
2.9800000e+02		2.9900000e+02		2.9850000e+02		1.3012850e+02		1.1378308e-24		1.3031910e-23		1.1487334e-24		2.5795856e-26		1.1229376e-24
2.9900000e+02		3.0000000e+02		2.9950000e+02		1.4682541e+02		3.4306893e-16		1.8779870e-15		3.4788585e-16		1.1396951e-17		3.3648890e-16
3.0000000e+02		3.0100000e+02		3.0050000e+02		1.1681452e+02		2.0295163e-21		1.7397777e-20		2.0511861e-21		5.1271220e-23		1.9999149e-21
3.0100000e+02		3.0200000e+02		3.0150000e+02		1.3434477e+02		4.0277789e-10		1.2976610e-09		4.1126260e-10		2.0075029e-11		3.9118757e-10
3.0200000e+02		3.0300000e+02		3.0250000e+02		1.4142283e+02		3.1064325e-19		2.2141878e-18		3.1419915e-19		8.4133345e-21		3.0578581e-19
3.0300000e+02		3.0400000e+02		3.0350000e+02		1.8342160e+02		1.3715998e-07		3.6019636e-07		1.4072797e-07		8.4419565e-09		1.3228602e-07
3.0400000e+02		3.0500000e+02		3.0450000e+02		1.7556728e+02		1.3108652e-16		7.4844543e-16		1.3275191e-16		3.9403732e-18		1.2881154e-16
3.0500000e+02		3.0600000e+02		3.0550000e+02		1.7728071e+02		8.4256173e-06		1.9044653e-05		8.6929988e-06		6.3263142e-07		8.0603674e-06
3.0600000e+02		3.0700000e+02		3.0650000e+02		1.6814926e+02		7.6266022e-15		3.7249864e-14		7.7312492e-15		2.4759753e-16		7.4836517e-15
3.0700000e+02		3.0800000e+02		3.0750000e+02		1.8878816e+02		5.8980464e-06		1.3516253e-05		6.0753194e-06		4.1943245e-07		5.6558869e-06
3.0800000e+02		3.0900000e+02		3.0850000e+02		1.8529086e+02		1.7792167e-10		5.9671491e-10		1.8116945e-10		7.6843262e-12		1.7348513e-10
3.0900000e+02		3.1000000e+02		3.0950000e+02		1.5026991e+02		1.3692740e-05		3.0186587e-05		1.4120078e-05		1.0110916e-06		1.3108986e-05
3.1000000e+02		3.1100000e+02		3.1050000e+02		1.8913229e+02		2.9074637e-07		7.4151735e-07		2.9783964e-07		1.6782873e-08		2.8105677e-07
3.1100000e+02		3.1200000e+02		3.1150000e+02		2.2495083e+02		1.9077733e-04		3.8905854e-04		1.9752574e-04		1.5966917e-05		1.8155883e-04
3.1200000e+02		3.1300000e+02		3.1250000e+02		2.0030306e+02		9.9788839e-04		1.9181929e-03		1.0379593e-03		9.4808848e-05		9.4315048e-04
3.1300000e+02		3.1400000e+02		3.1350000e+02		2.1331645e+02		2.9813790e-04		5.9717726e-04		3.0878440e-04		2.5189887e-05		2.8359451e-04
3.1400000e+02		3.1500000e+02		3.1450000e+02		2.0119548e+02		5.6780832e-02		9.6773326e-02		6.0146326e-02		7.9628446e-03		5.2183482e-02
3.1500000e+02		3.1600000e+02		3.1550000e+02		1.9522773e+02		7.0816060e-03		1.2769776e-02		7.4094976e-03		7.7579970e-04		6.6336979e-03
3.1600000e+02		3.1700000e+02		3.1650000e+02		1.9043254e+02		1.6032896e-01		2.6560126e-01		1.7102541e-01		2.5308068e-02		1.4571734e-01
3.1700000e+02		3.1800000e+02		3.1750000e+02		2.4155434e+02		1.6876098e-01		2.8048669e-01		1.7957080e-01		2.5576299e-02		1.5399450e-01
3.1800000e+02		3.1900000e+02		3.1850000e+02		1.9952276e+02		6.2456549e-01		1.0051669e+00		6.7421026e-01		1.1746077e-01		5.5674948e-01
3.1900000e+02		3.2000000e+02		3.1950000e+02		2.1430874e+02		1.8554376e+00		2.9362700e+00		2.0298984e+00		4.1277856e-01		1.6171198e+00
3.2000000e+02		3.2100000e+02		3.2050000e+02		2.4621307e+02		6.1522948e+00		9.6274405e+00		6.8603132e+00		1.6751895e+00		5.1851237e+00
3.2100000e+02		3.2200000e+02		3.2150000e+02		2.0677326e+02		9.5878836e+00		1.4951438e+01		1.0839363e+01		2.9610312e+00		7.8783314e+00
3.2200000e+02		3.2300000e+02		3.2250000e+02		2.0765168e+02		1.4533825e+01		2.2639390e+01		1.6600417e+01		4.8896090e+00		1.1710808e+01
3.2300000e+02		3.2400000e+02		3.2350000e+02		2.0066974e+02		4.4800950e+01		7.0551765e+01		5.3391344e+01		2.0325090e+01		3.3066254e+01
3.2400000e+02		3.2500000e+02		3.2450000e+02		2.3629853e+02		5.1453091e+01		8.0814093e+01		6.1118203e+01		2.2867900e+01		3.8250303e+01
3.2500000e+02		3.2600000e+02		3.2550000e+02		2.7209498e+02		8.1258800e+01		1.2825849e+02		9.7840304e+01		3.9232258e+01		5.8608046e+01
3.2600000e+02		3.2700000e+02		3.2650000e+02		3.0699214e+02		1.3252265e+02		2.1106158e+02		1.6264432e+02		7.1268637e+01		9.1375686e+01
3.2700000e+02		3.2800000e+02		3.2750000e+02		2.9701525e+02		1.3309617e+02		2.1176973e+02		1.6335917e+02		7.1603020e+01		9.1756146e+01
3.2800000e+02		3.2900000e+02		3.2850000e+02		2.8673370e+02		1.5763801e+02		2.5228866e+02		1.9572244e+02		9.0108718e+01		1.0561372e+02
3.2900000e+02		3.3000000e+02		3.2950000e+02		3.3379807e+02		1.9470536e+02		3.1169938e+02		2.4221071e+02		1.1239887e+02		1.2981184e+02
3.3000000e+02		3.3100000e+02		3.3050000e+02		3.1443449e+02		2.0003763e+02		3.2079305e+02		2.4988089e+02		1.1793042e+02		1.3195047e+02
3.3100000e+02		3.3200000e+02		3.3150000e+02		3.0087994e+02		2.0937772e+02		3.3650594e+02		2.6277895e+02		1.2634866e+02		1.3643029e+02
3.3200000e+02		3.3300000e+02		3.3250000e+02		2.9519831e+02		2.0398213e+02		3.2694224e+02		2.5525540e+02		1.2131387e+02		1.3394153e+02
3.3300000e+02		3.3400000e+02		3.3350000e+02		2.8364288e+02		2.0675149e+02		3.3154473e+02		2.5923411e+02		1.2417522e+02		1.3505889e+02
3.3400000e+02		3.3500000e+02		3.3450000e+02		2.9883003e+02		2.1985508e+02		3.5191676e+02		2.7522884e+02		1.3101572e+02		1.4421312e+02
3.3500000e+02		3.3600000e+02		3.3550000e+02		2.9511053e+02		2.1965666e+02		3.5101300e+02		2.7460515e+02		1.3000953e+02		1.4459562e+02
3.3600000e+02		3.3700000e+02		3.3650000e+02		2.4313126e+02		1.8131309e+02		2.8911107e+02		2.2618360e+02		1.0616477e+02		1.2001883e+02
3.3700000e+02		3.3800000e+02		3.3750000e+02		2.5649874e+02		1.9212213e+02		3.0573029e+02		2.3920768e+02		1.1140561e+02		1.2780207e+02
3.3800000e+02		3.3900000e+02		3.3850000e+02		2.7748673e+02		2.1077122e+02		3.3491426e+02		2.6213662e+02		1.2153184e+02		1.4060478e+02
3.3900000e+02		3.4000000e+02		3.3950000e+02		2.9040264e+02		2.3048513e+02		3.6631700e+02		2.8706274e+02		1.3386408e+02		1.5319867e+02
3.4000000e+02		3.4100000e+02		3.4050000e+02		3.0654056e+02		2.4506091e+02		3.8878573e+02		3.0472111e+02		1.4115756e+02		1.6356356e+02
3.4100000e+02		3.4200000e+02		3.4150000e+02		2.7979685e+02		2.2552777e+02		3.5718409e+02		2.8000644e+02		1.2889791e+02		1.5110853e+02
3.4200000e+02		3.4300000e+02		3.4250000e+02		3.0344565e+02		2.4518836e+02		3.8753997e+02		3.0381114e+02		1.3870299e+02		1.6510815e+02
3.4300000e+02		3.4400000e+02		3.4350000e+02		2.9822260e+02		2.4203923e+02		3.8184330e+02		2.9936937e+02		1.3564457e+02		1.6372480e+02
3.4400000e+02		3.4500000e+02		3.4450000e+02		2.3986676e+02		1.9468616e+02		3.0649324e+02		2.4028294e+02		1.0788312e+02		1.3239981e+02
3.4500000e+02		3.4600000e+02		3.4550000e+02		2.8907088e+02		2.3576965e+02		3.7049841e+02		2.9048727e+02		1.2946327e+02		1.6102400e+02
3.4600000e+02		3.4700000e+02		3.4650000e+02		2.8069735e+02		2.2967782e+02		3.6024639e+02		2.8246052e+02		1.2488522e+02		1.5757530e+02
3.4700000e+02		3.4800000e+02		3.4750000e+02		2.7782009e+02		2.2685361e+02		3.5505222e+02		2.7835670e+02		1.2185761e+02		1.5649909e+02
3.4800000e+02		3.4900000e+02		3.4850000e+02		2.8744416e+02		2.3608513e+02		3.6887422e+02		2.8922503e+02		1.2573037e+02		1.6349466e+02
3.4900000e+02		3.5000000e+02		3.4950000e+02		2.7550877e+02		2.2653619e+02		3.5327120e+02		2.7698426e+02		1.1936141e+02		1.5762285e+02
3.5000000e+02		3.5100000e+02		3.5050000e+02		3.3002358e+02		2.7185566e+02		4.2315159e+02		3.3177225e+02		1.4176418e+02		1.9000808e+02
3.5100000e+02		3.5200000e+02		3.5150000e+02		3.0660572e+02		2.5370487e+02		3.9422578e+02		3.0911402e+02		1.3109946e+02		1.7801456e+02
3.5200000e+02		3.5300000e+02		3.5250000e+02		2.8324198e+02		2.3580692e+02		3.6582826e+02		2.8687955e+02		1.2083916e+02		1.6604040e+02
3.5300000e+02		3.5400000e+02		3.5350000e+02		3.2405327e+02		2.6832856e+02		4.1536956e+02		3.2565921e+02		1.3564575e+02		1.9001345e+02
3.5400000e+02		3.5500000e+02		3.5450000e+02		3.4586270e+02		2.8701492e+02		4.4351082e+02		3.4772204e+02		1.4363458e+02		2.0408746e+02
3.5500000e+02		3.5600000e+02		3.5550000e+02		3.2478382e+02		2.7164313e+02		4.1914844e+02		3.2867298e+02		1.3493409e+02		1.9373889e+02
3.5600000e+02		3.5700000e+02		3.5650000e+02		2.8234357e+02		2.3690270e+02		3.6493103e+02		2.8616564e+02		1.1655738e+02		1.6960826e+02
3.5700000e+02		3.5800000e+02		3.5750000e+02		2.4674321e+02		2.0712753e+02		3.1849079e+02		2.4973537e+02		1.0081123e+02		1.4892414e+02
3.5800000e+02		3.5900000e+02		3.5850000e+02		2.1181106e+02		1.7686831e+02		2.7139909e+02		2.1276360e+02		8.4929153e+01		1.2783444e+02
3.5900000e+02		3.6000000e+02		3.5950000e+02		3.0582840e+02		2.5532630e+02		3.9108999e+02		3.0657262e+02		1.2125008e+02		1.8532254e+02
3.6000000e+02		3.6100000e+02		3.6050000e+02		3.0178862e+02		2.5258537e+02		3.8626045e+02		3.0278698e+02		1.1877829e+02		1.8400869e+02
3.6100000e+02		3.6200000e+02		3.6150000e+02		2.8033735e+02		2.3682529e+02		3.6169960e+02		2.8358804e+02		1.1064186e+02		1.7294618e+02
3.6200000e+02		3.6300000e+02		3.6250000e+02		3.1645921e+02		2.6704122e+02		4.0712284e+02		3.1916886e+02		1.2333533e+02		1.9583354e+02
3.6300000e+02		3.6400000e+02		3.6350000e+02		3.0810145e+02		2.5852559e+02		3.9335977e+02		3.0830803e+02		1.1778650e+02		1.9052152e+02
3.6400000e+02		3.6500000e+02		3.6450000e+02		3.2221950e+02		2.7121256e+02		4.1203342e+02		3.2294862e+02		1.2240882e+02		2.0053979e+02
3.6500000e+02		3.6600000e+02		3.6550000e+02		3.6674574e+02		3.1116400e+02		4.7212780e+02		3.7010549e+02		1.3945707e+02		2.3064842e+02
3.6600000e+02		3.6700000e+02		3.6650000e+02		3.9198946e+02		3.3314385e+02		5.0468783e+02		3.9561881e+02		1.4781734e+02		2.4780147e+02
3.6700000e+02		3.6800000e+02		3.6750000e+02		3.7850004e+02		3.2377646e+02		4.8985368e+02		3.8403133e+02		1.4256453e+02		2.4146679e+02
3.6800000e+02		3.6900000e+02		3.6850000e+02		3.4895620e+02		2.9877828e+02		4.5132513e+02		3.5380826e+02		1.3020232e+02		2.2360594e+02
3.6900000e+02		3.7000000e+02		3.6950000e+02		3.8736224e+02		3.2946507e+02		4.9672985e+02		3.8930073e+02		1.4157271e+02		2.4772803e+02
3.7000000e+02		3.7100000e+02		3.7050000e+02		3.6351013e+02		3.0585355e+02		4.6017419e+02		3.6051536e+02		1.2933124e+02		2.3118412e+02
3.7100000e+02		3.7200000e+02		3.7150000e+02		3.7529261e+02		3.2177134e+02		4.8379848e+02		3.7919236e+02		1.3585957e+02		2.4333278e+02
3.7200000e+02		3.7300000e+02		3.7250000e+02		3.1177186e+02		2.6876146e+02		4.0357674e+02		3.1633902e+02		1.1256971e+02		2.0376931e+02
3.7300000e+02		3.7400000e+02		3.7350000e+02		2.7192112e+02		2.3455512e+02		3.5168615e+02		2.7564842e+02		9.7227790e+01		1.7842063e+02
3.7400000e+02		3.7500000e+02		3.7450000e+02		2.7832167e+02		2.3939971e+02		3.5836336e+02		2.8083804e+02		9.8044129e+01		1.8279391e+02
3.7500000e+02		3.7600000e+02		3.7550000e+02		3.1876744e+02		2.7154856e+02		4.0570592e+02		3.1782920e+02		1.0950117e+02		2.0832803e+02
3.7600000e+02		3.7700000e+02		3.7650000e+02		3.3048657e+02		2.8520157e+02		4.2572806e+02		3.3360726e+02		1.1452908e+02		2.1907817e+02
3.7700000e+02		3.7800000e+02		3.7750000e+02		3.8770864e+02		3.3631532e+02		5.0141434e+02		3.9294099e+02		1.3397776e+02		2.5896323e+02
3.7800000e+02		3.7900000e+02		3.7850000e+02		4.0380398e+02		3.4971961e+02		5.2061196e+02		4.0793524e+02		1.3773965e+02		2.7019559e+02
3.7900000e+02		3.8000000e+02		3.7950000e+02		3.2744385e+02		2.8527672e+02		4.2418739e+02		3.3240769e+02		1.1151308e+02		2.2089461e+02
3.8000000e+02		3.8100000e+02		3.8050000e+02		3.5656330e+02		3.1172570e+02		4.6293437e+02		3.6277664e+02		1.2078782e+02		2.4198881e+02
3.8100000e+02		3.8200000e+02		3.8150000e+02		3.2019140e+02		2.8033450e+02		4.1576340e+02		3.2579814e+02		1.0756813e+02		2.1823001e+02
3.8200000e+02		3.8300000e+02		3.8250000e+02		2.2964197e+02		2.0077270e+02		2.9733737e+02		2.3297013e+02		7.6179931e+01		1.5679020e+02
3.8300000e+02		3.8400000e+02		3.8350000e+02		2.0267593e+02		1.7557812e+02		2.5956939e+02		2.0331104e+02		6.5616810e+01		1.3769423e+02
3.8400000e+02		3.8500000e+02		3.8450000e+02		2.7111947e+02		2.3660483e+02		3.4942961e+02		2.7372806e+02		8.7834512e+01		1.8589355e+02
3.8500000e+02		3.8600000e+02		3.8550000e+02		2.8715912e+02		2.5264795e+02		3.7275602e+02		2.9204199e+02		9.3207315e+01		1.9883468e+02
3.8600000e+02		3.8700000e+02		3.8650000e+02		2.8837692e+02		2.5439470e+02		3.7488153e+02		2.9370479e+02		9.3008678e+01		2.0069611e+02
3.8700000e+02		3.8800000e+02		3.8750000e+02		2.8805300e+02		2.5435954e+02		3.7435735e+02		2.9327832e+02		9.2082825e+01		2.0119550e+02
3.8800000e+02		3.8900000e+02		3.8850000e+02		2.9209390e+02		2.5713745e+02		3.7791057e+02		2.9601363e+02		9.1982013e+01		2.0403161e+02
3.8900000e+02		3.9000000e+02		3.8950000e+02		3.5069332e+02		3.0725370e+02		4.5090372e+02		3.5311473e+02		1.0850837e+02		2.4460636e+02
3.9000000e+02		3.9100000e+02		3.9050000e+02		3.6838836e+02		3.2568176e+02		4.7752283e+02		3.7402169e+02		1.1437349e+02		2.5964819e+02
3.9100000e+02		3.9200000e+02		3.9150000e+02		3.9613874e+02		3.5178773e+02		5.1525239e+02		4.0358970e+02		1.2256479e+02		2.8102491e+02
3.9200000e+02		3.9300000e+02		3.9250000e+02		3.0403432e+02		2.7048888e+02		3.9571805e+02		3.0995049e+02		9.3367169e+01		2.1658332e+02
3.9300000e+02		3.9400000e+02		3.9350000e+02		1.8639471e+02		1.6606287e+02		2.4266347e+02		1.9006074e+02		5.6779581e+01		1.3328116e+02
3.9400000e+02		3.9500000e+02		3.9450000e+02		3.0813115e+02		2.7484568e+02		4.0116032e+02		3.1418463e+02		9.3076960e+01		2.2110767e+02
3.9500000e+02		3.9600000e+02		3.9550000e+02		3.7840801e+02		3.3786152e+02		4.9256902e+02		3.8575420e+02		1.1331528e+02		2.7243891e+02
3.9600000e+02		3.9700000e+02		3.9650000e+02		2.6140326e+02		2.3355171e+02		3.4010373e+02		2.6633472e+02		7.7565427e+01		1.8876929e+02
3.9700000e+02		3.9800000e+02		3.9750000e+02		2.9300657e+02		2.6199556e+02		3.8109191e+02		2.9841497e+02		8.6169246e+01		2.1224572e+02
3.9800000e+02		3.9900000e+02		3.9850000e+02		4.5124719e+02		4.0416506e+02		5.8724921e+02		4.5983040e+02		1.3170562e+02		3.2812478e+02
3.9900000e+02		4.0000000e+02		3.9950000e+02		4.9846141e+02		4.4698848e+02		6.4876173e+02		5.0797156e+02		1.4428752e+02		3.6368405e+02
4.0000000e+02		4.0100000e+02		4.0050000e+02		5.1407199e+02		4.6154126e+02		6.6915872e+02		5.2391848e+02		1.4758609e+02		3.7633239e+02
4.0100000e+02		4.0200000e+02		4.0150000e+02		5.3860814e+02		4.8413920e+02		7.0117073e+02		5.4895641e+02		1.5335917e+02		3.9559724e+02
4.0200000e+02		4.0300000e+02		4.0250000e+02		5.4526519e+02		4.9069264e+02		7.0990968e+02		5.5577152e+02		1.5397830e+02		4.0179323e+02
4.0300000e+02		4.0400000e+02		4.0350000e+02		5.2165796e+02		4.7000947e+02		6.7927529e+02		5.3176357e+02		1.4611177e+02		3.8565180e+02
4.0400000e+02		4.0500000e+02		4.0450000e+02		5.1300620e+02		4.6272365e+02		6.6805173e+02		5.2295154e+02		1.4250072e+02		3.8045082e+02
4.0500000e+02		4.0600000e+02		4.0550000e+02		5.1256585e+02		4.6283300e+02		6.6752386e+02		5.2251258e+02		1.4120339e+02		3.8130919e+02
4.0600000e+02		4.0700000e+02		4.0650000e+02		4.9035274e+02		4.4320943e+02		6.3857027e+02		4.9982277e+02		1.3394860e+02		3.6587418e+02
4.0700000e+02		4.0800000e+02		4.0750000e+02		4.9838294e+02		4.5095256e+02		6.4907389e+02		5.0801912e+02		1.3502094e+02		3.7299818e+02
4.0800000e+02		4.0900000e+02		4.0850000e+02		5.2990289e+02		4.7995441e+02		6.9012948e+02		5.4012509e+02		1.4236535e+02		3.9775974e+02
4.0900000e+02		4.1000000e+02		4.0950000e+02		5.2713439e+02		4.7791072e+02		6.8651325e+02		5.3726715e+02		1.4043884e+02		3.9682831e+02
4.1000000e+02		4.1100000e+02		4.1050000e+02		4.8293937e+02		4.3826366e+02		6.2894659e+02		4.9218992e+02		1.2759090e+02		3.6459902e+02
4.1100000e+02		4.1200000e+02		4.1150000e+02		5.5986852e+02		5.0855816e+02		7.2912087e+02		5.7055306e+02		1.4668152e+02		4.2387154e+02
4.1200000e+02		4.1300000e+02		4.1250000e+02		5.4940473e+02		4.9952054e+02		7.1547965e+02		5.5984955e+02		1.4273996e+02		4.1710959e+02
4.1300000e+02		4.1400000e+02		4.1350000e+02		5.2995399e+02		4.8228187e+02		6.9013540e+02		5.3999021e+02		1.3653939e+02		4.0345082e+02
4.1400000e+02		4.1500000e+02		4.1450000e+02		5.3771640e+02		4.8979435e+02		7.0023033e+02		5.4786059e+02		1.3738620e+02		4.1047439e+02
4.1500000e+02		4.1600000e+02		4.1550000e+02		5.3722776e+02		4.8979122e+02		6.9957808e+02		5.4732195e+02		1.3611918e+02		4.1120278e+02
4.1600000e+02		4.1700000e+02		4.1650000e+02		5.5745703e+02		5.0868835e+02		7.2590417e+02		5.6788908e+02		1.4007044e+02		4.2781864e+02
4.1700000e+02		4.1800000e+02		4.1750000e+02		5.0725322e+02		4.6328469e+02		6.6051387e+02		5.1670625e+02		1.2639675e+02		3.9030950e+02
4.1800000e+02		4.1900000e+02		4.1850000e+02		5.2601513e+02		4.8083668e+02		6.8492375e+02		5.3577368e+02		1.2998233e+02		4.0579135e+02
4.1900000e+02		4.2000000e+02		4.1950000e+02		5.3123875e+02		4.8603243e+02		6.9171083e+02		5.4105516e+02		1.3018518e+02		4.1086998e+02
4.2000000e+02		4.2100000e+02		4.2050000e+02		5.3797708e+02		4.9261637e+02		7.0046580e+02		5.4787508e+02		1.3074351e+02		4.1713157e+02
4.2100000e+02		4.2200000e+02		4.2150000e+02		5.2958361e+02		4.8533843e+02		6.8951790e+02		5.3928435e+02		1.2763741e+02		4.1164693e+02
4.2200000e+02		4.2300000e+02		4.2250000e+02		5.0190537e+02		4.6035488e+02		6.5346201e+02		5.1105814e+02		1.1996519e+02		3.9109295e+02
4.2300000e+02		4.2400000e+02		4.2350000e+02		5.3474862e+02		4.9088200e+02		6.9620210e+02		5.4445630e+02		1.2675816e+02		4.1769814e+02
4.2400000e+02		4.2500000e+02		4.2450000e+02		5.5328403e+02		5.0830912e+02		7.2031196e+02		5.6328229e+02		1.3006793e+02		4.3321436e+02
4.2500000e+02		4.2600000e+02		4.2550000e+02		5.3248014e+02		4.8958870e+02		6.9320619e+02		5.4205796e+02		1.2414360e+02		4.1791435e+02
4.2600000e+02		4.2700000e+02		4.2650000e+02		5.3029841e+02		4.8796921e+02		6.9034403e+02		5.3979236e+02		1.2261488e+02		4.1717748e+02
4.2700000e+02		4.2800000e+02		4.2750000e+02		4.9171747e+02		4.5282234e+02		6.4009854e+02		5.0047906e+02		1.1275700e+02		3.8772206e+02
4.2800000e+02		4.2900000e+02		4.2850000e+02		4.9494538e+02		4.5614786e+02		6.4427926e+02		5.0372233e+02		1.1256241e+02		3.9115992e+02
4.2900000e+02		4.3000000e+02		4.2950000e+02		4.6063718e+02		4.2485389e+02		5.9959954e+02		4.6876629e+02		1.0389785e+02		3.6486844e+02
4.3000000e+02		4.3100000e+02		4.3050000e+02		3.7055843e+02		3.4203118e+02		4.8232989e+02		3.7706598e+02		8.2893219e+01		2.9417276e+02
4.3100000e+02		4.3200000e+02		4.3150000e+02		4.5818753e+02		4.2323041e+02		5.9636986e+02		4.6619436e+02		1.0165380e+02		3.6454055e+02
4.3200000e+02		4.3300000e+02		4.3250000e+02		5.1625369e+02		4.7721887e+02		6.7192424e+02		5.2523040e+02		1.1359651e+02		4.1163390e+02
4.3300000e+02		4.3400000e+02		4.3350000e+02		5.6047485e+02		5.1847488e+02		7.2945378e+02		5.7017164e+02		1.2231586e+02		4.4785578e+02
4.3400000e+02		4.3500000e+02		4.3450000e+02		4.7595241e+02		4.4060419e+02		6.1942608e+02		4.8414526e+02		1.0301928e+02		3.8112598e+02
4.3500000e+02		4.3600000e+02		4.3550000e+02		5.3162725e+02		4.9249546e+02		6.9185855e+02		5.4073183e+02		1.1412848e+02		4.2660335e+02
4.3600000e+02		4.3700000e+02		4.3650000e+02		5.9481241e+02		5.5141855e+02		7.7405894e+02		6.0494677e+02		1.2664912e+02		4.7829765e+02
4.3700000e+02		4.3800000e+02		4.3750000e+02		5.2629983e+02		4.8824459e+02		6.8487451e+02		5.3522047e+02		1.1114613e+02		4.2407434e+02
4.3800000e+02		4.3900000e+02		4.3850000e+02		5.1257868e+02		4.7584351e+02		6.6699398e+02		5.2122145e+02		1.0736537e+02		4.1385609e+02
4.3900000e+02		4.4000000e+02		4.3950000e+02		5.7051902e+02		5.2999232e+02		7.4236039e+02		5.8008801e+02		1.1852767e+02		4.6156034e+02
4.4000000e+02		4.4100000e+02		4.4050000e+02		5.4089681e+02		5.0281203e+02		7.0378750e+02		5.4991985e+02		1.1145830e+02		4.3846155e+02
4.4100000e+02		4.4200000e+02		4.4150000e+02		5.9491633e+02		5.5337764e+02		7.7401899e+02		6.0476548e+02		1.2158494e+02		4.8318054e+02
4.4200000e+02		4.4300000e+02		4.4250000e+02		6.2544254e+02		5.8214222e+02		8.1368496e+02		6.3572564e+02		1.2677974e+02		5.0894591e+02
4.4300000e+02		4.4400000e+02		4.4350000e+02		6.0497206e+02		5.6345754e+02		7.8702486e+02		6.1486689e+02		1.2163583e+02		4.9323106e+02
4.4400000e+02		4.4500000e+02		4.4450000e+02		6.2324411e+02		5.8082607e+02		8.1073117e+02		6.3335482e+02		1.2428435e+02		5.0907047e+02
4.4500000e+02		4.4600000e+02		4.4550000e+02		5.7783999e+02		5.3886025e+02		7.5164547e+02		5.8716870e+02		1.1429903e+02		4.7286968e+02
4.4600000e+02		4.4700000e+02		4.4650000e+02		5.8940025e+02		5.5001625e+02		7.6669240e+02		5.9889751e+02		1.1565430e+02		4.8324321e+02
4.4700000e+02		4.4800000e+02		4.4750000e+02		6.3881895e+02		5.9651141e+02		8.3095298e+02		6.4906434e+02		1.2434155e+02		5.2472279e+02
4.4800000e+02		4.4900000e+02		4.4850000e+02		6.2805979e+02		5.8683437e+02		8.1693631e+02		6.3808659e+02		1.2126405e+02		5.1682254e+02
4.4900000e+02		4.5000000e+02		4.4950000e+02		6.3454704e+02		5.9326045e+02		8.2534590e+02		6.4462522e+02		1.2153035e+02		5.2309487e+02
4.5000000e+02		4.5100000e+02		4.5050000e+02		6.7325368e+02		6.2982826e+02		8.7565613e+02		6.8388749e+02		1.2790552e+02		5.5598197e+02
4.5100000e+02		4.5200000e+02		4.5150000e+02		6.7122600e+02		6.2830525e+02		8.7298308e+02		6.8176818e+02		1.2649466e+02		5.5527352e+02
4.5200000e+02		4.5300000e+02		4.5250000e+02		6.3541039e+02		5.9513004e+02		8.2636803e+02		6.4533369e+02		1.1878311e+02		5.2655058e+02
4.5300000e+02		4.5400000e+02		4.5350000e+02		6.0888666e+02		5.7061981e+02		7.9184055e+02		6.1834179e+02		1.1291143e+02		5.0543037e+02
4.5400000e+02		4.5500000e+02		4.5450000e+02		6.4999363e+02		6.0949412e+02		8.4526409e+02		6.6002959e+02		1.1956821e+02		5.4046138e+02
4.5500000e+02		4.5600000e+02		4.5550000e+02		6.4380306e+02		6.0403310e+02		8.3717904e+02		6.5368657e+02		1.1748137e+02		5.3620520e+02
4.5600000e+02		4.5700000e+02		4.5650000e+02		6.6853861e+02		6.2759398e+02		8.6930816e+02		6.7874291e+02		1.2101968e+02		5.5772323e+02
4.5700000e+02		4.5800000e+02		4.5750000e+02		6.7499745e+02		6.3401028e+02		8.7767012e+02		6.8524094e+02		1.2121304e+02		5.6402789e+02
4.5800000e+02		4.5900000e+02		4.5850000e+02		6.3439039e+02		5.9619730e+02		8.2483611e+02		6.4396193e+02		1.1301231e+02		5.3094961e+02
4.5900000e+02		4.6000000e+02		4.5950000e+02		6.5539586e+02		6.1627385e+02		8.5211189e+02		6.6522689e+02		1.1582413e+02		5.4940276e+02
4.6000000e+02		4.6100000e+02		4.6050000e+02		6.4752339e+02		6.0919954e+02		8.4184132e+02		6.5717972e+02		1.1352233e+02		5.4365739e+02
4.6100000e+02		4.6200000e+02		4.6150000e+02		6.6245412e+02		6.2357892e+02		8.6121663e+02		6.7227533e+02		1.1521695e+02		5.5705838e+02
4.6200000e+02		4.6300000e+02		4.6250000e+02		6.6901120e+02		6.3008337e+02		8.6970468e+02		6.7887143e+02		1.1543381e+02		5.6343763e+02
4.6300000e+02		4.6400000e+02		4.6350000e+02		6.4662616e+02		6.0931858e+02		8.4056925e+02		6.5610038e+02		1.1068691e+02		5.4541347e+02
4.6400000e+02		4.6500000e+02		4.6450000e+02		6.5795753e+02		6.2031616e+02		8.5526341e+02		6.6754086e+02		1.1173483e+02		5.5580603e+02
4.6500000e+02		4.6600000e+02		4.6550000e+02		6.3552746e+02		5.9947520e+02		8.2607249e+02		6.4472928e+02		1.0707229e+02		5.3765699e+02
4.6600000e+02		4.6700000e+02		4.6650000e+02		6.3955371e+02		6.0357773e+02		8.3127107e+02		6.4875883e+02		1.0689964e+02		5.4185920e+02
4.6700000e+02		4.6800000e+02		4.6750000e+02		6.4572639e+02		6.0970078e+02		8.3924975e+02		6.5495715e+02		1.0707774e+02		5.4787941e+02
4.6800000e+02		4.6900000e+02		4.6850000e+02		6.3145002e+02		5.9651623e+02		8.2066129e+02		6.4042350e+02		1.0388570e+02		5.3653779e+02
4.6900000e+02		4.7000000e+02		4.6950000e+02		6.4956875e+02		6.1392576e+02		8.4416472e+02		6.5873658e+02		1.0602353e+02		5.5271305e+02
4.7000000e+02		4.7100000e+02		4.7050000e+02		6.1381170e+02		5.8041086e+02		7.9766161e+02		6.2242217e+02		9.9399823e+01		5.2302234e+02
4.7100000e+02		4.7200000e+02		4.7150000e+02		6.4174114e+02		6.0710800e+02		8.3391780e+02		6.5068581e+02		1.0310621e+02		5.4757960e+02
4.7200000e+02		4.7300000e+02		4.7250000e+02		6.5742798e+02		6.2224191e+02		8.5426549e+02		6.6653496e+02		1.0479848e+02		5.6173647e+02
4.7300000e+02		4.7400000e+02		4.7350000e+02		6.4563741e+02		6.1135826e+02		8.3889596e+02		6.5451507e+02		1.0211011e+02		5.5240496e+02
4.7400000e+02		4.7500000e+02		4.7450000e+02		6.6512717e+02		6.3012108e+02		8.6420486e+02		6.7423528e+02		1.0437532e+02		5.6985996e+02
4.7500000e+02		4.7600000e+02		4.7550000e+02		6.6365303e+02		6.2902385e+02		8.6226832e+02		6.7269814e+02		1.0333448e+02		5.6936366e+02
4.7600000e+02		4.7700000e+02		4.7650000e+02		6.3952653e+02		6.0643316e+02		8.3088935e+02		6.4819185e+02		9.8802125e+01		5.4938973e+02
4.7700000e+02		4.7800000e+02		4.7750000e+02		6.6772274e+02		6.3345463e+02		8.6748675e+02		6.7671498e+02		1.0235509e+02		5.7435989e+02
4.7800000e+02		4.7900000e+02		4.7850000e+02		6.6128260e+02		6.2762375e+02		8.5908447e+02		6.7013375e+02		1.0057973e+02		5.6955402e+02
4.7900000e+02		4.8000000e+02		4.7950000e+02		6.6320839e+02		6.2972828e+02		8.6155085e+02		6.7203103e+02		1.0008938e+02		5.7194164e+02
4.8000000e+02		4.8100000e+02		4.8050000e+02		6.6489751e+02		6.3160680e+02		8.6370967e+02		6.7368843e+02		9.9566193e+01		5.7412224e+02
4.8100000e+02		4.8200000e+02		4.8150000e+02		6.6630748e+02		6.3321868e+02		8.6550580e+02		6.7506298e+02		9.9004659e+01		5.7605832e+02
4.8200000e+02		4.8300000e+02		4.8250000e+02		6.6376999e+02		6.3107596e+02		8.6217450e+02		6.7243853e+02		9.7864884e+01		5.7457365e+02
4.8300000e+02		4.8400000e+02		4.8350000e+02		6.5373157e+02		6.2179128e+02		8.4909730e+02		6.6221334e+02		9.5639635e+01		5.6657371e+02
4.8400000e+02		4.8500000e+02		4.8450000e+02		6.4242337e+02		6.1128504e+02		8.3436853e+02		6.5070084e+02		9.3258781e+01		5.5744206e+02
4.8500000e+02		4.8600000e+02		4.8550000e+02		6.0369332e+02		5.7466089e+02		7.8402356e+02		6.1141408e+02		8.6958962e+01		5.2445511e+02
4.8600000e+02		4.8700000e+02		4.8650000e+02		5.2412565e+02		4.9913072e+02		6.8066999e+02		5.3079522e+02		7.4919015e+01		4.5587620e+02
4.8700000e+02		4.8800000e+02		4.8750000e+02		5.9966111e+02		5.7128801e+02		7.7872567e+02		6.0723680e+02		8.5055737e+01		5.2218106e+02
4.8800000e+02		4.8900000e+02		4.8850000e+02		6.3081686e+02		6.0121007e+02		8.1915183e+02		6.3873651e+02		8.8788517e+01		5.4994799e+02
4.8900000e+02		4.9000000e+02		4.8950000e+02		6.1880396e+02		5.8999604e+02		8.0352213e+02		6.2652604e+02		8.6430927e+01		5.4009512e+02
4.9000000e+02		4.9100000e+02		4.9050000e+02		6.5907671e+02		6.2864532e+02		8.5578914e+02		6.6725575e+02		9.1353244e+01		5.7590250e+02
4.9100000e+02		4.9200000e+02		4.9150000e+02		6.2110374e+02		5.9265438e+02		8.0644890e+02		6.2876217e+02		8.5431940e+01		5.4333023e+02
4.9200000e+02		4.9300000e+02		4.9250000e+02		5.9112858e+02		5.6427722e+02		7.6750938e+02		5.9838125e+02		8.0690990e+01		5.1769026e+02
4.9300000e+02		4.9400000e+02		4.9350000e+02		6.2472140e+02		5.9657211e+02		8.1109528e+02		6.3233980e+02		8.4627278e+01		5.4771253e+02
4.9400000e+02		4.9500000e+02		4.9450000e+02		6.4279699e+02		6.1406505e+02		8.3453168e+02		6.5058779e+02		8.6413725e+01		5.6417407e+02
4.9500000e+02		4.9600000e+02		4.9550000e+02		6.3133158e+02		6.0333681e+02		8.1961430e+02		6.3893562e+02		8.4227684e+01		5.5470794e+02
4.9600000e+02		4.9700000e+02		4.9650000e+02		6.3921352e+02		6.1109451e+02		8.2981456e+02		6.4686435e+02		8.4632352e+01		5.6223200e+02
4.9700000e+02		4.9800000e+02		4.9750000e+02		6.5113923e+02		6.2272285e+02		8.4526350e+02		6.5888403e+02		8.5558290e+01		5.7332574e+02
4.9800000e+02		4.9900000e+02		4.9850000e+02		5.9175801e+02		5.6613591e+02		7.6814708e+02		5.9875058e+02		7.7167124e+01		5.2158345e+02
4.9900000e+02		5.0000000e+02		4.9950000e+02		6.3385792e+02		6.0662167e+02		8.2275357e+02		6.4129187e+02		8.2030564e+01		5.5926131e+02
