Left Bin Edge (nm)	Right Bin Edge (nm)	Bin Center (nm)		Top of Atm Intensity (erg/s/nm/cm2)		Total Surface Flux (erg/s/nm/cm2)		Total Intensity at BOA (erg/s/nm/cm2)		Total Surface Intensity (erg/s/nm/cm2)		Total Surface Diffuse Intensity (erg/s/nm/cm2)		Total Surface Direct Intensity (erg/s/nm/cm2)
1.0000000e+02		1.0100000e+02		1.0050000e+02		1.9189487e-02		0.0000000e+00		0.0000000e+00		0.0000000e+00		0.0000000e+00		0.0000000e+00
1.0100000e+02		1.0200000e+02		1.0150000e+02		7.4861701e-02		0.0000000e+00		0.0000000e+00		0.0000000e+00		0.0000000e+00		0.0000000e+00
1.0200000e+02		1.0300000e+02		1.0250000e+02		3.9734366e-01		0.0000000e+00		0.0000000e+00		0.0000000e+00		0.0000000e+00		0.0000000e+00
1.0300000e+02		1.0400000e+02		1.0350000e+02		3.0179545e-01		0.0000000e+00		0.0000000e+00		0.0000000e+00		0.0000000e+00		0.0000000e+00
1.0400000e+02		1.0500000e+02		1.0450000e+02		6.0815352e-02		0.0000000e+00		0.0000000e+00		0.0000000e+00		0.0000000e+00		0.0000000e+00
1.0500000e+02		1.0600000e+02		1.0550000e+02		2.0834600e-02		0.0000000e+00		0.0000000e+00		0.0000000e+00		0.0000000e+00		0.0000000e+00
1.0600000e+02		1.0700000e+02		1.0650000e+02		1.9584792e-02		0.0000000e+00		0.0000000e+00		0.0000000e+00		0.0000000e+00		0.0000000e+00
1.0700000e+02		1.0800000e+02		1.0750000e+02		2.1853879e-02		0.0000000e+00		0.0000000e+00		0.0000000e+00		0.0000000e+00		0.0000000e+00
1.0800000e+02		1.0900000e+02		1.0850000e+02		3.0634999e-02		0.0000000e+00		0.0000000e+00		0.0000000e+00		0.0000000e+00		0.0000000e+00
1.0900000e+02		1.1000000e+02		1.0950000e+02		2.4032561e-02		0.0000000e+00		0.0000000e+00		0.0000000e+00		0.0000000e+00		0.0000000e+00
1.1000000e+02		1.1100000e+02		1.1050000e+02		2.3268893e-02		0.0000000e+00		0.0000000e+00		0.0000000e+00		0.0000000e+00		0.0000000e+00
1.1100000e+02		1.1200000e+02		1.1150000e+02		2.1871272e-02		0.0000000e+00		0.0000000e+00		0.0000000e+00		0.0000000e+00		0.0000000e+00
1.1200000e+02		1.1300000e+02		1.1250000e+02		2.2375602e-02		0.0000000e+00		0.0000000e+00		0.0000000e+00		0.0000000e+00		0.0000000e+00
1.1300000e+02		1.1400000e+02		1.1350000e+02		1.7748133e-02		0.0000000e+00		0.0000000e+00		0.0000000e+00		0.0000000e+00		0.0000000e+00
1.1400000e+02		1.1500000e+02		1.1450000e+02		1.3589480e-02		0.0000000e+00		0.0000000e+00		0.0000000e+00		0.0000000e+00		0.0000000e+00
1.1500000e+02		1.1600000e+02		1.1550000e+02		1.8751615e-02		0.0000000e+00		0.0000000e+00		0.0000000e+00		0.0000000e+00		0.0000000e+00
1.1600000e+02		1.1700000e+02		1.1650000e+02		4.3674487e-02		0.0000000e+00		0.0000000e+00		0.0000000e+00		0.0000000e+00		0.0000000e+00
1.1700000e+02		1.1800000e+02		1.1750000e+02		1.5546757e-01		0.0000000e+00		0.0000000e+00		0.0000000e+00		0.0000000e+00		0.0000000e+00
1.1800000e+02		1.1900000e+02		1.1850000e+02		5.2889236e-02		0.0000000e+00		0.0000000e+00		0.0000000e+00		0.0000000e+00		0.0000000e+00
1.1900000e+02		1.2000000e+02		1.1950000e+02		7.3692884e-02		0.0000000e+00		0.0000000e+00		0.0000000e+00		0.0000000e+00		0.0000000e+00
1.2000000e+02		1.2100000e+02		1.2050000e+02		4.0066072e-01		0.0000000e+00		0.0000000e+00		0.0000000e+00		0.0000000e+00		0.0000000e+00
1.2100000e+02		1.2200000e+02		1.2150000e+02		1.5905289e+01		0.0000000e+00		0.0000000e+00		0.0000000e+00		0.0000000e+00		0.0000000e+00
1.2200000e+02		1.2300000e+02		1.2250000e+02		1.0666543e-01		0.0000000e+00		0.0000000e+00		0.0000000e+00		0.0000000e+00		0.0000000e+00
1.2300000e+02		1.2400000e+02		1.2350000e+02		5.7456553e-02		0.0000000e+00		0.0000000e+00		0.0000000e+00		0.0000000e+00		0.0000000e+00
1.2400000e+02		1.2500000e+02		1.2450000e+02		4.6184197e-02		0.0000000e+00		0.0000000e+00		0.0000000e+00		0.0000000e+00		0.0000000e+00
1.2500000e+02		1.2600000e+02		1.2550000e+02		4.5085118e-02		0.0000000e+00		0.0000000e+00		0.0000000e+00		0.0000000e+00		0.0000000e+00
1.2600000e+02		1.2700000e+02		1.2650000e+02		6.3054464e-02		0.0000000e+00		0.0000000e+00		0.0000000e+00		0.0000000e+00		0.0000000e+00
1.2700000e+02		1.2800000e+02		1.2750000e+02		3.3006429e-02		0.0000000e+00		0.0000000e+00		0.0000000e+00		0.0000000e+00		0.0000000e+00
1.2800000e+02		1.2900000e+02		1.2850000e+02		2.6335196e-02		0.0000000e+00		0.0000000e+00		0.0000000e+00		0.0000000e+00		0.0000000e+00
1.2900000e+02		1.3000000e+02		1.2950000e+02		3.5131240e-02		0.0000000e+00		0.0000000e+00		0.0000000e+00		0.0000000e+00		0.0000000e+00
1.3000000e+02		1.3100000e+02		1.3050000e+02		2.8850634e-01		0.0000000e+00		0.0000000e+00		0.0000000e+00		0.0000000e+00		0.0000000e+00
1.3100000e+02		1.3200000e+02		1.3150000e+02		3.9064855e-02		0.0000000e+00		0.0000000e+00		0.0000000e+00		0.0000000e+00		0.0000000e+00
1.3200000e+02		1.3300000e+02		1.3250000e+02		3.0374778e-02		0.0000000e+00		0.0000000e+00		0.0000000e+00		0.0000000e+00		0.0000000e+00
1.3300000e+02		1.3400000e+02		1.3350000e+02		4.1056606e-01		0.0000000e+00		0.0000000e+00		0.0000000e+00		0.0000000e+00		0.0000000e+00
1.3400000e+02		1.3500000e+02		1.3450000e+02		2.8092500e-02		0.0000000e+00		0.0000000e+00		0.0000000e+00		0.0000000e+00		0.0000000e+00
1.3500000e+02		1.3600000e+02		1.3550000e+02		5.8954708e-02		0.0000000e+00		0.0000000e+00		0.0000000e+00		0.0000000e+00		0.0000000e+00
1.3600000e+02		1.3700000e+02		1.3650000e+02		3.8690656e-02		0.0000000e+00		0.0000000e+00		0.0000000e+00		0.0000000e+00		0.0000000e+00
1.3700000e+02		1.3800000e+02		1.3750000e+02		3.9732879e-02		0.0000000e+00		0.0000000e+00		0.0000000e+00		0.0000000e+00		0.0000000e+00
1.3800000e+02		1.3900000e+02		1.3850000e+02		4.0549866e-02		0.0000000e+00		0.0000000e+00		0.0000000e+00		0.0000000e+00		0.0000000e+00
1.3900000e+02		1.4000000e+02		1.3950000e+02		1.3692187e-01		0.0000000e+00		0.0000000e+00		0.0000000e+00		0.0000000e+00		0.0000000e+00
1.4000000e+02		1.4100000e+02		1.4050000e+02		1.1939088e-01		0.0000000e+00		0.0000000e+00		0.0000000e+00		0.0000000e+00		0.0000000e+00
1.4100000e+02		1.4200000e+02		1.4150000e+02		5.7521948e-02		0.0000000e+00		0.0000000e+00		0.0000000e+00		0.0000000e+00		0.0000000e+00
1.4200000e+02		1.4300000e+02		1.4250000e+02		6.2343151e-02		0.0000000e+00		0.0000000e+00		0.0000000e+00		0.0000000e+00		0.0000000e+00
1.4300000e+02		1.4400000e+02		1.4350000e+02		6.9165895e-02		0.0000000e+00		0.0000000e+00		0.0000000e+00		0.0000000e+00		0.0000000e+00
1.4400000e+02		1.4500000e+02		1.4450000e+02		6.6149126e-02		0.0000000e+00		0.0000000e+00		0.0000000e+00		0.0000000e+00		0.0000000e+00
1.4500000e+02		1.4600000e+02		1.4550000e+02		7.0536262e-02		0.0000000e+00		0.0000000e+00		0.0000000e+00		0.0000000e+00		0.0000000e+00
1.4600000e+02		1.4700000e+02		1.4650000e+02		8.6012655e-02		0.0000000e+00		0.0000000e+00		0.0000000e+00		0.0000000e+00		0.0000000e+00
1.4700000e+02		1.4800000e+02		1.4750000e+02		1.0610345e-01		0.0000000e+00		0.0000000e+00		0.0000000e+00		0.0000000e+00		0.0000000e+00
1.4800000e+02		1.4900000e+02		1.4850000e+02		1.0405386e-01		0.0000000e+00		0.0000000e+00		0.0000000e+00		0.0000000e+00		0.0000000e+00
1.4900000e+02		1.5000000e+02		1.4950000e+02		9.4002421e-02		0.0000000e+00		0.0000000e+00		0.0000000e+00		0.0000000e+00		0.0000000e+00
1.5000000e+02		1.5100000e+02		1.5050000e+02		1.0343288e-01		0.0000000e+00		0.0000000e+00		0.0000000e+00		0.0000000e+00		0.0000000e+00
1.5100000e+02		1.5200000e+02		1.5150000e+02		1.0875212e-01		0.0000000e+00		0.0000000e+00		0.0000000e+00		0.0000000e+00		0.0000000e+00
1.5200000e+02		1.5300000e+02		1.5250000e+02		1.3876638e-01		0.0000000e+00		0.0000000e+00		0.0000000e+00		0.0000000e+00		0.0000000e+00
1.5300000e+02		1.5400000e+02		1.5350000e+02		1.5371418e-01		0.0000000e+00		0.0000000e+00		0.0000000e+00		0.0000000e+00		0.0000000e+00
1.5400000e+02		1.5500000e+02		1.5450000e+02		4.1112511e-01		0.0000000e+00		0.0000000e+00		0.0000000e+00		0.0000000e+00		0.0000000e+00
1.5500000e+02		1.5600000e+02		1.5550000e+02		3.3836363e-01		0.0000000e+00		0.0000000e+00		0.0000000e+00		0.0000000e+00		0.0000000e+00
1.5600000e+02		1.5700000e+02		1.5650000e+02		2.0084632e-01		0.0000000e+00		0.0000000e+00		0.0000000e+00		0.0000000e+00		0.0000000e+00
1.5700000e+02		1.5800000e+02		1.5750000e+02		1.8216796e-01		0.0000000e+00		0.0000000e+00		0.0000000e+00		0.0000000e+00		0.0000000e+00
1.5800000e+02		1.5900000e+02		1.5850000e+02		1.6795176e-01		0.0000000e+00		0.0000000e+00		0.0000000e+00		0.0000000e+00		0.0000000e+00
1.5900000e+02		1.6000000e+02		1.5950000e+02		1.6379377e-01		0.0000000e+00		0.0000000e+00		0.0000000e+00		0.0000000e+00		0.0000000e+00
1.6000000e+02		1.6100000e+02		1.6050000e+02		1.7926410e-01		0.0000000e+00		0.0000000e+00		0.0000000e+00		0.0000000e+00		0.0000000e+00
1.6100000e+02		1.6200000e+02		1.6150000e+02		2.0306941e-01		0.0000000e+00		0.0000000e+00		0.0000000e+00		0.0000000e+00		0.0000000e+00
1.6200000e+02		1.6300000e+02		1.6250000e+02		2.2492895e-01		0.0000000e+00		0.0000000e+00		0.0000000e+00		0.0000000e+00		0.0000000e+00
1.6300000e+02		1.6400000e+02		1.6350000e+02		4.7671727e-01		0.0000000e+00		0.0000000e+00		0.0000000e+00		0.0000000e+00		0.0000000e+00
1.6400000e+02		1.6500000e+02		1.6450000e+02		4.8753270e-01		0.0000000e+00		0.0000000e+00		0.0000000e+00		0.0000000e+00		0.0000000e+00
1.6500000e+02		1.6600000e+02		1.6550000e+02		5.7072689e-01		0.0000000e+00		0.0000000e+00		0.0000000e+00		0.0000000e+00		0.0000000e+00
1.6600000e+02		1.6700000e+02		1.6650000e+02		2.6919628e-01		0.0000000e+00		0.0000000e+00		0.0000000e+00		0.0000000e+00		0.0000000e+00
1.6700000e+02		1.6800000e+02		1.6750000e+02		2.8728373e-01		0.0000000e+00		0.0000000e+00		0.0000000e+00		0.0000000e+00		0.0000000e+00
1.6800000e+02		1.6900000e+02		1.6850000e+02		3.0958866e-01		0.0000000e+00		0.0000000e+00		0.0000000e+00		0.0000000e+00		0.0000000e+00
1.6900000e+02		1.7000000e+02		1.6950000e+02		3.8988989e-01		0.0000000e+00		0.0000000e+00		0.0000000e+00		0.0000000e+00		0.0000000e+00
1.7000000e+02		1.7100000e+02		1.7050000e+02		4.3752516e-01		0.0000000e+00		0.0000000e+00		0.0000000e+00		0.0000000e+00		0.0000000e+00
1.7100000e+02		1.7200000e+02		1.7150000e+02		4.3618394e-01		0.0000000e+00		0.0000000e+00		0.0000000e+00		0.0000000e+00		0.0000000e+00
1.7200000e+02		1.7300000e+02		1.7250000e+02		4.5514763e-01		0.0000000e+00		0.0000000e+00		0.0000000e+00		0.0000000e+00		0.0000000e+00
1.7300000e+02		1.7400000e+02		1.7350000e+02		4.5120572e-01		0.0000000e+00		0.0000000e+00		0.0000000e+00		0.0000000e+00		0.0000000e+00
1.7400000e+02		1.7500000e+02		1.7450000e+02		5.3951828e-01		0.0000000e+00		0.0000000e+00		0.0000000e+00		0.0000000e+00		0.0000000e+00
1.7500000e+02		1.7600000e+02		1.7550000e+02		6.4389120e-01		0.0000000e+00		0.0000000e+00		0.0000000e+00		0.0000000e+00		0.0000000e+00
1.7600000e+02		1.7700000e+02		1.7650000e+02		6.9472845e-01		0.0000000e+00		0.0000000e+00		0.0000000e+00		0.0000000e+00		0.0000000e+00
1.7700000e+02		1.7800000e+02		1.7750000e+02		8.1849614e-01		0.0000000e+00		0.0000000e+00		0.0000000e+00		0.0000000e+00		0.0000000e+00
1.7800000e+02		1.7900000e+02		1.7850000e+02		8.9455089e-01		0.0000000e+00		0.0000000e+00		0.0000000e+00		0.0000000e+00		0.0000000e+00
1.7900000e+02		1.8000000e+02		1.7950000e+02		8.6966614e-01		0.0000000e+00		0.0000000e+00		0.0000000e+00		0.0000000e+00		0.0000000e+00
1.8000000e+02		1.8100000e+02		1.8050000e+02		1.0753674e+00		0.0000000e+00		0.0000000e+00		0.0000000e+00		0.0000000e+00		0.0000000e+00
1.8100000e+02		1.8200000e+02		1.8150000e+02		1.3093431e+00		0.0000000e+00		0.0000000e+00		0.0000000e+00		0.0000000e+00		0.0000000e+00
1.8200000e+02		1.8300000e+02		1.8250000e+02		1.2087370e+00		0.0000000e+00		0.0000000e+00		0.0000000e+00		0.0000000e+00		0.0000000e+00
1.8300000e+02		1.8400000e+02		1.8350000e+02		1.2728289e+00		0.0000000e+00		0.0000000e+00		0.0000000e+00		0.0000000e+00		0.0000000e+00
1.8400000e+02		1.8500000e+02		1.8450000e+02		1.0940339e+00		0.0000000e+00		0.0000000e+00		0.0000000e+00		0.0000000e+00		0.0000000e+00
1.8500000e+02		1.8600000e+02		1.8550000e+02		1.2372281e+00		0.0000000e+00		0.0000000e+00		0.0000000e+00		0.0000000e+00		0.0000000e+00
1.8600000e+02		1.8700000e+02		1.8650000e+02		1.4037992e+00		0.0000000e+00		0.0000000e+00		0.0000000e+00		0.0000000e+00		0.0000000e+00
1.8700000e+02		1.8800000e+02		1.8750000e+02		1.5907538e+00		0.0000000e+00		0.0000000e+00		0.0000000e+00		0.0000000e+00		0.0000000e+00
1.8800000e+02		1.8900000e+02		1.8850000e+02		1.6735993e+00		0.0000000e+00		0.0000000e+00		0.0000000e+00		0.0000000e+00		0.0000000e+00
1.8900000e+02		1.9000000e+02		1.8950000e+02		1.8559600e+00		0.0000000e+00		0.0000000e+00		0.0000000e+00		0.0000000e+00		0.0000000e+00
1.9000000e+02		1.9100000e+02		1.9050000e+02		1.9109940e+00		0.0000000e+00		0.0000000e+00		0.0000000e+00		0.0000000e+00		0.0000000e+00
1.9100000e+02		1.9200000e+02		1.9150000e+02		2.0707336e+00		0.0000000e+00		0.0000000e+00		0.0000000e+00		0.0000000e+00		0.0000000e+00
1.9200000e+02		1.9300000e+02		1.9250000e+02		2.1685186e+00		0.0000000e+00		0.0000000e+00		0.0000000e+00		0.0000000e+00		0.0000000e+00
1.9300000e+02		1.9400000e+02		1.9350000e+02		1.6554009e+00		0.0000000e+00		0.0000000e+00		0.0000000e+00		0.0000000e+00		0.0000000e+00
1.9400000e+02		1.9500000e+02		1.9450000e+02		2.6556632e+00		0.0000000e+00		0.0000000e+00		0.0000000e+00		0.0000000e+00		0.0000000e+00
1.9500000e+02		1.9600000e+02		1.9550000e+02		2.5630279e+00		0.0000000e+00		0.0000000e+00		0.0000000e+00		0.0000000e+00		0.0000000e+00
1.9600000e+02		1.9700000e+02		1.9650000e+02		2.8204934e+00		0.0000000e+00		0.0000000e+00		0.0000000e+00		0.0000000e+00		0.0000000e+00
1.9700000e+02		1.9800000e+02		1.9750000e+02		2.8068384e+00		0.0000000e+00		0.0000000e+00		0.0000000e+00		0.0000000e+00		0.0000000e+00
1.9800000e+02		1.9900000e+02		1.9850000e+02		2.7505577e+00		0.0000000e+00		0.0000000e+00		0.0000000e+00		0.0000000e+00		0.0000000e+00
1.9900000e+02		2.0000000e+02		1.9950000e+02		2.8965557e+00		0.0000000e+00		0.0000000e+00		0.0000000e+00		0.0000000e+00		0.0000000e+00
2.0000000e+02		2.0100000e+02		2.0050000e+02		3.0623388e+00		0.0000000e+00		0.0000000e+00		0.0000000e+00		0.0000000e+00		0.0000000e+00
2.0100000e+02		2.0200000e+02		2.0150000e+02		3.2593670e+00		0.0000000e+00		0.0000000e+00		0.0000000e+00		0.0000000e+00		0.0000000e+00
2.0200000e+02		2.0300000e+02		2.0250000e+02		3.2217937e+00		0.0000000e+00		0.0000000e+00		0.0000000e+00		0.0000000e+00		0.0000000e+00
2.0300000e+02		2.0400000e+02		2.0350000e+02		3.4484145e+00		0.0000000e+00		0.0000000e+00		0.0000000e+00		0.0000000e+00		0.0000000e+00
2.0400000e+02		2.0500000e+02		2.0450000e+02		3.7117169e+00		0.0000000e+00		0.0000000e+00		0.0000000e+00		0.0000000e+00		0.0000000e+00
2.0500000e+02		2.0600000e+02		2.0550000e+02		3.7200399e+00		0.0000000e+00		0.0000000e+00		0.0000000e+00		0.0000000e+00		0.0000000e+00
2.0600000e+02		2.0700000e+02		2.0650000e+02		3.7247532e+00		0.0000000e+00		0.0000000e+00		0.0000000e+00		0.0000000e+00		0.0000000e+00
2.0700000e+02		2.0800000e+02		2.0750000e+02		4.0454145e+00		0.0000000e+00		0.0000000e+00		0.0000000e+00		0.0000000e+00		0.0000000e+00
2.0800000e+02		2.0900000e+02		2.0850000e+02		4.3759554e+00		0.0000000e+00		0.0000000e+00		0.0000000e+00		0.0000000e+00		0.0000000e+00
2.0900000e+02		2.1000000e+02		2.0950000e+02		5.6528678e+00		0.0000000e+00		0.0000000e+00		0.0000000e+00		0.0000000e+00		0.0000000e+00
2.1000000e+02		2.1100000e+02		2.1050000e+02		6.9678423e+00		0.0000000e+00		0.0000000e+00		0.0000000e+00		0.0000000e+00		0.0000000e+00
2.1100000e+02		2.1200000e+02		2.1150000e+02		7.9326445e+00		0.0000000e+00		0.0000000e+00		0.0000000e+00		0.0000000e+00		0.0000000e+00
2.1200000e+02		2.1300000e+02		2.1250000e+02		7.0734222e+00		0.0000000e+00		0.0000000e+00		0.0000000e+00		0.0000000e+00		0.0000000e+00
2.1300000e+02		2.1400000e+02		2.1350000e+02		7.2066449e+00		0.0000000e+00		0.0000000e+00		0.0000000e+00		0.0000000e+00		0.0000000e+00
2.1400000e+02		2.1500000e+02		2.1450000e+02		9.2279181e+00		0.0000000e+00		0.0000000e+00		0.0000000e+00		0.0000000e+00		0.0000000e+00
2.1500000e+02		2.1600000e+02		2.1550000e+02		7.9257408e+00		0.0000000e+00		0.0000000e+00		0.0000000e+00		0.0000000e+00		0.0000000e+00
2.1600000e+02		2.1700000e+02		2.1650000e+02		7.3353469e+00		0.0000000e+00		0.0000000e+00		0.0000000e+00		0.0000000e+00		0.0000000e+00
2.1700000e+02		2.1800000e+02		2.1750000e+02		7.5953881e+00		0.0000000e+00		0.0000000e+00		0.0000000e+00		0.0000000e+00		0.0000000e+00
2.1800000e+02		2.1900000e+02		2.1850000e+02		1.0217230e+01		0.0000000e+00		0.0000000e+00		0.0000000e+00		0.0000000e+00		0.0000000e+00
2.1900000e+02		2.2000000e+02		2.1950000e+02		1.0786519e+01		0.0000000e+00		0.0000000e+00		0.0000000e+00		0.0000000e+00		0.0000000e+00
2.2000000e+02		2.2100000e+02		2.2050000e+02		1.0851638e+01		0.0000000e+00		0.0000000e+00		0.0000000e+00		0.0000000e+00		0.0000000e+00
2.2100000e+02		2.2200000e+02		2.2150000e+02		8.6872371e+00		0.0000000e+00		0.0000000e+00		0.0000000e+00		0.0000000e+00		0.0000000e+00
2.2200000e+02		2.2300000e+02		2.2250000e+02		1.1691346e+01		0.0000000e+00		0.0000000e+00		0.0000000e+00		0.0000000e+00		0.0000000e+00
2.2300000e+02		2.2400000e+02		2.2350000e+02		1.5139682e+01		0.0000000e+00		0.0000000e+00		0.0000000e+00		0.0000000e+00		0.0000000e+00
2.2400000e+02		2.2500000e+02		2.2450000e+02		1.4154944e+01		0.0000000e+00		0.0000000e+00		0.0000000e+00		0.0000000e+00		0.0000000e+00
2.2500000e+02		2.2600000e+02		2.2550000e+02		1.2365614e+01		0.0000000e+00		0.0000000e+00		0.0000000e+00		0.0000000e+00		0.0000000e+00
2.2600000e+02		2.2700000e+02		2.2650000e+02		9.0577089e+00		0.0000000e+00		0.0000000e+00		0.0000000e+00		0.0000000e+00		0.0000000e+00
2.2700000e+02		2.2800000e+02		2.2750000e+02		8.8108381e+00		0.0000000e+00		0.0000000e+00		0.0000000e+00		0.0000000e+00		0.0000000e+00
2.2800000e+02		2.2900000e+02		2.2850000e+02		1.2275156e+01		0.0000000e+00		0.0000000e+00		0.0000000e+00		0.0000000e+00		0.0000000e+00
2.2900000e+02		2.3000000e+02		2.2950000e+02		1.1031259e+01		0.0000000e+00		0.0000000e+00		0.0000000e+00		0.0000000e+00		0.0000000e+00
2.3000000e+02		2.3100000e+02		2.3050000e+02		1.2510180e+01		0.0000000e+00		0.0000000e+00		0.0000000e+00		0.0000000e+00		0.0000000e+00
2.3100000e+02		2.3200000e+02		2.3150000e+02		1.1791833e+01		0.0000000e+00		0.0000000e+00		0.0000000e+00		0.0000000e+00		0.0000000e+00
2.3200000e+02		2.3300000e+02		2.3250000e+02		1.2664003e+01		0.0000000e+00		0.0000000e+00		0.0000000e+00		0.0000000e+00		0.0000000e+00
2.3300000e+02		2.3400000e+02		2.3350000e+02		1.1428554e+01		0.0000000e+00		0.0000000e+00		0.0000000e+00		0.0000000e+00		0.0000000e+00
2.3400000e+02		2.3500000e+02		2.3450000e+02		9.9864853e+00		0.0000000e+00		0.0000000e+00		0.0000000e+00		0.0000000e+00		0.0000000e+00
2.3500000e+02		2.3600000e+02		2.3550000e+02		1.3443360e+01		0.0000000e+00		0.0000000e+00		0.0000000e+00		0.0000000e+00		0.0000000e+00
2.3600000e+02		2.3700000e+02		2.3650000e+02		1.2448020e+01		0.0000000e+00		0.0000000e+00		0.0000000e+00		0.0000000e+00		0.0000000e+00
2.3700000e+02		2.3800000e+02		2.3750000e+02		1.3294723e+01		0.0000000e+00		0.0000000e+00		0.0000000e+00		0.0000000e+00		0.0000000e+00
2.3800000e+02		2.3900000e+02		2.3850000e+02		1.1021422e+01		0.0000000e+00		0.0000000e+00		0.0000000e+00		0.0000000e+00		0.0000000e+00
2.3900000e+02		2.4000000e+02		2.3950000e+02		1.2008577e+01		0.0000000e+00		0.0000000e+00		0.0000000e+00		0.0000000e+00		0.0000000e+00
2.4000000e+02		2.4100000e+02		2.4050000e+02		1.1032163e+01		6.6600049e-321		0.0000000e+00		6.7884620e-321		3.0138004e-322		6.4870819e-321
2.4100000e+02		2.4200000e+02		2.4150000e+02		1.2918879e+01		1.5507343e-274		0.0000000e+00		1.5800177e-274		6.9285242e-276		1.5107324e-274
2.4200000e+02		2.4300000e+02		2.4250000e+02		1.7782729e+01		2.0910360e-233		0.0000000e+00		2.1473425e-233		1.3322243e-234		2.0141200e-233
2.4300000e+02		2.4400000e+02		2.4350000e+02		1.6701989e+01		1.9360713e-198		0.0000000e+00		1.9966155e-198		1.4324903e-199		1.8533665e-198
2.4400000e+02		2.4500000e+02		2.4450000e+02		1.5641720e+01		1.4482540e-168		0.0000000e+00		1.5009500e-168		1.2468005e-169		1.3762699e-168
2.4500000e+02		2.4600000e+02		2.4550000e+02		1.2691134e+01		3.3249001e-142		0.0000000e+00		3.4669211e-142		3.3602529e-143		3.1308958e-142
2.4600000e+02		2.4700000e+02		2.4650000e+02		1.2350906e+01		6.8431284e-120		0.0000000e+00		7.1868249e-120		8.1319452e-121		6.3736303e-120
2.4700000e+02		2.4800000e+02		2.4750000e+02		1.3639226e+01		1.9640098e-100		1.6902449e-96		2.0809323e-100		2.7664157e-101		1.8042907e-100
2.4800000e+02		2.4900000e+02		2.4850000e+02		1.0938846e+01		7.4141519e-84		1.4937385e-80		7.9412051e-84		1.2470212e-84		6.6941839e-84
2.4900000e+02		2.5000000e+02		2.4950000e+02		1.3333262e+01		6.8688996e-70		4.1516909e-67		7.4533415e-70		1.3828044e-70		6.0705371e-70
2.5000000e+02		2.5100000e+02		2.5050000e+02		1.4401571e+01		1.8701330e-58		4.2289505e-56		2.0605549e-58		4.5054323e-59		1.6100117e-58
2.5100000e+02		2.5200000e+02		2.5150000e+02		1.2007424e+01		2.2124912e-49		2.2871836e-47		2.4806667e-49		6.3451014e-50		1.8461566e-49
2.5200000e+02		2.5300000e+02		2.5250000e+02		1.0794009e+01		8.0247770e-42		4.3612827e-40		9.1838111e-42		2.7423041e-42		6.4415070e-42
2.5300000e+02		2.5400000e+02		2.5350000e+02		1.3602371e+01		1.9904618e-35		6.4101963e-34		2.3330825e-35		8.1064923e-36		1.5224333e-35
2.5400000e+02		2.5500000e+02		2.5450000e+02		1.5384114e+01		3.5992547e-30		7.5971716e-29		4.3374827e-30		1.7466663e-30		2.5908164e-30
2.5500000e+02		2.5600000e+02		2.5550000e+02		2.0992062e+01		1.0347012e-25		1.5557750e-24		1.2877303e-25		5.9867340e-26		6.8905691e-26
2.5600000e+02		2.5700000e+02		2.5650000e+02		2.7040612e+01		5.7826956e-22		6.6289946e-21		7.4739313e-22		4.0015067e-22		3.4724246e-22
2.5700000e+02		2.5800000e+02		2.5750000e+02		3.3946512e+01		8.1726970e-19		7.5873615e-18		1.1038378e-18		6.7802748e-19		4.2581035e-19
2.5800000e+02		2.5900000e+02		2.5850000e+02		3.5732434e+01		3.5177806e-16		2.7829710e-15		5.0057231e-16		3.5205099e-16		1.4852133e-16
2.5900000e+02		2.6000000e+02		2.5950000e+02		3.0409976e+01		1.6175895e-22		1.8985036e-21		2.0430831e-22		1.0067286e-22		1.0363545e-22
2.6000000e+02		2.6100000e+02		2.6050000e+02		2.4915606e+01		4.9174092e-28		8.6771462e-27		5.8797492e-28		2.2769211e-28		3.6028282e-28
2.6100000e+02		2.6200000e+02		2.6150000e+02		2.5442742e+01		1.0200393e-26		1.6173105e-25		1.2273805e-26		4.9057453e-27		7.3680598e-27
2.6200000e+02		2.6300000e+02		2.6250000e+02		3.0366547e+01		8.0434212e-25		1.1028420e-23		9.7913153e-25		4.1355617e-25		5.6557536e-25
2.6300000e+02		2.6400000e+02		2.6350000e+02		4.5700096e+01		6.5466050e-25		9.1185632e-24		7.9207026e-25		3.2511498e-25		4.6695528e-25
2.6400000e+02		2.6500000e+02		2.6450000e+02		7.1249372e+01		5.2970322e-21		5.5567628e-20		6.6298365e-21		3.1534489e-21		3.4763876e-21
2.6500000e+02		2.6600000e+02		2.6550000e+02		7.4731454e+01		2.1624546e-20		2.1616690e-19		2.7142783e-20		1.3056289e-20		1.4086494e-20
2.6600000e+02		2.6700000e+02		2.6650000e+02		7.2446611e+01		2.5323579e-20		2.5023715e-19		3.1677826e-20		1.5034309e-20		1.6643517e-20
2.6700000e+02		2.6800000e+02		2.6750000e+02		7.2937204e+01		3.3335781e-18		2.8234791e-17		4.2750414e-18		2.2275261e-18		2.0475153e-18
2.6800000e+02		2.6900000e+02		2.6850000e+02		7.2239021e+01		1.6567287e-16		1.2466615e-15		2.1764698e-16		1.2297206e-16		9.4674917e-17
2.6900000e+02		2.7000000e+02		2.6950000e+02		6.7758000e+01		4.8816736e-17		3.7682678e-16		6.3211483e-17		3.4058338e-17		2.9153145e-17
2.7000000e+02		2.7100000e+02		2.7050000e+02		7.8281462e+01		2.4568934e-16		1.8075517e-15		3.2014010e-16		1.7615240e-16		1.4398770e-16
2.7100000e+02		2.7200000e+02		2.7150000e+02		6.5051220e+01		2.6442042e-17		2.0489144e-16		3.3762569e-17		1.7320553e-17		1.6442016e-17
2.7200000e+02		2.7300000e+02		2.7250000e+02		5.2331568e+01		5.1327934e-15		3.3950128e-14		6.8178636e-15		3.9869191e-15		2.8309446e-15
2.7300000e+02		2.7400000e+02		2.7350000e+02		5.5800645e+01		1.4491260e-14		9.2810555e-14		1.9321496e-14		1.1428461e-14		7.8930351e-15
2.7400000e+02		2.7500000e+02		2.7450000e+02		3.8398649e+01		2.2375365e-14		1.3939219e-13		2.9905630e-14		1.7816799e-14		1.2088832e-14
2.7500000e+02		2.7600000e+02		2.7550000e+02		5.1208696e+01		1.2360151e-15		8.3160487e-15		1.5962455e-15		8.5231427e-16		7.4393124e-16
2.7600000e+02		2.7700000e+02		2.7650000e+02		7.1318275e+01		8.8873913e-15		5.6811377e-14		1.1579785e-14		6.3702712e-15		5.2095135e-15
2.7700000e+02		2.7800000e+02		2.7750000e+02		6.8188493e+01		3.5770273e-13		2.0657370e-12		4.8103484e-13		2.9180692e-13		1.8922792e-13
2.7800000e+02		2.7900000e+02		2.7850000e+02		4.7024496e+01		5.9491246e-13		3.3404226e-12		8.0338424e-13		4.9324953e-13		3.1013471e-13
2.7900000e+02		2.8000000e+02		2.7950000e+02		2.6422560e+01		5.8813898e-14		3.4185344e-13		7.7516498e-14		4.4250827e-14		3.3265671e-14
2.8000000e+02		2.8100000e+02		2.8050000e+02		2.8982131e+01		1.1786364e-14		7.1147054e-14		1.5212808e-14		8.1070526e-15		7.1057549e-15
2.8100000e+02		2.8200000e+02		2.8150000e+02		6.0033324e+01		1.6835734e-13		9.5989413e-13		2.2011148e-13		1.2245161e-13		9.7659869e-14
2.8200000e+02		2.8300000e+02		2.8250000e+02		8.1733762e+01		8.4817847e-13		4.6488351e-12		1.1178962e-12		6.3815904e-13		4.7973717e-13
2.8300000e+02		2.8400000e+02		2.8350000e+02		8.4433091e+01		2.0560253e-12		1.0963221e-11		2.7203324e-12		1.5717673e-12		1.1485651e-12
2.8400000e+02		2.8500000e+02		2.8450000e+02		6.2255376e+01		1.0890986e-11		5.5111118e-11		1.4664485e-11		8.9281943e-12		5.7362907e-12
2.8500000e+02		2.8600000e+02		2.8550000e+02		4.0018063e+01		4.7505319e-12		2.4073890e-11		6.3315412e-12		3.7407082e-12		2.5908330e-12
2.8600000e+02		2.8700000e+02		2.8650000e+02		8.2001717e+01		3.5763376e-11		1.7484702e-10		4.8169591e-11		2.9353419e-11		1.8816172e-11
2.8700000e+02		2.8800000e+02		2.8750000e+02		9.5189148e+01		1.6971428e-11		8.4041231e-11		2.2488225e-11		1.3052882e-11		9.4353426e-12
2.8800000e+02		2.8900000e+02		2.8850000e+02		9.0460934e+01		1.4877042e-11		7.3317167e-11		1.9593770e-11		1.1159900e-11		8.4338703e-12
2.8900000e+02		2.9000000e+02		2.8950000e+02		1.3728321e+02		4.0958484e-12		2.0918390e-11		5.2729889e-12		2.7851442e-12		2.4878447e-12
2.9000000e+02		2.9100000e+02		2.9050000e+02		1.8023325e+02		1.0978024e-12		5.8149950e-12		1.3869736e-12		6.8418642e-13		7.0278716e-13
2.9100000e+02		2.9200000e+02		2.9150000e+02		1.7359450e+02		1.7497094e-12		9.0936942e-12		2.2109639e-12		1.0913399e-12		1.1196240e-12
2.9200000e+02		2.9300000e+02		2.9250000e+02		1.5421676e+02		1.4350707e-11		6.9973565e-11		1.8432545e-11		9.6577311e-12		8.7748134e-12
2.9300000e+02		2.9400000e+02		2.9350000e+02		1.6099986e+02		4.0402759e-10		1.8121364e-09		5.3610825e-10		3.1250620e-10		2.2360205e-10
2.9400000e+02		2.9500000e+02		2.9450000e+02		1.4991794e+02		7.4107628e-13		3.8697841e-12		9.2008798e-13		4.2354623e-13		4.9654175e-13
2.9500000e+02		2.9600000e+02		2.9550000e+02		1.6232431e+02		1.6912545e-10		7.6396806e-10		2.1988607e-10		1.2010092e-10		9.9785149e-11
2.9600000e+02		2.9700000e+02		2.9650000e+02		1.4851381e+02		5.4920015e-09		2.2876346e-08		7.4486779e-09		4.6295461e-09		2.8191318e-09
2.9700000e+02		2.9800000e+02		2.9750000e+02		1.5140866e+02		6.9606563e-10		3.0033531e-09		9.1251962e-10		5.1213564e-10		4.0038398e-10
2.9800000e+02		2.9900000e+02		2.9850000e+02		1.3012850e+02		1.9226396e-10		8.4644726e-10		2.4757449e-10		1.3086614e-10		1.1670836e-10
2.9900000e+02		3.0000000e+02		2.9950000e+02		1.4682541e+02		8.2274127e-11		3.6894267e-10		1.0442240e-10		5.2403382e-11		5.2019021e-11
3.0000000e+02		3.0100000e+02		3.0050000e+02		1.1681452e+02		5.9981073e-10		2.5359168e-09		7.7656201e-10		4.1819802e-10		3.5836399e-10
3.0100000e+02		3.0200000e+02		3.0150000e+02		1.3434477e+02		4.2250143e-10		1.7967228e-09		5.4156474e-10		2.8170680e-10		2.5985793e-10
3.0200000e+02		3.0300000e+02		3.0250000e+02		1.4142283e+02		1.9880218e-09		8.1232874e-09		2.5823622e-09		1.4062243e-09		1.1761378e-09
3.0300000e+02		3.0400000e+02		3.0350000e+02		1.8342160e+02		1.0533941e-10		4.6275427e-10		1.3165549e-10		6.2264518e-11		6.9390974e-11
3.0400000e+02		3.0500000e+02		3.0450000e+02		1.7556728e+02		1.0182949e-08		3.9905491e-08		1.3352545e-08		7.4993450e-09		5.8532004e-09
3.0500000e+02		3.0600000e+02		3.0550000e+02		1.7728071e+02		4.5977558e-08		1.7400873e-07		6.1329522e-08		3.6323136e-08		2.5006386e-08
3.0600000e+02		3.0700000e+02		3.0650000e+02		1.6814926e+02		2.0174067e-07		7.3966314e-07		2.7465402e-07		1.7251486e-07		1.0213917e-07
3.0700000e+02		3.0800000e+02		3.0750000e+02		1.8878816e+02		3.6444574e-09		1.4385319e-08		4.6517218e-09		2.3832132e-09		2.2685087e-09
3.0800000e+02		3.0900000e+02		3.0850000e+02		1.8529086e+02		1.2703968e-08		4.8488329e-08		1.6401242e-08		8.7478439e-09		7.6533979e-09
3.0900000e+02		3.1000000e+02		3.0950000e+02		1.5026991e+02		1.6875684e-07		6.0718949e-07		2.2600831e-07		1.3545842e-07		9.0549886e-08
3.1000000e+02		3.1100000e+02		3.1050000e+02		1.8913229e+02		2.5921488e-08		9.6437202e-08		3.3485223e-08		1.7895989e-08		1.5589234e-08
3.1100000e+02		3.1200000e+02		3.1150000e+02		2.2495083e+02		1.4200092e-07		5.0977893e-07		1.8665684e-07		1.0565705e-07		8.0999791e-08
3.1200000e+02		3.1300000e+02		3.1250000e+02		2.0030306e+02		3.9945760e-09		1.5373040e-08		5.0033155e-09		2.3867034e-09		2.6166122e-09
3.1300000e+02		3.1400000e+02		3.1350000e+02		2.1331645e+02		8.6207217e-07		2.9644719e-06		1.1575947e-06		6.9921370e-07		4.5838095e-07
3.1400000e+02		3.1500000e+02		3.1450000e+02		2.0119548e+02		7.0257123e-08		2.5093920e-07		9.0389334e-08		4.7633322e-08		4.2756012e-08
3.1500000e+02		3.1600000e+02		3.1550000e+02		1.9522773e+02		5.9146593e-09		2.2225996e-08		7.3621523e-09		3.4248052e-09		3.9373471e-09
3.1600000e+02		3.1700000e+02		3.1650000e+02		1.9043254e+02		6.6416210e-10		2.6295997e-09		8.0732987e-10		3.3873859e-10		4.6859129e-10
3.1700000e+02		3.1800000e+02		3.1750000e+02		2.4155434e+02		8.3596433e-09		3.1039439e-08		1.0348879e-08		4.7065823e-09		5.6422967e-09
3.1800000e+02		3.1900000e+02		3.1850000e+02		1.9952276e+02		3.3807754e-09		1.2731390e-08		4.1423865e-09		1.8019913e-09		2.3403952e-09
3.1900000e+02		3.2000000e+02		3.1950000e+02		2.1430874e+02		8.5537617e-10		3.3364982e-09		1.0317248e-09		4.1724531e-10		6.1447948e-10
3.2000000e+02		3.2100000e+02		3.2050000e+02		2.4621307e+02		2.6713059e-08		9.5211653e-08		3.3136046e-08		1.5196950e-08		1.7939096e-08
3.2100000e+02		3.2200000e+02		3.2150000e+02		2.0677326e+02		2.2504802e-13		1.1224205e-12		2.5730355e-13		7.6317409e-14		1.8098614e-13
3.2200000e+02		3.2300000e+02		3.2250000e+02		2.0765168e+02		5.6910116e-08		1.9672763e-07		7.0850161e-08		3.2982500e-08		3.7867661e-08
3.2300000e+02		3.2400000e+02		3.2350000e+02		2.0066974e+02		2.3014624e-09		8.5953357e-09		2.7686974e-09		1.1054898e-09		1.6632076e-09
3.2400000e+02		3.2500000e+02		3.2450000e+02		2.3629853e+02		3.0981154e-09		1.1487896e-08		3.7209174e-09		1.4735656e-09		2.2473519e-09
3.2500000e+02		3.2600000e+02		3.2550000e+02		2.7209498e+02		1.5627334e-18		1.1750132e-17		1.7116242e-18		3.5227945e-19		1.3593447e-18
3.2600000e+02		3.2700000e+02		3.2650000e+02		3.0699214e+02		5.2450554e-08		1.8044136e-07		6.4134855e-08		2.7645352e-08		3.6489503e-08
3.2700000e+02		3.2800000e+02		3.2750000e+02		2.9701525e+02		1.2037786e-08		4.2836563e-08		1.4477897e-08		5.7733626e-09		8.7045339e-09
3.2800000e+02		3.2900000e+02		3.2850000e+02		2.8673370e+02		2.7047859e-09		9.9899479e-09		3.2062199e-09		1.1864057e-09		2.0198143e-09
3.2900000e+02		3.3000000e+02		3.2950000e+02		3.3379807e+02		3.8813767e-11		1.6326229e-10		4.4654494e-11		1.3819307e-11		3.0835187e-11
3.3000000e+02		3.3100000e+02		3.3050000e+02		3.1443449e+02		1.7057302e-15		9.9942411e-15		1.8865338e-15		4.2778579e-16		1.4587480e-15
3.3100000e+02		3.3200000e+02		3.3150000e+02		3.0087994e+02		1.5409249e-05		4.6089864e-05		2.0007378e-05		1.0879291e-05		9.1280872e-06
3.3200000e+02		3.3300000e+02		3.3250000e+02		2.9519831e+02		1.8549439e-06		5.7343855e-06		2.3221609e-06		1.1054473e-06		1.2167136e-06
3.3300000e+02		3.3400000e+02		3.3350000e+02		2.8364288e+02		3.0059392e-07		9.6312531e-07		3.6701188e-07		1.5714657e-07		2.0986531e-07
3.3400000e+02		3.3500000e+02		3.3450000e+02		2.9883003e+02		2.4849248e-08		8.4743645e-08		2.9526219e-08		1.1065832e-08		1.8460387e-08
3.3500000e+02		3.3600000e+02		3.3550000e+02		2.9511053e+02		3.5907162e-08		1.2080900e-07		4.2696895e-08		1.6064683e-08		2.6632213e-08
3.3600000e+02		3.3700000e+02		3.3650000e+02		2.4313126e+02		2.3258275e-08		7.8529169e-08		2.7532998e-08		1.0114102e-08		1.7418895e-08
3.3700000e+02		3.3800000e+02		3.3750000e+02		2.5649874e+02		1.3059598e-07		4.2029177e-07		1.5651780e-07		6.1331694e-08		9.5186106e-08
3.3800000e+02		3.3900000e+02		3.3850000e+02		2.7748673e+02		2.7383050e-06		8.1840611e-06		3.3830061e-06		1.5253791e-06		1.8576270e-06
3.3900000e+02		3.4000000e+02		3.3950000e+02		2.9040264e+02		2.3956258e-07		7.5652433e-07		2.8696919e-07		1.1216525e-07		1.7480395e-07
3.4000000e+02		3.4100000e+02		3.4050000e+02		3.0654056e+02		3.2745037e-09		1.1652714e-08		3.7821306e-09		1.2010581e-09		2.5810725e-09
3.4100000e+02		3.4200000e+02		3.4150000e+02		2.7979685e+02		2.4133199e-18		1.7495455e-17		2.5986301e-18		4.3844864e-19		2.1601814e-18
3.4200000e+02		3.4300000e+02		3.4250000e+02		3.0344565e+02		8.4570730e-10		3.1215399e-09		9.6543946e-10		2.8328934e-10		6.8215012e-10
3.4300000e+02		3.4400000e+02		3.4350000e+02		2.9822260e+02		2.4345702e-14		1.2711793e-13		2.6670224e-14		5.4998791e-15		2.1170345e-14
3.4400000e+02		3.4500000e+02		3.4450000e+02		2.3986676e+02		7.1031708e-10		2.6053001e-09		8.0827208e-10		2.3176402e-10		5.7650806e-10
3.4500000e+02		3.4600000e+02		3.4550000e+02		2.8907088e+02		9.5792233e-12		4.0585147e-11		1.0666111e-11		2.5716038e-12		8.0945071e-12
3.4600000e+02		3.4700000e+02		3.4650000e+02		2.8069735e+02		8.1689875e-13		3.7520646e-12		9.0079586e-13		1.9850270e-13		7.0229316e-13
3.4700000e+02		3.4800000e+02		3.4750000e+02		2.7782009e+02		2.7716753e-15		1.5496109e-14		3.0073197e-15		5.5754045e-16		2.4497792e-15
3.4800000e+02		3.4900000e+02		3.4850000e+02		2.8744416e+02		4.9748692e-05		1.3526433e-04		6.2116873e-05		2.9263431e-05		3.2853443e-05
3.4900000e+02		3.5000000e+02		3.4950000e+02		2.7550877e+02		1.0878239e-04		2.9064923e-04		1.3729391e-04		6.7458978e-05		6.9834932e-05
3.5000000e+02		3.5100000e+02		3.5050000e+02		3.3002358e+02		2.5005451e-07		7.6664520e-07		2.9178966e-07		9.8746422e-08		1.9304324e-07
3.5100000e+02		3.5200000e+02		3.5150000e+02		3.0660572e+02		9.2005342e-07		2.7108616e-06		1.0842647e-06		3.8852795e-07		6.9573670e-07
3.5200000e+02		3.5300000e+02		3.5250000e+02		2.8324198e+02		3.2436094e-07		9.7812920e-07		3.7821877e-07		1.2742901e-07		2.5078976e-07
3.5300000e+02		3.5400000e+02		3.5350000e+02		3.2405327e+02		5.4620845e-04		1.4072121e-03		6.9933581e-04		3.6230323e-04		3.3703258e-04
3.5400000e+02		3.5500000e+02		3.5450000e+02		3.4586270e+02		7.3484975e-05		1.9466534e-04		9.0422215e-05		4.0073941e-05		5.0348274e-05
3.5500000e+02		3.5600000e+02		3.5550000e+02		3.2478382e+02		5.8397886e-05		1.5464716e-04		7.1480135e-05		3.0952933e-05		4.0527202e-05
3.5600000e+02		3.5700000e+02		3.5650000e+02		2.8234357e+02		2.6665228e-06		7.5239222e-06		3.1424780e-06		1.1261221e-06		2.0163559e-06
3.5700000e+02		3.5800000e+02		3.5750000e+02		2.4674321e+02		7.5911007e-08		2.3488558e-07		8.6823218e-08		2.5818568e-08		6.1004650e-08
3.5800000e+02		3.5900000e+02		3.5850000e+02		2.1181106e+02		2.7283716e-06		7.5970207e-06		3.2113454e-06		1.1427281e-06		2.0686173e-06
3.5900000e+02		3.6000000e+02		3.5950000e+02		3.0582840e+02		4.0281096e-08		1.2732059e-07		4.5669495e-08		1.2749089e-08		3.2920406e-08
3.6000000e+02		3.6100000e+02		3.6050000e+02		3.0178862e+02		4.3259794e-07		1.2716773e-06		4.9758638e-07		1.5376428e-07		3.4382209e-07
3.6100000e+02		3.6200000e+02		3.6150000e+02		2.8033735e+02		1.4895713e-13		7.1124272e-13		1.6082059e-13		2.8069240e-14		1.3275135e-13
3.6200000e+02		3.6300000e+02		3.6250000e+02		3.1645921e+02		1.5643036e-20		1.3423804e-19		1.6459354e-20		1.9314300e-21		1.4527924e-20
3.6300000e+02		3.6400000e+02		3.6350000e+02		3.0810145e+02		6.0262589e-17		3.8139469e-16		6.4014127e-17		8.8762326e-18		5.5137894e-17
3.6400000e+02		3.6500000e+02		3.6450000e+02		3.2221950e+02		6.3475153e-37		2.2389295e-35		6.5286684e-37		4.2861294e-38		6.1000555e-37
3.6500000e+02		3.6600000e+02		3.6550000e+02		3.6674574e+02		3.8559700e-29		6.9540442e-28		3.9931062e-29		3.2446757e-30		3.6686386e-29
3.6600000e+02		3.6700000e+02		3.6650000e+02		3.9198946e+02		5.3015108e-49		5.3977281e-47		5.4129544e-49		2.6367841e-50		5.1492760e-49
3.6700000e+02		3.6800000e+02		3.6750000e+02		3.7850004e+02		2.0333157e-47		1.7997676e-45		2.0769705e-47		1.0328830e-48		1.9736822e-47
3.6800000e+02		3.6900000e+02		3.6850000e+02		3.4895620e+02		9.1564733e-90		3.2991281e-86		9.2596690e-90		2.4416361e-91		9.0155054e-90
3.6900000e+02		3.7000000e+02		3.6950000e+02		3.8736224e+02		8.9233597e-74		7.9403211e-71		9.0441108e-74		2.8570015e-75		8.7584106e-74
3.7000000e+02		3.7100000e+02		3.7050000e+02		3.6351013e+02		2.6147700e+01		6.3270149e+01		4.3405316e+01		4.0831957e+01		2.5733589e+00
3.7100000e+02		3.7200000e+02		3.7150000e+02		3.7529261e+02		1.3069862e+02		3.1530524e+02		2.2252251e+02		2.1725765e+02		5.2648604e+00
3.7200000e+02		3.7300000e+02		3.7250000e+02		3.1177186e+02		1.0945846e+02		2.6347835e+02		1.8622959e+02		1.8164244e+02		4.5871464e+00
3.7300000e+02		3.7400000e+02		3.7350000e+02		2.7192112e+02		9.6237104e+01		2.3113920e+02		1.6361790e+02		1.5942469e+02		4.1932190e+00
3.7400000e+02		3.7500000e+02		3.7450000e+02		2.7832167e+02		9.9290950e+01		2.3794475e+02		1.6868613e+02		1.6419076e+02		4.4953706e+00
3.7500000e+02		3.7600000e+02		3.7550000e+02		3.1876744e+02		1.1462400e+02		2.7407995e+02		1.9458940e+02		1.8920018e+02		5.3892219e+00
3.7600000e+02		3.7700000e+02		3.7650000e+02		3.3048657e+02		1.1977615e+02		2.8576374e+02		2.0317974e+02		1.9733501e+02		5.8447241e+00
3.7700000e+02		3.7800000e+02		3.7750000e+02		3.8770864e+02		1.4161621e+02		3.3712003e+02		2.4003908e+02		2.3287100e+02		7.1680799e+00
3.7800000e+02		3.7900000e+02		3.7850000e+02		4.0380398e+02		1.4864325e+02		3.5306224e+02		2.5174774e+02		2.4394785e+02		7.7998938e+00
3.7900000e+02		3.8000000e+02		3.7950000e+02		3.2744385e+02		1.2146599e+02		2.8786902e+02		2.0555074e+02		1.9894664e+02		6.6041007e+00
3.8000000e+02		3.8100000e+02		3.8050000e+02		3.5656330e+02		1.3328278e+02		3.1517228e+02		2.2535897e+02		2.1785459e+02		7.5043762e+00
3.8100000e+02		3.8200000e+02		3.8150000e+02		3.2019140e+02		1.2059879e+02		2.8454450e+02		2.0373834e+02		1.9671028e+02		7.0280583e+00
3.8200000e+02		3.8300000e+02		3.8250000e+02		2.2964197e+02		8.7147884e+01		2.0516198e+02		1.4709850e+02		1.4184467e+02		5.2538235e+00
3.8300000e+02		3.8400000e+02		3.8350000e+02		2.0267593e+02		7.7491940e+01		1.8202409e+02		1.3068391e+02		1.2585354e+02		4.8303635e+00
3.8400000e+02		3.8500000e+02		3.8450000e+02		2.7111947e+02		1.0443364e+02		2.4476228e+02		1.7595953e+02		1.6923208e+02		6.7274532e+00
3.8500000e+02		3.8600000e+02		3.8550000e+02		2.8715912e+02		1.1143056e+02		2.6057909e+02		1.8757553e+02		1.8016093e+02		7.4146009e+00
3.8600000e+02		3.8700000e+02		3.8650000e+02		2.8837692e+02		1.1272518e+02		2.6301879e+02		1.8957670e+02		1.8183266e+02		7.7440397e+00
3.8700000e+02		3.8800000e+02		3.8750000e+02		2.8805300e+02		1.1341966e+02		2.6404881e+02		1.9056245e+02		1.8252178e+02		8.0406638e+00
3.8800000e+02		3.8900000e+02		3.8850000e+02		2.9209390e+02		1.1584329e+02		2.6908910e+02		1.9444534e+02		1.8597446e+02		8.4708821e+00
3.8900000e+02		3.9000000e+02		3.8950000e+02		3.5069332e+02		1.4008295e+02		3.2466785e+02		2.3489972e+02		2.2433889e+02		1.0560833e+01
3.9000000e+02		3.9100000e+02		3.9050000e+02		3.6838836e+02		1.4820067e+02		3.4271437e+02		2.4826233e+02		2.3674843e+02		1.1513903e+01
3.9100000e+02		3.9200000e+02		3.9150000e+02		3.9613874e+02		1.6049268e+02		3.7030952e+02		2.6857913e+02		2.5573528e+02		1.2843842e+01
3.9200000e+02		3.9300000e+02		3.9250000e+02		3.0403432e+02		1.2404275e+02		2.8556695e+02		2.0736613e+02		1.9714521e+02		1.0220912e+01
3.9300000e+02		3.9400000e+02		3.9350000e+02		1.8639471e+02		7.6577396e+01		1.7589902e+02		1.2788201e+02		1.2138801e+02		6.4939931e+00
3.9400000e+02		3.9500000e+02		3.9450000e+02		3.0813115e+02		1.2746715e+02		2.9213713e+02		2.1263888e+02		2.0151849e+02		1.1120394e+01
3.9500000e+02		3.9600000e+02		3.9550000e+02		3.7840801e+02		1.5761450e+02		3.6042070e+02		2.6264511e+02		2.4850511e+02		1.4140006e+01
3.9600000e+02		3.9700000e+02		3.9650000e+02		2.6140326e+02		1.0961938e+02		2.5010704e+02		1.8246612e+02		1.7235724e+02		1.0108877e+01
3.9700000e+02		3.9800000e+02		3.9750000e+02		2.9300657e+02		1.2370291e+02		2.8160640e+02		2.0567906e+02		1.9395766e+02		1.1721398e+01
3.9800000e+02		3.9900000e+02		3.9850000e+02		4.5124719e+02		1.9178320e+02		4.3560936e+02		3.1851443e+02		2.9984931e+02		1.8665118e+01
3.9900000e+02		4.0000000e+02		3.9950000e+02		4.9846141e+02		2.1325520e+02		4.8329215e+02		3.5376922e+02		3.3245974e+02		2.1309485e+01
4.0000000e+02		4.0100000e+02		4.0050000e+02		5.1407199e+02		2.2140282e+02		5.0062687e+02		3.6685981e+02		3.4415494e+02		2.2704874e+01
4.0100000e+02		4.0200000e+02		4.0150000e+02		5.3860814e+02		2.3349698e+02		5.2678539e+02		3.8644520e+02		3.6187937e+02		2.4565824e+01
4.0200000e+02		4.0300000e+02		4.0250000e+02		5.4526519e+02		2.3792206e+02		5.3556060e+02		3.9330049e+02		3.6762931e+02		2.5671180e+01
4.0300000e+02		4.0400000e+02		4.0350000e+02		5.2165796e+02		2.2909188e+02		5.1452281e+02		3.7824778e+02		3.5290665e+02		2.5341126e+01
4.0400000e+02		4.0500000e+02		4.0450000e+02		5.1300620e+02		2.2673669e+02		5.0808622e+02		3.7390331e+02		3.4819995e+02		2.5703355e+01
4.0500000e+02		4.0600000e+02		4.0550000e+02		5.1256585e+02		2.2798314e+02		5.0972820e+02		3.7549574e+02		3.4901855e+02		2.6477185e+01
4.0600000e+02		4.0700000e+02		4.0650000e+02		4.9035274e+02		2.1947961e+02		4.8960983e+02		3.6103998e+02		3.3493543e+02		2.6104549e+01
4.0700000e+02		4.0800000e+02		4.0750000e+02		4.9838294e+02		2.2447088e+02		4.9961527e+02		3.6878573e+02		3.4145261e+02		2.7333125e+01
4.0800000e+02		4.0900000e+02		4.0850000e+02		5.2990289e+02		2.4015036e+02		5.3330845e+02		3.9404387e+02		3.6411594e+02		2.9927924e+01
4.0900000e+02		4.1000000e+02		4.0950000e+02		5.2713439e+02		2.4036841e+02		5.3258871e+02		3.9389483e+02		3.6324741e+02		3.0647426e+01
4.1000000e+02		4.1100000e+02		4.1050000e+02		4.8293937e+02		2.2156279e+02		4.8981331e+02		3.6260659e+02		3.3371322e+02		2.8893374e+01
4.1100000e+02		4.1200000e+02		4.1150000e+02		5.5986852e+02		2.5841494e+02		5.6999426e+02		4.2236409e+02		3.8790786e+02		3.4456230e+01
4.1200000e+02		4.1300000e+02		4.1250000e+02		5.4940473e+02		2.5511184e+02		5.6143895e+02		4.1641380e+02		3.8164453e+02		3.4769274e+01
4.1300000e+02		4.1400000e+02		4.1350000e+02		5.2995399e+02		2.4754974e+02		5.4356744e+02		4.0353090e+02		3.6905539e+02		3.4475510e+01
4.1400000e+02		4.1500000e+02		4.1450000e+02		5.3771640e+02		2.5266390e+02		5.5354540e+02		4.1131274e+02		3.7536718e+02		3.5945557e+01
4.1500000e+02		4.1600000e+02		4.1550000e+02		5.3722776e+02		2.5391808e+02		5.5503816e+02		4.1279281e+02		3.7590167e+02		3.6891146e+01
4.1600000e+02		4.1700000e+02		4.1650000e+02		5.5745703e+02		2.6501561e+02		5.7798958e+02		4.3024370e+02		3.9093385e+02		3.9309849e+01
4.1700000e+02		4.1800000e+02		4.1750000e+02		5.0725322e+02		2.4254337e+02		5.2778553e+02		3.9321683e+02		3.5649725e+02		3.6719582e+01
4.1800000e+02		4.1900000e+02		4.1850000e+02		5.2601513e+02		2.5295506e+02		5.4920109e+02		4.0952531e+02		3.7044919e+02		3.9076119e+01
4.1900000e+02		4.2000000e+02		4.1950000e+02		5.3123875e+02		2.5692389e+02		5.5656047e+02		4.1536722e+02		3.7488096e+02		4.0486266e+01
4.2000000e+02		4.2100000e+02		4.2050000e+02		5.3797708e+02		2.6165197e+02		5.6552559e+02		4.2241305e+02		3.8036481e+02		4.2048248e+01
4.2100000e+02		4.2200000e+02		4.2150000e+02		5.2958361e+02		2.5901229e+02		5.5855946e+02		4.1755603e+02		3.7511853e+02		4.2437503e+01
4.2200000e+02		4.2300000e+02		4.2250000e+02		5.0190537e+02		2.4683898e+02		5.3110944e+02		3.9736061e+02		3.5613802e+02		4.1222599e+01
4.2300000e+02		4.2400000e+02		4.2350000e+02		5.3474862e+02		2.6444066e+02		5.6770177e+02		4.2508100e+02		3.8007914e+02		4.5001865e+01
4.2400000e+02		4.2500000e+02		4.2450000e+02		5.5328403e+02		2.7510220e+02		5.8926193e+02		4.4157627e+02		3.9388188e+02		4.7694387e+01
4.2500000e+02		4.2600000e+02		4.2550000e+02		5.3248014e+02		2.6619356e+02		5.6889849e+02		4.2665154e+02		3.7964766e+02		4.7003883e+01
4.2600000e+02		4.2700000e+02		4.2650000e+02		5.3029841e+02		2.6652847e+02		5.6833504e+02		4.2655939e+02		3.7863721e+02		4.7922181e+01
4.2700000e+02		4.2800000e+02		4.2750000e+02		4.9171747e+02		2.4845581e+02		5.2860866e+02		3.9704642e+02		3.5156915e+02		4.5477271e+01
4.2800000e+02		4.2900000e+02		4.2850000e+02		4.9494538e+02		2.5140982e+02		5.3369412e+02		4.0116847e+02		3.5433278e+02		4.6835689e+01
4.2900000e+02		4.3000000e+02		4.2950000e+02		4.6063718e+02		2.3521050e+02		4.9818746e+02		3.7475723e+02		3.3017111e+02		4.4586118e+01
4.3000000e+02		4.3100000e+02		4.3050000e+02		3.7055843e+02		1.9019917e+02		4.0194949e+02		3.0258479e+02		2.6590724e+02		3.6677546e+01
4.3100000e+02		4.3200000e+02		4.3150000e+02		4.5818753e+02		2.3639100e+02		4.9844992e+02		3.7550101e+02		3.2913781e+02		4.6363194e+01
4.3200000e+02		4.3300000e+02		4.3250000e+02		5.1625369e+02		2.6771228e+02		5.6323236e+02		4.2460662e+02		3.7121599e+02		5.3390628e+01
4.3300000e+02		4.3400000e+02		4.3350000e+02		5.6047485e+02		2.9211948e+02		6.1321050e+02		4.6260891e+02		4.0338233e+02		5.9226586e+01
4.3400000e+02		4.3500000e+02		4.3450000e+02		4.7595241e+02		2.4931541e+02		5.2219059e+02		3.9421616e+02		3.4283885e+02		5.1377309e+01
4.3500000e+02		4.3600000e+02		4.3550000e+02		5.3162725e+02		2.7986983e+02		5.8488168e+02		4.4184518e+02		3.8323777e+02		5.8607402e+01
4.3600000e+02		4.3700000e+02		4.3650000e+02		5.9481241e+02		3.1468375e+02		6.5617468e+02		4.9603702e+02		4.2908643e+02		6.6950584e+01
4.3700000e+02		4.3800000e+02		4.3750000e+02		5.2629983e+02		2.7980488e+02		5.8215000e+02		4.4037017e+02		3.7990157e+02		6.0468606e+01
4.3800000e+02		4.3900000e+02		4.3850000e+02		5.1257868e+02		2.7383741e+02		5.6847082e+02		4.3030405e+02		3.7020406e+02		6.0099994e+01
4.3900000e+02		4.4000000e+02		4.3950000e+02		5.7051902e+02		3.0626319e+02		6.3437691e+02		4.8050155e+02		4.1225239e+02		6.8249161e+01
4.4000000e+02		4.4100000e+02		4.4050000e+02		5.4089681e+02		2.9175137e+02		6.0298164e+02		4.5701194e+02		3.9101071e+02		6.6001239e+01
4.4100000e+02		4.4200000e+02		4.4150000e+02		5.9491633e+02		3.2239240e+02		6.6483952e+02		5.0420830e+02		4.3018104e+02		7.4027262e+01
4.4200000e+02		4.4300000e+02		4.4250000e+02		6.2544254e+02		3.4051695e+02		7.0066889e+02		5.3170725e+02		4.5236110e+02		7.9346148e+01
4.4300000e+02		4.4400000e+02		4.4350000e+02		6.0497206e+02		3.3091277e+02		6.7940798e+02		5.1588748e+02		4.3765487e+02		7.8232609e+01
4.4400000e+02		4.4500000e+02		4.4450000e+02		6.2324411e+02		3.4246111e+02		7.0157482e+02		5.3303523e+02		4.5090322e+02		8.2132011e+01
4.4500000e+02		4.4600000e+02		4.4550000e+02		5.7783999e+02		3.1897689e+02		6.5203080e+02		4.9568691e+02		4.1810038e+02		7.7586527e+01
4.4600000e+02		4.4700000e+02		4.4650000e+02		5.8940025e+02		3.2687303e+02		6.6670686e+02		5.0714378e+02		4.2652516e+02		8.0618619e+01
4.4700000e+02		4.4800000e+02		4.4750000e+02		6.3881895e+02		3.5588873e+02		7.2430199e+02		5.5127207e+02		4.6228195e+02		8.8990118e+01
4.4800000e+02		4.4900000e+02		4.4850000e+02		6.2805979e+02		3.5147159e+02		7.1375157e+02		5.4355060e+02		4.5446381e+02		8.9086785e+01
4.4900000e+02		4.5000000e+02		4.4950000e+02		6.3454704e+02		3.5668351e+02		7.2275870e+02		5.5071712e+02		4.5908846e+02		9.1628668e+01
4.5000000e+02		4.5100000e+02		4.5050000e+02		6.7325368e+02		3.8010860e+02		7.6855233e+02		5.8593181e+02		4.8698294e+02		9.8948869e+01
4.5100000e+02		4.5200000e+02		4.5150000e+02		6.7122600e+02		3.8061924e+02		7.6791635e+02		5.8576348e+02		4.8537649e+02		1.0038699e+02
4.5200000e+02		4.5300000e+02		4.5250000e+02		6.3541039e+02		3.6187071e+02		7.2851088e+02		5.5600109e+02		4.5931742e+02		9.6683675e+01
4.5300000e+02		4.5400000e+02		4.5350000e+02		6.0888666e+02		3.4825472e+02		6.9958597e+02		5.3420562e+02		4.3996454e+02		9.4241078e+01
4.5400000e+02		4.5500000e+02		4.5450000e+02		6.4999363e+02		3.7334942e+02		7.4838163e+02		5.7176134e+02		4.6944765e+02		1.0231369e+02
4.5500000e+02		4.5600000e+02		4.5550000e+02		6.4380306e+02		3.7135541e+02		7.4278493e+02		5.6777422e+02		4.6473189e+02		1.0304233e+02
4.5600000e+02		4.5700000e+02		4.5650000e+02		6.6853861e+02		3.8723819e+02		7.7289301e+02		5.9108443e+02		4.8230537e+02		1.0877906e+02
4.5700000e+02		4.5800000e+02		4.5750000e+02		6.7499745e+02		3.9260295e+02		7.8192452e+02		5.9828650e+02		4.8665251e+02		1.1163399e+02
4.5800000e+02		4.5900000e+02		4.5850000e+02		6.3439039e+02		3.7050377e+02		7.3633634e+02		5.6367862e+02		4.5705661e+02		1.0662201e+02
4.5900000e+02		4.6000000e+02		4.5950000e+02		6.5539586e+02		3.8433446e+02		7.6219758e+02		5.8375498e+02		4.7183404e+02		1.1192095e+02
4.6000000e+02		4.6100000e+02		4.6050000e+02		6.4752339e+02		3.8125522e+02		7.5448571e+02		5.7812075e+02		4.6578884e+02		1.1233191e+02
4.6100000e+02		4.6200000e+02		4.6150000e+02		6.6245412e+02		3.9161208e+02		7.7334032e+02		5.9284277e+02		4.7611691e+02		1.1672586e+02
4.6200000e+02		4.6300000e+02		4.6250000e+02		6.6901120e+02		3.9706258e+02		7.8244764e+02		6.0009826e+02		4.8038758e+02		1.1971068e+02
4.6300000e+02		4.6400000e+02		4.6350000e+02		6.4662616e+02		3.8529165e+02		7.5765264e+02		5.8134285e+02		4.6386212e+02		1.1748073e+02
4.6400000e+02		4.6500000e+02		4.6450000e+02		6.5795753e+02		3.9357774e+02		7.7232087e+02		5.9285983e+02		4.7150650e+02		1.2135333e+02
4.6500000e+02		4.6600000e+02		4.6550000e+02		6.3552746e+02		3.8163572e+02		7.4731809e+02		5.7391660e+02		4.5494145e+02		1.1897515e+02
4.6600000e+02		4.6700000e+02		4.6650000e+02		6.3955371e+02		3.8553124e+02		7.5336916e+02		5.7881155e+02		4.5730613e+02		1.2150542e+02
4.6700000e+02		4.6800000e+02		4.6750000e+02		6.4572639e+02		3.9072967e+02		7.6193720e+02		5.8564013e+02		4.6116310e+02		1.2447703e+02
4.6800000e+02		4.6900000e+02		4.6850000e+02		6.3145002e+02		3.8353720e+02		7.4635815e+02		5.7390394e+02		4.5041254e+02		1.2349141e+02
4.6900000e+02		4.7000000e+02		4.6950000e+02		6.4956875e+02		3.9601469e+02		7.6904344e+02		5.9158796e+02		4.6273132e+02		1.2885664e+02
4.7000000e+02		4.7100000e+02		4.7050000e+02		6.1381170e+02		3.7560635e+02		7.2790529e+02		5.6016729e+02		4.3667587e+02		1.2349142e+02
4.7100000e+02		4.7200000e+02		4.7150000e+02		6.4174114e+02		3.9414202e+02		7.6225420e+02		5.8683233e+02		4.5591015e+02		1.3092218e+02
4.7200000e+02		4.7300000e+02		4.7250000e+02		6.5742798e+02		4.0525205e+02		7.8213218e+02		6.0236977e+02		4.6638554e+02		1.3598423e+02
4.7300000e+02		4.7400000e+02		4.7350000e+02		6.4563741e+02		3.9941556e+02		7.6929110e+02		5.9270512e+02		4.5732802e+02		1.3537710e+02
4.7400000e+02		4.7500000e+02		4.7450000e+02		6.6512717e+02		4.1296959e+02		7.9377424e+02		6.1180109e+02		4.7044037e+02		1.4136072e+02
4.7500000e+02		4.7600000e+02		4.7550000e+02		6.6365303e+02		4.1353529e+02		7.9324554e+02		6.1162175e+02		4.6867760e+02		1.4294415e+02
4.7600000e+02		4.7700000e+02		4.7650000e+02		6.3952653e+02		3.9991205e+02		7.6555905e+02		5.9048974e+02		4.5091165e+02		1.3957809e+02
4.7700000e+02		4.7800000e+02		4.7750000e+02		6.6772274e+02		4.1900711e+02		8.0049323e+02		6.1765631e+02		4.7000907e+02		1.4764725e+02
4.7800000e+02		4.7900000e+02		4.7850000e+02		6.6128260e+02		4.1640772e+02		7.9392603e+02		6.1280493e+02		4.6468080e+02		1.4812413e+02
4.7900000e+02		4.8000000e+02		4.7950000e+02		6.6320839e+02		4.1905923e+02		7.9737869e+02		6.1568319e+02		4.6521727e+02		1.5046591e+02
4.8000000e+02		4.8100000e+02		4.8050000e+02		6.6489751e+02		4.2156176e+02		8.0053687e+02		6.1833234e+02		4.6556419e+02		1.5276814e+02
4.8100000e+02		4.8200000e+02		4.8150000e+02		6.6630748e+02		4.2388668e+02		8.0334820e+02		6.2071169e+02		4.6569297e+02		1.5501872e+02
4.8200000e+02		4.8300000e+02		4.8250000e+02		6.6376999e+02		4.2369064e+02		8.0138253e+02		6.1939686e+02		4.6304591e+02		1.5635096e+02
4.8300000e+02		4.8400000e+02		4.8350000e+02		6.5373157e+02		4.1866957e+02		7.9031900e+02		6.1104313e+02		4.5516073e+02		1.5588240e+02
4.8400000e+02		4.8500000e+02		4.8450000e+02		6.4242337e+02		4.1277989e+02		7.7766522e+02		6.0145028e+02		4.4639893e+02		1.5505135e+02
4.8500000e+02		4.8600000e+02		4.8550000e+02		6.0369332e+02		3.8915496e+02		7.3171667e+02		5.6608918e+02		4.1863086e+02		1.4745832e+02
4.8600000e+02		4.8700000e+02		4.8650000e+02		5.2412565e+02		3.3896849e+02		6.3610512e+02		4.9227227e+02		3.6272064e+02		1.2955164e+02
4.8700000e+02		4.8800000e+02		4.8750000e+02		5.9966111e+02		3.8906030e+02		7.2868349e+02		5.6408669e+02		4.1411688e+02		1.4996981e+02
4.8800000e+02		4.8900000e+02		4.8850000e+02		6.3081686e+02		4.1058034e+02		7.6749526e+02		5.9430809e+02		4.3470453e+02		1.5960357e+02
4.8900000e+02		4.9000000e+02		4.8950000e+02		6.1880396e+02		4.0403770e+02		7.5380348e+02		5.8387657e+02		4.2550335e+02		1.5837323e+02
4.9000000e+02		4.9100000e+02		4.9050000e+02		6.5907671e+02		4.3168905e+02		8.0383913e+02		6.2281236e+02		4.5220260e+02		1.7060976e+02
4.9100000e+02		4.9200000e+02		4.9150000e+02		6.2110374e+02		4.0808156e+02		7.5842072e+02		5.8778779e+02		4.2518950e+02		1.6259829e+02
4.9200000e+02		4.9300000e+02		4.9250000e+02		5.9112858e+02		3.8959456e+02		7.2267723e+02		5.6024252e+02		4.0375740e+02		1.5648511e+02
4.9300000e+02		4.9400000e+02		4.9350000e+02		6.2472140e+02		4.1299542e+02		7.6462464e+02		5.9292301e+02		4.2571323e+02		1.6720977e+02
4.9400000e+02		4.9500000e+02		4.9450000e+02		6.4279699e+02		4.2623479e+02		7.8763818e+02		6.1093211e+02		4.3699856e+02		1.7393355e+02
4.9500000e+02		4.9600000e+02		4.9550000e+02		6.3133158e+02		4.1989120e+02		7.7444883e+02		6.0085953e+02		4.2817566e+02		1.7268387e+02
4.9600000e+02		4.9700000e+02		4.9650000e+02		6.3921352e+02		4.2640121e+02		7.8497486e+02		6.0918328e+02		4.3246703e+02		1.7671625e+02
4.9700000e+02		4.9800000e+02		4.9750000e+02		6.5113923e+02		4.3564090e+02		8.0048028e+02		6.2137369e+02		4.3944850e+02		1.8192519e+02
4.9800000e+02		4.9900000e+02		4.9850000e+02		5.9175801e+02		3.9707123e+02		7.2824647e+02		5.6544248e+02		3.9837065e+02		1.6707183e+02
4.9900000e+02		5.0000000e+02		4.9950000e+02		6.3385792e+02		4.2654782e+02		7.8085251e+02		6.0643489e+02		4.2561740e+02		1.8081750e+02
