Left Bin Edge (nm)	Right Bin Edge (nm)	Bin Center (nm)		Top of Atm Intensity (erg/s/nm/cm2)		Total Surface Flux (erg/s/nm/cm2)		Total Intensity at BOA (erg/s/nm/cm2)		Total Surface Intensity (erg/s/nm/cm2)		Total Surface Diffuse Intensity (erg/s/nm/cm2)		Total Surface Direct Intensity (erg/s/nm/cm2)
1.0000000e+02		1.0100000e+02		1.0050000e+02		1.9189487e-02		0.0000000e+00		0.0000000e+00		0.0000000e+00		0.0000000e+00		0.0000000e+00
1.0100000e+02		1.0200000e+02		1.0150000e+02		7.4861701e-02		0.0000000e+00		0.0000000e+00		0.0000000e+00		0.0000000e+00		0.0000000e+00
1.0200000e+02		1.0300000e+02		1.0250000e+02		3.9734366e-01		0.0000000e+00		0.0000000e+00		0.0000000e+00		0.0000000e+00		0.0000000e+00
1.0300000e+02		1.0400000e+02		1.0350000e+02		3.0179545e-01		0.0000000e+00		0.0000000e+00		0.0000000e+00		0.0000000e+00		0.0000000e+00
1.0400000e+02		1.0500000e+02		1.0450000e+02		6.0815352e-02		0.0000000e+00		0.0000000e+00		0.0000000e+00		0.0000000e+00		0.0000000e+00
1.0500000e+02		1.0600000e+02		1.0550000e+02		2.0834600e-02		0.0000000e+00		0.0000000e+00		0.0000000e+00		0.0000000e+00		0.0000000e+00
1.0600000e+02		1.0700000e+02		1.0650000e+02		1.9584792e-02		0.0000000e+00		0.0000000e+00		0.0000000e+00		0.0000000e+00		0.0000000e+00
1.0700000e+02		1.0800000e+02		1.0750000e+02		2.1853879e-02		0.0000000e+00		0.0000000e+00		0.0000000e+00		0.0000000e+00		0.0000000e+00
1.0800000e+02		1.0900000e+02		1.0850000e+02		3.0634999e-02		0.0000000e+00		0.0000000e+00		0.0000000e+00		0.0000000e+00		0.0000000e+00
1.0900000e+02		1.1000000e+02		1.0950000e+02		2.4032561e-02		0.0000000e+00		0.0000000e+00		0.0000000e+00		0.0000000e+00		0.0000000e+00
1.1000000e+02		1.1100000e+02		1.1050000e+02		2.3268893e-02		0.0000000e+00		0.0000000e+00		0.0000000e+00		0.0000000e+00		0.0000000e+00
1.1100000e+02		1.1200000e+02		1.1150000e+02		2.1871272e-02		0.0000000e+00		0.0000000e+00		0.0000000e+00		0.0000000e+00		0.0000000e+00
1.1200000e+02		1.1300000e+02		1.1250000e+02		2.2375602e-02		0.0000000e+00		0.0000000e+00		0.0000000e+00		0.0000000e+00		0.0000000e+00
1.1300000e+02		1.1400000e+02		1.1350000e+02		1.7748133e-02		0.0000000e+00		0.0000000e+00		0.0000000e+00		0.0000000e+00		0.0000000e+00
1.1400000e+02		1.1500000e+02		1.1450000e+02		1.3589480e-02		0.0000000e+00		0.0000000e+00		0.0000000e+00		0.0000000e+00		0.0000000e+00
1.1500000e+02		1.1600000e+02		1.1550000e+02		1.8751615e-02		0.0000000e+00		0.0000000e+00		0.0000000e+00		0.0000000e+00		0.0000000e+00
1.1600000e+02		1.1700000e+02		1.1650000e+02		4.3674487e-02		0.0000000e+00		0.0000000e+00		0.0000000e+00		0.0000000e+00		0.0000000e+00
1.1700000e+02		1.1800000e+02		1.1750000e+02		1.5546757e-01		0.0000000e+00		0.0000000e+00		0.0000000e+00		0.0000000e+00		0.0000000e+00
1.1800000e+02		1.1900000e+02		1.1850000e+02		5.2889236e-02		0.0000000e+00		0.0000000e+00		0.0000000e+00		0.0000000e+00		0.0000000e+00
1.1900000e+02		1.2000000e+02		1.1950000e+02		7.3692884e-02		0.0000000e+00		0.0000000e+00		0.0000000e+00		0.0000000e+00		0.0000000e+00
1.2000000e+02		1.2100000e+02		1.2050000e+02		4.0066072e-01		0.0000000e+00		0.0000000e+00		0.0000000e+00		0.0000000e+00		0.0000000e+00
1.2100000e+02		1.2200000e+02		1.2150000e+02		1.5905289e+01		0.0000000e+00		0.0000000e+00		0.0000000e+00		0.0000000e+00		0.0000000e+00
1.2200000e+02		1.2300000e+02		1.2250000e+02		1.0666543e-01		0.0000000e+00		0.0000000e+00		0.0000000e+00		0.0000000e+00		0.0000000e+00
1.2300000e+02		1.2400000e+02		1.2350000e+02		5.7456553e-02		0.0000000e+00		0.0000000e+00		0.0000000e+00		0.0000000e+00		0.0000000e+00
1.2400000e+02		1.2500000e+02		1.2450000e+02		4.6184197e-02		0.0000000e+00		0.0000000e+00		0.0000000e+00		0.0000000e+00		0.0000000e+00
1.2500000e+02		1.2600000e+02		1.2550000e+02		4.5085118e-02		0.0000000e+00		0.0000000e+00		0.0000000e+00		0.0000000e+00		0.0000000e+00
1.2600000e+02		1.2700000e+02		1.2650000e+02		6.3054464e-02		0.0000000e+00		0.0000000e+00		0.0000000e+00		0.0000000e+00		0.0000000e+00
1.2700000e+02		1.2800000e+02		1.2750000e+02		3.3006429e-02		0.0000000e+00		0.0000000e+00		0.0000000e+00		0.0000000e+00		0.0000000e+00
1.2800000e+02		1.2900000e+02		1.2850000e+02		2.6335196e-02		0.0000000e+00		0.0000000e+00		0.0000000e+00		0.0000000e+00		0.0000000e+00
1.2900000e+02		1.3000000e+02		1.2950000e+02		3.5131240e-02		0.0000000e+00		0.0000000e+00		0.0000000e+00		0.0000000e+00		0.0000000e+00
1.3000000e+02		1.3100000e+02		1.3050000e+02		2.8850634e-01		0.0000000e+00		0.0000000e+00		0.0000000e+00		0.0000000e+00		0.0000000e+00
1.3100000e+02		1.3200000e+02		1.3150000e+02		3.9064855e-02		0.0000000e+00		0.0000000e+00		0.0000000e+00		0.0000000e+00		0.0000000e+00
1.3200000e+02		1.3300000e+02		1.3250000e+02		3.0374778e-02		0.0000000e+00		0.0000000e+00		0.0000000e+00		0.0000000e+00		0.0000000e+00
1.3300000e+02		1.3400000e+02		1.3350000e+02		4.1056606e-01		0.0000000e+00		0.0000000e+00		0.0000000e+00		0.0000000e+00		0.0000000e+00
1.3400000e+02		1.3500000e+02		1.3450000e+02		2.8092500e-02		0.0000000e+00		0.0000000e+00		0.0000000e+00		0.0000000e+00		0.0000000e+00
1.3500000e+02		1.3600000e+02		1.3550000e+02		5.8954708e-02		0.0000000e+00		0.0000000e+00		0.0000000e+00		0.0000000e+00		0.0000000e+00
1.3600000e+02		1.3700000e+02		1.3650000e+02		3.8690656e-02		0.0000000e+00		0.0000000e+00		0.0000000e+00		0.0000000e+00		0.0000000e+00
1.3700000e+02		1.3800000e+02		1.3750000e+02		3.9732879e-02		0.0000000e+00		0.0000000e+00		0.0000000e+00		0.0000000e+00		0.0000000e+00
1.3800000e+02		1.3900000e+02		1.3850000e+02		4.0549866e-02		0.0000000e+00		0.0000000e+00		0.0000000e+00		0.0000000e+00		0.0000000e+00
1.3900000e+02		1.4000000e+02		1.3950000e+02		1.3692187e-01		0.0000000e+00		0.0000000e+00		0.0000000e+00		0.0000000e+00		0.0000000e+00
1.4000000e+02		1.4100000e+02		1.4050000e+02		1.1939088e-01		0.0000000e+00		0.0000000e+00		0.0000000e+00		0.0000000e+00		0.0000000e+00
1.4100000e+02		1.4200000e+02		1.4150000e+02		5.7521948e-02		0.0000000e+00		0.0000000e+00		0.0000000e+00		0.0000000e+00		0.0000000e+00
1.4200000e+02		1.4300000e+02		1.4250000e+02		6.2343151e-02		0.0000000e+00		0.0000000e+00		0.0000000e+00		0.0000000e+00		0.0000000e+00
1.4300000e+02		1.4400000e+02		1.4350000e+02		6.9165895e-02		0.0000000e+00		0.0000000e+00		0.0000000e+00		0.0000000e+00		0.0000000e+00
1.4400000e+02		1.4500000e+02		1.4450000e+02		6.6149126e-02		0.0000000e+00		0.0000000e+00		0.0000000e+00		0.0000000e+00		0.0000000e+00
1.4500000e+02		1.4600000e+02		1.4550000e+02		7.0536262e-02		0.0000000e+00		0.0000000e+00		0.0000000e+00		0.0000000e+00		0.0000000e+00
1.4600000e+02		1.4700000e+02		1.4650000e+02		8.6012655e-02		0.0000000e+00		0.0000000e+00		0.0000000e+00		0.0000000e+00		0.0000000e+00
1.4700000e+02		1.4800000e+02		1.4750000e+02		1.0610345e-01		0.0000000e+00		0.0000000e+00		0.0000000e+00		0.0000000e+00		0.0000000e+00
1.4800000e+02		1.4900000e+02		1.4850000e+02		1.0405386e-01		0.0000000e+00		0.0000000e+00		0.0000000e+00		0.0000000e+00		0.0000000e+00
1.4900000e+02		1.5000000e+02		1.4950000e+02		9.4002421e-02		0.0000000e+00		0.0000000e+00		0.0000000e+00		0.0000000e+00		0.0000000e+00
1.5000000e+02		1.5100000e+02		1.5050000e+02		1.0343288e-01		0.0000000e+00		0.0000000e+00		0.0000000e+00		0.0000000e+00		0.0000000e+00
1.5100000e+02		1.5200000e+02		1.5150000e+02		1.0875212e-01		0.0000000e+00		0.0000000e+00		0.0000000e+00		0.0000000e+00		0.0000000e+00
1.5200000e+02		1.5300000e+02		1.5250000e+02		1.3876638e-01		0.0000000e+00		0.0000000e+00		0.0000000e+00		0.0000000e+00		0.0000000e+00
1.5300000e+02		1.5400000e+02		1.5350000e+02		1.5371418e-01		0.0000000e+00		0.0000000e+00		0.0000000e+00		0.0000000e+00		0.0000000e+00
1.5400000e+02		1.5500000e+02		1.5450000e+02		4.1112511e-01		0.0000000e+00		0.0000000e+00		0.0000000e+00		0.0000000e+00		0.0000000e+00
1.5500000e+02		1.5600000e+02		1.5550000e+02		3.3836363e-01		0.0000000e+00		0.0000000e+00		0.0000000e+00		0.0000000e+00		0.0000000e+00
1.5600000e+02		1.5700000e+02		1.5650000e+02		2.0084632e-01		0.0000000e+00		0.0000000e+00		0.0000000e+00		0.0000000e+00		0.0000000e+00
1.5700000e+02		1.5800000e+02		1.5750000e+02		1.8216796e-01		0.0000000e+00		0.0000000e+00		0.0000000e+00		0.0000000e+00		0.0000000e+00
1.5800000e+02		1.5900000e+02		1.5850000e+02		1.6795176e-01		0.0000000e+00		0.0000000e+00		0.0000000e+00		0.0000000e+00		0.0000000e+00
1.5900000e+02		1.6000000e+02		1.5950000e+02		1.6379377e-01		0.0000000e+00		0.0000000e+00		0.0000000e+00		0.0000000e+00		0.0000000e+00
1.6000000e+02		1.6100000e+02		1.6050000e+02		1.7926410e-01		0.0000000e+00		0.0000000e+00		0.0000000e+00		0.0000000e+00		0.0000000e+00
1.6100000e+02		1.6200000e+02		1.6150000e+02		2.0306941e-01		0.0000000e+00		0.0000000e+00		0.0000000e+00		0.0000000e+00		0.0000000e+00
1.6200000e+02		1.6300000e+02		1.6250000e+02		2.2492895e-01		0.0000000e+00		0.0000000e+00		0.0000000e+00		0.0000000e+00		0.0000000e+00
1.6300000e+02		1.6400000e+02		1.6350000e+02		4.7671727e-01		0.0000000e+00		0.0000000e+00		0.0000000e+00		0.0000000e+00		0.0000000e+00
1.6400000e+02		1.6500000e+02		1.6450000e+02		4.8753270e-01		0.0000000e+00		0.0000000e+00		0.0000000e+00		0.0000000e+00		0.0000000e+00
1.6500000e+02		1.6600000e+02		1.6550000e+02		5.7072689e-01		0.0000000e+00		0.0000000e+00		0.0000000e+00		0.0000000e+00		0.0000000e+00
1.6600000e+02		1.6700000e+02		1.6650000e+02		2.6919628e-01		0.0000000e+00		0.0000000e+00		0.0000000e+00		0.0000000e+00		0.0000000e+00
1.6700000e+02		1.6800000e+02		1.6750000e+02		2.8728373e-01		0.0000000e+00		0.0000000e+00		0.0000000e+00		0.0000000e+00		0.0000000e+00
1.6800000e+02		1.6900000e+02		1.6850000e+02		3.0958866e-01		0.0000000e+00		0.0000000e+00		0.0000000e+00		0.0000000e+00		0.0000000e+00
1.6900000e+02		1.7000000e+02		1.6950000e+02		3.8988989e-01		0.0000000e+00		0.0000000e+00		0.0000000e+00		0.0000000e+00		0.0000000e+00
1.7000000e+02		1.7100000e+02		1.7050000e+02		4.3752516e-01		0.0000000e+00		0.0000000e+00		0.0000000e+00		0.0000000e+00		0.0000000e+00
1.7100000e+02		1.7200000e+02		1.7150000e+02		4.3618394e-01		0.0000000e+00		0.0000000e+00		0.0000000e+00		0.0000000e+00		0.0000000e+00
1.7200000e+02		1.7300000e+02		1.7250000e+02		4.5514763e-01		0.0000000e+00		0.0000000e+00		0.0000000e+00		0.0000000e+00		0.0000000e+00
1.7300000e+02		1.7400000e+02		1.7350000e+02		4.5120572e-01		0.0000000e+00		0.0000000e+00		0.0000000e+00		0.0000000e+00		0.0000000e+00
1.7400000e+02		1.7500000e+02		1.7450000e+02		5.3951828e-01		0.0000000e+00		0.0000000e+00		0.0000000e+00		0.0000000e+00		0.0000000e+00
1.7500000e+02		1.7600000e+02		1.7550000e+02		6.4389120e-01		0.0000000e+00		0.0000000e+00		0.0000000e+00		0.0000000e+00		0.0000000e+00
1.7600000e+02		1.7700000e+02		1.7650000e+02		6.9472845e-01		0.0000000e+00		0.0000000e+00		0.0000000e+00		0.0000000e+00		0.0000000e+00
1.7700000e+02		1.7800000e+02		1.7750000e+02		8.1849614e-01		0.0000000e+00		0.0000000e+00		0.0000000e+00		0.0000000e+00		0.0000000e+00
1.7800000e+02		1.7900000e+02		1.7850000e+02		8.9455089e-01		0.0000000e+00		0.0000000e+00		0.0000000e+00		0.0000000e+00		0.0000000e+00
1.7900000e+02		1.8000000e+02		1.7950000e+02		8.6966614e-01		0.0000000e+00		0.0000000e+00		0.0000000e+00		0.0000000e+00		0.0000000e+00
1.8000000e+02		1.8100000e+02		1.8050000e+02		1.0753674e+00		0.0000000e+00		0.0000000e+00		0.0000000e+00		0.0000000e+00		0.0000000e+00
1.8100000e+02		1.8200000e+02		1.8150000e+02		1.3093431e+00		0.0000000e+00		0.0000000e+00		0.0000000e+00		0.0000000e+00		0.0000000e+00
1.8200000e+02		1.8300000e+02		1.8250000e+02		1.2087370e+00		0.0000000e+00		0.0000000e+00		0.0000000e+00		0.0000000e+00		0.0000000e+00
1.8300000e+02		1.8400000e+02		1.8350000e+02		1.2728289e+00		0.0000000e+00		0.0000000e+00		0.0000000e+00		0.0000000e+00		0.0000000e+00
1.8400000e+02		1.8500000e+02		1.8450000e+02		1.0940339e+00		0.0000000e+00		0.0000000e+00		0.0000000e+00		0.0000000e+00		0.0000000e+00
1.8500000e+02		1.8600000e+02		1.8550000e+02		1.2372281e+00		0.0000000e+00		0.0000000e+00		0.0000000e+00		0.0000000e+00		0.0000000e+00
1.8600000e+02		1.8700000e+02		1.8650000e+02		1.4037992e+00		0.0000000e+00		0.0000000e+00		0.0000000e+00		0.0000000e+00		0.0000000e+00
1.8700000e+02		1.8800000e+02		1.8750000e+02		1.5907538e+00		0.0000000e+00		0.0000000e+00		0.0000000e+00		0.0000000e+00		0.0000000e+00
1.8800000e+02		1.8900000e+02		1.8850000e+02		1.6735993e+00		0.0000000e+00		0.0000000e+00		0.0000000e+00		0.0000000e+00		0.0000000e+00
1.8900000e+02		1.9000000e+02		1.8950000e+02		1.8559600e+00		0.0000000e+00		0.0000000e+00		0.0000000e+00		0.0000000e+00		0.0000000e+00
1.9000000e+02		1.9100000e+02		1.9050000e+02		1.9109940e+00		0.0000000e+00		0.0000000e+00		0.0000000e+00		0.0000000e+00		0.0000000e+00
1.9100000e+02		1.9200000e+02		1.9150000e+02		2.0707336e+00		0.0000000e+00		0.0000000e+00		0.0000000e+00		0.0000000e+00		0.0000000e+00
1.9200000e+02		1.9300000e+02		1.9250000e+02		2.1685186e+00		0.0000000e+00		0.0000000e+00		0.0000000e+00		0.0000000e+00		0.0000000e+00
1.9300000e+02		1.9400000e+02		1.9350000e+02		1.6554009e+00		0.0000000e+00		0.0000000e+00		0.0000000e+00		0.0000000e+00		0.0000000e+00
1.9400000e+02		1.9500000e+02		1.9450000e+02		2.6556632e+00		0.0000000e+00		0.0000000e+00		0.0000000e+00		0.0000000e+00		0.0000000e+00
1.9500000e+02		1.9600000e+02		1.9550000e+02		2.5630279e+00		0.0000000e+00		0.0000000e+00		0.0000000e+00		0.0000000e+00		0.0000000e+00
1.9600000e+02		1.9700000e+02		1.9650000e+02		2.8204934e+00		0.0000000e+00		0.0000000e+00		0.0000000e+00		0.0000000e+00		0.0000000e+00
1.9700000e+02		1.9800000e+02		1.9750000e+02		2.8068384e+00		0.0000000e+00		0.0000000e+00		0.0000000e+00		0.0000000e+00		0.0000000e+00
1.9800000e+02		1.9900000e+02		1.9850000e+02		2.7505577e+00		0.0000000e+00		0.0000000e+00		0.0000000e+00		0.0000000e+00		0.0000000e+00
1.9900000e+02		2.0000000e+02		1.9950000e+02		2.8965557e+00		0.0000000e+00		0.0000000e+00		0.0000000e+00		0.0000000e+00		0.0000000e+00
2.0000000e+02		2.0100000e+02		2.0050000e+02		3.0623388e+00		0.0000000e+00		0.0000000e+00		0.0000000e+00		0.0000000e+00		0.0000000e+00
2.0100000e+02		2.0200000e+02		2.0150000e+02		3.2593670e+00		0.0000000e+00		0.0000000e+00		0.0000000e+00		0.0000000e+00		0.0000000e+00
2.0200000e+02		2.0300000e+02		2.0250000e+02		3.2217937e+00		0.0000000e+00		0.0000000e+00		0.0000000e+00		0.0000000e+00		0.0000000e+00
2.0300000e+02		2.0400000e+02		2.0350000e+02		3.4484145e+00		0.0000000e+00		0.0000000e+00		0.0000000e+00		0.0000000e+00		0.0000000e+00
2.0400000e+02		2.0500000e+02		2.0450000e+02		3.7117169e+00		0.0000000e+00		0.0000000e+00		0.0000000e+00		0.0000000e+00		0.0000000e+00
2.0500000e+02		2.0600000e+02		2.0550000e+02		3.7200399e+00		0.0000000e+00		0.0000000e+00		0.0000000e+00		0.0000000e+00		0.0000000e+00
2.0600000e+02		2.0700000e+02		2.0650000e+02		3.7247532e+00		0.0000000e+00		0.0000000e+00		0.0000000e+00		0.0000000e+00		0.0000000e+00
2.0700000e+02		2.0800000e+02		2.0750000e+02		4.0454145e+00		0.0000000e+00		0.0000000e+00		0.0000000e+00		0.0000000e+00		0.0000000e+00
2.0800000e+02		2.0900000e+02		2.0850000e+02		4.3759554e+00		0.0000000e+00		0.0000000e+00		0.0000000e+00		0.0000000e+00		0.0000000e+00
2.0900000e+02		2.1000000e+02		2.0950000e+02		5.6528678e+00		0.0000000e+00		0.0000000e+00		0.0000000e+00		0.0000000e+00		0.0000000e+00
2.1000000e+02		2.1100000e+02		2.1050000e+02		6.9678423e+00		0.0000000e+00		0.0000000e+00		0.0000000e+00		0.0000000e+00		0.0000000e+00
2.1100000e+02		2.1200000e+02		2.1150000e+02		7.9326445e+00		0.0000000e+00		0.0000000e+00		0.0000000e+00		0.0000000e+00		0.0000000e+00
2.1200000e+02		2.1300000e+02		2.1250000e+02		7.0734222e+00		0.0000000e+00		0.0000000e+00		0.0000000e+00		0.0000000e+00		0.0000000e+00
2.1300000e+02		2.1400000e+02		2.1350000e+02		7.2066449e+00		0.0000000e+00		0.0000000e+00		0.0000000e+00		0.0000000e+00		0.0000000e+00
2.1400000e+02		2.1500000e+02		2.1450000e+02		9.2279181e+00		0.0000000e+00		0.0000000e+00		0.0000000e+00		0.0000000e+00		0.0000000e+00
2.1500000e+02		2.1600000e+02		2.1550000e+02		7.9257408e+00		0.0000000e+00		0.0000000e+00		0.0000000e+00		0.0000000e+00		0.0000000e+00
2.1600000e+02		2.1700000e+02		2.1650000e+02		7.3353469e+00		0.0000000e+00		0.0000000e+00		0.0000000e+00		0.0000000e+00		0.0000000e+00
2.1700000e+02		2.1800000e+02		2.1750000e+02		7.5953881e+00		0.0000000e+00		0.0000000e+00		0.0000000e+00		0.0000000e+00		0.0000000e+00
2.1800000e+02		2.1900000e+02		2.1850000e+02		1.0217230e+01		0.0000000e+00		0.0000000e+00		0.0000000e+00		0.0000000e+00		0.0000000e+00
2.1900000e+02		2.2000000e+02		2.1950000e+02		1.0786519e+01		0.0000000e+00		0.0000000e+00		0.0000000e+00		0.0000000e+00		0.0000000e+00
2.2000000e+02		2.2100000e+02		2.2050000e+02		1.0851638e+01		0.0000000e+00		0.0000000e+00		0.0000000e+00		0.0000000e+00		0.0000000e+00
2.2100000e+02		2.2200000e+02		2.2150000e+02		8.6872371e+00		0.0000000e+00		0.0000000e+00		0.0000000e+00		0.0000000e+00		0.0000000e+00
2.2200000e+02		2.2300000e+02		2.2250000e+02		1.1691346e+01		0.0000000e+00		0.0000000e+00		0.0000000e+00		0.0000000e+00		0.0000000e+00
2.2300000e+02		2.2400000e+02		2.2350000e+02		1.5139682e+01		0.0000000e+00		0.0000000e+00		0.0000000e+00		0.0000000e+00		0.0000000e+00
2.2400000e+02		2.2500000e+02		2.2450000e+02		1.4154944e+01		0.0000000e+00		0.0000000e+00		0.0000000e+00		0.0000000e+00		0.0000000e+00
2.2500000e+02		2.2600000e+02		2.2550000e+02		1.2365614e+01		0.0000000e+00		0.0000000e+00		0.0000000e+00		0.0000000e+00		0.0000000e+00
2.2600000e+02		2.2700000e+02		2.2650000e+02		9.0577089e+00		0.0000000e+00		0.0000000e+00		0.0000000e+00		0.0000000e+00		0.0000000e+00
2.2700000e+02		2.2800000e+02		2.2750000e+02		8.8108381e+00		0.0000000e+00		0.0000000e+00		0.0000000e+00		0.0000000e+00		0.0000000e+00
2.2800000e+02		2.2900000e+02		2.2850000e+02		1.2275156e+01		2.5128930e-310		0.0000000e+00		2.5140504e-310		2.7385533e-313		2.5113119e-310
2.2900000e+02		2.3000000e+02		2.2950000e+02		1.1031259e+01		2.0956398e-290		0.0000000e+00		2.0967077e-290		2.5266864e-293		2.0941810e-290
2.3000000e+02		2.3100000e+02		2.3050000e+02		1.2510180e+01		8.2155596e-272		0.0000000e+00		8.2202343e-272		1.1060500e-274		8.2091738e-272
2.3100000e+02		2.3200000e+02		2.3150000e+02		1.1791833e+01		6.7982375e-255		0.0000000e+00		6.8025714e-255		1.0254067e-257		6.7923173e-255
2.3200000e+02		2.3300000e+02		2.3250000e+02		1.2664003e+01		4.5578071e-240		0.0000000e+00		4.5610538e-240		7.6818064e-243		4.5533720e-240
2.3300000e+02		2.3400000e+02		2.3350000e+02		1.1428554e+01		2.2759965e-227		0.0000000e+00		2.2778128e-227		4.2974425e-230		2.2735154e-227
2.3400000e+02		2.3500000e+02		2.3450000e+02		9.9864853e+00		6.9651413e-216		0.0000000e+00		6.9713889e-216		1.4781901e-218		6.9566070e-216
2.3500000e+02		2.3600000e+02		2.3550000e+02		1.3443360e+01		1.8277527e-123		0.0000000e+00		3.1657606e-123		3.1657606e-123		1.6462443e-205
2.3600000e+02		2.3700000e+02		2.3650000e+02		1.2448020e+01		1.2225348e-107		0.0000000e+00		2.1174924e-107		2.1174924e-107		8.8630704e-196
2.3700000e+02		2.3800000e+02		2.3750000e+02		1.3294723e+01		1.2513888e-93		5.5593970e-90		2.1674690e-93		2.1674690e-93		3.0189000e-187
2.3800000e+02		2.3900000e+02		2.3850000e+02		1.1021422e+01		2.3839034e-81		3.5277552e-78		4.1290419e-81		4.1290419e-81		7.8985528e-180
2.3900000e+02		2.4000000e+02		2.3950000e+02		1.2008577e+01		1.6804368e-70		9.5569539e-68		2.9106019e-70		2.9106019e-70		2.5293420e-173
2.4000000e+02		2.4100000e+02		2.4050000e+02		1.1032163e+01		5.6307273e-61		1.3804750e-58		9.7527058e-61		9.7527058e-61		6.3238890e-168
2.4100000e+02		2.4200000e+02		2.4150000e+02		1.2918879e+01		1.2447793e-52		1.4824990e-50		2.1560210e-52		2.1560210e-52		6.7579428e-163
2.4200000e+02		2.4300000e+02		2.4250000e+02		1.7782729e+01		4.0829852e-45		2.5670397e-43		7.0719377e-45		7.0719377e-45		2.0319226e-158
2.4300000e+02		2.4400000e+02		2.4350000e+02		1.6701989e+01		8.5617264e-39		3.1212505e-37		1.4829345e-38		1.4829345e-38		1.1025512e-154
2.4400000e+02		2.4500000e+02		2.4450000e+02		1.5641720e+01		2.3803758e-33		5.4493432e-32		4.1229318e-33		4.1229318e-33		2.0325609e-151
2.4500000e+02		2.4600000e+02		2.4550000e+02		1.2691134e+01		1.4721392e-28		2.2338196e-27		2.5498198e-28		2.5498198e-28		1.0026063e-148
2.4600000e+02		2.4700000e+02		2.4650000e+02		1.2350906e+01		2.1280047e-24		2.2832717e-23		3.6858122e-24		3.6858122e-24		4.9805420e-146
2.4700000e+02		2.4800000e+02		2.4750000e+02		1.3639226e+01		1.0664248e-20		8.4697506e-20		1.8471019e-20		1.8471019e-20		4.7688766e-144
2.4800000e+02		2.4900000e+02		2.4850000e+02		1.0938846e+01		1.2918163e-17		7.9309406e-17		2.2374915e-17		2.2374915e-17		1.6576758e-142
2.4900000e+02		2.5000000e+02		2.4950000e+02		1.3333262e+01		7.6495828e-15		3.7953538e-14		1.3249466e-14		1.3249466e-14		7.7898046e-141
2.5000000e+02		2.5100000e+02		2.5050000e+02		1.4401571e+01		1.4344814e-12		5.9858056e-12		2.4845946e-12		2.4845946e-12		1.9213964e-139
2.5100000e+02		2.5200000e+02		2.5150000e+02		1.2007424e+01		7.9247763e-11		2.8842695e-10		1.3726115e-10		1.3726115e-10		1.9236273e-138
2.5200000e+02		2.5300000e+02		2.5250000e+02		1.0794009e+01		2.4354502e-09		7.9312308e-09		4.2183235e-09		4.2183235e-09		1.0855123e-137
2.5300000e+02		2.5400000e+02		2.5350000e+02		1.3602371e+01		5.9818826e-08		1.7813583e-07		1.0360925e-07		1.0360925e-07		8.6312955e-137
2.5400000e+02		2.5500000e+02		2.5450000e+02		1.5384114e+01		8.1308525e-07		2.2543099e-06		1.4083050e-06		1.4083050e-06		3.1905737e-136
2.5500000e+02		2.5600000e+02		2.5550000e+02		2.0992062e+01		9.0601008e-06		2.3726000e-05		1.5692555e-05		1.5692555e-05		1.7610637e-135
2.5600000e+02		2.5700000e+02		2.5650000e+02		2.7040612e+01		6.9999101e-05		1.7507941e-04		1.2124200e-04		1.2124200e-04		9.0392661e-135
2.5700000e+02		2.5800000e+02		2.5750000e+02		3.3946512e+01		3.9982011e-04		9.6402462e-04		6.9250875e-04		6.9250875e-04		2.9515859e-134
2.5800000e+02		2.5900000e+02		2.5850000e+02		3.5732434e+01		1.5401861e-03		3.6052511e-03		2.6676806e-03		2.6676806e-03		4.2450921e-134
2.5900000e+02		2.6000000e+02		2.5950000e+02		3.0409976e+01		4.6824530e-05		1.1864315e-04		8.1102465e-05		8.1102465e-05		1.3698924e-134
2.6000000e+02		2.6100000e+02		2.6050000e+02		2.4915606e+01		2.3084445e-06		6.3026808e-06		3.9983431e-06		3.9983431e-06		4.6266974e-135
2.6100000e+02		2.6200000e+02		2.6150000e+02		2.5442742e+01		4.2364617e-06		1.1380600e-05		7.3377669e-06		7.3377669e-06		4.8528876e-135
2.6200000e+02		2.6300000e+02		2.6250000e+02		3.0366547e+01		1.1881044e-05		3.1190935e-05		2.0578571e-05		2.0578571e-05		9.9373783e-135
2.6300000e+02		2.6400000e+02		2.6350000e+02		4.5700096e+01		1.4731492e-05		3.8876427e-05		2.5515693e-05		2.5515693e-05		1.9753320e-134
2.6400000e+02		2.6500000e+02		2.6450000e+02		7.1249372e+01		1.4405081e-04		3.6245589e-04		2.4950332e-04		2.4950332e-04		1.1183269e-133
2.6500000e+02		2.6600000e+02		2.6550000e+02		7.4731454e+01		1.9252190e-04		4.8144334e-04		3.3345771e-04		3.3345771e-04		1.2480319e-133
2.6600000e+02		2.6700000e+02		2.6650000e+02		7.2446611e+01		1.8468224e-04		4.6201590e-04		3.1987902e-04		3.1987902e-04		2.4727391e-133
2.6700000e+02		2.6800000e+02		2.6750000e+02		7.2937204e+01		5.2449631e-04		1.2790099e-03		9.0845426e-04		9.0845426e-04		3.2391247e-133
2.6800000e+02		2.6900000e+02		2.6850000e+02		7.2239021e+01		1.1960789e-03		2.8596802e-03		2.0716694e-03		2.0716694e-03		4.8834924e-133
2.6900000e+02		2.7000000e+02		2.6950000e+02		6.7758000e+01		8.1801007e-04		1.9703820e-03		1.4168350e-03		1.4168350e-03		8.6614565e-133
2.7000000e+02		2.7100000e+02		2.7050000e+02		7.8281462e+01		1.2581102e-03		3.0105034e-03		2.1791108e-03		2.1791108e-03		1.9363322e-132
2.7100000e+02		2.7200000e+02		2.7150000e+02		6.5051220e+01		6.1608590e-04		1.4923103e-03		1.0670921e-03		1.0670921e-03		6.5827266e-133
2.7200000e+02		2.7300000e+02		2.7250000e+02		5.2331568e+01		1.6628331e-03		3.9169327e-03		2.8801114e-03		2.8801114e-03		1.8596405e-132
2.7300000e+02		2.7400000e+02		2.7350000e+02		5.5800645e+01		2.0926278e-03		4.9101152e-03		3.6245377e-03		3.6245377e-03		2.2011721e-132
2.7400000e+02		2.7500000e+02		2.7450000e+02		3.8398649e+01		1.6580088e-03		3.8784421e-03		2.8717555e-03		2.8717555e-03		1.7221300e-132
2.7500000e+02		2.7600000e+02		2.7550000e+02		5.1208696e+01		1.0074227e-03		2.3986246e-03		1.7449074e-03		1.7449074e-03		1.6055057e-132
2.7600000e+02		2.7700000e+02		2.7650000e+02		7.1318275e+01		1.9543724e-03		4.6182527e-03		3.3850723e-03		3.3850723e-03		4.3114020e-132
2.7700000e+02		2.7800000e+02		2.7750000e+02		6.8188493e+01		4.2091572e-03		9.7669305e-03		7.2904741e-03		7.2904741e-03		3.2169297e-132
2.7800000e+02		2.7900000e+02		2.7850000e+02		4.7024496e+01		3.3980948e-03		7.8577735e-03		5.8856728e-03		5.8856728e-03		2.5562596e-132
2.7900000e+02		2.8000000e+02		2.7950000e+02		2.6422560e+01		1.2205174e-03		2.8500888e-03		2.1139981e-03		2.1139981e-03		1.8892475e-132
2.8000000e+02		2.8100000e+02		2.8050000e+02		2.8982131e+01		8.6474151e-04		2.0391575e-03		1.4977762e-03		1.4977762e-03		2.5790035e-132
2.8100000e+02		2.8200000e+02		2.8150000e+02		6.0033324e+01		2.6842350e-03		6.2726972e-03		4.6492315e-03		4.6492315e-03		8.7345571e-132
2.8200000e+02		2.8300000e+02		2.8250000e+02		8.1733762e+01		4.7401986e-03		1.1013499e-02		8.2102649e-03		8.2102649e-03		1.7130042e-131
2.8300000e+02		2.8400000e+02		2.8350000e+02		8.4433091e+01		5.7363312e-03		1.3282331e-02		9.9356170e-03		9.9356170e-03		2.6916605e-131
2.8400000e+02		2.8500000e+02		2.8450000e+02		6.2255376e+01		6.4044466e-03		1.4696393e-02		1.1092827e-02		1.1092827e-02		1.5279912e-131
2.8500000e+02		2.8600000e+02		2.8550000e+02		4.0018063e+01		3.6028788e-03		8.2905084e-03		6.2403691e-03		6.2403691e-03		9.1456801e-132
2.8600000e+02		2.8700000e+02		2.8650000e+02		8.2001717e+01		9.6555569e-03		2.2093408e-02		1.6723915e-02		1.6723915e-02		3.7795762e-131
2.8700000e+02		2.8800000e+02		2.8750000e+02		9.5189148e+01		8.7022569e-03		2.0016839e-02		1.5072751e-02		1.5072751e-02		2.9537787e-131
2.8800000e+02		2.8900000e+02		2.8850000e+02		9.0460934e+01		7.8303481e-03		1.8033041e-02		1.3562561e-02		1.3562561e-02		4.6279798e-131
2.8900000e+02		2.9000000e+02		2.8950000e+02		1.3728321e+02		7.6140841e-03		1.7701690e-02		1.3187981e-02		1.3187981e-02		3.1318862e-131
2.9000000e+02		2.9100000e+02		2.9050000e+02		1.8023325e+02		6.6677717e-03		1.5642167e-02		1.1548919e-02		1.1548919e-02		5.0902905e-131
2.9100000e+02		2.9200000e+02		2.9150000e+02		1.7359450e+02		6.9777522e-03		1.6339611e-02		1.2085821e-02		1.2085821e-02		8.0150063e-131
2.9200000e+02		2.9300000e+02		2.9250000e+02		1.5421676e+02		1.0070446e-02		2.3331350e-02		1.7442523e-02		1.7442523e-02		1.3516623e-130
2.9300000e+02		2.9400000e+02		2.9350000e+02		1.6099986e+02		2.1978336e-02		5.0122322e-02		3.8067594e-02		3.8067594e-02		1.8031025e-130
2.9400000e+02		2.9500000e+02		2.9450000e+02		1.4991794e+02		4.5914144e-03		1.0816985e-02		7.9525630e-03		7.9525630e-03		9.8948147e-131
2.9500000e+02		2.9600000e+02		2.9550000e+02		1.6232431e+02		1.6750472e-02		3.8420837e-02		2.9012669e-02		2.9012669e-02		1.6023296e-130
2.9600000e+02		2.9700000e+02		2.9650000e+02		1.4851381e+02		3.4498552e-02		7.7812313e-02		5.9753246e-02		5.9753246e-02		2.4861941e-130
2.9700000e+02		2.9800000e+02		2.9750000e+02		1.5140866e+02		2.0800938e-02		4.7425134e-02		3.6028281e-02		3.6028281e-02		3.1038971e-130
2.9800000e+02		2.9900000e+02		2.9850000e+02		1.3012850e+02		1.3155385e-02		3.0183525e-02		2.2785795e-02		2.2785795e-02		1.1905681e-130
2.9900000e+02		3.0000000e+02		2.9950000e+02		1.4682541e+02		1.1542938e-02		2.6631593e-02		1.9992955e-02		1.9992955e-02		3.9025573e-130
3.0000000e+02		3.0100000e+02		3.0050000e+02		1.1681452e+02		1.4908966e-02		3.4038899e-02		2.5823086e-02		2.5823086e-02		1.9701758e-130
3.0100000e+02		3.0200000e+02		3.0150000e+02		1.3434477e+02		1.4771895e-02		3.3829762e-02		2.5585672e-02		2.5585672e-02		3.3070494e-130
3.0200000e+02		3.0300000e+02		3.0250000e+02		1.4142283e+02		2.1610806e-02		4.9155282e-02		3.7431015e-02		3.7431015e-02		4.4409685e-130
3.0300000e+02		3.0400000e+02		3.0350000e+02		1.8342160e+02		1.2780227e-02		2.9558639e-02		2.2136003e-02		2.2136003e-02		5.0157632e-130
3.0400000e+02		3.0500000e+02		3.0450000e+02		1.7556728e+02		3.5391774e-02		8.0038235e-02		6.1300351e-02		6.1300351e-02		7.2800133e-130
3.0500000e+02		3.0600000e+02		3.0550000e+02		1.7728071e+02		4.9671171e-02		1.1158663e-01		8.6032992e-02		8.6032992e-02		9.8721089e-130
3.0600000e+02		3.0700000e+02		3.0650000e+02		1.6814926e+02		6.6058015e-02		1.4741247e-01		1.1441584e-01		1.1441584e-01		1.1833932e-129
3.0700000e+02		3.0800000e+02		3.0750000e+02		1.8878816e+02		2.6882691e-02		6.1227602e-02		4.6562186e-02		4.6562186e-02		8.8872573e-130
3.0800000e+02		3.0900000e+02		3.0850000e+02		1.8529086e+02		3.4828289e-02		7.8873418e-02		6.0324365e-02		6.0324365e-02		1.6438511e-129
3.0900000e+02		3.1000000e+02		3.0950000e+02		1.5026991e+02		5.3355513e-02		1.1928153e-01		9.2414459e-02		9.2414459e-02		7.9465259e-130
3.1000000e+02		3.1100000e+02		3.1050000e+02		1.8913229e+02		3.9623816e-02		8.9524413e-02		6.8630462e-02		6.8630462e-02		1.3019150e-129
3.1100000e+02		3.1200000e+02		3.1150000e+02		2.2495083e+02		6.6252294e-02		1.4866370e-01		1.1475234e-01		1.1475234e-01		2.2584872e-129
3.1200000e+02		3.1300000e+02		3.1250000e+02		2.0030306e+02		2.5163113e-02		5.7455909e-02		4.3583791e-02		4.3583791e-02		1.6530151e-129
3.1300000e+02		3.1400000e+02		3.1350000e+02		2.1331645e+02		9.3196429e-02		2.0749826e-01		1.6142095e-01		1.6142095e-01		2.5349285e-129
3.1400000e+02		3.1500000e+02		3.1450000e+02		2.0119548e+02		4.7599264e-02		1.0726794e-01		8.2444344e-02		8.2444344e-02		2.5234869e-129
3.1500000e+02		3.1600000e+02		3.1550000e+02		1.9522773e+02		2.5115582e-02		5.7314119e-02		4.3501463e-02		4.3501463e-02		1.7871828e-129
3.1600000e+02		3.1700000e+02		3.1650000e+02		1.9043254e+02		1.4334324e-02		3.3088177e-02		2.4827777e-02		2.4827777e-02		1.6054690e-129
3.1700000e+02		3.1800000e+02		3.1750000e+02		2.4155434e+02		3.0698902e-02		7.0076505e-02		5.3172059e-02		5.3172059e-02		4.0794891e-129
3.1800000e+02		3.1900000e+02		3.1850000e+02		1.9952276e+02		2.0747042e-02		4.7552850e-02		3.5934931e-02		3.5934931e-02		2.0215512e-129
3.1900000e+02		3.2000000e+02		3.1950000e+02		2.1430874e+02		1.5573875e-02		3.5977352e-02		2.6974743e-02		2.6974743e-02		3.1726655e-129
3.2000000e+02		3.2100000e+02		3.2050000e+02		2.4621307e+02		3.8279746e-02		8.7004241e-02		6.6302465e-02		6.6302465e-02		4.3650314e-129
3.2100000e+02		3.2200000e+02		3.2150000e+02		2.0677326e+02		2.1249435e-03		5.1329883e-03		3.6805101e-03		3.6805101e-03		8.8392979e-130
3.2200000e+02		3.2300000e+02		3.2250000e+02		2.0765168e+02		3.8504225e-02		8.7189524e-02		6.6691275e-02		6.6691275e-02		3.7706532e-129
3.2300000e+02		3.2400000e+02		3.2350000e+02		2.0066974e+02		1.7054276e-02		3.9256812e-02		2.9538873e-02		2.9538873e-02		2.4177104e-129
3.2400000e+02		3.2500000e+02		3.2450000e+02		2.3629853e+02		2.0243373e-02		4.6586342e-02		3.5062551e-02		3.5062551e-02		2.3641564e-129
3.2500000e+02		3.2600000e+02		3.2550000e+02		2.7209498e+02		1.6641783e-04		4.3156658e-04		2.8824414e-04		2.8824414e-04		1.8113984e-130
3.2600000e+02		3.2700000e+02		3.2650000e+02		3.0699214e+02		4.6584502e-02		1.0591178e-01		8.0686725e-02		8.0686725e-02		5.4884789e-129
3.2700000e+02		3.2800000e+02		3.2750000e+02		2.9701525e+02		3.1327327e-02		7.1771663e-02		5.4260522e-02		5.4260522e-02		4.5645956e-129
3.2800000e+02		3.2900000e+02		3.2850000e+02		2.8673370e+02		2.0968559e-02		4.8419174e-02		3.6318610e-02		3.6318610e-02		3.9173733e-129
3.2900000e+02		3.3000000e+02		3.2950000e+02		3.3379807e+02		8.5957674e-03		2.0320868e-02		1.4888306e-02		1.4888306e-02		5.7494167e-129
3.3000000e+02		3.3100000e+02		3.3050000e+02		3.1443449e+02		8.1412894e-04		2.0344288e-03		1.4101127e-03		1.4101127e-03		1.3492362e-129
3.3100000e+02		3.3200000e+02		3.3150000e+02		3.0087994e+02		1.6563931e-01		3.6702464e-01		2.8689570e-01		2.8689570e-01		2.2623048e-128
3.3200000e+02		3.3300000e+02		3.3250000e+02		2.9519831e+02		9.5215913e-02		2.1316115e-01		1.6491880e-01		1.6491880e-01		1.1151668e-128
3.3300000e+02		3.3400000e+02		3.3350000e+02		2.8364288e+02		5.8712593e-02		1.3263518e-01		1.0169319e-01		1.0169319e-01		2.0707380e-128
3.3400000e+02		3.3500000e+02		3.3450000e+02		2.9883003e+02		3.2941103e-02		7.5399037e-02		5.7055664e-02		5.7055664e-02		1.4491702e-128
3.3500000e+02		3.3600000e+02		3.3550000e+02		2.9511053e+02		3.4900572e-02		7.9758952e-02		6.0449563e-02		6.0449563e-02		1.1827086e-128
3.3600000e+02		3.3700000e+02		3.3650000e+02		2.4313126e+02		2.6692605e-02		6.1097605e-02		4.6232947e-02		4.6232947e-02		1.0774308e-128
3.3700000e+02		3.3800000e+02		3.3750000e+02		2.5649874e+02		4.1175189e-02		9.3488105e-02		7.1317519e-02		7.1317519e-02		9.3134607e-129
3.3800000e+02		3.3900000e+02		3.3850000e+02		2.7748673e+02		8.9699176e-02		2.0077647e-01		1.5536353e-01		1.5536353e-01		1.2853849e-128
3.3900000e+02		3.4000000e+02		3.3950000e+02		2.9040264e+02		5.0774758e-02		1.1508370e-01		8.7944461e-02		8.7944461e-02		1.8355962e-128
3.4000000e+02		3.4100000e+02		3.4050000e+02		3.0654056e+02		1.8620553e-02		4.3165537e-02		3.2251744e-02		3.2251744e-02		7.4945744e-129
3.4100000e+02		3.4200000e+02		3.4150000e+02		2.7979685e+02		1.4376242e-04		3.7463136e-04		2.4900382e-04		2.4900382e-04		6.8096963e-130
3.4200000e+02		3.4300000e+02		3.4250000e+02		3.0344565e+02		1.3110698e-02		3.0628440e-02		2.2708395e-02		2.2708395e-02		1.6123015e-128
3.4300000e+02		3.4400000e+02		3.4350000e+02		2.9822260e+02		1.1550893e-03		2.8577065e-03		2.0006734e-03		2.0006734e-03		6.1664224e-129
3.4400000e+02		3.4500000e+02		3.4450000e+02		2.3986676e+02		1.0156192e-02		2.3734692e-02		1.7591040e-02		1.7591040e-02		1.2651146e-128
3.4500000e+02		3.4600000e+02		3.4550000e+02		2.8907088e+02		4.2463879e-03		1.0168977e-02		7.3549596e-03		7.3549596e-03		7.3800504e-129
3.4600000e+02		3.4700000e+02		3.4650000e+02		2.8069735e+02		2.3399097e-03		5.6806923e-03		4.0528425e-03		4.0528425e-03		9.8349006e-129
3.4700000e+02		3.4800000e+02		3.4750000e+02		2.7782009e+02		6.2971599e-04		1.5788635e-03		1.0907001e-03		1.0907001e-03		3.1461435e-129
3.4800000e+02		3.4900000e+02		3.4850000e+02		2.8744416e+02		1.6104285e-01		3.5660443e-01		2.7893440e-01		2.7893440e-01		4.9496577e-128
3.4900000e+02		3.5000000e+02		3.4950000e+02		2.7550877e+02		1.8627281e-01		4.1099037e-01		3.2263398e-01		3.2263398e-01		4.1269746e-128
3.5000000e+02		3.5100000e+02		3.5050000e+02		3.3002358e+02		4.7573362e-02		1.0823880e-01		8.2399480e-02		8.2399480e-02		2.1796209e-128
3.5100000e+02		3.5200000e+02		3.5150000e+02		3.0660572e+02		6.1151712e-02		1.3821364e-01		1.0591787e-01		1.0591787e-01		5.4157520e-128
3.5200000e+02		3.5300000e+02		3.5250000e+02		2.8324198e+02		4.3882712e-02		9.9689875e-02		7.6007087e-02		7.6007087e-02		2.5659556e-128
3.5300000e+02		3.5400000e+02		3.5350000e+02		3.2405327e+02		2.9665310e-01		6.5080456e-01		5.1381824e-01		5.1381824e-01		4.4024653e-128
3.5400000e+02		3.5500000e+02		3.5450000e+02		3.4586270e+02		1.8716110e-01		4.1466273e-01		3.2417253e-01		3.2417253e-01		6.7560443e-128
3.5500000e+02		3.5600000e+02		3.5550000e+02		3.2478382e+02		1.6634298e-01		3.6891979e-01		2.8811449e-01		2.8811449e-01		5.4179728e-128
3.5600000e+02		3.5700000e+02		3.5650000e+02		2.8234357e+02		6.8367374e-02		1.5384776e-01		1.1841577e-01		1.1841577e-01		7.9841092e-129
3.5700000e+02		3.5800000e+02		3.5750000e+02		2.4674321e+02		2.6106531e-02		5.9784427e-02		4.5217839e-02		4.5217839e-02		2.0356994e-128
3.5800000e+02		3.5900000e+02		3.5850000e+02		2.1181106e+02		5.4730082e-02		1.2303194e-01		9.4795283e-02		9.4795283e-02		4.5707810e-128
3.5900000e+02		3.6000000e+02		3.5950000e+02		3.0582840e+02		2.5651171e-02		5.9028990e-02		4.4429132e-02		4.4429132e-02		1.3997366e-128
3.6000000e+02		3.6100000e+02		3.6050000e+02		3.0178862e+02		4.4508035e-02		1.0120632e-01		7.7090177e-02		7.7090177e-02		3.6424049e-128
3.6100000e+02		3.6200000e+02		3.6150000e+02		2.8033735e+02		1.3006718e-03		3.2026058e-03		2.2528297e-03		2.2528297e-03		7.0124807e-129
3.6200000e+02		3.6300000e+02		3.6250000e+02		3.1645921e+02		4.0645619e-05		1.1001915e-04		7.0400278e-05		7.0400278e-05		1.8395164e-129
3.6300000e+02		3.6400000e+02		3.6350000e+02		3.0810145e+02		2.3837399e-04		6.1448422e-04		4.1287586e-04		4.1287586e-04		3.1050401e-129
3.6400000e+02		3.6500000e+02		3.6450000e+02		3.2221950e+02		1.4491124e-08		4.9796868e-08		2.5099363e-08		2.5099363e-08		2.8249974e-131
3.6500000e+02		3.6600000e+02		3.6550000e+02		3.6674574e+02		6.5557842e-07		2.0098634e-06		1.1354951e-06		1.1354951e-06		3.5287809e-130
3.6600000e+02		3.6700000e+02		3.6650000e+02		3.9198946e+02		6.0389223e-11		2.4979403e-10		1.0459720e-10		1.0459720e-10		2.2326172e-132
3.6700000e+02		3.6800000e+02		3.6750000e+02		3.7850004e+02		1.1901077e-10		4.8050858e-10		2.0613271e-10		2.0613271e-10		1.5042105e-132
3.6800000e+02		3.6900000e+02		3.6850000e+02		3.4895620e+02		6.2637045e-19		4.8822200e-18		1.0849054e-18		1.0849054e-18		1.3413994e-136
3.6900000e+02		3.7000000e+02		3.6950000e+02		3.8736224e+02		7.7401895e-16		4.7046313e-15		1.3406402e-15		1.3406402e-15		1.8845293e-135
3.7000000e+02		3.7100000e+02		3.7050000e+02		3.6351013e+02		3.5016712e+00		7.4034019e+00		6.0650725e+00		6.0650725e+00		5.7390659e-127
3.7100000e+02		3.7200000e+02		3.7150000e+02		3.7529261e+02		4.5461990e+00		9.5846555e+00		7.8742477e+00		7.8742477e+00		2.8850861e-127
3.7200000e+02		3.7300000e+02		3.7250000e+02		3.1177186e+02		3.7640602e+00		7.9355275e+00		6.5195435e+00		6.5195435e+00		7.8868878e-128
3.7300000e+02		3.7400000e+02		3.7350000e+02		2.7192112e+02		3.2862417e+00		6.9280348e+00		5.6919377e+00		5.6919377e+00		9.9387567e-128
3.7400000e+02		3.7500000e+02		3.7450000e+02		2.7832167e+02		3.3789150e+00		7.1232675e+00		5.8524525e+00		5.8524525e+00		4.7756663e-127
3.7500000e+02		3.7600000e+02		3.7550000e+02		3.1876744e+02		3.8657413e+00		8.1494127e+00		6.6956603e+00		6.6956603e+00		2.6843331e-127
3.7600000e+02		3.7700000e+02		3.7650000e+02		3.3048657e+02		4.0030308e+00		8.4386723e+00		6.9334528e+00		6.9334528e+00		1.9413581e-127
3.7700000e+02		3.7800000e+02		3.7750000e+02		3.8770864e+02		4.7031163e+00		9.9143144e+00		8.1460364e+00		8.1460364e+00		3.8930740e-127
3.7800000e+02		3.7900000e+02		3.7850000e+02		4.0380398e+02		4.8986965e+00		1.0326411e+01		8.4847912e+00		8.4847912e+00		4.2525708e-127
3.7900000e+02		3.8000000e+02		3.7950000e+02		3.2744385e+02		3.9628767e+00		8.3535566e+00		6.8639037e+00		6.8639037e+00		1.6400038e-127
3.8000000e+02		3.8100000e+02		3.8050000e+02		3.5656330e+02		4.3193671e+00		9.1048563e+00		7.4813633e+00		7.4813633e+00		2.1117056e-127
3.8100000e+02		3.8200000e+02		3.8150000e+02		3.2019140e+02		3.9146639e+00		8.2516287e+00		6.7803968e+00		6.7803968e+00		2.1711468e-126
3.8200000e+02		3.8300000e+02		3.8250000e+02		2.2964197e+02		2.7788780e+00		5.8574286e+00		4.8131579e+00		4.8131579e+00		9.7681689e-128
3.8300000e+02		3.8400000e+02		3.8350000e+02		2.0267593e+02		2.4481277e+00		5.1601702e+00		4.2402816e+00		4.2402816e+00		2.3635425e-127
3.8400000e+02		3.8500000e+02		3.8450000e+02		2.7111947e+02		3.2950916e+00		6.9452834e+00		5.7072660e+00		5.7072660e+00		3.5912730e-127
3.8500000e+02		3.8600000e+02		3.8550000e+02		2.8715912e+02		3.4766787e+00		7.3279024e+00		6.0217841e+00		6.0217841e+00		1.3816574e-127
3.8600000e+02		3.8700000e+02		3.8650000e+02		2.8837692e+02		3.5103325e+00		7.3987118e+00		6.0800743e+00		6.0800743e+00		7.0547160e-127
3.8700000e+02		3.8800000e+02		3.8750000e+02		2.8805300e+02		3.4976255e+00		7.3718076e+00		6.0580650e+00		6.0580650e+00		3.3544613e-127
3.8800000e+02		3.8900000e+02		3.8850000e+02		2.9209390e+02		3.5414531e+00		7.4640598e+00		6.1339767e+00		6.1339767e+00		2.0839680e-127
3.8900000e+02		3.9000000e+02		3.8950000e+02		3.5069332e+02		4.2443811e+00		8.9454255e+00		7.3514837e+00		7.3514837e+00		3.3703281e-127
3.9000000e+02		3.9100000e+02		3.9050000e+02		3.6838836e+02		4.4937285e+00		9.4707982e+00		7.7833661e+00		7.7833661e+00		1.4322455e-126
3.9100000e+02		3.9200000e+02		3.9150000e+02		3.9613874e+02		4.8084456e+00		1.0133925e+01		8.3284722e+00		8.3284722e+00		4.4915789e-127
3.9200000e+02		3.9300000e+02		3.9250000e+02		3.0403432e+02		3.6804893e+00		7.7566074e+00		6.3747944e+00		6.3747944e+00		1.6569614e-127
3.9300000e+02		3.9400000e+02		3.9350000e+02		1.8639471e+02		2.2602935e+00		4.7634814e+00		3.9149432e+00		3.9149432e+00		1.6149444e-127
3.9400000e+02		3.9500000e+02		3.9450000e+02		3.0813115e+02		3.7181183e+00		7.8356732e+00		6.4399698e+00		6.4399698e+00		6.2032425e-128
3.9500000e+02		3.9600000e+02		3.9550000e+02		3.7840801e+02		4.6222431e+00		9.7409082e+00		8.0059599e+00		8.0059599e+00		2.2023417e-126
3.9600000e+02		3.9700000e+02		3.9650000e+02		2.6140326e+02		3.1747797e+00		6.6904427e+00		5.4988797e+00		5.4988797e+00		4.3729670e-127
3.9700000e+02		3.9800000e+02		3.9750000e+02		2.9300657e+02		3.5584018e+00		7.4987728e+00		6.1633327e+00		6.1633327e+00		3.3753224e-127
3.9800000e+02		3.9900000e+02		3.9850000e+02		4.5124719e+02		5.4773585e+00		1.1542540e+01		9.4870632e+00		9.4870632e+00		6.3715817e-127
3.9900000e+02		4.0000000e+02		3.9950000e+02		4.9846141e+02		6.0406942e+00		1.2729523e+01		1.0462789e+01		1.0462789e+01		3.6664424e-127
4.0000000e+02		4.0100000e+02		4.0050000e+02		5.1407199e+02		6.2443917e+00		1.3158508e+01		1.0815604e+01		1.0815604e+01		6.9148048e-127
4.0100000e+02		4.0200000e+02		4.0150000e+02		5.3860814e+02		6.5415264e+00		1.3784431e+01		1.1330256e+01		1.1330256e+01		5.9752882e-127
4.0200000e+02		4.0300000e+02		4.0250000e+02		5.4526519e+02		6.5830597e+00		1.3871763e+01		1.1402194e+01		1.1402194e+01		1.3235703e-127
4.0300000e+02		4.0400000e+02		4.0350000e+02		5.2165796e+02		6.3333504e+00		1.3345399e+01		1.0969685e+01		1.0969685e+01		1.3756265e-126
4.0400000e+02		4.0500000e+02		4.0450000e+02		5.1300620e+02		6.2578261e+00		1.3186084e+01		1.0838873e+01		1.0838873e+01		1.9721591e-126
4.0500000e+02		4.0600000e+02		4.0550000e+02		5.1256585e+02		6.1984351e+00		1.3060769e+01		1.0736005e+01		1.0736005e+01		2.1253020e-127
4.0600000e+02		4.0700000e+02		4.0650000e+02		4.9035274e+02		5.9048212e+00		1.2441933e+01		1.0227450e+01		1.0227450e+01		5.8680078e-128
4.0700000e+02		4.0800000e+02		4.0750000e+02		4.9838294e+02		6.0256217e+00		1.2696308e+01		1.0436683e+01		1.0436683e+01		1.7248591e-127
4.0800000e+02		4.0900000e+02		4.0850000e+02		5.2990289e+02		6.4451066e+00		1.3580015e+01		1.1163252e+01		1.1163252e+01		9.5343814e-127
4.0900000e+02		4.1000000e+02		4.0950000e+02		5.2713439e+02		6.3836459e+00		1.3450349e+01		1.1056799e+01		1.1056799e+01		4.1902344e-127
4.1000000e+02		4.1100000e+02		4.1050000e+02		4.8293937e+02		5.8622459e+00		1.2351608e+01		1.0153708e+01		1.0153708e+01		4.5342994e-127
4.1100000e+02		4.1200000e+02		4.1150000e+02		5.5986852e+02		6.7982307e+00		1.4323532e+01		1.1774881e+01		1.1774881e+01		5.8314340e-127
4.1200000e+02		4.1300000e+02		4.1250000e+02		5.4940473e+02		6.6659964e+00		1.4044754e+01		1.1545844e+01		1.1545844e+01		5.0910401e-127
4.1300000e+02		4.1400000e+02		4.1350000e+02		5.2995399e+02		6.4189185e+00		1.3524020e+01		1.1117893e+01		1.1117893e+01		3.1563318e-127
4.1400000e+02		4.1500000e+02		4.1450000e+02		5.3771640e+02		6.5286818e+00		1.3755120e+01		1.1308009e+01		1.1308009e+01		6.2200035e-127
4.1500000e+02		4.1600000e+02		4.1550000e+02		5.3722776e+02		6.4553460e+00		1.3600455e+01		1.1180987e+01		1.1180987e+01		3.7749902e-128
4.1600000e+02		4.1700000e+02		4.1650000e+02		5.5745703e+02		6.7553764e+00		1.4232414e+01		1.1700655e+01		1.1700655e+01		4.2040409e-127
4.1700000e+02		4.1800000e+02		4.1750000e+02		5.0725322e+02		6.1768413e+00		1.3013396e+01		1.0698603e+01		1.0698603e+01		1.3405526e-126
4.1800000e+02		4.1900000e+02		4.1850000e+02		5.2601513e+02		6.3972485e+00		1.3477616e+01		1.1080359e+01		1.1080359e+01		9.3145016e-127
4.1900000e+02		4.2000000e+02		4.1950000e+02		5.3123875e+02		6.4351047e+00		1.3557208e+01		1.1145928e+01		1.1145928e+01		2.7674538e-127
4.2000000e+02		4.2100000e+02		4.2050000e+02		5.3797708e+02		6.4241958e+00		1.3534079e+01		1.1127034e+01		1.1127034e+01		6.2503814e-127
4.2100000e+02		4.2200000e+02		4.2150000e+02		5.2958361e+02		6.4047170e+00		1.3492898e+01		1.1093295e+01		1.1093295e+01		3.3220450e-127
4.2200000e+02		4.2300000e+02		4.2250000e+02		5.0190537e+02		6.0704192e+00		1.2788494e+01		1.0514275e+01		1.0514275e+01		8.9803732e-127
4.2300000e+02		4.2400000e+02		4.2350000e+02		5.3474862e+02		6.4939104e+00		1.3680517e+01		1.1247783e+01		1.1247783e+01		6.1986302e-127
4.2400000e+02		4.2500000e+02		4.2450000e+02		5.5328403e+02		6.7232116e+00		1.4163434e+01		1.1644944e+01		1.1644944e+01		7.3209689e-127
4.2500000e+02		4.2600000e+02		4.2550000e+02		5.3248014e+02		6.4581013e+00		1.3604802e+01		1.1185760e+01		1.1185760e+01		6.1658349e-127
4.2600000e+02		4.2700000e+02		4.2650000e+02		5.3029841e+02		6.4068638e+00		1.3496729e+01		1.1097014e+01		1.1097014e+01		3.0091764e-127
4.2700000e+02		4.2800000e+02		4.2750000e+02		4.9171747e+02		5.9479610e+00		1.2529878e+01		1.0302171e+01		1.0302171e+01		2.5189805e-127
4.2800000e+02		4.2900000e+02		4.2850000e+02		4.9494538e+02		6.0127470e+00		1.2666231e+01		1.0414383e+01		1.0414383e+01		5.6101111e-127
4.2900000e+02		4.3000000e+02		4.2950000e+02		4.6063718e+02		5.5875707e+00		1.1770457e+01		9.6779564e+00		9.6779564e+00		3.9800474e-127
4.3000000e+02		4.3100000e+02		4.3050000e+02		3.7055843e+02		4.4652759e+00		9.4062052e+00		7.7340848e+00		7.7340848e+00		9.5193817e-128
4.3100000e+02		4.3200000e+02		4.3150000e+02		4.5818753e+02		5.5671896e+00		1.1727301e+01		9.6426553e+00		9.6426553e+00		6.1220516e-127
4.3200000e+02		4.3300000e+02		4.3250000e+02		5.1625369e+02		6.3231638e+00		1.3319639e+01		1.0952041e+01		1.0952041e+01		5.2564497e-126
4.3300000e+02		4.3400000e+02		4.3350000e+02		5.6047485e+02		6.7397442e+00		1.4197028e+01		1.1673579e+01		1.1673579e+01		4.7708328e-128
4.3400000e+02		4.3500000e+02		4.3450000e+02		4.7595241e+02		5.8621121e+00		1.2348215e+01		1.0153476e+01		1.0153476e+01		2.7662254e-125
4.3500000e+02		4.3600000e+02		4.3550000e+02		5.3162725e+02		6.4168996e+00		1.3516723e+01		1.1114396e+01		1.1114396e+01		9.8689363e-128
4.3600000e+02		4.3700000e+02		4.3650000e+02		5.9481241e+02		7.1611202e+00		1.5084234e+01		1.2403424e+01		1.2403424e+01		7.3834382e-128
4.3700000e+02		4.3800000e+02		4.3750000e+02		5.2629983e+02		6.4162403e+00		1.3515096e+01		1.1113254e+01		1.1113254e+01		2.6230458e-126
4.3800000e+02		4.3900000e+02		4.3850000e+02		5.1257868e+02		6.1852044e+00		1.3028331e+01		1.0713088e+01		1.0713088e+01		1.8835139e-127
4.3900000e+02		4.4000000e+02		4.3950000e+02		5.7051902e+02		6.9413651e+00		1.4620962e+01		1.2022797e+01		1.2022797e+01		1.2164168e-126
4.4000000e+02		4.4100000e+02		4.4050000e+02		5.4089681e+02		6.5429866e+00		1.3781725e+01		1.1332785e+01		1.1332785e+01		3.4147385e-127
4.4100000e+02		4.4200000e+02		4.4150000e+02		5.9491633e+02		7.1947336e+00		1.5154508e+01		1.2461644e+01		1.2461644e+01		2.6581606e-127
4.4200000e+02		4.4300000e+02		4.4250000e+02		6.2544254e+02		7.5633117e+00		1.5930805e+01		1.3100040e+01		1.3100040e+01		3.0634039e-127
4.4300000e+02		4.4400000e+02		4.4350000e+02		6.0497206e+02		7.3112555e+00		1.5399756e+01		1.2663466e+01		1.2663466e+01		2.1109905e-127
4.4400000e+02		4.4500000e+02		4.4450000e+02		6.2324411e+02		7.5272950e+00		1.5854813e+01		1.3037657e+01		1.3037657e+01		3.1009583e-127
4.4500000e+02		4.4600000e+02		4.4550000e+02		5.7783999e+02		6.9986312e+00		1.4741135e+01		1.2121985e+01		1.2121985e+01		4.2893584e-127
4.4600000e+02		4.4700000e+02		4.4650000e+02		5.8940025e+02		7.1237778e+00		1.5004438e+01		1.2338745e+01		1.2338745e+01		4.3144091e-127
4.4700000e+02		4.4800000e+02		4.4750000e+02		6.3881895e+02		7.7430341e+00		1.6308574e+01		1.3411329e+01		1.3411329e+01		6.7615714e-127
4.4800000e+02		4.4900000e+02		4.4850000e+02		6.2805979e+02		7.6372899e+00		1.6085678e+01		1.3228174e+01		1.3228174e+01		9.6761121e-127
4.4900000e+02		4.5000000e+02		4.4950000e+02		6.3454704e+02		7.6499737e+00		1.6112248e+01		1.3250143e+01		1.3250143e+01		1.7716270e-127
4.5000000e+02		4.5100000e+02		4.5050000e+02		6.7325368e+02		8.1030488e+00		1.7066376e+01		1.4034892e+01		1.4034892e+01		7.7047635e-128
4.5100000e+02		4.5200000e+02		4.5150000e+02		6.7122600e+02		8.1357630e+00		1.7135149e+01		1.4091555e+01		1.4091555e+01		5.3733192e-127
4.5200000e+02		4.5300000e+02		4.5250000e+02		6.3541039e+02		7.6780273e+00		1.6170970e+01		1.3298733e+01		1.3298733e+01		2.2146109e-127
4.5300000e+02		4.5400000e+02		4.5350000e+02		6.0888666e+02		7.3772221e+00		1.5537320e+01		1.2777723e+01		1.2777723e+01		3.3923510e-127
4.5400000e+02		4.5500000e+02		4.5450000e+02		6.4999363e+02		7.8451918e+00		1.6522801e+01		1.3588271e+01		1.3588271e+01		1.4180368e-127
4.5500000e+02		4.5600000e+02		4.5550000e+02		6.4380306e+02		7.8238076e+00		1.6477647e+01		1.3551232e+01		1.3551232e+01		7.2665323e-127
4.5600000e+02		4.5700000e+02		4.5650000e+02		6.6853861e+02		8.0612542e+00		1.6977611e+01		1.3962502e+01		1.3962502e+01		1.7793778e-127
4.5700000e+02		4.5800000e+02		4.5750000e+02		6.7499745e+02		8.1777248e+00		1.7222787e+01		1.4164235e+01		1.4164235e+01		6.7684175e-127
4.5800000e+02		4.5900000e+02		4.5850000e+02		6.3439039e+02		7.6367886e+00		1.6083432e+01		1.3227306e+01		1.3227306e+01		3.6197034e-127
4.5900000e+02		4.6000000e+02		4.5950000e+02		6.5539586e+02		7.9259209e+00		1.6692245e+01		1.3728098e+01		1.3728098e+01		2.4232783e-127
4.6000000e+02		4.6100000e+02		4.6050000e+02		6.4752339e+02		7.8256507e+00		1.6480962e+01		1.3554425e+01		1.3554425e+01		2.4430403e-127
4.6100000e+02		4.6200000e+02		4.6150000e+02		6.6245412e+02		7.9917470e+00		1.6830652e+01		1.3842112e+01		1.3842112e+01		1.2358623e-127
4.6200000e+02		4.6300000e+02		4.6250000e+02		6.6901120e+02		8.1225881e+00		1.7106091e+01		1.4068735e+01		1.4068735e+01		7.6396666e-127
4.6300000e+02		4.6400000e+02		4.6350000e+02		6.4662616e+02		7.8068162e+00		1.6440971e+01		1.3521802e+01		1.3521802e+01		1.6258910e-127
4.6400000e+02		4.6500000e+02		4.6450000e+02		6.5795753e+02		7.9836184e+00		1.6813205e+01		1.3828033e+01		1.3828033e+01		5.3229184e-127
4.6500000e+02		4.6600000e+02		4.6550000e+02		6.3552746e+02		7.6647669e+00		1.6141612e+01		1.3275766e+01		1.3275766e+01		2.0800143e-127
4.6600000e+02		4.6700000e+02		4.6650000e+02		6.3955371e+02		7.7558972e+00		1.6333425e+01		1.3433608e+01		1.3433608e+01		6.1422916e-127
4.6700000e+02		4.6800000e+02		4.6750000e+02		6.4572639e+02		7.8168258e+00		1.6461676e+01		1.3539139e+01		1.3539139e+01		4.1391640e-127
4.6800000e+02		4.6900000e+02		4.6850000e+02		6.3145002e+02		7.6599099e+00		1.6131119e+01		1.3267353e+01		1.3267353e+01		6.3918273e-127
4.6900000e+02		4.7000000e+02		4.6950000e+02		6.4956875e+02		7.8428607e+00		1.6516338e+01		1.3584233e+01		1.3584233e+01		1.6115941e-127
4.7000000e+02		4.7100000e+02		4.7050000e+02		6.1381170e+02		7.4157873e+00		1.5616871e+01		1.2844520e+01		1.2844520e+01		1.7693655e-127
4.7100000e+02		4.7200000e+02		4.7150000e+02		6.4174114e+02		7.7595924e+00		1.6340809e+01		1.3440008e+01		1.3440008e+01		3.2889182e-127
4.7200000e+02		4.7300000e+02		4.7250000e+02		6.5742798e+02		7.9641969e+00		1.6771589e+01		1.3794394e+01		1.3794394e+01		3.8823713e-127
4.7300000e+02		4.7400000e+02		4.7350000e+02		6.4563741e+02		7.8137450e+00		1.6454723e+01		1.3533803e+01		1.3533803e+01		3.2918070e-127
4.7400000e+02		4.7500000e+02		4.7450000e+02		6.6512717e+02		8.0535401e+00		1.6959507e+01		1.3949141e+01		1.3949141e+01		4.1287233e-127
4.7500000e+02		4.7600000e+02		4.7550000e+02		6.6365303e+02		8.0247088e+00		1.6898631e+01		1.3899203e+01		1.3899203e+01		2.1154011e-127
4.7600000e+02		4.7700000e+02		4.7650000e+02		6.3952653e+02		7.7369754e+00		1.6292612e+01		1.3400834e+01		1.3400834e+01		2.8906811e-127
4.7700000e+02		4.7800000e+02		4.7750000e+02		6.6772274e+02		8.0873610e+00		1.7030363e+01		1.4007720e+01		1.4007720e+01		2.8967817e-127
4.7800000e+02		4.7900000e+02		4.7850000e+02		6.6128260e+02		8.0298654e+00		1.6909195e+01		1.3908135e+01		1.3908135e+01		8.5780104e-127
4.7900000e+02		4.8000000e+02		4.7950000e+02		6.6320839e+02		8.0202179e+00		1.6888788e+01		1.3891425e+01		1.3891425e+01		4.8063190e-127
4.8000000e+02		4.8100000e+02		4.8050000e+02		6.6489751e+02		8.0393975e+00		1.6929084e+01		1.3924645e+01		1.3924645e+01		1.9775758e-127
4.8100000e+02		4.8200000e+02		4.8150000e+02		6.6630748e+02		8.0267527e+00		1.6902367e+01		1.3902743e+01		1.3902743e+01		7.7189583e-128
4.8200000e+02		4.8300000e+02		4.8250000e+02		6.6376999e+02		8.0002779e+00		1.6846528e+01		1.3856888e+01		1.3856888e+01		1.0255762e-127
4.8300000e+02		4.8400000e+02		4.8350000e+02		6.5373157e+02		7.9229854e+00		1.6683700e+01		1.3723013e+01		1.3723013e+01		4.3385896e-127
4.8400000e+02		4.8500000e+02		4.8450000e+02		6.4242337e+02		7.7178970e+00		1.6251787e+01		1.3367790e+01		1.3367790e+01		5.5143236e-128
4.8500000e+02		4.8600000e+02		4.8550000e+02		6.0369332e+02		7.2764428e+00		1.5322177e+01		1.2603169e+01		1.2603169e+01		1.9246055e-127
4.8600000e+02		4.8700000e+02		4.8650000e+02		5.2412565e+02		6.3325244e+00		1.3334436e+01		1.0968254e+01		1.0968254e+01		1.6275611e-127
4.8700000e+02		4.8800000e+02		4.8750000e+02		5.9966111e+02		7.2284796e+00		1.5221020e+01		1.2520094e+01		1.2520094e+01		9.7016981e-128
4.8800000e+02		4.8900000e+02		4.8850000e+02		6.3081686e+02		7.6085419e+00		1.6021239e+01		1.3178381e+01		1.3178381e+01		1.3351406e-127
4.8900000e+02		4.9000000e+02		4.8950000e+02		6.1880396e+02		7.4949169e+00		1.5781894e+01		1.2981577e+01		1.2981577e+01		3.0535950e-127
4.9000000e+02		4.9100000e+02		4.9050000e+02		6.5907671e+02		7.9571541e+00		1.6755106e+01		1.3782195e+01		1.3782195e+01		1.6538540e-127
4.9100000e+02		4.9200000e+02		4.9150000e+02		6.2110374e+02		7.4783147e+00		1.5746762e+01		1.2952821e+01		1.2952821e+01		3.9024734e-127
4.9200000e+02		4.9300000e+02		4.9250000e+02		5.9112858e+02		7.1300129e+00		1.5013236e+01		1.2349545e+01		1.2349545e+01		1.0160002e-127
4.9300000e+02		4.9400000e+02		4.9350000e+02		6.2472140e+02		7.5379919e+00		1.5872211e+01		1.3056185e+01		1.3056185e+01		1.3355067e-127
4.9400000e+02		4.9500000e+02		4.9450000e+02		6.4279699e+02		7.7471018e+00		1.6312438e+01		1.3418374e+01		1.3418374e+01		1.7395199e-127
4.9500000e+02		4.9600000e+02		4.9550000e+02		6.3133158e+02		7.6046728e+00		1.6012463e+01		1.3171680e+01		1.3171680e+01		8.5560873e-128
4.9600000e+02		4.9700000e+02		4.9650000e+02		6.3921352e+02		7.7228711e+00		1.6261268e+01		1.3376405e+01		1.3376405e+01		1.6014337e-127
4.9700000e+02		4.9800000e+02		4.9750000e+02		6.5113923e+02		7.8668513e+00		1.6564358e+01		1.3625786e+01		1.3625786e+01		1.8947842e-127
4.9800000e+02		4.9900000e+02		4.9850000e+02		5.9175801e+02		7.1314981e+00		1.5015949e+01		1.2352117e+01		1.2352117e+01		7.6901066e-128
4.9900000e+02		5.0000000e+02		4.9950000e+02		6.3385792e+02		7.6277842e+00		1.6060898e+01		1.3211710e+01		1.3211710e+01		6.1576441e-128
