Left Bin Edge (nm)	Right Bin Edge (nm)	Bin Center (nm)		Top of Atm Intensity (erg/s/nm/cm2)		Total Surface Flux (erg/s/nm/cm2)		Total Intensity at BOA (erg/s/nm/cm2)		Total Surface Intensity (erg/s/nm/cm2)		Total Surface Diffuse Intensity (erg/s/nm/cm2)		Total Surface Direct Intensity (erg/s/nm/cm2)
1.0000000e+02		1.0100000e+02		1.0050000e+02		1.9189487e-02		0.0000000e+00		0.0000000e+00		0.0000000e+00		0.0000000e+00		0.0000000e+00
1.0100000e+02		1.0200000e+02		1.0150000e+02		7.4861701e-02		0.0000000e+00		0.0000000e+00		0.0000000e+00		0.0000000e+00		0.0000000e+00
1.0200000e+02		1.0300000e+02		1.0250000e+02		3.9734366e-01		0.0000000e+00		0.0000000e+00		0.0000000e+00		0.0000000e+00		0.0000000e+00
1.0300000e+02		1.0400000e+02		1.0350000e+02		3.0179545e-01		0.0000000e+00		0.0000000e+00		0.0000000e+00		0.0000000e+00		0.0000000e+00
1.0400000e+02		1.0500000e+02		1.0450000e+02		6.0815352e-02		0.0000000e+00		0.0000000e+00		0.0000000e+00		0.0000000e+00		0.0000000e+00
1.0500000e+02		1.0600000e+02		1.0550000e+02		2.0834600e-02		0.0000000e+00		0.0000000e+00		0.0000000e+00		0.0000000e+00		0.0000000e+00
1.0600000e+02		1.0700000e+02		1.0650000e+02		1.9584792e-02		0.0000000e+00		0.0000000e+00		0.0000000e+00		0.0000000e+00		0.0000000e+00
1.0700000e+02		1.0800000e+02		1.0750000e+02		2.1853879e-02		0.0000000e+00		0.0000000e+00		0.0000000e+00		0.0000000e+00		0.0000000e+00
1.0800000e+02		1.0900000e+02		1.0850000e+02		3.0634999e-02		0.0000000e+00		0.0000000e+00		0.0000000e+00		0.0000000e+00		0.0000000e+00
1.0900000e+02		1.1000000e+02		1.0950000e+02		2.4032561e-02		0.0000000e+00		0.0000000e+00		0.0000000e+00		0.0000000e+00		0.0000000e+00
1.1000000e+02		1.1100000e+02		1.1050000e+02		2.3268893e-02		0.0000000e+00		0.0000000e+00		0.0000000e+00		0.0000000e+00		0.0000000e+00
1.1100000e+02		1.1200000e+02		1.1150000e+02		2.1871272e-02		0.0000000e+00		0.0000000e+00		0.0000000e+00		0.0000000e+00		0.0000000e+00
1.1200000e+02		1.1300000e+02		1.1250000e+02		2.2375602e-02		0.0000000e+00		0.0000000e+00		0.0000000e+00		0.0000000e+00		0.0000000e+00
1.1300000e+02		1.1400000e+02		1.1350000e+02		1.7748133e-02		0.0000000e+00		0.0000000e+00		0.0000000e+00		0.0000000e+00		0.0000000e+00
1.1400000e+02		1.1500000e+02		1.1450000e+02		1.3589480e-02		0.0000000e+00		0.0000000e+00		0.0000000e+00		0.0000000e+00		0.0000000e+00
1.1500000e+02		1.1600000e+02		1.1550000e+02		1.8751615e-02		0.0000000e+00		0.0000000e+00		0.0000000e+00		0.0000000e+00		0.0000000e+00
1.1600000e+02		1.1700000e+02		1.1650000e+02		4.3674487e-02		0.0000000e+00		0.0000000e+00		0.0000000e+00		0.0000000e+00		0.0000000e+00
1.1700000e+02		1.1800000e+02		1.1750000e+02		1.5546757e-01		0.0000000e+00		0.0000000e+00		0.0000000e+00		0.0000000e+00		0.0000000e+00
1.1800000e+02		1.1900000e+02		1.1850000e+02		5.2889236e-02		0.0000000e+00		0.0000000e+00		0.0000000e+00		0.0000000e+00		0.0000000e+00
1.1900000e+02		1.2000000e+02		1.1950000e+02		7.3692884e-02		0.0000000e+00		0.0000000e+00		0.0000000e+00		0.0000000e+00		0.0000000e+00
1.2000000e+02		1.2100000e+02		1.2050000e+02		4.0066072e-01		0.0000000e+00		0.0000000e+00		0.0000000e+00		0.0000000e+00		0.0000000e+00
1.2100000e+02		1.2200000e+02		1.2150000e+02		1.5905289e+01		0.0000000e+00		0.0000000e+00		0.0000000e+00		0.0000000e+00		0.0000000e+00
1.2200000e+02		1.2300000e+02		1.2250000e+02		1.0666543e-01		0.0000000e+00		0.0000000e+00		0.0000000e+00		0.0000000e+00		0.0000000e+00
1.2300000e+02		1.2400000e+02		1.2350000e+02		5.7456553e-02		0.0000000e+00		0.0000000e+00		0.0000000e+00		0.0000000e+00		0.0000000e+00
1.2400000e+02		1.2500000e+02		1.2450000e+02		4.6184197e-02		0.0000000e+00		0.0000000e+00		0.0000000e+00		0.0000000e+00		0.0000000e+00
1.2500000e+02		1.2600000e+02		1.2550000e+02		4.5085118e-02		0.0000000e+00		0.0000000e+00		0.0000000e+00		0.0000000e+00		0.0000000e+00
1.2600000e+02		1.2700000e+02		1.2650000e+02		6.3054464e-02		0.0000000e+00		0.0000000e+00		0.0000000e+00		0.0000000e+00		0.0000000e+00
1.2700000e+02		1.2800000e+02		1.2750000e+02		3.3006429e-02		0.0000000e+00		0.0000000e+00		0.0000000e+00		0.0000000e+00		0.0000000e+00
1.2800000e+02		1.2900000e+02		1.2850000e+02		2.6335196e-02		0.0000000e+00		0.0000000e+00		0.0000000e+00		0.0000000e+00		0.0000000e+00
1.2900000e+02		1.3000000e+02		1.2950000e+02		3.5131240e-02		0.0000000e+00		0.0000000e+00		0.0000000e+00		0.0000000e+00		0.0000000e+00
1.3000000e+02		1.3100000e+02		1.3050000e+02		2.8850634e-01		0.0000000e+00		0.0000000e+00		0.0000000e+00		0.0000000e+00		0.0000000e+00
1.3100000e+02		1.3200000e+02		1.3150000e+02		3.9064855e-02		0.0000000e+00		0.0000000e+00		0.0000000e+00		0.0000000e+00		0.0000000e+00
1.3200000e+02		1.3300000e+02		1.3250000e+02		3.0374778e-02		0.0000000e+00		0.0000000e+00		0.0000000e+00		0.0000000e+00		0.0000000e+00
1.3300000e+02		1.3400000e+02		1.3350000e+02		4.1056606e-01		0.0000000e+00		0.0000000e+00		0.0000000e+00		0.0000000e+00		0.0000000e+00
1.3400000e+02		1.3500000e+02		1.3450000e+02		2.8092500e-02		0.0000000e+00		0.0000000e+00		0.0000000e+00		0.0000000e+00		0.0000000e+00
1.3500000e+02		1.3600000e+02		1.3550000e+02		5.8954708e-02		0.0000000e+00		0.0000000e+00		0.0000000e+00		0.0000000e+00		0.0000000e+00
1.3600000e+02		1.3700000e+02		1.3650000e+02		3.8690656e-02		0.0000000e+00		0.0000000e+00		0.0000000e+00		0.0000000e+00		0.0000000e+00
1.3700000e+02		1.3800000e+02		1.3750000e+02		3.9732879e-02		0.0000000e+00		0.0000000e+00		0.0000000e+00		0.0000000e+00		0.0000000e+00
1.3800000e+02		1.3900000e+02		1.3850000e+02		4.0549866e-02		0.0000000e+00		0.0000000e+00		0.0000000e+00		0.0000000e+00		0.0000000e+00
1.3900000e+02		1.4000000e+02		1.3950000e+02		1.3692187e-01		0.0000000e+00		0.0000000e+00		0.0000000e+00		0.0000000e+00		0.0000000e+00
1.4000000e+02		1.4100000e+02		1.4050000e+02		1.1939088e-01		0.0000000e+00		0.0000000e+00		0.0000000e+00		0.0000000e+00		0.0000000e+00
1.4100000e+02		1.4200000e+02		1.4150000e+02		5.7521948e-02		0.0000000e+00		0.0000000e+00		0.0000000e+00		0.0000000e+00		0.0000000e+00
1.4200000e+02		1.4300000e+02		1.4250000e+02		6.2343151e-02		0.0000000e+00		0.0000000e+00		0.0000000e+00		0.0000000e+00		0.0000000e+00
1.4300000e+02		1.4400000e+02		1.4350000e+02		6.9165895e-02		0.0000000e+00		0.0000000e+00		0.0000000e+00		0.0000000e+00		0.0000000e+00
1.4400000e+02		1.4500000e+02		1.4450000e+02		6.6149126e-02		0.0000000e+00		0.0000000e+00		0.0000000e+00		0.0000000e+00		0.0000000e+00
1.4500000e+02		1.4600000e+02		1.4550000e+02		7.0536262e-02		0.0000000e+00		0.0000000e+00		0.0000000e+00		0.0000000e+00		0.0000000e+00
1.4600000e+02		1.4700000e+02		1.4650000e+02		8.6012655e-02		0.0000000e+00		0.0000000e+00		0.0000000e+00		0.0000000e+00		0.0000000e+00
1.4700000e+02		1.4800000e+02		1.4750000e+02		1.0610345e-01		0.0000000e+00		0.0000000e+00		0.0000000e+00		0.0000000e+00		0.0000000e+00
1.4800000e+02		1.4900000e+02		1.4850000e+02		1.0405386e-01		0.0000000e+00		0.0000000e+00		0.0000000e+00		0.0000000e+00		0.0000000e+00
1.4900000e+02		1.5000000e+02		1.4950000e+02		9.4002421e-02		0.0000000e+00		0.0000000e+00		0.0000000e+00		0.0000000e+00		0.0000000e+00
1.5000000e+02		1.5100000e+02		1.5050000e+02		1.0343288e-01		0.0000000e+00		0.0000000e+00		0.0000000e+00		0.0000000e+00		0.0000000e+00
1.5100000e+02		1.5200000e+02		1.5150000e+02		1.0875212e-01		0.0000000e+00		0.0000000e+00		0.0000000e+00		0.0000000e+00		0.0000000e+00
1.5200000e+02		1.5300000e+02		1.5250000e+02		1.3876638e-01		0.0000000e+00		0.0000000e+00		0.0000000e+00		0.0000000e+00		0.0000000e+00
1.5300000e+02		1.5400000e+02		1.5350000e+02		1.5371418e-01		0.0000000e+00		0.0000000e+00		0.0000000e+00		0.0000000e+00		0.0000000e+00
1.5400000e+02		1.5500000e+02		1.5450000e+02		4.1112511e-01		0.0000000e+00		0.0000000e+00		0.0000000e+00		0.0000000e+00		0.0000000e+00
1.5500000e+02		1.5600000e+02		1.5550000e+02		3.3836363e-01		0.0000000e+00		0.0000000e+00		0.0000000e+00		0.0000000e+00		0.0000000e+00
1.5600000e+02		1.5700000e+02		1.5650000e+02		2.0084632e-01		0.0000000e+00		0.0000000e+00		0.0000000e+00		0.0000000e+00		0.0000000e+00
1.5700000e+02		1.5800000e+02		1.5750000e+02		1.8216796e-01		0.0000000e+00		0.0000000e+00		0.0000000e+00		0.0000000e+00		0.0000000e+00
1.5800000e+02		1.5900000e+02		1.5850000e+02		1.6795176e-01		0.0000000e+00		0.0000000e+00		0.0000000e+00		0.0000000e+00		0.0000000e+00
1.5900000e+02		1.6000000e+02		1.5950000e+02		1.6379377e-01		0.0000000e+00		0.0000000e+00		0.0000000e+00		0.0000000e+00		0.0000000e+00
1.6000000e+02		1.6100000e+02		1.6050000e+02		1.7926410e-01		0.0000000e+00		0.0000000e+00		0.0000000e+00		0.0000000e+00		0.0000000e+00
1.6100000e+02		1.6200000e+02		1.6150000e+02		2.0306941e-01		0.0000000e+00		0.0000000e+00		0.0000000e+00		0.0000000e+00		0.0000000e+00
1.6200000e+02		1.6300000e+02		1.6250000e+02		2.2492895e-01		0.0000000e+00		0.0000000e+00		0.0000000e+00		0.0000000e+00		0.0000000e+00
1.6300000e+02		1.6400000e+02		1.6350000e+02		4.7671727e-01		0.0000000e+00		0.0000000e+00		0.0000000e+00		0.0000000e+00		0.0000000e+00
1.6400000e+02		1.6500000e+02		1.6450000e+02		4.8753270e-01		0.0000000e+00		0.0000000e+00		0.0000000e+00		0.0000000e+00		0.0000000e+00
1.6500000e+02		1.6600000e+02		1.6550000e+02		5.7072689e-01		0.0000000e+00		0.0000000e+00		0.0000000e+00		0.0000000e+00		0.0000000e+00
1.6600000e+02		1.6700000e+02		1.6650000e+02		2.6919628e-01		0.0000000e+00		0.0000000e+00		0.0000000e+00		0.0000000e+00		0.0000000e+00
1.6700000e+02		1.6800000e+02		1.6750000e+02		2.8728373e-01		0.0000000e+00		0.0000000e+00		0.0000000e+00		0.0000000e+00		0.0000000e+00
1.6800000e+02		1.6900000e+02		1.6850000e+02		3.0958866e-01		0.0000000e+00		0.0000000e+00		0.0000000e+00		0.0000000e+00		0.0000000e+00
1.6900000e+02		1.7000000e+02		1.6950000e+02		3.8988989e-01		0.0000000e+00		0.0000000e+00		0.0000000e+00		0.0000000e+00		0.0000000e+00
1.7000000e+02		1.7100000e+02		1.7050000e+02		4.3752516e-01		0.0000000e+00		0.0000000e+00		0.0000000e+00		0.0000000e+00		0.0000000e+00
1.7100000e+02		1.7200000e+02		1.7150000e+02		4.3618394e-01		0.0000000e+00		0.0000000e+00		0.0000000e+00		0.0000000e+00		0.0000000e+00
1.7200000e+02		1.7300000e+02		1.7250000e+02		4.5514763e-01		0.0000000e+00		0.0000000e+00		0.0000000e+00		0.0000000e+00		0.0000000e+00
1.7300000e+02		1.7400000e+02		1.7350000e+02		4.5120572e-01		0.0000000e+00		0.0000000e+00		0.0000000e+00		0.0000000e+00		0.0000000e+00
1.7400000e+02		1.7500000e+02		1.7450000e+02		5.3951828e-01		0.0000000e+00		0.0000000e+00		0.0000000e+00		0.0000000e+00		0.0000000e+00
1.7500000e+02		1.7600000e+02		1.7550000e+02		6.4389120e-01		0.0000000e+00		0.0000000e+00		0.0000000e+00		0.0000000e+00		0.0000000e+00
1.7600000e+02		1.7700000e+02		1.7650000e+02		6.9472845e-01		0.0000000e+00		0.0000000e+00		0.0000000e+00		0.0000000e+00		0.0000000e+00
1.7700000e+02		1.7800000e+02		1.7750000e+02		8.1849614e-01		0.0000000e+00		0.0000000e+00		0.0000000e+00		0.0000000e+00		0.0000000e+00
1.7800000e+02		1.7900000e+02		1.7850000e+02		8.9455089e-01		0.0000000e+00		0.0000000e+00		0.0000000e+00		0.0000000e+00		0.0000000e+00
1.7900000e+02		1.8000000e+02		1.7950000e+02		8.6966614e-01		0.0000000e+00		0.0000000e+00		0.0000000e+00		0.0000000e+00		0.0000000e+00
1.8000000e+02		1.8100000e+02		1.8050000e+02		1.0753674e+00		0.0000000e+00		0.0000000e+00		0.0000000e+00		0.0000000e+00		0.0000000e+00
1.8100000e+02		1.8200000e+02		1.8150000e+02		1.3093431e+00		0.0000000e+00		0.0000000e+00		0.0000000e+00		0.0000000e+00		0.0000000e+00
1.8200000e+02		1.8300000e+02		1.8250000e+02		1.2087370e+00		0.0000000e+00		0.0000000e+00		0.0000000e+00		0.0000000e+00		0.0000000e+00
1.8300000e+02		1.8400000e+02		1.8350000e+02		1.2728289e+00		0.0000000e+00		0.0000000e+00		0.0000000e+00		0.0000000e+00		0.0000000e+00
1.8400000e+02		1.8500000e+02		1.8450000e+02		1.0940339e+00		0.0000000e+00		0.0000000e+00		0.0000000e+00		0.0000000e+00		0.0000000e+00
1.8500000e+02		1.8600000e+02		1.8550000e+02		1.2372281e+00		0.0000000e+00		0.0000000e+00		0.0000000e+00		0.0000000e+00		0.0000000e+00
1.8600000e+02		1.8700000e+02		1.8650000e+02		1.4037992e+00		0.0000000e+00		0.0000000e+00		0.0000000e+00		0.0000000e+00		0.0000000e+00
1.8700000e+02		1.8800000e+02		1.8750000e+02		1.5907538e+00		0.0000000e+00		0.0000000e+00		0.0000000e+00		0.0000000e+00		0.0000000e+00
1.8800000e+02		1.8900000e+02		1.8850000e+02		1.6735993e+00		0.0000000e+00		0.0000000e+00		0.0000000e+00		0.0000000e+00		0.0000000e+00
1.8900000e+02		1.9000000e+02		1.8950000e+02		1.8559600e+00		0.0000000e+00		0.0000000e+00		0.0000000e+00		0.0000000e+00		0.0000000e+00
1.9000000e+02		1.9100000e+02		1.9050000e+02		1.9109940e+00		0.0000000e+00		0.0000000e+00		0.0000000e+00		0.0000000e+00		0.0000000e+00
1.9100000e+02		1.9200000e+02		1.9150000e+02		2.0707336e+00		0.0000000e+00		0.0000000e+00		0.0000000e+00		0.0000000e+00		0.0000000e+00
1.9200000e+02		1.9300000e+02		1.9250000e+02		2.1685186e+00		0.0000000e+00		0.0000000e+00		0.0000000e+00		0.0000000e+00		0.0000000e+00
1.9300000e+02		1.9400000e+02		1.9350000e+02		1.6554009e+00		0.0000000e+00		0.0000000e+00		0.0000000e+00		0.0000000e+00		0.0000000e+00
1.9400000e+02		1.9500000e+02		1.9450000e+02		2.6556632e+00		0.0000000e+00		0.0000000e+00		0.0000000e+00		0.0000000e+00		0.0000000e+00
1.9500000e+02		1.9600000e+02		1.9550000e+02		2.5630279e+00		0.0000000e+00		0.0000000e+00		0.0000000e+00		0.0000000e+00		0.0000000e+00
1.9600000e+02		1.9700000e+02		1.9650000e+02		2.8204934e+00		5.2780806e-284		0.0000000e+00		5.5671669e-284		6.8398550e-285		4.8831814e-284
1.9700000e+02		1.9800000e+02		1.9750000e+02		2.8068384e+00		7.9665411e-208		0.0000000e+00		8.5896234e-208		1.4742286e-208		7.1153948e-208
1.9800000e+02		1.9900000e+02		1.9850000e+02		2.7505577e+00		2.6649032e-135		0.0000000e+00		2.9997711e-135		7.9230588e-136		2.2074652e-135
1.9900000e+02		2.0000000e+02		1.9950000e+02		2.8965557e+00		4.6138474e-92		2.0948268e-88		5.5471473e-92		2.2082113e-92		3.3389360e-92
2.0000000e+02		2.0100000e+02		2.0050000e+02		3.0623388e+00		2.5256753e-65		1.2269629e-62		3.3155930e-65		1.8689652e-65		1.4466278e-65
2.0100000e+02		2.0200000e+02		2.0150000e+02		3.2593670e+00		3.7127053e-32		1.4578131e-30		6.4303890e-32		6.4301087e-32		2.8027737e-36
2.0200000e+02		2.0300000e+02		2.0250000e+02		3.2217937e+00		3.9674828e-26		9.2557314e-25		6.8718814e-26		6.8718808e-26		6.3696472e-33
2.0300000e+02		2.0400000e+02		2.0350000e+02		3.4484145e+00		4.7665624e-16		4.9929360e-15		8.2559283e-16		8.2559283e-16		2.7259296e-28
2.0400000e+02		2.0500000e+02		2.0450000e+02		3.7117169e+00		3.7359183e-11		2.7881308e-10		6.4708003e-11		6.4708003e-11		3.2112467e-26
2.0500000e+02		2.0600000e+02		2.0550000e+02		3.7200399e+00		1.6452768e-10		1.1722913e-09		2.8497030e-10		2.8497030e-10		1.5340338e-25
2.0600000e+02		2.0700000e+02		2.0650000e+02		3.7247532e+00		6.1341113e-10		4.1951202e-09		1.0624592e-09		1.0624592e-09		6.7407936e-25
2.0700000e+02		2.0800000e+02		2.0750000e+02		4.0454145e+00		2.1498392e-09		1.4175749e-08		3.7236307e-09		3.7236307e-09		2.9863821e-24
2.0800000e+02		2.0900000e+02		2.0850000e+02		4.3759554e+00		6.6776433e-09		4.2606966e-08		1.1566017e-08		1.1566017e-08		1.2367061e-23
2.0900000e+02		2.1000000e+02		2.0950000e+02		5.6528678e+00		2.3100529e-08		1.4295662e-07		4.0011290e-08		4.0011290e-08		5.8201538e-23
2.1000000e+02		2.1100000e+02		2.1050000e+02		6.9678423e+00		7.4586211e-08		4.4818155e-07		1.2918711e-07		1.2918711e-07		2.5195121e-22
2.1100000e+02		2.1200000e+02		2.1150000e+02		7.9326445e+00		2.1192693e-07		1.2386160e-06		3.6706822e-07		3.6706822e-07		9.6606507e-22
2.1200000e+02		2.1300000e+02		2.1250000e+02		7.0734222e+00		4.5184300e-07		2.5725110e-06		7.8261504e-07		7.8261504e-07		2.7893285e-21
2.1300000e+02		2.1400000e+02		2.1350000e+02		7.2066449e+00		1.0224608e-06		5.6827769e-06		1.7709541e-06		1.7709541e-06		8.7975362e-21
2.1400000e+02		2.1500000e+02		2.1450000e+02		9.2279181e+00		2.8194051e-06		1.5314725e-05		4.8833529e-06		4.8833529e-06		3.3703936e-20
2.1500000e+02		2.1600000e+02		2.1550000e+02		7.9257408e+00		5.2511856e-06		2.7886809e-05		9.0953203e-06		9.0953203e-06		8.4452741e-20
2.1600000e+02		2.1700000e+02		2.1650000e+02		7.3353469e+00		1.0298299e-05		5.3520059e-05		1.7837177e-05		1.7837177e-05		2.2106388e-19
2.1700000e+02		2.1800000e+02		2.1750000e+02		7.5953881e+00		2.2155332e-05		1.1277735e-04		3.8374162e-05		3.8374162e-05		6.2854712e-19
2.1800000e+02		2.1900000e+02		2.1850000e+02		1.0217230e+01		5.8824815e-05		2.9370888e-04		1.0188757e-04		1.0188757e-04		2.2421675e-18
2.1900000e+02		2.2000000e+02		2.1950000e+02		1.0786519e+01		1.1700760e-04		5.7376262e-04		2.0266310e-04		2.0266310e-04		6.0751978e-18
2.2000000e+02		2.2100000e+02		2.2050000e+02		1.0851638e+01		2.1621249e-04		1.0421425e-03		3.7449102e-04		3.7449102e-04		1.5257063e-17
2.2100000e+02		2.2200000e+02		2.2150000e+02		8.6872371e+00		3.1077239e-04		1.4735015e-03		5.3827356e-04		5.3827356e-04		2.9693573e-17
2.2200000e+02		2.2300000e+02		2.2250000e+02		1.1691346e+01		7.3457401e-04		3.4286437e-03		1.2723195e-03		1.2723195e-03		9.4697573e-17
2.2300000e+02		2.2400000e+02		2.2350000e+02		1.5139682e+01		1.6136926e-03		7.4211585e-03		2.7949976e-03		2.7949976e-03		2.8287127e-16
2.2400000e+02		2.2500000e+02		2.2450000e+02		1.4154944e+01		2.4884836e-03		1.1284251e-02		4.3101800e-03		4.3101800e-03		5.9503119e-16
2.2500000e+02		2.2600000e+02		2.2550000e+02		1.2365614e+01		3.5136421e-03		1.5719647e-02		6.0858067e-03		6.0858067e-03		1.1429864e-15
2.2600000e+02		2.2700000e+02		2.2650000e+02		9.0577089e+00		4.0491119e-03		1.7884589e-02		7.0132676e-03		7.0132676e-03		1.7986022e-15
2.2700000e+02		2.2800000e+02		2.2750000e+02		8.8108381e+00		6.1348509e-03		2.6763150e-02		1.0625873e-02		1.0625873e-02		3.6838947e-15
2.2800000e+02		2.2900000e+02		2.2850000e+02		1.2275156e+01		1.2813162e-02		5.5248907e-02		2.2193048e-02		2.2193048e-02		1.0556134e-14
2.2900000e+02		2.3000000e+02		2.2950000e+02		1.1031259e+01		1.6999721e-02		7.2481675e-02		2.9444380e-02		2.9444380e-02		1.9134696e-14
2.3000000e+02		2.3100000e+02		2.3050000e+02		1.2510180e+01		2.8218792e-02		1.1901180e-01		4.8876381e-02		4.8876381e-02		4.2985880e-14
2.3100000e+02		2.3200000e+02		2.3150000e+02		1.1791833e+01		3.7983611e-02		1.5853572e-01		6.5789544e-02		6.5789544e-02		7.8704026e-14
2.3200000e+02		2.3300000e+02		2.3250000e+02		1.2664003e+01		5.6197728e-02		2.3226116e-01		9.7337319e-02		9.7337319e-02		1.6089711e-13
2.3300000e+02		2.3400000e+02		2.3350000e+02		1.1428554e+01		6.8290042e-02		2.7958722e-01		1.1828182e-01		1.1828182e-01		2.7147971e-13
2.3400000e+02		2.3500000e+02		2.3450000e+02		9.9864853e+00		7.8691533e-02		3.1926137e-01		1.3629773e-01		1.3629773e-01		4.3600893e-13
2.3500000e+02		2.3600000e+02		2.3550000e+02		1.3443360e+01		1.3706674e-01		5.5124968e-01		2.3740655e-01		2.3740655e-01		1.0612866e-12
2.3600000e+02		2.3700000e+02		2.3650000e+02		1.2448020e+01		1.6160383e-01		6.4444618e-01		2.7990604e-01		2.7990604e-01		1.7495861e-12
2.3700000e+02		2.3800000e+02		2.3750000e+02		1.3294723e+01		2.1537265e-01		8.5186780e-01		3.7303637e-01		3.7303637e-01		3.2758963e-12
2.3800000e+02		2.3900000e+02		2.3850000e+02		1.1021422e+01		2.1853061e-01		8.5754619e-01		3.7850611e-01		3.7850611e-01		4.6910540e-12
2.3900000e+02		2.4000000e+02		2.3950000e+02		1.2008577e+01		2.8578491e-01		1.1129061e+00		4.9499398e-01		4.9499398e-01		8.7031387e-12
2.4000000e+02		2.4100000e+02		2.4050000e+02		1.1032163e+01		3.1000272e-01		1.1982649e+00		5.3694045e-01		5.3694045e-01		1.3430553e-11
2.4100000e+02		2.4200000e+02		2.4150000e+02		1.2918879e+01		4.2090169e-01		1.6152156e+00		7.2902312e-01		7.2902312e-01		2.6068622e-11
2.4200000e+02		2.4300000e+02		2.4250000e+02		1.7782729e+01		6.6298109e-01		2.5263202e+00		1.1483169e+00		1.1483169e+00		5.8739857e-11
2.4300000e+02		2.4400000e+02		2.4350000e+02		1.6701989e+01		7.0150149e-01		2.6548000e+00		1.2150362e+00		1.2150362e+00		8.9205307e-11
2.4400000e+02		2.4500000e+02		2.4450000e+02		1.5641720e+01		7.2994555e-01		2.7439737e+00		1.2643028e+00		1.2643028e+00		1.3349407e-10
2.4500000e+02		2.4600000e+02		2.4550000e+02		1.2691134e+01		6.5163206e-01		2.4335212e+00		1.1286598e+00		1.1286598e+00		1.7115492e-10
2.4600000e+02		2.4700000e+02		2.4650000e+02		1.2350906e+01		6.8947386e-01		2.5583183e+00		1.1942038e+00		1.1942038e+00		2.6032127e-10
2.4700000e+02		2.4800000e+02		2.4750000e+02		1.3639226e+01		8.2058931e-01		3.0256433e+00		1.4213024e+00		1.4213024e+00		4.4460280e-10
2.4800000e+02		2.4900000e+02		2.4850000e+02		1.0938846e+01		7.0337382e-01		2.5774021e+00		1.2182792e+00		1.2182792e+00		5.4589123e-10
2.4900000e+02		2.5000000e+02		2.4950000e+02		1.3333262e+01		9.0847336e-01		3.3087263e+00		1.5735220e+00		1.5735220e+00		1.0085774e-09
2.5000000e+02		2.5100000e+02		2.5050000e+02		1.4401571e+01		1.0318509e+00		3.7356302e+00		1.7872182e+00		1.7872182e+00		1.6354796e-09
2.5100000e+02		2.5200000e+02		2.5150000e+02		1.2007424e+01		8.9839349e-01		3.2333680e+00		1.5560632e+00		1.5560632e+00		2.0281417e-09
2.5200000e+02		2.5300000e+02		2.5250000e+02		1.0794009e+01		8.3922366e-01		3.0029334e+00		1.4535780e+00		1.4535780e+00		2.6876094e-09
2.5300000e+02		2.5400000e+02		2.5350000e+02		1.3602371e+01		1.0944027e+00		3.8936802e+00		1.8955610e+00		1.8955610e+00		4.9496595e-09
2.5400000e+02		2.5500000e+02		2.5450000e+02		1.5384114e+01		1.2764237e+00		4.5157191e+00		2.2108306e+00		2.2108306e+00		8.1127730e-09
2.5500000e+02		2.5600000e+02		2.5550000e+02		2.0992062e+01		1.7910717e+00		6.3012386e+00		3.1022272e+00		3.1022272e+00		1.5913260e-08
2.5600000e+02		2.5700000e+02		2.5650000e+02		2.7040612e+01		2.3672327e+00		8.2825693e+00		4.1001673e+00		4.1001672e+00		2.9235254e-08
2.5700000e+02		2.5800000e+02		2.5750000e+02		3.3946512e+01		3.0433739e+00		1.0590585e+01		5.2712781e+00		5.2712781e+00		5.1945311e-08
2.5800000e+02		2.5900000e+02		2.5850000e+02		3.5732434e+01		3.2757031e+00		1.1338036e+01		5.6736842e+00		5.6736841e+00		7.6815012e-08
2.5900000e+02		2.6000000e+02		2.5950000e+02		3.0409976e+01		2.7880253e+00		9.6001964e+00		4.8290013e+00		4.8290012e+00		9.1006108e-08
2.6000000e+02		2.6100000e+02		2.6050000e+02		2.4915606e+01		2.2896348e+00		7.8436614e+00		3.9657638e+00		3.9657637e+00		1.0309707e-07
2.6100000e+02		2.6200000e+02		2.6150000e+02		2.5442742e+01		2.3830479e+00		8.1214732e+00		4.1275600e+00		4.1275598e+00		1.4480407e-07
2.6200000e+02		2.6300000e+02		2.6250000e+02		3.0366547e+01		2.9019993e+00		9.8394197e+00		5.0264101e+00		5.0264099e+00		2.3617454e-07
2.6300000e+02		2.6400000e+02		2.6350000e+02		4.5700096e+01		4.4331770e+00		1.4955278e+01		7.6784875e+00		7.6784870e+00		4.8235739e-07
2.6400000e+02		2.6500000e+02		2.6450000e+02		7.1249372e+01		7.0808491e+00		2.3766775e+01		1.2264390e+01		1.2264389e+01		1.0151046e-06
2.6500000e+02		2.6600000e+02		2.6550000e+02		7.4731454e+01		7.5517656e+00		2.5222147e+01		1.3080041e+01		1.3080039e+01		1.4273795e-06
2.6600000e+02		2.6700000e+02		2.6650000e+02		7.2446611e+01		7.4345167e+00		2.4709340e+01		1.2876959e+01		1.2876957e+01		1.8437994e-06
2.6700000e+02		2.6800000e+02		2.6750000e+02		7.2937204e+01		7.6350061e+00		2.5252414e+01		1.3224217e+01		1.3224214e+01		2.4602065e-06
2.6800000e+02		2.6900000e+02		2.6850000e+02		7.2239021e+01		7.7048308e+00		2.5361041e+01		1.3345156e+01		1.3345153e+01		3.2107651e-06
2.6900000e+02		2.7000000e+02		2.6950000e+02		6.7758000e+01		7.3271865e+00		2.4004214e+01		1.2691056e+01		1.2691052e+01		3.9444431e-06
2.7000000e+02		2.7100000e+02		2.7050000e+02		7.8281462e+01		8.6031404e+00		2.8052321e+01		1.4901072e+01		1.4901066e+01		5.9378870e-06
2.7100000e+02		2.7200000e+02		2.7150000e+02		6.5051220e+01		7.2415365e+00		2.3503644e+01		1.2542705e+01		1.2542698e+01		6.3934004e-06
2.7200000e+02		2.7300000e+02		2.7250000e+02		5.2331568e+01		5.9408564e+00		1.9193247e+01		1.0289860e+01		1.0289854e+01		6.6347259e-06
2.7300000e+02		2.7400000e+02		2.7350000e+02		5.5800645e+01		6.4328536e+00		2.0688608e+01		1.1142023e+01		1.1142013e+01		9.0761911e-06
2.7400000e+02		2.7500000e+02		2.7450000e+02		3.8398649e+01		4.4942202e+00		1.4389044e+01		7.7842119e+00		7.7842039e+00		7.9734195e-06
2.7500000e+02		2.7600000e+02		2.7550000e+02		5.1208696e+01		6.0635013e+00		1.9327794e+01		1.0502283e+01		1.0502269e+01		1.3504702e-05
2.7600000e+02		2.7700000e+02		2.7650000e+02		7.1318275e+01		8.5783400e+00		2.7224003e+01		1.4858103e+01		1.4858079e+01		2.3786168e-05
2.7700000e+02		2.7800000e+02		2.7750000e+02		6.8188493e+01		8.3453948e+00		2.6369450e+01		1.4454627e+01		1.4454598e+01		2.8636436e-05
2.7800000e+02		2.7900000e+02		2.7850000e+02		4.7024496e+01		5.8411718e+00		1.8377538e+01		1.0117188e+01		1.0117163e+01		2.4748941e-05
2.7900000e+02		2.8000000e+02		2.7950000e+02		2.6422560e+01		3.3237566e+00		1.0413014e+01		5.7569025e+00		5.7568852e+00		1.7347159e-05
2.8000000e+02		2.8100000e+02		2.8050000e+02		2.8982131e+01		3.6919442e+00		1.1518139e+01		6.3946177e+00		6.3945940e+00		2.3635009e-05
2.8100000e+02		2.8200000e+02		2.8150000e+02		6.0033324e+01		7.7665366e+00		2.4129339e+01		1.3451992e+01		1.3451931e+01		6.0580953e-05
2.8200000e+02		2.8300000e+02		2.8250000e+02		8.1733762e+01		1.0732087e+01		3.3205830e+01		1.8588446e+01		1.8588344e+01		1.0164167e-04
2.8300000e+02		2.8400000e+02		2.8350000e+02		8.4433091e+01		1.1247265e+01		3.4658505e+01		1.9480740e+01		1.9480612e+01		1.2887415e-04
2.8400000e+02		2.8500000e+02		2.8450000e+02		6.2255376e+01		8.4196131e+00		2.5840708e+01		1.4583113e+01		1.4582996e+01		1.1619146e-04
2.8500000e+02		2.8600000e+02		2.8550000e+02		4.0018063e+01		5.4845109e+00		1.6765800e+01		9.4993849e+00		9.4992940e+00		9.0960465e-05
2.8600000e+02		2.8700000e+02		2.8650000e+02		8.2001717e+01		1.1402103e+01		3.4718448e+01		1.9748856e+01		1.9748630e+01		2.2619344e-04
2.8700000e+02		2.8800000e+02		2.8750000e+02		9.5189148e+01		1.3405826e+01		4.0661344e+01		2.3219339e+01		2.3219022e+01		3.1742473e-04
2.8800000e+02		2.8900000e+02		2.8850000e+02		9.0460934e+01		1.2910460e+01		3.9008498e+01		2.2361306e+01		2.2360943e+01		3.6341863e-04
2.8900000e+02		2.9000000e+02		2.8950000e+02		1.3728321e+02		1.9830571e+01		5.9690355e+01		3.4347071e+01		3.4346409e+01		6.6204163e-04
2.9000000e+02		2.9100000e+02		2.9050000e+02		1.8023325e+02		2.6351492e+01		7.9021153e+01		4.5641362e+01		4.5640323e+01		1.0398240e-03
2.9100000e+02		2.9200000e+02		2.9150000e+02		1.7359450e+02		2.5726511e+01		7.6860130e+01		4.4558750e+01		4.4557556e+01		1.1944561e-03
2.9200000e+02		2.9300000e+02		2.9250000e+02		1.5421676e+02		2.3191912e+01		6.9032315e+01		4.0168646e+01		4.0167384e+01		1.2616634e-03
2.9300000e+02		2.9400000e+02		2.9350000e+02		1.6099986e+02		2.4584240e+01		7.2909377e+01		4.2580011e+01		4.2578449e+01		1.5612983e-03
2.9400000e+02		2.9500000e+02		2.9450000e+02		1.4991794e+02		2.3091949e+01		6.8239699e+01		3.9995173e+01		3.9993457e+01		1.7164000e-03
2.9500000e+02		2.9600000e+02		2.9550000e+02		1.6232431e+02		2.5418560e+01		7.4845818e+01		4.4024633e+01		4.4022444e+01		2.1899208e-03
2.9600000e+02		2.9700000e+02		2.9650000e+02		1.4851381e+02		2.3610139e+01		6.9274969e+01		4.0892237e+01		4.0889884e+01		2.3535797e-03
2.9700000e+02		2.9800000e+02		2.9750000e+02		1.5140866e+02		2.4345194e+01		7.1183857e+01		4.2165057e+01		4.2162248e+01		2.8089155e-03
2.9800000e+02		2.9900000e+02		2.9850000e+02		1.3012850e+02		2.1174236e+01		6.1699365e+01		3.6672789e+01		3.6669970e+01		2.8183526e-03
2.9900000e+02		3.0000000e+02		2.9950000e+02		1.4682541e+02		2.4178605e+01		7.0214141e+01		4.1875862e+01		4.1872160e+01		3.7022246e-03
3.0000000e+02		3.0100000e+02		3.0050000e+02		1.1681452e+02		1.9506090e+01		5.6453732e+01		3.3783034e+01		3.3779613e+01		3.4210073e-03
3.0100000e+02		3.0200000e+02		3.0150000e+02		1.3434477e+02		2.2707192e+01		6.5499305e+01		3.9326675e+01		3.9322118e+01		4.5562550e-03
3.0200000e+02		3.0300000e+02		3.0250000e+02		1.4142283e+02		2.4223413e+01		6.9641870e+01		4.1952126e+01		4.1946585e+01		5.5410626e-03
3.0300000e+02		3.0400000e+02		3.0350000e+02		1.8342160e+02		3.1743958e+01		9.0966938e+01		5.4976088e+01		5.4967810e+01		8.2776974e-03
3.0400000e+02		3.0500000e+02		3.0450000e+02		1.7556728e+02		3.0844683e+01		8.8102437e+01		5.3417888e+01		5.3408778e+01		9.1103938e-03
3.0500000e+02		3.0600000e+02		3.0550000e+02		1.7728071e+02		3.1554354e+01		8.9840818e+01		5.4646023e+01		5.4635474e+01		1.0548747e-02
3.0600000e+02		3.0700000e+02		3.0650000e+02		1.6814926e+02		3.0319478e+01		8.6051289e+01		5.2506498e+01		5.2495052e+01		1.1445803e-02
3.0700000e+02		3.0800000e+02		3.0750000e+02		1.8878816e+02		3.4370804e+01		9.7246256e+01		5.9521249e+01		5.9506590e+01		1.4658561e-02
3.0800000e+02		3.0900000e+02		3.0850000e+02		1.8529086e+02		3.4165051e+01		9.6364093e+01		5.9163611e+01		5.9147229e+01		1.6382043e-02
3.0900000e+02		3.1000000e+02		3.0950000e+02		1.5026991e+02		2.8083225e+01		7.8966103e+01		4.8630521e+01		4.8615425e+01		1.5096467e-02
3.1000000e+02		3.1100000e+02		3.1050000e+02		1.8913229e+02		3.5724537e+01		1.0014856e+02		6.1860950e+01		6.1839417e+01		2.1533000e-02
3.1100000e+02		3.1200000e+02		3.1150000e+02		2.2495083e+02		4.3029076e+01		1.2026247e+02		7.4507337e+01		7.4478365e+01		2.8972184e-02
3.1200000e+02		3.1300000e+02		3.1250000e+02		2.0030306e+02		3.8691699e+01		1.0782000e+02		6.6994679e+01		6.6965571e+01		2.9108233e-02
3.1300000e+02		3.1400000e+02		3.1350000e+02		2.1331645e+02		4.1807605e+01		1.1615682e+02		7.2387322e+01		7.2352387e+01		3.4934907e-02
3.1400000e+02		3.1500000e+02		3.1450000e+02		2.0119548e+02		3.9838655e+01		1.1036478e+02		6.8975466e+01		6.8938435e+01		3.7030821e-02
3.1500000e+02		3.1600000e+02		3.1550000e+02		1.9522773e+02		3.9053383e+01		1.0787806e+02		6.7612940e+01		6.7572637e+01		4.0303023e-02
3.1600000e+02		3.1700000e+02		3.1650000e+02		1.9043254e+02		3.8488709e+01		1.0601512e+02		6.6632182e+01		6.6588171e+01		4.4010818e-02
3.1700000e+02		3.1800000e+02		3.1750000e+02		2.4155434e+02		4.9440441e+01		1.3579360e+02		8.5587672e+01		8.5525267e+01		6.2405324e-02
3.1800000e+02		3.1900000e+02		3.1850000e+02		1.9952276e+02		4.1287392e+01		1.1308226e+02		7.1469769e+01		7.1412271e+01		5.7498167e-02
3.1900000e+02		3.2000000e+02		3.1950000e+02		2.1430874e+02		4.4816092e+01		1.2240629e+02		7.7573412e+01		7.7504653e+01		6.8759849e-02
3.2000000e+02		3.2100000e+02		3.2050000e+02		2.4621307e+02		5.2156060e+01		1.4205894e+02		9.0272647e+01		9.0184812e+01		8.7834941e-02
3.2100000e+02		3.2200000e+02		3.2150000e+02		2.0677326e+02		4.4033775e+01		1.1961453e+02		7.6208886e+01		7.6127130e+01		8.1756185e-02
3.2200000e+02		3.2300000e+02		3.2250000e+02		2.0765168e+02		4.4995701e+01		1.2188941e+02		7.7868183e+01		7.7777126e+01		9.1056727e-02
3.2300000e+02		3.2400000e+02		3.2350000e+02		2.0066974e+02		4.3895120e+01		1.1859028e+02		7.5957365e+01		7.5860087e+01		9.7277852e-02
3.2400000e+02		3.2500000e+02		3.2450000e+02		2.3629853e+02		5.2261550e+01		1.4081742e+02		9.0427079e+01		9.0300613e+01		1.2646619e-01
3.2500000e+02		3.2600000e+02		3.2550000e+02		2.7209498e+02		6.0199345e+01		1.6179249e+02		1.0415107e+02		1.0399090e+02		1.6016997e-01
3.2600000e+02		3.2700000e+02		3.2650000e+02		3.0699214e+02		6.9473445e+01		1.8620845e+02		1.2018560e+02		1.1998625e+02		1.9934893e-01
3.2700000e+02		3.2800000e+02		3.2750000e+02		2.9701525e+02		6.7896384e+01		1.8150942e+02		1.1744487e+02		1.1723298e+02		2.1189464e-01
3.2800000e+02		3.2900000e+02		3.2850000e+02		2.8673370e+02		6.6205972e+01		1.7653481e+02		1.1450784e+02		1.1428344e+02		2.2439514e-01
3.2900000e+02		3.3000000e+02		3.2950000e+02		3.3379807e+02		7.7737899e+01		2.0675709e+02		1.3443659e+02		1.3415054e+02		2.8604774e-01
3.3000000e+02		3.3100000e+02		3.3050000e+02		3.1443449e+02		7.3666164e+01		1.9543763e+02		1.2737798e+02		1.2708352e+02		2.9446153e-01
3.3100000e+02		3.3200000e+02		3.3150000e+02		3.0087994e+02		7.1994174e+01		1.9050172e+02		1.2447175e+02		1.2416327e+02		3.0847804e-01
3.3200000e+02		3.3300000e+02		3.3250000e+02		2.9519831e+02		7.1309250e+01		1.8821804e+02		1.2326962e+02		1.2293956e+02		3.3006461e-01
3.3300000e+02		3.3400000e+02		3.3350000e+02		2.8364288e+02		6.9178159e+01		1.8213985e+02		1.1956723e+02		1.1922183e+02		3.4540167e-01
3.3400000e+02		3.3500000e+02		3.3450000e+02		2.9883003e+02		7.3555791e+01		1.9318872e+02		1.2711266e+02		1.2671690e+02		3.9575254e-01
3.3500000e+02		3.3600000e+02		3.3550000e+02		2.9511053e+02		7.3402829e+01		1.9231292e+02		1.2682660e+02		1.2640200e+02		4.2459934e-01
3.3600000e+02		3.3700000e+02		3.3650000e+02		2.4313126e+02		6.1088492e+01		1.5965901e+02		1.0553054e+02		1.0515102e+02		3.7952370e-01
3.3700000e+02		3.3800000e+02		3.3750000e+02		2.5649874e+02		6.5151861e+01		1.6986444e+02		1.1252868e+02		1.1209476e+02		4.3392415e-01
3.3800000e+02		3.3900000e+02		3.3850000e+02		2.7748673e+02		7.1287052e+01		1.8540953e+02		1.2310079e+02		1.2259262e+02		5.0817285e-01
3.3900000e+02		3.4000000e+02		3.3950000e+02		2.9040264e+02		7.5277879e+01		1.9532095e+02		1.2996440e+02		1.2938969e+02		5.7470698e-01
3.4000000e+02		3.4100000e+02		3.4050000e+02		3.0654056e+02		8.0110880e+01		2.0736776e+02		1.3827688e+02		1.3762224e+02		6.5464514e-01
3.4100000e+02		3.4200000e+02		3.4150000e+02		2.7979685e+02		7.3205824e+01		1.8905729e+02		1.2632551e+02		1.2568252e+02		6.4298471e-01
3.4200000e+02		3.4300000e+02		3.4250000e+02		3.0344565e+02		8.0842065e+01		2.0827058e+02		1.3947167e+02		1.3871914e+02		7.5253056e-01
3.4300000e+02		3.4400000e+02		3.4350000e+02		2.9822260e+02		7.9890244e+01		2.0534106e+02		1.3779210e+02		1.3699726e+02		7.9483642e-01
3.4400000e+02		3.4500000e+02		3.4450000e+02		2.3986676e+02		6.5167712e+01		1.6710173e+02		1.1237034e+02		1.1168260e+02		6.8773050e-01
3.4500000e+02		3.4600000e+02		3.4550000e+02		2.8907088e+02		7.9156917e+01		2.0250186e+02		1.3645280e+02		1.3556352e+02		8.8928374e-01
3.4600000e+02		3.4700000e+02		3.4650000e+02		2.8069735e+02		7.7533673e+01		1.9788975e+02		1.3361458e+02		1.3268886e+02		9.2572583e-01
3.4700000e+02		3.4800000e+02		3.4750000e+02		2.7782009e+02		7.7304693e+01		1.9685180e+02		1.3317760e+02		1.3219672e+02		9.8087979e-01
3.4800000e+02		3.4900000e+02		3.4850000e+02		2.8744416e+02		8.1497916e+01		2.0703706e+02		1.4036171e+02		1.3927324e+02		1.0884761e+00
3.4900000e+02		3.5000000e+02		3.4950000e+02		2.7550877e+02		7.8877479e+01		1.9991939e+02		1.3580334e+02		1.3468803e+02		1.1153073e+00
3.5000000e+02		3.5100000e+02		3.5050000e+02		3.3002358e+02		9.5147874e+01		2.4060937e+02		1.6375718e+02		1.6233136e+02		1.4258195e+00
3.5100000e+02		3.5200000e+02		3.5150000e+02		3.0660572e+02		8.9270390e+01		2.2523026e+02		1.5358619e+02		1.5217282e+02		1.4133696e+00
3.5200000e+02		3.5300000e+02		3.5250000e+02		2.8324198e+02		8.3204641e+01		2.0944892e+02		1.4309605e+02		1.4170459e+02		1.3914574e+00
3.5300000e+02		3.5400000e+02		3.5350000e+02		3.2405327e+02		9.6330481e+01		2.4193570e+02		1.6560751e+02		1.6391122e+02		1.6962953e+00
3.5400000e+02		3.5500000e+02		3.5450000e+02		3.4586270e+02		1.0367876e+02		2.5980270e+02		1.7816725e+02		1.7624166e+02		1.9255938e+00
3.5500000e+02		3.5600000e+02		3.5550000e+02		3.2478382e+02		9.8240988e+01		2.4562051e+02		1.6875151e+02		1.6682969e+02		1.9218200e+00
3.5600000e+02		3.5700000e+02		3.5650000e+02		2.8234357e+02		8.6085599e+01		2.1474596e+02		1.4780630e+02		1.4603274e+02		1.7735600e+00
3.5700000e+02		3.5800000e+02		3.5750000e+02		2.4674321e+02		7.5815073e+01		1.8870124e+02		1.3011219e+02		1.2846836e+02		1.6438333e+00
3.5800000e+02		3.5900000e+02		3.5850000e+02		2.1181106e+02		6.5751867e+01		1.6328558e+02		1.1279017e+02		1.1129381e+02		1.4963562e+00
3.5900000e+02		3.6000000e+02		3.5950000e+02		3.0582840e+02		9.5625869e+01		2.3694297e+02		1.6395448e+02		1.6166724e+02		2.2872454e+00
3.6000000e+02		3.6100000e+02		3.6050000e+02		3.0178862e+02		9.5276771e+01		2.3554850e+02		1.6327532e+02		1.6088629e+02		2.3890283e+00
3.6100000e+02		3.6200000e+02		3.6150000e+02		2.8033735e+02		8.8819862e+01		2.1909931e+02		1.5212527e+02		1.4978220e+02		2.3430709e+00
3.6200000e+02		3.6300000e+02		3.6250000e+02		3.1645921e+02		1.0057500e+02		2.4754784e+02		1.7215863e+02		1.6936870e+02		2.7899364e+00
3.6300000e+02		3.6400000e+02		3.6350000e+02		3.0810145e+02		9.9058187e+01		2.4326723e+02		1.6947294e+02		1.6660310e+02		2.8698431e+00
3.6400000e+02		3.6500000e+02		3.6450000e+02		3.2221950e+02		1.0286616e+02		2.5206864e+02		1.7586239e+02		1.7271095e+02		3.1514401e+00
3.6500000e+02		3.6600000e+02		3.6550000e+02		3.6674574e+02		1.1881645e+02		2.9049814e+02		2.0302350e+02		1.9923600e+02		3.7874944e+00
3.6600000e+02		3.6700000e+02		3.6650000e+02		3.9198946e+02		1.2614383e+02		3.0773793e+02		2.1538049e+02		2.1113621e+02		4.2442780e+00
3.6700000e+02		3.6800000e+02		3.6750000e+02		3.7850004e+02		1.2301222e+02		2.9942647e+02		2.0990473e+02		2.0558989e+02		4.3148365e+00
3.6800000e+02		3.6900000e+02		3.6850000e+02		3.4895620e+02		1.1081342e+02		2.6914819e+02		1.8890146e+02		1.8475829e+02		4.1431681e+00
3.6900000e+02		3.7000000e+02		3.6950000e+02		3.8736224e+02		1.2557101e+02		3.0430132e+02		2.1394399e+02		2.0909272e+02		4.8512743e+00
3.7000000e+02		3.7100000e+02		3.7050000e+02		3.6351013e+02		1.2556011e+02		3.0357096e+02		2.1391671e+02		2.0905396e+02		4.8627466e+00
3.7100000e+02		3.7200000e+02		3.7150000e+02		3.7529261e+02		1.3071673e+02		3.1533697e+02		2.2255072e+02		2.1728154e+02		5.2691753e+00
3.7200000e+02		3.7300000e+02		3.7250000e+02		3.1177186e+02		1.0947357e+02		2.6350470e+02		1.8625304e+02		1.8166218e+02		4.5908657e+00
3.7300000e+02		3.7400000e+02		3.7350000e+02		2.7192112e+02		9.6250345e+01		2.3116217e+02		1.6363838e+02		1.5944179e+02		4.1965826e+00
3.7400000e+02		3.7500000e+02		3.7450000e+02		2.7832167e+02		9.9304562e+01		2.3796824e+02		1.6870709e+02		1.6420816e+02		4.4989382e+00
3.7500000e+02		3.7600000e+02		3.7550000e+02		3.1876744e+02		1.1463965e+02		2.7410684e+02		1.9461342e+02		1.8921997e+02		5.3934535e+00
3.7600000e+02		3.7700000e+02		3.7650000e+02		3.3048657e+02		1.1979245e+02		2.8579159e+02		2.0320464e+02		1.9735538e+02		5.8492647e+00
3.7700000e+02		3.7800000e+02		3.7750000e+02		3.8770864e+02		1.4163541e+02		3.3715268e+02		2.4006830e+02		2.3289471e+02		7.1735899e+00
3.7800000e+02		3.7900000e+02		3.7850000e+02		4.0380398e+02		1.4866332e+02		3.5309619e+02		2.5177817e+02		2.4397234e+02		7.8058263e+00
3.7900000e+02		3.8000000e+02		3.7950000e+02		3.2744385e+02		1.2148234e+02		2.8789652e+02		2.0557541e+02		1.9896633e+02		6.6090709e+00
3.8000000e+02		3.8100000e+02		3.8050000e+02		3.5656330e+02		1.3330065e+02		3.1520217e+02		2.2538582e+02		2.1787585e+02		7.5099649e+00
3.8100000e+02		3.8200000e+02		3.8150000e+02		3.2019140e+02		1.2061489e+02		2.8457130e+02		2.0376244e+02		1.9672920e+02		7.0332375e+00
3.8200000e+02		3.8300000e+02		3.8250000e+02		2.2964197e+02		8.7159473e+01		2.0518117e+02		1.4711577e+02		1.4185811e+02		5.2576549e+00
3.8300000e+02		3.8400000e+02		3.8350000e+02		2.0267593e+02		7.7502205e+01		1.8204099e+02		1.3069913e+02		1.2586528e+02		4.8338495e+00
3.8400000e+02		3.8500000e+02		3.8450000e+02		2.7111947e+02		1.0444742e+02		2.4478484e+02		1.7597988e+02		1.6924762e+02		6.7322579e+00
3.8500000e+02		3.8600000e+02		3.8550000e+02		2.8715912e+02		1.1144520e+02		2.6060293e+02		1.8759705e+02		1.8017721e+02		7.4198416e+00
3.8600000e+02		3.8700000e+02		3.8650000e+02		2.8837692e+02		1.1273993e+02		2.6304267e+02		1.8959828e+02		1.8184883e+02		7.7494569e+00
3.8700000e+02		3.8800000e+02		3.8750000e+02		2.8805300e+02		1.1343444e+02		2.6407259e+02		1.9058397e+02		1.8253774e+02		8.0462305e+00
3.8800000e+02		3.8900000e+02		3.8850000e+02		2.9209390e+02		1.1585832e+02		2.6911315e+02		1.9446713e+02		1.8599045e+02		8.4766866e+00
3.8900000e+02		3.9000000e+02		3.8950000e+02		3.5069332e+02		1.4010106e+02		3.2469665e+02		2.3492584e+02		2.2435784e+02		1.0567996e+01
3.9000000e+02		3.9100000e+02		3.9050000e+02		3.6838836e+02		1.4821974e+02		3.4274452e+02		2.4828970e+02		2.3676807e+02		1.1521633e+01
3.9100000e+02		3.9200000e+02		3.9150000e+02		3.9613874e+02		1.6051324e+02		3.7034184e+02		2.6860850e+02		2.5575612e+02		1.2852376e+01
3.9200000e+02		3.9300000e+02		3.9250000e+02		3.0403432e+02		1.2405858e+02		2.8559168e+02		2.0738861e+02		1.9716098e+02		1.0227634e+01
3.9300000e+02		3.9400000e+02		3.9350000e+02		1.8639471e+02		7.6587123e+01		1.7591412e+02		1.2789576e+02		1.2139754e+02		6.4982210e+00
3.9400000e+02		3.9500000e+02		3.9450000e+02		3.0813115e+02		1.2748327e+02		2.9216201e+02		2.1266156e+02		2.0153400e+02		1.1127560e+01
3.9500000e+02		3.9600000e+02		3.9550000e+02		3.7840801e+02		1.5763434e+02		3.6045113e+02		2.6267288e+02		2.4852386e+02		1.4149027e+01
3.9600000e+02		3.9700000e+02		3.9650000e+02		2.6140326e+02		1.0963312e+02		2.5012798e+02		1.8248525e+02		1.7236998e+02		1.0115261e+01
3.9700000e+02		3.9800000e+02		3.9750000e+02		2.9300657e+02		1.2371834e+02		2.8162978e+02		2.0570043e+02		1.9397171e+02		1.1728727e+01
3.9800000e+02		3.9900000e+02		3.9850000e+02		4.5124719e+02		1.9180703e+02		4.3564522e+02		3.1854724e+02		2.9987057e+02		1.8676671e+01
3.9900000e+02		4.0000000e+02		3.9950000e+02		4.9846141e+02		2.1328158e+02		4.8333158e+02		3.5380534e+02		3.3248280e+02		2.1322543e+01
4.0000000e+02		4.0100000e+02		4.0050000e+02		5.1407199e+02		2.2143007e+02		5.0066736e+02		3.6689693e+02		3.4417828e+02		2.2718649e+01
4.0100000e+02		4.0200000e+02		4.0150000e+02		5.3860814e+02		2.3352558e+02		5.2682761e+02		3.8648394e+02		3.6190336e+02		2.4580579e+01
4.0200000e+02		4.0300000e+02		4.0250000e+02		5.4526519e+02		2.3795107e+02		5.3560314e+02		3.9333957e+02		3.6765312e+02		2.5686447e+01
4.0300000e+02		4.0400000e+02		4.0350000e+02		5.2165796e+02		2.2911968e+02		5.1456331e+02		3.7828502e+02		3.5292897e+02		2.5356048e+01
4.0400000e+02		4.0500000e+02		4.0450000e+02		5.1300620e+02		2.2676408e+02		5.0812584e+02		3.7393978e+02		3.4822144e+02		2.5718341e+01
4.0500000e+02		4.0600000e+02		4.0550000e+02		5.1256585e+02		2.2801055e+02		5.0976759e+02		3.7553202e+02		3.4903955e+02		2.6492471e+01
4.0600000e+02		4.0700000e+02		4.0650000e+02		4.9035274e+02		2.1950587e+02		4.8964731e+02		3.6107454e+02		3.3495507e+02		2.6119472e+01
4.0700000e+02		4.0800000e+02		4.0750000e+02		4.9838294e+02		2.2449761e+02		4.9965316e+02		3.6882070e+02		3.4147210e+02		2.7348597e+01
4.0800000e+02		4.0900000e+02		4.0850000e+02		5.2990289e+02		2.4017882e+02		5.3334852e+02		3.9408088e+02		3.6413618e+02		2.9944699e+01
4.0900000e+02		4.1000000e+02		4.0950000e+02		5.2713439e+02		2.4039676e+02		5.3262834e+02		3.9393147e+02		3.6326703e+02		3.0664438e+01
4.1000000e+02		4.1100000e+02		4.1050000e+02		4.8293937e+02		2.2158879e+02		4.8984941e+02		3.6263999e+02		3.3373074e+02		2.8909256e+01
4.1100000e+02		4.1200000e+02		4.1150000e+02		5.5986852e+02		2.5844511e+02		5.7003586e+02		4.2240263e+02		3.8792764e+02		3.4474987e+01
4.1200000e+02		4.1300000e+02		4.1250000e+02		5.4940473e+02		2.5514149e+02		5.6147953e+02		4.1645142e+02		3.8166340e+02		3.4788018e+01
4.1300000e+02		4.1400000e+02		4.1350000e+02		5.2995399e+02		2.4757836e+02		5.4360634e+02		4.0356699e+02		3.6907308e+02		3.4493917e+01
4.1400000e+02		4.1500000e+02		4.1450000e+02		5.3771640e+02		2.5269296e+02		5.5358463e+02		4.1134916e+02		3.7538460e+02		3.5964564e+01
4.1500000e+02		4.1600000e+02		4.1550000e+02		5.3722776e+02		2.5394714e+02		5.5507711e+02		4.1282900e+02		3.7591854e+02		3.6910466e+01
4.1600000e+02		4.1700000e+02		4.1650000e+02		5.5745703e+02		2.6504579e+02		5.7802973e+02		4.3028104e+02		3.9095080e+02		3.9330239e+01
4.1700000e+02		4.1800000e+02		4.1750000e+02		5.0725322e+02		2.4257084e+02		5.2782182e+02		3.9325061e+02		3.5651217e+02		3.6738446e+01
4.1800000e+02		4.1900000e+02		4.1850000e+02		5.2601513e+02		2.5298357e+02		5.4923847e+02		4.0956014e+02		3.7046413e+02		3.9096002e+01
4.1900000e+02		4.2000000e+02		4.1950000e+02		5.3123875e+02		2.5695269e+02		5.5659796e+02		4.1540218e+02		3.7489551e+02		4.0506671e+01
4.2000000e+02		4.2100000e+02		4.2050000e+02		5.3797708e+02		2.6168116e+02		5.6556330e+02		4.2244824e+02		3.8037900e+02		4.2069239e+01
4.2100000e+02		4.2200000e+02		4.2150000e+02		5.2958361e+02		2.5904103e+02		5.5859631e+02		4.1759045e+02		3.7513196e+02		4.2458488e+01
4.2200000e+02		4.2300000e+02		4.2250000e+02		5.0190537e+02		2.4686622e+02		5.3114412e+02		3.9739303e+02		3.5615023e+02		4.1242791e+01
4.2300000e+02		4.2400000e+02		4.2350000e+02		5.3474862e+02		2.6446969e+02		5.6773846e+02		4.2511531e+02		3.8009161e+02		4.5023701e+01
4.2400000e+02		4.2500000e+02		4.2450000e+02		5.5328403e+02		2.7513225e+02		5.8929961e+02		4.4161153e+02		3.9389422e+02		4.7717312e+01
4.2500000e+02		4.2600000e+02		4.2550000e+02		5.3248014e+02		2.6622248e+02		5.6893448e+02		4.2668525e+02		3.7965898e+02		4.7026264e+01
4.2600000e+02		4.2700000e+02		4.2650000e+02		5.3029841e+02		2.6655728e+02		5.6837061e+02		4.2659273e+02		3.7864794e+02		4.7944786e+01
4.2700000e+02		4.2800000e+02		4.2750000e+02		4.9171747e+02		2.4848252e+02		5.2864139e+02		3.9707712e+02		3.5157860e+02		4.5498522e+01
4.2800000e+02		4.2900000e+02		4.2850000e+02		4.9494538e+02		2.5143670e+02		5.3372681e+02		4.0119916e+02		3.5434178e+02		4.6857372e+01
4.2900000e+02		4.3000000e+02		4.2950000e+02		4.6063718e+02		2.3523551e+02		4.9821764e+02		3.7478558e+02		3.3017901e+02		4.4606568e+01
4.3000000e+02		4.3100000e+02		4.3050000e+02		3.7055843e+02		1.9021928e+02		4.0197357e+02		3.0260743e+02		2.6591322e+02		3.6694213e+01
4.3100000e+02		4.3200000e+02		4.3150000e+02		4.5818753e+02		2.3641587e+02		4.9847946e+02		3.7552880e+02		3.2914473e+02		4.6384068e+01
4.3200000e+02		4.3300000e+02		4.3250000e+02		5.1625369e+02		2.6774029e+02		5.6326538e+02		4.2463769e+02		3.7122325e+02		5.3414443e+01
4.3300000e+02		4.3400000e+02		4.3350000e+02		5.6047485e+02		2.9214987e+02		6.1324605e+02		4.6264239e+02		4.0338963e+02		5.9252762e+01
4.3400000e+02		4.3500000e+02		4.3450000e+02		4.7595241e+02		2.4934121e+02		5.2222053e+02		3.9424437e+02		3.4284456e+02		5.1399807e+01
4.3500000e+02		4.3600000e+02		4.3550000e+02		5.3162725e+02		2.7989863e+02		5.8491484e+02		4.4187644e+02		3.8324361e+02		5.8632831e+01
4.3600000e+02		4.3700000e+02		4.3650000e+02		5.9481241e+02		3.1471595e+02		6.5621145e+02		4.9607172e+02		4.2909235e+02		6.6979368e+01
4.3700000e+02		4.3800000e+02		4.3750000e+02		5.2629983e+02		2.7983335e+02		5.8218226e+02		4.4040063e+02		3.7990627e+02		6.0494367e+01
4.3800000e+02		4.3900000e+02		4.3850000e+02		5.1257868e+02		2.7386512e+02		5.6850197e+02		4.3033348e+02		3.7020811e+02		6.0125365e+01
4.3900000e+02		4.4000000e+02		4.3950000e+02		5.7051902e+02		3.0629401e+02		6.3441127e+02		4.8053403e+02		4.1225632e+02		6.8277710e+01
4.4000000e+02		4.4100000e+02		4.4050000e+02		5.4089681e+02		2.9178057e+02		6.0301393e+02		4.5704248e+02		3.9101389e+02		6.6028598e+01
4.4100000e+02		4.4200000e+02		4.4150000e+02		5.9491633e+02		3.2242449e+02		6.6487471e+02		5.0424161e+02		4.3018394e+02		7.4057672e+01
4.4200000e+02		4.4300000e+02		4.4250000e+02		6.2544254e+02		3.4055065e+02		7.0070556e+02		5.3174197e+02		4.5236352e+02		7.9378449e+01
4.4300000e+02		4.4400000e+02		4.4350000e+02		6.0497206e+02		3.3094533e+02		6.7944313e+02		5.1592078e+02		4.3765661e+02		7.8264171e+01
4.4400000e+02		4.4500000e+02		4.4450000e+02		6.2324411e+02		3.4249462e+02		7.0161070e+02		5.3306924e+02		4.5090439e+02		8.2164848e+01
4.4500000e+02		4.4600000e+02		4.4550000e+02		5.7783999e+02		3.1900793e+02		6.5206376e+02		4.9571816e+02		4.1810089e+02		7.7617269e+01
4.4600000e+02		4.4700000e+02		4.4650000e+02		5.8940025e+02		3.2690465e+02		6.6674015e+02		5.0717537e+02		4.2652509e+02		8.0650277e+01
4.4700000e+02		4.4800000e+02		4.4750000e+02		6.3881895e+02		3.5592295e+02		7.2433772e+02		5.5130600e+02		4.6228124e+02		8.9024752e+01
4.4800000e+02		4.4900000e+02		4.4850000e+02		6.2805979e+02		3.5150520e+02		7.1378637e+02		5.4358365e+02		4.5446250e+02		8.9121149e+01
4.4900000e+02		4.5000000e+02		4.4950000e+02		6.3454704e+02		3.5671742e+02		7.2279351e+02		5.5075021e+02		4.5908651e+02		9.1663698e+01
4.5000000e+02		4.5100000e+02		4.5050000e+02		6.7325368e+02		3.8014453e+02		7.6858891e+02		5.8596659e+02		4.8698023e+02		9.8986363e+01
4.5100000e+02		4.5200000e+02		4.5150000e+02		6.7122600e+02		3.8065501e+02		7.6795246e+02		5.8579783e+02		4.8537313e+02		1.0042470e+02
4.5200000e+02		4.5300000e+02		4.5250000e+02		6.3541039e+02		3.6190452e+02		7.2854472e+02		5.5603331e+02		4.5931364e+02		9.6719667e+01
4.5300000e+02		4.5400000e+02		4.5350000e+02		6.0888666e+02		3.4828707e+02		6.9961808e+02		5.3423619e+02		4.3996034e+02		9.4275853e+01
4.5400000e+02		4.5500000e+02		4.5450000e+02		6.4999363e+02		3.7338390e+02		7.4841556e+02		5.7179366e+02		4.6944255e+02		1.0235111e+02
4.5500000e+02		4.5600000e+02		4.5550000e+02		6.4380306e+02		3.7138950e+02		7.4281820e+02		5.6780592e+02		4.6472624e+02		1.0307969e+02
4.5600000e+02		4.5700000e+02		4.5650000e+02		6.6853861e+02		3.8727354e+02		7.7292721e+02		5.9111703e+02		4.8229888e+02		1.0881815e+02
4.5700000e+02		4.5800000e+02		4.5750000e+02		6.7499745e+02		3.9263857e+02		7.8195869e+02		5.9831909e+02		4.8664533e+02		1.1167376e+02
4.5800000e+02		4.5900000e+02		4.5850000e+02		6.3439039e+02		3.7053719e+02		7.3636813e+02		5.6370894e+02		4.5704928e+02		1.0665966e+02
4.5900000e+02		4.6000000e+02		4.5950000e+02		6.5539586e+02		3.8436892e+02		7.6223008e+02		5.8378600e+02		4.7182587e+02		1.1196013e+02
4.6000000e+02		4.6100000e+02		4.6050000e+02		6.4752339e+02		3.8128921e+02		7.5451748e+02		5.7815108e+02		4.6578018e+02		1.1237090e+02
4.6100000e+02		4.6200000e+02		4.6150000e+02		6.6245412e+02		3.9164679e+02		7.7337248e+02		5.9287348e+02		4.7610746e+02		1.1676602e+02
4.6200000e+02		4.6300000e+02		4.6250000e+02		6.6901120e+02		3.9709756e+02		7.8247978e+02		6.0012896e+02		4.8037745e+02		1.1975151e+02
4.6300000e+02		4.6400000e+02		4.6350000e+02		6.4662616e+02		3.8532539e+02		7.5768337e+02		5.8137221e+02		4.6385176e+02		1.1752045e+02
4.6400000e+02		4.6500000e+02		4.6450000e+02		6.5795753e+02		3.9361200e+02		7.7235180e+02		5.9288940e+02		4.7149538e+02		1.2139402e+02
4.6500000e+02		4.6600000e+02		4.6550000e+02		6.3552746e+02		3.8166875e+02		7.4734764e+02		5.7394486e+02		4.5493016e+02		1.1901470e+02
4.6600000e+02		4.6700000e+02		4.6650000e+02		6.3955371e+02		3.8556440e+02		7.5339857e+02		5.7883968e+02		4.5729422e+02		1.2154546e+02
4.6700000e+02		4.6800000e+02		4.6750000e+02		6.4572639e+02		3.9076309e+02		7.6196658e+02		5.8566824e+02		4.6115053e+02		1.2451770e+02
4.6800000e+02		4.6900000e+02		4.6850000e+02		6.3145002e+02		3.8356981e+02		7.4638656e+02		5.7393113e+02		4.5039972e+02		1.2353141e+02
4.6900000e+02		4.7000000e+02		4.6950000e+02		6.4956875e+02		3.9604815e+02		7.6907234e+02		5.9161562e+02		4.6271759e+02		1.2889803e+02
4.7000000e+02		4.7100000e+02		4.7050000e+02		6.1381170e+02		3.7563790e+02		7.2793229e+02		5.6019314e+02		4.3666239e+02		1.2353075e+02
4.7100000e+02		4.7200000e+02		4.7150000e+02		6.4174114e+02		3.9417493e+02		7.6228212e+02		5.8685906e+02		4.5589554e+02		1.3096352e+02
4.7200000e+02		4.7300000e+02		4.7250000e+02		6.5742798e+02		4.0528568e+02		7.8216046e+02		6.0239686e+02		4.6637005e+02		1.3602681e+02
4.7300000e+02		4.7400000e+02		4.7350000e+02		6.4563741e+02		3.9944851e+02		7.6931856e+02		5.9273143e+02		4.5731230e+02		1.3541914e+02
4.7400000e+02		4.7500000e+02		4.7450000e+02		6.6512717e+02		4.1300346e+02		7.9380221e+02		6.1182788e+02		4.7042364e+02		1.4140424e+02
4.7500000e+02		4.7600000e+02		4.7550000e+02		6.6365303e+02		4.1356899e+02		7.9327312e+02		6.1164818e+02		4.6866039e+02		1.4298779e+02
4.7600000e+02		4.7700000e+02		4.7650000e+02		6.3952653e+02		3.9994445e+02		7.6558532e+02		5.9051492e+02		4.5089458e+02		1.3962034e+02
4.7700000e+02		4.7800000e+02		4.7750000e+02		6.6772274e+02		4.1904085e+02		8.0052034e+02		6.1768230e+02		4.6999073e+02		1.4769157e+02
4.7800000e+02		4.7900000e+02		4.7850000e+02		6.6128260e+02		4.1644105e+02		7.9395256e+02		6.1283038e+02		4.6466215e+02		1.4816823e+02
4.7900000e+02		4.8000000e+02		4.7950000e+02		6.6320839e+02		4.1909257e+02		7.9740499e+02		6.1570841e+02		4.6519807e+02		1.5051034e+02
4.8000000e+02		4.8100000e+02		4.8050000e+02		6.6489751e+02		4.2159509e+02		8.0056293e+02		6.1835733e+02		4.6554446e+02		1.5281287e+02
4.8100000e+02		4.8200000e+02		4.8150000e+02		6.6630748e+02		4.2391999e+02		8.0337401e+02		6.2073644e+02		4.6567271e+02		1.5506373e+02
4.8200000e+02		4.8300000e+02		4.8250000e+02		6.6376999e+02		4.2372373e+02		8.0140793e+02		6.1942123e+02		4.6302525e+02		1.5639598e+02
4.8300000e+02		4.8400000e+02		4.8350000e+02		6.5373157e+02		4.1870208e+02		7.9034372e+02		6.1106684e+02		4.5513993e+02		1.5592692e+02
4.8400000e+02		4.8500000e+02		4.8450000e+02		6.4242337e+02		4.1281174e+02		7.7768922e+02		6.0147330e+02		4.4637804e+02		1.5509526e+02
4.8500000e+02		4.8600000e+02		4.8550000e+02		6.0369332e+02		3.8918481e+02		7.3173896e+02		5.6611056e+02		4.1861081e+02		1.4749975e+02
4.8600000e+02		4.8700000e+02		4.8650000e+02		5.2412565e+02		3.3899433e+02		6.3612423e+02		4.9229061e+02		3.6270288e+02		1.2958773e+02
4.8700000e+02		4.8800000e+02		4.8750000e+02		5.9966111e+02		3.8908978e+02		7.2870510e+02		5.6410742e+02		4.1409617e+02		1.5001125e+02
4.8800000e+02		4.8900000e+02		4.8850000e+02		6.3081686e+02		4.1061126e+02		7.6751771e+02		5.9432963e+02		4.3468232e+02		1.5964731e+02
4.8900000e+02		4.9000000e+02		4.8950000e+02		6.1880396e+02		4.0406794e+02		7.5382523e+02		5.8389744e+02		4.2548116e+02		1.5841628e+02
4.9000000e+02		4.9100000e+02		4.9050000e+02		6.5907671e+02		4.3172117e+02		8.0386201e+02		6.2283431e+02		4.5217855e+02		1.7065576e+02
4.9100000e+02		4.9200000e+02		4.9150000e+02		6.2110374e+02		4.0811173e+02		7.5844201e+02		5.8780821e+02		4.2516644e+02		1.6264177e+02
4.9200000e+02		4.9300000e+02		4.9250000e+02		5.9112858e+02		3.8962319e+02		7.2269724e+02		5.6026171e+02		4.0373509e+02		1.5652662e+02
4.9300000e+02		4.9400000e+02		4.9350000e+02		6.2472140e+02		4.1302559e+02		7.6464553e+02		5.9294304e+02		4.2568927e+02		1.6725377e+02
4.9400000e+02		4.9500000e+02		4.9450000e+02		6.4279699e+02		4.2626573e+02		7.8765940e+02		6.1095247e+02		4.3697352e+02		1.7397895e+02
4.9500000e+02		4.9600000e+02		4.9550000e+02		6.3133158e+02		4.1992150e+02		7.7446941e+02		6.0087927e+02		4.2815069e+02		1.7272858e+02
4.9600000e+02		4.9700000e+02		4.9650000e+02		6.3921352e+02		4.2643178e+02		7.8499543e+02		6.0920301e+02		4.3244138e+02		1.7676164e+02
4.9700000e+02		4.9800000e+02		4.9750000e+02		6.5113923e+02		4.3567195e+02		8.0050097e+02		6.2139353e+02		4.3942199e+02		1.8197154e+02
4.9800000e+02		4.9900000e+02		4.9850000e+02		5.9175801e+02		3.9709935e+02		7.2826503e+02		5.6546028e+02		3.9834622e+02		1.6711405e+02
4.9900000e+02		5.0000000e+02		4.9950000e+02		6.3385792e+02		4.2657784e+02		7.8087214e+02		6.0645372e+02		4.2559089e+02		1.8086283e+02
