Left Bin Edge (nm)	Right Bin Edge (nm)	Bin Center (nm)		Top of Atm Intensity (erg/s/nm/cm2)		Total Surface Flux (erg/s/nm/cm2)		Total Intensity at BOA (erg/s/nm/cm2)		Total Surface Intensity (erg/s/nm/cm2)		Total Surface Diffuse Intensity (erg/s/nm/cm2)		Total Surface Direct Intensity (erg/s/nm/cm2)
1.0000000e+02		1.0100000e+02		1.0050000e+02		1.9189487e-02		0.0000000e+00		0.0000000e+00		0.0000000e+00		0.0000000e+00		0.0000000e+00
1.0100000e+02		1.0200000e+02		1.0150000e+02		7.4861701e-02		0.0000000e+00		0.0000000e+00		0.0000000e+00		0.0000000e+00		0.0000000e+00
1.0200000e+02		1.0300000e+02		1.0250000e+02		3.9734366e-01		0.0000000e+00		0.0000000e+00		0.0000000e+00		0.0000000e+00		0.0000000e+00
1.0300000e+02		1.0400000e+02		1.0350000e+02		3.0179545e-01		0.0000000e+00		0.0000000e+00		0.0000000e+00		0.0000000e+00		0.0000000e+00
1.0400000e+02		1.0500000e+02		1.0450000e+02		6.0815352e-02		0.0000000e+00		0.0000000e+00		0.0000000e+00		0.0000000e+00		0.0000000e+00
1.0500000e+02		1.0600000e+02		1.0550000e+02		2.0834600e-02		0.0000000e+00		0.0000000e+00		0.0000000e+00		0.0000000e+00		0.0000000e+00
1.0600000e+02		1.0700000e+02		1.0650000e+02		1.9584792e-02		0.0000000e+00		0.0000000e+00		0.0000000e+00		0.0000000e+00		0.0000000e+00
1.0700000e+02		1.0800000e+02		1.0750000e+02		2.1853879e-02		0.0000000e+00		0.0000000e+00		0.0000000e+00		0.0000000e+00		0.0000000e+00
1.0800000e+02		1.0900000e+02		1.0850000e+02		3.0634999e-02		0.0000000e+00		0.0000000e+00		0.0000000e+00		0.0000000e+00		0.0000000e+00
1.0900000e+02		1.1000000e+02		1.0950000e+02		2.4032561e-02		0.0000000e+00		0.0000000e+00		0.0000000e+00		0.0000000e+00		0.0000000e+00
1.1000000e+02		1.1100000e+02		1.1050000e+02		2.3268893e-02		0.0000000e+00		0.0000000e+00		0.0000000e+00		0.0000000e+00		0.0000000e+00
1.1100000e+02		1.1200000e+02		1.1150000e+02		2.1871272e-02		0.0000000e+00		0.0000000e+00		0.0000000e+00		0.0000000e+00		0.0000000e+00
1.1200000e+02		1.1300000e+02		1.1250000e+02		2.2375602e-02		0.0000000e+00		0.0000000e+00		0.0000000e+00		0.0000000e+00		0.0000000e+00
1.1300000e+02		1.1400000e+02		1.1350000e+02		1.7748133e-02		0.0000000e+00		0.0000000e+00		0.0000000e+00		0.0000000e+00		0.0000000e+00
1.1400000e+02		1.1500000e+02		1.1450000e+02		1.3589480e-02		0.0000000e+00		0.0000000e+00		0.0000000e+00		0.0000000e+00		0.0000000e+00
1.1500000e+02		1.1600000e+02		1.1550000e+02		1.8751615e-02		0.0000000e+00		0.0000000e+00		0.0000000e+00		0.0000000e+00		0.0000000e+00
1.1600000e+02		1.1700000e+02		1.1650000e+02		4.3674487e-02		0.0000000e+00		0.0000000e+00		0.0000000e+00		0.0000000e+00		0.0000000e+00
1.1700000e+02		1.1800000e+02		1.1750000e+02		1.5546757e-01		0.0000000e+00		0.0000000e+00		0.0000000e+00		0.0000000e+00		0.0000000e+00
1.1800000e+02		1.1900000e+02		1.1850000e+02		5.2889236e-02		0.0000000e+00		0.0000000e+00		0.0000000e+00		0.0000000e+00		0.0000000e+00
1.1900000e+02		1.2000000e+02		1.1950000e+02		7.3692884e-02		0.0000000e+00		0.0000000e+00		0.0000000e+00		0.0000000e+00		0.0000000e+00
1.2000000e+02		1.2100000e+02		1.2050000e+02		4.0066072e-01		0.0000000e+00		0.0000000e+00		0.0000000e+00		0.0000000e+00		0.0000000e+00
1.2100000e+02		1.2200000e+02		1.2150000e+02		1.5905289e+01		0.0000000e+00		0.0000000e+00		0.0000000e+00		0.0000000e+00		0.0000000e+00
1.2200000e+02		1.2300000e+02		1.2250000e+02		1.0666543e-01		0.0000000e+00		0.0000000e+00		0.0000000e+00		0.0000000e+00		0.0000000e+00
1.2300000e+02		1.2400000e+02		1.2350000e+02		5.7456553e-02		0.0000000e+00		0.0000000e+00		0.0000000e+00		0.0000000e+00		0.0000000e+00
1.2400000e+02		1.2500000e+02		1.2450000e+02		4.6184197e-02		0.0000000e+00		0.0000000e+00		0.0000000e+00		0.0000000e+00		0.0000000e+00
1.2500000e+02		1.2600000e+02		1.2550000e+02		4.5085118e-02		0.0000000e+00		0.0000000e+00		0.0000000e+00		0.0000000e+00		0.0000000e+00
1.2600000e+02		1.2700000e+02		1.2650000e+02		6.3054464e-02		0.0000000e+00		0.0000000e+00		0.0000000e+00		0.0000000e+00		0.0000000e+00
1.2700000e+02		1.2800000e+02		1.2750000e+02		3.3006429e-02		0.0000000e+00		0.0000000e+00		0.0000000e+00		0.0000000e+00		0.0000000e+00
1.2800000e+02		1.2900000e+02		1.2850000e+02		2.6335196e-02		0.0000000e+00		0.0000000e+00		0.0000000e+00		0.0000000e+00		0.0000000e+00
1.2900000e+02		1.3000000e+02		1.2950000e+02		3.5131240e-02		0.0000000e+00		0.0000000e+00		0.0000000e+00		0.0000000e+00		0.0000000e+00
1.3000000e+02		1.3100000e+02		1.3050000e+02		2.8850634e-01		0.0000000e+00		0.0000000e+00		0.0000000e+00		0.0000000e+00		0.0000000e+00
1.3100000e+02		1.3200000e+02		1.3150000e+02		3.9064855e-02		0.0000000e+00		0.0000000e+00		0.0000000e+00		0.0000000e+00		0.0000000e+00
1.3200000e+02		1.3300000e+02		1.3250000e+02		3.0374778e-02		0.0000000e+00		0.0000000e+00		0.0000000e+00		0.0000000e+00		0.0000000e+00
1.3300000e+02		1.3400000e+02		1.3350000e+02		4.1056606e-01		0.0000000e+00		0.0000000e+00		0.0000000e+00		0.0000000e+00		0.0000000e+00
1.3400000e+02		1.3500000e+02		1.3450000e+02		2.8092500e-02		0.0000000e+00		0.0000000e+00		0.0000000e+00		0.0000000e+00		0.0000000e+00
1.3500000e+02		1.3600000e+02		1.3550000e+02		5.8954708e-02		0.0000000e+00		0.0000000e+00		0.0000000e+00		0.0000000e+00		0.0000000e+00
1.3600000e+02		1.3700000e+02		1.3650000e+02		3.8690656e-02		0.0000000e+00		0.0000000e+00		0.0000000e+00		0.0000000e+00		0.0000000e+00
1.3700000e+02		1.3800000e+02		1.3750000e+02		3.9732879e-02		0.0000000e+00		0.0000000e+00		0.0000000e+00		0.0000000e+00		0.0000000e+00
1.3800000e+02		1.3900000e+02		1.3850000e+02		4.0549866e-02		0.0000000e+00		0.0000000e+00		0.0000000e+00		0.0000000e+00		0.0000000e+00
1.3900000e+02		1.4000000e+02		1.3950000e+02		1.3692187e-01		0.0000000e+00		0.0000000e+00		0.0000000e+00		0.0000000e+00		0.0000000e+00
1.4000000e+02		1.4100000e+02		1.4050000e+02		1.1939088e-01		0.0000000e+00		0.0000000e+00		0.0000000e+00		0.0000000e+00		0.0000000e+00
1.4100000e+02		1.4200000e+02		1.4150000e+02		5.7521948e-02		0.0000000e+00		0.0000000e+00		0.0000000e+00		0.0000000e+00		0.0000000e+00
1.4200000e+02		1.4300000e+02		1.4250000e+02		6.2343151e-02		0.0000000e+00		0.0000000e+00		0.0000000e+00		0.0000000e+00		0.0000000e+00
1.4300000e+02		1.4400000e+02		1.4350000e+02		6.9165895e-02		0.0000000e+00		0.0000000e+00		0.0000000e+00		0.0000000e+00		0.0000000e+00
1.4400000e+02		1.4500000e+02		1.4450000e+02		6.6149126e-02		0.0000000e+00		0.0000000e+00		0.0000000e+00		0.0000000e+00		0.0000000e+00
1.4500000e+02		1.4600000e+02		1.4550000e+02		7.0536262e-02		0.0000000e+00		0.0000000e+00		0.0000000e+00		0.0000000e+00		0.0000000e+00
1.4600000e+02		1.4700000e+02		1.4650000e+02		8.6012655e-02		0.0000000e+00		0.0000000e+00		0.0000000e+00		0.0000000e+00		0.0000000e+00
1.4700000e+02		1.4800000e+02		1.4750000e+02		1.0610345e-01		0.0000000e+00		0.0000000e+00		0.0000000e+00		0.0000000e+00		0.0000000e+00
1.4800000e+02		1.4900000e+02		1.4850000e+02		1.0405386e-01		0.0000000e+00		0.0000000e+00		0.0000000e+00		0.0000000e+00		0.0000000e+00
1.4900000e+02		1.5000000e+02		1.4950000e+02		9.4002421e-02		0.0000000e+00		0.0000000e+00		0.0000000e+00		0.0000000e+00		0.0000000e+00
1.5000000e+02		1.5100000e+02		1.5050000e+02		1.0343288e-01		0.0000000e+00		0.0000000e+00		0.0000000e+00		0.0000000e+00		0.0000000e+00
1.5100000e+02		1.5200000e+02		1.5150000e+02		1.0875212e-01		0.0000000e+00		0.0000000e+00		0.0000000e+00		0.0000000e+00		0.0000000e+00
1.5200000e+02		1.5300000e+02		1.5250000e+02		1.3876638e-01		0.0000000e+00		0.0000000e+00		0.0000000e+00		0.0000000e+00		0.0000000e+00
1.5300000e+02		1.5400000e+02		1.5350000e+02		1.5371418e-01		0.0000000e+00		0.0000000e+00		0.0000000e+00		0.0000000e+00		0.0000000e+00
1.5400000e+02		1.5500000e+02		1.5450000e+02		4.1112511e-01		0.0000000e+00		0.0000000e+00		0.0000000e+00		0.0000000e+00		0.0000000e+00
1.5500000e+02		1.5600000e+02		1.5550000e+02		3.3836363e-01		0.0000000e+00		0.0000000e+00		0.0000000e+00		0.0000000e+00		0.0000000e+00
1.5600000e+02		1.5700000e+02		1.5650000e+02		2.0084632e-01		0.0000000e+00		0.0000000e+00		0.0000000e+00		0.0000000e+00		0.0000000e+00
1.5700000e+02		1.5800000e+02		1.5750000e+02		1.8216796e-01		0.0000000e+00		0.0000000e+00		0.0000000e+00		0.0000000e+00		0.0000000e+00
1.5800000e+02		1.5900000e+02		1.5850000e+02		1.6795176e-01		0.0000000e+00		0.0000000e+00		0.0000000e+00		0.0000000e+00		0.0000000e+00
1.5900000e+02		1.6000000e+02		1.5950000e+02		1.6379377e-01		0.0000000e+00		0.0000000e+00		0.0000000e+00		0.0000000e+00		0.0000000e+00
1.6000000e+02		1.6100000e+02		1.6050000e+02		1.7926410e-01		0.0000000e+00		0.0000000e+00		0.0000000e+00		0.0000000e+00		0.0000000e+00
1.6100000e+02		1.6200000e+02		1.6150000e+02		2.0306941e-01		0.0000000e+00		0.0000000e+00		0.0000000e+00		0.0000000e+00		0.0000000e+00
1.6200000e+02		1.6300000e+02		1.6250000e+02		2.2492895e-01		0.0000000e+00		0.0000000e+00		0.0000000e+00		0.0000000e+00		0.0000000e+00
1.6300000e+02		1.6400000e+02		1.6350000e+02		4.7671727e-01		0.0000000e+00		0.0000000e+00		0.0000000e+00		0.0000000e+00		0.0000000e+00
1.6400000e+02		1.6500000e+02		1.6450000e+02		4.8753270e-01		0.0000000e+00		0.0000000e+00		0.0000000e+00		0.0000000e+00		0.0000000e+00
1.6500000e+02		1.6600000e+02		1.6550000e+02		5.7072689e-01		0.0000000e+00		0.0000000e+00		0.0000000e+00		0.0000000e+00		0.0000000e+00
1.6600000e+02		1.6700000e+02		1.6650000e+02		2.6919628e-01		0.0000000e+00		0.0000000e+00		0.0000000e+00		0.0000000e+00		0.0000000e+00
1.6700000e+02		1.6800000e+02		1.6750000e+02		2.8728373e-01		0.0000000e+00		0.0000000e+00		0.0000000e+00		0.0000000e+00		0.0000000e+00
1.6800000e+02		1.6900000e+02		1.6850000e+02		3.0958866e-01		0.0000000e+00		0.0000000e+00		0.0000000e+00		0.0000000e+00		0.0000000e+00
1.6900000e+02		1.7000000e+02		1.6950000e+02		3.8988989e-01		0.0000000e+00		0.0000000e+00		0.0000000e+00		0.0000000e+00		0.0000000e+00
1.7000000e+02		1.7100000e+02		1.7050000e+02		4.3752516e-01		0.0000000e+00		0.0000000e+00		0.0000000e+00		0.0000000e+00		0.0000000e+00
1.7100000e+02		1.7200000e+02		1.7150000e+02		4.3618394e-01		0.0000000e+00		0.0000000e+00		0.0000000e+00		0.0000000e+00		0.0000000e+00
1.7200000e+02		1.7300000e+02		1.7250000e+02		4.5514763e-01		0.0000000e+00		0.0000000e+00		0.0000000e+00		0.0000000e+00		0.0000000e+00
1.7300000e+02		1.7400000e+02		1.7350000e+02		4.5120572e-01		0.0000000e+00		0.0000000e+00		0.0000000e+00		0.0000000e+00		0.0000000e+00
1.7400000e+02		1.7500000e+02		1.7450000e+02		5.3951828e-01		0.0000000e+00		0.0000000e+00		0.0000000e+00		0.0000000e+00		0.0000000e+00
1.7500000e+02		1.7600000e+02		1.7550000e+02		6.4389120e-01		0.0000000e+00		0.0000000e+00		0.0000000e+00		0.0000000e+00		0.0000000e+00
1.7600000e+02		1.7700000e+02		1.7650000e+02		6.9472845e-01		0.0000000e+00		0.0000000e+00		0.0000000e+00		0.0000000e+00		0.0000000e+00
1.7700000e+02		1.7800000e+02		1.7750000e+02		8.1849614e-01		0.0000000e+00		0.0000000e+00		0.0000000e+00		0.0000000e+00		0.0000000e+00
1.7800000e+02		1.7900000e+02		1.7850000e+02		8.9455089e-01		0.0000000e+00		0.0000000e+00		0.0000000e+00		0.0000000e+00		0.0000000e+00
1.7900000e+02		1.8000000e+02		1.7950000e+02		8.6966614e-01		0.0000000e+00		0.0000000e+00		0.0000000e+00		0.0000000e+00		0.0000000e+00
1.8000000e+02		1.8100000e+02		1.8050000e+02		1.0753674e+00		0.0000000e+00		0.0000000e+00		0.0000000e+00		0.0000000e+00		0.0000000e+00
1.8100000e+02		1.8200000e+02		1.8150000e+02		1.3093431e+00		0.0000000e+00		0.0000000e+00		0.0000000e+00		0.0000000e+00		0.0000000e+00
1.8200000e+02		1.8300000e+02		1.8250000e+02		1.2087370e+00		0.0000000e+00		0.0000000e+00		0.0000000e+00		0.0000000e+00		0.0000000e+00
1.8300000e+02		1.8400000e+02		1.8350000e+02		1.2728289e+00		0.0000000e+00		0.0000000e+00		0.0000000e+00		0.0000000e+00		0.0000000e+00
1.8400000e+02		1.8500000e+02		1.8450000e+02		1.0940339e+00		0.0000000e+00		0.0000000e+00		0.0000000e+00		0.0000000e+00		0.0000000e+00
1.8500000e+02		1.8600000e+02		1.8550000e+02		1.2372281e+00		0.0000000e+00		0.0000000e+00		0.0000000e+00		0.0000000e+00		0.0000000e+00
1.8600000e+02		1.8700000e+02		1.8650000e+02		1.4037992e+00		0.0000000e+00		0.0000000e+00		0.0000000e+00		0.0000000e+00		0.0000000e+00
1.8700000e+02		1.8800000e+02		1.8750000e+02		1.5907538e+00		0.0000000e+00		0.0000000e+00		0.0000000e+00		0.0000000e+00		0.0000000e+00
1.8800000e+02		1.8900000e+02		1.8850000e+02		1.6735993e+00		2.9624238e-207		0.0000000e+00		2.9651417e-207		6.4306073e-210		2.9587111e-207
1.8900000e+02		1.9000000e+02		1.8950000e+02		1.8559600e+00		1.1356688e-137		0.0000000e+00		1.1372018e-137		3.6270763e-140		1.1335747e-137
1.9000000e+02		1.9100000e+02		1.9050000e+02		1.9109940e+00		3.0080009e-89		8.1470078e-86		3.0141300e-89		1.4501502e-91		2.9996285e-89
1.9100000e+02		1.9200000e+02		1.9150000e+02		2.0707336e+00		2.0212037e-62		5.2489397e-60		2.0269673e-62		1.3636619e-64		2.0133306e-62
1.9200000e+02		1.9300000e+02		1.9250000e+02		2.1685186e+00		6.8291321e-44		3.5130971e-42		6.8562740e-44		6.4218319e-46		6.7920557e-44
1.9300000e+02		1.9400000e+02		1.9350000e+02		1.6554009e+00		3.3660692e-32		6.1677929e-31		3.3840328e-32		4.2502155e-34		3.3415306e-32
1.9400000e+02		1.9500000e+02		1.9450000e+02		2.6556632e+00		1.1762208e-25		1.2391846e-24		1.1838954e-25		1.8158382e-27		1.1657370e-25
1.9500000e+02		1.9600000e+02		1.9550000e+02		2.5630279e+00		8.8279770e-21		6.0713195e-20		8.8978108e-21		1.6522858e-22		8.7325822e-21
1.9600000e+02		1.9700000e+02		1.9650000e+02		2.8204934e+00		4.0854486e-18		2.2357077e-17		4.1217085e-18		8.5791708e-20		4.0359168e-18
1.9700000e+02		1.9800000e+02		1.9750000e+02		2.8068384e+00		4.8012486e-16		2.1941066e-15		4.8484118e-16		1.1158938e-17		4.7368224e-16
1.9800000e+02		1.9900000e+02		1.9850000e+02		2.7505577e+00		3.2723840e-09		8.3032869e-09		3.3283709e-09		1.3246658e-10		3.1959044e-09
1.9900000e+02		2.0000000e+02		1.9950000e+02		2.8965557e+00		2.5579487e-03		4.1475201e-03		2.6861916e-03		3.0342611e-04		2.3827655e-03
2.0000000e+02		2.0100000e+02		2.0050000e+02		3.0623388e+00		4.7464813e-03		7.5837172e-03		4.9989242e-03		5.9728619e-04		4.4016380e-03
2.0100000e+02		2.0200000e+02		2.0150000e+02		3.2593670e+00		1.1945220e-02		1.8707975e-02		1.2657962e-02		1.6863664e-03		1.0971596e-02
2.0200000e+02		2.0300000e+02		2.0250000e+02		3.2217937e+00		1.8756153e-02		2.9070682e-02		1.9941555e-02		2.8046898e-03		1.7136865e-02
2.0300000e+02		2.0400000e+02		2.0350000e+02		3.4484145e+00		3.4287644e-02		5.2573283e-02		3.6627569e-02		5.5363209e-03		3.1091248e-02
2.0400000e+02		2.0500000e+02		2.0450000e+02		3.7117169e+00		5.7060675e-02		8.6777977e-02		6.1210902e-02		9.8195424e-03		5.1391360e-02
2.0500000e+02		2.0600000e+02		2.0550000e+02		3.7200399e+00		8.1794803e-02		1.2360378e-01		8.8063072e-02		1.4830883e-02		7.3232188e-02
2.0600000e+02		2.0700000e+02		2.0650000e+02		3.7247532e+00		1.1129247e-01		1.6730582e-01		1.2021045e-01		2.1100181e-02		9.9110271e-02
2.0700000e+02		2.0800000e+02		2.0750000e+02		4.0454145e+00		1.5740690e-01		2.3560572e-01		1.7050539e-01		3.0991359e-02		1.3951403e-01
2.0800000e+02		2.0900000e+02		2.0850000e+02		4.3759554e+00		2.1439298e-01		3.1971649e-01		2.3281531e-01		4.3587701e-02		1.8922761e-01
2.0900000e+02		2.1000000e+02		2.0950000e+02		5.6528678e+00		3.4178023e-01		5.0802085e-01		3.7201611e-01		7.1538859e-02		3.0047725e-01
2.1000000e+02		2.1100000e+02		2.1050000e+02		6.9678423e+00		5.1606153e-01		7.6480558e-01		5.6305996e-01		1.1119948e-01		4.5186048e-01
2.1100000e+02		2.1200000e+02		2.1150000e+02		7.9326445e+00		7.0966754e-01		1.0489572e+00		7.7607456e-01		1.5712071e-01		6.1895386e-01
2.1200000e+02		2.1300000e+02		2.1250000e+02		7.0734222e+00		7.5497764e-01		1.1132931e+00		8.2744476e-01		1.7145904e-01		6.5598572e-01
2.1300000e+02		2.1400000e+02		2.1350000e+02		7.2066449e+00		9.0007340e-01		1.3244375e+00		9.8835387e-01		2.0887384e-01		7.7948003e-01
2.1400000e+02		2.1500000e+02		2.1450000e+02		9.2279181e+00		1.3369593e+00		1.9635085e+00		1.4708049e+00		3.1668213e-01		1.1541228e+00
2.1500000e+02		2.1600000e+02		2.1550000e+02		7.9257408e+00		1.3321030e+00		1.9529731e+00		1.4684086e+00		3.2250245e-01		1.1459062e+00
2.1600000e+02		2.1700000e+02		2.1650000e+02		7.3353469e+00		1.4201050e+00		2.0787436e+00		1.5685214e+00		3.5115699e-01		1.2173644e+00
2.1700000e+02		2.1800000e+02		2.1750000e+02		7.5953881e+00		1.6830729e+00		2.4602507e+00		1.8626377e+00		4.2485473e-01		1.4377830e+00
2.1800000e+02		2.1900000e+02		2.1850000e+02		1.0217230e+01		2.5580618e+00		3.7345045e+00		2.8359089e+00		6.5739329e-01		2.1785156e+00
2.1900000e+02		2.2000000e+02		2.1950000e+02		1.0786519e+01		3.0166165e+00		4.3987037e+00		3.3493728e+00		7.8730979e-01		2.5620630e+00
2.2000000e+02		2.2100000e+02		2.2050000e+02		1.0851638e+01		3.3670511e+00		4.9043122e+00		3.7438388e+00		8.9148938e-01		2.8523494e+00
2.2100000e+02		2.2200000e+02		2.2150000e+02		8.6872371e+00		2.9723145e+00		4.3249810e+00		3.3094244e+00		7.9761044e-01		2.5118139e+00
2.2200000e+02		2.2300000e+02		2.2250000e+02		1.1691346e+01		4.3851667e+00		6.3748337e+00		4.8887618e+00		1.1915188e+00		3.6972430e+00
2.2300000e+02		2.2400000e+02		2.2350000e+02		1.5139682e+01		6.1751067e+00		8.9687773e+00		6.8918339e+00		1.6957947e+00		5.1960392e+00
2.2400000e+02		2.2500000e+02		2.2450000e+02		1.4154944e+01		6.2372015e+00		9.0509981e+00		6.9678063e+00		1.7286296e+00		5.2391767e+00
2.2500000e+02		2.2600000e+02		2.2550000e+02		1.2365614e+01		5.8571037e+00		8.4922460e+00		6.5488359e+00		1.6366558e+00		4.9121801e+00
2.2600000e+02		2.2700000e+02		2.2650000e+02		9.0577089e+00		4.5843061e+00		6.6412165e+00		5.1293789e+00		1.2896561e+00		3.8397228e+00
2.2700000e+02		2.2800000e+02		2.2750000e+02		8.8108381e+00		4.7505599e+00		6.8765688e+00		5.3190037e+00		1.3449524e+00		3.9740513e+00
2.2800000e+02		2.2900000e+02		2.2850000e+02		1.2275156e+01		6.9985033e+00		1.0121879e+01		7.8393423e+00		1.9894464e+00		5.8498959e+00
2.2900000e+02		2.3000000e+02		2.2950000e+02		1.1031259e+01		6.6268592e+00		9.5762433e+00		7.4256431e+00		1.8899429e+00		5.5357002e+00
2.3000000e+02		2.3100000e+02		2.3050000e+02		1.2510180e+01		7.8988055e+00		1.1404844e+01		8.8536133e+00		2.2590996e+00		6.5945138e+00
2.3100000e+02		2.3200000e+02		2.3150000e+02		1.1791833e+01		7.7880023e+00		1.1235103e+01		8.7306813e+00		2.2304025e+00		6.5002788e+00
2.3200000e+02		2.3300000e+02		2.3250000e+02		1.2664003e+01		8.6965332e+00		1.2533804e+01		9.7482721e+00		2.4884410e+00		7.2598311e+00
2.3300000e+02		2.3400000e+02		2.3350000e+02		1.1428554e+01		8.1281751e+00		1.1702945e+01		9.1089890e+00		2.3206305e+00		6.7883585e+00
2.3400000e+02		2.3500000e+02		2.3450000e+02		9.9864853e+00		7.3305450e+00		1.0543500e+01		8.2120505e+00		2.0856643e+00		6.1263861e+00
2.3500000e+02		2.3600000e+02		2.3550000e+02		1.3443360e+01		1.0153846e+01		1.4588424e+01		1.1369285e+01		2.8757595e+00		8.4935252e+00
2.3600000e+02		2.3700000e+02		2.3650000e+02		1.2448020e+01		9.6497885e+00		1.3848777e+01		1.0798558e+01		2.7180185e+00		8.0805398e+00
2.3700000e+02		2.3800000e+02		2.3750000e+02		1.3294723e+01		1.0547314e+01		1.5119304e+01		1.1794615e+01		2.9511453e+00		8.8434696e+00
2.3800000e+02		2.3900000e+02		2.3850000e+02		1.1021422e+01		8.9250686e+00		1.2778499e+01		9.9724155e+00		2.4780495e+00		7.4943660e+00
2.3900000e+02		2.4000000e+02		2.3950000e+02		1.2008577e+01		9.9014983e+00		1.4158912e+01		1.1053289e+01		2.7251655e+00		8.3281232e+00
2.4000000e+02		2.4100000e+02		2.4050000e+02		1.1032163e+01		9.2434897e+00		1.3201191e+01		1.0308455e+01		2.5197341e+00		7.7887205e+00
2.4100000e+02		2.4200000e+02		2.4150000e+02		1.2918879e+01		1.0976505e+01		1.5655799e+01		1.2227891e+01		2.9608119e+00		9.2670795e+00
2.4200000e+02		2.4300000e+02		2.4250000e+02		1.7782729e+01		1.5299112e+01		2.1792379e+01		1.7023964e+01		4.0810440e+00		1.2942920e+01
2.4300000e+02		2.4400000e+02		2.4350000e+02		1.6701989e+01		1.4526222e+01		2.0663750e+01		1.6144586e+01		3.8290896e+00		1.2315496e+01
2.4400000e+02		2.4500000e+02		2.4450000e+02		1.5641720e+01		1.3733428e+01		1.9509548e+01		1.5244438e+01		3.5750885e+00		1.1669349e+01
2.4500000e+02		2.4600000e+02		2.4550000e+02		1.2691134e+01		1.1237957e+01		1.5942875e+01		1.2458532e+01		2.8879115e+00		9.5706204e+00
2.4600000e+02		2.4700000e+02		2.4650000e+02		1.2350906e+01		1.1017559e+01		1.5608914e+01		1.2198227e+01		2.7934920e+00		9.4047352e+00
2.4700000e+02		2.4800000e+02		2.4750000e+02		1.3639226e+01		1.2246823e+01		1.7326863e+01		1.3541262e+01		3.0626737e+00		1.0478588e+01
2.4800000e+02		2.4900000e+02		2.4850000e+02		1.0938846e+01		9.8791754e+00		1.3958157e+01		1.0908735e+01		2.4359634e+00		8.4727713e+00
2.4900000e+02		2.5000000e+02		2.4950000e+02		1.3333262e+01		1.2102225e+01		1.7075961e+01		1.3345367e+01		2.9413049e+00		1.0404062e+01
2.5000000e+02		2.5100000e+02		2.5050000e+02		1.4401571e+01		1.3128633e+01		1.8499278e+01		1.4457464e+01		3.1440465e+00		1.1313417e+01
2.5100000e+02		2.5200000e+02		2.5150000e+02		1.2007424e+01		1.0986746e+01		1.5460490e+01		1.2082207e+01		2.5918873e+00		9.4903192e+00
2.5200000e+02		2.5300000e+02		2.5250000e+02		1.0794009e+01		9.9088047e+00		1.3925159e+01		1.0881896e+01		2.3023580e+00		8.5795377e+00
2.5300000e+02		2.5400000e+02		2.5350000e+02		1.3602371e+01		1.2523032e+01		1.7575985e+01		1.3734153e+01		2.8655427e+00		1.0868611e+01
2.5400000e+02		2.5500000e+02		2.5450000e+02		1.5384114e+01		1.4199947e+01		1.9903770e+01		1.5552223e+01		3.1995194e+00		1.2352704e+01
2.5500000e+02		2.5600000e+02		2.5550000e+02		2.0992062e+01		1.9421195e+01		2.7187590e+01		2.1242250e+01		4.3086620e+00		1.6933588e+01
2.5600000e+02		2.5700000e+02		2.5650000e+02		2.7040612e+01		2.5069943e+01		3.5051164e+01		2.7384398e+01		5.4760589e+00		2.1908339e+01
2.5700000e+02		2.5800000e+02		2.5750000e+02		3.3946512e+01		3.1533244e+01		4.4033216e+01		3.4399388e+01		6.7813686e+00		2.7618019e+01
2.5800000e+02		2.5900000e+02		2.5850000e+02		3.5732434e+01		3.3251322e+01		4.6375855e+01		3.6226865e+01		7.0402105e+00		2.9186655e+01
2.5900000e+02		2.6000000e+02		2.5950000e+02		3.0409976e+01		2.8285210e+01		3.9400402e+01		3.0774106e+01		5.8887905e+00		2.4885316e+01
2.6000000e+02		2.6100000e+02		2.6050000e+02		2.4915606e+01		2.3167758e+01		3.2232637e+01		2.5172653e+01		4.7436331e+00		2.0429020e+01
2.6100000e+02		2.6200000e+02		2.6150000e+02		2.5442742e+01		2.3691034e+01		3.2922545e+01		2.5709456e+01		4.7756378e+00		2.0933819e+01
2.6200000e+02		2.6300000e+02		2.6250000e+02		3.0366547e+01		2.8318485e+01		3.9308586e+01		3.0694097e+01		5.6207589e+00		2.5073339e+01
2.6300000e+02		2.6400000e+02		2.6350000e+02		4.5700096e+01		4.2658532e+01		5.9147353e+01		4.6181247e+01		8.3348332e+00		3.7846414e+01
2.6400000e+02		2.6500000e+02		2.6450000e+02		7.1249372e+01		6.6636802e+01		9.2294078e+01		7.2057235e+01		1.2824884e+01		5.9232352e+01
2.6500000e+02		2.6600000e+02		2.6550000e+02		7.4731454e+01		6.9972470e+01		9.6809610e+01		7.5576707e+01		1.3259766e+01		6.2316941e+01
2.6600000e+02		2.6700000e+02		2.6650000e+02		7.2446611e+01		6.7899766e+01		9.3842275e+01		7.3254249e+01		1.2668844e+01		6.0585406e+01
2.6700000e+02		2.6800000e+02		2.6750000e+02		7.2937204e+01		6.8460436e+01		9.4519568e+01		7.3777895e+01		1.2581245e+01		6.1196650e+01
2.6800000e+02		2.6900000e+02		2.6850000e+02		7.2239021e+01		6.7896576e+01		9.3645931e+01		7.3090837e+01		1.2289755e+01		6.0801083e+01
2.6900000e+02		2.7000000e+02		2.6950000e+02		6.7758000e+01		6.3734616e+01		8.7817033e+01		6.8535753e+01		1.1359614e+01		5.7176139e+01
2.7000000e+02		2.7100000e+02		2.7050000e+02		7.8281462e+01		7.3710321e+01		1.0146221e+02		7.9179054e+01		1.2939160e+01		6.6239894e+01
2.7100000e+02		2.7200000e+02		2.7150000e+02		6.5051220e+01		6.1292423e+01		8.4286904e+01		6.5770374e+01		1.0594944e+01		5.5175429e+01
2.7200000e+02		2.7300000e+02		2.7250000e+02		5.2331568e+01		4.9379018e+01		6.7840181e+01		5.2933391e+01		8.4097370e+00		4.4523654e+01
2.7300000e+02		2.7400000e+02		2.7350000e+02		5.5800645e+01		5.2701942e+01		7.2337913e+01		5.6438673e+01		8.8411999e+00		4.7597473e+01
2.7400000e+02		2.7500000e+02		2.7450000e+02		3.8398649e+01		3.6299220e+01		4.9778128e+01		3.8834496e+01		5.9985280e+00		3.2835968e+01
2.7500000e+02		2.7600000e+02		2.7550000e+02		5.1208696e+01		4.8431380e+01		6.6355064e+01		5.1762796e+01		7.8822137e+00		4.3880582e+01
2.7600000e+02		2.7700000e+02		2.7650000e+02		7.1318275e+01		6.7515490e+01		9.2420292e+01		7.2090972e+01		1.0825708e+01		6.1265264e+01
2.7700000e+02		2.7800000e+02		2.7750000e+02		6.8188493e+01		6.4628339e+01		8.8391786e+01		6.8944213e+01		1.0211469e+01		5.8732745e+01
2.7800000e+02		2.7900000e+02		2.7850000e+02		4.7024496e+01		4.4607365e+01		6.0957201e+01		4.7542360e+01		6.9442715e+00		4.0598088e+01
2.7900000e+02		2.8000000e+02		2.7950000e+02		2.6422560e+01		2.5078495e+01		3.4241610e+01		2.6704068e+01		3.8461480e+00		2.2857920e+01
2.8000000e+02		2.8100000e+02		2.8050000e+02		2.8982131e+01		2.7523020e+01		3.7548239e+01		2.9280653e+01		4.1586050e+00		2.5122048e+01
2.8100000e+02		2.8200000e+02		2.8150000e+02		6.0033324e+01		5.7063617e+01		7.7786159e+01		6.0654841e+01		8.4969273e+00		5.2157914e+01
2.8200000e+02		2.8300000e+02		2.8250000e+02		8.1733762e+01		7.7756131e+01		1.0590901e+02		8.2578643e+01		1.1410184e+01		7.1168458e+01
2.8300000e+02		2.8400000e+02		2.8350000e+02		8.4433091e+01		8.0386907e+01		1.0940687e+02		8.5300378e+01		1.1625397e+01		7.3674981e+01
2.8400000e+02		2.8500000e+02		2.8450000e+02		6.2255376e+01		5.9324518e+01		8.0679096e+01		6.2898518e+01		8.4561752e+00		5.4442343e+01
2.8500000e+02		2.8600000e+02		2.8550000e+02		4.0018063e+01		3.8157967e+01		5.1854201e+01		4.0423544e+01		5.3604132e+00		3.5063131e+01
2.8600000e+02		2.8700000e+02		2.8650000e+02		8.2001717e+01		7.8251964e+01		1.0626067e+02		8.2831596e+01		1.0835525e+01		7.1996071e+01
2.8700000e+02		2.8800000e+02		2.8750000e+02		9.5189148e+01		9.0886223e+01		1.2332703e+02		9.6128687e+01		1.2403802e+01		8.3724884e+01
2.8800000e+02		2.8900000e+02		2.8850000e+02		9.0460934e+01		8.6425474e+01		1.1719007e+02		9.1339360e+01		1.1626378e+01		7.9712981e+01
2.8900000e+02		2.9000000e+02		2.8950000e+02		1.3728321e+02		1.3121661e+02		1.7779977e+02		1.3857009e+02		1.7398538e+01		1.2117156e+02
2.9000000e+02		2.9100000e+02		2.9050000e+02		1.8023325e+02		1.7234434e+02		2.3336629e+02		1.8186456e+02		2.2525073e+01		1.5933948e+02
2.9100000e+02		2.9200000e+02		2.9150000e+02		1.7359450e+02		1.6610410e+02		2.2476381e+02		1.7515008e+02		2.1403015e+01		1.5374706e+02
2.9200000e+02		2.9300000e+02		2.9250000e+02		1.5421676e+02		1.4768366e+02		1.9970516e+02		1.5561419e+02		1.8763853e+01		1.3685034e+02
2.9300000e+02		2.9400000e+02		2.9350000e+02		1.6099986e+02		1.5432137e+02		2.0854468e+02		1.6249362e+02		1.9335751e+01		1.4315787e+02
2.9400000e+02		2.9500000e+02		2.9450000e+02		1.4991794e+02		1.4368609e+02		1.9404587e+02		1.5118551e+02		1.7743814e+01		1.3344170e+02
2.9500000e+02		2.9600000e+02		2.9550000e+02		1.6232431e+02		1.5575101e+02		2.1020701e+02		1.6376944e+02		1.8971811e+01		1.4479763e+02
2.9600000e+02		2.9700000e+02		2.9650000e+02		1.4851381e+02		1.4263019e+02		1.9237922e+02		1.4987262e+02		1.7135759e+01		1.3273686e+02
2.9700000e+02		2.9800000e+02		2.9750000e+02		1.5140866e+02		1.4545700e+02		1.9607123e+02		1.5273956e+02		1.7230716e+01		1.3550884e+02
2.9800000e+02		2.9900000e+02		2.9850000e+02		1.3012850e+02		1.2506432e+02		1.6848068e+02		1.3123888e+02		1.4609154e+01		1.1662972e+02
2.9900000e+02		3.0000000e+02		2.9950000e+02		1.4682541e+02		1.4117004e+02		1.9006456e+02		1.4804329e+02		1.6262287e+01		1.3178101e+02
3.0000000e+02		3.0100000e+02		3.0050000e+02		1.1681452e+02		1.1239819e+02		1.5123955e+02		1.1779623e+02		1.2771912e+01		1.0502432e+02
3.0100000e+02		3.0200000e+02		3.0150000e+02		1.3434477e+02		1.2932359e+02		1.7391396e+02		1.3544929e+02		1.4493566e+01		1.2095572e+02
3.0200000e+02		3.0300000e+02		3.0250000e+02		1.4142283e+02		1.3622510e+02		1.8309197e+02		1.4259030e+02		1.5060223e+01		1.2753008e+02
3.0300000e+02		3.0400000e+02		3.0350000e+02		1.8342160e+02		1.7670636e+02		2.3736805e+02		1.8484910e+02		1.9265925e+01		1.6558317e+02
3.0400000e+02		3.0500000e+02		3.0450000e+02		1.7556728e+02		1.6930112e+02		2.2729738e+02		1.7699920e+02		1.8213853e+01		1.5878534e+02
3.0500000e+02		3.0600000e+02		3.0550000e+02		1.7728071e+02		1.7105927e+02		2.2953480e+02		1.7873296e+02		1.8156144e+01		1.6057682e+02
3.0600000e+02		3.0700000e+02		3.0650000e+02		1.6814926e+02		1.6234776e+02		2.1773054e+02		1.6953329e+02		1.7001145e+01		1.5253214e+02
3.0700000e+02		3.0800000e+02		3.0750000e+02		1.8878816e+02		1.8227939e+02		2.4433398e+02		1.9023671e+02		1.8827207e+01		1.7140950e+02
3.0800000e+02		3.0900000e+02		3.0850000e+02		1.8529086e+02		1.7900527e+02		2.3982287e+02		1.8671574e+02		1.8243187e+01		1.6847256e+02
3.0900000e+02		3.1000000e+02		3.0950000e+02		1.5026991e+02		1.4527702e+02		1.9453788e+02		1.5145235e+02		1.4610997e+01		1.3684135e+02
3.1000000e+02		3.1100000e+02		3.1050000e+02		1.8913229e+02		1.8288696e+02		2.4477933e+02		1.9055662e+02		1.8146618e+01		1.7241000e+02
3.1100000e+02		3.1200000e+02		3.1150000e+02		2.2495083e+02		2.1764823e+02		2.9116306e+02		2.2665562e+02		2.1311721e+01		2.0534390e+02
3.1200000e+02		3.1300000e+02		3.1250000e+02		2.0030306e+02		1.9381146e+02		2.5915044e+02		2.0172466e+02		1.8722825e+01		1.8300183e+02
3.1300000e+02		3.1400000e+02		3.1350000e+02		2.1331645e+02		2.0659959e+02		2.7612050e+02		2.1492674e+02		1.9702241e+01		1.9522450e+02
3.1400000e+02		3.1500000e+02		3.1450000e+02		2.0119548e+02		1.9488953e+02		2.6034903e+02		2.0264040e+02		1.8338748e+01		1.8430165e+02
3.1500000e+02		3.1600000e+02		3.1550000e+02		1.9522773e+02		1.8913516e+02		2.5254645e+02		1.9655760e+02		1.7561662e+01		1.7899593e+02
3.1600000e+02		3.1700000e+02		3.1650000e+02		1.9043254e+02		1.8451913e+02		2.4627207e+02		1.9166496e+02		1.6907232e+01		1.7475773e+02
3.1700000e+02		3.1800000e+02		3.1750000e+02		2.4155434e+02		2.3419848e+02		3.1243996e+02		2.4315171e+02		2.1183566e+01		2.2196814e+02
3.1800000e+02		3.1900000e+02		3.1850000e+02		1.9952276e+02		1.9350466e+02		2.5803888e+02		2.0080600e+02		1.7275158e+01		1.8353084e+02
3.1900000e+02		3.2000000e+02		3.1950000e+02		2.1430874e+02		2.0788952e+02		2.7710249e+02		2.1563157e+02		1.8317897e+01		1.9731367e+02
3.2000000e+02		3.2100000e+02		3.2050000e+02		2.4621307e+02		2.3900686e+02		3.1844613e+02		2.4779508e+02		2.0793149e+01		2.2700193e+02
3.2100000e+02		3.2200000e+02		3.2150000e+02		2.0677326e+02		2.0054987e+02		2.6709547e+02		2.0782381e+02		1.7210305e+01		1.9061350e+02
3.2200000e+02		3.2300000e+02		3.2250000e+02		2.0765168e+02		2.0173560e+02		2.6856620e+02		2.0896491e+02		1.7104728e+01		1.9186018e+02
3.2300000e+02		3.2400000e+02		3.2350000e+02		2.0066974e+02		1.9495517e+02		2.5943520e+02		2.0185094e+02		1.6315567e+01		1.8553537e+02
3.2400000e+02		3.2500000e+02		3.2450000e+02		2.3629853e+02		2.2965022e+02		3.0548472e+02		2.3766997e+02		1.8974947e+01		2.1869503e+02
3.2500000e+02		3.2600000e+02		3.2550000e+02		2.7209498e+02		2.6392584e+02		3.5094048e+02		2.7301256e+02		2.1499405e+01		2.5151316e+02
3.2600000e+02		3.2700000e+02		3.2650000e+02		3.0699214e+02		2.9863183e+02		3.9693908e+02		3.0879997e+02		2.4058072e+01		2.8474190e+02
3.2700000e+02		3.2800000e+02		3.2750000e+02		2.9701525e+02		2.8897646e+02		3.8396038e+02		2.9869097e+02		2.2984766e+01		2.7570620e+02
3.2800000e+02		3.2900000e+02		3.2850000e+02		2.8673370e+02		2.7901914e+02		3.7059254e+02		2.8828022e+02		2.1911940e+01		2.6636828e+02
3.2900000e+02		3.3000000e+02		3.2950000e+02		3.3379807e+02		3.2476866e+02		4.3119909e+02		3.3541014e+02		2.5178011e+01		3.1023213e+02
3.3000000e+02		3.3100000e+02		3.3050000e+02		3.1443449e+02		3.0570077e+02		4.0573594e+02		3.1558579e+02		2.3388222e+01		2.9219757e+02
3.3100000e+02		3.3200000e+02		3.3150000e+02		3.0087994e+02		2.9331498e+02		3.8916040e+02		3.0269587e+02		2.2195424e+01		2.8050044e+02
3.3200000e+02		3.3300000e+02		3.3250000e+02		2.9519831e+02		2.8780052e+02		3.8171070e+02		2.9688963e+02		2.1505057e+01		2.7538457e+02
3.3300000e+02		3.3400000e+02		3.3350000e+02		2.8364288e+02		2.7656500e+02		3.6668291e+02		2.8519024e+02		2.0407551e+01		2.6478269e+02
3.3400000e+02		3.3500000e+02		3.3450000e+02		2.9883003e+02		2.9138014e+02		3.8619478e+02		3.0035387e+02		2.1232064e+01		2.7912180e+02
3.3500000e+02		3.3600000e+02		3.3550000e+02		2.9511053e+02		2.8784645e+02		3.8138414e+02		2.9660260e+02		2.0717277e+01		2.7588532e+02
3.3600000e+02		3.3700000e+02		3.3650000e+02		2.4313126e+02		2.3720695e+02		3.1418585e+02		2.4433413e+02		1.6863087e+01		2.2747104e+02
3.3700000e+02		3.3800000e+02		3.3750000e+02		2.5649874e+02		2.5036108e+02		3.3150163e+02		2.5779241e+02		1.7582720e+01		2.4020969e+02
3.3800000e+02		3.3900000e+02		3.3850000e+02		2.7748673e+02		2.7100316e+02		3.5871943e+02		2.7895077e+02		1.8804261e+01		2.6014651e+02
3.3900000e+02		3.4000000e+02		3.3950000e+02		2.9040264e+02		2.8362028e+02		3.7530265e+02		2.9183555e+02		1.9437537e+01		2.7239802e+02
3.4000000e+02		3.4100000e+02		3.4050000e+02		3.0654056e+02		2.9932428e+02		3.9596080e+02		3.0788695e+02		2.0259507e+01		2.8762744e+02
3.4100000e+02		3.4200000e+02		3.4150000e+02		2.7979685e+02		2.7267891e+02		3.6060375e+02		2.8037428e+02		1.8207435e+01		2.6216685e+02
3.4200000e+02		3.4300000e+02		3.4250000e+02		3.0344565e+02		2.9641258e+02		3.9187232e+02		3.0468802e+02		1.9579905e+01		2.8510812e+02
3.4300000e+02		3.4400000e+02		3.4350000e+02		2.9822260e+02		2.9106403e+02		3.8468804e+02		2.9908697e+02		1.8982471e+01		2.8010450e+02
3.4400000e+02		3.4500000e+02		3.4450000e+02		2.3986676e+02		2.3442539e+02		3.0974050e+02		2.4081435e+02		1.5116441e+01		2.2569791e+02
3.4500000e+02		3.4600000e+02		3.4550000e+02		2.8907088e+02		2.8244885e+02		3.7308595e+02		2.9005248e+02		1.7990402e+01		2.7206208e+02
3.4600000e+02		3.4700000e+02		3.4650000e+02		2.8069735e+02		2.7426271e+02		3.6217074e+02		2.8155695e+02		1.7258367e+01		2.6429859e+02
3.4700000e+02		3.4800000e+02		3.4750000e+02		2.7782009e+02		2.7135332e+02		3.5822948e+02		2.7848186e+02		1.6866296e+01		2.6161556e+02
3.4800000e+02		3.4900000e+02		3.4850000e+02		2.8744416e+02		2.8151070e+02		3.7153547e+02		2.8883024e+02		1.7318207e+01		2.7151203e+02
3.4900000e+02		3.5000000e+02		3.4950000e+02		2.7550877e+02		2.6990600e+02		3.5612331e+02		2.7684144e+02		1.6409430e+01		2.6043201e+02
3.5000000e+02		3.5100000e+02		3.5050000e+02		3.3002358e+02		3.2317753e+02		4.2629851e+02		3.3138080e+02		1.9409154e+01		3.1197165e+02
3.5100000e+02		3.5200000e+02		3.5150000e+02		3.0660572e+02		3.0035502e+02		3.9608957e+02		3.0789033e+02		1.7828715e+01		2.9006161e+02
3.5200000e+02		3.5300000e+02		3.5250000e+02		2.8324198e+02		2.7750062e+02		3.6585598e+02		2.8438074e+02		1.6278549e+01		2.6810219e+02
3.5300000e+02		3.5400000e+02		3.5350000e+02		3.2405327e+02		3.1779003e+02		4.1886585e+02		3.2558100e+02		1.8433638e+01		3.0714737e+02
3.5400000e+02		3.5500000e+02		3.5450000e+02		3.4586270e+02		3.3917940e+02		4.4694610e+02		3.4739703e+02		1.9443128e+01		3.2795390e+02
3.5500000e+02		3.5600000e+02		3.5550000e+02		3.2478382e+02		3.1856916e+02		4.1968341e+02		3.2619795e+02		1.8049899e+01		3.0814805e+02
3.5600000e+02		3.5700000e+02		3.5650000e+02		2.8234357e+02		2.7691441e+02		3.6471858e+02		2.8346780e+02		1.5505482e+01		2.6796231e+02
3.5700000e+02		3.5800000e+02		3.5750000e+02		2.4674321e+02		2.4196186e+02		3.1860686e+02		2.4762080e+02		1.3389211e+01		2.3423159e+02
3.5800000e+02		3.5900000e+02		3.5850000e+02		2.1181106e+02		2.0782869e+02		2.7359625e+02		2.1263472e+02		1.1371175e+01		2.0126354e+02
3.5900000e+02		3.6000000e+02		3.5950000e+02		3.0582840e+02		2.9999491e+02		3.9483673e+02		3.0685070e+02		1.6220975e+01		2.9062972e+02
3.6000000e+02		3.6100000e+02		3.6050000e+02		3.0178862e+02		2.9616331e+02		3.8970359e+02		3.0285532e+02		1.5833457e+01		2.8702186e+02
3.6100000e+02		3.6200000e+02		3.6150000e+02		2.8033735e+02		2.7473895e+02		3.6143225e+02		2.8087000e+02		1.4506223e+01		2.6636378e+02
3.6200000e+02		3.6300000e+02		3.6250000e+02		3.1645921e+02		3.0967094e+02		4.0729818e+02		3.1649552e+02		1.6147142e+01		3.0034838e+02
3.6300000e+02		3.6400000e+02		3.6350000e+02		3.0810145e+02		3.0181139e+02		3.9687195e+02		3.0839115e+02		1.5567886e+01		2.9282327e+02
3.6400000e+02		3.6500000e+02		3.6450000e+02		3.2221950e+02		3.1417446e+02		4.1304675e+02		3.2092522e+02		1.5972461e+01		3.0495275e+02
3.6500000e+02		3.6600000e+02		3.6550000e+02		3.6674574e+02		3.5832411e+02		4.7098614e+02		3.6594603e+02		1.8033673e+01		3.4791236e+02
3.6600000e+02		3.6700000e+02		3.6650000e+02		3.9198946e+02		3.8121637e+02		5.0098015e+02		3.8920927e+02		1.8911400e+01		3.7029787e+02
3.6700000e+02		3.6800000e+02		3.6750000e+02		3.7850004e+02		3.6830571e+02		4.8391205e+02		3.7594335e+02		1.8070838e+01		3.5787251e+02
3.6800000e+02		3.6900000e+02		3.6850000e+02		3.4895620e+02		3.3615658e+02		4.4160151e+02		3.4300444e+02		1.6202226e+01		3.2680222e+02
3.6900000e+02		3.7000000e+02		3.6950000e+02		3.8736224e+02		3.7466195e+02		4.9207736e+02		3.8222792e+02		1.7901268e+01		3.6432665e+02
3.7000000e+02		3.7100000e+02		3.7050000e+02		3.6351013e+02		3.5796378e+02		4.7001452e+02		3.6519506e+02		1.7109394e+01		3.4808567e+02
3.7100000e+02		3.7200000e+02		3.7150000e+02		3.7529261e+02		3.6965427e+02		4.8526820e+02		3.7703937e+02		1.7473334e+01		3.5956604e+02
3.7200000e+02		3.7300000e+02		3.7250000e+02		3.1177186e+02		3.0713953e+02		4.0312250e+02		3.1320795e+02		1.4358028e+01		2.9884992e+02
3.7300000e+02		3.7400000e+02		3.7350000e+02		2.7192112e+02		2.6792535e+02		3.5158595e+02		2.7316070e+02		1.2386975e+01		2.6077373e+02
3.7400000e+02		3.7500000e+02		3.7450000e+02		2.7832167e+02		2.7427673e+02		3.5985222e+02		2.7957735e+02		1.2541402e+01		2.6703595e+02
3.7500000e+02		3.7600000e+02		3.7550000e+02		3.1876744e+02		3.1418538e+02		4.1213532e+02		3.2019079e+02		1.4208949e+01		3.0598184e+02
3.7600000e+02		3.7700000e+02		3.7650000e+02		3.3048657e+02		3.2578790e+02		4.2727606e+02		3.3194709e+02		1.4572798e+01		3.1737429e+02
3.7700000e+02		3.7800000e+02		3.7750000e+02		3.8770864e+02		3.8225642e+02		5.0124403e+02		3.8940448e+02		1.6912502e+01		3.7249198e+02
3.7800000e+02		3.7900000e+02		3.7850000e+02		4.0380398e+02		3.9818705e+02		5.2203961e+02		4.0555215e+02		1.7426024e+01		3.8812613e+02
3.7900000e+02		3.8000000e+02		3.7950000e+02		3.2744385e+02		3.2293840e+02		4.2331041e+02		3.2884697e+02		1.3979830e+01		3.1486714e+02
3.8000000e+02		3.8100000e+02		3.8050000e+02		3.5656330e+02		3.5171014e+02		4.6094397e+02		3.5807563e+02		1.5060902e+01		3.4301473e+02
3.8100000e+02		3.8200000e+02		3.8150000e+02		3.2019140e+02		3.1588022e+02		4.1391452e+02		3.2153565e+02		1.3380897e+01		3.0815475e+02
3.8200000e+02		3.8300000e+02		3.8250000e+02		2.2964197e+02		2.2658318e+02		2.9685331e+02		2.3059629e+02		9.4951075e+00		2.2110118e+02
3.8300000e+02		3.8400000e+02		3.8350000e+02		2.0267593e+02		2.0000523e+02		2.6198870e+02		2.0350965e+02		8.2915491e+00		1.9521811e+02
3.8400000e+02		3.8500000e+02		3.8450000e+02		2.7111947e+02		2.6758504e+02		3.5045396e+02		2.7222347e+02		1.0974654e+01		2.6124882e+02
3.8500000e+02		3.8600000e+02		3.8550000e+02		2.8715912e+02		2.8345546e+02		3.7117856e+02		2.8831664e+02		1.1501675e+01		2.7681496e+02
3.8600000e+02		3.8700000e+02		3.8650000e+02		2.8837692e+02		2.8469706e+02		3.7274419e+02		2.8952765e+02		1.1429283e+01		2.7809837e+02
3.8700000e+02		3.8800000e+02		3.8750000e+02		2.8805300e+02		2.8441622e+02		3.7231713e+02		2.8919089e+02		1.1296983e+01		2.7789391e+02
3.8800000e+02		3.8900000e+02		3.8850000e+02		2.9209390e+02		2.8844507e+02		3.7753172e+02		2.9323618e+02		1.1335892e+01		2.8190029e+02
3.8900000e+02		3.9000000e+02		3.8950000e+02		3.5069332e+02		3.4635864e+02		4.5326159e+02		3.5205105e+02		1.3468380e+01		3.3858267e+02
3.9000000e+02		3.9100000e+02		3.9050000e+02		3.6838836e+02		3.6388282e+02		4.7612162e+02		3.6980035e+02		1.4001026e+01		3.5579933e+02
3.9100000e+02		3.9200000e+02		3.9150000e+02		3.9613874e+02		3.9134460e+02		5.1197647e+02		3.9764197e+02		1.4899743e+01		3.8274223e+02
3.9200000e+02		3.9300000e+02		3.9250000e+02		3.0403432e+02		3.0039331e+02		3.9293082e+02		3.0517657e+02		1.1317302e+01		2.9385927e+02
3.9300000e+02		3.9400000e+02		3.9350000e+02		1.8639471e+02		1.8418579e+02		2.4088956e+02		1.8708804e+02		6.8667942e+00		1.8022125e+02
3.9400000e+02		3.9500000e+02		3.9450000e+02		3.0813115e+02		3.0451755e+02		3.9820894e+02		3.0926595e+02		1.1234855e+01		2.9803110e+02
3.9500000e+02		3.9600000e+02		3.9550000e+02		3.7840801e+02		3.7401627e+02		4.8902024e+02		3.7978786e+02		1.3655725e+01		3.6613214e+02
3.9600000e+02		3.9700000e+02		3.9650000e+02		2.6140326e+02		2.5838733e+02		3.3778951e+02		2.6233319e+02		9.3360151e+00		2.5299718e+02
3.9700000e+02		3.9800000e+02		3.9750000e+02		2.9300657e+02		2.8965727e+02		3.7861574e+02		2.9403496e+02		1.0357719e+01		2.8367724e+02
3.9800000e+02		3.9900000e+02		3.9850000e+02		4.5124719e+02		4.4611238e+02		5.8304052e+02		4.5278491e+02		1.5787363e+01		4.3699754e+02
3.9900000e+02		4.0000000e+02		3.9950000e+02		4.9846141e+02		4.9281559e+02		6.4399114e+02		5.0011064e+02		1.7260278e+01		4.8285037e+02
4.0000000e+02		4.0100000e+02		4.0050000e+02		5.1407199e+02		5.0838349e+02		6.6424452e+02		5.1583262e+02		1.7624833e+01		4.9820778e+02
4.0100000e+02		4.0200000e+02		4.0150000e+02		5.3860814e+02		5.3273296e+02		6.9596638e+02		5.4045934e+02		1.8280812e+01		5.2217853e+02
4.0200000e+02		4.0300000e+02		4.0250000e+02		5.4526519e+02		5.3937799e+02		7.0455506e+02		5.4712101e+02		1.8320190e+01		5.2880082e+02
4.0300000e+02		4.0400000e+02		4.0350000e+02		5.2165796e+02		5.1608288e+02		6.7403883e+02		5.2341618e+02		1.7350760e+01		5.0606542e+02
4.0400000e+02		4.0500000e+02		4.0450000e+02		5.1300620e+02		5.0757916e+02		6.6284761e+02		5.1471848e+02		1.6891822e+01		4.9782666e+02
4.0500000e+02		4.0600000e+02		4.0550000e+02		5.1256585e+02		5.0719829e+02		6.6226659e+02		5.1426010e+02		1.6708425e+01		4.9755168e+02
4.0600000e+02		4.0700000e+02		4.0650000e+02		4.9035274e+02		4.8526958e+02		6.3355449e+02		4.9195791e+02		1.5824757e+01		4.7613315e+02
4.0700000e+02		4.0800000e+02		4.0750000e+02		4.9838294e+02		4.9326851e+02		6.4391837e+02		4.9999867e+02		1.5923732e+01		4.8407494e+02
4.0800000e+02		4.0900000e+02		4.0850000e+02		5.2990289e+02		5.2451956e+02		6.8463059e+02		5.3160428e+02		1.6762616e+01		5.1484166e+02
4.0900000e+02		4.1000000e+02		4.0950000e+02		5.2713439e+02		5.2183279e+02		6.8104188e+02		5.2881064e+02		1.6509778e+01		5.1230086e+02
4.1000000e+02		4.1100000e+02		4.1050000e+02		4.8293937e+02		4.7813075e+02		6.2393252e+02		4.8446037e+02		1.4976052e+01		4.6948432e+02
4.1100000e+02		4.1200000e+02		4.1150000e+02		5.5986852e+02		5.5434943e+02		7.2330869e+02		5.6161495e+02		1.7190402e+01		5.4442454e+02
4.1200000e+02		4.1300000e+02		4.1250000e+02		5.4940473e+02		5.4404259e+02		7.0977834e+02		5.5110217e+02		1.6703138e+01		5.3439903e+02
4.1300000e+02		4.1400000e+02		4.1350000e+02		5.2995399e+02		5.2483294e+02		6.8463848e+02		5.3157574e+02		1.5953643e+01		5.1562210e+02
4.1400000e+02		4.1500000e+02		4.1450000e+02		5.3771640e+02		5.3257170e+02		6.9465522e+02		5.3934627e+02		1.6028811e+01		5.2331746e+02
4.1500000e+02		4.1600000e+02		4.1550000e+02		5.3722776e+02		5.3213841e+02		6.9401271e+02		5.3884071e+02		1.5857805e+01		5.2298290e+02
4.1600000e+02		4.1700000e+02		4.1650000e+02		5.5745703e+02		5.5222758e+02		7.2013363e+02		5.5911446e+02		1.6294547e+01		5.4281992e+02
4.1700000e+02		4.1800000e+02		4.1750000e+02		5.0725322e+02		5.0254035e+02		6.5526765e+02		5.0874607e+02		1.4682877e+01		4.9406319e+02
4.1800000e+02		4.1900000e+02		4.1850000e+02		5.2601513e+02		5.2116294e+02		6.7947698e+02		5.2753551e+02		1.5077660e+01		5.1245785e+02
4.1900000e+02		4.2000000e+02		4.1950000e+02		5.3123875e+02		5.2639975e+02		6.8623161e+02		5.3277360e+02		1.5080696e+01		5.1769290e+02
4.2000000e+02		4.2100000e+02		4.2050000e+02		5.3797708e+02		5.3312519e+02		6.9492626e+02		5.3951760e+02		1.5124595e+01		5.2439300e+02
4.2100000e+02		4.2200000e+02		4.2150000e+02		5.2958361e+02		5.2485382e+02		6.8407372e+02		5.3108589e+02		1.4745237e+01		5.1634065e+02
4.2200000e+02		4.2300000e+02		4.2250000e+02		5.0190537e+02		4.9746622e+02		6.4831148e+02		5.0331583e+02		1.3840319e+01		4.8947551e+02
4.2300000e+02		4.2400000e+02		4.2350000e+02		5.3474862e+02		5.3006471e+02		6.9072490e+02		5.3623736e+02		1.4604645e+01		5.2163271e+02
4.2400000e+02		4.2500000e+02		4.2450000e+02		5.5328403e+02		5.4848450e+02		7.1465628e+02		5.5481004e+02		1.4966367e+01		5.3984367e+02
4.2500000e+02		4.2600000e+02		4.2550000e+02		5.3248014e+02		5.2790552e+02		6.8777472e+02		5.3393513e+02		1.4266204e+01		5.1966892e+02
4.2600000e+02		4.2700000e+02		4.2650000e+02		5.3029841e+02		5.2578626e+02		6.8494690e+02		5.3173400e+02		1.4072520e+01		5.1766148e+02
4.2700000e+02		4.2800000e+02		4.2750000e+02		4.9171747e+02		4.8757365e+02		6.3510579e+02		4.9303631e+02		1.2924790e+01		4.8011152e+02
4.2800000e+02		4.2900000e+02		4.2850000e+02		4.9494538e+02		4.9081419e+02		6.3926604e+02		4.9626062e+02		1.2886384e+01		4.8337424e+02
4.2900000e+02		4.3000000e+02		4.2950000e+02		4.6063718e+02		4.5682899e+02		5.9494571e+02		4.6184998e+02		1.1879779e+01		4.4997020e+02
4.3000000e+02		4.3100000e+02		4.3050000e+02		3.7055843e+02		3.6752406e+02		4.7859604e+02		3.7152509e+02		9.4665406e+00		3.6205855e+02
4.3100000e+02		4.3200000e+02		4.3150000e+02		4.5818753e+02		4.5447118e+02		5.9176570e+02		4.5937182e+02		1.1595051e+01		4.4777677e+02
4.3200000e+02		4.3300000e+02		4.3250000e+02		5.1625369e+02		5.1210597e+02		6.6675132e+02		5.1757585e+02		1.2941866e+01		5.0463399e+02
4.3300000e+02		4.3400000e+02		4.3350000e+02		5.6047485e+02		5.5601435e+02		7.2385420e+02		5.6189715e+02		1.3918860e+01		5.4797829e+02
4.3400000e+02		4.3500000e+02		4.3450000e+02		4.7595241e+02		4.7220024e+02		6.1468528e+02		4.7714921e+02		1.1709391e+01		4.6543982e+02
4.3500000e+02		4.3600000e+02		4.3550000e+02		5.3162725e+02		5.2747553e+02		6.8657960e+02		5.3295188e+02		1.2957188e+01		5.1999469e+02
4.3600000e+02		4.3700000e+02		4.3650000e+02		5.9481241e+02		5.9021077e+02		7.6817138e+02		5.9628102e+02		1.4362359e+01		5.8191866e+02
4.3700000e+02		4.3800000e+02		4.3750000e+02		5.2629983e+02		5.2226629e+02		6.7968210e+02		5.2758751e+02		1.2590129e+01		5.1499738e+02
4.3800000e+02		4.3900000e+02		4.3850000e+02		5.1257868e+02		5.0868694e+02		6.6195384e+02		5.1382144e+02		1.2148370e+01		5.0167307e+02
4.3900000e+02		4.4000000e+02		4.3950000e+02		5.7051902e+02		5.6622663e+02		7.3676862e+02		5.7188872e+02		1.3396648e+01		5.5849207e+02
4.4000000e+02		4.4100000e+02		4.4050000e+02		5.4089681e+02		5.3685969e+02		6.9849902e+02		5.4217824e+02		1.2583814e+01		5.2959443e+02
4.4100000e+02		4.4200000e+02		4.4150000e+02		5.9491633e+02		5.9041408e+02		7.6811629e+02		5.9620832e+02		1.3709325e+01		5.8249900e+02
4.4200000e+02		4.4300000e+02		4.4250000e+02		6.2544254e+02		6.2067817e+02		8.0742499e+02		6.2671264e+02		1.4277730e+01		6.1243491e+02
4.4300000e+02		4.4400000e+02		4.4350000e+02		6.0497206e+02		6.0041387e+02		7.8100126e+02		6.0619757e+02		1.3684373e+01		5.9251320e+02
4.4400000e+02		4.4500000e+02		4.4450000e+02		6.2324411e+02		6.1846129e+02		8.0441501e+02		6.2436321e+02		1.3964110e+01		6.1039910e+02
4.4500000e+02		4.4600000e+02		4.4550000e+02		5.7783999e+02		5.7347136e+02		7.4583941e+02		5.7889390e+02		1.2829864e+01		5.6606403e+02
4.4600000e+02		4.4700000e+02		4.4650000e+02		5.8940025e+02		5.8514299e+02		7.6095850e+02		5.9062622e+02		1.2973474e+01		5.7765275e+02
4.4700000e+02		4.4800000e+02		4.4750000e+02		6.3881895e+02		6.3428640e+02		8.2480448e+02		6.4017610e+02		1.3935172e+01		6.2624092e+02
4.4800000e+02		4.4900000e+02		4.4850000e+02		6.2805979e+02		6.2368968e+02		8.1096319e+02		6.2942848e+02		1.3578141e+01		6.1585034e+02
4.4900000e+02		4.5000000e+02		4.4950000e+02		6.3454704e+02		6.3019170e+02		8.1935628e+02		6.3593771e+02		1.3595220e+01		6.2234249e+02
4.5000000e+02		4.5100000e+02		4.5050000e+02		6.7325368e+02		6.6867790e+02		8.6933084e+02		6.7471954e+02		1.4294663e+01		6.6042487e+02
4.5100000e+02		4.5200000e+02		4.5150000e+02		6.7122600e+02		6.6670528e+02		8.6670320e+02		6.7267457e+02		1.4123487e+01		6.5855108e+02
4.5200000e+02		4.5300000e+02		4.5250000e+02		6.3541039e+02		6.3116953e+02		8.2044840e+02		6.3676962e+02		1.3249938e+01		6.2351968e+02
4.5300000e+02		4.5400000e+02		4.5350000e+02		6.0888666e+02		6.0485944e+02		7.8619233e+02		6.1017772e+02		1.2583201e+01		5.9759452e+02
4.5400000e+02		4.5500000e+02		4.5450000e+02		6.4999363e+02		6.4573316e+02		8.3926067e+02		6.5135979e+02		1.3312750e+01		6.3804704e+02
4.5500000e+02		4.5600000e+02		4.5550000e+02		6.4380306e+02		6.3962101e+02		8.3125886e+02		6.4514439e+02		1.3068463e+01		6.3207593e+02
4.5600000e+02		4.5700000e+02		4.5650000e+02		6.6853861e+02		6.6423474e+02		8.6318776e+02		6.6991933e+02		1.3449899e+01		6.5646943e+02
4.5700000e+02		4.5800000e+02		4.5750000e+02		6.7499745e+02		6.7069079e+02		8.7151825e+02		6.7637938e+02		1.3459355e+01		6.6292003e+02
4.5800000e+02		4.5900000e+02		4.5850000e+02		6.3439039e+02		6.3037887e+02		8.1908047e+02		6.3567791e+02		1.2537673e+01		6.2314024e+02
4.5900000e+02		4.6000000e+02		4.5950000e+02		6.5539586e+02		6.5128834e+02		8.4619282e+02		6.5671449e+02		1.2838398e+01		6.4387609e+02
4.6000000e+02		4.6100000e+02		4.6050000e+02		6.4752339e+02		6.4350119e+02		8.3602029e+02		6.4881491e+02		1.2572391e+01		6.3624252e+02
4.6100000e+02		4.6200000e+02		4.6150000e+02		6.6245412e+02		6.5837558e+02		8.5528907e+02		6.6376402e+02		1.2749188e+01		6.5101483e+02
4.6200000e+02		4.6300000e+02		4.6250000e+02		6.6901120e+02		6.6492864e+02		8.6374652e+02		6.7032267e+02		1.2762406e+01		6.5756027e+02
4.6300000e+02		4.6400000e+02		4.6350000e+02		6.4662616e+02		6.4271496e+02		8.3483767e+02		6.4788285e+02		1.2227365e+01		6.3565549e+02
4.6400000e+02		4.6500000e+02		4.6450000e+02		6.5795753e+02		6.5401277e+02		8.4945919e+02		6.5922528e+02		1.2332917e+01		6.4689236e+02
4.6500000e+02		4.6600000e+02		4.6550000e+02		6.3552746e+02		6.3175060e+02		8.2049306e+02		6.3674150e+02		1.1808605e+01		6.2493290e+02
4.6600000e+02		4.6700000e+02		4.6650000e+02		6.3955371e+02		6.3578618e+02		8.2568347e+02		6.4076500e+02		1.1780029e+01		6.2898497e+02
4.6700000e+02		4.6800000e+02		4.6750000e+02		6.4572639e+02		6.4191780e+02		8.3359625e+02		6.4690055e+02		1.1789317e+01		6.3511124e+02
4.6800000e+02		4.6900000e+02		4.6850000e+02		6.3145002e+02		6.2776126e+02		8.1516339e+02		6.3259169e+02		1.1428908e+01		6.2116278e+02
4.6900000e+02		4.7000000e+02		4.6950000e+02		6.4956875e+02		6.4576892e+02		8.3849733e+02		6.5069451e+02		1.1654086e+01		6.3904043e+02
4.7000000e+02		4.7100000e+02		4.7050000e+02		6.1381170e+02		6.1024848e+02		7.9232924e+02		6.1486275e+02		1.0917482e+01		6.0394527e+02
4.7100000e+02		4.7200000e+02		4.7150000e+02		6.4174114e+02		6.3803109e+02		8.2835332e+02		6.4281359e+02		1.1315526e+01		6.3149807e+02
4.7200000e+02		4.7300000e+02		4.7250000e+02		6.5742798e+02		6.5365441e+02		8.4858815e+02		6.5851168e+02		1.1492426e+01		6.4701925e+02
4.7300000e+02		4.7400000e+02		4.7350000e+02		6.4563741e+02		6.4190508e+02		8.3328819e+02		6.4663365e+02		1.1187922e+01		6.3544573e+02
4.7400000e+02		4.7500000e+02		4.7450000e+02		6.6512717e+02		6.6140144e+02		8.5854768e+02		6.6623216e+02		1.1429605e+01		6.5480255e+02
4.7500000e+02		4.7600000e+02		4.7550000e+02		6.6365303e+02		6.6002730e+02		8.5671527e+02		6.6480691e+02		1.1308679e+01		6.5349824e+02
4.7600000e+02		4.7700000e+02		4.7650000e+02		6.3952653e+02		6.3607244e+02		8.2557612e+02		6.4063919e+02		1.0805046e+01		6.2983415e+02
4.7700000e+02		4.7800000e+02		4.7750000e+02		6.6772274e+02		6.6414718e+02		8.6196800e+02		6.6887476e+02		1.1185575e+01		6.5768918e+02
4.7800000e+02		4.7900000e+02		4.7850000e+02		6.6128260e+02		6.5777170e+02		8.5364740e+02		6.6241399e+02		1.0983769e+01		6.5143022e+02
4.7900000e+02		4.8000000e+02		4.7950000e+02		6.6320839e+02		6.5971721e+02		8.5612647e+02		6.6433363e+02		1.0922547e+01		6.5341108e+02
4.8000000e+02		4.8100000e+02		4.8050000e+02		6.6489751e+02		6.6142715e+02		8.5830005e+02		6.6601623e+02		1.0857896e+01		6.5515834e+02
4.8100000e+02		4.8200000e+02		4.8150000e+02		6.6630748e+02		6.6285921e+02		8.6011333e+02		6.6741928e+02		1.0789222e+01		6.5663005e+02
4.8200000e+02		4.8300000e+02		4.8250000e+02		6.6376999e+02		6.6036389e+02		8.5683104e+02		6.6486838e+02		1.0657751e+01		6.5421063e+02
4.8300000e+02		4.8400000e+02		4.8350000e+02		6.5373157e+02		6.5038997e+02		8.4384672e+02		6.5478895e+02		1.0408084e+01		6.4438086e+02
4.8400000e+02		4.8500000e+02		4.8450000e+02		6.4242337e+02		6.3913666e+02		8.2920452e+02		6.4342300e+02		1.0141596e+01		6.3328141e+02
4.8500000e+02		4.8600000e+02		4.8550000e+02		6.0369332e+02		6.0058292e+02		7.7914717e+02		6.0457667e+02		9.4493071e+00		5.9512736e+02
4.8600000e+02		4.8700000e+02		4.8650000e+02		5.2412565e+02		5.2148641e+02		6.7649965e+02		5.2492529e+02		8.1364837e+00		5.1678880e+02
4.8700000e+02		4.8800000e+02		4.8750000e+02		5.9966111e+02		5.9662788e+02		7.7393965e+02		6.0052920e+02		9.2306319e+00		5.9129857e+02
4.8800000e+02		4.8900000e+02		4.8850000e+02		6.3081686e+02		6.2765125e+02		8.1414327e+02		6.3172118e+02		9.6295612e+00		6.2209162e+02
4.8900000e+02		4.9000000e+02		4.8950000e+02		6.1880396e+02		6.1573149e+02		7.9864329e+02		6.1969092e+02		9.3680957e+00		6.1032282e+02
4.9000000e+02		4.9100000e+02		4.9050000e+02		6.5907671e+02		6.5585847e+02		8.5064963e+02		6.6004100e+02		9.8959659e+00		6.5014503e+02
4.9100000e+02		4.9200000e+02		4.9150000e+02		6.2110374e+02		6.1808888e+02		8.0162473e+02		6.2199783e+02		9.2486715e+00		6.1274916e+02
4.9200000e+02		4.9300000e+02		4.9250000e+02		5.9112858e+02		5.8832868e+02		7.6299123e+02		5.9201882e+02		8.7309658e+00		5.8328786e+02
4.9300000e+02		4.9400000e+02		4.9350000e+02		6.2472140e+02		6.2179360e+02		8.0635386e+02		6.2566146e+02		9.1514606e+00		6.1651000e+02
4.9400000e+02		4.9500000e+02		4.9450000e+02		6.4279699e+02		6.3981372e+02		8.2968472e+02		6.4376089e+02		9.3391221e+00		6.3442177e+02
4.9500000e+02		4.9600000e+02		4.9550000e+02		6.3133158e+02		6.2842561e+02		8.1488023e+02		6.3227065e+02		9.0974628e+00		6.2317319e+02
4.9600000e+02		4.9700000e+02		4.9650000e+02		6.3921352e+02		6.3629541e+02		8.2504808e+02		6.4015665e+02		9.1357934e+00		6.3102086e+02
4.9700000e+02		4.9800000e+02		4.9750000e+02		6.5113923e+02		6.4819102e+02		8.4043521e+02		6.5209223e+02		9.2303703e+00		6.4286186e+02
4.9800000e+02		4.9900000e+02		4.9850000e+02		5.9175801e+02		5.8909127e+02		7.6377397e+02		5.9260777e+02		8.3201307e+00		5.8428764e+02
4.9900000e+02		5.0000000e+02		4.9950000e+02		6.3385792e+02		6.3097892e+02		8.1804770e+02		6.3471456e+02		8.8386284e+00		6.2587593e+02
