Left Bin Edge (nm)	Right Bin Edge (nm)	Bin Center (nm)		Top of Atm Intensity (erg/s/nm/cm2)		Total Surface Flux (erg/s/nm/cm2)		Total Intensity at BOA (erg/s/nm/cm2)		Total Surface Intensity (erg/s/nm/cm2)		Total Surface Diffuse Intensity (erg/s/nm/cm2)		Total Surface Direct Intensity (erg/s/nm/cm2)
1.0000000e+02		1.0100000e+02		1.0050000e+02		1.9189487e-02		0.0000000e+00		0.0000000e+00		0.0000000e+00		0.0000000e+00		0.0000000e+00
1.0100000e+02		1.0200000e+02		1.0150000e+02		7.4861701e-02		0.0000000e+00		0.0000000e+00		0.0000000e+00		0.0000000e+00		0.0000000e+00
1.0200000e+02		1.0300000e+02		1.0250000e+02		3.9734366e-01		0.0000000e+00		0.0000000e+00		0.0000000e+00		0.0000000e+00		0.0000000e+00
1.0300000e+02		1.0400000e+02		1.0350000e+02		3.0179545e-01		0.0000000e+00		0.0000000e+00		0.0000000e+00		0.0000000e+00		0.0000000e+00
1.0400000e+02		1.0500000e+02		1.0450000e+02		6.0815352e-02		0.0000000e+00		0.0000000e+00		0.0000000e+00		0.0000000e+00		0.0000000e+00
1.0500000e+02		1.0600000e+02		1.0550000e+02		2.0834600e-02		0.0000000e+00		0.0000000e+00		0.0000000e+00		0.0000000e+00		0.0000000e+00
1.0600000e+02		1.0700000e+02		1.0650000e+02		1.9584792e-02		0.0000000e+00		0.0000000e+00		0.0000000e+00		0.0000000e+00		0.0000000e+00
1.0700000e+02		1.0800000e+02		1.0750000e+02		2.1853879e-02		0.0000000e+00		0.0000000e+00		0.0000000e+00		0.0000000e+00		0.0000000e+00
1.0800000e+02		1.0900000e+02		1.0850000e+02		3.0634999e-02		0.0000000e+00		0.0000000e+00		0.0000000e+00		0.0000000e+00		0.0000000e+00
1.0900000e+02		1.1000000e+02		1.0950000e+02		2.4032561e-02		0.0000000e+00		0.0000000e+00		0.0000000e+00		0.0000000e+00		0.0000000e+00
1.1000000e+02		1.1100000e+02		1.1050000e+02		2.3268893e-02		0.0000000e+00		0.0000000e+00		0.0000000e+00		0.0000000e+00		0.0000000e+00
1.1100000e+02		1.1200000e+02		1.1150000e+02		2.1871272e-02		0.0000000e+00		0.0000000e+00		0.0000000e+00		0.0000000e+00		0.0000000e+00
1.1200000e+02		1.1300000e+02		1.1250000e+02		2.2375602e-02		0.0000000e+00		0.0000000e+00		0.0000000e+00		0.0000000e+00		0.0000000e+00
1.1300000e+02		1.1400000e+02		1.1350000e+02		1.7748133e-02		0.0000000e+00		0.0000000e+00		0.0000000e+00		0.0000000e+00		0.0000000e+00
1.1400000e+02		1.1500000e+02		1.1450000e+02		1.3589480e-02		0.0000000e+00		0.0000000e+00		0.0000000e+00		0.0000000e+00		0.0000000e+00
1.1500000e+02		1.1600000e+02		1.1550000e+02		1.8751615e-02		0.0000000e+00		0.0000000e+00		0.0000000e+00		0.0000000e+00		0.0000000e+00
1.1600000e+02		1.1700000e+02		1.1650000e+02		4.3674487e-02		0.0000000e+00		0.0000000e+00		0.0000000e+00		0.0000000e+00		0.0000000e+00
1.1700000e+02		1.1800000e+02		1.1750000e+02		1.5546757e-01		0.0000000e+00		0.0000000e+00		0.0000000e+00		0.0000000e+00		0.0000000e+00
1.1800000e+02		1.1900000e+02		1.1850000e+02		5.2889236e-02		0.0000000e+00		0.0000000e+00		0.0000000e+00		0.0000000e+00		0.0000000e+00
1.1900000e+02		1.2000000e+02		1.1950000e+02		7.3692884e-02		0.0000000e+00		0.0000000e+00		0.0000000e+00		0.0000000e+00		0.0000000e+00
1.2000000e+02		1.2100000e+02		1.2050000e+02		4.0066072e-01		0.0000000e+00		0.0000000e+00		0.0000000e+00		0.0000000e+00		0.0000000e+00
1.2100000e+02		1.2200000e+02		1.2150000e+02		1.5905289e+01		0.0000000e+00		0.0000000e+00		0.0000000e+00		0.0000000e+00		0.0000000e+00
1.2200000e+02		1.2300000e+02		1.2250000e+02		1.0666543e-01		0.0000000e+00		0.0000000e+00		0.0000000e+00		0.0000000e+00		0.0000000e+00
1.2300000e+02		1.2400000e+02		1.2350000e+02		5.7456553e-02		0.0000000e+00		0.0000000e+00		0.0000000e+00		0.0000000e+00		0.0000000e+00
1.2400000e+02		1.2500000e+02		1.2450000e+02		4.6184197e-02		0.0000000e+00		0.0000000e+00		0.0000000e+00		0.0000000e+00		0.0000000e+00
1.2500000e+02		1.2600000e+02		1.2550000e+02		4.5085118e-02		0.0000000e+00		0.0000000e+00		0.0000000e+00		0.0000000e+00		0.0000000e+00
1.2600000e+02		1.2700000e+02		1.2650000e+02		6.3054464e-02		0.0000000e+00		0.0000000e+00		0.0000000e+00		0.0000000e+00		0.0000000e+00
1.2700000e+02		1.2800000e+02		1.2750000e+02		3.3006429e-02		0.0000000e+00		0.0000000e+00		0.0000000e+00		0.0000000e+00		0.0000000e+00
1.2800000e+02		1.2900000e+02		1.2850000e+02		2.6335196e-02		0.0000000e+00		0.0000000e+00		0.0000000e+00		0.0000000e+00		0.0000000e+00
1.2900000e+02		1.3000000e+02		1.2950000e+02		3.5131240e-02		0.0000000e+00		0.0000000e+00		0.0000000e+00		0.0000000e+00		0.0000000e+00
1.3000000e+02		1.3100000e+02		1.3050000e+02		2.8850634e-01		0.0000000e+00		0.0000000e+00		0.0000000e+00		0.0000000e+00		0.0000000e+00
1.3100000e+02		1.3200000e+02		1.3150000e+02		3.9064855e-02		0.0000000e+00		0.0000000e+00		0.0000000e+00		0.0000000e+00		0.0000000e+00
1.3200000e+02		1.3300000e+02		1.3250000e+02		3.0374778e-02		0.0000000e+00		0.0000000e+00		0.0000000e+00		0.0000000e+00		0.0000000e+00
1.3300000e+02		1.3400000e+02		1.3350000e+02		4.1056606e-01		0.0000000e+00		0.0000000e+00		0.0000000e+00		0.0000000e+00		0.0000000e+00
1.3400000e+02		1.3500000e+02		1.3450000e+02		2.8092500e-02		0.0000000e+00		0.0000000e+00		0.0000000e+00		0.0000000e+00		0.0000000e+00
1.3500000e+02		1.3600000e+02		1.3550000e+02		5.8954708e-02		0.0000000e+00		0.0000000e+00		0.0000000e+00		0.0000000e+00		0.0000000e+00
1.3600000e+02		1.3700000e+02		1.3650000e+02		3.8690656e-02		0.0000000e+00		0.0000000e+00		0.0000000e+00		0.0000000e+00		0.0000000e+00
1.3700000e+02		1.3800000e+02		1.3750000e+02		3.9732879e-02		0.0000000e+00		0.0000000e+00		0.0000000e+00		0.0000000e+00		0.0000000e+00
1.3800000e+02		1.3900000e+02		1.3850000e+02		4.0549866e-02		0.0000000e+00		0.0000000e+00		0.0000000e+00		0.0000000e+00		0.0000000e+00
1.3900000e+02		1.4000000e+02		1.3950000e+02		1.3692187e-01		0.0000000e+00		0.0000000e+00		0.0000000e+00		0.0000000e+00		0.0000000e+00
1.4000000e+02		1.4100000e+02		1.4050000e+02		1.1939088e-01		0.0000000e+00		0.0000000e+00		0.0000000e+00		0.0000000e+00		0.0000000e+00
1.4100000e+02		1.4200000e+02		1.4150000e+02		5.7521948e-02		0.0000000e+00		0.0000000e+00		0.0000000e+00		0.0000000e+00		0.0000000e+00
1.4200000e+02		1.4300000e+02		1.4250000e+02		6.2343151e-02		0.0000000e+00		0.0000000e+00		0.0000000e+00		0.0000000e+00		0.0000000e+00
1.4300000e+02		1.4400000e+02		1.4350000e+02		6.9165895e-02		0.0000000e+00		0.0000000e+00		0.0000000e+00		0.0000000e+00		0.0000000e+00
1.4400000e+02		1.4500000e+02		1.4450000e+02		6.6149126e-02		0.0000000e+00		0.0000000e+00		0.0000000e+00		0.0000000e+00		0.0000000e+00
1.4500000e+02		1.4600000e+02		1.4550000e+02		7.0536262e-02		0.0000000e+00		0.0000000e+00		0.0000000e+00		0.0000000e+00		0.0000000e+00
1.4600000e+02		1.4700000e+02		1.4650000e+02		8.6012655e-02		0.0000000e+00		0.0000000e+00		0.0000000e+00		0.0000000e+00		0.0000000e+00
1.4700000e+02		1.4800000e+02		1.4750000e+02		1.0610345e-01		0.0000000e+00		0.0000000e+00		0.0000000e+00		0.0000000e+00		0.0000000e+00
1.4800000e+02		1.4900000e+02		1.4850000e+02		1.0405386e-01		0.0000000e+00		0.0000000e+00		0.0000000e+00		0.0000000e+00		0.0000000e+00
1.4900000e+02		1.5000000e+02		1.4950000e+02		9.4002421e-02		0.0000000e+00		0.0000000e+00		0.0000000e+00		0.0000000e+00		0.0000000e+00
1.5000000e+02		1.5100000e+02		1.5050000e+02		1.0343288e-01		0.0000000e+00		0.0000000e+00		0.0000000e+00		0.0000000e+00		0.0000000e+00
1.5100000e+02		1.5200000e+02		1.5150000e+02		1.0875212e-01		0.0000000e+00		0.0000000e+00		0.0000000e+00		0.0000000e+00		0.0000000e+00
1.5200000e+02		1.5300000e+02		1.5250000e+02		1.3876638e-01		0.0000000e+00		0.0000000e+00		0.0000000e+00		0.0000000e+00		0.0000000e+00
1.5300000e+02		1.5400000e+02		1.5350000e+02		1.5371418e-01		0.0000000e+00		0.0000000e+00		0.0000000e+00		0.0000000e+00		0.0000000e+00
1.5400000e+02		1.5500000e+02		1.5450000e+02		4.1112511e-01		0.0000000e+00		0.0000000e+00		0.0000000e+00		0.0000000e+00		0.0000000e+00
1.5500000e+02		1.5600000e+02		1.5550000e+02		3.3836363e-01		0.0000000e+00		0.0000000e+00		0.0000000e+00		0.0000000e+00		0.0000000e+00
1.5600000e+02		1.5700000e+02		1.5650000e+02		2.0084632e-01		0.0000000e+00		0.0000000e+00		0.0000000e+00		0.0000000e+00		0.0000000e+00
1.5700000e+02		1.5800000e+02		1.5750000e+02		1.8216796e-01		0.0000000e+00		0.0000000e+00		0.0000000e+00		0.0000000e+00		0.0000000e+00
1.5800000e+02		1.5900000e+02		1.5850000e+02		1.6795176e-01		0.0000000e+00		0.0000000e+00		0.0000000e+00		0.0000000e+00		0.0000000e+00
1.5900000e+02		1.6000000e+02		1.5950000e+02		1.6379377e-01		0.0000000e+00		0.0000000e+00		0.0000000e+00		0.0000000e+00		0.0000000e+00
1.6000000e+02		1.6100000e+02		1.6050000e+02		1.7926410e-01		0.0000000e+00		0.0000000e+00		0.0000000e+00		0.0000000e+00		0.0000000e+00
1.6100000e+02		1.6200000e+02		1.6150000e+02		2.0306941e-01		0.0000000e+00		0.0000000e+00		0.0000000e+00		0.0000000e+00		0.0000000e+00
1.6200000e+02		1.6300000e+02		1.6250000e+02		2.2492895e-01		0.0000000e+00		0.0000000e+00		0.0000000e+00		0.0000000e+00		0.0000000e+00
1.6300000e+02		1.6400000e+02		1.6350000e+02		4.7671727e-01		0.0000000e+00		0.0000000e+00		0.0000000e+00		0.0000000e+00		0.0000000e+00
1.6400000e+02		1.6500000e+02		1.6450000e+02		4.8753270e-01		0.0000000e+00		0.0000000e+00		0.0000000e+00		0.0000000e+00		0.0000000e+00
1.6500000e+02		1.6600000e+02		1.6550000e+02		5.7072689e-01		0.0000000e+00		0.0000000e+00		0.0000000e+00		0.0000000e+00		0.0000000e+00
1.6600000e+02		1.6700000e+02		1.6650000e+02		2.6919628e-01		0.0000000e+00		0.0000000e+00		0.0000000e+00		0.0000000e+00		0.0000000e+00
1.6700000e+02		1.6800000e+02		1.6750000e+02		2.8728373e-01		0.0000000e+00		0.0000000e+00		0.0000000e+00		0.0000000e+00		0.0000000e+00
1.6800000e+02		1.6900000e+02		1.6850000e+02		3.0958866e-01		0.0000000e+00		0.0000000e+00		0.0000000e+00		0.0000000e+00		0.0000000e+00
1.6900000e+02		1.7000000e+02		1.6950000e+02		3.8988989e-01		0.0000000e+00		0.0000000e+00		0.0000000e+00		0.0000000e+00		0.0000000e+00
1.7000000e+02		1.7100000e+02		1.7050000e+02		4.3752516e-01		0.0000000e+00		0.0000000e+00		0.0000000e+00		0.0000000e+00		0.0000000e+00
1.7100000e+02		1.7200000e+02		1.7150000e+02		4.3618394e-01		0.0000000e+00		0.0000000e+00		0.0000000e+00		0.0000000e+00		0.0000000e+00
1.7200000e+02		1.7300000e+02		1.7250000e+02		4.5514763e-01		0.0000000e+00		0.0000000e+00		0.0000000e+00		0.0000000e+00		0.0000000e+00
1.7300000e+02		1.7400000e+02		1.7350000e+02		4.5120572e-01		0.0000000e+00		0.0000000e+00		0.0000000e+00		0.0000000e+00		0.0000000e+00
1.7400000e+02		1.7500000e+02		1.7450000e+02		5.3951828e-01		0.0000000e+00		0.0000000e+00		0.0000000e+00		0.0000000e+00		0.0000000e+00
1.7500000e+02		1.7600000e+02		1.7550000e+02		6.4389120e-01		0.0000000e+00		0.0000000e+00		0.0000000e+00		0.0000000e+00		0.0000000e+00
1.7600000e+02		1.7700000e+02		1.7650000e+02		6.9472845e-01		0.0000000e+00		0.0000000e+00		0.0000000e+00		0.0000000e+00		0.0000000e+00
1.7700000e+02		1.7800000e+02		1.7750000e+02		8.1849614e-01		0.0000000e+00		0.0000000e+00		0.0000000e+00		0.0000000e+00		0.0000000e+00
1.7800000e+02		1.7900000e+02		1.7850000e+02		8.9455089e-01		0.0000000e+00		0.0000000e+00		0.0000000e+00		0.0000000e+00		0.0000000e+00
1.7900000e+02		1.8000000e+02		1.7950000e+02		8.6966614e-01		0.0000000e+00		0.0000000e+00		0.0000000e+00		0.0000000e+00		0.0000000e+00
1.8000000e+02		1.8100000e+02		1.8050000e+02		1.0753674e+00		0.0000000e+00		0.0000000e+00		0.0000000e+00		0.0000000e+00		0.0000000e+00
1.8100000e+02		1.8200000e+02		1.8150000e+02		1.3093431e+00		0.0000000e+00		0.0000000e+00		0.0000000e+00		0.0000000e+00		0.0000000e+00
1.8200000e+02		1.8300000e+02		1.8250000e+02		1.2087370e+00		0.0000000e+00		0.0000000e+00		0.0000000e+00		0.0000000e+00		0.0000000e+00
1.8300000e+02		1.8400000e+02		1.8350000e+02		1.2728289e+00		0.0000000e+00		0.0000000e+00		0.0000000e+00		0.0000000e+00		0.0000000e+00
1.8400000e+02		1.8500000e+02		1.8450000e+02		1.0940339e+00		0.0000000e+00		0.0000000e+00		0.0000000e+00		0.0000000e+00		0.0000000e+00
1.8500000e+02		1.8600000e+02		1.8550000e+02		1.2372281e+00		0.0000000e+00		0.0000000e+00		0.0000000e+00		0.0000000e+00		0.0000000e+00
1.8600000e+02		1.8700000e+02		1.8650000e+02		1.4037992e+00		0.0000000e+00		0.0000000e+00		0.0000000e+00		0.0000000e+00		0.0000000e+00
1.8700000e+02		1.8800000e+02		1.8750000e+02		1.5907538e+00		0.0000000e+00		0.0000000e+00		0.0000000e+00		0.0000000e+00		0.0000000e+00
1.8800000e+02		1.8900000e+02		1.8850000e+02		1.6735993e+00		0.0000000e+00		0.0000000e+00		0.0000000e+00		0.0000000e+00		0.0000000e+00
1.8900000e+02		1.9000000e+02		1.8950000e+02		1.8559600e+00		0.0000000e+00		0.0000000e+00		0.0000000e+00		0.0000000e+00		0.0000000e+00
1.9000000e+02		1.9100000e+02		1.9050000e+02		1.9109940e+00		0.0000000e+00		0.0000000e+00		0.0000000e+00		0.0000000e+00		0.0000000e+00
1.9100000e+02		1.9200000e+02		1.9150000e+02		2.0707336e+00		0.0000000e+00		0.0000000e+00		0.0000000e+00		0.0000000e+00		0.0000000e+00
1.9200000e+02		1.9300000e+02		1.9250000e+02		2.1685186e+00		0.0000000e+00		0.0000000e+00		0.0000000e+00		0.0000000e+00		0.0000000e+00
1.9300000e+02		1.9400000e+02		1.9350000e+02		1.6554009e+00		0.0000000e+00		0.0000000e+00		0.0000000e+00		0.0000000e+00		0.0000000e+00
1.9400000e+02		1.9500000e+02		1.9450000e+02		2.6556632e+00		0.0000000e+00		0.0000000e+00		0.0000000e+00		0.0000000e+00		0.0000000e+00
1.9500000e+02		1.9600000e+02		1.9550000e+02		2.5630279e+00		0.0000000e+00		0.0000000e+00		0.0000000e+00		0.0000000e+00		0.0000000e+00
1.9600000e+02		1.9700000e+02		1.9650000e+02		2.8204934e+00		0.0000000e+00		0.0000000e+00		0.0000000e+00		0.0000000e+00		0.0000000e+00
1.9700000e+02		1.9800000e+02		1.9750000e+02		2.8068384e+00		0.0000000e+00		0.0000000e+00		0.0000000e+00		0.0000000e+00		0.0000000e+00
1.9800000e+02		1.9900000e+02		1.9850000e+02		2.7505577e+00		0.0000000e+00		0.0000000e+00		0.0000000e+00		0.0000000e+00		0.0000000e+00
1.9900000e+02		2.0000000e+02		1.9950000e+02		2.8965557e+00		0.0000000e+00		0.0000000e+00		0.0000000e+00		0.0000000e+00		0.0000000e+00
2.0000000e+02		2.0100000e+02		2.0050000e+02		3.0623388e+00		0.0000000e+00		0.0000000e+00		0.0000000e+00		0.0000000e+00		0.0000000e+00
2.0100000e+02		2.0200000e+02		2.0150000e+02		3.2593670e+00		0.0000000e+00		0.0000000e+00		0.0000000e+00		0.0000000e+00		0.0000000e+00
2.0200000e+02		2.0300000e+02		2.0250000e+02		3.2217937e+00		0.0000000e+00		0.0000000e+00		0.0000000e+00		0.0000000e+00		0.0000000e+00
2.0300000e+02		2.0400000e+02		2.0350000e+02		3.4484145e+00		0.0000000e+00		0.0000000e+00		0.0000000e+00		0.0000000e+00		0.0000000e+00
2.0400000e+02		2.0500000e+02		2.0450000e+02		3.7117169e+00		0.0000000e+00		0.0000000e+00		0.0000000e+00		0.0000000e+00		0.0000000e+00
2.0500000e+02		2.0600000e+02		2.0550000e+02		3.7200399e+00		0.0000000e+00		0.0000000e+00		0.0000000e+00		0.0000000e+00		0.0000000e+00
2.0600000e+02		2.0700000e+02		2.0650000e+02		3.7247532e+00		0.0000000e+00		0.0000000e+00		0.0000000e+00		0.0000000e+00		0.0000000e+00
2.0700000e+02		2.0800000e+02		2.0750000e+02		4.0454145e+00		0.0000000e+00		0.0000000e+00		0.0000000e+00		0.0000000e+00		0.0000000e+00
2.0800000e+02		2.0900000e+02		2.0850000e+02		4.3759554e+00		0.0000000e+00		0.0000000e+00		0.0000000e+00		0.0000000e+00		0.0000000e+00
2.0900000e+02		2.1000000e+02		2.0950000e+02		5.6528678e+00		0.0000000e+00		0.0000000e+00		0.0000000e+00		0.0000000e+00		0.0000000e+00
2.1000000e+02		2.1100000e+02		2.1050000e+02		6.9678423e+00		0.0000000e+00		0.0000000e+00		0.0000000e+00		0.0000000e+00		0.0000000e+00
2.1100000e+02		2.1200000e+02		2.1150000e+02		7.9326445e+00		0.0000000e+00		0.0000000e+00		0.0000000e+00		0.0000000e+00		0.0000000e+00
2.1200000e+02		2.1300000e+02		2.1250000e+02		7.0734222e+00		0.0000000e+00		0.0000000e+00		0.0000000e+00		0.0000000e+00		0.0000000e+00
2.1300000e+02		2.1400000e+02		2.1350000e+02		7.2066449e+00		0.0000000e+00		0.0000000e+00		0.0000000e+00		0.0000000e+00		0.0000000e+00
2.1400000e+02		2.1500000e+02		2.1450000e+02		9.2279181e+00		0.0000000e+00		0.0000000e+00		0.0000000e+00		0.0000000e+00		0.0000000e+00
2.1500000e+02		2.1600000e+02		2.1550000e+02		7.9257408e+00		0.0000000e+00		0.0000000e+00		0.0000000e+00		0.0000000e+00		0.0000000e+00
2.1600000e+02		2.1700000e+02		2.1650000e+02		7.3353469e+00		0.0000000e+00		0.0000000e+00		0.0000000e+00		0.0000000e+00		0.0000000e+00
2.1700000e+02		2.1800000e+02		2.1750000e+02		7.5953881e+00		0.0000000e+00		0.0000000e+00		0.0000000e+00		0.0000000e+00		0.0000000e+00
2.1800000e+02		2.1900000e+02		2.1850000e+02		1.0217230e+01		0.0000000e+00		0.0000000e+00		0.0000000e+00		0.0000000e+00		0.0000000e+00
2.1900000e+02		2.2000000e+02		2.1950000e+02		1.0786519e+01		0.0000000e+00		0.0000000e+00		0.0000000e+00		0.0000000e+00		0.0000000e+00
2.2000000e+02		2.2100000e+02		2.2050000e+02		1.0851638e+01		0.0000000e+00		0.0000000e+00		0.0000000e+00		0.0000000e+00		0.0000000e+00
2.2100000e+02		2.2200000e+02		2.2150000e+02		8.6872371e+00		1.2932623e-273		0.0000000e+00		1.2973097e-273		9.5762626e-276		1.2877335e-273
2.2200000e+02		2.2300000e+02		2.2250000e+02		1.1691346e+01		0.0000000e+00		0.0000000e+00		0.0000000e+00		0.0000000e+00		0.0000000e+00
2.2300000e+02		2.2400000e+02		2.2350000e+02		1.5139682e+01		3.9382538e-148		0.0000000e+00		3.9614748e-148		5.4941578e-150		3.9065332e-148
2.2400000e+02		2.2500000e+02		2.2450000e+02		1.4154944e+01		1.3963281e-232		0.0000000e+00		1.4014606e-232		1.2143636e-234		1.3893170e-232
2.2500000e+02		2.2600000e+02		2.2550000e+02		1.2365614e+01		6.5336114e-150		0.0000000e+00		6.5702065e-150		8.6584907e-152		6.4836216e-150
2.2600000e+02		2.2700000e+02		2.2650000e+02		9.0577089e+00		6.3412823e-140		0.0000000e+00		6.3786378e-140		8.8384077e-142		6.2902537e-140
2.2700000e+02		2.2800000e+02		2.2750000e+02		8.8108381e+00		1.9410118e-114		0.0000000e+00		1.9547393e-114		3.2479646e-116		1.9222596e-114
2.2800000e+02		2.2900000e+02		2.2850000e+02		1.2275156e+01		2.9271440e-48		2.4758767e-46		2.9756161e-48		1.1468628e-49		2.8609299e-48
2.2900000e+02		2.3000000e+02		2.2950000e+02		1.1031259e+01		1.7249097e-22		1.5289339e-21		1.7860885e-22		1.4475043e-23		1.6413380e-22
2.3000000e+02		2.3100000e+02		2.3050000e+02		1.2510180e+01		5.3911222e-30		9.2058245e-29		5.5302913e-30		3.2927747e-31		5.2010138e-30
2.3100000e+02		2.3200000e+02		2.3150000e+02		1.1791833e+01		7.3498541e-19		4.7713722e-18		7.6496914e-19		7.0942268e-20		6.9402687e-19
2.3200000e+02		2.3300000e+02		2.3250000e+02		1.2664003e+01		3.2997852e-13		1.3307711e-12		3.4903532e-13		4.5088893e-14		3.0394643e-13
2.3300000e+02		2.3400000e+02		2.3350000e+02		1.1428554e+01		2.6112740e-07		6.6074921e-07		2.8889234e-07		6.5692535e-08		2.2319980e-07
2.3400000e+02		2.3500000e+02		2.3450000e+02		9.9864853e+00		8.3351116e-07		2.0247157e-06		9.2806638e-07		2.2372007e-07		7.0434631e-07
2.3500000e+02		2.3600000e+02		2.3550000e+02		1.3443360e+01		3.2208581e-08		8.7053035e-08		3.5077839e-08		6.7887374e-09		2.8289102e-08
2.3600000e+02		2.3700000e+02		2.3650000e+02		1.2448020e+01		2.9971551e-07		7.5165722e-07		3.2971553e-07		7.0980812e-08		2.5873472e-07
2.3700000e+02		2.3800000e+02		2.3750000e+02		1.3294723e+01		3.0227490e-07		7.5765254e-07		3.3179652e-07		6.9848911e-08		2.6194761e-07
2.3800000e+02		2.3900000e+02		2.3850000e+02		1.1021422e+01		6.0696427e-08		1.5872729e-07		6.6024361e-08		1.2606028e-08		5.3418333e-08
2.3900000e+02		2.4000000e+02		2.3950000e+02		1.2008577e+01		9.6385881e-09		2.6795916e-08		1.0384182e-08		1.7640930e-09		8.6200886e-09
2.4000000e+02		2.4100000e+02		2.4050000e+02		1.1032163e+01		3.1873722e-09		9.1555920e-09		3.4167884e-09		5.4280449e-10		2.8739839e-09
2.4100000e+02		2.4200000e+02		2.4150000e+02		1.2918879e+01		3.1723887e-09		9.1482983e-09		3.3944373e-09		5.2537259e-10		2.8690647e-09
2.4200000e+02		2.4300000e+02		2.4250000e+02		1.7782729e+01		3.2983333e-09		9.5882491e-09		3.5216063e-09		5.2826947e-10		2.9933368e-09
2.4300000e+02		2.4400000e+02		2.4350000e+02		1.6701989e+01		1.2735981e-10		4.1326187e-10		1.3468469e-10		1.7330851e-11		1.1735384e-10
2.4400000e+02		2.4500000e+02		2.4450000e+02		1.5641720e+01		1.3548141e-15		6.6452761e-15		1.4065801e-15		1.2247968e-16		1.2841004e-15
2.4500000e+02		2.4600000e+02		2.4550000e+02		1.2691134e+01		1.8223464e-22		1.6025890e-21		1.8697167e-22		1.1207938e-23		1.7576373e-22
2.4600000e+02		2.4700000e+02		2.4650000e+02		1.2350906e+01		1.5104492e-20		1.1228895e-19		1.5526823e-20		9.9924546e-22		1.4527578e-20
2.4700000e+02		2.4800000e+02		2.4750000e+02		1.3639226e+01		9.0955551e-22		7.5401822e-21		9.3305397e-22		5.5597943e-23		8.7745602e-22
2.4800000e+02		2.4900000e+02		2.4850000e+02		1.0938846e+01		1.5542420e-23		1.4891655e-22		1.5908220e-23		8.6549073e-25		1.5042729e-23
2.4900000e+02		2.5000000e+02		2.4950000e+02		1.3333262e+01		2.2356088e-26		2.7636107e-25		2.2814791e-26		1.0853030e-27		2.1729488e-26
2.5000000e+02		2.5100000e+02		2.5050000e+02		1.4401571e+01		1.5657365e-35		4.3253340e-34		1.5890718e-35		5.5211857e-37		1.5338600e-35
2.5100000e+02		2.5200000e+02		2.5150000e+02		1.2007424e+01		2.6971719e-42		1.3398496e-40		2.7303726e-42		7.8553704e-44		2.6518189e-42
2.5200000e+02		2.5300000e+02		2.5250000e+02		1.0794009e+01		1.7720979e-39		6.8427191e-38		1.7950998e-39		5.4423288e-41		1.7406766e-39
2.5300000e+02		2.5400000e+02		2.5350000e+02		1.3602371e+01		1.8368250e-45		1.2105954e-43		1.8570996e-45		4.7970242e-47		1.8091294e-45
2.5400000e+02		2.5500000e+02		2.5450000e+02		1.5384114e+01		2.3473825e-55		3.7120399e-53		2.3682543e-55		4.9383163e-57		2.3188711e-55
2.5500000e+02		2.5600000e+02		2.5550000e+02		2.0992062e+01		5.7126808e-67		2.5424918e-64		5.7538406e-67		9.7385135e-69		5.6564555e-67
2.5600000e+02		2.5700000e+02		2.5650000e+02		2.7040612e+01		1.2016819e-54		1.8235082e-52		1.2120919e-54		2.4630227e-56		1.1874617e-54
2.5700000e+02		2.5800000e+02		2.5750000e+02		3.3946512e+01		2.4457847e-72		1.7790093e-69		2.4615034e-72		3.7190711e-74		2.4243127e-72
2.5800000e+02		2.5900000e+02		2.5850000e+02		3.5732434e+01		1.7646635e-70		1.0916609e-67		1.7761030e-70		2.7066130e-72		1.7490368e-70
2.5900000e+02		2.6000000e+02		2.5950000e+02		3.0409976e+01		6.6344734e-83		1.2194964e-79		6.6704699e-83		8.5168665e-85		6.5853012e-83
2.6000000e+02		2.6100000e+02		2.6050000e+02		2.4915606e+01		1.6006637e-89		5.2326841e-86		1.6085810e-89		1.8732461e-91		1.5898485e-89
2.6100000e+02		2.6200000e+02		2.6150000e+02		2.5442742e+01		4.3894242e-102		0.0000000e+00		4.4081482e-102		4.4301249e-104		4.3638469e-102
2.6200000e+02		2.6300000e+02		2.6250000e+02		3.0366547e+01		3.7579505e-102		0.0000000e+00		3.7736936e-102		3.7248616e-104		3.7364450e-102
2.6300000e+02		2.6400000e+02		2.6350000e+02		4.5700096e+01		9.9125536e-99		7.4687902e-95		9.9547337e-99		9.9799240e-101		9.8549345e-99
2.6400000e+02		2.6500000e+02		2.6450000e+02		7.1249372e+01		6.2575521e-120		0.0000000e+00		6.2790936e-120		5.0967713e-122		6.2281259e-120
2.6500000e+02		2.6600000e+02		2.6550000e+02		7.4731454e+01		6.4461654e-126		0.0000000e+00		6.4669581e-126		4.9195885e-128		6.4177622e-126
2.6600000e+02		2.6700000e+02		2.6650000e+02		7.2446611e+01		1.7609566e-136		0.0000000e+00		1.7661145e-136		1.2203727e-138		1.7539108e-136
2.6700000e+02		2.6800000e+02		2.6750000e+02		7.2937204e+01		3.1773946e-142		0.0000000e+00		3.1861826e-142		2.0792725e-144		3.1653899e-142
2.6800000e+02		2.6900000e+02		2.6850000e+02		7.2239021e+01		1.8170276e-154		0.0000000e+00		1.8215821e-154		1.0776127e-156		1.8108060e-154
2.6900000e+02		2.7000000e+02		2.6950000e+02		6.7758000e+01		9.8081406e-152		0.0000000e+00		9.8327704e-152		5.8274751e-154		9.7744956e-152
2.7000000e+02		2.7100000e+02		2.7050000e+02		7.8281462e+01		3.0186485e-172		0.0000000e+00		3.0252204e-172		1.5549335e-174		3.0096711e-172
2.7100000e+02		2.7200000e+02		2.7150000e+02		6.5051220e+01		3.9091621e-184		0.0000000e+00		3.9170025e-184		1.8550387e-186		3.8984521e-184
2.7200000e+02		2.7300000e+02		2.7250000e+02		5.2331568e+01		6.9966604e-200		0.0000000e+00		7.0093926e-200		3.0124838e-202		6.9792678e-200
2.7300000e+02		2.7400000e+02		2.7350000e+02		5.5800645e+01		2.6296392e-225		0.0000000e+00		2.6338184e-225		9.8882487e-228		2.6239302e-225
2.7400000e+02		2.7500000e+02		2.7450000e+02		3.8398649e+01		1.0045200e-193		0.0000000e+00		1.0063485e-193		4.3262147e-196		1.0020223e-193
2.7500000e+02		2.7600000e+02		2.7550000e+02		5.1208696e+01		7.0357943e-226		0.0000000e+00		7.0466039e-226		2.5575946e-228		7.0210280e-226
2.7600000e+02		2.7700000e+02		2.7650000e+02		7.1318275e+01		1.7506823e-218		0.0000000e+00		1.7534179e-218		6.4724018e-221		1.7469455e-218
2.7700000e+02		2.7800000e+02		2.7750000e+02		6.8188493e+01		3.4136162e-238		0.0000000e+00		3.4184354e-238		1.1402300e-240		3.4070331e-238
2.7800000e+02		2.7900000e+02		2.7850000e+02		4.7024496e+01		1.1648013e-236		0.0000000e+00		1.1664317e-236		3.8576711e-239		1.1625740e-236
2.7900000e+02		2.8000000e+02		2.7950000e+02		2.6422560e+01		3.7362169e-255		0.0000000e+00		3.7410034e-255		1.1324952e-257		3.7296784e-255
2.8000000e+02		2.8100000e+02		2.8050000e+02		2.8982131e+01		5.6330519e-256		0.0000000e+00		5.6401371e-256		1.6763552e-258		5.6233735e-256
2.8100000e+02		2.8200000e+02		2.8150000e+02		6.0033324e+01		8.8942186e-295		0.0000000e+00		8.9032151e-295		2.1285910e-297		8.8819291e-295
2.8200000e+02		2.8300000e+02		2.8250000e+02		8.1733762e+01		2.0205586e-235		0.0000000e+00		2.0232293e-235		6.3189128e-238		2.0169104e-235
2.8300000e+02		2.8400000e+02		2.8350000e+02		8.4433091e+01		7.5200244e-280		0.0000000e+00		7.5277912e-280		1.8376555e-282		7.5094146e-280
2.8400000e+02		2.8500000e+02		2.8450000e+02		6.2255376e+01		2.3891273e-267		0.0000000e+00		2.3918453e-267		6.4308853e-270		2.3854144e-267
2.8500000e+02		2.8600000e+02		2.8550000e+02		4.0018063e+01		5.1159149e-293		0.0000000e+00		5.1279714e-293		2.8526111e-295		5.0994453e-293
2.8600000e+02		2.8700000e+02		2.8650000e+02		8.2001717e+01		2.9687811e-271		0.0000000e+00		2.9720156e-271		7.6528004e-274		2.9643628e-271
2.8700000e+02		2.8800000e+02		2.8750000e+02		9.5189148e+01		2.1098283e-284		0.0000000e+00		2.1118469e-284		4.7760631e-287		2.1070708e-284
2.8800000e+02		2.8900000e+02		2.8850000e+02		9.0460934e+01		3.1457033e-276		0.0000000e+00		3.1490784e-276		7.9855253e-279		3.1410929e-276
2.8900000e+02		2.9000000e+02		2.8950000e+02		1.3728321e+02		4.3267909e-249		0.0000000e+00		4.3316514e-249		1.1500099e-251		4.3201513e-249
2.9000000e+02		2.9100000e+02		2.9050000e+02		1.8023325e+02		2.7477173e-284		0.0000000e+00		2.7492699e-284		3.6735586e-287		2.7455963e-284
2.9100000e+02		2.9200000e+02		2.9150000e+02		1.7359450e+02		1.1534286e-226		0.0000000e+00		1.1548105e-226		3.2695954e-229		1.1515409e-226
2.9200000e+02		2.9300000e+02		2.9250000e+02		1.5421676e+02		3.6396184e-290		0.0000000e+00		3.6427861e-290		7.4947995e-293		3.6352913e-290
2.9300000e+02		2.9400000e+02		2.9350000e+02		1.6099986e+02		5.7537726e-230		0.0000000e+00		5.7603722e-230		1.5614645e-232		5.7447575e-230
2.9400000e+02		2.9500000e+02		2.9450000e+02		1.4991794e+02		1.2262261e-253		0.0000000e+00		1.2274826e-253		2.9730594e-256		1.2245096e-253
2.9500000e+02		2.9600000e+02		2.9550000e+02		1.6232431e+02		8.6708299e-189		0.0000000e+00		8.6825848e-189		2.7812274e-191		8.6547725e-189
2.9600000e+02		2.9700000e+02		2.9650000e+02		1.4851381e+02		1.2066333e-258		0.0000000e+00		1.2078083e-258		2.7801443e-261		1.2050282e-258
2.9700000e+02		2.9800000e+02		2.9750000e+02		1.5140866e+02		2.1855672e-191		0.0000000e+00		2.1884074e-191		6.7200356e-194		2.1816874e-191
2.9800000e+02		2.9900000e+02		2.9850000e+02		1.3012850e+02		4.3826662e-255		0.0000000e+00		4.3868869e-255		9.9862495e-258		4.3769006e-255
2.9900000e+02		3.0000000e+02		2.9950000e+02		1.4682541e+02		7.6648902e-171		0.0000000e+00		7.6757269e-171		2.5639978e-173		7.6500869e-171
3.0000000e+02		3.0100000e+02		3.0050000e+02		1.1681452e+02		2.8543728e-222		0.0000000e+00		2.8574367e-222		7.2492691e-225		2.8501874e-222
3.0100000e+02		3.0200000e+02		3.0150000e+02		1.3434477e+02		5.9729108e-110		0.0000000e+00		5.9856226e-110		3.0076318e-112		5.9555463e-110
3.0200000e+02		3.0300000e+02		3.0250000e+02		1.4142283e+02		2.7589364e-201		0.0000000e+00		2.7621125e-201		7.5146885e-204		2.7545978e-201
3.0300000e+02		3.0400000e+02		3.0350000e+02		1.8342160e+02		5.5119749e-86		1.4197578e-82		5.5264947e-86		3.4354236e-88		5.4921404e-86
3.0400000e+02		3.0500000e+02		3.0450000e+02		1.7556728e+02		5.4145029e-176		0.0000000e+00		5.4214251e-176		1.6377956e-178		5.4050471e-176
3.0500000e+02		3.0600000e+02		3.0550000e+02		1.7728071e+02		4.1410672e-68		2.2012365e-65		4.1544107e-68		3.1570903e-70		4.1228398e-68
3.0600000e+02		3.0700000e+02		3.0650000e+02		1.6814926e+02		2.7526727e-158		0.0000000e+00		2.7564753e-158		8.9970253e-161		2.7474783e-158
3.0700000e+02		3.0800000e+02		3.0750000e+02		1.8878816e+02		5.3521574e-70		3.3683757e-67		5.3684781e-70		3.8615147e-72		5.3298629e-70
3.0800000e+02		3.0900000e+02		3.0850000e+02		1.8529086e+02		4.1098154e-115		0.0000000e+00		4.1173843e-115		1.7908354e-117		4.0994760e-115
3.0900000e+02		3.1000000e+02		3.0950000e+02		1.5026991e+02		1.4833193e-65		6.2535008e-63		1.4880185e-65		1.1118394e-67		1.4769001e-65
3.1000000e+02		3.1100000e+02		3.1050000e+02		1.8913229e+02		3.4160698e-83		6.8840961e-80		3.4245025e-83		1.9951983e-85		3.4045505e-83
3.1100000e+02		3.1200000e+02		3.1150000e+02		2.2495083e+02		8.1833419e-56		1.4839105e-53		8.2127849e-56		6.9662720e-58		8.1431221e-56
3.1200000e+02		3.1300000e+02		3.1250000e+02		2.0030306e+02		2.9916071e-48		2.7724132e-46		3.0038555e-48		2.8980073e-50		2.9748755e-48
3.1300000e+02		3.1400000e+02		3.1350000e+02		2.1331645e+02		9.2008149e-54		1.3894318e-51		9.2342395e-54		7.9083327e-56		9.1551561e-54
3.1400000e+02		3.1500000e+02		3.1450000e+02		2.0119548e+02		6.2910825e-31		1.2674112e-29		6.3296123e-31		9.1162555e-33		6.2384497e-31
3.1500000e+02		3.1600000e+02		3.1550000e+02		1.9522773e+02		8.1682553e-40		3.5947945e-38		8.2069580e-40		9.1571585e-42		8.1153864e-40
3.1600000e+02		3.1700000e+02		3.1650000e+02		1.9043254e+02		2.4282710e-26		3.2600856e-25		2.4451595e-26		3.9958543e-28		2.4052009e-26
3.1700000e+02		3.1800000e+02		3.1750000e+02		2.4155434e+02		4.4888039e-27		6.4858212e-26		4.5187002e-27		7.0735450e-29		4.4479647e-27
3.1800000e+02		3.1900000e+02		3.1850000e+02		1.9952276e+02		8.7069580e-21		7.1859979e-20		8.7806557e-21		1.7437057e-22		8.6062851e-21
3.1900000e+02		3.2000000e+02		3.1950000e+02		2.1430874e+02		1.7816716e-16		1.0102263e-15		1.8001206e-16		4.3650635e-18		1.7564699e-16
3.2000000e+02		3.2100000e+02		3.2050000e+02		2.4621307e+02		5.3658249e-12		2.0684626e-11		5.4386874e-12		1.7239441e-13		5.2662930e-12
3.2100000e+02		3.2200000e+02		3.2150000e+02		2.0677326e+02		1.5494077e-09		4.7941218e-09		1.5749983e-09		6.0547899e-11		1.5144504e-09
3.2200000e+02		3.2300000e+02		3.2250000e+02		2.0765168e+02		7.1946887e-08		1.9298051e-07		7.3330646e-08		3.2740079e-09		7.0056638e-08
3.2300000e+02		3.2400000e+02		3.2350000e+02		2.0066974e+02		2.9606690e-03		5.4593212e-03		3.0730249e-03		2.6583674e-04		2.8071881e-03
3.2400000e+02		3.2500000e+02		3.2450000e+02		2.3629853e+02		2.6641376e-03		4.9518096e-03		2.7614287e-03		2.3019312e-04		2.5312356e-03
3.2500000e+02		3.2600000e+02		3.2550000e+02		2.7209498e+02		4.9762075e-02		8.5012392e-02		5.2158700e-02		5.6704762e-03		4.6488224e-02
3.2600000e+02		3.2700000e+02		3.2650000e+02		3.0699214e+02		1.3627067e+00		2.1599640e+00		1.4655064e+00		2.4322678e-01		1.2222796e+00
3.2700000e+02		3.2800000e+02		3.2750000e+02		2.9701525e+02		1.7651605e+00		2.7811287e+00		1.9035211e+00		3.2736487e-01		1.5761563e+00
3.2800000e+02		3.2900000e+02		3.2850000e+02		2.8673370e+02		9.5642726e+00		1.4765283e+01		1.0614851e+01		2.4856943e+00		8.1291563e+00
3.2900000e+02		3.3000000e+02		3.2950000e+02		3.3379807e+02		1.7988886e+01		2.7688207e+01		2.0169907e+01		5.1603515e+00		1.5009556e+01
3.3000000e+02		3.3100000e+02		3.3050000e+02		3.1443449e+02		3.4728693e+01		5.3466412e+01		3.9712588e+01		1.1792021e+01		2.7920567e+01
3.3100000e+02		3.3200000e+02		3.3150000e+02		3.0087994e+02		7.0391658e+01		1.0914966e+02		8.2723970e+01		2.9178563e+01		5.3545407e+01
3.3200000e+02		3.3300000e+02		3.3250000e+02		2.9519831e+02		6.3550238e+01		9.8212581e+01		7.4270204e+01		2.5363713e+01		4.8906491e+01
3.3300000e+02		3.3400000e+02		3.3350000e+02		2.8364288e+02		9.5471854e+01		1.4862495e+02		1.1375529e+02		4.3259073e+01		7.0496217e+01
3.3400000e+02		3.3500000e+02		3.3450000e+02		2.9883003e+02		1.0694994e+02		1.6642581e+02		1.2759157e+02		4.8838610e+01		7.8752961e+01
3.3500000e+02		3.3600000e+02		3.3550000e+02		2.9511053e+02		1.1475287e+02		1.7862040e+02		1.3724832e+02		5.3224796e+01		8.4023523e+01
3.3600000e+02		3.3700000e+02		3.3650000e+02		2.4313126e+02		9.4196301e+01		1.4631305e+02		1.1241174e+02		4.3098200e+01		6.9313544e+01
3.3700000e+02		3.3800000e+02		3.3750000e+02		2.5649874e+02		1.0127154e+02		1.5707532e+02		1.2074078e+02		4.6064711e+01		7.4676071e+01
3.3800000e+02		3.3900000e+02		3.3850000e+02		2.7748673e+02		1.2184191e+02		1.8920759e+02		1.4585820e+02		5.6823174e+01		8.9035031e+01
3.3900000e+02		3.4000000e+02		3.3950000e+02		2.9040264e+02		1.8787573e+02		2.9550857e+02		2.3024359e+02		1.0024342e+02		1.3000016e+02
3.4000000e+02		3.4100000e+02		3.4050000e+02		3.0654056e+02		2.0820225e+02		3.2753313e+02		2.5553380e+02		1.1198766e+02		1.4354614e+02
3.4100000e+02		3.4200000e+02		3.4150000e+02		2.7979685e+02		2.0157368e+02		3.1735156e+02		2.4799099e+02		1.0982455e+02		1.3816644e+02
3.4200000e+02		3.4300000e+02		3.4250000e+02		3.0344565e+02		2.1933735e+02		3.4464834e+02		2.6933568e+02		1.1829732e+02		1.5103836e+02
3.4300000e+02		3.4400000e+02		3.4350000e+02		2.9822260e+02		2.2058430e+02		3.4628725e+02		2.7078022e+02		1.1876481e+02		1.5201541e+02
3.4400000e+02		3.4500000e+02		3.4450000e+02		2.3986676e+02		1.7399162e+02		2.7231272e+02		2.1280894e+02		9.1842767e+01		1.2096617e+02
3.4500000e+02		3.4600000e+02		3.4550000e+02		2.8907088e+02		2.1562163e+02		3.3724979e+02		2.6375114e+02		1.1387565e+02		1.4987549e+02
3.4600000e+02		3.4700000e+02		3.4650000e+02		2.8069735e+02		2.1190913e+02		3.3097371e+02		2.5891773e+02		1.1122353e+02		1.4769419e+02
3.4700000e+02		3.4800000e+02		3.4750000e+02		2.7782009e+02		2.0163684e+02		3.1368947e+02		2.4511242e+02		1.0286434e+02		1.4224808e+02
3.4800000e+02		3.4900000e+02		3.4850000e+02		2.8744416e+02		2.1671783e+02		3.3711574e+02		2.6368533e+02		1.1112629e+02		1.5255904e+02
3.4900000e+02		3.5000000e+02		3.4950000e+02		2.7550877e+02		2.0612503e+02		3.1988990e+02		2.5014391e+02		1.0414980e+02		1.4599411e+02
3.5000000e+02		3.5100000e+02		3.5050000e+02		3.3002358e+02		2.4676664e+02		3.8221302e+02		2.9885719e+02		1.2324756e+02		1.7560964e+02
3.5100000e+02		3.5200000e+02		3.5150000e+02		3.0660572e+02		2.3528174e+02		3.6419057e+02		2.8495636e+02		1.1753140e+02		1.6742496e+02
3.5200000e+02		3.5300000e+02		3.5250000e+02		2.8324198e+02		2.2670969e+02		3.5099932e+02		2.7494482e+02		1.1412555e+02		1.6081928e+02
3.5300000e+02		3.5400000e+02		3.5350000e+02		3.2405327e+02		2.4160748e+02		3.7206165e+02		2.9084593e+02		1.1649942e+02		1.7434651e+02
3.5400000e+02		3.5500000e+02		3.5450000e+02		3.4586270e+02		2.5889759e+02		3.9802921e+02		3.1116109e+02		1.2365675e+02		1.8750433e+02
3.5500000e+02		3.5600000e+02		3.5550000e+02		3.2478382e+02		2.5809240e+02		3.9720973e+02		3.1102109e+02		1.2523061e+02		1.8579047e+02
3.5600000e+02		3.5700000e+02		3.5650000e+02		2.8234357e+02		2.2763647e+02		3.4995087e+02		2.7411044e+02		1.0995860e+02		1.6415184e+02
3.5700000e+02		3.5800000e+02		3.5750000e+02		2.4674321e+02		1.9649142e+02		3.0134192e+02		2.3593858e+02		9.3332976e+01		1.4260560e+02
3.5800000e+02		3.5900000e+02		3.5850000e+02		2.1181106e+02		1.5752777e+02		2.4038904e+02		1.8784452e+02		7.1730196e+01		1.1611432e+02
3.5900000e+02		3.6000000e+02		3.5950000e+02		3.0582840e+02		2.2337515e+02		3.4001347e+02		2.6554319e+02		9.9770639e+01		1.6577255e+02
3.6000000e+02		3.6100000e+02		3.6050000e+02		3.0178862e+02		2.2228716e+02		3.3790510e+02		2.6394089e+02		9.8553797e+01		1.6538710e+02
3.6100000e+02		3.6200000e+02		3.6150000e+02		2.8033735e+02		2.2265293e+02		3.3904026e+02		2.6536367e+02		1.0105470e+02		1.6430897e+02
3.6200000e+02		3.6300000e+02		3.6250000e+02		3.1645921e+02		2.4470788e+02		3.7153579e+02		2.9056174e+02		1.0849138e+02		1.8207036e+02
3.6300000e+02		3.6400000e+02		3.6350000e+02		3.0810145e+02		2.2203396e+02		3.3553399e+02		2.6188036e+02		9.4277613e+01		1.6760275e+02
3.6400000e+02		3.6500000e+02		3.6450000e+02		3.2221950e+02		2.3573426e+02		3.5588276e+02		2.7785851e+02		9.9667044e+01		1.7819147e+02
3.6500000e+02		3.6600000e+02		3.6550000e+02		3.6674574e+02		2.8577273e+02		4.3189325e+02		3.3776587e+02		1.2301710e+02		2.1474877e+02
3.6600000e+02		3.6700000e+02		3.6650000e+02		3.9198946e+02		3.0596876e+02		4.6170707e+02		3.6107367e+02		1.3037961e+02		2.3069406e+02
3.6700000e+02		3.6800000e+02		3.6750000e+02		3.7850004e+02		3.1040019e+02		4.6868760e+02		3.6700692e+02		1.3393295e+02		2.3307397e+02
3.6800000e+02		3.6900000e+02		3.6850000e+02		3.4895620e+02		2.8460041e+02		4.2893919e+02		3.3580585e+02		1.2115338e+02		2.1465247e+02
3.6900000e+02		3.7000000e+02		3.6950000e+02		3.8736224e+02		2.9173598e+02		4.3750525e+02		3.4173957e+02		1.1830978e+02		2.2342979e+02
3.7000000e+02		3.7100000e+02		3.7050000e+02		3.6351013e+02		2.4313697e+02		3.6245773e+02		2.8219594e+02		9.2414507e+01		1.8978143e+02
3.7100000e+02		3.7200000e+02		3.7150000e+02		3.7529261e+02		2.9736561e+02		4.4553496e+02		3.4844424e+02		1.2085333e+02		2.2759091e+02
3.7200000e+02		3.7300000e+02		3.7250000e+02		3.1177186e+02		2.5704336e+02		3.8520400e+02		3.0156652e+02		1.0534294e+02		1.9622359e+02
3.7300000e+02		3.7400000e+02		3.7350000e+02		2.7192112e+02		2.2252169e+02		3.3286007e+02		2.6051469e+02		8.9892414e+01		1.7062228e+02
3.7400000e+02		3.7500000e+02		3.7450000e+02		2.7832167e+02		2.1855458e+02		3.2587633e+02		2.5474286e+02		8.5622401e+01		1.6912046e+02
3.7500000e+02		3.7600000e+02		3.7550000e+02		3.1876744e+02		2.2479965e+02		3.3335064e+02		2.5981509e+02		8.2847440e+01		1.7696765e+02
3.7600000e+02		3.7700000e+02		3.7650000e+02		3.3048657e+02		2.6106615e+02		3.8823705e+02		3.0349539e+02		1.0038865e+02		2.0310674e+02
3.7700000e+02		3.7800000e+02		3.7750000e+02		3.8770864e+02		3.1814731e+02		4.7319097e+02		3.7026062e+02		1.2330142e+02		2.4695921e+02
3.7800000e+02		3.7900000e+02		3.7850000e+02		4.0380398e+02		3.2205204e+02		4.7776562e+02		3.7352335e+02		1.2178242e+02		2.5174092e+02
3.7900000e+02		3.8000000e+02		3.7950000e+02		3.2744385e+02		2.7348003e+02		4.0591109e+02		3.1771941e+02		1.0467150e+02		2.1304792e+02
3.8000000e+02		3.8100000e+02		3.8050000e+02		3.5656330e+02		3.0441388e+02		4.5161707e+02		3.5367879e+02		1.1656203e+02		2.3711676e+02
3.8100000e+02		3.8200000e+02		3.8150000e+02		3.2019140e+02		2.7393385e+02		4.0587262e+02		3.1784759e+02		1.0390102e+02		2.1394657e+02
3.8200000e+02		3.8300000e+02		3.8250000e+02		2.2964197e+02		1.9138169e+02		2.8286397e+02		2.2134208e+02		7.0887034e+01		1.5045504e+02
3.8300000e+02		3.8400000e+02		3.8350000e+02		2.0267593e+02		1.5250037e+02		2.2423210e+02		1.7497077e+02		5.3165547e+01		1.2180523e+02
3.8400000e+02		3.8500000e+02		3.8450000e+02		2.7111947e+02		2.1670974e+02		3.1892955e+02		2.4924589e+02		7.6981353e+01		1.7226453e+02
3.8500000e+02		3.8600000e+02		3.8550000e+02		2.8715912e+02		2.4587642e+02		3.6236067e+02		2.8368917e+02		8.9465934e+01		1.9422323e+02
3.8600000e+02		3.8700000e+02		3.8650000e+02		2.8837692e+02		2.5061927e+02		3.6909414e+02		2.8905395e+02		9.0937425e+01		1.9811652e+02
3.8700000e+02		3.8800000e+02		3.8750000e+02		2.8805300e+02		2.4992692e+02		3.6757287e+02		2.8782690e+02		8.9672306e+01		1.9815459e+02
3.8800000e+02		3.8900000e+02		3.8850000e+02		2.9209390e+02		2.4306427e+02		3.5643535e+02		2.7877144e+02		8.4484071e+01		1.9428737e+02
3.8900000e+02		3.9000000e+02		3.8950000e+02		3.5069332e+02		2.7534522e+02		4.0242058e+02		3.1422912e+02		9.2000294e+01		2.2222883e+02
3.9000000e+02		3.9100000e+02		3.9050000e+02		3.6838836e+02		3.1275561e+02		4.5784323e+02		3.5821935e+02		1.0756837e+02		2.5065098e+02
3.9100000e+02		3.9200000e+02		3.9150000e+02		3.9613874e+02		3.4785085e+02		5.0926504e+02		3.9877999e+02		1.2049963e+02		2.7828036e+02
3.9200000e+02		3.9300000e+02		3.9250000e+02		3.0403432e+02		2.6897366e+02		3.9342030e+02		3.0810477e+02		9.2585216e+01		2.1551956e+02
3.9300000e+02		3.9400000e+02		3.9350000e+02		1.8639471e+02		1.6546687e+02		2.4176264e+02		1.8933722e+02		5.6477867e+01		1.3285936e+02
3.9400000e+02		3.9500000e+02		3.9450000e+02		3.0813115e+02		2.7389518e+02		3.9972603e+02		3.1303277e+02		9.2600521e+01		2.2043224e+02
3.9500000e+02		3.9600000e+02		3.9550000e+02		3.7840801e+02		3.3615967e+02		4.9000042e+02		3.8369148e+02		1.1246148e+02		2.7123000e+02
3.9600000e+02		3.9700000e+02		3.9650000e+02		2.6140326e+02		2.3142950e+02		3.3690070e+02		2.6376278e+02		7.6501351e+01		1.8726143e+02
3.9700000e+02		3.9800000e+02		3.9750000e+02		2.9300657e+02		2.5884471e+02		3.7634156e+02		2.9460108e+02		8.4600465e+01		2.1000061e+02
3.9800000e+02		3.9900000e+02		3.9850000e+02		4.5124719e+02		4.0137899e+02		5.8305835e+02		4.5646586e+02		1.3033693e+02		3.2612893e+02
3.9900000e+02		4.0000000e+02		3.9950000e+02		4.9846141e+02		4.4435846e+02		6.4481272e+02		5.0480149e+02		1.4300973e+02		3.6179176e+02
4.0000000e+02		4.0100000e+02		4.0050000e+02		5.1407199e+02		4.5917876e+02		6.6561778e+02		5.2107626e+02		1.4645106e+02		3.7462520e+02
4.0100000e+02		4.0200000e+02		4.0150000e+02		5.3860814e+02		4.8207243e+02		6.9807930e+02		5.4647527e+02		1.5237876e+02		3.9409651e+02
4.0200000e+02		4.0300000e+02		4.0250000e+02		5.4526519e+02		4.8905084e+02		7.0745995e+02		5.5380567e+02		1.5321157e+02		4.0059409e+02
4.0300000e+02		4.0400000e+02		4.0350000e+02		5.2165796e+02		4.6906765e+02		6.7787679e+02		5.3064157e+02		1.4568546e+02		3.8495611e+02
4.0400000e+02		4.0500000e+02		4.0450000e+02		5.1300620e+02		4.6208198e+02		6.6710390e+02		5.2219131e+02		1.4222019e+02		3.7997112e+02
4.0500000e+02		4.0600000e+02		4.0550000e+02		5.1256585e+02		4.6250336e+02		6.6704343e+02		5.2212749e+02		1.4107221e+02		3.8105529e+02
4.0600000e+02		4.0700000e+02		4.0650000e+02		4.9035274e+02		4.4278515e+02		6.3794865e+02		4.9932442e+02		1.3377335e+02		3.6555107e+02
4.0700000e+02		4.0800000e+02		4.0750000e+02		4.9838294e+02		4.5084827e+02		6.4893009e+02		5.0790419e+02		1.3499574e+02		3.7290845e+02
4.0800000e+02		4.0900000e+02		4.0850000e+02		5.2990289e+02		4.7993326e+02		6.9011024e+02		5.4011013e+02		1.4238001e+02		3.9773012e+02
4.0900000e+02		4.1000000e+02		4.0950000e+02		5.2713439e+02		4.7788881e+02		6.8649278e+02		5.3725121e+02		1.4045294e+02		3.9679827e+02
4.1000000e+02		4.1100000e+02		4.1050000e+02		4.8293937e+02		4.3825032e+02		6.2893777e+02		4.9218329e+02		1.2760676e+02		3.6457652e+02
4.1100000e+02		4.1200000e+02		4.1150000e+02		5.5986852e+02		5.0854333e+02		7.2911152e+02		5.7054607e+02		1.4670006e+02		4.2384601e+02
4.1200000e+02		4.1300000e+02		4.1250000e+02		5.4940473e+02		4.9950273e+02		7.1546557e+02		5.5983876e+02		1.4275658e+02		4.1708218e+02
4.1300000e+02		4.1400000e+02		4.1350000e+02		5.2995399e+02		4.8226481e+02		6.9012192e+02		5.3997989e+02		1.3655535e+02		4.0342454e+02
4.1400000e+02		4.1500000e+02		4.1450000e+02		5.3771640e+02		4.8978446e+02		7.0022757e+02		5.4785886e+02		1.3740552e+02		4.1045335e+02
4.1500000e+02		4.1600000e+02		4.1550000e+02		5.3722776e+02		4.8977967e+02		6.9957278e+02		5.4731819e+02		1.3613761e+02		4.1118058e+02
4.1600000e+02		4.1700000e+02		4.1650000e+02		5.5745703e+02		5.0868027e+02		7.2590435e+02		5.6788974e+02		1.4009111e+02		4.2779863e+02
4.1700000e+02		4.1800000e+02		4.1750000e+02		5.0725322e+02		4.6327748e+02		6.6051416e+02		5.1670695e+02		1.2641547e+02		3.9029148e+02
4.1800000e+02		4.1900000e+02		4.1850000e+02		5.2601513e+02		4.8082926e+02		6.8492406e+02		5.3577442e+02		1.3000163e+02		4.0577279e+02
4.1900000e+02		4.2000000e+02		4.1950000e+02		5.3123875e+02		4.8602500e+02		6.9171116e+02		5.4105592e+02		1.3020455e+02		4.1085137e+02
4.2000000e+02		4.2100000e+02		4.2050000e+02		5.3797708e+02		4.9260891e+02		7.0046615e+02		5.4787586e+02		1.3076300e+02		4.1711286e+02
4.2100000e+02		4.2200000e+02		4.2150000e+02		5.2958361e+02		4.8533114e+02		6.8951825e+02		5.3928512e+02		1.2765648e+02		4.1162864e+02
4.2200000e+02		4.2300000e+02		4.2250000e+02		5.0190537e+02		4.6034803e+02		6.5346235e+02		5.1105888e+02		1.1998315e+02		3.9107573e+02
4.2300000e+02		4.2400000e+02		4.2350000e+02		5.3474862e+02		4.9087476e+02		6.9620248e+02		5.4445710e+02		1.2677718e+02		4.1767992e+02
4.2400000e+02		4.2500000e+02		4.2450000e+02		5.5328403e+02		5.0830169e+02		7.2031236e+02		5.6328313e+02		1.3008748e+02		4.3319565e+02
4.2500000e+02		4.2600000e+02		4.2550000e+02		5.3248014e+02		4.8958160e+02		6.9320659e+02		5.4205877e+02		1.2416230e+02		4.1789647e+02
4.2600000e+02		4.2700000e+02		4.2650000e+02		5.3029841e+02		4.8796221e+02		6.9034443e+02		5.3979317e+02		1.2263338e+02		4.1715979e+02
4.2700000e+02		4.2800000e+02		4.2750000e+02		4.9171747e+02		4.5281590e+02		6.4009892e+02		5.0047983e+02		1.1277405e+02		3.8770577e+02
4.2800000e+02		4.2900000e+02		4.2850000e+02		4.9494538e+02		4.5614142e+02		6.4427966e+02		5.0372310e+02		1.1257946e+02		3.9114364e+02
4.2900000e+02		4.3000000e+02		4.2950000e+02		4.6063718e+02		4.2484795e+02		5.9959991e+02		4.6876701e+02		1.0391362e+02		3.6485340e+02
4.3000000e+02		4.3100000e+02		4.3050000e+02		3.7055843e+02		3.4202644e+02		4.8233020e+02		3.7706657e+02		8.2905823e+01		2.9416074e+02
4.3100000e+02		4.3200000e+02		4.3150000e+02		4.5818753e+02		4.2322459e+02		5.9637025e+02		4.6619509e+02		1.0166929e+02		3.6452580e+02
4.3200000e+02		4.3300000e+02		4.3250000e+02		5.1625369e+02		4.7721238e+02		6.7192469e+02		5.2523124e+02		1.1361384e+02		4.1161739e+02
4.3300000e+02		4.3400000e+02		4.3350000e+02		5.6047485e+02		5.1846788e+02		7.2945427e+02		5.7017255e+02		1.2233456e+02		4.4783799e+02
4.3400000e+02		4.3500000e+02		4.3450000e+02		4.7595241e+02		4.4059830e+02		6.1942650e+02		4.8414603e+02		1.0303505e+02		3.8111098e+02
4.3500000e+02		4.3600000e+02		4.3550000e+02		5.3162725e+02		4.9248893e+02		6.9185902e+02		5.4073270e+02		1.1414599e+02		4.2658671e+02
4.3600000e+02		4.3700000e+02		4.3650000e+02		5.9481241e+02		5.5141130e+02		7.7405948e+02		6.0494775e+02		1.2666858e+02		4.7827916e+02
4.3700000e+02		4.3800000e+02		4.3750000e+02		5.2629983e+02		4.8823823e+02		6.8487500e+02		5.3522134e+02		1.1116324e+02		4.2405810e+02
4.3800000e+02		4.3900000e+02		4.3850000e+02		5.1257868e+02		4.7583737e+02		6.6699445e+02		5.2122231e+02		1.0738192e+02		4.1384038e+02
4.3900000e+02		4.4000000e+02		4.3950000e+02		5.7051902e+02		5.2998554e+02		7.4236093e+02		5.8008897e+02		1.1854598e+02		4.6154298e+02
4.4000000e+02		4.4100000e+02		4.4050000e+02		5.4089681e+02		5.0280565e+02		7.0378802e+02		5.4992076e+02		1.1147554e+02		4.3844521e+02
4.4100000e+02		4.4200000e+02		4.4150000e+02		5.9491633e+02		5.5337068e+02		7.7401956e+02		6.0476648e+02		1.2160378e+02		4.8316270e+02
4.4200000e+02		4.4300000e+02		4.4250000e+02		6.2544254e+02		5.8213496e+02		8.1368556e+02		6.3572670e+02		1.2679941e+02		5.0892728e+02
4.4300000e+02		4.4400000e+02		4.4350000e+02		6.0497206e+02		5.6345057e+02		7.8702545e+02		6.1486791e+02		1.2165474e+02		4.9321317e+02
4.4400000e+02		4.4500000e+02		4.4450000e+02		6.2324411e+02		5.8081895e+02		8.1073178e+02		6.3335587e+02		1.2430370e+02		5.0905217e+02
4.4500000e+02		4.4600000e+02		4.4550000e+02		5.7783999e+02		5.3885370e+02		7.5164604e+02		5.8716969e+02		1.1431685e+02		4.7285284e+02
4.4600000e+02		4.4700000e+02		4.4650000e+02		5.8940025e+02		5.5000962e+02		7.6669299e+02		5.9889852e+02		1.1567237e+02		4.8322615e+02
4.4700000e+02		4.4800000e+02		4.4750000e+02		6.3881895e+02		5.9650429e+02		8.3095363e+02		6.4906543e+02		1.2436100e+02		5.2470443e+02
4.4800000e+02		4.4900000e+02		4.4850000e+02		6.2805979e+02		5.8682742e+02		8.1693695e+02		6.3808767e+02		1.2128305e+02		5.1680462e+02
4.4900000e+02		4.5000000e+02		4.4950000e+02		6.3454704e+02		5.9325349e+02		8.2534655e+02		6.4462632e+02		1.2154942e+02		5.2307690e+02
4.5000000e+02		4.5100000e+02		4.5050000e+02		6.7325368e+02		6.2982093e+02		8.7565683e+02		6.8388866e+02		1.2792562e+02		5.5596304e+02
4.5100000e+02		4.5200000e+02		4.5150000e+02		6.7122600e+02		6.2829799e+02		8.7298378e+02		6.8176934e+02		1.2651457e+02		5.5525477e+02
4.5200000e+02		4.5300000e+02		4.5250000e+02		6.3541039e+02		5.9512323e+02		8.2636870e+02		6.4533479e+02		1.1880183e+02		5.2653296e+02
4.5300000e+02		4.5400000e+02		4.5350000e+02		6.0888666e+02		5.7061333e+02		7.9184120e+02		6.1834285e+02		1.1292925e+02		5.0541360e+02
4.5400000e+02		4.5500000e+02		4.5450000e+02		6.4999363e+02		6.0948726e+02		8.4526478e+02		6.6003072e+02		1.1958711e+02		5.4044361e+02
4.5500000e+02		4.5600000e+02		4.5550000e+02		6.4380306e+02		6.0402637e+02		8.3717972e+02		6.5368769e+02		1.1749997e+02		5.3618773e+02
4.5600000e+02		4.5700000e+02		4.5650000e+02		6.6853861e+02		6.2758704e+02		8.6930887e+02		6.7874408e+02		1.2103886e+02		5.5770522e+02
4.5700000e+02		4.5800000e+02		4.5750000e+02		6.7499745e+02		6.3400332e+02		8.7767084e+02		6.8524211e+02		1.2123228e+02		5.6400983e+02
4.5800000e+02		4.5900000e+02		4.5850000e+02		6.3439039e+02		5.9619082e+02		8.2483679e+02		6.4396303e+02		1.1303027e+02		5.3093276e+02
4.5900000e+02		4.6000000e+02		4.5950000e+02		6.5539586e+02		6.1626720e+02		8.5211260e+02		6.6522803e+02		1.1584256e+02		5.4938547e+02
4.6000000e+02		4.6100000e+02		4.6050000e+02		6.4752339e+02		6.0919302e+02		8.4184202e+02		6.5718085e+02		1.1354041e+02		5.4364043e+02
4.6100000e+02		4.6200000e+02		4.6150000e+02		6.6245412e+02		6.2357231e+02		8.6121736e+02		6.7227649e+02		1.1523533e+02		5.5704116e+02
4.6200000e+02		4.6300000e+02		4.6250000e+02		6.6901120e+02		6.3007674e+02		8.6970541e+02		6.7887260e+02		1.1545225e+02		5.6342035e+02
4.6300000e+02		4.6400000e+02		4.6350000e+02		6.4662616e+02		6.0931223e+02		8.4056996e+02		6.5610150e+02		1.1070461e+02		5.4539689e+02
4.6400000e+02		4.6500000e+02		4.6450000e+02		6.5795753e+02		6.2030975e+02		8.5526414e+02		6.6754200e+02		1.1175272e+02		5.5578928e+02
4.6500000e+02		4.6600000e+02		4.6550000e+02		6.3552746e+02		5.9946905e+02		8.2607319e+02		6.4473038e+02		1.0708946e+02		5.3764092e+02
4.6600000e+02		4.6700000e+02		4.6650000e+02		6.3955371e+02		6.0357159e+02		8.3127178e+02		6.4875995e+02		1.0691680e+02		5.4184315e+02
4.6700000e+02		4.6800000e+02		4.6750000e+02		6.4572639e+02		6.0969462e+02		8.3925046e+02		6.5495828e+02		1.0709495e+02		5.4786332e+02
4.6800000e+02		4.6900000e+02		4.6850000e+02		6.3145002e+02		5.9651026e+02		8.2066199e+02		6.4042459e+02		1.0390242e+02		5.3652217e+02
4.6900000e+02		4.7000000e+02		4.6950000e+02		6.4956875e+02		6.1391967e+02		8.4416544e+02		6.5873770e+02		1.0604062e+02		5.5269709e+02
4.7000000e+02		4.7100000e+02		4.7050000e+02		6.1381170e+02		5.8040514e+02		7.9766229e+02		6.2242323e+02		9.9415858e+01		5.2300737e+02
4.7100000e+02		4.7200000e+02		4.7150000e+02		6.4174114e+02		6.0710207e+02		8.3391851e+02		6.5068692e+02		1.0312287e+02		5.4756405e+02
4.7200000e+02		4.7300000e+02		4.7250000e+02		6.5742798e+02		6.2223588e+02		8.5426622e+02		6.6653609e+02		1.0481543e+02		5.6172066e+02
4.7300000e+02		4.7400000e+02		4.7350000e+02		6.4563741e+02		6.1135239e+02		8.3889667e+02		6.5451618e+02		1.0212664e+02		5.5238954e+02
4.7400000e+02		4.7500000e+02		4.7450000e+02		6.6512717e+02		6.3011507e+02		8.6420560e+02		6.7423642e+02		1.0439224e+02		5.6984419e+02
4.7500000e+02		4.7600000e+02		4.7550000e+02		6.6365303e+02		6.2901791e+02		8.6226906e+02		6.7269928e+02		1.0335125e+02		5.6934803e+02
4.7600000e+02		4.7700000e+02		4.7650000e+02		6.3952653e+02		6.0642747e+02		8.3089007e+02		6.4819295e+02		9.8818173e+01		5.4937478e+02
4.7700000e+02		4.7800000e+02		4.7750000e+02		6.6772274e+02		6.3344874e+02		8.6748749e+02		6.7671613e+02		1.0237173e+02		5.7434440e+02
4.7800000e+02		4.7900000e+02		4.7850000e+02		6.6128260e+02		6.2761797e+02		8.5908521e+02		6.7013488e+02		1.0059610e+02		5.6953878e+02
4.7900000e+02		4.8000000e+02		4.7950000e+02		6.6320839e+02		6.2972252e+02		8.6155159e+02		6.7203216e+02		1.0010569e+02		5.7192647e+02
4.8000000e+02		4.8100000e+02		4.8050000e+02		6.6489751e+02		6.3160107e+02		8.6371042e+02		6.7368956e+02		9.9582436e+01		5.7410713e+02
4.8100000e+02		4.8200000e+02		4.8150000e+02		6.6630748e+02		6.3321298e+02		8.6550655e+02		6.7506411e+02		9.9020828e+01		5.7604328e+02
4.8200000e+02		4.8300000e+02		4.8250000e+02		6.6376999e+02		6.3107033e+02		8.6217524e+02		6.7243966e+02		9.7880883e+01		5.7455877e+02
4.8300000e+02		4.8400000e+02		4.8350000e+02		6.5373157e+02		6.2178577e+02		8.4909803e+02		6.6221445e+02		9.5655287e+01		5.6655916e+02
4.8400000e+02		4.8500000e+02		4.8450000e+02		6.4242337e+02		6.1127967e+02		8.3436925e+02		6.5070193e+02		9.3274058e+01		5.5742787e+02
4.8500000e+02		4.8600000e+02		4.8550000e+02		6.0369332e+02		5.7465588e+02		7.8402423e+02		6.1141509e+02		8.6973221e+01		5.2444187e+02
4.8600000e+02		4.8700000e+02		4.8650000e+02		5.2412565e+02		4.9912640e+02		6.8067057e+02		5.3079610e+02		7.4931313e+01		4.5586479e+02
4.8700000e+02		4.8800000e+02		4.8750000e+02		5.9966111e+02		5.7128311e+02		7.7872634e+02		6.0723780e+02		8.5069712e+01		5.2216809e+02
4.8800000e+02		4.8900000e+02		4.8850000e+02		6.3081686e+02		6.0120495e+02		8.1915253e+02		6.3873757e+02		8.8803120e+01		5.4993445e+02
4.8900000e+02		4.9000000e+02		4.8950000e+02		6.1880396e+02		5.8999105e+02		8.0352282e+02		6.2652707e+02		8.6445156e+01		5.4008192e+02
4.9000000e+02		4.9100000e+02		4.9050000e+02		6.5907671e+02		6.2864006e+02		8.5578987e+02		6.6725684e+02		9.1368298e+01		5.7588855e+02
4.9100000e+02		4.9200000e+02		4.9150000e+02		6.2110374e+02		5.9264946e+02		8.0644959e+02		6.2876320e+02		8.5446032e+01		5.4331717e+02
4.9200000e+02		4.9300000e+02		4.9250000e+02		5.9112858e+02		5.6427257e+02		7.6751003e+02		5.9838222e+02		8.0704313e+01		5.1767791e+02
4.9300000e+02		4.9400000e+02		4.9350000e+02		6.2472140e+02		5.9656723e+02		8.1109597e+02		6.3234083e+02		8.4641264e+01		5.4769957e+02
4.9400000e+02		4.9500000e+02		4.9450000e+02		6.4279699e+02		6.1406007e+02		8.3453239e+02		6.5058885e+02		8.6428019e+01		5.6416083e+02
4.9500000e+02		4.9600000e+02		4.9550000e+02		6.3133158e+02		6.0333195e+02		8.1961499e+02		6.3893665e+02		8.4241629e+01		5.5469503e+02
4.9600000e+02		4.9700000e+02		4.9650000e+02		6.3921352e+02		6.1108963e+02		8.2981526e+02		6.4686540e+02		8.4646377e+01		5.6221902e+02
4.9700000e+02		4.9800000e+02		4.9750000e+02		6.5113923e+02		6.2271791e+02		8.4526421e+02		6.5888509e+02		8.5572481e+01		5.7331261e+02
4.9800000e+02		4.9900000e+02		4.9850000e+02		5.9175801e+02		5.6613146e+02		7.6814773e+02		5.9875154e+02		7.7179935e+01		5.2157161e+02
4.9900000e+02		5.0000000e+02		4.9950000e+02		6.3385792e+02		6.0661694e+02		8.2275426e+02		6.4129290e+02		8.2044194e+01		5.5924870e+02
