Left Bin Edge (nm)	Right Bin Edge (nm)	Bin Center (nm)		Top of Atm Intensity (erg/s/nm/cm2)		Total Surface Flux (erg/s/nm/cm2)		Total Intensity at BOA (erg/s/nm/cm2)		Total Surface Intensity (erg/s/nm/cm2)		Total Surface Diffuse Intensity (erg/s/nm/cm2)		Total Surface Direct Intensity (erg/s/nm/cm2)
1.0000000e+02		1.0100000e+02		1.0050000e+02		1.9189487e-02		0.0000000e+00		0.0000000e+00		0.0000000e+00		0.0000000e+00		0.0000000e+00
1.0100000e+02		1.0200000e+02		1.0150000e+02		7.4861701e-02		0.0000000e+00		0.0000000e+00		0.0000000e+00		0.0000000e+00		0.0000000e+00
1.0200000e+02		1.0300000e+02		1.0250000e+02		3.9734366e-01		0.0000000e+00		0.0000000e+00		0.0000000e+00		0.0000000e+00		0.0000000e+00
1.0300000e+02		1.0400000e+02		1.0350000e+02		3.0179545e-01		0.0000000e+00		0.0000000e+00		0.0000000e+00		0.0000000e+00		0.0000000e+00
1.0400000e+02		1.0500000e+02		1.0450000e+02		6.0815352e-02		0.0000000e+00		0.0000000e+00		0.0000000e+00		0.0000000e+00		0.0000000e+00
1.0500000e+02		1.0600000e+02		1.0550000e+02		2.0834600e-02		0.0000000e+00		0.0000000e+00		0.0000000e+00		0.0000000e+00		0.0000000e+00
1.0600000e+02		1.0700000e+02		1.0650000e+02		1.9584792e-02		0.0000000e+00		0.0000000e+00		0.0000000e+00		0.0000000e+00		0.0000000e+00
1.0700000e+02		1.0800000e+02		1.0750000e+02		2.1853879e-02		0.0000000e+00		0.0000000e+00		0.0000000e+00		0.0000000e+00		0.0000000e+00
1.0800000e+02		1.0900000e+02		1.0850000e+02		3.0634999e-02		0.0000000e+00		0.0000000e+00		0.0000000e+00		0.0000000e+00		0.0000000e+00
1.0900000e+02		1.1000000e+02		1.0950000e+02		2.4032561e-02		0.0000000e+00		0.0000000e+00		0.0000000e+00		0.0000000e+00		0.0000000e+00
1.1000000e+02		1.1100000e+02		1.1050000e+02		2.3268893e-02		0.0000000e+00		0.0000000e+00		0.0000000e+00		0.0000000e+00		0.0000000e+00
1.1100000e+02		1.1200000e+02		1.1150000e+02		2.1871272e-02		0.0000000e+00		0.0000000e+00		0.0000000e+00		0.0000000e+00		0.0000000e+00
1.1200000e+02		1.1300000e+02		1.1250000e+02		2.2375602e-02		0.0000000e+00		0.0000000e+00		0.0000000e+00		0.0000000e+00		0.0000000e+00
1.1300000e+02		1.1400000e+02		1.1350000e+02		1.7748133e-02		0.0000000e+00		0.0000000e+00		0.0000000e+00		0.0000000e+00		0.0000000e+00
1.1400000e+02		1.1500000e+02		1.1450000e+02		1.3589480e-02		0.0000000e+00		0.0000000e+00		0.0000000e+00		0.0000000e+00		0.0000000e+00
1.1500000e+02		1.1600000e+02		1.1550000e+02		1.8751615e-02		0.0000000e+00		0.0000000e+00		0.0000000e+00		0.0000000e+00		0.0000000e+00
1.1600000e+02		1.1700000e+02		1.1650000e+02		4.3674487e-02		0.0000000e+00		0.0000000e+00		0.0000000e+00		0.0000000e+00		0.0000000e+00
1.1700000e+02		1.1800000e+02		1.1750000e+02		1.5546757e-01		0.0000000e+00		0.0000000e+00		0.0000000e+00		0.0000000e+00		0.0000000e+00
1.1800000e+02		1.1900000e+02		1.1850000e+02		5.2889236e-02		0.0000000e+00		0.0000000e+00		0.0000000e+00		0.0000000e+00		0.0000000e+00
1.1900000e+02		1.2000000e+02		1.1950000e+02		7.3692884e-02		0.0000000e+00		0.0000000e+00		0.0000000e+00		0.0000000e+00		0.0000000e+00
1.2000000e+02		1.2100000e+02		1.2050000e+02		4.0066072e-01		0.0000000e+00		0.0000000e+00		0.0000000e+00		0.0000000e+00		0.0000000e+00
1.2100000e+02		1.2200000e+02		1.2150000e+02		1.5905289e+01		0.0000000e+00		0.0000000e+00		0.0000000e+00		0.0000000e+00		0.0000000e+00
1.2200000e+02		1.2300000e+02		1.2250000e+02		1.0666543e-01		0.0000000e+00		0.0000000e+00		0.0000000e+00		0.0000000e+00		0.0000000e+00
1.2300000e+02		1.2400000e+02		1.2350000e+02		5.7456553e-02		0.0000000e+00		0.0000000e+00		0.0000000e+00		0.0000000e+00		0.0000000e+00
1.2400000e+02		1.2500000e+02		1.2450000e+02		4.6184197e-02		0.0000000e+00		0.0000000e+00		0.0000000e+00		0.0000000e+00		0.0000000e+00
1.2500000e+02		1.2600000e+02		1.2550000e+02		4.5085118e-02		0.0000000e+00		0.0000000e+00		0.0000000e+00		0.0000000e+00		0.0000000e+00
1.2600000e+02		1.2700000e+02		1.2650000e+02		6.3054464e-02		0.0000000e+00		0.0000000e+00		0.0000000e+00		0.0000000e+00		0.0000000e+00
1.2700000e+02		1.2800000e+02		1.2750000e+02		3.3006429e-02		0.0000000e+00		0.0000000e+00		0.0000000e+00		0.0000000e+00		0.0000000e+00
1.2800000e+02		1.2900000e+02		1.2850000e+02		2.6335196e-02		0.0000000e+00		0.0000000e+00		0.0000000e+00		0.0000000e+00		0.0000000e+00
1.2900000e+02		1.3000000e+02		1.2950000e+02		3.5131240e-02		0.0000000e+00		0.0000000e+00		0.0000000e+00		0.0000000e+00		0.0000000e+00
1.3000000e+02		1.3100000e+02		1.3050000e+02		2.8850634e-01		0.0000000e+00		0.0000000e+00		0.0000000e+00		0.0000000e+00		0.0000000e+00
1.3100000e+02		1.3200000e+02		1.3150000e+02		3.9064855e-02		0.0000000e+00		0.0000000e+00		0.0000000e+00		0.0000000e+00		0.0000000e+00
1.3200000e+02		1.3300000e+02		1.3250000e+02		3.0374778e-02		0.0000000e+00		0.0000000e+00		0.0000000e+00		0.0000000e+00		0.0000000e+00
1.3300000e+02		1.3400000e+02		1.3350000e+02		4.1056606e-01		0.0000000e+00		0.0000000e+00		0.0000000e+00		0.0000000e+00		0.0000000e+00
1.3400000e+02		1.3500000e+02		1.3450000e+02		2.8092500e-02		0.0000000e+00		0.0000000e+00		0.0000000e+00		0.0000000e+00		0.0000000e+00
1.3500000e+02		1.3600000e+02		1.3550000e+02		5.8954708e-02		0.0000000e+00		0.0000000e+00		0.0000000e+00		0.0000000e+00		0.0000000e+00
1.3600000e+02		1.3700000e+02		1.3650000e+02		3.8690656e-02		0.0000000e+00		0.0000000e+00		0.0000000e+00		0.0000000e+00		0.0000000e+00
1.3700000e+02		1.3800000e+02		1.3750000e+02		3.9732879e-02		0.0000000e+00		0.0000000e+00		0.0000000e+00		0.0000000e+00		0.0000000e+00
1.3800000e+02		1.3900000e+02		1.3850000e+02		4.0549866e-02		0.0000000e+00		0.0000000e+00		0.0000000e+00		0.0000000e+00		0.0000000e+00
1.3900000e+02		1.4000000e+02		1.3950000e+02		1.3692187e-01		0.0000000e+00		0.0000000e+00		0.0000000e+00		0.0000000e+00		0.0000000e+00
1.4000000e+02		1.4100000e+02		1.4050000e+02		1.1939088e-01		0.0000000e+00		0.0000000e+00		0.0000000e+00		0.0000000e+00		0.0000000e+00
1.4100000e+02		1.4200000e+02		1.4150000e+02		5.7521948e-02		0.0000000e+00		0.0000000e+00		0.0000000e+00		0.0000000e+00		0.0000000e+00
1.4200000e+02		1.4300000e+02		1.4250000e+02		6.2343151e-02		0.0000000e+00		0.0000000e+00		0.0000000e+00		0.0000000e+00		0.0000000e+00
1.4300000e+02		1.4400000e+02		1.4350000e+02		6.9165895e-02		0.0000000e+00		0.0000000e+00		0.0000000e+00		0.0000000e+00		0.0000000e+00
1.4400000e+02		1.4500000e+02		1.4450000e+02		6.6149126e-02		0.0000000e+00		0.0000000e+00		0.0000000e+00		0.0000000e+00		0.0000000e+00
1.4500000e+02		1.4600000e+02		1.4550000e+02		7.0536262e-02		0.0000000e+00		0.0000000e+00		0.0000000e+00		0.0000000e+00		0.0000000e+00
1.4600000e+02		1.4700000e+02		1.4650000e+02		8.6012655e-02		0.0000000e+00		0.0000000e+00		0.0000000e+00		0.0000000e+00		0.0000000e+00
1.4700000e+02		1.4800000e+02		1.4750000e+02		1.0610345e-01		0.0000000e+00		0.0000000e+00		0.0000000e+00		0.0000000e+00		0.0000000e+00
1.4800000e+02		1.4900000e+02		1.4850000e+02		1.0405386e-01		0.0000000e+00		0.0000000e+00		0.0000000e+00		0.0000000e+00		0.0000000e+00
1.4900000e+02		1.5000000e+02		1.4950000e+02		9.4002421e-02		0.0000000e+00		0.0000000e+00		0.0000000e+00		0.0000000e+00		0.0000000e+00
1.5000000e+02		1.5100000e+02		1.5050000e+02		1.0343288e-01		0.0000000e+00		0.0000000e+00		0.0000000e+00		0.0000000e+00		0.0000000e+00
1.5100000e+02		1.5200000e+02		1.5150000e+02		1.0875212e-01		0.0000000e+00		0.0000000e+00		0.0000000e+00		0.0000000e+00		0.0000000e+00
1.5200000e+02		1.5300000e+02		1.5250000e+02		1.3876638e-01		0.0000000e+00		0.0000000e+00		0.0000000e+00		0.0000000e+00		0.0000000e+00
1.5300000e+02		1.5400000e+02		1.5350000e+02		1.5371418e-01		0.0000000e+00		0.0000000e+00		0.0000000e+00		0.0000000e+00		0.0000000e+00
1.5400000e+02		1.5500000e+02		1.5450000e+02		4.1112511e-01		0.0000000e+00		0.0000000e+00		0.0000000e+00		0.0000000e+00		0.0000000e+00
1.5500000e+02		1.5600000e+02		1.5550000e+02		3.3836363e-01		0.0000000e+00		0.0000000e+00		0.0000000e+00		0.0000000e+00		0.0000000e+00
1.5600000e+02		1.5700000e+02		1.5650000e+02		2.0084632e-01		0.0000000e+00		0.0000000e+00		0.0000000e+00		0.0000000e+00		0.0000000e+00
1.5700000e+02		1.5800000e+02		1.5750000e+02		1.8216796e-01		0.0000000e+00		0.0000000e+00		0.0000000e+00		0.0000000e+00		0.0000000e+00
1.5800000e+02		1.5900000e+02		1.5850000e+02		1.6795176e-01		0.0000000e+00		0.0000000e+00		0.0000000e+00		0.0000000e+00		0.0000000e+00
1.5900000e+02		1.6000000e+02		1.5950000e+02		1.6379377e-01		0.0000000e+00		0.0000000e+00		0.0000000e+00		0.0000000e+00		0.0000000e+00
1.6000000e+02		1.6100000e+02		1.6050000e+02		1.7926410e-01		0.0000000e+00		0.0000000e+00		0.0000000e+00		0.0000000e+00		0.0000000e+00
1.6100000e+02		1.6200000e+02		1.6150000e+02		2.0306941e-01		0.0000000e+00		0.0000000e+00		0.0000000e+00		0.0000000e+00		0.0000000e+00
1.6200000e+02		1.6300000e+02		1.6250000e+02		2.2492895e-01		0.0000000e+00		0.0000000e+00		0.0000000e+00		0.0000000e+00		0.0000000e+00
1.6300000e+02		1.6400000e+02		1.6350000e+02		4.7671727e-01		0.0000000e+00		0.0000000e+00		0.0000000e+00		0.0000000e+00		0.0000000e+00
1.6400000e+02		1.6500000e+02		1.6450000e+02		4.8753270e-01		0.0000000e+00		0.0000000e+00		0.0000000e+00		0.0000000e+00		0.0000000e+00
1.6500000e+02		1.6600000e+02		1.6550000e+02		5.7072689e-01		0.0000000e+00		0.0000000e+00		0.0000000e+00		0.0000000e+00		0.0000000e+00
1.6600000e+02		1.6700000e+02		1.6650000e+02		2.6919628e-01		0.0000000e+00		0.0000000e+00		0.0000000e+00		0.0000000e+00		0.0000000e+00
1.6700000e+02		1.6800000e+02		1.6750000e+02		2.8728373e-01		0.0000000e+00		0.0000000e+00		0.0000000e+00		0.0000000e+00		0.0000000e+00
1.6800000e+02		1.6900000e+02		1.6850000e+02		3.0958866e-01		0.0000000e+00		0.0000000e+00		0.0000000e+00		0.0000000e+00		0.0000000e+00
1.6900000e+02		1.7000000e+02		1.6950000e+02		3.8988989e-01		0.0000000e+00		0.0000000e+00		0.0000000e+00		0.0000000e+00		0.0000000e+00
1.7000000e+02		1.7100000e+02		1.7050000e+02		4.3752516e-01		0.0000000e+00		0.0000000e+00		0.0000000e+00		0.0000000e+00		0.0000000e+00
1.7100000e+02		1.7200000e+02		1.7150000e+02		4.3618394e-01		0.0000000e+00		0.0000000e+00		0.0000000e+00		0.0000000e+00		0.0000000e+00
1.7200000e+02		1.7300000e+02		1.7250000e+02		4.5514763e-01		0.0000000e+00		0.0000000e+00		0.0000000e+00		0.0000000e+00		0.0000000e+00
1.7300000e+02		1.7400000e+02		1.7350000e+02		4.5120572e-01		0.0000000e+00		0.0000000e+00		0.0000000e+00		0.0000000e+00		0.0000000e+00
1.7400000e+02		1.7500000e+02		1.7450000e+02		5.3951828e-01		0.0000000e+00		0.0000000e+00		0.0000000e+00		0.0000000e+00		0.0000000e+00
1.7500000e+02		1.7600000e+02		1.7550000e+02		6.4389120e-01		0.0000000e+00		0.0000000e+00		0.0000000e+00		0.0000000e+00		0.0000000e+00
1.7600000e+02		1.7700000e+02		1.7650000e+02		6.9472845e-01		0.0000000e+00		0.0000000e+00		0.0000000e+00		0.0000000e+00		0.0000000e+00
1.7700000e+02		1.7800000e+02		1.7750000e+02		8.1849614e-01		0.0000000e+00		0.0000000e+00		0.0000000e+00		0.0000000e+00		0.0000000e+00
1.7800000e+02		1.7900000e+02		1.7850000e+02		8.9455089e-01		0.0000000e+00		0.0000000e+00		0.0000000e+00		0.0000000e+00		0.0000000e+00
1.7900000e+02		1.8000000e+02		1.7950000e+02		8.6966614e-01		0.0000000e+00		0.0000000e+00		0.0000000e+00		0.0000000e+00		0.0000000e+00
1.8000000e+02		1.8100000e+02		1.8050000e+02		1.0753674e+00		0.0000000e+00		0.0000000e+00		0.0000000e+00		0.0000000e+00		0.0000000e+00
1.8100000e+02		1.8200000e+02		1.8150000e+02		1.3093431e+00		0.0000000e+00		0.0000000e+00		0.0000000e+00		0.0000000e+00		0.0000000e+00
1.8200000e+02		1.8300000e+02		1.8250000e+02		1.2087370e+00		0.0000000e+00		0.0000000e+00		0.0000000e+00		0.0000000e+00		0.0000000e+00
1.8300000e+02		1.8400000e+02		1.8350000e+02		1.2728289e+00		0.0000000e+00		0.0000000e+00		0.0000000e+00		0.0000000e+00		0.0000000e+00
1.8400000e+02		1.8500000e+02		1.8450000e+02		1.0940339e+00		0.0000000e+00		0.0000000e+00		0.0000000e+00		0.0000000e+00		0.0000000e+00
1.8500000e+02		1.8600000e+02		1.8550000e+02		1.2372281e+00		0.0000000e+00		0.0000000e+00		0.0000000e+00		0.0000000e+00		0.0000000e+00
1.8600000e+02		1.8700000e+02		1.8650000e+02		1.4037992e+00		0.0000000e+00		0.0000000e+00		0.0000000e+00		0.0000000e+00		0.0000000e+00
1.8700000e+02		1.8800000e+02		1.8750000e+02		1.5907538e+00		0.0000000e+00		0.0000000e+00		0.0000000e+00		0.0000000e+00		0.0000000e+00
1.8800000e+02		1.8900000e+02		1.8850000e+02		1.6735993e+00		0.0000000e+00		0.0000000e+00		0.0000000e+00		0.0000000e+00		0.0000000e+00
1.8900000e+02		1.9000000e+02		1.8950000e+02		1.8559600e+00		0.0000000e+00		0.0000000e+00		0.0000000e+00		0.0000000e+00		0.0000000e+00
1.9000000e+02		1.9100000e+02		1.9050000e+02		1.9109940e+00		0.0000000e+00		0.0000000e+00		0.0000000e+00		0.0000000e+00		0.0000000e+00
1.9100000e+02		1.9200000e+02		1.9150000e+02		2.0707336e+00		0.0000000e+00		0.0000000e+00		0.0000000e+00		0.0000000e+00		0.0000000e+00
1.9200000e+02		1.9300000e+02		1.9250000e+02		2.1685186e+00		0.0000000e+00		0.0000000e+00		0.0000000e+00		0.0000000e+00		0.0000000e+00
1.9300000e+02		1.9400000e+02		1.9350000e+02		1.6554009e+00		0.0000000e+00		0.0000000e+00		0.0000000e+00		0.0000000e+00		0.0000000e+00
1.9400000e+02		1.9500000e+02		1.9450000e+02		2.6556632e+00		0.0000000e+00		0.0000000e+00		0.0000000e+00		0.0000000e+00		0.0000000e+00
1.9500000e+02		1.9600000e+02		1.9550000e+02		2.5630279e+00		0.0000000e+00		0.0000000e+00		0.0000000e+00		0.0000000e+00		0.0000000e+00
1.9600000e+02		1.9700000e+02		1.9650000e+02		2.8204934e+00		0.0000000e+00		0.0000000e+00		0.0000000e+00		0.0000000e+00		0.0000000e+00
1.9700000e+02		1.9800000e+02		1.9750000e+02		2.8068384e+00		0.0000000e+00		0.0000000e+00		0.0000000e+00		0.0000000e+00		0.0000000e+00
1.9800000e+02		1.9900000e+02		1.9850000e+02		2.7505577e+00		0.0000000e+00		0.0000000e+00		0.0000000e+00		0.0000000e+00		0.0000000e+00
1.9900000e+02		2.0000000e+02		1.9950000e+02		2.8965557e+00		0.0000000e+00		0.0000000e+00		0.0000000e+00		0.0000000e+00		0.0000000e+00
2.0000000e+02		2.0100000e+02		2.0050000e+02		3.0623388e+00		0.0000000e+00		0.0000000e+00		0.0000000e+00		0.0000000e+00		0.0000000e+00
2.0100000e+02		2.0200000e+02		2.0150000e+02		3.2593670e+00		0.0000000e+00		0.0000000e+00		0.0000000e+00		0.0000000e+00		0.0000000e+00
2.0200000e+02		2.0300000e+02		2.0250000e+02		3.2217937e+00		0.0000000e+00		0.0000000e+00		0.0000000e+00		0.0000000e+00		0.0000000e+00
2.0300000e+02		2.0400000e+02		2.0350000e+02		3.4484145e+00		0.0000000e+00		0.0000000e+00		0.0000000e+00		0.0000000e+00		0.0000000e+00
2.0400000e+02		2.0500000e+02		2.0450000e+02		3.7117169e+00		0.0000000e+00		0.0000000e+00		0.0000000e+00		0.0000000e+00		0.0000000e+00
2.0500000e+02		2.0600000e+02		2.0550000e+02		3.7200399e+00		0.0000000e+00		0.0000000e+00		0.0000000e+00		0.0000000e+00		0.0000000e+00
2.0600000e+02		2.0700000e+02		2.0650000e+02		3.7247532e+00		0.0000000e+00		0.0000000e+00		0.0000000e+00		0.0000000e+00		0.0000000e+00
2.0700000e+02		2.0800000e+02		2.0750000e+02		4.0454145e+00		0.0000000e+00		0.0000000e+00		0.0000000e+00		0.0000000e+00		0.0000000e+00
2.0800000e+02		2.0900000e+02		2.0850000e+02		4.3759554e+00		0.0000000e+00		0.0000000e+00		0.0000000e+00		0.0000000e+00		0.0000000e+00
2.0900000e+02		2.1000000e+02		2.0950000e+02		5.6528678e+00		0.0000000e+00		0.0000000e+00		0.0000000e+00		0.0000000e+00		0.0000000e+00
2.1000000e+02		2.1100000e+02		2.1050000e+02		6.9678423e+00		0.0000000e+00		0.0000000e+00		0.0000000e+00		0.0000000e+00		0.0000000e+00
2.1100000e+02		2.1200000e+02		2.1150000e+02		7.9326445e+00		0.0000000e+00		0.0000000e+00		0.0000000e+00		0.0000000e+00		0.0000000e+00
2.1200000e+02		2.1300000e+02		2.1250000e+02		7.0734222e+00		0.0000000e+00		0.0000000e+00		0.0000000e+00		0.0000000e+00		0.0000000e+00
2.1300000e+02		2.1400000e+02		2.1350000e+02		7.2066449e+00		0.0000000e+00		0.0000000e+00		0.0000000e+00		0.0000000e+00		0.0000000e+00
2.1400000e+02		2.1500000e+02		2.1450000e+02		9.2279181e+00		0.0000000e+00		0.0000000e+00		0.0000000e+00		0.0000000e+00		0.0000000e+00
2.1500000e+02		2.1600000e+02		2.1550000e+02		7.9257408e+00		0.0000000e+00		0.0000000e+00		0.0000000e+00		0.0000000e+00		0.0000000e+00
2.1600000e+02		2.1700000e+02		2.1650000e+02		7.3353469e+00		0.0000000e+00		0.0000000e+00		0.0000000e+00		0.0000000e+00		0.0000000e+00
2.1700000e+02		2.1800000e+02		2.1750000e+02		7.5953881e+00		0.0000000e+00		0.0000000e+00		0.0000000e+00		0.0000000e+00		0.0000000e+00
2.1800000e+02		2.1900000e+02		2.1850000e+02		1.0217230e+01		0.0000000e+00		0.0000000e+00		0.0000000e+00		0.0000000e+00		0.0000000e+00
2.1900000e+02		2.2000000e+02		2.1950000e+02		1.0786519e+01		0.0000000e+00		0.0000000e+00		0.0000000e+00		0.0000000e+00		0.0000000e+00
2.2000000e+02		2.2100000e+02		2.2050000e+02		1.0851638e+01		0.0000000e+00		0.0000000e+00		0.0000000e+00		0.0000000e+00		0.0000000e+00
2.2100000e+02		2.2200000e+02		2.2150000e+02		8.6872371e+00		0.0000000e+00		0.0000000e+00		0.0000000e+00		0.0000000e+00		0.0000000e+00
2.2200000e+02		2.2300000e+02		2.2250000e+02		1.1691346e+01		0.0000000e+00		0.0000000e+00		0.0000000e+00		0.0000000e+00		0.0000000e+00
2.2300000e+02		2.2400000e+02		2.2350000e+02		1.5139682e+01		0.0000000e+00		0.0000000e+00		0.0000000e+00		0.0000000e+00		0.0000000e+00
2.2400000e+02		2.2500000e+02		2.2450000e+02		1.4154944e+01		0.0000000e+00		0.0000000e+00		0.0000000e+00		0.0000000e+00		0.0000000e+00
2.2500000e+02		2.2600000e+02		2.2550000e+02		1.2365614e+01		0.0000000e+00		0.0000000e+00		0.0000000e+00		0.0000000e+00		0.0000000e+00
2.2600000e+02		2.2700000e+02		2.2650000e+02		9.0577089e+00		0.0000000e+00		0.0000000e+00		0.0000000e+00		0.0000000e+00		0.0000000e+00
2.2700000e+02		2.2800000e+02		2.2750000e+02		8.8108381e+00		0.0000000e+00		0.0000000e+00		0.0000000e+00		0.0000000e+00		0.0000000e+00
2.2800000e+02		2.2900000e+02		2.2850000e+02		1.2275156e+01		0.0000000e+00		0.0000000e+00		0.0000000e+00		0.0000000e+00		0.0000000e+00
2.2900000e+02		2.3000000e+02		2.2950000e+02		1.1031259e+01		0.0000000e+00		0.0000000e+00		0.0000000e+00		0.0000000e+00		0.0000000e+00
2.3000000e+02		2.3100000e+02		2.3050000e+02		1.2510180e+01		0.0000000e+00		0.0000000e+00		0.0000000e+00		0.0000000e+00		0.0000000e+00
2.3100000e+02		2.3200000e+02		2.3150000e+02		1.1791833e+01		0.0000000e+00		0.0000000e+00		0.0000000e+00		0.0000000e+00		0.0000000e+00
2.3200000e+02		2.3300000e+02		2.3250000e+02		1.2664003e+01		0.0000000e+00		0.0000000e+00		0.0000000e+00		0.0000000e+00		0.0000000e+00
2.3300000e+02		2.3400000e+02		2.3350000e+02		1.1428554e+01		0.0000000e+00		0.0000000e+00		0.0000000e+00		0.0000000e+00		0.0000000e+00
2.3400000e+02		2.3500000e+02		2.3450000e+02		9.9864853e+00		0.0000000e+00		0.0000000e+00		0.0000000e+00		0.0000000e+00		0.0000000e+00
2.3500000e+02		2.3600000e+02		2.3550000e+02		1.3443360e+01		0.0000000e+00		0.0000000e+00		0.0000000e+00		0.0000000e+00		0.0000000e+00
2.3600000e+02		2.3700000e+02		2.3650000e+02		1.2448020e+01		0.0000000e+00		0.0000000e+00		0.0000000e+00		0.0000000e+00		0.0000000e+00
2.3700000e+02		2.3800000e+02		2.3750000e+02		1.3294723e+01		0.0000000e+00		0.0000000e+00		0.0000000e+00		0.0000000e+00		0.0000000e+00
2.3800000e+02		2.3900000e+02		2.3850000e+02		1.1021422e+01		0.0000000e+00		0.0000000e+00		0.0000000e+00		0.0000000e+00		0.0000000e+00
2.3900000e+02		2.4000000e+02		2.3950000e+02		1.2008577e+01		0.0000000e+00		0.0000000e+00		0.0000000e+00		0.0000000e+00		0.0000000e+00
2.4000000e+02		2.4100000e+02		2.4050000e+02		1.1032163e+01		2.1738888e-322		0.0000000e+00		2.1738888e-322		0.0000000e+00		2.1738888e-322
2.4100000e+02		2.4200000e+02		2.4150000e+02		1.2918879e+01		2.8970911e-274		0.0000000e+00		2.8977584e-274		1.5790412e-277		2.8961794e-274
2.4200000e+02		2.4300000e+02		2.4250000e+02		1.7782729e+01		1.3318498e-231		0.0000000e+00		1.3322063e-231		8.4350663e-235		1.3313628e-231
2.4300000e+02		2.4400000e+02		2.4350000e+02		1.6701989e+01		2.3671340e-195		0.0000000e+00		2.3678716e-195		1.7452052e-198		2.3661264e-195
2.4400000e+02		2.4500000e+02		2.4450000e+02		1.5641720e+01		2.0781592e-164		0.0000000e+00		2.0789148e-164		1.7876953e-167		2.0771271e-164
2.4500000e+02		2.4600000e+02		2.4550000e+02		1.2691134e+01		4.0204092e-137		0.0000000e+00		4.0221311e-137		4.0739674e-140		4.0180571e-137
2.4600000e+02		2.4700000e+02		2.4650000e+02		1.2350906e+01		4.6824880e-114		0.0000000e+00		4.6848556e-114		5.6018988e-117		4.6792537e-114
2.4700000e+02		2.4800000e+02		2.4750000e+02		1.3639226e+01		5.7498922e-94		2.5321234e-90		5.7533557e-94		8.1946826e-97		5.7451610e-94
2.4800000e+02		2.4900000e+02		2.4850000e+02		1.0938846e+01		7.1313090e-77		6.9742290e-74		7.1364702e-77		1.2211710e-79		7.1242585e-77
2.4900000e+02		2.5000000e+02		2.4950000e+02		1.3333262e+01		1.6573660e-62		4.6437369e-60		1.6588126e-62		3.4224738e-65		1.6553901e-62
2.5000000e+02		2.5100000e+02		2.5050000e+02		1.4401571e+01		8.9042551e-51		8.9622508e-49		8.9136386e-51		2.2201494e-53		8.8914371e-51
2.5100000e+02		2.5200000e+02		2.5150000e+02		1.2007424e+01		1.6718524e-41		7.4221987e-40		1.6739714e-41		5.0134730e-44		1.6689579e-41
2.5200000e+02		2.5300000e+02		2.5250000e+02		1.0794009e+01		8.2723528e-34		1.8654741e-32		8.2849999e-34		2.9923360e-36		8.2550765e-34
2.5300000e+02		2.5400000e+02		2.5350000e+02		1.3602371e+01		2.4566658e-27		3.1724266e-26		2.4612074e-27		1.0745358e-29		2.4504620e-27
2.5400000e+02		2.5500000e+02		2.5450000e+02		1.5384114e+01		4.7555520e-22		3.8857337e-21		4.7662084e-22		2.5213426e-24		4.7409950e-22
2.5500000e+02		2.5600000e+02		2.5550000e+02		2.0992062e+01		1.3292014e-17		7.4507819e-17		1.3328255e-17		8.5746126e-20		1.3242509e-17
2.5600000e+02		2.5700000e+02		2.5650000e+02		2.7040612e+01		6.6256019e-14		2.7151830e-13		6.6477402e-14		5.2379928e-16		6.5953603e-14
2.5700000e+02		2.5800000e+02		2.5750000e+02		3.3946512e+01		7.6338587e-11		2.4169262e-10		7.6653476e-11		7.4503566e-13		7.5908441e-11
2.5800000e+02		2.5900000e+02		2.5850000e+02		3.5732434e+01		2.4076351e-08		6.1521822e-08		2.4200529e-08		2.9380908e-10		2.3906720e-08
2.5900000e+02		2.6000000e+02		2.5950000e+02		3.0409976e+01		6.5231222e-15		2.9310550e-14		6.5424359e-15		4.5696866e-17		6.4967391e-15
2.6000000e+02		2.6100000e+02		2.6050000e+02		2.4915606e+01		9.5330368e-21		7.0778528e-20		9.5533230e-21		4.7997583e-23		9.5053254e-21
2.6100000e+02		2.6200000e+02		2.6150000e+02		2.5442742e+01		1.5953381e-19		1.0651103e-18		1.5988782e-19		8.3758006e-22		1.5905024e-19
2.6200000e+02		2.6300000e+02		2.6250000e+02		3.0366547e+01		1.0607290e-17		6.0793750e-17		1.0632636e-17		5.9970577e-20		1.0572666e-17
2.6300000e+02		2.6400000e+02		2.6350000e+02		4.5700096e+01		6.2255037e-18		3.6976752e-17		6.2398179e-18		3.3867625e-20		6.2059503e-18
2.6400000e+02		2.6500000e+02		2.6450000e+02		7.1249372e+01		4.8936672e-14		2.1033897e-13		4.9074478e-14		3.2605196e-16		4.8748426e-14
2.6500000e+02		2.6600000e+02		2.6550000e+02		7.4731454e+01		1.5524956e-13		6.3984553e-13		1.5569377e-13		1.0509998e-15		1.5464277e-13
2.6600000e+02		2.6700000e+02		2.6650000e+02		7.2446611e+01		1.3752141e-13		5.6868948e-13		1.3790749e-13		9.1346459e-16		1.3699403e-13
2.6700000e+02		2.6800000e+02		2.6750000e+02		7.2937204e+01		1.5552386e-11		5.3782760e-11		1.5602323e-11		1.1815230e-13		1.5484170e-11
2.6800000e+02		2.6900000e+02		2.6850000e+02		7.2239021e+01		6.3814637e-10		1.9171772e-09		6.4045877e-10		5.4712112e-12		6.3498756e-10
2.6900000e+02		2.7000000e+02		2.6950000e+02		6.7758000e+01		1.4171798e-10		4.4951372e-10		1.4219611e-10		1.1312744e-12		1.4106484e-10
2.7000000e+02		2.7100000e+02		2.7050000e+02		7.8281462e+01		5.6685963e-10		1.7155857e-09		5.6883316e-10		4.6694224e-12		5.6416374e-10
2.7100000e+02		2.7200000e+02		2.7150000e+02		6.5051220e+01		4.5468844e-11		1.5029997e-10		4.5611569e-11		3.3769151e-13		4.5273878e-11
2.7200000e+02		2.7300000e+02		2.7250000e+02		5.2331568e+01		7.5835975e-09		2.0501016e-08		7.6125685e-09		6.8546120e-11		7.5440224e-09
2.7300000e+02		2.7400000e+02		2.7350000e+02		5.5800645e+01		1.7036419e-08		4.4782069e-08		1.7102666e-08		1.5674269e-10		1.6945924e-08
2.7400000e+02		2.7500000e+02		2.7450000e+02		3.8398649e+01		2.0984726e-08		5.3966388e-08		2.1067250e-08		1.9525419e-10		2.0871996e-08
2.7500000e+02		2.7600000e+02		2.7550000e+02		5.1208696e+01		8.8337792e-10		2.5866036e-09		8.8631886e-10		6.9583491e-12		8.7936051e-10
2.7600000e+02		2.7700000e+02		2.7650000e+02		7.1318275e+01		5.2031091e-09		1.4429184e-08		5.2212201e-09		4.2851114e-11		5.1783690e-09
2.7700000e+02		2.7800000e+02		2.7750000e+02		6.8188493e+01		1.7425905e-07		4.2294609e-07		1.7496408e-07		1.6681227e-09		1.7329596e-07
2.7800000e+02		2.7900000e+02		2.7850000e+02		4.7024496e+01		2.3479653e-07		5.5579538e-07		2.3576477e-07		2.2908706e-09		2.3347390e-07
2.7900000e+02		2.8000000e+02		2.7950000e+02		2.6422560e+01		1.8656783e-08		4.7504516e-08		1.8725473e-08		1.6252198e-10		1.8562951e-08
2.8000000e+02		2.8100000e+02		2.8050000e+02		2.8982131e+01		2.9681050e-09		8.1247364e-09		2.9779588e-09		2.3314390e-11		2.9546444e-09
2.8100000e+02		2.8200000e+02		2.8150000e+02		6.0033324e+01		3.5515764e-08		9.1020245e-08		3.5641502e-08		2.9749954e-10		3.5344002e-08
2.8200000e+02		2.8300000e+02		2.8250000e+02		8.1733762e+01		1.4859216e-07		3.6513010e-07		1.4913927e-07		1.2944832e-09		1.4784479e-07
2.8300000e+02		2.8400000e+02		2.8350000e+02		8.4433091e+01		2.9850024e-07		7.1547048e-07		2.9961985e-07		2.6490392e-09		2.9697081e-07
2.8400000e+02		2.8500000e+02		2.8450000e+02		6.2255376e+01		1.3153581e-06		2.9500414e-06		1.3207114e-06		1.2666054e-08		1.3080453e-06
2.8500000e+02		2.8600000e+02		2.8550000e+02		4.0018063e+01		4.7725550e-07		1.0932091e-06		4.7910846e-07		4.3841618e-09		4.7472430e-07
2.8600000e+02		2.8700000e+02		2.8650000e+02		8.2001717e+01		2.9971861e-06		6.5862974e-06		3.0094022e-06		2.8903536e-08		2.9804986e-06
2.8700000e+02		2.8800000e+02		2.8750000e+02		9.5189148e+01		1.1912852e-06		2.7235243e-06		1.1957855e-06		1.0647651e-08		1.1851378e-06
2.8800000e+02		2.8900000e+02		2.8850000e+02		9.0460934e+01		8.7604665e-07		2.0218392e-06		8.7926146e-07		7.6063181e-09		8.7165514e-07
2.8900000e+02		2.9000000e+02		2.8950000e+02		1.3728321e+02		1.9935955e-07		4.9379031e-07		2.0001287e-07		1.5457591e-09		1.9846711e-07
2.9000000e+02		2.9100000e+02		2.9050000e+02		1.8023325e+02		4.3793278e-08		1.1598156e-07		4.3923221e-08		3.0744854e-10		4.3615773e-08
2.9100000e+02		2.9200000e+02		2.9150000e+02		1.7359450e+02		5.9430682e-08		1.5537410e-07		5.9607185e-08		4.1761181e-10		5.9189573e-08
2.9200000e+02		2.9300000e+02		2.9250000e+02		1.5421676e+02		4.2781942e-07		1.0341620e-06		4.2920494e-07		3.2781831e-09		4.2592676e-07
2.9300000e+02		2.9400000e+02		2.9350000e+02		1.6099986e+02		1.0497752e-05		2.2570911e-05		1.0537677e-05		9.4463710e-08		1.0443213e-05
2.9400000e+02		2.9500000e+02		2.9450000e+02		1.4991794e+02		1.5132457e-08		4.1413933e-08		1.5173179e-08		9.6348134e-11		1.5076831e-08
2.9500000e+02		2.9600000e+02		2.9550000e+02		1.6232431e+02		3.2150437e-06		7.2225280e-06		3.2261190e-06		2.6204573e-08		3.1999145e-06
2.9600000e+02		2.9700000e+02		2.9650000e+02		1.4851381e+02		8.9206214e-05		1.7683024e-04		8.9581584e-05		8.8813451e-07		8.8693449e-05
2.9700000e+02		2.9800000e+02		2.9750000e+02		1.5140866e+02		9.8851114e-06		2.1247185e-05		9.9205891e-06		8.3941159e-08		9.8366479e-06
2.9800000e+02		2.9900000e+02		2.9850000e+02		1.3012850e+02		2.3433044e-06		5.2818587e-06		2.3509935e-06		1.8192492e-08		2.3328010e-06
2.9900000e+02		3.0000000e+02		2.9950000e+02		1.4682541e+02		8.5748975e-07		2.0152800e-06		8.6009810e-07		6.1714175e-09		8.5392668e-07
3.0000000e+02		3.0100000e+02		3.0050000e+02		1.1681452e+02		5.5549691e-06		1.2077995e-05		5.5737072e-06		4.4334928e-08		5.5293723e-06
3.0100000e+02		3.0200000e+02		3.0150000e+02		1.3434477e+02		3.3929141e-06		7.5512182e-06		3.4037880e-06		2.5727895e-08		3.3780601e-06
3.0200000e+02		3.0300000e+02		3.0250000e+02		1.4142283e+02		1.4088395e-05		2.9805983e-05		1.4136716e-05		1.1432961e-07		1.4022387e-05
3.0300000e+02		3.0400000e+02		3.0350000e+02		1.8342160e+02		6.2854737e-07		1.5065763e-06		6.3030433e-07		4.1570073e-09		6.2614732e-07
3.0400000e+02		3.0500000e+02		3.0450000e+02		1.7556728e+02		5.5684919e-05		1.1291007e-04		5.5885037e-05		4.7348326e-07		5.5411554e-05
3.0500000e+02		3.0600000e+02		3.0550000e+02		1.7728071e+02		2.1981516e-04		4.2422879e-04		2.2067255e-04		2.0285895e-06		2.1864396e-04
3.0600000e+02		3.0700000e+02		3.0650000e+02		1.6814926e+02		8.3234697e-04		1.5289576e-03		8.3591276e-04		8.4367369e-06		8.2747602e-04
3.0700000e+02		3.0800000e+02		3.0750000e+02		1.8878816e+02		1.3615028e-05		2.9140640e-05		1.3657709e-05		1.0098651e-07		1.3556723e-05
3.0800000e+02		3.0900000e+02		3.0850000e+02		1.8529086e+02		4.2364671e-05		8.6912484e-05		4.2505575e-05		3.3338258e-07		4.2172193e-05
3.0900000e+02		3.1000000e+02		3.0950000e+02		1.5026991e+02		4.9323902e-04		9.1913148e-04		4.9519980e-04		4.6392673e-06		4.9056054e-04
3.1000000e+02		3.1100000e+02		3.1050000e+02		1.8913229e+02		6.8457419e-05		1.3809461e-04		6.8685806e-05		5.4036801e-07		6.8145438e-05
3.1100000e+02		3.1200000e+02		3.1150000e+02		2.2495083e+02		3.3374919e-04		6.3973628e-04		3.3496337e-04		2.8727780e-06		3.3209059e-04
3.1200000e+02		3.1300000e+02		3.1250000e+02		2.0030306e+02		8.2458033e-06		1.8013072e-05		8.2691378e-06		5.5210168e-08		8.2139277e-06
3.1300000e+02		3.1400000e+02		3.1350000e+02		2.1331645e+02		1.5918843e-03		2.8808400e-03		1.5982936e-03		1.5164551e-05		1.5831290e-03
3.1400000e+02		3.1500000e+02		3.1450000e+02		2.0119548e+02		1.1905230e-04		2.3585571e-04		1.1944134e-04		9.2049035e-07		1.1852085e-04
3.1500000e+02		3.1600000e+02		3.1550000e+02		1.9522773e+02		8.7953286e-06		1.9146994e-05		8.8193547e-06		5.6846367e-08		8.7625084e-06
3.1600000e+02		3.1700000e+02		3.1650000e+02		1.9043254e+02		8.5073108e-07		2.0179252e-06		8.5274759e-07		4.7711159e-09		8.4797648e-07
3.1700000e+02		3.1800000e+02		3.1750000e+02		2.4155434e+02		1.0059531e-05		2.1960903e-05		1.0086158e-05		6.3000524e-08		1.0023157e-05
3.1800000e+02		3.1900000e+02		3.1850000e+02		1.9952276e+02		3.6179858e-06		8.1451099e-06		3.6269934e-06		2.1312097e-08		3.6056813e-06
3.1900000e+02		3.2000000e+02		3.1950000e+02		2.1430874e+02		8.0006823e-07		1.9103018e-06		8.0187329e-07		4.2708112e-09		7.9760248e-07
3.2000000e+02		3.2100000e+02		3.2050000e+02		2.4621307e+02		2.4064863e-05		5.0902305e-05		2.4129313e-05		1.5249044e-07		2.3976822e-05
3.2100000e+02		3.2200000e+02		3.2150000e+02		2.0677326e+02		1.3405271e-10		4.4351371e-10		1.3425621e-10		4.8148680e-13		1.3377472e-10
3.2200000e+02		3.2300000e+02		3.2250000e+02		2.0765168e+02		4.2698758e-05		8.7877903e-05		4.2815530e-05		2.7628674e-07		4.2539244e-05
3.2300000e+02		3.2400000e+02		3.2350000e+02		2.0066974e+02		1.4797735e-06		3.4441202e-06		1.4830559e-06		7.7662548e-09		1.4752896e-06
3.2400000e+02		3.2500000e+02		3.2450000e+02		2.3629853e+02		1.8158291e-06		4.2196438e-06		1.8198134e-06		9.4269461e-09		1.8103865e-06
3.2500000e+02		3.2600000e+02		3.2550000e+02		2.7209498e+02		3.9731471e-16		2.1529463e-15		3.9770563e-16		9.2493188e-19		3.9678070e-16
3.2600000e+02		3.2700000e+02		3.2650000e+02		3.0699214e+02		2.6919013e-05		5.7153436e-05		2.6985208e-05		1.5661967e-07		2.6828589e-05
3.2700000e+02		3.2800000e+02		3.2750000e+02		2.9701525e+02		5.4853221e-06		1.2336484e-05		5.4974695e-06		2.8741071e-08		5.4687285e-06
3.2800000e+02		3.2900000e+02		3.2850000e+02		2.8673370e+02		1.0878373e-06		2.5950501e-06		1.0900209e-06		5.1664344e-09		1.0848545e-06
3.2900000e+02		3.3000000e+02		3.2950000e+02		3.3379807e+02		1.2548039e-08		3.5600088e-08		1.2568115e-08		4.7501453e-11		1.2520614e-08
3.3000000e+02		3.3100000e+02		3.3050000e+02		3.1443449e+02		3.5394363e-13		1.4899232e-12		3.5433330e-13		9.2197211e-16		3.5341133e-13
3.3100000e+02		3.3200000e+02		3.3150000e+02		3.0087994e+02		5.3365691e-03		9.3604233e-03		5.3548642e-03		4.3286472e-05		5.3115777e-03
3.3200000e+02		3.3300000e+02		3.3250000e+02		2.9519831e+02		5.9651382e-04		1.1296031e-03		5.9819782e-04		3.9843797e-06		5.9421344e-04
3.3300000e+02		3.3400000e+02		3.3350000e+02		2.8364288e+02		8.7468444e-05		1.7729238e-04		8.7681610e-05		5.0435722e-07		8.7177253e-05
3.3400000e+02		3.3500000e+02		3.3450000e+02		2.9883003e+02		6.3387038e-06		1.4179355e-05		6.3516412e-06		3.0610309e-08		6.3210309e-06
3.3500000e+02		3.3600000e+02		3.3550000e+02		2.9511053e+02		8.5321360e-06		1.8867347e-05		8.5496397e-06		4.1414148e-08		8.5082256e-06
3.3600000e+02		3.3700000e+02		3.3650000e+02		2.4313126e+02		5.0788471e-06		1.1366886e-05		5.0889468e-06		2.3895992e-08		5.0650508e-06
3.3700000e+02		3.3800000e+02		3.3750000e+02		2.5649874e+02		2.7415339e-05		5.7762014e-05		2.7474667e-05		1.4037165e-07		2.7334296e-05
3.3800000e+02		3.3900000e+02		3.3850000e+02		2.7748673e+02		5.5844191e-04		1.0574014e-03		5.5990323e-04		3.4575227e-06		5.5644571e-04
3.3900000e+02		3.4000000e+02		3.3950000e+02		2.9040264e+02		4.3714347e-05		9.0944719e-05		4.3808634e-05		2.2308559e-07		4.3585548e-05
3.4000000e+02		3.4100000e+02		3.4050000e+02		3.0654056e+02		4.9642222e-07		1.2221469e-06		4.9724251e-07		1.9408286e-09		4.9530168e-07
3.4100000e+02		3.4200000e+02		3.4150000e+02		2.7979685e+02		1.5752434e-16		8.8486453e-16		1.5764805e-16		2.9270733e-19		1.5735534e-16
3.4200000e+02		3.4300000e+02		3.4250000e+02		3.0344565e+02		1.0621149e-07		2.7695096e-07		1.0637064e-07		3.7657371e-10		1.0599407e-07
3.4300000e+02		3.4400000e+02		3.4350000e+02		2.9822260e+02		1.9601003e-12		7.7149385e-12		1.9620336e-12		4.5742517e-15		1.9574593e-12
3.4400000e+02		3.4500000e+02		3.4450000e+02		2.3986676e+02		7.7489337e-08		2.0265813e-07		7.7602227e-08		2.6710143e-10		7.7335126e-08
3.4500000e+02		3.4600000e+02		3.4550000e+02		2.8907088e+02		8.3541316e-10		2.6106182e-09		8.3640173e-10		2.3390018e-12		8.3406273e-10
3.4600000e+02		3.4700000e+02		3.4650000e+02		2.8069735e+02		6.0806652e-11		2.0960765e-10		6.0871414e-11		1.5322767e-13		6.0718186e-11
3.4700000e+02		3.4800000e+02		3.4750000e+02		2.7782009e+02		1.5510066e-13		6.7034203e-13		1.5523613e-13		3.2052564e-16		1.5491560e-13
3.4800000e+02		3.4900000e+02		3.4850000e+02		2.8744416e+02		5.2687709e-03		9.2238060e-03		5.2834397e-03		3.4706796e-05		5.2487329e-03
3.4900000e+02		3.5000000e+02		3.4950000e+02		2.7550877e+02		1.0819319e-02		1.8449512e-02		1.0851314e-02		7.5701613e-05		1.0775613e-02
3.5000000e+02		3.5100000e+02		3.5050000e+02		3.3002358e+02		2.1515711e-05		4.6148291e-05		2.1554231e-05		9.1139065e-08		2.1463091e-05
3.5100000e+02		3.5200000e+02		3.5150000e+02		3.0660572e+02		7.6879027e-05		1.5692056e-04		7.7027105e-05		3.5035725e-07		7.6676748e-05
3.5200000e+02		3.5300000e+02		3.5250000e+02		2.8324198e+02		2.4917450e-05		5.2854094e-05		2.4961811e-05		1.0495921e-07		2.4856851e-05
3.5300000e+02		3.5400000e+02		3.5350000e+02		3.2405327e+02		4.2555466e-02		6.9664092e-02		4.2691573e-02		3.2203196e-04		4.2369541e-02
3.5400000e+02		3.5500000e+02		3.5450000e+02		3.4586270e+02		5.4775610e-03		9.6359767e-03		5.4915667e-03		3.3137760e-05		5.4584289e-03
3.5500000e+02		3.5600000e+02		3.5550000e+02		3.2478382e+02		4.1124687e-03		7.2909885e-03		4.1226539e-03		2.4098468e-05		4.0985554e-03
3.5600000e+02		3.5700000e+02		3.5650000e+02		2.8234357e+02		1.7001422e-04		3.3605943e-04		1.7034174e-04		7.7491843e-07		1.6956682e-04
3.5700000e+02		3.5800000e+02		3.5750000e+02		2.4674321e+02		4.1877620e-06		9.4400946e-06		4.1941420e-06		1.5095266e-08		4.1790468e-06
3.5800000e+02		3.5900000e+02		3.5850000e+02		2.1181106e+02		1.5657610e-04		3.0718348e-04		1.5687502e-04		7.0725248e-07		1.5616777e-04
3.5900000e+02		3.6000000e+02		3.5950000e+02		3.0582840e+02		1.9348536e-06		4.5247714e-06		1.9375824e-06		6.4563879e-09		1.9311260e-06
3.6000000e+02		3.6100000e+02		3.6050000e+02		3.0178862e+02		2.1091089e-05		4.5110662e-05		2.1124784e-05		7.9724354e-08		2.1045060e-05
3.6100000e+02		3.6200000e+02		3.6150000e+02		2.8033735e+02		4.0941902e-12		1.5630087e-11		4.0975310e-12		7.9044259e-15		4.0896266e-12
3.6200000e+02		3.6300000e+02		3.6250000e+02		3.1645921e+02		2.1197770e-19		1.5376950e-18		2.1208938e-19		2.6424551e-22		2.1182514e-19
3.6300000e+02		3.6400000e+02		3.6350000e+02		3.0810145e+02		1.0839385e-15		5.6780600e-15		1.0846234e-15		1.6206649e-18		1.0830028e-15
3.6400000e+02		3.6500000e+02		3.6450000e+02		3.2221950e+02		1.5836976e-36		5.1475168e-35		1.5841481e-36		1.0660343e-39		1.5830821e-36
3.6500000e+02		3.6600000e+02		3.6550000e+02		3.6674574e+02		1.9313421e-28		3.1082190e-27		1.9320294e-28		1.6262432e-31		1.9304032e-28
3.6600000e+02		3.6700000e+02		3.6650000e+02		3.9198946e+02		3.6199656e-49		3.5847072e-47		3.6207211e-49		1.7875523e-52		3.6189335e-49
3.6700000e+02		3.6800000e+02		3.6750000e+02		3.7850004e+02		1.5407538e-47		1.3212003e-45		1.5410823e-47		7.7726409e-51		1.5403050e-47
3.6800000e+02		3.6900000e+02		3.6850000e+02		3.4895620e+02		1.0325274e-91		4.2198007e-88		1.0326424e-91		2.7192271e-95		1.0323704e-91
3.6900000e+02		3.7000000e+02		3.6950000e+02		3.8736224e+02		4.5862862e-75		4.3815129e-72		4.5868999e-75		1.4520170e-78		4.5854478e-75
3.7000000e+02		3.7100000e+02		3.7050000e+02		3.6351013e+02		1.8288310e+02		2.4164807e+02		1.8553877e+02		6.2833739e+00		1.7925539e+02
3.7100000e+02		3.7200000e+02		3.7150000e+02		3.7529261e+02		3.6954258e+02		4.8529159e+02		3.7707177e+02		1.7814254e+01		3.5925752e+02
3.7200000e+02		3.7300000e+02		3.7250000e+02		3.1177186e+02		3.0704771e+02		4.0314177e+02		3.1323462e+02		1.4638384e+01		2.9859624e+02
3.7300000e+02		3.7400000e+02		3.7350000e+02		2.7192112e+02		2.6784610e+02		3.5160261e+02		2.7318376e+02		1.2629032e+01		2.6055473e+02
3.7400000e+02		3.7500000e+02		3.7450000e+02		2.7832167e+02		2.7419646e+02		3.5986912e+02		2.7960074e+02		1.2786664e+01		2.6681407e+02
3.7500000e+02		3.7600000e+02		3.7550000e+02		3.1876744e+02		3.1409440e+02		4.1215452e+02		3.2021734e+02		1.4487032e+01		3.0573031e+02
3.7600000e+02		3.7700000e+02		3.7650000e+02		3.3048657e+02		3.2569455e+02		4.2729578e+02		3.3197437e+02		1.4858216e+01		3.1711615e+02
3.7700000e+02		3.7800000e+02		3.7750000e+02		3.8770864e+02		3.8214803e+02		5.0126697e+02		3.8943620e+02		1.7243991e+01		3.7219220e+02
3.7800000e+02		3.7900000e+02		3.7850000e+02		4.0380398e+02		3.9807532e+02		5.2206329e+02		4.0558489e+02		1.7767829e+01		3.8781706e+02
3.7900000e+02		3.8000000e+02		3.7950000e+02		3.2744385e+02		3.2284873e+02		4.2332945e+02		3.2887328e+02		1.4254238e+01		3.1461904e+02
3.8000000e+02		3.8100000e+02		3.8050000e+02		3.5656330e+02		3.5161350e+02		4.6096452e+02		3.5810402e+02		1.5356744e+01		3.4274728e+02
3.8100000e+02		3.8200000e+02		3.8150000e+02		3.2019140e+02		3.1579432e+02		4.1393282e+02		3.2156092e+02		1.3643925e+01		3.0791699e+02
3.8200000e+02		3.8300000e+02		3.8250000e+02		2.2964197e+02		2.2652220e+02		2.9686632e+02		2.3061425e+02		9.6818850e+00		2.2093236e+02
3.8300000e+02		3.8400000e+02		3.8350000e+02		2.0267593e+02		1.9995196e+02		2.6200008e+02		2.0352536e+02		8.4547654e+00		1.9507060e+02
3.8400000e+02		3.8500000e+02		3.8450000e+02		2.7111947e+02		2.6751450e+02		3.5046906e+02		2.7224430e+02		1.1190836e+01		2.6105346e+02
3.8500000e+02		3.8600000e+02		3.8550000e+02		2.8715912e+02		2.8338150e+02		3.7119440e+02		2.8833850e+02		1.1728393e+01		2.7661011e+02
3.8600000e+02		3.8700000e+02		3.8650000e+02		2.8837692e+02		2.8462354e+02		3.7275996e+02		2.8954941e+02		1.1654727e+01		2.7789468e+02
3.8700000e+02		3.8800000e+02		3.8750000e+02		2.8805300e+02		2.8434352e+02		3.7233275e+02		2.8921243e+02		1.1519967e+01		2.7769247e+02
3.8800000e+02		3.8900000e+02		3.8850000e+02		2.9209390e+02		2.8837209e+02		3.7754743e+02		2.9325784e+02		1.1559793e+01		2.8169804e+02
3.8900000e+02		3.9000000e+02		3.8950000e+02		3.5069332e+02		3.4627190e+02		4.5328028e+02		3.5207681e+02		1.3734576e+01		3.3834224e+02
3.9000000e+02		3.9100000e+02		3.9050000e+02		3.6838836e+02		3.6379262e+02		4.7614108e+02		3.6982718e+02		1.4277930e+01		3.5554925e+02
3.9100000e+02		3.9200000e+02		3.9150000e+02		3.9613874e+02		3.9124856e+02		5.1199722e+02		3.9767056e+02		1.5194612e+01		3.8247595e+02
3.9200000e+02		3.9300000e+02		3.9250000e+02		3.0403432e+02		3.0032034e+02		3.9294661e+02		3.0519832e+02		1.1541417e+01		2.9365690e+02
3.9300000e+02		3.9400000e+02		3.9350000e+02		1.8639471e+02		1.8414150e+02		2.4089915e+02		1.8710126e+02		7.0028626e+00		1.8009839e+02
3.9400000e+02		3.9500000e+02		3.9450000e+02		3.0813115e+02		3.0444505e+02		3.9822466e+02		3.0928761e+02		1.1457618e+01		2.9782999e+02
3.9500000e+02		3.9600000e+02		3.9550000e+02		3.7840801e+02		3.7392812e+02		4.8903939e+02		3.7981422e+02		1.3926657e+01		3.6588756e+02
3.9600000e+02		3.9700000e+02		3.9650000e+02		2.6140326e+02		2.5832689e+02		3.3780243e+02		2.6235109e+02		9.5213487e+00		2.5282974e+02
3.9700000e+02		3.9800000e+02		3.9750000e+02		2.9300657e+02		2.8959015e+02		3.7863005e+02		2.9405480e+02		1.0563458e+01		2.8349134e+02
3.9800000e+02		3.9900000e+02		3.9850000e+02		4.5124719e+02		4.4600972e+02		5.8306194e+02		4.5281485e+02		1.6101124e+01		4.3671373e+02
3.9900000e+02		4.0000000e+02		3.9950000e+02		4.9846141e+02		4.9270296e+02		6.4401414e+02		5.0014308e+02		1.7603498e+01		4.8253958e+02
4.0000000e+02		4.0100000e+02		4.0050000e+02		5.1407199e+02		5.0826925e+02		6.6426910e+02		5.1586661e+02		1.7975556e+01		4.9789106e+02
4.0100000e+02		4.0200000e+02		4.0150000e+02		5.3860814e+02		5.3261469e+02		6.9599225e+02		5.4049491e+02		1.8644817e+01		5.2185010e+02
4.0200000e+02		4.0300000e+02		4.0250000e+02		5.4526519e+02		5.3925942e+02		7.0458102e+02		5.4715671e+02		1.8685192e+01		5.2847152e+02
4.0300000e+02		4.0400000e+02		4.0350000e+02		5.2165796e+02		5.1597055e+02		6.7406345e+02		5.2345003e+02		1.7696646e+01		5.0575339e+02
4.0400000e+02		4.0500000e+02		4.0450000e+02		5.1300620e+02		5.0746976e+02		6.6287162e+02		5.1475149e+02		1.7228752e+01		4.9752273e+02
4.0500000e+02		4.0600000e+02		4.0550000e+02		5.1256585e+02		5.0709004e+02		6.6229037e+02		5.1429279e+02		1.7041885e+01		4.9725090e+02
4.0600000e+02		4.0700000e+02		4.0650000e+02		4.9035274e+02		4.8516702e+02		6.3357705e+02		4.9198891e+02		1.6140759e+01		4.7584815e+02
4.0700000e+02		4.0800000e+02		4.0750000e+02		4.9838294e+02		4.9316527e+02		6.4394110e+02		5.0002990e+02		1.6241887e+01		4.8378801e+02
4.0800000e+02		4.0900000e+02		4.0850000e+02		5.2990289e+02		5.2441085e+02		6.8465455e+02		5.3163719e+02		1.7097716e+01		5.1453948e+02
4.0900000e+02		4.1000000e+02		4.0950000e+02		5.2713439e+02		5.2172568e+02		6.8106551e+02		5.2884310e+02		1.6840003e+01		5.1200310e+02
4.1000000e+02		4.1100000e+02		4.1050000e+02		4.8293937e+02		4.7803355e+02		6.2395398e+02		4.8448985e+02		1.5275761e+01		4.6921409e+02
4.1100000e+02		4.1200000e+02		4.1150000e+02		5.5986852e+02		5.5423783e+02		7.2333337e+02		5.6164882e+02		1.7534611e+01		5.4411421e+02
4.1200000e+02		4.1300000e+02		4.1250000e+02		5.4940473e+02		5.4393411e+02		7.0980234e+02		5.5113512e+02		1.7037768e+01		5.3409735e+02
4.1300000e+02		4.1400000e+02		4.1350000e+02		5.2995399e+02		5.2472930e+02		6.8466144e+02		5.3160725e+02		1.6273425e+01		5.1533383e+02
4.1400000e+02		4.1500000e+02		4.1450000e+02		5.3771640e+02		5.3246753e+02		6.9467831e+02		5.3937797e+02		1.6350268e+01		5.2302770e+02
4.1500000e+02		4.1600000e+02		4.1550000e+02		5.3722776e+02		5.3203532e+02		6.9403559e+02		5.3887210e+02		1.6175997e+01		5.2269611e+02
4.1600000e+02		4.1700000e+02		4.1650000e+02		5.5745703e+02		5.5212161e+02		7.2015717e+02		5.5914675e+02		1.6621669e+01		5.4252509e+02
4.1700000e+02		4.1800000e+02		4.1750000e+02		5.0725322e+02		5.0244483e+02		6.5528887e+02		5.0877519e+02		1.4977793e+01		4.9379739e+02
4.1800000e+02		4.1900000e+02		4.1850000e+02		5.2601513e+02		5.2106468e+02		6.7949862e+02		5.2756530e+02		1.5380652e+01		5.1218465e+02
4.1900000e+02		4.2000000e+02		4.1950000e+02		5.3123875e+02		5.2630158e+02		6.8625347e+02		5.3280358e+02		1.5383906e+01		5.1741967e+02
4.2000000e+02		4.2100000e+02		4.2050000e+02		5.3797708e+02		5.3302671e+02		6.9494821e+02		5.3954770e+02		1.5428838e+01		5.2411887e+02
4.2100000e+02		4.2200000e+02		4.2150000e+02		5.2958361e+02		5.2475778e+02		6.8409515e+02		5.3111527e+02		1.5041995e+01		5.1607328e+02
4.2200000e+02		4.2300000e+02		4.2250000e+02		5.0190537e+02		4.9737605e+02		6.4833162e+02		5.0334344e+02		1.4119000e+01		4.8922444e+02
4.2300000e+02		4.2400000e+02		4.2350000e+02		5.3474862e+02		5.2996953e+02		6.9074618e+02		5.3626652e+02		1.4898857e+01		5.2136767e+02
4.2400000e+02		4.2500000e+02		4.2450000e+02		5.5328403e+02		5.4838693e+02		7.1467811e+02		5.5483995e+02		1.5268011e+01		5.3957194e+02
4.2500000e+02		4.2600000e+02		4.2550000e+02		5.3248014e+02		5.2781248e+02		6.8779555e+02		5.3396367e+02		1.4553872e+01		5.1940980e+02
4.2600000e+02		4.2700000e+02		4.2650000e+02		5.3029841e+02		5.2569446e+02		6.8496747e+02		5.3176219e+02		1.4356416e+01		5.1740577e+02
4.2700000e+02		4.2800000e+02		4.2750000e+02		4.9171747e+02		4.8748931e+02		6.3512471e+02		4.9306222e+02		1.3185652e+01		4.7987657e+02
4.2800000e+02		4.2900000e+02		4.2850000e+02		4.9494538e+02		4.9073008e+02		6.3928492e+02		4.9628648e+02		1.3146592e+01		4.8313989e+02
4.2900000e+02		4.3000000e+02		4.2950000e+02		4.6063718e+02		4.5675142e+02		5.9496313e+02		4.6187384e+02		1.2119771e+01		4.4975407e+02
4.3000000e+02		4.3100000e+02		4.3050000e+02		3.7055843e+02		3.6746223e+02		4.7860994e+02		3.7154413e+02		9.6578675e+00		3.6188626e+02
4.3100000e+02		4.3200000e+02		4.3150000e+02		4.5818753e+02		4.5439542e+02		5.9178275e+02		4.5939516e+02		1.1829502e+01		4.4756566e+02
4.3200000e+02		4.3300000e+02		4.3250000e+02		5.1625369e+02		5.1202140e+02		6.6677036e+02		5.1760192e+02		1.3203666e+01		5.0439826e+02
4.3300000e+02		4.3400000e+02		4.3350000e+02		5.6047485e+02		5.5592336e+02		7.2387470e+02		5.6192522e+02		1.4200548e+01		5.4772467e+02
4.3400000e+02		4.3500000e+02		4.3450000e+02		4.7595241e+02		4.7212367e+02		6.1470255e+02		4.7717284e+02		1.1946468e+01		4.6522637e+02
4.3500000e+02		4.3600000e+02		4.3550000e+02		5.3162725e+02		5.2739078e+02		6.8659873e+02		5.3297806e+02		1.3219643e+01		5.1975842e+02
4.3600000e+02		4.3700000e+02		4.3650000e+02		5.9481241e+02		5.9011681e+02		7.6819260e+02		5.9631006e+02		1.4653401e+01		5.8165666e+02
4.3700000e+02		4.3800000e+02		4.3750000e+02		5.2629983e+02		5.2218389e+02		6.7970072e+02		5.2761299e+02		1.2845367e+01		5.1476762e+02
4.3800000e+02		4.3900000e+02		4.3850000e+02		5.1257868e+02		5.0860741e+02		6.6197182e+02		5.1384605e+02		1.2394758e+01		5.0145129e+02
4.3900000e+02		4.4000000e+02		4.3950000e+02		5.7051902e+02		5.6613889e+02		7.3678846e+02		5.7191586e+02		1.3668466e+01		5.5824740e+02
4.4000000e+02		4.4100000e+02		4.4050000e+02		5.4089681e+02		5.3677720e+02		6.9851760e+02		5.4220370e+02		1.2839244e+01		5.2936446e+02
4.4100000e+02		4.4200000e+02		4.4150000e+02		5.9491633e+02		5.9032307e+02		7.6813512e+02		5.9623496e+02		1.3987673e+01		5.8224729e+02
4.4200000e+02		4.4300000e+02		4.4250000e+02		6.2544254e+02		6.2058255e+02		8.0744359e+02		6.2673959e+02		1.4567707e+01		6.1217189e+02
4.4300000e+02		4.4400000e+02		4.4350000e+02		6.0497206e+02		6.0032229e+02		7.8101920e+02		6.0622351e+02		1.3962416e+01		5.9226109e+02
4.4400000e+02		4.4500000e+02		4.4450000e+02		6.2324411e+02		6.1836641e+02		8.0443155e+02		6.2438828e+02		1.4247899e+01		6.1014038e+02
4.4500000e+02		4.4600000e+02		4.4550000e+02		5.7783999e+02		5.7338444e+02		7.4585497e+02		5.7891722e+02		1.3090718e+01		5.6582651e+02
4.4600000e+02		4.4700000e+02		4.4650000e+02		5.8940025e+02		5.8505677e+02		7.6097644e+02		5.9065156e+02		1.3237416e+01		5.7741415e+02
4.4700000e+02		4.4800000e+02		4.4750000e+02		6.3881895e+02		6.3419419e+02		8.2482431e+02		6.4020377e+02		1.4218807e+01		6.2598496e+02
4.4800000e+02		4.4900000e+02		4.4850000e+02		6.2805979e+02		6.2360030e+02		8.1098316e+02		6.2945596e+02		1.3854635e+01		6.1560133e+02
4.4900000e+02		4.5000000e+02		4.4950000e+02		6.3454704e+02		6.3010240e+02		8.1937657e+02		6.3596547e+02		1.3872177e+01		6.2209329e+02
4.5000000e+02		4.5100000e+02		4.5050000e+02		6.7325368e+02		6.6858402e+02		8.6935223e+02		6.7474878e+02		1.4585982e+01		6.6016280e+02
4.5100000e+02		4.5200000e+02		4.5150000e+02		6.7122600e+02		6.6661250e+02		8.6672436e+02		6.7270349e+02		1.4411427e+01		6.5829206e+02
4.5200000e+02		4.5300000e+02		4.5250000e+02		6.3541039e+02		6.3108247e+02		8.2046827e+02		6.3679676e+02		1.3520170e+01		6.2327659e+02
4.5300000e+02		4.5400000e+02		4.5350000e+02		6.0888666e+02		6.0477673e+02		7.8621121e+02		6.1020353e+02		1.2839932e+01		5.9736359e+02
4.5400000e+02		4.5500000e+02		4.5450000e+02		6.4999363e+02		6.4564564e+02		8.3928067e+02		6.5138711e+02		1.3584466e+01		6.3780264e+02
4.5500000e+02		4.5600000e+02		4.5550000e+02		6.4380306e+02		6.3953507e+02		8.3127851e+02		6.4517123e+02		1.3335292e+01		6.3183594e+02
4.5600000e+02		4.5700000e+02		4.5650000e+02		6.6853861e+02		6.6414627e+02		8.6320799e+02		6.6994697e+02		1.3724617e+01		6.5622236e+02
4.5700000e+02		4.5800000e+02		4.5750000e+02		6.7499745e+02		6.7060224e+02		8.7153851e+02		6.7640706e+02		1.3734366e+01		6.6267270e+02
4.5800000e+02		4.5900000e+02		4.5850000e+02		6.3439039e+02		6.3029636e+02		8.1909936e+02		6.3570371e+02		1.2793944e+01		6.2290977e+02
4.5900000e+02		4.6000000e+02		4.5950000e+02		6.5539586e+02		6.5120383e+02		8.4621218e+02		6.5674093e+02		1.3100909e+01		6.4364002e+02
4.6000000e+02		4.6100000e+02		4.6050000e+02		6.4752339e+02		6.4341841e+02		8.3603926e+02		6.4884082e+02		1.2829555e+01		6.3601127e+02
4.6100000e+02		4.6200000e+02		4.6150000e+02		6.6245412e+02		6.5829161e+02		8.5530833e+02		6.6379031e+02		1.3010059e+01		6.5078025e+02
4.6200000e+02		4.6300000e+02		4.6250000e+02		6.6901120e+02		6.6484457e+02		8.6376581e+02		6.7034901e+02		1.3023639e+01		6.5732537e+02
4.6300000e+02		4.6400000e+02		4.6350000e+02		6.4662616e+02		6.4263439e+02		8.3485617e+02		6.4790811e+02		1.2477733e+01		6.3543037e+02
4.6400000e+02		4.6500000e+02		4.6450000e+02		6.5795753e+02		6.5393149e+02		8.4947786e+02		6.5925076e+02		1.2585534e+01		6.4666523e+02
4.6500000e+02		4.6600000e+02		4.6550000e+02		6.3552746e+02		6.3167275e+02		8.2051095e+02		6.3676592e+02		1.2050565e+01		6.2471536e+02
4.6600000e+02		4.6700000e+02		4.6650000e+02		6.3955371e+02		6.3570850e+02		8.2570133e+02		6.4078938e+02		1.2021485e+01		6.2876789e+02
4.6700000e+02		4.6800000e+02		4.6750000e+02		6.4572639e+02		6.4183964e+02		8.3361362e+02		6.4692455e+02		1.2031032e+01		6.3489352e+02
4.6800000e+02		4.6900000e+02		4.6850000e+02		6.3145002e+02		6.2768551e+02		8.1518028e+02		6.3261501e+02		1.1663314e+01		6.2095169e+02
4.6900000e+02		4.7000000e+02		4.6950000e+02		6.4956875e+02		6.4569124e+02		8.3851404e+02		6.5071789e+02		1.1893177e+01		6.3882471e+02
4.7000000e+02		4.7100000e+02		4.7050000e+02		6.1381170e+02		6.1017566e+02		7.9234485e+02		6.1488462e+02		1.1141533e+01		6.0374309e+02
4.7100000e+02		4.7200000e+02		4.7150000e+02		6.4174114e+02		6.3795541e+02		8.2836929e+02		6.4283609e+02		1.1547816e+01		6.3128828e+02
4.7200000e+02		4.7300000e+02		4.7250000e+02		6.5742798e+02		6.5357747e+02		8.4860430e+02		6.5853449e+02		1.1728423e+01		6.4680607e+02
4.7300000e+02		4.7400000e+02		4.7350000e+02		6.4563741e+02		6.4182954e+02		8.3330312e+02		6.4665524e+02		1.1417722e+01		6.3523751e+02
4.7400000e+02		4.7500000e+02		4.7450000e+02		6.6512717e+02		6.6132517e+02		8.5856413e+02		6.6625516e+02		1.1664471e+01		6.5459069e+02
4.7500000e+02		4.7600000e+02		4.7550000e+02		6.6365303e+02		6.5995247e+02		8.5673238e+02		6.6483034e+02		1.1541152e+01		6.5328919e+02
4.7600000e+02		4.7700000e+02		4.7650000e+02		6.3952653e+02		6.3600103e+02		8.2559262e+02		6.4066169e+02		1.1027239e+01		6.2963445e+02
4.7700000e+02		4.7800000e+02		4.7750000e+02		6.6772274e+02		6.6407324e+02		8.6198509e+02		6.6889807e+02		1.1415665e+01		6.5748240e+02
4.7800000e+02		4.7900000e+02		4.7850000e+02		6.6128260e+02		6.5769908e+02		8.5366419e+02		6.6243689e+02		1.1209778e+01		6.5122711e+02
4.7900000e+02		4.8000000e+02		4.7950000e+02		6.6320839e+02		6.5964498e+02		8.5614318e+02		6.6435641e+02		1.1147365e+01		6.5320905e+02
4.8000000e+02		4.8100000e+02		4.8050000e+02		6.6489751e+02		6.6135533e+02		8.5831667e+02		6.6603890e+02		1.1081451e+01		6.5495745e+02
4.8100000e+02		4.8200000e+02		4.8150000e+02		6.6630748e+02		6.6278783e+02		8.6012985e+02		6.6744181e+02		1.1011430e+01		6.5643038e+02
4.8200000e+02		4.8300000e+02		4.8250000e+02		6.6376999e+02		6.6029336e+02		8.5684738e+02		6.6489065e+02		1.0877318e+01		6.5401334e+02
4.8300000e+02		4.8400000e+02		4.8350000e+02		6.5373157e+02		6.5032092e+02		8.4386247e+02		6.5481054e+02		1.0622567e+01		6.4418798e+02
4.8400000e+02		4.8500000e+02		4.8450000e+02		6.4242337e+02		6.3906903e+02		8.2921946e+02		6.4344373e+02		1.0350641e+01		6.3309309e+02
4.8500000e+02		4.8600000e+02		4.8550000e+02		6.0369332e+02		6.0051939e+02		7.7916044e+02		6.0459547e+02		9.6441258e+00		5.9495135e+02
4.8600000e+02		4.8700000e+02		4.8650000e+02		5.2412565e+02		5.2143210e+02		6.7651161e+02		5.2494191e+02		8.3042955e+00		5.1663761e+02
4.8700000e+02		4.8800000e+02		4.8750000e+02		5.9966111e+02		5.9656584e+02		7.7395270e+02		6.0054765e+02		9.4210546e+00		5.9112659e+02
4.8800000e+02		4.8900000e+02		4.8850000e+02		6.3081686e+02		6.2758650e+02		8.1415688e+02		6.3174042e+02		9.8282706e+00		6.2191215e+02
4.8900000e+02		4.9000000e+02		4.8950000e+02		6.1880396e+02		6.1566857e+02		7.9865663e+02		6.1970972e+02		9.5614670e+00		6.1014825e+02
4.9000000e+02		4.9100000e+02		4.9050000e+02		6.5907671e+02		6.5579228e+02		8.5066411e+02		6.6006116e+02		1.0100299e+01		6.4996087e+02
4.9100000e+02		4.9200000e+02		4.9150000e+02		6.2110374e+02		6.1802693e+02		8.0163816e+02		6.2201661e+02		9.4396908e+00		6.1257692e+02
4.9200000e+02		4.9300000e+02		4.9250000e+02		5.9112858e+02		5.8827067e+02		7.6300455e+02		5.9203705e+02		8.9113553e+00		5.8312570e+02
4.9300000e+02		4.9400000e+02		4.9350000e+02		6.2472140e+02		6.2173286e+02		8.0636792e+02		6.2568065e+02		9.3405922e+00		6.1634006e+02
4.9400000e+02		4.9500000e+02		4.9450000e+02		6.4279699e+02		6.3975176e+02		8.2969914e+02		6.4378054e+02		9.5321865e+00		6.3424835e+02
4.9500000e+02		4.9600000e+02		4.9550000e+02		6.3133158e+02		6.2836525e+02		8.1489428e+02		6.3228979e+02		9.2855828e+00		6.2300421e+02
4.9600000e+02		4.9700000e+02		4.9650000e+02		6.3921352e+02		6.3623478e+02		8.2506220e+02		6.4017589e+02		9.3247576e+00		6.3085113e+02
4.9700000e+02		4.9800000e+02		4.9750000e+02		6.5113923e+02		6.4812975e+02		8.4044948e+02		6.5211168e+02		9.4213420e+00		6.4269033e+02
4.9800000e+02		4.9900000e+02		4.9850000e+02		5.9175801e+02		5.8903593e+02		7.6378671e+02		5.9262520e+02		8.4923138e+00		5.8413289e+02
4.9900000e+02		5.0000000e+02		4.9950000e+02		6.3385792e+02		6.3091963e+02		8.1806062e+02		6.3473260e+02		9.0215789e+00		6.2571102e+02
