Left Bin Edge (nm)	Right Bin Edge (nm)	Bin Center (nm)		Top of Atm Intensity (erg/s/nm/cm2)		Total Surface Flux (erg/s/nm/cm2)		Total Intensity at BOA (erg/s/nm/cm2)		Total Surface Intensity (erg/s/nm/cm2)		Total Surface Diffuse Intensity (erg/s/nm/cm2)		Total Surface Direct Intensity (erg/s/nm/cm2)
1.0000000e+02		1.0100000e+02		1.0050000e+02		1.9189487e-02		0.0000000e+00		0.0000000e+00		0.0000000e+00		0.0000000e+00		0.0000000e+00
1.0100000e+02		1.0200000e+02		1.0150000e+02		7.4861701e-02		0.0000000e+00		0.0000000e+00		0.0000000e+00		0.0000000e+00		0.0000000e+00
1.0200000e+02		1.0300000e+02		1.0250000e+02		3.9734366e-01		0.0000000e+00		0.0000000e+00		0.0000000e+00		0.0000000e+00		0.0000000e+00
1.0300000e+02		1.0400000e+02		1.0350000e+02		3.0179545e-01		0.0000000e+00		0.0000000e+00		0.0000000e+00		0.0000000e+00		0.0000000e+00
1.0400000e+02		1.0500000e+02		1.0450000e+02		6.0815352e-02		0.0000000e+00		0.0000000e+00		0.0000000e+00		0.0000000e+00		0.0000000e+00
1.0500000e+02		1.0600000e+02		1.0550000e+02		2.0834600e-02		0.0000000e+00		0.0000000e+00		0.0000000e+00		0.0000000e+00		0.0000000e+00
1.0600000e+02		1.0700000e+02		1.0650000e+02		1.9584792e-02		0.0000000e+00		0.0000000e+00		0.0000000e+00		0.0000000e+00		0.0000000e+00
1.0700000e+02		1.0800000e+02		1.0750000e+02		2.1853879e-02		0.0000000e+00		0.0000000e+00		0.0000000e+00		0.0000000e+00		0.0000000e+00
1.0800000e+02		1.0900000e+02		1.0850000e+02		3.0634999e-02		0.0000000e+00		0.0000000e+00		0.0000000e+00		0.0000000e+00		0.0000000e+00
1.0900000e+02		1.1000000e+02		1.0950000e+02		2.4032561e-02		0.0000000e+00		0.0000000e+00		0.0000000e+00		0.0000000e+00		0.0000000e+00
1.1000000e+02		1.1100000e+02		1.1050000e+02		2.3268893e-02		0.0000000e+00		0.0000000e+00		0.0000000e+00		0.0000000e+00		0.0000000e+00
1.1100000e+02		1.1200000e+02		1.1150000e+02		2.1871272e-02		0.0000000e+00		0.0000000e+00		0.0000000e+00		0.0000000e+00		0.0000000e+00
1.1200000e+02		1.1300000e+02		1.1250000e+02		2.2375602e-02		0.0000000e+00		0.0000000e+00		0.0000000e+00		0.0000000e+00		0.0000000e+00
1.1300000e+02		1.1400000e+02		1.1350000e+02		1.7748133e-02		0.0000000e+00		0.0000000e+00		0.0000000e+00		0.0000000e+00		0.0000000e+00
1.1400000e+02		1.1500000e+02		1.1450000e+02		1.3589480e-02		0.0000000e+00		0.0000000e+00		0.0000000e+00		0.0000000e+00		0.0000000e+00
1.1500000e+02		1.1600000e+02		1.1550000e+02		1.8751615e-02		0.0000000e+00		0.0000000e+00		0.0000000e+00		0.0000000e+00		0.0000000e+00
1.1600000e+02		1.1700000e+02		1.1650000e+02		4.3674487e-02		0.0000000e+00		0.0000000e+00		0.0000000e+00		0.0000000e+00		0.0000000e+00
1.1700000e+02		1.1800000e+02		1.1750000e+02		1.5546757e-01		0.0000000e+00		0.0000000e+00		0.0000000e+00		0.0000000e+00		0.0000000e+00
1.1800000e+02		1.1900000e+02		1.1850000e+02		5.2889236e-02		0.0000000e+00		0.0000000e+00		0.0000000e+00		0.0000000e+00		0.0000000e+00
1.1900000e+02		1.2000000e+02		1.1950000e+02		7.3692884e-02		0.0000000e+00		0.0000000e+00		0.0000000e+00		0.0000000e+00		0.0000000e+00
1.2000000e+02		1.2100000e+02		1.2050000e+02		4.0066072e-01		0.0000000e+00		0.0000000e+00		0.0000000e+00		0.0000000e+00		0.0000000e+00
1.2100000e+02		1.2200000e+02		1.2150000e+02		1.5905289e+01		0.0000000e+00		0.0000000e+00		0.0000000e+00		0.0000000e+00		0.0000000e+00
1.2200000e+02		1.2300000e+02		1.2250000e+02		1.0666543e-01		0.0000000e+00		0.0000000e+00		0.0000000e+00		0.0000000e+00		0.0000000e+00
1.2300000e+02		1.2400000e+02		1.2350000e+02		5.7456553e-02		0.0000000e+00		0.0000000e+00		0.0000000e+00		0.0000000e+00		0.0000000e+00
1.2400000e+02		1.2500000e+02		1.2450000e+02		4.6184197e-02		0.0000000e+00		0.0000000e+00		0.0000000e+00		0.0000000e+00		0.0000000e+00
1.2500000e+02		1.2600000e+02		1.2550000e+02		4.5085118e-02		0.0000000e+00		0.0000000e+00		0.0000000e+00		0.0000000e+00		0.0000000e+00
1.2600000e+02		1.2700000e+02		1.2650000e+02		6.3054464e-02		0.0000000e+00		0.0000000e+00		0.0000000e+00		0.0000000e+00		0.0000000e+00
1.2700000e+02		1.2800000e+02		1.2750000e+02		3.3006429e-02		0.0000000e+00		0.0000000e+00		0.0000000e+00		0.0000000e+00		0.0000000e+00
1.2800000e+02		1.2900000e+02		1.2850000e+02		2.6335196e-02		0.0000000e+00		0.0000000e+00		0.0000000e+00		0.0000000e+00		0.0000000e+00
1.2900000e+02		1.3000000e+02		1.2950000e+02		3.5131240e-02		0.0000000e+00		0.0000000e+00		0.0000000e+00		0.0000000e+00		0.0000000e+00
1.3000000e+02		1.3100000e+02		1.3050000e+02		2.8850634e-01		0.0000000e+00		0.0000000e+00		0.0000000e+00		0.0000000e+00		0.0000000e+00
1.3100000e+02		1.3200000e+02		1.3150000e+02		3.9064855e-02		0.0000000e+00		0.0000000e+00		0.0000000e+00		0.0000000e+00		0.0000000e+00
1.3200000e+02		1.3300000e+02		1.3250000e+02		3.0374778e-02		0.0000000e+00		0.0000000e+00		0.0000000e+00		0.0000000e+00		0.0000000e+00
1.3300000e+02		1.3400000e+02		1.3350000e+02		4.1056606e-01		0.0000000e+00		0.0000000e+00		0.0000000e+00		0.0000000e+00		0.0000000e+00
1.3400000e+02		1.3500000e+02		1.3450000e+02		2.8092500e-02		0.0000000e+00		0.0000000e+00		0.0000000e+00		0.0000000e+00		0.0000000e+00
1.3500000e+02		1.3600000e+02		1.3550000e+02		5.8954708e-02		0.0000000e+00		0.0000000e+00		0.0000000e+00		0.0000000e+00		0.0000000e+00
1.3600000e+02		1.3700000e+02		1.3650000e+02		3.8690656e-02		0.0000000e+00		0.0000000e+00		0.0000000e+00		0.0000000e+00		0.0000000e+00
1.3700000e+02		1.3800000e+02		1.3750000e+02		3.9732879e-02		0.0000000e+00		0.0000000e+00		0.0000000e+00		0.0000000e+00		0.0000000e+00
1.3800000e+02		1.3900000e+02		1.3850000e+02		4.0549866e-02		0.0000000e+00		0.0000000e+00		0.0000000e+00		0.0000000e+00		0.0000000e+00
1.3900000e+02		1.4000000e+02		1.3950000e+02		1.3692187e-01		0.0000000e+00		0.0000000e+00		0.0000000e+00		0.0000000e+00		0.0000000e+00
1.4000000e+02		1.4100000e+02		1.4050000e+02		1.1939088e-01		0.0000000e+00		0.0000000e+00		0.0000000e+00		0.0000000e+00		0.0000000e+00
1.4100000e+02		1.4200000e+02		1.4150000e+02		5.7521948e-02		0.0000000e+00		0.0000000e+00		0.0000000e+00		0.0000000e+00		0.0000000e+00
1.4200000e+02		1.4300000e+02		1.4250000e+02		6.2343151e-02		0.0000000e+00		0.0000000e+00		0.0000000e+00		0.0000000e+00		0.0000000e+00
1.4300000e+02		1.4400000e+02		1.4350000e+02		6.9165895e-02		0.0000000e+00		0.0000000e+00		0.0000000e+00		0.0000000e+00		0.0000000e+00
1.4400000e+02		1.4500000e+02		1.4450000e+02		6.6149126e-02		0.0000000e+00		0.0000000e+00		0.0000000e+00		0.0000000e+00		0.0000000e+00
1.4500000e+02		1.4600000e+02		1.4550000e+02		7.0536262e-02		0.0000000e+00		0.0000000e+00		0.0000000e+00		0.0000000e+00		0.0000000e+00
1.4600000e+02		1.4700000e+02		1.4650000e+02		8.6012655e-02		0.0000000e+00		0.0000000e+00		0.0000000e+00		0.0000000e+00		0.0000000e+00
1.4700000e+02		1.4800000e+02		1.4750000e+02		1.0610345e-01		0.0000000e+00		0.0000000e+00		0.0000000e+00		0.0000000e+00		0.0000000e+00
1.4800000e+02		1.4900000e+02		1.4850000e+02		1.0405386e-01		0.0000000e+00		0.0000000e+00		0.0000000e+00		0.0000000e+00		0.0000000e+00
1.4900000e+02		1.5000000e+02		1.4950000e+02		9.4002421e-02		0.0000000e+00		0.0000000e+00		0.0000000e+00		0.0000000e+00		0.0000000e+00
1.5000000e+02		1.5100000e+02		1.5050000e+02		1.0343288e-01		0.0000000e+00		0.0000000e+00		0.0000000e+00		0.0000000e+00		0.0000000e+00
1.5100000e+02		1.5200000e+02		1.5150000e+02		1.0875212e-01		0.0000000e+00		0.0000000e+00		0.0000000e+00		0.0000000e+00		0.0000000e+00
1.5200000e+02		1.5300000e+02		1.5250000e+02		1.3876638e-01		0.0000000e+00		0.0000000e+00		0.0000000e+00		0.0000000e+00		0.0000000e+00
1.5300000e+02		1.5400000e+02		1.5350000e+02		1.5371418e-01		0.0000000e+00		0.0000000e+00		0.0000000e+00		0.0000000e+00		0.0000000e+00
1.5400000e+02		1.5500000e+02		1.5450000e+02		4.1112511e-01		0.0000000e+00		0.0000000e+00		0.0000000e+00		0.0000000e+00		0.0000000e+00
1.5500000e+02		1.5600000e+02		1.5550000e+02		3.3836363e-01		0.0000000e+00		0.0000000e+00		0.0000000e+00		0.0000000e+00		0.0000000e+00
1.5600000e+02		1.5700000e+02		1.5650000e+02		2.0084632e-01		0.0000000e+00		0.0000000e+00		0.0000000e+00		0.0000000e+00		0.0000000e+00
1.5700000e+02		1.5800000e+02		1.5750000e+02		1.8216796e-01		0.0000000e+00		0.0000000e+00		0.0000000e+00		0.0000000e+00		0.0000000e+00
1.5800000e+02		1.5900000e+02		1.5850000e+02		1.6795176e-01		0.0000000e+00		0.0000000e+00		0.0000000e+00		0.0000000e+00		0.0000000e+00
1.5900000e+02		1.6000000e+02		1.5950000e+02		1.6379377e-01		0.0000000e+00		0.0000000e+00		0.0000000e+00		0.0000000e+00		0.0000000e+00
1.6000000e+02		1.6100000e+02		1.6050000e+02		1.7926410e-01		0.0000000e+00		0.0000000e+00		0.0000000e+00		0.0000000e+00		0.0000000e+00
1.6100000e+02		1.6200000e+02		1.6150000e+02		2.0306941e-01		0.0000000e+00		0.0000000e+00		0.0000000e+00		0.0000000e+00		0.0000000e+00
1.6200000e+02		1.6300000e+02		1.6250000e+02		2.2492895e-01		0.0000000e+00		0.0000000e+00		0.0000000e+00		0.0000000e+00		0.0000000e+00
1.6300000e+02		1.6400000e+02		1.6350000e+02		4.7671727e-01		0.0000000e+00		0.0000000e+00		0.0000000e+00		0.0000000e+00		0.0000000e+00
1.6400000e+02		1.6500000e+02		1.6450000e+02		4.8753270e-01		0.0000000e+00		0.0000000e+00		0.0000000e+00		0.0000000e+00		0.0000000e+00
1.6500000e+02		1.6600000e+02		1.6550000e+02		5.7072689e-01		0.0000000e+00		0.0000000e+00		0.0000000e+00		0.0000000e+00		0.0000000e+00
1.6600000e+02		1.6700000e+02		1.6650000e+02		2.6919628e-01		0.0000000e+00		0.0000000e+00		0.0000000e+00		0.0000000e+00		0.0000000e+00
1.6700000e+02		1.6800000e+02		1.6750000e+02		2.8728373e-01		0.0000000e+00		0.0000000e+00		0.0000000e+00		0.0000000e+00		0.0000000e+00
1.6800000e+02		1.6900000e+02		1.6850000e+02		3.0958866e-01		0.0000000e+00		0.0000000e+00		0.0000000e+00		0.0000000e+00		0.0000000e+00
1.6900000e+02		1.7000000e+02		1.6950000e+02		3.8988989e-01		0.0000000e+00		0.0000000e+00		0.0000000e+00		0.0000000e+00		0.0000000e+00
1.7000000e+02		1.7100000e+02		1.7050000e+02		4.3752516e-01		0.0000000e+00		0.0000000e+00		0.0000000e+00		0.0000000e+00		0.0000000e+00
1.7100000e+02		1.7200000e+02		1.7150000e+02		4.3618394e-01		0.0000000e+00		0.0000000e+00		0.0000000e+00		0.0000000e+00		0.0000000e+00
1.7200000e+02		1.7300000e+02		1.7250000e+02		4.5514763e-01		0.0000000e+00		0.0000000e+00		0.0000000e+00		0.0000000e+00		0.0000000e+00
1.7300000e+02		1.7400000e+02		1.7350000e+02		4.5120572e-01		0.0000000e+00		0.0000000e+00		0.0000000e+00		0.0000000e+00		0.0000000e+00
1.7400000e+02		1.7500000e+02		1.7450000e+02		5.3951828e-01		0.0000000e+00		0.0000000e+00		0.0000000e+00		0.0000000e+00		0.0000000e+00
1.7500000e+02		1.7600000e+02		1.7550000e+02		6.4389120e-01		0.0000000e+00		0.0000000e+00		0.0000000e+00		0.0000000e+00		0.0000000e+00
1.7600000e+02		1.7700000e+02		1.7650000e+02		6.9472845e-01		0.0000000e+00		0.0000000e+00		0.0000000e+00		0.0000000e+00		0.0000000e+00
1.7700000e+02		1.7800000e+02		1.7750000e+02		8.1849614e-01		0.0000000e+00		0.0000000e+00		0.0000000e+00		0.0000000e+00		0.0000000e+00
1.7800000e+02		1.7900000e+02		1.7850000e+02		8.9455089e-01		0.0000000e+00		0.0000000e+00		0.0000000e+00		0.0000000e+00		0.0000000e+00
1.7900000e+02		1.8000000e+02		1.7950000e+02		8.6966614e-01		0.0000000e+00		0.0000000e+00		0.0000000e+00		0.0000000e+00		0.0000000e+00
1.8000000e+02		1.8100000e+02		1.8050000e+02		1.0753674e+00		0.0000000e+00		0.0000000e+00		0.0000000e+00		0.0000000e+00		0.0000000e+00
1.8100000e+02		1.8200000e+02		1.8150000e+02		1.3093431e+00		0.0000000e+00		0.0000000e+00		0.0000000e+00		0.0000000e+00		0.0000000e+00
1.8200000e+02		1.8300000e+02		1.8250000e+02		1.2087370e+00		0.0000000e+00		0.0000000e+00		0.0000000e+00		0.0000000e+00		0.0000000e+00
1.8300000e+02		1.8400000e+02		1.8350000e+02		1.2728289e+00		0.0000000e+00		0.0000000e+00		0.0000000e+00		0.0000000e+00		0.0000000e+00
1.8400000e+02		1.8500000e+02		1.8450000e+02		1.0940339e+00		0.0000000e+00		0.0000000e+00		0.0000000e+00		0.0000000e+00		0.0000000e+00
1.8500000e+02		1.8600000e+02		1.8550000e+02		1.2372281e+00		0.0000000e+00		0.0000000e+00		0.0000000e+00		0.0000000e+00		0.0000000e+00
1.8600000e+02		1.8700000e+02		1.8650000e+02		1.4037992e+00		0.0000000e+00		0.0000000e+00		0.0000000e+00		0.0000000e+00		0.0000000e+00
1.8700000e+02		1.8800000e+02		1.8750000e+02		1.5907538e+00		0.0000000e+00		0.0000000e+00		0.0000000e+00		0.0000000e+00		0.0000000e+00
1.8800000e+02		1.8900000e+02		1.8850000e+02		1.6735993e+00		0.0000000e+00		0.0000000e+00		0.0000000e+00		0.0000000e+00		0.0000000e+00
1.8900000e+02		1.9000000e+02		1.8950000e+02		1.8559600e+00		0.0000000e+00		0.0000000e+00		0.0000000e+00		0.0000000e+00		0.0000000e+00
1.9000000e+02		1.9100000e+02		1.9050000e+02		1.9109940e+00		0.0000000e+00		0.0000000e+00		0.0000000e+00		0.0000000e+00		0.0000000e+00
1.9100000e+02		1.9200000e+02		1.9150000e+02		2.0707336e+00		0.0000000e+00		0.0000000e+00		0.0000000e+00		0.0000000e+00		0.0000000e+00
1.9200000e+02		1.9300000e+02		1.9250000e+02		2.1685186e+00		0.0000000e+00		0.0000000e+00		0.0000000e+00		0.0000000e+00		0.0000000e+00
1.9300000e+02		1.9400000e+02		1.9350000e+02		1.6554009e+00		0.0000000e+00		0.0000000e+00		0.0000000e+00		0.0000000e+00		0.0000000e+00
1.9400000e+02		1.9500000e+02		1.9450000e+02		2.6556632e+00		0.0000000e+00		0.0000000e+00		0.0000000e+00		0.0000000e+00		0.0000000e+00
1.9500000e+02		1.9600000e+02		1.9550000e+02		2.5630279e+00		0.0000000e+00		0.0000000e+00		0.0000000e+00		0.0000000e+00		0.0000000e+00
1.9600000e+02		1.9700000e+02		1.9650000e+02		2.8204934e+00		0.0000000e+00		0.0000000e+00		0.0000000e+00		0.0000000e+00		0.0000000e+00
1.9700000e+02		1.9800000e+02		1.9750000e+02		2.8068384e+00		0.0000000e+00		0.0000000e+00		0.0000000e+00		0.0000000e+00		0.0000000e+00
1.9800000e+02		1.9900000e+02		1.9850000e+02		2.7505577e+00		0.0000000e+00		0.0000000e+00		0.0000000e+00		0.0000000e+00		0.0000000e+00
1.9900000e+02		2.0000000e+02		1.9950000e+02		2.8965557e+00		0.0000000e+00		0.0000000e+00		0.0000000e+00		0.0000000e+00		0.0000000e+00
2.0000000e+02		2.0100000e+02		2.0050000e+02		3.0623388e+00		0.0000000e+00		0.0000000e+00		0.0000000e+00		0.0000000e+00		0.0000000e+00
2.0100000e+02		2.0200000e+02		2.0150000e+02		3.2593670e+00		0.0000000e+00		0.0000000e+00		0.0000000e+00		0.0000000e+00		0.0000000e+00
2.0200000e+02		2.0300000e+02		2.0250000e+02		3.2217937e+00		0.0000000e+00		0.0000000e+00		0.0000000e+00		0.0000000e+00		0.0000000e+00
2.0300000e+02		2.0400000e+02		2.0350000e+02		3.4484145e+00		0.0000000e+00		0.0000000e+00		0.0000000e+00		0.0000000e+00		0.0000000e+00
2.0400000e+02		2.0500000e+02		2.0450000e+02		3.7117169e+00		0.0000000e+00		0.0000000e+00		0.0000000e+00		0.0000000e+00		0.0000000e+00
2.0500000e+02		2.0600000e+02		2.0550000e+02		3.7200399e+00		0.0000000e+00		0.0000000e+00		0.0000000e+00		0.0000000e+00		0.0000000e+00
2.0600000e+02		2.0700000e+02		2.0650000e+02		3.7247532e+00		0.0000000e+00		0.0000000e+00		0.0000000e+00		0.0000000e+00		0.0000000e+00
2.0700000e+02		2.0800000e+02		2.0750000e+02		4.0454145e+00		0.0000000e+00		0.0000000e+00		0.0000000e+00		0.0000000e+00		0.0000000e+00
2.0800000e+02		2.0900000e+02		2.0850000e+02		4.3759554e+00		0.0000000e+00		0.0000000e+00		0.0000000e+00		0.0000000e+00		0.0000000e+00
2.0900000e+02		2.1000000e+02		2.0950000e+02		5.6528678e+00		0.0000000e+00		0.0000000e+00		0.0000000e+00		0.0000000e+00		0.0000000e+00
2.1000000e+02		2.1100000e+02		2.1050000e+02		6.9678423e+00		0.0000000e+00		0.0000000e+00		0.0000000e+00		0.0000000e+00		0.0000000e+00
2.1100000e+02		2.1200000e+02		2.1150000e+02		7.9326445e+00		0.0000000e+00		0.0000000e+00		0.0000000e+00		0.0000000e+00		0.0000000e+00
2.1200000e+02		2.1300000e+02		2.1250000e+02		7.0734222e+00		0.0000000e+00		0.0000000e+00		0.0000000e+00		0.0000000e+00		0.0000000e+00
2.1300000e+02		2.1400000e+02		2.1350000e+02		7.2066449e+00		0.0000000e+00		0.0000000e+00		0.0000000e+00		0.0000000e+00		0.0000000e+00
2.1400000e+02		2.1500000e+02		2.1450000e+02		9.2279181e+00		0.0000000e+00		0.0000000e+00		0.0000000e+00		0.0000000e+00		0.0000000e+00
2.1500000e+02		2.1600000e+02		2.1550000e+02		7.9257408e+00		0.0000000e+00		0.0000000e+00		0.0000000e+00		0.0000000e+00		0.0000000e+00
2.1600000e+02		2.1700000e+02		2.1650000e+02		7.3353469e+00		0.0000000e+00		0.0000000e+00		0.0000000e+00		0.0000000e+00		0.0000000e+00
2.1700000e+02		2.1800000e+02		2.1750000e+02		7.5953881e+00		0.0000000e+00		0.0000000e+00		0.0000000e+00		0.0000000e+00		0.0000000e+00
2.1800000e+02		2.1900000e+02		2.1850000e+02		1.0217230e+01		0.0000000e+00		0.0000000e+00		0.0000000e+00		0.0000000e+00		0.0000000e+00
2.1900000e+02		2.2000000e+02		2.1950000e+02		1.0786519e+01		0.0000000e+00		0.0000000e+00		0.0000000e+00		0.0000000e+00		0.0000000e+00
2.2000000e+02		2.2100000e+02		2.2050000e+02		1.0851638e+01		0.0000000e+00		0.0000000e+00		0.0000000e+00		0.0000000e+00		0.0000000e+00
2.2100000e+02		2.2200000e+02		2.2150000e+02		8.6872371e+00		0.0000000e+00		0.0000000e+00		0.0000000e+00		0.0000000e+00		0.0000000e+00
2.2200000e+02		2.2300000e+02		2.2250000e+02		1.1691346e+01		0.0000000e+00		0.0000000e+00		0.0000000e+00		0.0000000e+00		0.0000000e+00
2.2300000e+02		2.2400000e+02		2.2350000e+02		1.5139682e+01		1.8207417e-299		0.0000000e+00		1.8212743e-299		1.2601684e-302		1.8200142e-299
2.2400000e+02		2.2500000e+02		2.2450000e+02		1.4154944e+01		6.5410380e-270		0.0000000e+00		6.5431191e-270		4.9239083e-273		6.5381952e-270
2.2500000e+02		2.2600000e+02		2.2550000e+02		1.2365614e+01		2.1104735e-242		0.0000000e+00		2.1112066e-242		1.7345332e-245		2.1094720e-242
2.2600000e+02		2.2700000e+02		2.2650000e+02		9.0577089e+00		2.2457927e-217		0.0000000e+00		2.2466461e-217		2.0191478e-220		2.2446270e-217
2.2700000e+02		2.2800000e+02		2.2750000e+02		8.8108381e+00		1.9401037e-193		0.0000000e+00		1.9409161e-193		1.9221289e-196		1.9389939e-193
2.2800000e+02		2.2900000e+02		2.2850000e+02		1.2275156e+01		2.6353896e-172		0.0000000e+00		2.6366035e-172		2.8720502e-175		2.6337314e-172
2.2900000e+02		2.3000000e+02		2.2950000e+02		1.1031259e+01		9.0116339e-153		0.0000000e+00		9.0162261e-153		1.0865213e-155		9.0053609e-153
2.3000000e+02		2.3100000e+02		2.3050000e+02		1.2510180e+01		4.0121845e-134		0.0000000e+00		4.0144674e-134		5.4015512e-137		4.0090659e-134
2.3100000e+02		2.3200000e+02		2.3150000e+02		1.1791833e+01		1.9798886e-117		0.0000000e+00		1.9811508e-117		2.9863491e-120		1.9781644e-117
2.3200000e+02		2.3300000e+02		2.3250000e+02		1.2664003e+01		4.8172057e-103		0.0000000e+00		4.8206372e-103		8.1190014e-106		4.8125182e-103
2.3300000e+02		2.3400000e+02		2.3350000e+02		1.1428554e+01		2.9398330e-90		9.2965625e-87		2.9421791e-90		5.5508713e-93		2.9366282e-90
2.3400000e+02		2.3500000e+02		2.3450000e+02		9.9864853e+00		7.9483643e-79		9.1927094e-76		7.9554938e-79		1.6868564e-81		7.9386253e-79
2.3500000e+02		2.3600000e+02		2.3550000e+02		1.3443360e+01		2.2323341e-68		1.0462329e-65		2.2345943e-68		5.3478081e-71		2.2292465e-68
2.3600000e+02		2.3700000e+02		2.3650000e+02		1.2448020e+01		4.6062591e-59		9.5250281e-57		4.6115575e-59		1.2536178e-61		4.5990213e-59
2.3700000e+02		2.3800000e+02		2.3750000e+02		1.3294723e+01		8.6822415e-51		8.7233512e-49		8.6936260e-51		2.6936130e-53		8.6666899e-51
2.3800000e+02		2.3900000e+02		2.3850000e+02		1.1021422e+01		1.2833259e-43		6.8357969e-42		1.2852509e-43		4.5545960e-46		1.2806963e-43
2.3900000e+02		2.4000000e+02		2.3950000e+02		1.2008577e+01		2.8417488e-37		8.7159548e-36		2.8466366e-37		1.1564693e-39		2.8350719e-37
2.4000000e+02		2.4100000e+02		2.4050000e+02		1.1032163e+01		9.2765975e-32		1.7507048e-30		9.2949806e-32		4.3494892e-34		9.2514857e-32
2.4100000e+02		2.4200000e+02		2.4150000e+02		1.2918879e+01		6.2947590e-27		7.8318930e-26		6.3091492e-27		3.4047693e-29		6.2751016e-27
2.4200000e+02		2.4300000e+02		2.4250000e+02		1.7782729e+01		1.4206072e-22		1.2226651e-21		1.4243801e-22		8.9267643e-25		1.4154534e-22
2.4300000e+02		2.4400000e+02		2.4350000e+02		1.6701989e+01		5.2617525e-19		3.3073240e-18		5.2780161e-19		3.8480129e-21		5.2395360e-19
2.4400000e+02		2.4500000e+02		2.4450000e+02		1.5641720e+01		5.7942060e-16		2.7854198e-15		5.8150965e-16		4.9427626e-18		5.7656689e-16
2.4500000e+02		2.4600000e+02		2.4550000e+02		1.2691134e+01		2.4349832e-13		9.2383199e-13		2.4453212e-13		2.4459992e-15		2.4208612e-13
2.4600000e+02		2.4700000e+02		2.4650000e+02		1.2350906e+01		4.6036135e-11		1.4314161e-10		4.6266798e-11		5.4575259e-13		4.5721045e-11
2.4700000e+02		2.4800000e+02		2.4750000e+02		1.3639226e+01		4.9466693e-09		1.2951189e-08		4.9761806e-09		6.9824561e-11		4.9063560e-09
2.4800000e+02		2.4900000e+02		2.4850000e+02		1.0938846e+01		2.0124262e-07		4.5537058e-07		2.0268427e-07		3.4110017e-09		1.9927327e-07
2.4900000e+02		2.5000000e+02		2.4950000e+02		1.3333262e+01		6.4099070e-06		1.2878134e-05		6.4652386e-06		1.3091598e-07		6.3343226e-06
2.5000000e+02		2.5100000e+02		2.5050000e+02		1.4401571e+01		1.0039264e-04		1.8350901e-04		1.0143790e-04		2.4731121e-06		9.8964787e-05
2.5100000e+02		2.5200000e+02		2.5150000e+02		1.2007424e+01		7.1129323e-04		1.2093752e-03		7.2018443e-04		2.1036807e-05		6.9914762e-04
2.5200000e+02		2.5300000e+02		2.5250000e+02		1.0794009e+01		3.7639179e-03		6.0474267e-03		3.8204646e-03		1.3379099e-04		3.6866736e-03
2.5300000e+02		2.5400000e+02		2.5350000e+02		1.3602371e+01		2.0446992e-02		3.1458689e-02		2.0815568e-02		8.7205829e-04		1.9943509e-02
2.5400000e+02		2.5500000e+02		2.5450000e+02		1.5384114e+01		7.6929675e-02		1.1456656e-01		7.8585335e-02		3.9173349e-03		7.4668000e-02
2.5500000e+02		2.5600000e+02		2.5550000e+02		2.0992062e+01		2.8314966e-01		4.1160808e-01		2.9036971e-01		1.7082810e-02		2.7328690e-01
2.5600000e+02		2.5700000e+02		2.5650000e+02		2.7040612e+01		8.3461331e-01		1.1918636e+00		8.5960485e-01		5.9130636e-02		8.0047422e-01
2.5700000e+02		2.5800000e+02		2.5750000e+02		3.3946512e+01		2.0799367e+00		2.9326173e+00		2.1521622e+00		1.7088747e-01		1.9812747e+00
2.5800000e+02		2.5900000e+02		2.5850000e+02		3.5732434e+01		3.8913690e+00		5.4373957e+00		4.0462383e+00		3.6642466e-01		3.6798136e+00
2.5900000e+02		2.6000000e+02		2.5950000e+02		3.0409976e+01		7.4110869e-01		1.0617209e+00		7.6109456e-01		4.7287076e-02		7.1380749e-01
2.6000000e+02		2.6100000e+02		2.6050000e+02		2.4915606e+01		1.6259883e-01		2.3996786e-01		1.6590837e-01		7.8304441e-03		1.5807792e-01
2.6100000e+02		2.6200000e+02		2.6150000e+02		2.5442742e+01		2.1989649e-01		3.2217275e-01		2.2453283e-01		1.0969695e-02		2.1356313e-01
2.6200000e+02		2.6300000e+02		2.6250000e+02		3.0366547e+01		3.9268574e-01		5.6965212e-01		4.0149263e-01		2.0837336e-02		3.8065530e-01
2.6300000e+02		2.6400000e+02		2.6350000e+02		4.5700096e+01		5.3924493e-01		7.8361574e-01		5.5092183e-01		2.7627835e-02		5.2329399e-01
2.6400000e+02		2.6500000e+02		2.6450000e+02		7.1249372e+01		1.9721846e+00		2.8115610e+00		2.0224710e+00		1.1897899e-01		1.9034920e+00
2.6500000e+02		2.6600000e+02		2.6550000e+02		7.4731454e+01		2.3151343e+00		3.2914980e+00		2.3746935e+00		1.4091862e-01		2.2337749e+00
2.6600000e+02		2.6700000e+02		2.6650000e+02		7.2446611e+01		2.2287211e+00		3.1677099e+00		2.2850247e+00		1.3321591e-01		2.1518088e+00
2.6700000e+02		2.6800000e+02		2.6750000e+02		7.2937204e+01		3.6038367e+00		5.0733965e+00		3.7040466e+00		2.3709908e-01		3.4669475e+00
2.6800000e+02		2.6900000e+02		2.6850000e+02		7.2239021e+01		5.1912070e+00		7.2570527e+00		5.3473662e+00		3.6947667e-01		4.9778895e+00
2.6900000e+02		2.7000000e+02		2.6950000e+02		6.7758000e+01		4.2226605e+00		5.9145364e+00		4.3431070e+00		2.8497957e-01		4.0581274e+00
2.7000000e+02		2.7100000e+02		2.7050000e+02		7.8281462e+01		5.5339767e+00		7.7309461e+00		5.6944205e+00		3.7961403e-01		5.3148065e+00
2.7100000e+02		2.7200000e+02		2.7150000e+02		6.5051220e+01		3.6457177e+00		5.1114326e+00		3.7437146e+00		2.3186330e-01		3.5118513e+00
2.7200000e+02		2.7300000e+02		2.7250000e+02		5.2331568e+01		5.0113010e+00		6.9599152e+00		5.1638823e+00		3.6101118e-01		4.8028711e+00
2.7300000e+02		2.7400000e+02		2.7350000e+02		5.5800645e+01		5.7670802e+00		7.9963978e+00		5.9435655e+00		4.1756871e-01		5.5259968e+00
2.7400000e+02		2.7500000e+02		2.7450000e+02		3.8398649e+01		4.2135953e+00		5.8343577e+00		4.3426459e+00		3.0533706e-01		4.0373089e+00
2.7500000e+02		2.7600000e+02		2.7550000e+02		5.1208696e+01		3.9811577e+00		5.5402939e+00		4.0903812e+00		2.5842575e-01		3.8319555e+00
2.7600000e+02		2.7700000e+02		2.7650000e+02		7.1318275e+01		6.4153308e+00		8.9023927e+00		6.5954940e+00		4.2627072e-01		6.1692233e+00
2.7700000e+02		2.7800000e+02		2.7750000e+02		6.8188493e+01		8.7726703e+00		1.2101799e+01		9.0408148e+00		6.3443673e-01		8.4063781e+00
2.7800000e+02		2.7900000e+02		2.7850000e+02		4.7024496e+01		6.4792536e+00		8.9252403e+00		6.6781591e+00		4.7061540e-01		6.2075437e+00
2.7900000e+02		2.8000000e+02		2.7950000e+02		2.6422560e+01		2.9963975e+00		4.1374924e+00		3.0820092e+00		2.0255947e-01		2.8794497e+00
2.8000000e+02		2.8100000e+02		2.8050000e+02		2.8982131e+01		2.7126020e+00		3.7554286e+00		2.7849343e+00		1.7113995e-01		2.6137943e+00
2.8100000e+02		2.8200000e+02		2.8150000e+02		6.0033324e+01		6.7064187e+00		9.2546398e+00		6.8913860e+00		4.3763743e-01		6.4537486e+00
2.8200000e+02		2.8300000e+02		2.8250000e+02		8.1733762e+01		1.0230691e+01		1.4087654e+01		1.0517722e+01		6.7912190e-01		9.8386002e+00
2.8300000e+02		2.8400000e+02		2.8350000e+02		8.4433091e+01		1.1311133e+01		1.5553220e+01		1.1629869e+01		7.5413877e-01		1.0875730e+01
2.8400000e+02		2.8500000e+02		2.8450000e+02		6.2255376e+01		9.9894097e+00		1.3694833e+01		1.0281933e+01		6.9211734e-01		9.5898156e+00
2.8500000e+02		2.8600000e+02		2.8550000e+02		4.0018063e+01		6.0705381e+00		8.3253220e+00		6.2426795e+00		4.0729092e-01		5.8353886e+00
2.8600000e+02		2.8700000e+02		2.8650000e+02		8.2001717e+01		1.3933726e+01		1.9071167e+01		1.4336522e+01		9.5302450e-01		1.3383497e+01
2.8700000e+02		2.8800000e+02		2.8750000e+02		9.5189148e+01		1.4543157e+01		1.9926672e+01		1.4944123e+01		9.4869407e-01		1.3995429e+01
2.8800000e+02		2.8900000e+02		2.8850000e+02		9.0460934e+01		1.3485339e+01		1.8476532e+01		1.3848905e+01		8.6020587e-01		1.2988699e+01
2.8900000e+02		2.9000000e+02		2.8950000e+02		1.3728321e+02		1.6943293e+01		2.3272021e+01		1.7369029e+01		1.0073028e+00		1.6361726e+01
2.9000000e+02		2.9100000e+02		2.9050000e+02		1.8023325e+02		1.8622780e+01		2.5643536e+01		1.9061124e+01		1.0371331e+00		1.8023991e+01
2.9100000e+02		2.9200000e+02		2.9150000e+02		1.7359450e+02		1.8583036e+01		2.5564955e+01		1.9018281e+01		1.0298009e+00		1.7988480e+01
2.9200000e+02		2.9300000e+02		2.9250000e+02		1.5421676e+02		2.0373182e+01		2.7923203e+01		2.0872539e+01		1.1814898e+00		1.9691049e+01
2.9300000e+02		2.9400000e+02		2.9350000e+02		1.6099986e+02		2.9206998e+01		3.9829590e+01		2.9983171e+01		1.8364449e+00		2.8146726e+01
2.9400000e+02		2.9500000e+02		2.9450000e+02		1.4991794e+02		1.4250775e+01		1.9625391e+01		1.4559726e+01		7.3098569e-01		1.3828740e+01
2.9500000e+02		2.9600000e+02		2.9550000e+02		1.6232431e+02		2.6185793e+01		3.5743703e+01		2.6837621e+01		1.5422418e+00		2.5295379e+01
2.9600000e+02		2.9700000e+02		2.9650000e+02		1.4851381e+02		3.3754647e+01		4.5842307e+01		3.4677296e+01		2.1830096e+00		3.2494286e+01
2.9700000e+02		2.9800000e+02		2.9750000e+02		1.5140866e+02		2.7575296e+01		3.7548230e+01		2.8267417e+01		1.6375774e+00		2.6629840e+01
2.9800000e+02		2.9900000e+02		2.9850000e+02		1.3012850e+02		2.0851953e+01		2.8436822e+01		2.1347893e+01		1.1734062e+00		2.0174487e+01
2.9900000e+02		3.0000000e+02		2.9950000e+02		1.4682541e+02		2.1040669e+01		2.8734217e+01		2.1517672e+01		1.1286014e+00		2.0389071e+01
3.0000000e+02		3.0100000e+02		3.0050000e+02		1.1681452e+02		2.0665807e+01		2.8123173e+01		2.1158121e+01		1.1648273e+00		1.9993294e+01
3.0100000e+02		3.0200000e+02		3.0150000e+02		1.3434477e+02		2.2328276e+01		3.0403950e+01		2.2842661e+01		1.2170482e+00		2.1625613e+01
3.0200000e+02		3.0300000e+02		3.0250000e+02		1.4142283e+02		2.6987292e+01		3.6661795e+01		2.7627096e+01		1.5137936e+00		2.6113303e+01
3.0300000e+02		3.0400000e+02		3.0350000e+02		1.8342160e+02		2.5009893e+01		3.4140583e+01		2.5537622e+01		1.2486211e+00		2.4289001e+01
3.0400000e+02		3.0500000e+02		3.0450000e+02		1.7556728e+02		3.7682234e+01		5.1073392e+01		3.8583904e+01		2.1333732e+00		3.6450531e+01
3.0500000e+02		3.0600000e+02		3.0550000e+02		1.7728071e+02		4.3651014e+01		5.9035595e+01		4.4728544e+01		2.5494644e+00		4.2179080e+01
3.0600000e+02		3.0700000e+02		3.0650000e+02		1.6814926e+02		4.7600255e+01		6.4243054e+01		4.8815365e+01		2.8749826e+00		4.5940383e+01
3.0700000e+02		3.0800000e+02		3.0750000e+02		1.8878816e+02		3.5019776e+01		4.7520585e+01		3.5786768e+01		1.8147227e+00		3.3972045e+01
3.0800000e+02		3.0900000e+02		3.0850000e+02		1.8529086e+02		3.8605058e+01		5.2281565e+01		3.9470225e+01		2.0470074e+00		3.7423218e+01
3.0900000e+02		3.1000000e+02		3.0950000e+02		1.5026991e+02		4.0908733e+01		5.5185100e+01		4.1896959e+01		2.3381674e+00		3.9558792e+01
3.1000000e+02		3.1100000e+02		3.1050000e+02		1.8913229e+02		4.1318458e+01		5.5885776e+01		4.2233096e+01		2.1640553e+00		4.0069040e+01
3.1100000e+02		3.1200000e+02		3.1150000e+02		2.2495083e+02		5.6634913e+01		7.6430517e+01		5.7930936e+01		3.0664220e+00		5.4864514e+01
3.1200000e+02		3.1300000e+02		3.1250000e+02		2.0030306e+02		3.5260537e+01		4.7818884e+01		3.5969612e+01		1.6776912e+00		3.4291921e+01
3.1300000e+02		3.1400000e+02		3.1350000e+02		2.1331645e+02		6.3219359e+01		8.5086829e+01		6.4708351e+01		3.5229927e+00		6.1185359e+01
3.1400000e+02		3.1500000e+02		3.1450000e+02		2.0119548e+02		4.6294832e+01		6.2500157e+01		4.7281698e+01		2.3349492e+00		4.4946749e+01
3.1500000e+02		3.1600000e+02		3.1550000e+02		1.9522773e+02		3.4750183e+01		4.7082117e+01		3.5423353e+01		1.5927355e+00		3.3830617e+01
3.1600000e+02		3.1700000e+02		3.1650000e+02		1.9043254e+02		2.6930951e+01		3.6616262e+01		2.7410922e+01		1.1356235e+00		2.6275298e+01
3.1700000e+02		3.1800000e+02		3.1750000e+02		2.4155434e+02		4.2716538e+01		5.7852812e+01		4.3520374e+01		1.9018970e+00		4.1618477e+01
3.1800000e+02		3.1900000e+02		3.1850000e+02		1.9952276e+02		3.2494180e+01		4.4056058e+01		3.3082399e+01		1.3917399e+00		3.1690659e+01
3.1900000e+02		3.2000000e+02		3.1950000e+02		2.1430874e+02		2.9829473e+01		4.0540465e+01		3.0337723e+01		1.2025317e+00		2.9135191e+01
3.2000000e+02		3.2100000e+02		3.2050000e+02		2.4621307e+02		4.7502456e+01		6.4200436e+01		4.8384988e+01		2.0880922e+00		4.6296896e+01
3.2100000e+02		3.2200000e+02		3.2150000e+02		2.0677326e+02		1.2163842e+01		1.6798486e+01		1.2323254e+01		3.7717351e-01		1.1946080e+01
3.2200000e+02		3.2300000e+02		3.2250000e+02		2.0765168e+02		4.3203474e+01		5.8294964e+01		4.4004214e+01		1.8945701e+00		4.2109644e+01
3.2300000e+02		3.2400000e+02		3.2350000e+02		2.0066974e+02		2.9968848e+01		4.0645713e+01		3.0463371e+01		1.1700529e+00		2.9293318e+01
3.2400000e+02		3.2500000e+02		3.2450000e+02		2.3629853e+02		3.5456494e+01		4.8074486e+01		3.6034750e+01		1.3681683e+00		3.4666582e+01
3.2500000e+02		3.2600000e+02		3.2550000e+02		2.7209498e+02		4.4067176e+00		6.2649083e+00		4.4474609e+00		9.6399605e-02		4.3510613e+00
3.2600000e+02		3.2700000e+02		3.2650000e+02		3.0699214e+02		5.8795683e+01		7.9365365e+01		5.9802775e+01		2.3828057e+00		5.7419970e+01
3.2700000e+02		3.2800000e+02		3.2750000e+02		2.9701525e+02		4.8724381e+01		6.5923854e+01		4.9509458e+01		1.8575119e+00		4.7651946e+01
3.2800000e+02		3.2900000e+02		3.2850000e+02		2.8673370e+02		4.0193878e+01		5.4518510e+01		4.0803608e+01		1.4426355e+00		3.9360972e+01
3.2900000e+02		3.3000000e+02		3.2950000e+02		3.3379807e+02		2.9566284e+01		4.0439751e+01		2.9954917e+01		9.1951618e-01		2.9035401e+01
3.3000000e+02		3.3100000e+02		3.3050000e+02		3.1443449e+02		9.8901036e+00		1.3828744e+01		9.9891648e+00		2.3438120e-01		9.7547836e+00
3.3100000e+02		3.3200000e+02		3.3150000e+02		3.0087994e+02		9.8187985e+01		1.3136678e+02		1.0007569e+02		4.4663653e+00		9.5609328e+01
3.3200000e+02		3.3300000e+02		3.3250000e+02		2.9519831e+02		7.7572193e+01		1.0407355e+02		7.8936610e+01		3.2282459e+00		7.5708364e+01
3.3300000e+02		3.3400000e+02		3.3350000e+02		2.8364288e+02		6.1811653e+01		8.3146528e+01		6.2820171e+01		2.3861776e+00		6.0433993e+01
3.3400000e+02		3.3500000e+02		3.3450000e+02		2.9883003e+02		4.9888406e+01		6.7388262e+01		5.0627174e+01		1.7479454e+00		4.8879229e+01
3.3500000e+02		3.3600000e+02		3.3550000e+02		2.9511053e+02		5.0837241e+01		6.8620935e+01		5.1587816e+01		1.7758792e+00		4.9811937e+01
3.3600000e+02		3.3700000e+02		3.3650000e+02		2.4313126e+02		4.0567735e+01		5.4779005e+01		4.1153395e+01		1.3856859e+00		3.9767709e+01
3.3700000e+02		3.3800000e+02		3.3750000e+02		2.5649874e+02		5.0385789e+01		6.7838419e+01		5.1141702e+01		1.7885114e+00		4.9353191e+01
3.3800000e+02		3.3900000e+02		3.3850000e+02		2.7748673e+02		7.3086513e+01		9.7933322e+01		7.4279211e+01		2.8219530e+00		7.1457258e+01
3.3900000e+02		3.4000000e+02		3.3950000e+02		2.9040264e+02		5.9080939e+01		7.9471419e+01		5.9955148e+01		2.0684006e+00		5.7886747e+01
3.4000000e+02		3.4100000e+02		3.4050000e+02		3.0654056e+02		3.9721958e+01		5.3843085e+01		4.0227645e+01		1.1964685e+00		3.9031177e+01
3.4100000e+02		3.4200000e+02		3.4150000e+02		2.7979685e+02		4.1638260e+00		5.9215214e+00		4.1946840e+00		7.3010721e-02		4.1216732e+00
3.4200000e+02		3.4300000e+02		3.4250000e+02		3.0344565e+02		3.3791471e+01		4.5921007e+01		3.4193207e+01		9.5051897e-01		3.3242688e+01
3.4300000e+02		3.4400000e+02		3.4350000e+02		2.9822260e+02		1.1260422e+01		1.5653546e+01		1.1360352e+01		2.3643612e-01		1.1123916e+01
3.4400000e+02		3.4500000e+02		3.4450000e+02		2.3986676e+02		2.6523495e+01		3.6038753e+01		2.6830540e+01		7.2647769e-01		2.6104063e+01
3.4500000e+02		3.4600000e+02		3.4550000e+02		2.8907088e+02		2.0004524e+01		2.7434933e+01		2.0205894e+01		4.7644680e-01		1.9729447e+01
3.4600000e+02		3.4700000e+02		3.4650000e+02		2.8069735e+02		1.5021847e+01		2.0712837e+01		1.5161723e+01		3.3095013e-01		1.4830773e+01
3.4700000e+02		3.4800000e+02		3.4750000e+02		2.7782009e+02		8.2275342e+00		1.1497432e+01		8.2932503e+00		1.5548592e-01		8.1377644e+00
3.4800000e+02		3.4900000e+02		3.4850000e+02		2.8744416e+02		9.4756938e+01		1.2632570e+02		9.6237028e+01		3.5019290e+00		9.2735099e+01
3.4900000e+02		3.5000000e+02		3.4950000e+02		2.7550877e+02		9.8034729e+01		1.3053391e+02		9.9590910e+01		3.6819648e+00		9.5908946e+01
3.5000000e+02		3.5100000e+02		3.5050000e+02		3.3002358e+02		6.2052197e+01		8.3430579e+01		6.2834812e+01		1.8516872e+00		6.0983125e+01
3.5100000e+02		3.5200000e+02		3.5150000e+02		3.0660572e+02		6.5952835e+01		8.8461094e+01		6.6810902e+01		2.0302068e+00		6.4780695e+01
3.5200000e+02		3.5300000e+02		3.5250000e+02		2.8324198e+02		5.4910887e+01		7.3768922e+01		5.5593601e+01		1.6153195e+00		5.3978282e+01
3.5300000e+02		3.5400000e+02		3.5350000e+02		3.2405327e+02		1.3025038e+02		1.7302524e+02		1.3231502e+02		4.8849891e+00		1.2743003e+02
3.5400000e+02		3.5500000e+02		3.5450000e+02		3.4586270e+02		1.1259104e+02		1.4997666e+02		1.1422023e+02		3.8547184e+00		1.1036552e+02
3.5500000e+02		3.5600000e+02		3.5550000e+02		3.2478382e+02		1.0342846e+02		1.3779389e+02		1.0489570e+02		3.4715404e+00		1.0142416e+02
3.5600000e+02		3.5700000e+02		3.5650000e+02		2.8234357e+02		6.6390235e+01		8.8852849e+01		6.7228290e+01		1.9828575e+00		6.5245432e+01
3.5700000e+02		3.5800000e+02		3.5750000e+02		2.4674321e+02		4.0680408e+01		5.4769848e+01		4.1133569e+01		1.0721891e+00		4.0061380e+01
3.5800000e+02		3.5900000e+02		3.5850000e+02		2.1181106e+02		5.0866996e+01		6.8034946e+01		5.1498587e+01		1.4943621e+00		5.0004225e+01
3.5900000e+02		3.6000000e+02		3.5950000e+02		3.0582840e+02		4.5737915e+01		6.1673215e+01		4.6221075e+01		1.1431677e+00		4.5077907e+01
3.6000000e+02		3.6100000e+02		3.6050000e+02		3.0178862e+02		5.7341275e+01		7.6977887e+01		5.7985830e+01		1.5250341e+00		5.6460796e+01
3.6100000e+02		3.6200000e+02		3.6150000e+02		2.8033735e+02		1.1550517e+01		1.5995877e+01		1.1634888e+01		1.9962430e-01		1.1435264e+01
3.6200000e+02		3.6300000e+02		3.6250000e+02		3.1645921e+02		2.4386192e+00		3.5228425e+00		2.4509768e+00		2.9238440e-02		2.4217384e+00
3.6300000e+02		3.6400000e+02		3.6350000e+02		3.0810145e+02		5.5564179e+00		7.8488730e+00		5.5893500e+00		7.7918169e-02		5.5114319e+00
3.6400000e+02		3.6500000e+02		3.6450000e+02		3.2221950e+02		4.9733447e-02		8.0938842e-02		4.9873335e-02		3.3097944e-04		4.9542356e-02
3.6500000e+02		3.6600000e+02		3.6550000e+02		3.6674574e+02		3.5396683e-01		5.4320386e-01		3.5520627e-01		2.9325440e-03		3.5227373e-01
3.6600000e+02		3.6700000e+02		3.6650000e+02		3.9198946e+02		3.3192066e-03		5.9659644e-03		3.3260675e-03		1.6233061e-05		3.3098344e-03
3.6700000e+02		3.6800000e+02		3.6750000e+02		3.7850004e+02		4.6659372e-03		8.2764445e-03		4.6757892e-03		2.3310244e-05		4.6524790e-03
3.6800000e+02		3.6900000e+02		3.6850000e+02		3.4895620e+02		1.8225198e-07		4.6789227e-07		1.8245302e-07		4.7567402e-10		1.8197735e-07
3.6900000e+02		3.7000000e+02		3.6950000e+02		3.8736224e+02		8.9338793e-06		1.9905192e-05		8.9457253e-06		2.8027951e-08		8.9176973e-06
3.7000000e+02		3.7100000e+02		3.7050000e+02		3.6351013e+02		3.3483034e+02		4.3980181e+02		3.4132626e+02		1.5369511e+01		3.2595675e+02
3.7100000e+02		3.7200000e+02		3.7150000e+02		3.7529261e+02		3.6964321e+02		4.8527052e+02		3.7704258e+02		1.7507093e+01		3.5953549e+02
3.7200000e+02		3.7300000e+02		3.7250000e+02		3.1177186e+02		3.0713044e+02		4.0312441e+02		3.1321059e+02		1.4385790e+01		2.9882480e+02
3.7300000e+02		3.7400000e+02		3.7350000e+02		2.7192112e+02		2.6791751e+02		3.5158760e+02		2.7316299e+02		1.2410944e+01		2.6075204e+02
3.7400000e+02		3.7500000e+02		3.7450000e+02		2.7832167e+02		2.7426878e+02		3.5985389e+02		2.7957967e+02		1.2565688e+01		2.6701398e+02
3.7500000e+02		3.7600000e+02		3.7550000e+02		3.1876744e+02		3.1417638e+02		4.1213723e+02		3.2019342e+02		1.4236486e+01		3.0595694e+02
3.7600000e+02		3.7700000e+02		3.7650000e+02		3.3048657e+02		3.2577866e+02		4.2727801e+02		3.3194980e+02		1.4601061e+01		3.1734874e+02
3.7700000e+02		3.7800000e+02		3.7750000e+02		3.8770864e+02		3.8224569e+02		5.0124631e+02		3.8940762e+02		1.6945327e+01		3.7246230e+02
3.7800000e+02		3.7900000e+02		3.7850000e+02		4.0380398e+02		3.9817599e+02		5.2204196e+02		4.0555540e+02		1.7459869e+01		3.8809553e+02
3.7900000e+02		3.8000000e+02		3.7950000e+02		3.2744385e+02		3.2292952e+02		4.2331230e+02		3.2884957e+02		1.4007002e+01		3.1484257e+02
3.8000000e+02		3.8100000e+02		3.8050000e+02		3.5656330e+02		3.5170057e+02		4.6094600e+02		3.5807844e+02		1.5090196e+01		3.4298825e+02
3.8100000e+02		3.8200000e+02		3.8150000e+02		3.2019140e+02		3.1587172e+02		4.1391634e+02		3.2153816e+02		1.3406941e+01		3.0813121e+02
3.8200000e+02		3.8300000e+02		3.8250000e+02		2.2964197e+02		2.2657714e+02		2.9685460e+02		2.3059807e+02		9.5136019e+00		2.2108446e+02
3.8300000e+02		3.8400000e+02		3.8350000e+02		2.0267593e+02		1.9999996e+02		2.6198983e+02		2.0351121e+02		8.3077105e+00		1.9520350e+02
3.8400000e+02		3.8500000e+02		3.8450000e+02		2.7111947e+02		2.6757805e+02		3.5045546e+02		2.7222553e+02		1.0996060e+01		2.6122947e+02
3.8500000e+02		3.8600000e+02		3.8550000e+02		2.8715912e+02		2.8344814e+02		3.7118013e+02		2.8831881e+02		1.1524124e+01		2.7679468e+02
3.8600000e+02		3.8700000e+02		3.8650000e+02		2.8837692e+02		2.8468979e+02		3.7274575e+02		2.8952980e+02		1.1451605e+01		2.7807820e+02
3.8700000e+02		3.8800000e+02		3.8750000e+02		2.8805300e+02		2.8440902e+02		3.7231868e+02		2.8919302e+02		1.1319062e+01		2.7787396e+02
3.8800000e+02		3.8900000e+02		3.8850000e+02		2.9209390e+02		2.8843785e+02		3.7753328e+02		2.9323833e+02		1.1358062e+01		2.8188027e+02
3.8900000e+02		3.9000000e+02		3.8950000e+02		3.5069332e+02		3.4635005e+02		4.5326345e+02		3.5205360e+02		1.3494737e+01		3.3855886e+02
3.9000000e+02		3.9100000e+02		3.9050000e+02		3.6838836e+02		3.6387389e+02		4.7612355e+02		3.6980301e+02		1.4028443e+01		3.5577457e+02
3.9100000e+02		3.9200000e+02		3.9150000e+02		3.9613874e+02		3.9133509e+02		5.1197853e+02		3.9764480e+02		1.4928939e+01		3.8271586e+02
3.9200000e+02		3.9300000e+02		3.9250000e+02		3.0403432e+02		3.0038609e+02		3.9293238e+02		3.0517872e+02		1.1339493e+01		2.9383923e+02
3.9300000e+02		3.9400000e+02		3.9350000e+02		1.8639471e+02		1.8418141e+02		2.4089051e+02		1.8708935e+02		6.8802669e+00		1.8020908e+02
3.9400000e+02		3.9500000e+02		3.9450000e+02		3.0813115e+02		3.0451037e+02		3.9821050e+02		3.0926810e+02		1.1256911e+01		2.9801119e+02
3.9500000e+02		3.9600000e+02		3.9550000e+02		3.7840801e+02		3.7400755e+02		4.8902214e+02		3.7979047e+02		1.3682551e+01		3.6610792e+02
3.9600000e+02		3.9700000e+02		3.9650000e+02		2.6140326e+02		2.5838135e+02		3.3779079e+02		2.6233497e+02		9.3543655e+00		2.5298060e+02
3.9700000e+02		3.9800000e+02		3.9750000e+02		2.9300657e+02		2.8965063e+02		3.7861716e+02		2.9403692e+02		1.0378090e+01		2.8365883e+02
3.9800000e+02		3.9900000e+02		3.9850000e+02		4.5124719e+02		4.4610222e+02		5.8304264e+02		4.5278787e+02		1.5818429e+01		4.3696944e+02
3.9900000e+02		4.0000000e+02		3.9950000e+02		4.9846141e+02		4.9280444e+02		6.4399342e+02		5.0011386e+02		1.7294261e+01		4.8281960e+02
4.0000000e+02		4.0100000e+02		4.0050000e+02		5.1407199e+02		5.0837218e+02		6.6424696e+02		5.1583599e+02		1.7659558e+01		4.9817643e+02
4.0100000e+02		4.0200000e+02		4.0150000e+02		5.3860814e+02		5.3272125e+02		6.9596894e+02		5.4046286e+02		1.8316852e+01		5.2214601e+02
4.0200000e+02		4.0300000e+02		4.0250000e+02		5.4526519e+02		5.3936625e+02		7.0455763e+02		5.4712455e+02		1.8356329e+01		5.2876822e+02
4.0300000e+02		4.0400000e+02		4.0350000e+02		5.2165796e+02		5.1607176e+02		6.7404127e+02		5.2341953e+02		1.7385006e+01		5.0603452e+02
4.0400000e+02		4.0500000e+02		4.0450000e+02		5.1300620e+02		5.0756833e+02		6.6284999e+02		5.1472175e+02		1.6925182e+01		4.9779657e+02
4.0500000e+02		4.0600000e+02		4.0550000e+02		5.1256585e+02		5.0718758e+02		6.6226895e+02		5.1426334e+02		1.6741440e+01		4.9752190e+02
4.0600000e+02		4.0700000e+02		4.0650000e+02		4.9035274e+02		4.8525943e+02		6.3355672e+02		4.9196098e+02		1.5856044e+01		4.7610494e+02
4.0700000e+02		4.0800000e+02		4.0750000e+02		4.9838294e+02		4.9325829e+02		6.4392062e+02		5.0000176e+02		1.5955232e+01		4.8404653e+02
4.0800000e+02		4.0900000e+02		4.0850000e+02		5.2990289e+02		5.2450880e+02		6.8463296e+02		5.3160754e+02		1.6795794e+01		5.1481175e+02
4.0900000e+02		4.1000000e+02		4.0950000e+02		5.2713439e+02		5.2182218e+02		6.8104422e+02		5.2881386e+02		1.6542472e+01		5.1227138e+02
4.1000000e+02		4.1100000e+02		4.1050000e+02		4.8293937e+02		4.7812112e+02		6.2393464e+02		4.8446329e+02		1.5005725e+01		4.6945757e+02
4.1100000e+02		4.1200000e+02		4.1150000e+02		5.5986852e+02		5.5433838e+02		7.2331114e+02		5.6161830e+02		1.7224482e+01		5.4439382e+02
4.1200000e+02		4.1300000e+02		4.1250000e+02		5.4940473e+02		5.4403185e+02		7.0978072e+02		5.5110543e+02		1.6736269e+01		5.3436916e+02
4.1300000e+02		4.1400000e+02		4.1350000e+02		5.2995399e+02		5.2482268e+02		6.8464076e+02		5.3157886e+02		1.5985304e+01		5.1559356e+02
4.1400000e+02		4.1500000e+02		4.1450000e+02		5.3771640e+02		5.3256139e+02		6.9465750e+02		5.3934941e+02		1.6060637e+01		5.2328877e+02
4.1500000e+02		4.1600000e+02		4.1550000e+02		5.3722776e+02		5.3212821e+02		6.9401497e+02		5.3884382e+02		1.5889308e+01		5.2295451e+02
4.1600000e+02		4.1700000e+02		4.1650000e+02		5.5745703e+02		5.5221709e+02		7.2013597e+02		5.5911766e+02		1.6326934e+01		5.4279073e+02
4.1700000e+02		4.1800000e+02		4.1750000e+02		5.0725322e+02		5.0253090e+02		6.5526975e+02		5.0874895e+02		1.4712076e+01		4.9403688e+02
4.1800000e+02		4.1900000e+02		4.1850000e+02		5.2601513e+02		5.2115322e+02		6.7947913e+02		5.2753846e+02		1.5107658e+01		5.1243080e+02
4.1900000e+02		4.2000000e+02		4.1950000e+02		5.3123875e+02		5.2639003e+02		6.8623377e+02		5.3277657e+02		1.5110715e+01		5.1766585e+02
4.2000000e+02		4.2100000e+02		4.2050000e+02		5.3797708e+02		5.3311544e+02		6.9492843e+02		5.3952058e+02		1.5154716e+01		5.2436586e+02
4.2100000e+02		4.2200000e+02		4.2150000e+02		5.2958361e+02		5.2484431e+02		6.8407584e+02		5.3108880e+02		1.4774617e+01		5.1631418e+02
4.2200000e+02		4.2300000e+02		4.2250000e+02		5.0190537e+02		4.9745729e+02		6.4831347e+02		5.0331856e+02		1.3867910e+01		4.8945065e+02
4.2300000e+02		4.2400000e+02		4.2350000e+02		5.3474862e+02		5.3005529e+02		6.9072701e+02		5.3624025e+02		1.4633773e+01		5.2160647e+02
4.2400000e+02		4.2500000e+02		4.2450000e+02		5.5328403e+02		5.4847485e+02		7.1465845e+02		5.5481300e+02		1.4996231e+01		5.3981677e+02
4.2500000e+02		4.2600000e+02		4.2550000e+02		5.3248014e+02		5.2789631e+02		6.8777679e+02		5.3393795e+02		1.4294684e+01		5.1964327e+02
4.2600000e+02		4.2700000e+02		4.2650000e+02		5.3029841e+02		5.2577717e+02		6.8494894e+02		5.3173680e+02		1.4100627e+01		5.1763617e+02
4.2700000e+02		4.2800000e+02		4.2750000e+02		4.9171747e+02		4.8756530e+02		6.3510767e+02		4.9303887e+02		1.2950616e+01		4.8008826e+02
4.2800000e+02		4.2900000e+02		4.2850000e+02		4.9494538e+02		4.9080587e+02		6.3926791e+02		4.9626318e+02		1.2912146e+01		4.8335104e+02
4.2900000e+02		4.3000000e+02		4.2950000e+02		4.6063718e+02		4.5682131e+02		5.9494743e+02		4.6185234e+02		1.1903539e+01		4.4994880e+02
4.3000000e+02		4.3100000e+02		4.3050000e+02		3.7055843e+02		3.6751794e+02		4.7859742e+02		3.7152698e+02		9.4854824e+00		3.6204150e+02
4.3100000e+02		4.3200000e+02		4.3150000e+02		4.5818753e+02		4.5446368e+02		5.9176739e+02		4.5937413e+02		1.1618262e+01		4.4775587e+02
4.3200000e+02		4.3300000e+02		4.3250000e+02		5.1625369e+02		5.1209760e+02		6.6675321e+02		5.1757843e+02		1.2967785e+01		5.0461065e+02
4.3300000e+02		4.3400000e+02		4.3350000e+02		5.6047485e+02		5.5600534e+02		7.2385623e+02		5.6189993e+02		1.3946747e+01		5.4795318e+02
4.3400000e+02		4.3500000e+02		4.3450000e+02		4.7595241e+02		4.7219266e+02		6.1468699e+02		4.7715155e+02		1.1732862e+01		4.6541869e+02
4.3500000e+02		4.3600000e+02		4.3550000e+02		5.3162725e+02		5.2746714e+02		6.8658150e+02		5.3295447e+02		1.2983172e+01		5.1997130e+02
4.3600000e+02		4.3700000e+02		4.3650000e+02		5.9481241e+02		5.9020147e+02		7.6817348e+02		5.9628390e+02		1.4391173e+01		5.8189272e+02
4.3700000e+02		4.3800000e+02		4.3750000e+02		5.2629983e+02		5.2225814e+02		6.7968395e+02		5.2759003e+02		1.2615397e+01		5.1497463e+02
4.3800000e+02		4.3900000e+02		4.3850000e+02		5.1257868e+02		5.0867907e+02		6.6195562e+02		5.1382388e+02		1.2172763e+01		5.0165112e+02
4.3900000e+02		4.4000000e+02		4.3950000e+02		5.7051902e+02		5.6621794e+02		7.3677058e+02		5.7189140e+02		1.3423558e+01		5.5846785e+02
4.4000000e+02		4.4100000e+02		4.4050000e+02		5.4089681e+02		5.3685153e+02		6.9850086e+02		5.4218076e+02		1.2609102e+01		5.2957166e+02
4.4100000e+02		4.4200000e+02		4.4150000e+02		5.9491633e+02		5.9040507e+02		7.6811815e+02		5.9621096e+02		1.3736881e+01		5.8247408e+02
4.4200000e+02		4.4300000e+02		4.4250000e+02		6.2544254e+02		6.2066870e+02		8.0742683e+02		6.2671531e+02		1.4306437e+01		6.1240888e+02
4.4300000e+02		4.4400000e+02		4.4350000e+02		6.0497206e+02		6.0040481e+02		7.8100303e+02		6.0620014e+02		1.3711899e+01		5.9248824e+02
4.4400000e+02		4.4500000e+02		4.4450000e+02		6.2324411e+02		6.1845189e+02		8.0441665e+02		6.2436570e+02		1.3992205e+01		6.1037349e+02
4.4500000e+02		4.4600000e+02		4.4550000e+02		5.7783999e+02		5.7346275e+02		7.4584095e+02		5.7889621e+02		1.2855689e+01		5.6604052e+02
4.4600000e+02		4.4700000e+02		4.4650000e+02		5.8940025e+02		5.8513445e+02		7.6096028e+02		5.9062873e+02		1.2999604e+01		5.7762913e+02
4.4700000e+02		4.4800000e+02		4.4750000e+02		6.3881895e+02		6.3427727e+02		8.2480644e+02		6.4017884e+02		1.3963252e+01		6.2621558e+02
4.4800000e+02		4.4900000e+02		4.4850000e+02		6.2805979e+02		6.2368083e+02		8.1096517e+02		6.2943120e+02		1.3605513e+01		6.1582569e+02
4.4900000e+02		4.5000000e+02		4.4950000e+02		6.3454704e+02		6.3018286e+02		8.1935829e+02		6.3594046e+02		1.3622638e+01		6.2231782e+02
4.5000000e+02		4.5100000e+02		4.5050000e+02		6.7325368e+02		6.6866861e+02		8.6933295e+02		6.7472243e+02		1.4323503e+01		6.6039893e+02
4.5100000e+02		4.5200000e+02		4.5150000e+02		6.7122600e+02		6.6669610e+02		8.6670530e+02		6.7267744e+02		1.4151993e+01		6.5852544e+02
4.5200000e+02		4.5300000e+02		4.5250000e+02		6.3541039e+02		6.3116092e+02		8.2045037e+02		6.3677231e+02		1.3276690e+01		6.2349561e+02
4.5300000e+02		4.5400000e+02		4.5350000e+02		6.0888666e+02		6.0485125e+02		7.8619420e+02		6.1018028e+02		1.2608617e+01		5.9757166e+02
4.5400000e+02		4.5500000e+02		4.5450000e+02		6.4999363e+02		6.4572450e+02		8.3926265e+02		6.5136250e+02		1.3339649e+01		6.3802285e+02
4.5500000e+02		4.5600000e+02		4.5550000e+02		6.4380306e+02		6.3961250e+02		8.3126081e+02		6.4514705e+02		1.3094878e+01		6.3205217e+02
4.5600000e+02		4.5700000e+02		4.5650000e+02		6.6853861e+02		6.6422598e+02		8.6318976e+02		6.6992207e+02		1.3477095e+01		6.5644498e+02
4.5700000e+02		4.5800000e+02		4.5750000e+02		6.7499745e+02		6.7068203e+02		8.7152026e+02		6.7638212e+02		1.3486580e+01		6.6289554e+02
4.5800000e+02		4.5900000e+02		4.5850000e+02		6.3439039e+02		6.3037070e+02		8.1908234e+02		6.3568047e+02		1.2563043e+01		6.2311742e+02
4.5900000e+02		4.6000000e+02		4.5950000e+02		6.5539586e+02		6.5127998e+02		8.4619474e+02		6.5671710e+02		1.2864385e+01		6.4385272e+02
4.6000000e+02		4.6100000e+02		4.6050000e+02		6.4752339e+02		6.4349300e+02		8.3602217e+02		6.4881748e+02		1.2597850e+01		6.3621963e+02
4.6100000e+02		4.6200000e+02		4.6150000e+02		6.6245412e+02		6.5836727e+02		8.5529098e+02		6.6376662e+02		1.2775013e+01		6.5099161e+02
4.6200000e+02		4.6300000e+02		4.6250000e+02		6.6901120e+02		6.6492032e+02		8.6374843e+02		6.7032528e+02		1.2788267e+01		6.5753701e+02
4.6300000e+02		4.6400000e+02		4.6350000e+02		6.4662616e+02		6.4270699e+02		8.3483950e+02		6.4788535e+02		1.2252150e+01		6.3563320e+02
4.6400000e+02		4.6500000e+02		4.6450000e+02		6.5795753e+02		6.5400473e+02		8.4946104e+02		6.5922780e+02		1.2357925e+01		6.4686987e+02
4.6500000e+02		4.6600000e+02		4.6550000e+02		6.3552746e+02		6.3174289e+02		8.2049483e+02		6.3674392e+02		1.1832558e+01		6.2491136e+02
4.6600000e+02		4.6700000e+02		4.6650000e+02		6.3955371e+02		6.3577849e+02		8.2568524e+02		6.4076742e+02		1.1803932e+01		6.2896348e+02
4.6700000e+02		4.6800000e+02		4.6750000e+02		6.4572639e+02		6.4191006e+02		8.3359797e+02		6.4690293e+02		1.1813245e+01		6.3508968e+02
4.6800000e+02		4.6900000e+02		4.6850000e+02		6.3145002e+02		6.2775377e+02		8.1516506e+02		6.3259400e+02		1.1452113e+01		6.2114189e+02
4.6900000e+02		4.7000000e+02		4.6950000e+02		6.4956875e+02		6.4576123e+02		8.3849899e+02		6.5069683e+02		1.1677755e+01		6.3901907e+02
4.7000000e+02		4.7100000e+02		4.7050000e+02		6.1381170e+02		6.1024127e+02		7.9233078e+02		6.1486492e+02		1.0939662e+01		6.0392525e+02
4.7100000e+02		4.7200000e+02		4.7150000e+02		6.4174114e+02		6.3802360e+02		8.2835490e+02		6.4281582e+02		1.1338521e+01		6.3147730e+02
4.7200000e+02		4.7300000e+02		4.7250000e+02		6.5742798e+02		6.5364679e+02		8.4858975e+02		6.5851394e+02		1.1515788e+01		6.4699815e+02
4.7300000e+02		4.7400000e+02		4.7350000e+02		6.4563741e+02		6.4189760e+02		8.3328967e+02		6.4663579e+02		1.1210671e+01		6.3542512e+02
4.7400000e+02		4.7500000e+02		4.7450000e+02		6.6512717e+02		6.6139389e+02		8.5854931e+02		6.6623443e+02		1.1452856e+01		6.5478158e+02
4.7500000e+02		4.7600000e+02		4.7550000e+02		6.6365303e+02		6.6001990e+02		8.5671696e+02		6.6480923e+02		1.1331692e+01		6.5347754e+02
4.7600000e+02		4.7700000e+02		4.7650000e+02		6.3952653e+02		6.3606537e+02		8.2557776e+02		6.4064142e+02		1.0827042e+01		6.2981438e+02
4.7700000e+02		4.7800000e+02		4.7750000e+02		6.6772274e+02		6.6413986e+02		8.6196969e+02		6.6887707e+02		1.1208352e+01		6.5766871e+02
4.7800000e+02		4.7900000e+02		4.7850000e+02		6.6128260e+02		6.5776451e+02		8.5364906e+02		6.6241626e+02		1.1006143e+01		6.5141011e+02
4.7900000e+02		4.8000000e+02		4.7950000e+02		6.6320839e+02		6.5971006e+02		8.5612812e+02		6.6433588e+02		1.0944803e+01		6.5339108e+02
4.8000000e+02		4.8100000e+02		4.8050000e+02		6.6489751e+02		6.6142004e+02		8.5830170e+02		6.6601848e+02		1.0880026e+01		6.5513845e+02
4.8100000e+02		4.8200000e+02		4.8150000e+02		6.6630748e+02		6.6285215e+02		8.6011496e+02		6.6742151e+02		1.0811219e+01		6.5661029e+02
4.8200000e+02		4.8300000e+02		4.8250000e+02		6.6376999e+02		6.6035691e+02		8.5683266e+02		6.6487059e+02		1.0679487e+01		6.5419110e+02
4.8300000e+02		4.8400000e+02		4.8350000e+02		6.5373157e+02		6.5038314e+02		8.4384828e+02		6.5479108e+02		1.0429316e+01		6.4436177e+02
4.8400000e+02		4.8500000e+02		4.8450000e+02		6.4242337e+02		6.3912997e+02		8.2920600e+02		6.4342506e+02		1.0162290e+01		6.3326277e+02
4.8500000e+02		4.8600000e+02		4.8550000e+02		6.0369332e+02		6.0057663e+02		7.7914848e+02		6.0457853e+02		9.4685926e+00		5.9510994e+02
4.8600000e+02		4.8700000e+02		4.8650000e+02		5.2412565e+02		5.2148103e+02		6.7650083e+02		5.2492693e+02		8.1530957e+00		5.1677384e+02
4.8700000e+02		4.8800000e+02		4.8750000e+02		5.9966111e+02		5.9662174e+02		7.7394094e+02		6.0053103e+02		9.2494822e+00		5.9128155e+02
4.8800000e+02		4.8900000e+02		4.8850000e+02		6.3081686e+02		6.2764484e+02		8.1414462e+02		6.3172308e+02		9.6492318e+00		6.2207385e+02
4.8900000e+02		4.9000000e+02		4.8950000e+02		6.1880396e+02		6.1572526e+02		7.9864461e+02		6.1969278e+02		9.3872379e+00		6.1030554e+02
4.9000000e+02		4.9100000e+02		4.9050000e+02		6.5907671e+02		6.5585192e+02		8.5065107e+02		6.6004300e+02		9.9161931e+00		6.5012680e+02
4.9100000e+02		4.9200000e+02		4.9150000e+02		6.2110374e+02		6.1808275e+02		8.0162606e+02		6.2199969e+02		9.2675808e+00		6.1273211e+02
4.9200000e+02		4.9300000e+02		4.9250000e+02		5.9112858e+02		5.8832294e+02		7.6299255e+02		5.9202063e+02		8.7488227e+00		5.8327180e+02
4.9300000e+02		4.9400000e+02		4.9350000e+02		6.2472140e+02		6.2178759e+02		8.0635525e+02		6.2566336e+02		9.1701829e+00		6.1649318e+02
4.9400000e+02		4.9500000e+02		4.9450000e+02		6.4279699e+02		6.3980758e+02		8.2968615e+02		6.4376284e+02		9.3582338e+00		6.3440461e+02
4.9500000e+02		4.9600000e+02		4.9550000e+02		6.3133158e+02		6.2841963e+02		8.1488162e+02		6.3227255e+02		9.1160848e+00		6.2315646e+02
4.9600000e+02		4.9700000e+02		4.9650000e+02		6.3921352e+02		6.3628941e+02		8.2504948e+02		6.4015856e+02		9.1544991e+00		6.3100406e+02
4.9700000e+02		4.9800000e+02		4.9750000e+02		6.5113923e+02		6.4818495e+02		8.4043662e+02		6.5209416e+02		9.2492747e+00		6.4284488e+02
4.9800000e+02		4.9900000e+02		4.9850000e+02		5.9175801e+02		5.8908579e+02		7.6377523e+02		5.9260950e+02		8.3371751e+00		5.8427232e+02
4.9900000e+02		5.0000000e+02		4.9950000e+02		6.3385792e+02		6.3097305e+02		8.1804898e+02		6.3471635e+02		8.8567387e+00		6.2585961e+02
