Left Bin Edge (nm)	Right Bin Edge (nm)	Bin Center (nm)		Top of Atm Intensity (erg/s/nm/cm2)		Total Surface Flux (erg/s/nm/cm2)		Total Intensity at BOA (erg/s/nm/cm2)		Total Surface Intensity (erg/s/nm/cm2)		Total Surface Diffuse Intensity (erg/s/nm/cm2)		Total Surface Direct Intensity (erg/s/nm/cm2)
1.0000000e+02		1.0100000e+02		1.0050000e+02		1.9189487e-02		0.0000000e+00		0.0000000e+00		0.0000000e+00		0.0000000e+00		0.0000000e+00
1.0100000e+02		1.0200000e+02		1.0150000e+02		7.4861701e-02		0.0000000e+00		0.0000000e+00		0.0000000e+00		0.0000000e+00		0.0000000e+00
1.0200000e+02		1.0300000e+02		1.0250000e+02		3.9734366e-01		0.0000000e+00		0.0000000e+00		0.0000000e+00		0.0000000e+00		0.0000000e+00
1.0300000e+02		1.0400000e+02		1.0350000e+02		3.0179545e-01		0.0000000e+00		0.0000000e+00		0.0000000e+00		0.0000000e+00		0.0000000e+00
1.0400000e+02		1.0500000e+02		1.0450000e+02		6.0815352e-02		0.0000000e+00		0.0000000e+00		0.0000000e+00		0.0000000e+00		0.0000000e+00
1.0500000e+02		1.0600000e+02		1.0550000e+02		2.0834600e-02		0.0000000e+00		0.0000000e+00		0.0000000e+00		0.0000000e+00		0.0000000e+00
1.0600000e+02		1.0700000e+02		1.0650000e+02		1.9584792e-02		0.0000000e+00		0.0000000e+00		0.0000000e+00		0.0000000e+00		0.0000000e+00
1.0700000e+02		1.0800000e+02		1.0750000e+02		2.1853879e-02		0.0000000e+00		0.0000000e+00		0.0000000e+00		0.0000000e+00		0.0000000e+00
1.0800000e+02		1.0900000e+02		1.0850000e+02		3.0634999e-02		0.0000000e+00		0.0000000e+00		0.0000000e+00		0.0000000e+00		0.0000000e+00
1.0900000e+02		1.1000000e+02		1.0950000e+02		2.4032561e-02		0.0000000e+00		0.0000000e+00		0.0000000e+00		0.0000000e+00		0.0000000e+00
1.1000000e+02		1.1100000e+02		1.1050000e+02		2.3268893e-02		0.0000000e+00		0.0000000e+00		0.0000000e+00		0.0000000e+00		0.0000000e+00
1.1100000e+02		1.1200000e+02		1.1150000e+02		2.1871272e-02		0.0000000e+00		0.0000000e+00		0.0000000e+00		0.0000000e+00		0.0000000e+00
1.1200000e+02		1.1300000e+02		1.1250000e+02		2.2375602e-02		0.0000000e+00		0.0000000e+00		0.0000000e+00		0.0000000e+00		0.0000000e+00
1.1300000e+02		1.1400000e+02		1.1350000e+02		1.7748133e-02		0.0000000e+00		0.0000000e+00		0.0000000e+00		0.0000000e+00		0.0000000e+00
1.1400000e+02		1.1500000e+02		1.1450000e+02		1.3589480e-02		0.0000000e+00		0.0000000e+00		0.0000000e+00		0.0000000e+00		0.0000000e+00
1.1500000e+02		1.1600000e+02		1.1550000e+02		1.8751615e-02		0.0000000e+00		0.0000000e+00		0.0000000e+00		0.0000000e+00		0.0000000e+00
1.1600000e+02		1.1700000e+02		1.1650000e+02		4.3674487e-02		0.0000000e+00		0.0000000e+00		0.0000000e+00		0.0000000e+00		0.0000000e+00
1.1700000e+02		1.1800000e+02		1.1750000e+02		1.5546757e-01		0.0000000e+00		0.0000000e+00		0.0000000e+00		0.0000000e+00		0.0000000e+00
1.1800000e+02		1.1900000e+02		1.1850000e+02		5.2889236e-02		0.0000000e+00		0.0000000e+00		0.0000000e+00		0.0000000e+00		0.0000000e+00
1.1900000e+02		1.2000000e+02		1.1950000e+02		7.3692884e-02		0.0000000e+00		0.0000000e+00		0.0000000e+00		0.0000000e+00		0.0000000e+00
1.2000000e+02		1.2100000e+02		1.2050000e+02		4.0066072e-01		0.0000000e+00		0.0000000e+00		0.0000000e+00		0.0000000e+00		0.0000000e+00
1.2100000e+02		1.2200000e+02		1.2150000e+02		1.5905289e+01		0.0000000e+00		0.0000000e+00		0.0000000e+00		0.0000000e+00		0.0000000e+00
1.2200000e+02		1.2300000e+02		1.2250000e+02		1.0666543e-01		0.0000000e+00		0.0000000e+00		0.0000000e+00		0.0000000e+00		0.0000000e+00
1.2300000e+02		1.2400000e+02		1.2350000e+02		5.7456553e-02		0.0000000e+00		0.0000000e+00		0.0000000e+00		0.0000000e+00		0.0000000e+00
1.2400000e+02		1.2500000e+02		1.2450000e+02		4.6184197e-02		0.0000000e+00		0.0000000e+00		0.0000000e+00		0.0000000e+00		0.0000000e+00
1.2500000e+02		1.2600000e+02		1.2550000e+02		4.5085118e-02		0.0000000e+00		0.0000000e+00		0.0000000e+00		0.0000000e+00		0.0000000e+00
1.2600000e+02		1.2700000e+02		1.2650000e+02		6.3054464e-02		0.0000000e+00		0.0000000e+00		0.0000000e+00		0.0000000e+00		0.0000000e+00
1.2700000e+02		1.2800000e+02		1.2750000e+02		3.3006429e-02		0.0000000e+00		0.0000000e+00		0.0000000e+00		0.0000000e+00		0.0000000e+00
1.2800000e+02		1.2900000e+02		1.2850000e+02		2.6335196e-02		0.0000000e+00		0.0000000e+00		0.0000000e+00		0.0000000e+00		0.0000000e+00
1.2900000e+02		1.3000000e+02		1.2950000e+02		3.5131240e-02		0.0000000e+00		0.0000000e+00		0.0000000e+00		0.0000000e+00		0.0000000e+00
1.3000000e+02		1.3100000e+02		1.3050000e+02		2.8850634e-01		0.0000000e+00		0.0000000e+00		0.0000000e+00		0.0000000e+00		0.0000000e+00
1.3100000e+02		1.3200000e+02		1.3150000e+02		3.9064855e-02		0.0000000e+00		0.0000000e+00		0.0000000e+00		0.0000000e+00		0.0000000e+00
1.3200000e+02		1.3300000e+02		1.3250000e+02		3.0374778e-02		0.0000000e+00		0.0000000e+00		0.0000000e+00		0.0000000e+00		0.0000000e+00
1.3300000e+02		1.3400000e+02		1.3350000e+02		4.1056606e-01		0.0000000e+00		0.0000000e+00		0.0000000e+00		0.0000000e+00		0.0000000e+00
1.3400000e+02		1.3500000e+02		1.3450000e+02		2.8092500e-02		0.0000000e+00		0.0000000e+00		0.0000000e+00		0.0000000e+00		0.0000000e+00
1.3500000e+02		1.3600000e+02		1.3550000e+02		5.8954708e-02		0.0000000e+00		0.0000000e+00		0.0000000e+00		0.0000000e+00		0.0000000e+00
1.3600000e+02		1.3700000e+02		1.3650000e+02		3.8690656e-02		0.0000000e+00		0.0000000e+00		0.0000000e+00		0.0000000e+00		0.0000000e+00
1.3700000e+02		1.3800000e+02		1.3750000e+02		3.9732879e-02		0.0000000e+00		0.0000000e+00		0.0000000e+00		0.0000000e+00		0.0000000e+00
1.3800000e+02		1.3900000e+02		1.3850000e+02		4.0549866e-02		0.0000000e+00		0.0000000e+00		0.0000000e+00		0.0000000e+00		0.0000000e+00
1.3900000e+02		1.4000000e+02		1.3950000e+02		1.3692187e-01		0.0000000e+00		0.0000000e+00		0.0000000e+00		0.0000000e+00		0.0000000e+00
1.4000000e+02		1.4100000e+02		1.4050000e+02		1.1939088e-01		0.0000000e+00		0.0000000e+00		0.0000000e+00		0.0000000e+00		0.0000000e+00
1.4100000e+02		1.4200000e+02		1.4150000e+02		5.7521948e-02		0.0000000e+00		0.0000000e+00		0.0000000e+00		0.0000000e+00		0.0000000e+00
1.4200000e+02		1.4300000e+02		1.4250000e+02		6.2343151e-02		0.0000000e+00		0.0000000e+00		0.0000000e+00		0.0000000e+00		0.0000000e+00
1.4300000e+02		1.4400000e+02		1.4350000e+02		6.9165895e-02		0.0000000e+00		0.0000000e+00		0.0000000e+00		0.0000000e+00		0.0000000e+00
1.4400000e+02		1.4500000e+02		1.4450000e+02		6.6149126e-02		0.0000000e+00		0.0000000e+00		0.0000000e+00		0.0000000e+00		0.0000000e+00
1.4500000e+02		1.4600000e+02		1.4550000e+02		7.0536262e-02		0.0000000e+00		0.0000000e+00		0.0000000e+00		0.0000000e+00		0.0000000e+00
1.4600000e+02		1.4700000e+02		1.4650000e+02		8.6012655e-02		0.0000000e+00		0.0000000e+00		0.0000000e+00		0.0000000e+00		0.0000000e+00
1.4700000e+02		1.4800000e+02		1.4750000e+02		1.0610345e-01		0.0000000e+00		0.0000000e+00		0.0000000e+00		0.0000000e+00		0.0000000e+00
1.4800000e+02		1.4900000e+02		1.4850000e+02		1.0405386e-01		0.0000000e+00		0.0000000e+00		0.0000000e+00		0.0000000e+00		0.0000000e+00
1.4900000e+02		1.5000000e+02		1.4950000e+02		9.4002421e-02		0.0000000e+00		0.0000000e+00		0.0000000e+00		0.0000000e+00		0.0000000e+00
1.5000000e+02		1.5100000e+02		1.5050000e+02		1.0343288e-01		0.0000000e+00		0.0000000e+00		0.0000000e+00		0.0000000e+00		0.0000000e+00
1.5100000e+02		1.5200000e+02		1.5150000e+02		1.0875212e-01		0.0000000e+00		0.0000000e+00		0.0000000e+00		0.0000000e+00		0.0000000e+00
1.5200000e+02		1.5300000e+02		1.5250000e+02		1.3876638e-01		0.0000000e+00		0.0000000e+00		0.0000000e+00		0.0000000e+00		0.0000000e+00
1.5300000e+02		1.5400000e+02		1.5350000e+02		1.5371418e-01		0.0000000e+00		0.0000000e+00		0.0000000e+00		0.0000000e+00		0.0000000e+00
1.5400000e+02		1.5500000e+02		1.5450000e+02		4.1112511e-01		0.0000000e+00		0.0000000e+00		0.0000000e+00		0.0000000e+00		0.0000000e+00
1.5500000e+02		1.5600000e+02		1.5550000e+02		3.3836363e-01		0.0000000e+00		0.0000000e+00		0.0000000e+00		0.0000000e+00		0.0000000e+00
1.5600000e+02		1.5700000e+02		1.5650000e+02		2.0084632e-01		0.0000000e+00		0.0000000e+00		0.0000000e+00		0.0000000e+00		0.0000000e+00
1.5700000e+02		1.5800000e+02		1.5750000e+02		1.8216796e-01		0.0000000e+00		0.0000000e+00		0.0000000e+00		0.0000000e+00		0.0000000e+00
1.5800000e+02		1.5900000e+02		1.5850000e+02		1.6795176e-01		0.0000000e+00		0.0000000e+00		0.0000000e+00		0.0000000e+00		0.0000000e+00
1.5900000e+02		1.6000000e+02		1.5950000e+02		1.6379377e-01		0.0000000e+00		0.0000000e+00		0.0000000e+00		0.0000000e+00		0.0000000e+00
1.6000000e+02		1.6100000e+02		1.6050000e+02		1.7926410e-01		0.0000000e+00		0.0000000e+00		0.0000000e+00		0.0000000e+00		0.0000000e+00
1.6100000e+02		1.6200000e+02		1.6150000e+02		2.0306941e-01		0.0000000e+00		0.0000000e+00		0.0000000e+00		0.0000000e+00		0.0000000e+00
1.6200000e+02		1.6300000e+02		1.6250000e+02		2.2492895e-01		0.0000000e+00		0.0000000e+00		0.0000000e+00		0.0000000e+00		0.0000000e+00
1.6300000e+02		1.6400000e+02		1.6350000e+02		4.7671727e-01		0.0000000e+00		0.0000000e+00		0.0000000e+00		0.0000000e+00		0.0000000e+00
1.6400000e+02		1.6500000e+02		1.6450000e+02		4.8753270e-01		0.0000000e+00		0.0000000e+00		0.0000000e+00		0.0000000e+00		0.0000000e+00
1.6500000e+02		1.6600000e+02		1.6550000e+02		5.7072689e-01		0.0000000e+00		0.0000000e+00		0.0000000e+00		0.0000000e+00		0.0000000e+00
1.6600000e+02		1.6700000e+02		1.6650000e+02		2.6919628e-01		0.0000000e+00		0.0000000e+00		0.0000000e+00		0.0000000e+00		0.0000000e+00
1.6700000e+02		1.6800000e+02		1.6750000e+02		2.8728373e-01		0.0000000e+00		0.0000000e+00		0.0000000e+00		0.0000000e+00		0.0000000e+00
1.6800000e+02		1.6900000e+02		1.6850000e+02		3.0958866e-01		0.0000000e+00		0.0000000e+00		0.0000000e+00		0.0000000e+00		0.0000000e+00
1.6900000e+02		1.7000000e+02		1.6950000e+02		3.8988989e-01		0.0000000e+00		0.0000000e+00		0.0000000e+00		0.0000000e+00		0.0000000e+00
1.7000000e+02		1.7100000e+02		1.7050000e+02		4.3752516e-01		0.0000000e+00		0.0000000e+00		0.0000000e+00		0.0000000e+00		0.0000000e+00
1.7100000e+02		1.7200000e+02		1.7150000e+02		4.3618394e-01		0.0000000e+00		0.0000000e+00		0.0000000e+00		0.0000000e+00		0.0000000e+00
1.7200000e+02		1.7300000e+02		1.7250000e+02		4.5514763e-01		0.0000000e+00		0.0000000e+00		0.0000000e+00		0.0000000e+00		0.0000000e+00
1.7300000e+02		1.7400000e+02		1.7350000e+02		4.5120572e-01		0.0000000e+00		0.0000000e+00		0.0000000e+00		0.0000000e+00		0.0000000e+00
1.7400000e+02		1.7500000e+02		1.7450000e+02		5.3951828e-01		0.0000000e+00		0.0000000e+00		0.0000000e+00		0.0000000e+00		0.0000000e+00
1.7500000e+02		1.7600000e+02		1.7550000e+02		6.4389120e-01		0.0000000e+00		0.0000000e+00		0.0000000e+00		0.0000000e+00		0.0000000e+00
1.7600000e+02		1.7700000e+02		1.7650000e+02		6.9472845e-01		0.0000000e+00		0.0000000e+00		0.0000000e+00		0.0000000e+00		0.0000000e+00
1.7700000e+02		1.7800000e+02		1.7750000e+02		8.1849614e-01		0.0000000e+00		0.0000000e+00		0.0000000e+00		0.0000000e+00		0.0000000e+00
1.7800000e+02		1.7900000e+02		1.7850000e+02		8.9455089e-01		0.0000000e+00		0.0000000e+00		0.0000000e+00		0.0000000e+00		0.0000000e+00
1.7900000e+02		1.8000000e+02		1.7950000e+02		8.6966614e-01		0.0000000e+00		0.0000000e+00		0.0000000e+00		0.0000000e+00		0.0000000e+00
1.8000000e+02		1.8100000e+02		1.8050000e+02		1.0753674e+00		0.0000000e+00		0.0000000e+00		0.0000000e+00		0.0000000e+00		0.0000000e+00
1.8100000e+02		1.8200000e+02		1.8150000e+02		1.3093431e+00		0.0000000e+00		0.0000000e+00		0.0000000e+00		0.0000000e+00		0.0000000e+00
1.8200000e+02		1.8300000e+02		1.8250000e+02		1.2087370e+00		0.0000000e+00		0.0000000e+00		0.0000000e+00		0.0000000e+00		0.0000000e+00
1.8300000e+02		1.8400000e+02		1.8350000e+02		1.2728289e+00		0.0000000e+00		0.0000000e+00		0.0000000e+00		0.0000000e+00		0.0000000e+00
1.8400000e+02		1.8500000e+02		1.8450000e+02		1.0940339e+00		0.0000000e+00		0.0000000e+00		0.0000000e+00		0.0000000e+00		0.0000000e+00
1.8500000e+02		1.8600000e+02		1.8550000e+02		1.2372281e+00		0.0000000e+00		0.0000000e+00		0.0000000e+00		0.0000000e+00		0.0000000e+00
1.8600000e+02		1.8700000e+02		1.8650000e+02		1.4037992e+00		0.0000000e+00		0.0000000e+00		0.0000000e+00		0.0000000e+00		0.0000000e+00
1.8700000e+02		1.8800000e+02		1.8750000e+02		1.5907538e+00		0.0000000e+00		0.0000000e+00		0.0000000e+00		0.0000000e+00		0.0000000e+00
1.8800000e+02		1.8900000e+02		1.8850000e+02		1.6735993e+00		0.0000000e+00		0.0000000e+00		0.0000000e+00		0.0000000e+00		0.0000000e+00
1.8900000e+02		1.9000000e+02		1.8950000e+02		1.8559600e+00		0.0000000e+00		0.0000000e+00		0.0000000e+00		0.0000000e+00		0.0000000e+00
1.9000000e+02		1.9100000e+02		1.9050000e+02		1.9109940e+00		0.0000000e+00		0.0000000e+00		0.0000000e+00		0.0000000e+00		0.0000000e+00
1.9100000e+02		1.9200000e+02		1.9150000e+02		2.0707336e+00		0.0000000e+00		0.0000000e+00		0.0000000e+00		0.0000000e+00		0.0000000e+00
1.9200000e+02		1.9300000e+02		1.9250000e+02		2.1685186e+00		1.3625344e-308		0.0000000e+00		1.3692684e-308		1.5932906e-310		1.3533355e-308
1.9300000e+02		1.9400000e+02		1.9350000e+02		1.6554009e+00		1.0746147e-275		0.0000000e+00		1.0804946e-275		1.3912013e-277		1.0665826e-275
1.9400000e+02		1.9500000e+02		1.9450000e+02		2.6556632e+00		5.5942671e-272		0.0000000e+00		5.6248620e-272		7.2388374e-274		5.5524736e-272
1.9500000e+02		1.9600000e+02		1.9550000e+02		2.5630279e+00		6.6959221e-267		0.0000000e+00		6.9086407e-267		5.0329765e-268		6.4053431e-267
1.9600000e+02		1.9700000e+02		1.9650000e+02		2.8204934e+00		2.7592079e-259		0.0000000e+00		2.7744582e-259		3.6082552e-261		2.7383757e-259
1.9700000e+02		1.9800000e+02		1.9750000e+02		2.8068384e+00		4.4224066e-241		0.0000000e+00		4.4491906e-241		6.3371706e-243		4.3858189e-241
1.9800000e+02		1.9900000e+02		1.9850000e+02		2.7505577e+00		4.5787842e-225		0.0000000e+00		4.6088036e-225		7.1026602e-227		4.5377770e-225
1.9900000e+02		2.0000000e+02		1.9950000e+02		2.8965557e+00		4.6817332e-221		0.0000000e+00		4.7127445e-221		7.3373336e-223		4.6393711e-221
2.0000000e+02		2.0100000e+02		2.0050000e+02		3.0623388e+00		1.4847196e-220		0.0000000e+00		1.4943518e-220		2.2790081e-222		1.4715617e-220
2.0100000e+02		2.0200000e+02		2.0150000e+02		3.2593670e+00		6.1415202e-210		0.0000000e+00		6.1824472e-210		9.6834365e-212		6.0856128e-210
2.0200000e+02		2.0300000e+02		2.0250000e+02		3.2217937e+00		1.7602133e-193		0.0000000e+00		1.7726661e-193		2.9463817e-195		1.7432023e-193
2.0300000e+02		2.0400000e+02		2.0350000e+02		3.4484145e+00		4.3016065e-175		0.0000000e+00		4.3345146e-175		7.7861331e-177		4.2566532e-175
2.0400000e+02		2.0500000e+02		2.0450000e+02		3.7117169e+00		1.1734343e-158		0.0000000e+00		1.1831304e-158		2.2941292e-160		1.1601891e-158
2.0500000e+02		2.0600000e+02		2.0550000e+02		3.7200399e+00		2.4763061e-144		0.0000000e+00		2.4983274e-144		5.2103093e-146		2.4462243e-144
2.0600000e+02		2.0700000e+02		2.0650000e+02		3.7247532e+00		4.0211513e-132		0.0000000e+00		4.0594017e-132		9.0501461e-134		3.9689003e-132
2.0700000e+02		2.0800000e+02		2.0750000e+02		4.0454145e+00		1.2538806e-121		0.0000000e+00		1.2665647e-121		3.0010936e-123		1.2365538e-121
2.0800000e+02		2.0900000e+02		2.0850000e+02		4.3759554e+00		1.6262504e-112		0.0000000e+00		1.6436614e-112		4.1194961e-114		1.6024664e-112
2.0900000e+02		2.1000000e+02		2.0950000e+02		5.6528678e+00		3.7858338e-104		0.0000000e+00		3.8286781e-104		1.0137086e-105		3.7273073e-104
2.1000000e+02		2.1100000e+02		2.1050000e+02		6.9678423e+00		4.1671048e-96		2.3388797e-92		4.2171215e-96		1.1834071e-97		4.0987807e-96
2.1100000e+02		2.1200000e+02		2.1150000e+02		7.9326445e+00		1.1336789e-88		3.3210334e-85		1.1481188e-88		3.4165329e-90		1.1139535e-88
2.1200000e+02		2.1300000e+02		2.1250000e+02		7.0734222e+00		7.5821781e-82		1.2120032e-78		7.6847625e-82		2.4271732e-83		7.4420452e-82
2.1300000e+02		2.1400000e+02		2.1350000e+02		7.2066449e+00		9.5060093e-76		8.8862995e-73		9.6421848e-76		3.2219475e-77		9.3199900e-76
2.1400000e+02		2.1500000e+02		2.1450000e+02		9.2279181e+00		6.6737999e-70		3.7635859e-67		6.7751923e-70		2.3989703e-71		6.5352953e-70
2.1500000e+02		2.1600000e+02		2.1550000e+02		7.9257408e+00		3.1318113e-64		1.0657969e-61		3.1826283e-64		1.2023443e-65		3.0623939e-64
2.1600000e+02		2.1700000e+02		2.1650000e+02		7.3353469e+00		8.1639590e-59		1.7199856e-56		8.3059145e-59		3.3587047e-60		7.9700441e-59
2.1700000e+02		2.1800000e+02		2.1750000e+02		7.5953881e+00		1.3181527e-53		1.7589717e-51		1.3428154e-53		5.8352508e-55		1.2844629e-53
2.1800000e+02		2.1900000e+02		2.1850000e+02		1.0217230e+01		8.3586143e-49		7.3968838e-47		8.5267161e-49		3.9773304e-50		8.1289830e-49
2.1900000e+02		2.2000000e+02		2.1950000e+02		1.0786519e+01		1.4546076e-44		8.8882010e-43		1.4860240e-44		7.4331909e-46		1.4116921e-44
2.2000000e+02		2.2100000e+02		2.2050000e+02		1.0851638e+01		1.2935858e-40		5.5908174e-39		1.3236665e-40		7.1171682e-42		1.2524948e-40
2.2100000e+02		2.2200000e+02		2.2150000e+02		8.6872371e+00		5.2239404e-37		1.6320454e-35		5.3551413e-37		3.1042448e-38		5.0447168e-37
2.2200000e+02		2.2300000e+02		2.2250000e+02		1.1691346e+01		2.0729936e-33		4.7802075e-32		2.1294178e-33		1.3350126e-34		1.9959166e-33
2.2300000e+02		2.2400000e+02		2.2350000e+02		1.5139682e+01		3.8049320e-30		6.6619154e-29		3.9172282e-30		2.6569574e-31		3.6515325e-30
2.2400000e+02		2.2500000e+02		2.2450000e+02		1.4154944e+01		2.7833724e-27		3.7865415e-26		2.8725963e-27		2.1110601e-28		2.6614903e-27
2.2500000e+02		2.2600000e+02		2.2550000e+02		1.2365614e+01		1.2126744e-24		1.3046826e-23		1.2550507e-24		1.0026333e-25		1.1547874e-24
2.2600000e+02		2.2700000e+02		2.2650000e+02		9.0577089e+00		2.5902864e-22		2.2505846e-21		2.6891363e-22		2.3388131e-23		2.4552549e-22
2.2700000e+02		2.2800000e+02		2.2750000e+02		8.8108381e+00		5.6034050e-20		3.9755268e-19		5.8385625e-20		5.5638871e-21		5.2821738e-20
2.2800000e+02		2.2900000e+02		2.2850000e+02		1.2275156e+01		8.9734114e-18		5.3336655e-17		9.3867522e-18		9.7797476e-19		8.4087774e-18
2.2900000e+02		2.3000000e+02		2.2950000e+02		1.1031259e+01		6.7705226e-16		3.4149821e-15		7.1146832e-16		8.1429268e-17		6.3003905e-16
2.3000000e+02		2.3100000e+02		2.3050000e+02		1.2510180e+01		5.1754018e-14		2.2365205e-13		5.4682632e-14		6.9291755e-15		4.7753457e-14
2.3100000e+02		2.3200000e+02		2.3150000e+02		1.1791833e+01		2.1657333e-12		8.1562457e-12		2.3025605e-12		3.2373668e-13		1.9788238e-12
2.3200000e+02		2.3300000e+02		2.3250000e+02		1.2664003e+01		6.0982213e-11		2.0437545e-10		6.5271062e-11		1.0147526e-11		5.5123536e-11
2.3300000e+02		2.3400000e+02		2.3350000e+02		1.1428554e+01		1.0277314e-09		3.1091296e-09		1.1083605e-09		1.9077055e-10		9.1759000e-10
2.3400000e+02		2.3500000e+02		2.3450000e+02		9.9864853e+00		1.2454145e-08		3.4452926e-08		1.3547011e-08		2.5857500e-09		1.0961261e-08
2.3500000e+02		2.3600000e+02		2.3550000e+02		1.3443360e+01		1.7934977e-07		4.5909511e-07		1.9701501e-07		4.1796410e-08		1.5521860e-07
2.3600000e+02		2.3700000e+02		2.3650000e+02		1.2448020e+01		1.4340646e-06		3.4330132e-06		1.5934636e-06		3.7714193e-07		1.2163216e-06
2.3700000e+02		2.3800000e+02		2.3750000e+02		1.3294723e+01		1.0374145e-05		2.3497077e-05		1.1678358e-05		3.0857992e-06		8.5925584e-06
2.3800000e+02		2.3900000e+02		2.3850000e+02		1.1021422e+01		4.6814993e-05		1.0141604e-04		5.3484209e-05		1.5779535e-05		3.7704675e-05
2.3900000e+02		2.4000000e+02		2.3950000e+02		1.2008577e+01		2.2587024e-04		4.7277960e-04		2.6233300e-04		8.6271801e-05		1.7606120e-04
2.4000000e+02		2.4100000e+02		2.4050000e+02		1.1032163e+01		7.8005397e-04		1.5914807e-03		9.2287728e-04		3.3792358e-04		5.8495370e-04
2.4100000e+02		2.4200000e+02		2.4150000e+02		1.2918879e+01		2.8942824e-03		5.8019375e-03		3.4929169e-03		1.4163843e-03		2.0765326e-03
2.4200000e+02		2.4300000e+02		2.4250000e+02		1.7782729e+01		1.1244877e-02		2.2289481e-02		1.3868592e-02		6.2077762e-03		7.6608162e-03
2.4300000e+02		2.4400000e+02		2.4350000e+02		1.6701989e+01		2.6089712e-02		5.1406952e-02		3.2901486e-02		1.6116830e-02		1.6784656e-02
2.4400000e+02		2.4500000e+02		2.4450000e+02		1.5641720e+01		5.3892954e-02		1.0596042e-01		6.9490680e-02		3.6904616e-02		3.2586064e-02
2.4500000e+02		2.4600000e+02		2.4550000e+02		1.2691134e+01		8.9600068e-02		1.7627917e-01		1.1816469e-01		6.7584632e-02		5.0580062e-02
2.4600000e+02		2.4700000e+02		2.4650000e+02		1.2350906e+01		1.6267618e-01		3.2077530e-01		2.1912489e-01		1.3355907e-01		8.5565818e-02
2.4700000e+02		2.4800000e+02		2.4750000e+02		1.3639226e+01		3.1418493e-01		6.2161587e-01		4.3182851e-01		2.7834769e-01		1.5348082e-01
2.4800000e+02		2.4900000e+02		2.4850000e+02		1.0938846e+01		4.1390795e-01		8.2209221e-01		5.7961009e-01		3.9205548e-01		1.8755461e-01
2.4900000e+02		2.5000000e+02		2.4950000e+02		1.3333262e+01		7.7440145e-01		1.5438715e+00		1.1023757e+00		7.7599549e-01		3.2638025e-01
2.5000000e+02		2.5100000e+02		2.5050000e+02		1.4401571e+01		1.2055681e+00		2.4113975e+00		1.7403797e+00		1.2653778e+00		4.7500184e-01
2.5100000e+02		2.5200000e+02		2.5150000e+02		1.2007424e+01		1.3636229e+00		2.7345261e+00		1.9912308e+00		1.4849363e+00		5.0629453e-01
2.5200000e+02		2.5300000e+02		2.5250000e+02		1.0794009e+01		1.5942695e+00		3.2036003e+00		2.3506432e+00		1.7895995e+00		5.6104369e-01
2.5300000e+02		2.5400000e+02		2.5350000e+02		1.3602371e+01		2.5167274e+00		5.0647933e+00		3.7405654e+00		2.8956317e+00		8.4493368e-01
2.5400000e+02		2.5500000e+02		2.5450000e+02		1.5384114e+01		3.4508726e+00		6.9512527e+00		5.1624636e+00		4.0496677e+00		1.1127959e+00
2.5500000e+02		2.5600000e+02		2.5550000e+02		2.0992062e+01		5.5529195e+00		1.1190280e+01		8.3505747e+00		6.6193232e+00		1.7312515e+00
2.5600000e+02		2.5700000e+02		2.5650000e+02		2.7040612e+01		8.2465097e+00		1.6618184e+01		1.2452919e+01		9.9524704e+00		2.5004482e+00
2.5700000e+02		2.5800000e+02		2.5750000e+02		3.3946512e+01		1.1692521e+01		2.3551639e+01		1.7712688e+01		1.4243870e+01		3.4688185e+00
2.5800000e+02		2.5900000e+02		2.5850000e+02		3.5732434e+01		1.3671399e+01		2.7514659e+01		2.0759437e+01		1.6770477e+01		3.9889598e+00
2.5900000e+02		2.6000000e+02		2.5950000e+02		3.0409976e+01		9.2837261e+00		1.8444596e+01		1.3853814e+01		1.0812945e+01		3.0408695e+00
2.6000000e+02		2.6100000e+02		2.6050000e+02		2.4915606e+01		6.3315061e+00		1.2437902e+01		9.3067626e+00		7.0395323e+00		2.2672303e+00
2.6100000e+02		2.6200000e+02		2.6150000e+02		2.5442742e+01		6.8242954e+00		1.3368232e+01		1.0022998e+01		7.5682110e+00		2.4547867e+00
2.6200000e+02		2.6300000e+02		2.6250000e+02		3.0366547e+01		8.7491412e+00		1.7103308e+01		1.2854560e+01		9.7135244e+00		3.1410353e+00
2.6300000e+02		2.6400000e+02		2.6350000e+02		4.5700096e+01		1.3152394e+01		2.5590740e+01		1.9245124e+01		1.4415554e+01		4.8295700e+00
2.6400000e+02		2.6500000e+02		2.6450000e+02		7.1249372e+01		2.3522538e+01		4.5797858e+01		3.4580177e+01		2.6162655e+01		8.4175222e+00
2.6500000e+02		2.6600000e+02		2.6550000e+02		7.4731454e+01		2.5369483e+01		4.9224353e+01		3.7215455e+01		2.8027870e+01		9.1875845e+00
2.6600000e+02		2.6700000e+02		2.6650000e+02		7.2446611e+01		2.4836732e+01		4.7993173e+01		3.6314771e+01		2.7157333e+01		9.1574380e+00
2.6700000e+02		2.6800000e+02		2.6750000e+02		7.2937204e+01		2.7113311e+01		5.2331936e+01		3.9699562e+01		2.9779389e+01		9.9201730e+00
2.6800000e+02		2.6900000e+02		2.6850000e+02		7.2239021e+01		2.8692157e+01		5.5289564e+01		4.2034973e+01		3.1569442e+01		1.0465531e+01
2.6900000e+02		2.7000000e+02		2.6950000e+02		6.7758000e+01		2.6598222e+01		5.1006051e+01		3.8788418e+01		2.8842314e+01		9.9461038e+00
2.7000000e+02		2.7100000e+02		2.7050000e+02		7.8281462e+01		3.1610904e+01		6.0430322e+01		4.6011605e+01		3.4072424e+01		1.1939180e+01
2.7100000e+02		2.7200000e+02		2.7150000e+02		6.5051220e+01		2.5620348e+01		4.8715189e+01		3.7087539e+01		2.7131665e+01		9.9558733e+00
2.7200000e+02		2.7300000e+02		2.7250000e+02		5.2331568e+01		2.2514542e+01		4.2794344e+01		3.2667601e+01		2.4022396e+01		8.6452055e+00
2.7300000e+02		2.7400000e+02		2.7350000e+02		5.5800645e+01		2.4492765e+01		4.6400635e+01		3.5455179e+01		2.5937350e+01		9.5178297e+00
2.7400000e+02		2.7500000e+02		2.7450000e+02		3.8398649e+01		1.7149663e+01		3.2379610e+01		2.4763797e+01		1.8015234e+01		6.7485626e+00
2.7500000e+02		2.7600000e+02		2.7550000e+02		5.1208696e+01		2.1927703e+01		4.1149665e+01		3.1451907e+01		2.2534510e+01		8.9173979e+00
2.7600000e+02		2.7700000e+02		2.7650000e+02		7.1318275e+01		3.1456043e+01		5.8867801e+01		4.5047251e+01		3.2157144e+01		1.2890107e+01
2.7700000e+02		2.7800000e+02		2.7750000e+02		6.8188493e+01		3.1944153e+01		5.9706565e+01		4.5777617e+01		3.2730328e+01		1.3047289e+01
2.7800000e+02		2.7900000e+02		2.7850000e+02		4.7024496e+01		2.2424773e+01		4.1780418e+01		3.2060793e+01		2.2799069e+01		9.2617242e+00
2.7900000e+02		2.8000000e+02		2.7950000e+02		2.6422560e+01		1.2343376e+01		2.2882650e+01		1.7556960e+01		1.2335471e+01		5.2214888e+00
2.8000000e+02		2.8100000e+02		2.8050000e+02		2.8982131e+01		1.3273447e+01		2.4485744e+01		1.8784344e+01		1.3038924e+01		5.7454207e+00
2.8100000e+02		2.8200000e+02		2.8150000e+02		6.0033324e+01		2.8411229e+01		5.2286597e+01		4.0159920e+01		2.7797700e+01		1.2362220e+01
2.8200000e+02		2.8300000e+02		2.8250000e+02		8.1733762e+01		3.9603479e+01		7.2683225e+01		5.5878999e+01		3.8508292e+01		1.7370706e+01
2.8300000e+02		2.8400000e+02		2.8350000e+02		8.4433091e+01		4.1605556e+01		7.6125276e+01		5.8569980e+01		4.0138258e+01		1.8431722e+01
2.8400000e+02		2.8500000e+02		2.8450000e+02		6.2255376e+01		3.1694314e+01		5.7862754e+01		4.4570726e+01		3.0465917e+01		1.4104809e+01
2.8500000e+02		2.8600000e+02		2.8550000e+02		4.0018063e+01		2.0349544e+01		3.7007778e+01		2.8514361e+01		1.9318163e+01		9.1961973e+00
2.8600000e+02		2.8700000e+02		2.8650000e+02		8.2001717e+01		4.2655742e+01		7.7370911e+01		5.9666744e+01		4.0248464e+01		1.9418280e+01
2.8700000e+02		2.8800000e+02		2.8750000e+02		9.5189148e+01		4.9102271e+01		8.8693375e+01		6.8402671e+01		4.5665237e+01		2.2737434e+01
2.8800000e+02		2.8900000e+02		2.8850000e+02		9.0460934e+01		4.6806844e+01		8.4247463e+01		6.4996532e+01		4.3037264e+01		2.1959268e+01
2.8900000e+02		2.9000000e+02		2.8950000e+02		1.3728321e+02		6.9650900e+01		1.2477952e+02		9.6241414e+01		6.2913831e+01		3.3327583e+01
2.9000000e+02		2.9100000e+02		2.9050000e+02		1.8023325e+02		8.9825223e+01		1.6019263e+02		1.2352647e+02		7.9738002e+01		4.3788466e+01
2.9100000e+02		2.9200000e+02		2.9150000e+02		1.7359450e+02		8.7493586e+01		1.5556088e+02		1.2001821e+02		7.6954079e+01		4.3064127e+01
2.9200000e+02		2.9300000e+02		2.9250000e+02		1.5421676e+02		8.0480520e+01		1.4283495e+02		1.1032659e+02		7.0616561e+01		3.9710030e+01
2.9300000e+02		2.9400000e+02		2.9350000e+02		1.6099986e+02		8.8261811e+01		1.5649220e+02		1.2106021e+02		7.7601848e+01		4.3458363e+01
2.9400000e+02		2.9500000e+02		2.9450000e+02		1.4991794e+02		7.5767612e+01		1.3330951e+02		1.0292235e+02		6.4248790e+01		3.8673555e+01
2.9500000e+02		2.9600000e+02		2.9550000e+02		1.6232431e+02		8.8597234e+01		1.5595877e+02		1.2068132e+02		7.5911751e+01		4.4769565e+01
2.9600000e+02		2.9700000e+02		2.9650000e+02		1.4851381e+02		8.5390562e+01		1.5021315e+02		1.1641952e+02		7.3415301e+01		4.3004218e+01
2.9700000e+02		2.9800000e+02		2.9750000e+02		1.5140866e+02		8.4947675e+01		1.4873090e+02		1.1521512e+02		7.1613542e+01		4.3601577e+01
2.9800000e+02		2.9900000e+02		2.9850000e+02		1.3012850e+02		7.2161118e+01		1.2584068e+02		9.7468469e+01		5.9877835e+01		3.7590634e+01
2.9900000e+02		3.0000000e+02		2.9950000e+02		1.4682541e+02		8.0659052e+01		1.4012269e+02		1.0851965e+02		6.5918872e+01		4.2600774e+01
3.0000000e+02		3.0100000e+02		3.0050000e+02		1.1681452e+02		6.6342239e+01		1.1507270e+02		8.9213192e+01		5.4113255e+01		3.5099937e+01
3.0100000e+02		3.0200000e+02		3.0150000e+02		1.3434477e+02		7.6065991e+01		1.3148681e+02		1.0194448e+02		6.1229161e+01		4.0715318e+01
3.0200000e+02		3.0300000e+02		3.0250000e+02		1.4142283e+02		8.1964158e+01		1.4139976e+02		1.0971458e+02		6.5658198e+01		4.4056380e+01
3.0300000e+02		3.0400000e+02		3.0350000e+02		1.8342160e+02		1.0224468e+02		1.7546134e+02		1.3601528e+02		7.9902103e+01		5.6113175e+01
3.0400000e+02		3.0500000e+02		3.0450000e+02		1.7556728e+02		1.0436335e+02		1.7913985e+02		1.3912806e+02		8.2254188e+01		5.6873870e+01
3.0500000e+02		3.0600000e+02		3.0550000e+02		1.7728071e+02		1.0781093e+02		1.8470498e+02		1.4355593e+02		8.4573583e+01		5.8982349e+01
3.0600000e+02		3.0700000e+02		3.0650000e+02		1.6814926e+02		1.0463013e+02		1.7892307e+02		1.3916446e+02		8.1709099e+01		5.7455358e+01
3.0700000e+02		3.0800000e+02		3.0750000e+02		1.8878816e+02		1.1168775e+02		1.8988344e+02		1.4749847e+02		8.4729067e+01		6.2769399e+01
3.0800000e+02		3.0900000e+02		3.0850000e+02		1.8529086e+02		1.1179136e+02		1.8968095e+02		1.4743429e+02		8.4332058e+01		6.3102229e+01
3.0900000e+02		3.1000000e+02		3.0950000e+02		1.5026991e+02		9.4276265e+01		1.5981953e+02		1.2436854e+02		7.1199092e+01		5.3169450e+01
3.1000000e+02		3.1100000e+02		3.1050000e+02		1.8913229e+02		1.1583780e+02		1.9552943e+02		1.5206797e+02		8.5721483e+01		6.6346483e+01
3.1100000e+02		3.1200000e+02		3.1150000e+02		2.2495083e+02		1.4091841e+02		2.3745254e+02		1.8480145e+02		1.0382839e+02		8.0973060e+01
3.1200000e+02		3.1300000e+02		3.1250000e+02		2.0030306e+02		1.2039027e+02		2.0182251e+02		1.5690155e+02		8.6386631e+01		7.0514921e+01
3.1300000e+02		3.1400000e+02		3.1350000e+02		2.1331645e+02		1.3759570e+02		2.3087647e+02		1.7985262e+02		9.9980935e+01		7.9871682e+01
3.1400000e+02		3.1500000e+02		3.1450000e+02		2.0119548e+02		1.2616741e+02		2.1077112e+02		1.6407074e+02		8.9680224e+01		7.4390513e+01
3.1500000e+02		3.1600000e+02		3.1550000e+02		1.9522773e+02		1.1900991e+02		1.9795575e+02		1.5398086e+02		8.2742157e+01		7.1238700e+01
3.1600000e+02		3.1700000e+02		3.1650000e+02		1.9043254e+02		1.1326549e+02		1.8763767e+02		1.4586094e+02		7.7121672e+01		6.8739271e+01
3.1700000e+02		3.1800000e+02		3.1750000e+02		2.4155434e+02		1.4833674e+02		2.4546538e+02		1.9099129e+02		1.0092174e+02		9.0069552e+01
3.1800000e+02		3.1900000e+02		3.1850000e+02		1.9952276e+02		1.2176302e+02		2.0087787e+02		1.5627669e+02		8.1660207e+01		7.4616479e+01
3.1900000e+02		3.2000000e+02		3.1950000e+02		2.1430874e+02		1.2878340e+02		2.1172168e+02		1.6464646e+02		8.4852908e+01		7.9793552e+01
3.2000000e+02		3.2100000e+02		3.2050000e+02		2.4621307e+02		1.5465015e+02		2.5414592e+02		1.9788785e+02		1.0230148e+02		9.5586364e+01
3.2100000e+02		3.2200000e+02		3.2150000e+02		2.0677326e+02		1.1281322e+02		1.8363635e+02		1.4242673e+02		7.0066309e+01		7.2360422e+01
3.2200000e+02		3.2300000e+02		3.2250000e+02		2.0765168e+02		1.3264056e+02		2.1702241e+02		1.6906805e+02		8.6188376e+01		8.2879678e+01
3.2300000e+02		3.2400000e+02		3.2350000e+02		2.0066974e+02		1.2352647e+02		2.0120876e+02		1.5658808e+02		7.8224594e+01		7.8363484e+01
3.2400000e+02		3.2500000e+02		3.2450000e+02		2.3629853e+02		1.4608218e+02		2.3739516e+02		1.8477342e+02		9.1544465e+01		9.3228958e+01
3.2500000e+02		3.2600000e+02		3.2550000e+02		2.7209498e+02		1.2967612e+02		2.0778954e+02		1.6056123e+02		7.3074942e+01		8.7486284e+01
3.2600000e+02		3.2700000e+02		3.2650000e+02		3.0699214e+02		1.9691245e+02		3.1898955e+02		2.4854001e+02		1.2215212e+02		1.2638789e+02
3.2700000e+02		3.2800000e+02		3.2750000e+02		2.9701525e+02		1.8761927e+02		3.0295285e+02		2.3594315e+02		1.1433553e+02		1.2160762e+02
3.2800000e+02		3.2900000e+02		3.2850000e+02		2.8673370e+02		1.7834323e+02		2.8705625e+02		2.2346449e+02		1.0675804e+02		1.1670645e+02
3.2900000e+02		3.3000000e+02		3.2950000e+02		3.3379807e+02		1.9723422e+02		3.1593487e+02		2.4559054e+02		1.1441228e+02		1.3117826e+02
3.3000000e+02		3.3100000e+02		3.3050000e+02		3.1443449e+02		1.6515013e+02		2.6257531e+02		2.0344100e+02		9.0597174e+01		1.1284383e+02
3.3100000e+02		3.3200000e+02		3.3150000e+02		3.0087994e+02		2.0931446e+02		3.3639892e+02		2.6269314e+02		1.2629530e+02		1.3639784e+02
3.3200000e+02		3.3300000e+02		3.3250000e+02		2.9519831e+02		2.0066078e+02		3.2134674e+02		2.5077077e+02		1.1856150e+02		1.3220926e+02
3.3300000e+02		3.3400000e+02		3.3350000e+02		2.8364288e+02		1.8909927e+02		3.0183446e+02		2.3541048e+02		1.0957351e+02		1.2583698e+02
3.3400000e+02		3.3500000e+02		3.3450000e+02		2.9883003e+02		1.9359193e+02		3.0786840e+02		2.3991782e+02		1.0960824e+02		1.3030958e+02
3.3500000e+02		3.3600000e+02		3.3550000e+02		2.9511053e+02		1.9249305e+02		3.0553367e+02		2.3813810e+02		1.0799736e+02		1.3014074e+02
3.3600000e+02		3.3700000e+02		3.3650000e+02		2.4313126e+02		1.5847479e+02		2.5097120e+02		1.9560192e+02		8.7843751e+01		1.0775817e+02
3.3700000e+02		3.3800000e+02		3.3750000e+02		2.5649874e+02		1.7096014e+02		2.7043794e+02		2.1089955e+02		9.4497666e+01		1.1640189e+02
3.3800000e+02		3.3900000e+02		3.3850000e+02		2.7748673e+02		1.9205102e+02		3.0369739e+02		2.3707985e+02		1.0653936e+02		1.3054050e+02
3.3900000e+02		3.4000000e+02		3.3950000e+02		2.9040264e+02		1.9549463e+02		3.0805828e+02		2.4028870e+02		1.0598389e+02		1.3430480e+02
3.4000000e+02		3.4100000e+02		3.4050000e+02		3.0654056e+02		1.9629730e+02		3.0795061e+02		2.3986063e+02		1.0307195e+02		1.3678868e+02
3.4100000e+02		3.4200000e+02		3.4150000e+02		2.7979685e+02		1.4037221e+02		2.1764341e+02		1.6837761e+02		6.6261498e+01		1.0211612e+02
3.4200000e+02		3.4300000e+02		3.4250000e+02		3.0344565e+02		1.9204150e+02		2.9987305e+02		2.3347495e+02		9.8032589e+01		1.3544236e+02
3.4300000e+02		3.4400000e+02		3.4350000e+02		2.9822260e+02		1.6725374e+02		2.5935679e+02		2.0124903e+02		8.0433729e+01		1.2081530e+02
3.4400000e+02		3.4500000e+02		3.4450000e+02		2.3986676e+02		1.5254821e+02		2.3729582e+02		1.8476363e+02		7.6222492e+01		1.0854114e+02
3.4500000e+02		3.4600000e+02		3.4550000e+02		2.8907088e+02		1.7472083e+02		2.7067453e+02		2.1044773e+02		8.4530734e+01		1.2591699e+02
3.4600000e+02		3.4700000e+02		3.4650000e+02		2.8069735e+02		1.6524906e+02		2.5524031e+02		1.9829555e+02		7.8188851e+01		1.2010670e+02
3.4700000e+02		3.4800000e+02		3.4750000e+02		2.7782009e+02		1.5345233e+02		2.3600859e+02		1.8302721e+02		6.9974917e+01		1.1305229e+02
3.4800000e+02		3.4900000e+02		3.4850000e+02		2.8744416e+02		2.0966412e+02		3.2560633e+02		2.5444625e+02		1.0595565e+02		1.4849060e+02
3.4900000e+02		3.5000000e+02		3.4950000e+02		2.7550877e+02		2.0323892e+02		3.1518599e+02		2.4636796e+02		1.0204440e+02		1.4432356e+02
3.5000000e+02		3.5100000e+02		3.5050000e+02		3.3002358e+02		2.2666421e+02		3.4968657e+02		2.7277685e+02		1.0910366e+02		1.6367318e+02
3.5100000e+02		3.5200000e+02		3.5150000e+02		3.0660572e+02		2.1438527e+02		3.3038675e+02		2.5783606e+02		1.0280569e+02		1.5503038e+02
3.5200000e+02		3.5300000e+02		3.5250000e+02		2.8324198e+02		1.9616750e+02		3.0162425e+02		2.3531433e+02		9.2622372e+01		1.4269195e+02
3.5300000e+02		3.5400000e+02		3.5350000e+02		3.2405327e+02		2.4466674e+02		3.7698760e+02		2.9480001e+02		1.1861659e+02		1.7618342e+02
3.5400000e+02		3.5500000e+02		3.5450000e+02		3.4586270e+02		2.5540853e+02		3.9240689e+02		3.0664956e+02		1.2123757e+02		1.8541198e+02
3.5500000e+02		3.5600000e+02		3.5550000e+02		3.2478382e+02		2.3976133e+02		3.6769399e+02		2.8731737e+02		1.1251879e+02		1.7479857e+02
3.5600000e+02		3.5700000e+02		3.5650000e+02		2.8234357e+02		2.0175792e+02		3.0841255e+02		2.4076268e+02		9.2286243e+01		1.4847644e+02
3.5700000e+02		3.5800000e+02		3.5750000e+02		2.4674321e+02		1.6972437e+02		2.5857342e+02		2.0163170e+02		7.5493549e+01		1.2613815e+02
3.5800000e+02		3.5900000e+02		3.5850000e+02		2.1181106e+02		1.5238495e+02		2.3219599e+02		1.8127573e+02		6.8356320e+01		1.1291941e+02
3.5900000e+02		3.6000000e+02		3.5950000e+02		3.0582840e+02		2.0899641e+02		3.1723532e+02		2.4730132e+02		9.0630386e+01		1.5667093e+02
3.6000000e+02		3.6100000e+02		3.6050000e+02		3.0178862e+02		2.1234071e+02		3.2215273e+02		2.5131983e+02		9.2225585e+01		1.5909424e+02
3.6100000e+02		3.6200000e+02		3.6150000e+02		2.8033735e+02		1.6672652e+02		2.5097025e+02		1.9488756e+02		6.6629736e+01		1.2825782e+02
3.6200000e+02		3.6300000e+02		3.6250000e+02		3.1645921e+02		1.5718479e+02		2.3499304e+02		1.8160193e+02		5.7771586e+01		1.2383035e+02
3.6300000e+02		3.6400000e+02		3.6350000e+02		3.0810145e+02		1.6821185e+02		2.5175445e+02		1.9503117e+02		6.3455189e+01		1.3157598e+02
3.6400000e+02		3.6500000e+02		3.6450000e+02		3.2221950e+02		1.0634148e+02		1.5726662e+02		1.2024810e+02		3.2903412e+01		8.7344686e+01
3.6500000e+02		3.6600000e+02		3.6550000e+02		3.6674574e+02		1.4713515e+02		2.1799659e+02		1.6751455e+02		4.8218200e+01		1.1929635e+02
3.6600000e+02		3.6700000e+02		3.6650000e+02		3.9198946e+02		9.6353874e+01		1.4168400e+02		1.0752104e+02		2.6421806e+01		8.1099237e+01
3.6700000e+02		3.6800000e+02		3.6750000e+02		3.7850004e+02		9.6999641e+01		1.4251185e+02		1.0826208e+02		2.6647214e+01		8.1614865e+01
3.6800000e+02		3.6900000e+02		3.6850000e+02		3.4895620e+02		3.2338499e+01		4.7404430e+01		3.5094281e+01		6.5202498e+00		2.8574031e+01
3.6900000e+02		3.7000000e+02		3.6950000e+02		3.8736224e+02		5.2711945e+01		7.7109907e+01		5.7648562e+01		1.1680162e+01		4.5968400e+01
3.7000000e+02		3.7100000e+02		3.7050000e+02		3.6351013e+02		3.1157237e+02		4.6918678e+02		3.6776519e+02		1.3295365e+02		2.3481154e+02
3.7100000e+02		3.7200000e+02		3.7150000e+02		3.7529261e+02		3.2462776e+02		4.8829772e+02		3.8281277e+02		1.3766720e+02		2.4514557e+02
3.7200000e+02		3.7300000e+02		3.7250000e+02		3.1177186e+02		2.7010189e+02		4.0568473e+02		3.1803525e+02		1.1341156e+02		2.0462369e+02
3.7300000e+02		3.7400000e+02		3.7350000e+02		2.7192112e+02		2.3593905e+02		3.5385859e+02		2.7739637e+02		9.8089073e+01		1.7930730e+02
3.7400000e+02		3.7500000e+02		3.7450000e+02		2.7832167e+02		2.4185851e+02		3.6221541e+02		2.8393699e+02		9.9558769e+01		1.8437822e+02
3.7500000e+02		3.7600000e+02		3.7550000e+02		3.1876744e+02		2.7741961e+02		4.1488245e+02		3.2520989e+02		1.1307301e+02		2.1213688e+02
3.7600000e+02		3.7700000e+02		3.7650000e+02		3.3048657e+02		2.8804305e+02		4.3016425e+02		3.3717566e+02		1.1624900e+02		2.2092666e+02
3.7700000e+02		3.7800000e+02		3.7750000e+02		3.8770864e+02		3.3840839e+02		5.0467709e+02		3.9556546e+02		1.3523508e+02		2.6033038e+02
3.7800000e+02		3.7900000e+02		3.7850000e+02		4.0380398e+02		3.5296373e+02		5.2565960e+02		4.1199495e+02		1.3966936e+02		2.7232558e+02
3.7900000e+02		3.8000000e+02		3.7950000e+02		3.2744385e+02		2.8662368e+02		4.2628012e+02		3.3409082e+02		1.1230846e+02		2.2178236e+02
3.8000000e+02		3.8100000e+02		3.8050000e+02		3.5656330e+02		3.1255011e+02		4.6421323e+02		3.6380515e+02		1.2127071e+02		2.4253444e+02
3.8100000e+02		3.8200000e+02		3.8150000e+02		3.2019140e+02		2.8105585e+02		4.1688053e+02		3.2669651e+02		1.0798695e+02		2.1870955e+02
3.8200000e+02		3.8300000e+02		3.8250000e+02		2.2964197e+02		2.0184893e+02		2.9900110e+02		2.3430790e+02		7.6798744e+01		1.5750915e+02
3.8300000e+02		3.8400000e+02		3.8350000e+02		2.0267593e+02		1.7838649e+02		2.6390147e+02		2.0679352e+02		6.7211760e+01		1.3958176e+02
3.8400000e+02		3.8500000e+02		3.8450000e+02		2.7111947e+02		2.3894481e+02		3.5303441e+02		2.7662593e+02		8.9154488e+01		1.8747144e+02
3.8500000e+02		3.8600000e+02		3.8550000e+02		2.8715912e+02		2.5341320e+02		3.7393342e+02		2.9298853e+02		9.3636213e+01		1.9935231e+02
3.8600000e+02		3.8700000e+02		3.8650000e+02		2.8837692e+02		2.5481769e+02		3.7553134e+02		2.9422716e+02		9.3243787e+01		2.0098337e+02
3.8700000e+02		3.8800000e+02		3.8750000e+02		2.8805300e+02		2.5485712e+02		3.7512053e+02		2.9389176e+02		9.2356949e+01		2.0153481e+02
3.8800000e+02		3.8900000e+02		3.8850000e+02		2.9209390e+02		2.5875878e+02		3.8039292e+02		2.9800861e+02		9.2866090e+01		2.0514252e+02
3.8900000e+02		3.9000000e+02		3.8950000e+02		3.5069332e+02		3.1105801e+02		4.5671760e+02		3.5778632e+02		1.1056038e+02		2.4722594e+02
3.9000000e+02		3.9100000e+02		3.9050000e+02		3.6838836e+02		3.2715550e+02		4.7977246e+02		3.7582937e+02		1.1516361e+02		2.6066576e+02
3.9100000e+02		3.9200000e+02		3.9150000e+02		3.9613874e+02		3.5222756e+02		5.1592286e+02		4.0412844e+02		1.2279881e+02		2.8132963e+02
3.9200000e+02		3.9300000e+02		3.9250000e+02		3.0403432e+02		2.7065725e+02		3.9597433e+02		3.1015640e+02		9.3455990e+01		2.1670041e+02
3.9300000e+02		3.9400000e+02		3.9350000e+02		1.8639471e+02		1.6612888e+02		2.4276380e+02		1.9014134e+02		5.6814104e+01		1.3332724e+02
3.9400000e+02		3.9500000e+02		3.9450000e+02		3.0813115e+02		2.7495093e+02		4.0132005e+02		3.1431294e+02		9.3131525e+01		2.2118142e+02
3.9500000e+02		3.9600000e+02		3.9550000e+02		3.7840801e+02		3.3805050e+02		4.9285539e+02		3.8598422e+02		1.1341240e+02		2.7257182e+02
3.9600000e+02		3.9700000e+02		3.9650000e+02		2.6140326e+02		2.3378839e+02		3.4046186e+02		2.6662235e+02		7.7685984e+01		1.8893637e+02
3.9700000e+02		3.9800000e+02		3.9750000e+02		2.9300657e+02		2.6234783e+02		3.8162415e+02		2.9884240e+02		8.6347096e+01		2.1249531e+02
3.9800000e+02		3.9900000e+02		3.9850000e+02		4.5124719e+02		4.0447514e+02		5.8771706e+02		4.6020609e+02		1.3186085e+02		3.2834524e+02
3.9900000e+02		4.0000000e+02		3.9950000e+02		4.9846141e+02		4.4728088e+02		6.4920226e+02		5.0832528e+02		1.4443262e+02		3.6389266e+02
4.0000000e+02		4.0100000e+02		4.0050000e+02		5.1407199e+02		4.6180366e+02		6.6955351e+02		5.2423545e+02		1.4771519e+02		3.7652026e+02
4.0100000e+02		4.0200000e+02		4.0150000e+02		5.3860814e+02		4.8436847e+02		7.0151521e+02		5.4923295e+02		1.5347100e+02		3.9576195e+02
4.0200000e+02		4.0300000e+02		4.0250000e+02		5.4526519e+02		4.9087446e+02		7.1018247e+02		5.5599051e+02		1.5406622e+02		4.0192429e+02
4.0300000e+02		4.0400000e+02		4.0350000e+02		5.2165796e+02		4.7011332e+02		6.7943088e+02		5.3188846e+02		1.4616155e+02		3.8572691e+02
4.0400000e+02		4.0500000e+02		4.0450000e+02		5.1300620e+02		4.6279410e+02		6.6815714e+02		5.2303614e+02		1.4253420e+02		3.8050194e+02
4.0500000e+02		4.0600000e+02		4.0550000e+02		5.1256585e+02		4.6286875e+02		6.6757727e+02		5.2255544e+02		1.4122023e+02		3.8133521e+02
4.0600000e+02		4.0700000e+02		4.0650000e+02		4.9035274e+02		4.4325575e+02		6.3863939e+02		4.9987824e+02		1.3397023e+02		3.6590800e+02
4.0700000e+02		4.0800000e+02		4.0750000e+02		4.9838294e+02		4.5096329e+02		6.4908989e+02		5.0803195e+02		1.3502591e+02		3.7300604e+02
4.0800000e+02		4.0900000e+02		4.0850000e+02		5.2990289e+02		4.7995586e+02		6.9013163e+02		5.4012682e+02		1.4236601e+02		3.9776081e+02
4.0900000e+02		4.1000000e+02		4.0950000e+02		5.2713439e+02		4.7791226e+02		6.8651555e+02		5.3726900e+02		1.4043955e+02		3.9682945e+02
4.1000000e+02		4.1100000e+02		4.1050000e+02		4.8293937e+02		4.3826434e+02		6.2894759e+02		4.9219073e+02		1.2759121e+02		3.6459952e+02
4.1100000e+02		4.1200000e+02		4.1150000e+02		5.5986852e+02		5.0855887e+02		7.2912193e+02		5.7055391e+02		1.4668184e+02		4.2387208e+02
4.1200000e+02		4.1300000e+02		4.1250000e+02		5.4940473e+02		4.9952162e+02		7.1548124e+02		5.5985082e+02		1.4274044e+02		4.1711039e+02
4.1300000e+02		4.1400000e+02		4.1350000e+02		5.2995399e+02		4.8228291e+02		6.9013692e+02		5.3999143e+02		1.3653984e+02		4.0345159e+02
4.1400000e+02		4.1500000e+02		4.1450000e+02		5.3771640e+02		4.8979458e+02		7.0023067e+02		5.4786086e+02		1.3738630e+02		4.1047456e+02
4.1500000e+02		4.1600000e+02		4.1550000e+02		5.3722776e+02		4.8979164e+02		6.9957870e+02		5.4732245e+02		1.3611936e+02		4.1120309e+02
4.1600000e+02		4.1700000e+02		4.1650000e+02		5.5745703e+02		5.0868836e+02		7.2590419e+02		5.6788909e+02		1.4007044e+02		4.2781865e+02
4.1700000e+02		4.1800000e+02		4.1750000e+02		5.0725322e+02		4.6328469e+02		6.6051387e+02		5.1670625e+02		1.2639675e+02		3.9030950e+02
4.1800000e+02		4.1900000e+02		4.1850000e+02		5.2601513e+02		4.8083668e+02		6.8492375e+02		5.3577368e+02		1.2998233e+02		4.0579135e+02
4.1900000e+02		4.2000000e+02		4.1950000e+02		5.3123875e+02		4.8603243e+02		6.9171083e+02		5.4105516e+02		1.3018518e+02		4.1086998e+02
4.2000000e+02		4.2100000e+02		4.2050000e+02		5.3797708e+02		4.9261637e+02		7.0046580e+02		5.4787508e+02		1.3074351e+02		4.1713157e+02
4.2100000e+02		4.2200000e+02		4.2150000e+02		5.2958361e+02		4.8533843e+02		6.8951790e+02		5.3928435e+02		1.2763741e+02		4.1164693e+02
4.2200000e+02		4.2300000e+02		4.2250000e+02		5.0190537e+02		4.6035488e+02		6.5346201e+02		5.1105814e+02		1.1996519e+02		3.9109295e+02
4.2300000e+02		4.2400000e+02		4.2350000e+02		5.3474862e+02		4.9088200e+02		6.9620210e+02		5.4445630e+02		1.2675816e+02		4.1769814e+02
4.2400000e+02		4.2500000e+02		4.2450000e+02		5.5328403e+02		5.0830912e+02		7.2031196e+02		5.6328229e+02		1.3006793e+02		4.3321436e+02
4.2500000e+02		4.2600000e+02		4.2550000e+02		5.3248014e+02		4.8958870e+02		6.9320619e+02		5.4205796e+02		1.2414360e+02		4.1791435e+02
4.2600000e+02		4.2700000e+02		4.2650000e+02		5.3029841e+02		4.8796921e+02		6.9034403e+02		5.3979236e+02		1.2261488e+02		4.1717748e+02
4.2700000e+02		4.2800000e+02		4.2750000e+02		4.9171747e+02		4.5282234e+02		6.4009854e+02		5.0047906e+02		1.1275700e+02		3.8772206e+02
4.2800000e+02		4.2900000e+02		4.2850000e+02		4.9494538e+02		4.5614786e+02		6.4427926e+02		5.0372233e+02		1.1256241e+02		3.9115992e+02
4.2900000e+02		4.3000000e+02		4.2950000e+02		4.6063718e+02		4.2485389e+02		5.9959954e+02		4.6876629e+02		1.0389785e+02		3.6486844e+02
4.3000000e+02		4.3100000e+02		4.3050000e+02		3.7055843e+02		3.4203118e+02		4.8232989e+02		3.7706598e+02		8.2893219e+01		2.9417276e+02
4.3100000e+02		4.3200000e+02		4.3150000e+02		4.5818753e+02		4.2323041e+02		5.9636986e+02		4.6619436e+02		1.0165380e+02		3.6454055e+02
4.3200000e+02		4.3300000e+02		4.3250000e+02		5.1625369e+02		4.7721887e+02		6.7192424e+02		5.2523040e+02		1.1359651e+02		4.1163390e+02
4.3300000e+02		4.3400000e+02		4.3350000e+02		5.6047485e+02		5.1847488e+02		7.2945378e+02		5.7017164e+02		1.2231586e+02		4.4785578e+02
4.3400000e+02		4.3500000e+02		4.3450000e+02		4.7595241e+02		4.4060419e+02		6.1942608e+02		4.8414526e+02		1.0301928e+02		3.8112598e+02
4.3500000e+02		4.3600000e+02		4.3550000e+02		5.3162725e+02		4.9249546e+02		6.9185855e+02		5.4073183e+02		1.1412848e+02		4.2660335e+02
4.3600000e+02		4.3700000e+02		4.3650000e+02		5.9481241e+02		5.5141855e+02		7.7405894e+02		6.0494677e+02		1.2664912e+02		4.7829765e+02
4.3700000e+02		4.3800000e+02		4.3750000e+02		5.2629983e+02		4.8824459e+02		6.8487451e+02		5.3522047e+02		1.1114613e+02		4.2407434e+02
4.3800000e+02		4.3900000e+02		4.3850000e+02		5.1257868e+02		4.7584351e+02		6.6699398e+02		5.2122145e+02		1.0736537e+02		4.1385609e+02
4.3900000e+02		4.4000000e+02		4.3950000e+02		5.7051902e+02		5.2999232e+02		7.4236039e+02		5.8008801e+02		1.1852767e+02		4.6156034e+02
4.4000000e+02		4.4100000e+02		4.4050000e+02		5.4089681e+02		5.0281203e+02		7.0378750e+02		5.4991985e+02		1.1145830e+02		4.3846155e+02
4.4100000e+02		4.4200000e+02		4.4150000e+02		5.9491633e+02		5.5337764e+02		7.7401899e+02		6.0476548e+02		1.2158494e+02		4.8318054e+02
4.4200000e+02		4.4300000e+02		4.4250000e+02		6.2544254e+02		5.8214222e+02		8.1368496e+02		6.3572564e+02		1.2677974e+02		5.0894591e+02
4.4300000e+02		4.4400000e+02		4.4350000e+02		6.0497206e+02		5.6345754e+02		7.8702486e+02		6.1486689e+02		1.2163583e+02		4.9323106e+02
4.4400000e+02		4.4500000e+02		4.4450000e+02		6.2324411e+02		5.8082607e+02		8.1073117e+02		6.3335482e+02		1.2428435e+02		5.0907047e+02
4.4500000e+02		4.4600000e+02		4.4550000e+02		5.7783999e+02		5.3886025e+02		7.5164547e+02		5.8716870e+02		1.1429903e+02		4.7286968e+02
4.4600000e+02		4.4700000e+02		4.4650000e+02		5.8940025e+02		5.5001625e+02		7.6669240e+02		5.9889751e+02		1.1565430e+02		4.8324321e+02
4.4700000e+02		4.4800000e+02		4.4750000e+02		6.3881895e+02		5.9651141e+02		8.3095298e+02		6.4906434e+02		1.2434155e+02		5.2472279e+02
4.4800000e+02		4.4900000e+02		4.4850000e+02		6.2805979e+02		5.8683437e+02		8.1693631e+02		6.3808659e+02		1.2126405e+02		5.1682254e+02
4.4900000e+02		4.5000000e+02		4.4950000e+02		6.3454704e+02		5.9326045e+02		8.2534590e+02		6.4462522e+02		1.2153035e+02		5.2309487e+02
4.5000000e+02		4.5100000e+02		4.5050000e+02		6.7325368e+02		6.2982826e+02		8.7565613e+02		6.8388749e+02		1.2790552e+02		5.5598197e+02
4.5100000e+02		4.5200000e+02		4.5150000e+02		6.7122600e+02		6.2830525e+02		8.7298308e+02		6.8176818e+02		1.2649466e+02		5.5527352e+02
4.5200000e+02		4.5300000e+02		4.5250000e+02		6.3541039e+02		5.9513004e+02		8.2636803e+02		6.4533369e+02		1.1878311e+02		5.2655058e+02
4.5300000e+02		4.5400000e+02		4.5350000e+02		6.0888666e+02		5.7061981e+02		7.9184055e+02		6.1834179e+02		1.1291143e+02		5.0543037e+02
4.5400000e+02		4.5500000e+02		4.5450000e+02		6.4999363e+02		6.0949412e+02		8.4526409e+02		6.6002959e+02		1.1956821e+02		5.4046138e+02
4.5500000e+02		4.5600000e+02		4.5550000e+02		6.4380306e+02		6.0403310e+02		8.3717904e+02		6.5368657e+02		1.1748137e+02		5.3620520e+02
4.5600000e+02		4.5700000e+02		4.5650000e+02		6.6853861e+02		6.2759398e+02		8.6930816e+02		6.7874291e+02		1.2101968e+02		5.5772323e+02
4.5700000e+02		4.5800000e+02		4.5750000e+02		6.7499745e+02		6.3401028e+02		8.7767012e+02		6.8524094e+02		1.2121304e+02		5.6402789e+02
4.5800000e+02		4.5900000e+02		4.5850000e+02		6.3439039e+02		5.9619730e+02		8.2483611e+02		6.4396193e+02		1.1301231e+02		5.3094961e+02
4.5900000e+02		4.6000000e+02		4.5950000e+02		6.5539586e+02		6.1627385e+02		8.5211189e+02		6.6522689e+02		1.1582413e+02		5.4940276e+02
4.6000000e+02		4.6100000e+02		4.6050000e+02		6.4752339e+02		6.0919954e+02		8.4184132e+02		6.5717972e+02		1.1352233e+02		5.4365739e+02
4.6100000e+02		4.6200000e+02		4.6150000e+02		6.6245412e+02		6.2357892e+02		8.6121663e+02		6.7227533e+02		1.1521695e+02		5.5705838e+02
4.6200000e+02		4.6300000e+02		4.6250000e+02		6.6901120e+02		6.3008337e+02		8.6970468e+02		6.7887143e+02		1.1543381e+02		5.6343763e+02
4.6300000e+02		4.6400000e+02		4.6350000e+02		6.4662616e+02		6.0931858e+02		8.4056925e+02		6.5610038e+02		1.1068691e+02		5.4541347e+02
4.6400000e+02		4.6500000e+02		4.6450000e+02		6.5795753e+02		6.2031616e+02		8.5526341e+02		6.6754086e+02		1.1173483e+02		5.5580603e+02
4.6500000e+02		4.6600000e+02		4.6550000e+02		6.3552746e+02		5.9947520e+02		8.2607249e+02		6.4472928e+02		1.0707229e+02		5.3765699e+02
4.6600000e+02		4.6700000e+02		4.6650000e+02		6.3955371e+02		6.0357773e+02		8.3127107e+02		6.4875883e+02		1.0689964e+02		5.4185920e+02
4.6700000e+02		4.6800000e+02		4.6750000e+02		6.4572639e+02		6.0970078e+02		8.3924975e+02		6.5495715e+02		1.0707774e+02		5.4787941e+02
4.6800000e+02		4.6900000e+02		4.6850000e+02		6.3145002e+02		5.9651623e+02		8.2066129e+02		6.4042350e+02		1.0388570e+02		5.3653779e+02
4.6900000e+02		4.7000000e+02		4.6950000e+02		6.4956875e+02		6.1392576e+02		8.4416472e+02		6.5873658e+02		1.0602353e+02		5.5271305e+02
4.7000000e+02		4.7100000e+02		4.7050000e+02		6.1381170e+02		5.8041086e+02		7.9766161e+02		6.2242217e+02		9.9399823e+01		5.2302234e+02
4.7100000e+02		4.7200000e+02		4.7150000e+02		6.4174114e+02		6.0710800e+02		8.3391780e+02		6.5068581e+02		1.0310621e+02		5.4757960e+02
4.7200000e+02		4.7300000e+02		4.7250000e+02		6.5742798e+02		6.2224191e+02		8.5426549e+02		6.6653496e+02		1.0479848e+02		5.6173647e+02
4.7300000e+02		4.7400000e+02		4.7350000e+02		6.4563741e+02		6.1135826e+02		8.3889596e+02		6.5451507e+02		1.0211011e+02		5.5240496e+02
4.7400000e+02		4.7500000e+02		4.7450000e+02		6.6512717e+02		6.3012108e+02		8.6420486e+02		6.7423528e+02		1.0437532e+02		5.6985996e+02
4.7500000e+02		4.7600000e+02		4.7550000e+02		6.6365303e+02		6.2902385e+02		8.6226832e+02		6.7269814e+02		1.0333448e+02		5.6936366e+02
4.7600000e+02		4.7700000e+02		4.7650000e+02		6.3952653e+02		6.0643316e+02		8.3088935e+02		6.4819185e+02		9.8802125e+01		5.4938973e+02
4.7700000e+02		4.7800000e+02		4.7750000e+02		6.6772274e+02		6.3345463e+02		8.6748675e+02		6.7671498e+02		1.0235509e+02		5.7435989e+02
4.7800000e+02		4.7900000e+02		4.7850000e+02		6.6128260e+02		6.2762375e+02		8.5908447e+02		6.7013375e+02		1.0057973e+02		5.6955402e+02
4.7900000e+02		4.8000000e+02		4.7950000e+02		6.6320839e+02		6.2972828e+02		8.6155085e+02		6.7203103e+02		1.0008938e+02		5.7194164e+02
4.8000000e+02		4.8100000e+02		4.8050000e+02		6.6489751e+02		6.3160680e+02		8.6370967e+02		6.7368843e+02		9.9566193e+01		5.7412224e+02
4.8100000e+02		4.8200000e+02		4.8150000e+02		6.6630748e+02		6.3321868e+02		8.6550580e+02		6.7506298e+02		9.9004659e+01		5.7605832e+02
4.8200000e+02		4.8300000e+02		4.8250000e+02		6.6376999e+02		6.3107596e+02		8.6217450e+02		6.7243853e+02		9.7864884e+01		5.7457365e+02
4.8300000e+02		4.8400000e+02		4.8350000e+02		6.5373157e+02		6.2179128e+02		8.4909730e+02		6.6221334e+02		9.5639635e+01		5.6657371e+02
4.8400000e+02		4.8500000e+02		4.8450000e+02		6.4242337e+02		6.1128504e+02		8.3436853e+02		6.5070084e+02		9.3258781e+01		5.5744206e+02
4.8500000e+02		4.8600000e+02		4.8550000e+02		6.0369332e+02		5.7466089e+02		7.8402356e+02		6.1141408e+02		8.6958962e+01		5.2445511e+02
4.8600000e+02		4.8700000e+02		4.8650000e+02		5.2412565e+02		4.9913072e+02		6.8066999e+02		5.3079522e+02		7.4919015e+01		4.5587620e+02
4.8700000e+02		4.8800000e+02		4.8750000e+02		5.9966111e+02		5.7128801e+02		7.7872567e+02		6.0723680e+02		8.5055737e+01		5.2218106e+02
4.8800000e+02		4.8900000e+02		4.8850000e+02		6.3081686e+02		6.0121007e+02		8.1915183e+02		6.3873651e+02		8.8788517e+01		5.4994799e+02
4.8900000e+02		4.9000000e+02		4.8950000e+02		6.1880396e+02		5.8999604e+02		8.0352213e+02		6.2652604e+02		8.6430927e+01		5.4009512e+02
4.9000000e+02		4.9100000e+02		4.9050000e+02		6.5907671e+02		6.2864532e+02		8.5578914e+02		6.6725575e+02		9.1353244e+01		5.7590250e+02
4.9100000e+02		4.9200000e+02		4.9150000e+02		6.2110374e+02		5.9265438e+02		8.0644890e+02		6.2876217e+02		8.5431940e+01		5.4333023e+02
4.9200000e+02		4.9300000e+02		4.9250000e+02		5.9112858e+02		5.6427722e+02		7.6750938e+02		5.9838125e+02		8.0690990e+01		5.1769026e+02
4.9300000e+02		4.9400000e+02		4.9350000e+02		6.2472140e+02		5.9657211e+02		8.1109528e+02		6.3233980e+02		8.4627278e+01		5.4771253e+02
4.9400000e+02		4.9500000e+02		4.9450000e+02		6.4279699e+02		6.1406505e+02		8.3453168e+02		6.5058779e+02		8.6413725e+01		5.6417407e+02
4.9500000e+02		4.9600000e+02		4.9550000e+02		6.3133158e+02		6.0333681e+02		8.1961430e+02		6.3893562e+02		8.4227684e+01		5.5470794e+02
4.9600000e+02		4.9700000e+02		4.9650000e+02		6.3921352e+02		6.1109451e+02		8.2981456e+02		6.4686435e+02		8.4632352e+01		5.6223200e+02
4.9700000e+02		4.9800000e+02		4.9750000e+02		6.5113923e+02		6.2272285e+02		8.4526350e+02		6.5888403e+02		8.5558290e+01		5.7332574e+02
4.9800000e+02		4.9900000e+02		4.9850000e+02		5.9175801e+02		5.6613591e+02		7.6814708e+02		5.9875058e+02		7.7167124e+01		5.2158345e+02
4.9900000e+02		5.0000000e+02		4.9950000e+02		6.3385792e+02		6.0662167e+02		8.2275357e+02		6.4129187e+02		8.2030564e+01		5.5926131e+02
