Left Bin Edge (nm)	Right Bin Edge (nm)	Bin Center (nm)		Top of Atm Intensity (erg/s/nm/cm2)		Total Surface Flux (erg/s/nm/cm2)		Total Intensity at BOA (erg/s/nm/cm2)		Total Surface Intensity (erg/s/nm/cm2)		Total Surface Diffuse Intensity (erg/s/nm/cm2)		Total Surface Direct Intensity (erg/s/nm/cm2)
1.0000000e+02		1.0100000e+02		1.0050000e+02		1.9189487e-02		0.0000000e+00		0.0000000e+00		0.0000000e+00		0.0000000e+00		0.0000000e+00
1.0100000e+02		1.0200000e+02		1.0150000e+02		7.4861701e-02		0.0000000e+00		0.0000000e+00		0.0000000e+00		0.0000000e+00		0.0000000e+00
1.0200000e+02		1.0300000e+02		1.0250000e+02		3.9734366e-01		0.0000000e+00		0.0000000e+00		0.0000000e+00		0.0000000e+00		0.0000000e+00
1.0300000e+02		1.0400000e+02		1.0350000e+02		3.0179545e-01		0.0000000e+00		0.0000000e+00		0.0000000e+00		0.0000000e+00		0.0000000e+00
1.0400000e+02		1.0500000e+02		1.0450000e+02		6.0815352e-02		0.0000000e+00		0.0000000e+00		0.0000000e+00		0.0000000e+00		0.0000000e+00
1.0500000e+02		1.0600000e+02		1.0550000e+02		2.0834600e-02		0.0000000e+00		0.0000000e+00		0.0000000e+00		0.0000000e+00		0.0000000e+00
1.0600000e+02		1.0700000e+02		1.0650000e+02		1.9584792e-02		0.0000000e+00		0.0000000e+00		0.0000000e+00		0.0000000e+00		0.0000000e+00
1.0700000e+02		1.0800000e+02		1.0750000e+02		2.1853879e-02		0.0000000e+00		0.0000000e+00		0.0000000e+00		0.0000000e+00		0.0000000e+00
1.0800000e+02		1.0900000e+02		1.0850000e+02		3.0634999e-02		0.0000000e+00		0.0000000e+00		0.0000000e+00		0.0000000e+00		0.0000000e+00
1.0900000e+02		1.1000000e+02		1.0950000e+02		2.4032561e-02		0.0000000e+00		0.0000000e+00		0.0000000e+00		0.0000000e+00		0.0000000e+00
1.1000000e+02		1.1100000e+02		1.1050000e+02		2.3268893e-02		0.0000000e+00		0.0000000e+00		0.0000000e+00		0.0000000e+00		0.0000000e+00
1.1100000e+02		1.1200000e+02		1.1150000e+02		2.1871272e-02		0.0000000e+00		0.0000000e+00		0.0000000e+00		0.0000000e+00		0.0000000e+00
1.1200000e+02		1.1300000e+02		1.1250000e+02		2.2375602e-02		0.0000000e+00		0.0000000e+00		0.0000000e+00		0.0000000e+00		0.0000000e+00
1.1300000e+02		1.1400000e+02		1.1350000e+02		1.7748133e-02		0.0000000e+00		0.0000000e+00		0.0000000e+00		0.0000000e+00		0.0000000e+00
1.1400000e+02		1.1500000e+02		1.1450000e+02		1.3589480e-02		0.0000000e+00		0.0000000e+00		0.0000000e+00		0.0000000e+00		0.0000000e+00
1.1500000e+02		1.1600000e+02		1.1550000e+02		1.8751615e-02		0.0000000e+00		0.0000000e+00		0.0000000e+00		0.0000000e+00		0.0000000e+00
1.1600000e+02		1.1700000e+02		1.1650000e+02		4.3674487e-02		0.0000000e+00		0.0000000e+00		0.0000000e+00		0.0000000e+00		0.0000000e+00
1.1700000e+02		1.1800000e+02		1.1750000e+02		1.5546757e-01		0.0000000e+00		0.0000000e+00		0.0000000e+00		0.0000000e+00		0.0000000e+00
1.1800000e+02		1.1900000e+02		1.1850000e+02		5.2889236e-02		0.0000000e+00		0.0000000e+00		0.0000000e+00		0.0000000e+00		0.0000000e+00
1.1900000e+02		1.2000000e+02		1.1950000e+02		7.3692884e-02		0.0000000e+00		0.0000000e+00		0.0000000e+00		0.0000000e+00		0.0000000e+00
1.2000000e+02		1.2100000e+02		1.2050000e+02		4.0066072e-01		0.0000000e+00		0.0000000e+00		0.0000000e+00		0.0000000e+00		0.0000000e+00
1.2100000e+02		1.2200000e+02		1.2150000e+02		1.5905289e+01		0.0000000e+00		0.0000000e+00		0.0000000e+00		0.0000000e+00		0.0000000e+00
1.2200000e+02		1.2300000e+02		1.2250000e+02		1.0666543e-01		0.0000000e+00		0.0000000e+00		0.0000000e+00		0.0000000e+00		0.0000000e+00
1.2300000e+02		1.2400000e+02		1.2350000e+02		5.7456553e-02		0.0000000e+00		0.0000000e+00		0.0000000e+00		0.0000000e+00		0.0000000e+00
1.2400000e+02		1.2500000e+02		1.2450000e+02		4.6184197e-02		0.0000000e+00		0.0000000e+00		0.0000000e+00		0.0000000e+00		0.0000000e+00
1.2500000e+02		1.2600000e+02		1.2550000e+02		4.5085118e-02		0.0000000e+00		0.0000000e+00		0.0000000e+00		0.0000000e+00		0.0000000e+00
1.2600000e+02		1.2700000e+02		1.2650000e+02		6.3054464e-02		0.0000000e+00		0.0000000e+00		0.0000000e+00		0.0000000e+00		0.0000000e+00
1.2700000e+02		1.2800000e+02		1.2750000e+02		3.3006429e-02		0.0000000e+00		0.0000000e+00		0.0000000e+00		0.0000000e+00		0.0000000e+00
1.2800000e+02		1.2900000e+02		1.2850000e+02		2.6335196e-02		0.0000000e+00		0.0000000e+00		0.0000000e+00		0.0000000e+00		0.0000000e+00
1.2900000e+02		1.3000000e+02		1.2950000e+02		3.5131240e-02		0.0000000e+00		0.0000000e+00		0.0000000e+00		0.0000000e+00		0.0000000e+00
1.3000000e+02		1.3100000e+02		1.3050000e+02		2.8850634e-01		0.0000000e+00		0.0000000e+00		0.0000000e+00		0.0000000e+00		0.0000000e+00
1.3100000e+02		1.3200000e+02		1.3150000e+02		3.9064855e-02		0.0000000e+00		0.0000000e+00		0.0000000e+00		0.0000000e+00		0.0000000e+00
1.3200000e+02		1.3300000e+02		1.3250000e+02		3.0374778e-02		0.0000000e+00		0.0000000e+00		0.0000000e+00		0.0000000e+00		0.0000000e+00
1.3300000e+02		1.3400000e+02		1.3350000e+02		4.1056606e-01		0.0000000e+00		0.0000000e+00		0.0000000e+00		0.0000000e+00		0.0000000e+00
1.3400000e+02		1.3500000e+02		1.3450000e+02		2.8092500e-02		0.0000000e+00		0.0000000e+00		0.0000000e+00		0.0000000e+00		0.0000000e+00
1.3500000e+02		1.3600000e+02		1.3550000e+02		5.8954708e-02		0.0000000e+00		0.0000000e+00		0.0000000e+00		0.0000000e+00		0.0000000e+00
1.3600000e+02		1.3700000e+02		1.3650000e+02		3.8690656e-02		0.0000000e+00		0.0000000e+00		0.0000000e+00		0.0000000e+00		0.0000000e+00
1.3700000e+02		1.3800000e+02		1.3750000e+02		3.9732879e-02		0.0000000e+00		0.0000000e+00		0.0000000e+00		0.0000000e+00		0.0000000e+00
1.3800000e+02		1.3900000e+02		1.3850000e+02		4.0549866e-02		0.0000000e+00		0.0000000e+00		0.0000000e+00		0.0000000e+00		0.0000000e+00
1.3900000e+02		1.4000000e+02		1.3950000e+02		1.3692187e-01		0.0000000e+00		0.0000000e+00		0.0000000e+00		0.0000000e+00		0.0000000e+00
1.4000000e+02		1.4100000e+02		1.4050000e+02		1.1939088e-01		0.0000000e+00		0.0000000e+00		0.0000000e+00		0.0000000e+00		0.0000000e+00
1.4100000e+02		1.4200000e+02		1.4150000e+02		5.7521948e-02		0.0000000e+00		0.0000000e+00		0.0000000e+00		0.0000000e+00		0.0000000e+00
1.4200000e+02		1.4300000e+02		1.4250000e+02		6.2343151e-02		0.0000000e+00		0.0000000e+00		0.0000000e+00		0.0000000e+00		0.0000000e+00
1.4300000e+02		1.4400000e+02		1.4350000e+02		6.9165895e-02		0.0000000e+00		0.0000000e+00		0.0000000e+00		0.0000000e+00		0.0000000e+00
1.4400000e+02		1.4500000e+02		1.4450000e+02		6.6149126e-02		0.0000000e+00		0.0000000e+00		0.0000000e+00		0.0000000e+00		0.0000000e+00
1.4500000e+02		1.4600000e+02		1.4550000e+02		7.0536262e-02		0.0000000e+00		0.0000000e+00		0.0000000e+00		0.0000000e+00		0.0000000e+00
1.4600000e+02		1.4700000e+02		1.4650000e+02		8.6012655e-02		0.0000000e+00		0.0000000e+00		0.0000000e+00		0.0000000e+00		0.0000000e+00
1.4700000e+02		1.4800000e+02		1.4750000e+02		1.0610345e-01		0.0000000e+00		0.0000000e+00		0.0000000e+00		0.0000000e+00		0.0000000e+00
1.4800000e+02		1.4900000e+02		1.4850000e+02		1.0405386e-01		0.0000000e+00		0.0000000e+00		0.0000000e+00		0.0000000e+00		0.0000000e+00
1.4900000e+02		1.5000000e+02		1.4950000e+02		9.4002421e-02		0.0000000e+00		0.0000000e+00		0.0000000e+00		0.0000000e+00		0.0000000e+00
1.5000000e+02		1.5100000e+02		1.5050000e+02		1.0343288e-01		0.0000000e+00		0.0000000e+00		0.0000000e+00		0.0000000e+00		0.0000000e+00
1.5100000e+02		1.5200000e+02		1.5150000e+02		1.0875212e-01		0.0000000e+00		0.0000000e+00		0.0000000e+00		0.0000000e+00		0.0000000e+00
1.5200000e+02		1.5300000e+02		1.5250000e+02		1.3876638e-01		0.0000000e+00		0.0000000e+00		0.0000000e+00		0.0000000e+00		0.0000000e+00
1.5300000e+02		1.5400000e+02		1.5350000e+02		1.5371418e-01		0.0000000e+00		0.0000000e+00		0.0000000e+00		0.0000000e+00		0.0000000e+00
1.5400000e+02		1.5500000e+02		1.5450000e+02		4.1112511e-01		0.0000000e+00		0.0000000e+00		0.0000000e+00		0.0000000e+00		0.0000000e+00
1.5500000e+02		1.5600000e+02		1.5550000e+02		3.3836363e-01		0.0000000e+00		0.0000000e+00		0.0000000e+00		0.0000000e+00		0.0000000e+00
1.5600000e+02		1.5700000e+02		1.5650000e+02		2.0084632e-01		0.0000000e+00		0.0000000e+00		0.0000000e+00		0.0000000e+00		0.0000000e+00
1.5700000e+02		1.5800000e+02		1.5750000e+02		1.8216796e-01		0.0000000e+00		0.0000000e+00		0.0000000e+00		0.0000000e+00		0.0000000e+00
1.5800000e+02		1.5900000e+02		1.5850000e+02		1.6795176e-01		0.0000000e+00		0.0000000e+00		0.0000000e+00		0.0000000e+00		0.0000000e+00
1.5900000e+02		1.6000000e+02		1.5950000e+02		1.6379377e-01		0.0000000e+00		0.0000000e+00		0.0000000e+00		0.0000000e+00		0.0000000e+00
1.6000000e+02		1.6100000e+02		1.6050000e+02		1.7926410e-01		0.0000000e+00		0.0000000e+00		0.0000000e+00		0.0000000e+00		0.0000000e+00
1.6100000e+02		1.6200000e+02		1.6150000e+02		2.0306941e-01		0.0000000e+00		0.0000000e+00		0.0000000e+00		0.0000000e+00		0.0000000e+00
1.6200000e+02		1.6300000e+02		1.6250000e+02		2.2492895e-01		0.0000000e+00		0.0000000e+00		0.0000000e+00		0.0000000e+00		0.0000000e+00
1.6300000e+02		1.6400000e+02		1.6350000e+02		4.7671727e-01		0.0000000e+00		0.0000000e+00		0.0000000e+00		0.0000000e+00		0.0000000e+00
1.6400000e+02		1.6500000e+02		1.6450000e+02		4.8753270e-01		0.0000000e+00		0.0000000e+00		0.0000000e+00		0.0000000e+00		0.0000000e+00
1.6500000e+02		1.6600000e+02		1.6550000e+02		5.7072689e-01		0.0000000e+00		0.0000000e+00		0.0000000e+00		0.0000000e+00		0.0000000e+00
1.6600000e+02		1.6700000e+02		1.6650000e+02		2.6919628e-01		0.0000000e+00		0.0000000e+00		0.0000000e+00		0.0000000e+00		0.0000000e+00
1.6700000e+02		1.6800000e+02		1.6750000e+02		2.8728373e-01		0.0000000e+00		0.0000000e+00		0.0000000e+00		0.0000000e+00		0.0000000e+00
1.6800000e+02		1.6900000e+02		1.6850000e+02		3.0958866e-01		0.0000000e+00		0.0000000e+00		0.0000000e+00		0.0000000e+00		0.0000000e+00
1.6900000e+02		1.7000000e+02		1.6950000e+02		3.8988989e-01		0.0000000e+00		0.0000000e+00		0.0000000e+00		0.0000000e+00		0.0000000e+00
1.7000000e+02		1.7100000e+02		1.7050000e+02		4.3752516e-01		0.0000000e+00		0.0000000e+00		0.0000000e+00		0.0000000e+00		0.0000000e+00
1.7100000e+02		1.7200000e+02		1.7150000e+02		4.3618394e-01		0.0000000e+00		0.0000000e+00		0.0000000e+00		0.0000000e+00		0.0000000e+00
1.7200000e+02		1.7300000e+02		1.7250000e+02		4.5514763e-01		0.0000000e+00		0.0000000e+00		0.0000000e+00		0.0000000e+00		0.0000000e+00
1.7300000e+02		1.7400000e+02		1.7350000e+02		4.5120572e-01		0.0000000e+00		0.0000000e+00		0.0000000e+00		0.0000000e+00		0.0000000e+00
1.7400000e+02		1.7500000e+02		1.7450000e+02		5.3951828e-01		0.0000000e+00		0.0000000e+00		0.0000000e+00		0.0000000e+00		0.0000000e+00
1.7500000e+02		1.7600000e+02		1.7550000e+02		6.4389120e-01		0.0000000e+00		0.0000000e+00		0.0000000e+00		0.0000000e+00		0.0000000e+00
1.7600000e+02		1.7700000e+02		1.7650000e+02		6.9472845e-01		0.0000000e+00		0.0000000e+00		0.0000000e+00		0.0000000e+00		0.0000000e+00
1.7700000e+02		1.7800000e+02		1.7750000e+02		8.1849614e-01		0.0000000e+00		0.0000000e+00		0.0000000e+00		0.0000000e+00		0.0000000e+00
1.7800000e+02		1.7900000e+02		1.7850000e+02		8.9455089e-01		0.0000000e+00		0.0000000e+00		0.0000000e+00		0.0000000e+00		0.0000000e+00
1.7900000e+02		1.8000000e+02		1.7950000e+02		8.6966614e-01		0.0000000e+00		0.0000000e+00		0.0000000e+00		0.0000000e+00		0.0000000e+00
1.8000000e+02		1.8100000e+02		1.8050000e+02		1.0753674e+00		0.0000000e+00		0.0000000e+00		0.0000000e+00		0.0000000e+00		0.0000000e+00
1.8100000e+02		1.8200000e+02		1.8150000e+02		1.3093431e+00		0.0000000e+00		0.0000000e+00		0.0000000e+00		0.0000000e+00		0.0000000e+00
1.8200000e+02		1.8300000e+02		1.8250000e+02		1.2087370e+00		0.0000000e+00		0.0000000e+00		0.0000000e+00		0.0000000e+00		0.0000000e+00
1.8300000e+02		1.8400000e+02		1.8350000e+02		1.2728289e+00		0.0000000e+00		0.0000000e+00		0.0000000e+00		0.0000000e+00		0.0000000e+00
1.8400000e+02		1.8500000e+02		1.8450000e+02		1.0940339e+00		0.0000000e+00		0.0000000e+00		0.0000000e+00		0.0000000e+00		0.0000000e+00
1.8500000e+02		1.8600000e+02		1.8550000e+02		1.2372281e+00		0.0000000e+00		0.0000000e+00		0.0000000e+00		0.0000000e+00		0.0000000e+00
1.8600000e+02		1.8700000e+02		1.8650000e+02		1.4037992e+00		0.0000000e+00		0.0000000e+00		0.0000000e+00		0.0000000e+00		0.0000000e+00
1.8700000e+02		1.8800000e+02		1.8750000e+02		1.5907538e+00		0.0000000e+00		0.0000000e+00		0.0000000e+00		0.0000000e+00		0.0000000e+00
1.8800000e+02		1.8900000e+02		1.8850000e+02		1.6735993e+00		2.0825580e-207		0.0000000e+00		2.0844686e-207		4.5206606e-210		2.0799480e-207
1.8900000e+02		1.9000000e+02		1.8950000e+02		1.8559600e+00		7.9956426e-138		0.0000000e+00		8.0064355e-138		2.5536324e-140		7.9808992e-138
1.9000000e+02		1.9100000e+02		1.9050000e+02		1.9109940e+00		2.1201966e-89		5.7424378e-86		2.1245167e-89		1.0221418e-91		2.1142953e-89
1.9100000e+02		1.9200000e+02		1.9150000e+02		2.0707336e+00		1.4258871e-62		3.7029397e-60		1.4299531e-62		9.6201481e-65		1.4203329e-62
1.9200000e+02		1.9300000e+02		1.9250000e+02		2.1685186e+00		4.8251312e-44		2.4821828e-42		4.8443083e-44		4.5373527e-46		4.7989348e-44
1.9300000e+02		1.9400000e+02		1.9350000e+02		1.6554009e+00		2.3802142e-32		4.3613685e-31		2.3929166e-32		3.0054115e-34		2.3628624e-32
1.9400000e+02		1.9500000e+02		1.9450000e+02		2.6556632e+00		8.3275447e-26		8.7733236e-25		8.3818804e-26		1.2855983e-27		8.2533206e-26
1.9500000e+02		1.9600000e+02		1.9550000e+02		2.5630279e+00		6.2574429e-21		4.3034701e-20		6.3069424e-21		1.1711725e-22		6.1898252e-21
1.9600000e+02		1.9700000e+02		1.9650000e+02		2.8204934e+00		2.8983529e-18		1.5860852e-17		2.9240769e-18		6.0863486e-20		2.8632134e-18
1.9700000e+02		1.9800000e+02		1.9750000e+02		2.8068384e+00		3.4085283e-16		1.5576520e-15		3.4420106e-16		7.9220133e-18		3.3627905e-16
1.9800000e+02		1.9900000e+02		1.9850000e+02		2.7505577e+00		2.3244727e-09		5.8981145e-09		2.3642468e-09		9.4106342e-11		2.2701404e-09
1.9900000e+02		2.0000000e+02		1.9950000e+02		2.8965557e+00		1.8337654e-03		2.9947359e-03		1.9354971e-03		2.4069978e-04		1.6947974e-03
2.0000000e+02		2.0100000e+02		2.0050000e+02		3.0623388e+00		3.4160256e-03		5.5092227e-03		3.6224855e-03		4.8848953e-04		3.1339960e-03
2.0100000e+02		2.0200000e+02		2.0150000e+02		3.2593670e+00		8.6573634e-03		1.3749495e-02		9.2743599e-03		1.4598293e-03		7.8145306e-03
2.0200000e+02		2.0300000e+02		2.0250000e+02		3.2217937e+00		1.3678113e-02		2.1567430e-02		1.4744926e-02		2.5241066e-03		1.2220819e-02
2.0300000e+02		2.0400000e+02		2.0350000e+02		3.4484145e+00		2.5215438e-02		3.9513308e-02		2.7429768e-02		5.2391613e-03		2.2190607e-02
2.0400000e+02		2.0500000e+02		2.0450000e+02		3.7117169e+00		4.2335341e-02		6.6093556e-02		4.6449455e-02		9.7340991e-03		3.6715356e-02
2.0500000e+02		2.0600000e+02		2.0550000e+02		3.7200399e+00		6.1210684e-02		9.5356250e-02		6.7691653e-02		1.5334136e-02		5.2357516e-02
2.0600000e+02		2.0700000e+02		2.0650000e+02		3.7247532e+00		8.4002799e-02		1.3071066e-01		9.3590439e-02		2.2684600e-02		7.0905839e-02
2.0700000e+02		2.0800000e+02		2.0750000e+02		4.0454145e+00		1.1985189e-01		1.8638771e-01		1.3444948e-01		3.4538262e-02		9.9911218e-02
2.0800000e+02		2.0900000e+02		2.0850000e+02		4.3759554e+00		1.6452937e-01		2.5585272e-01		1.8575822e-01		5.0227995e-02		1.3553022e-01
2.0900000e+02		2.1000000e+02		2.0950000e+02		5.6528678e+00		2.6449246e-01		4.1138961e-01		3.0046441e-01		8.5110536e-02		2.1535387e-01
2.1000000e+02		2.1100000e+02		2.1050000e+02		6.9678423e+00		4.0322832e-01		6.2746905e-01		4.6093069e-01		1.3652528e-01		3.2440541e-01
2.1100000e+02		2.1200000e+02		2.1150000e+02		7.9326445e+00		5.5932460e-01		8.7116599e-01		6.4340405e-01		1.9893412e-01		4.4446994e-01
2.1200000e+02		2.1300000e+02		2.1250000e+02		7.0734222e+00		6.0051204e-01		9.3629082e-01		6.9501619e-01		2.2359923e-01		4.7141696e-01
2.1300000e+02		2.1400000e+02		2.1350000e+02		7.2066449e+00		7.2219547e-01		1.1271927e+00		8.4053364e-01		2.7999111e-01		5.6054253e-01
2.1400000e+02		2.1500000e+02		2.1450000e+02		9.2279181e+00		1.0820915e+00		1.6909542e+00		1.2663812e+00		4.3603408e-01		8.3034708e-01
2.1500000e+02		2.1600000e+02		2.1550000e+02		7.9257408e+00		1.0882142e+00		1.7031023e+00		1.2810381e+00		4.5622620e-01		8.2481186e-01
2.1600000e+02		2.1700000e+02		2.1650000e+02		7.3353469e+00		1.1719759e+00		1.8367838e+00		1.3873628e+00		5.0961083e-01		8.7775197e-01
2.1700000e+02		2.1800000e+02		2.1750000e+02		7.5953881e+00		1.4016778e+00		2.2010168e+00		1.6691710e+00		6.3289567e-01		1.0362753e+00
2.1800000e+02		2.1900000e+02		2.1850000e+02		1.0217230e+01		2.1505704e+00		3.3822762e+00		2.5743919e+00		1.0027723e+00		1.5716195e+00
2.1900000e+02		2.2000000e+02		2.1950000e+02		1.0786519e+01		2.5580577e+00		4.0296792e+00		3.0774291e+00		1.2288460e+00		1.8485831e+00
2.2000000e+02		2.2100000e+02		2.2050000e+02		1.0851638e+01		2.8807579e+00		4.5446549e+00		3.4816777e+00		1.4217914e+00		2.0598863e+00
2.2100000e+02		2.2200000e+02		2.2150000e+02		8.6872371e+00		2.5649435e+00		4.0526935e+00		3.1140900e+00		1.2992947e+00		1.8147953e+00
2.2200000e+02		2.2300000e+02		2.2250000e+02		1.1691346e+01		3.8169380e+00		6.0396180e+00		4.6539845e+00		1.9804734e+00		2.6735111e+00
2.2300000e+02		2.2400000e+02		2.2350000e+02		1.5139682e+01		5.4186176e+00		8.5859501e+00		6.6333441e+00		2.8740737e+00		3.7592704e+00
2.2400000e+02		2.2500000e+02		2.2450000e+02		1.4154944e+01		5.5148411e+00		8.7507298e+00		6.7770065e+00		2.9863155e+00		3.7906911e+00
2.2500000e+02		2.2600000e+02		2.2550000e+02		1.2365614e+01		5.2188803e+00		8.2909136e+00		6.4354493e+00		2.8784331e+00		3.5570162e+00
2.2600000e+02		2.2700000e+02		2.2650000e+02		9.0577089e+00		4.1135547e+00		6.5433260e+00		5.0896460e+00		2.3094567e+00		2.7801893e+00
2.2700000e+02		2.2800000e+02		2.2750000e+02		8.8108381e+00		4.2933372e+00		6.8374368e+00		5.3291246e+00		2.4506991e+00		2.8784254e+00
2.2800000e+02		2.2900000e+02		2.2850000e+02		1.2275156e+01		6.3678712e+00		1.0149229e+01		7.9243505e+00		3.6826695e+00		4.2416810e+00
2.2900000e+02		2.3000000e+02		2.2950000e+02		1.1031259e+01		6.0691606e+00		9.6804556e+00		7.5709321e+00		3.5532295e+00		4.0177026e+00
2.3000000e+02		2.3100000e+02		2.3050000e+02		1.2510180e+01		7.2784374e+00		1.1620791e+01		9.1031098e+00		4.3172212e+00		4.7858886e+00
2.3100000e+02		2.3200000e+02		2.3150000e+02		1.1791833e+01		7.2187709e+00		1.1533459e+01		9.0478233e+00		4.3275843e+00		4.7202389e+00
2.3200000e+02		2.3300000e+02		2.3250000e+02		1.2664003e+01		8.1043888e+00		1.2952663e+01		1.0173847e+01		4.8963895e+00		5.2774570e+00
2.3300000e+02		2.3400000e+02		2.3350000e+02		1.1428554e+01		7.6101245e+00		1.2168800e+01		9.5691453e+00		4.6350929e+00		4.9340523e+00
2.3400000e+02		2.3500000e+02		2.3450000e+02		9.9864853e+00		6.8934404e+00		1.1026003e+01		8.6794309e+00		4.2256990e+00		4.4537319e+00
2.3500000e+02		2.3600000e+02		2.3550000e+02		1.3443360e+01		9.5864753e+00		1.5337431e+01		1.2084649e+01		5.9107425e+00		6.1739065e+00
2.3600000e+02		2.3700000e+02		2.3650000e+02		1.2448020e+01		9.1466563e+00		1.4631839e+01		1.1538261e+01		5.6585966e+00		5.8796640e+00
2.3700000e+02		2.3800000e+02		2.3750000e+02		1.3294723e+01		1.0032355e+01		1.6046092e+01		1.2662897e+01		6.2239298e+00		6.4389673e+00
2.3800000e+02		2.3900000e+02		2.3850000e+02		1.1021422e+01		8.5160875e+00		1.3617284e+01		1.0753233e+01		5.2931427e+00		5.4600901e+00
2.3900000e+02		2.4000000e+02		2.3950000e+02		1.2008577e+01		9.4739211e+00		1.5143928e+01		1.1965693e+01		5.8955955e+00		6.0700975e+00
2.4000000e+02		2.4100000e+02		2.4050000e+02		1.1032163e+01		8.8652537e+00		1.4167553e+01		1.1200134e+01		5.5243856e+00		5.6757482e+00
2.4100000e+02		2.4200000e+02		2.4150000e+02		1.2918879e+01		1.0550475e+01		1.6851684e+01		1.3327883e+01		6.5714183e+00		6.7564648e+00
2.4200000e+02		2.4300000e+02		2.4250000e+02		1.7782729e+01		1.4734074e+01		2.3520987e+01		1.8609869e+01		9.1702291e+00		9.4396400e+00
2.4300000e+02		2.4400000e+02		2.4350000e+02		1.6701989e+01		1.4013749e+01		2.2356481e+01		1.7694378e+01		8.7084610e+00		8.9859166e+00
2.4400000e+02		2.4500000e+02		2.4450000e+02		1.5641720e+01		1.3269046e+01		2.1152488e+01		1.6746133e+01		8.2268758e+00		8.5192575e+00
2.4500000e+02		2.4600000e+02		2.4550000e+02		1.2691134e+01		1.0872174e+01		1.7319592e+01		1.3715197e+01		6.7266652e+00		6.9885319e+00
2.4600000e+02		2.4700000e+02		2.4650000e+02		1.2350906e+01		1.0672329e+01		1.6984778e+01		1.3452647e+01		6.5783019e+00		6.8743447e+00
2.4700000e+02		2.4800000e+02		2.4750000e+02		1.3639226e+01		1.1874389e+01		1.8884751e+01		1.4960445e+01		7.3016884e+00		7.6587569e+00
2.4800000e+02		2.4900000e+02		2.4850000e+02		1.0938846e+01		9.5865929e+00		1.5235492e+01		1.2071580e+01		5.8795423e+00		6.1920375e+00
2.4900000e+02		2.5000000e+02		2.4950000e+02		1.3333262e+01		1.1752915e+01		1.8661646e+01		1.4788112e+01		7.1813541e+00		7.6067582e+00
2.5000000e+02		2.5100000e+02		2.5050000e+02		1.4401571e+01		1.2758355e+01		2.0239229e+01		1.6039861e+01		7.7641250e+00		8.2757358e+00
2.5100000e+02		2.5200000e+02		2.5150000e+02		1.2007424e+01		1.0682708e+01		1.6930829e+01		1.3419007e+01		6.4741517e+00		6.9448552e+00
2.5200000e+02		2.5300000e+02		2.5250000e+02		1.0794009e+01		9.6388831e+00		1.5263528e+01		1.2098459e+01		5.8194184e+00		6.2790404e+00
2.5300000e+02		2.5400000e+02		2.5350000e+02		1.3602371e+01		1.2186968e+01		1.9280177e+01		1.5283001e+01		7.3252934e+00		7.9577079e+00
2.5400000e+02		2.5500000e+02		2.5450000e+02		1.5384114e+01		1.3823150e+01		2.1850422e+01		1.7321314e+01		8.2767459e+00		9.0445685e+00
2.5500000e+02		2.5600000e+02		2.5550000e+02		2.0992062e+01		1.8912067e+01		2.9865959e+01		2.3676140e+01		1.1271917e+01		1.2404223e+01
2.5600000e+02		2.5700000e+02		2.5650000e+02		2.7040612e+01		2.4420446e+01		3.8526396e+01		3.0542236e+01		1.4484309e+01		1.6057926e+01
2.5700000e+02		2.5800000e+02		2.5750000e+02		3.3946512e+01		3.0723660e+01		4.8426488e+01		3.8391459e+01		1.8142207e+01		2.0249252e+01
2.5800000e+02		2.5900000e+02		2.5850000e+02		3.5732434e+01		3.2402761e+01		5.1035512e+01		4.0461245e+01		1.9066578e+01		2.1394667e+01
2.5900000e+02		2.6000000e+02		2.5950000e+02		3.0409976e+01		2.7559127e+01		4.3358904e+01		3.4372725e+01		1.6121147e+01		1.8251578e+01
2.6000000e+02		2.6100000e+02		2.6050000e+02		2.4915606e+01		2.2570064e+01		3.5472498e+01		2.8119025e+01		1.3128982e+01		1.4990042e+01
2.6100000e+02		2.6200000e+02		2.6150000e+02		2.5442742e+01		2.3081831e+01		3.6250962e+01		2.8736728e+01		1.3379629e+01		1.5357098e+01
2.6200000e+02		2.6300000e+02		2.6250000e+02		3.0366547e+01		2.7594854e+01		4.3303914e+01		3.4328133e+01		1.5931107e+01		1.8397025e+01
2.6300000e+02		2.6400000e+02		2.6350000e+02		4.5700096e+01		4.1573045e+01		6.5181364e+01		5.1670181e+01		2.3890082e+01		2.7780100e+01
2.6400000e+02		2.6500000e+02		2.6450000e+02		7.1249372e+01		6.4959414e+01		1.0176246e+02		8.0669899e+01		3.7171407e+01		4.3498492e+01
2.6500000e+02		2.6600000e+02		2.6550000e+02		7.4731454e+01		6.8216659e+01		1.0678760e+02		8.4653973e+01		3.8891103e+01		4.5762870e+01
2.6600000e+02		2.6700000e+02		2.6650000e+02		7.2446611e+01		6.6206456e+01		1.0354160e+02		8.2078594e+01		3.7553882e+01		4.4524712e+01
2.6700000e+02		2.6800000e+02		2.6750000e+02		7.2937204e+01		6.6761687e+01		1.0434470e+02		8.2717239e+01		3.7751240e+01		4.4965999e+01
2.6800000e+02		2.6900000e+02		2.6850000e+02		7.2239021e+01		6.6221338e+01		1.0342810e+02		8.1991539e+01		3.7312697e+01		4.4678842e+01
2.6900000e+02		2.7000000e+02		2.6950000e+02		6.7758000e+01		6.2170612e+01		9.7009686e+01		7.6900706e+01		3.4851777e+01		4.2048929e+01
2.7000000e+02		2.7100000e+02		2.7050000e+02		7.8281462e+01		7.1912863e+01		1.1211714e+02		8.8875072e+01		4.0133017e+01		4.8742055e+01
2.7100000e+02		2.7200000e+02		2.7150000e+02		6.5051220e+01		5.9792903e+01		9.3176344e+01		7.3861672e+01		3.3287065e+01		4.0574607e+01
2.7200000e+02		2.7300000e+02		2.7250000e+02		5.2331568e+01		4.8183727e+01		7.5022156e+01		5.9470170e+01		2.6704009e+01		3.2766161e+01
2.7300000e+02		2.7400000e+02		2.7350000e+02		5.5800645e+01		5.1430059e+01		8.0024666e+01		6.3435584e+01		2.8405376e+01		3.5030208e+01
2.7400000e+02		2.7500000e+02		2.7450000e+02		3.8398649e+01		3.5425951e+01		5.5086551e+01		4.3666974e+01		1.9498471e+01		2.4168504e+01
2.7500000e+02		2.7600000e+02		2.7550000e+02		5.1208696e+01		4.7265292e+01		7.3449235e+01		5.8222089e+01		2.5924061e+01		3.2298028e+01
2.7600000e+02		2.7700000e+02		2.7650000e+02		7.1318275e+01		6.5899300e+01		1.0232772e+02		8.1112178e+01		3.5994055e+01		4.5118123e+01
2.7700000e+02		2.7800000e+02		2.7750000e+02		6.8188493e+01		6.3084318e+01		9.7919033e+01		7.7620043e+01		3.4391895e+01		4.3228148e+01
2.7800000e+02		2.7900000e+02		2.7850000e+02		4.7024496e+01		4.3545026e+01		6.7549266e+01		5.3545815e+01		2.3662120e+01		2.9883695e+01
2.7900000e+02		2.8000000e+02		2.7950000e+02		2.6422560e+01		2.4483137e+01		3.7951455e+01		3.0082967e+01		1.3249339e+01		1.6833628e+01
2.8000000e+02		2.8100000e+02		2.8050000e+02		2.8982131e+01		2.6871419e+01		4.1623933e+01		3.2993127e+01		1.4484117e+01		1.8509010e+01
2.8100000e+02		2.8200000e+02		2.8150000e+02		6.0033324e+01		5.5719850e+01		8.6254547e+01		6.8368805e+01		2.9927749e+01		3.8441056e+01
2.8200000e+02		2.8300000e+02		2.8250000e+02		8.1733762e+01		7.5933035e+01		1.1747165e+02		9.3111763e+01		4.0645308e+01		5.2466455e+01
2.8300000e+02		2.8400000e+02		2.8350000e+02		8.4433091e+01		7.8510814e+01		1.2138119e+02		9.6209049e+01		4.1874475e+01		5.4334574e+01
2.8400000e+02		2.8500000e+02		2.8450000e+02		6.2255376e+01		5.7940980e+01		8.9545348e+01		7.0976636e+01		3.0842693e+01		4.0133943e+01
2.8500000e+02		2.8600000e+02		2.8550000e+02		4.0018063e+01		3.7269392e+01		5.7568478e+01		4.5630393e+01		1.9782340e+01		2.5848053e+01
2.8600000e+02		2.8700000e+02		2.8650000e+02		8.2001717e+01		7.6440587e+01		1.1799272e+02		9.3522073e+01		4.0415230e+01		5.3106843e+01
2.8700000e+02		2.8800000e+02		2.8750000e+02		9.5189148e+01		8.8781733e+01		1.3698581e+02		1.0857639e+02		4.6834659e+01		6.1741730e+01
2.8800000e+02		2.8900000e+02		2.8850000e+02		9.0460934e+01		8.4433515e+01		1.3019037e+02		1.0318747e+02		4.4372324e+01		5.8815141e+01
2.8900000e+02		2.9000000e+02		2.8950000e+02		1.3728321e+02		1.2818386e+02		1.9759237e+02		1.5661142e+02		6.7260343e+01		8.9351079e+01
2.9000000e+02		2.9100000e+02		2.9050000e+02		1.8023325e+02		1.6837093e+02		2.5938060e+02		2.0557898e+02		8.8035195e+01		1.1754379e+02
2.9100000e+02		2.9200000e+02		2.9150000e+02		1.7359450e+02		1.6229116e+02		2.4986064e+02		1.9802915e+02		8.4556987e+01		1.1347216e+02
2.9200000e+02		2.9300000e+02		2.9250000e+02		1.5421676e+02		1.4431373e+02		2.2205275e+02		1.7598708e+02		7.4939950e+01		1.0104713e+02
2.9300000e+02		2.9400000e+02		2.9350000e+02		1.6099986e+02		1.5081374e+02		2.3195920e+02		1.8383992e+02		7.8140773e+01		1.0569914e+02
2.9400000e+02		2.9500000e+02		2.9450000e+02		1.4991794e+02		1.4041049e+02		2.1584580e+02		1.7106330e+02		7.2525326e+01		9.8537978e+01
2.9500000e+02		2.9600000e+02		2.9550000e+02		1.6232431e+02		1.5221928e+02		2.3391394e+02		1.8538614e+02		7.8473625e+01		1.0691251e+02
2.9600000e+02		2.9700000e+02		2.9650000e+02		1.4851381e+02		1.3941466e+02		2.1413723e+02		1.6971214e+02		7.1684613e+01		9.8027527e+01
2.9700000e+02		2.9800000e+02		2.9750000e+02		1.5140866e+02		1.4218518e+02		2.1826753e+02		1.7298016e+02		7.2861698e+01		1.0011846e+02
2.9800000e+02		2.9900000e+02		2.9850000e+02		1.3012850e+02		1.2224209e+02		1.8761563e+02		1.4869053e+02		6.2577690e+01		8.6112843e+01
2.9900000e+02		3.0000000e+02		2.9950000e+02		1.4682541e+02		1.3800779e+02		2.1164311e+02		1.6772325e+02		7.0307536e+01		9.7415711e+01
3.0000000e+02		3.0100000e+02		3.0050000e+02		1.1681452e+02		1.0987952e+02		1.6847836e+02		1.3351977e+02		5.5933431e+01		7.7586335e+01
3.0100000e+02		3.0200000e+02		3.0150000e+02		1.3434477e+02		1.2643580e+02		1.9375892e+02		1.5355063e+02		6.4154363e+01		8.9396265e+01
3.0200000e+02		3.0300000e+02		3.0250000e+02		1.4142283e+02		1.3319356e+02		2.0403073e+02		1.6168997e+02		6.7423233e+01		9.4266737e+01
3.0300000e+02		3.0400000e+02		3.0350000e+02		1.8342160e+02		1.7277265e+02		2.6453569e+02		2.0963322e+02		8.7213035e+01		1.2242019e+02
3.0400000e+02		3.0500000e+02		3.0450000e+02		1.7556728e+02		1.6554981e+02		2.5339075e+02		2.0080355e+02		8.3411234e+01		1.1739231e+02
3.0500000e+02		3.0600000e+02		3.0550000e+02		1.7728071e+02		1.6728482e+02		2.5594227e+02		2.0282407e+02		8.4086786e+01		1.1873729e+02
3.0600000e+02		3.0700000e+02		3.0650000e+02		1.6814926e+02		1.5877761e+02		2.4283325e+02		1.9243472e+02		7.9633561e+01		1.1280116e+02
3.0700000e+02		3.0800000e+02		3.0750000e+02		1.8878816e+02		1.7826243e+02		2.7252722e+02		2.1596101e+02		8.9195805e+01		1.2676521e+02
3.0800000e+02		3.0900000e+02		3.0850000e+02		1.8529086e+02		1.7508113e+02		2.6752538e+02		2.1199232e+02		8.7332811e+01		1.2465951e+02
3.0900000e+02		3.1000000e+02		3.0950000e+02		1.5026991e+02		1.4208911e+02		2.1709835e+02		1.7203909e+02		7.0862412e+01		1.0117668e+02
3.1000000e+02		3.1100000e+02		3.1050000e+02		1.8913229e+02		1.7888509e+02		2.7318022e+02		2.1647372e+02		8.8935661e+01		1.2753806e+02
3.1100000e+02		3.1200000e+02		3.1150000e+02		2.2495083e+02		2.1290411e+02		3.2500017e+02		2.5753407e+02		1.0559561e+02		1.5193846e+02
3.1200000e+02		3.1300000e+02		3.1250000e+02		2.0030306e+02		1.8958000e+02		2.8927686e+02		2.2922031e+02		9.3789975e+01		1.3543033e+02
3.1300000e+02		3.1400000e+02		3.1350000e+02		2.1331645e+02		2.0211426e+02		3.0833079e+02		2.4432329e+02		9.9867637e+01		1.4445565e+02
3.1400000e+02		3.1500000e+02		3.1450000e+02		2.0119548e+02		1.9066271e+02		2.9073490e+02		2.3037371e+02		9.3957239e+01		1.3641647e+02
3.1500000e+02		3.1600000e+02		3.1550000e+02		1.9522773e+02		1.8502838e+02		2.8205671e+02		2.2349435e+02		9.1011465e+01		1.3248289e+02
3.1600000e+02		3.1700000e+02		3.1650000e+02		1.9043254e+02		1.8051349e+02		2.7507253e+02		2.1795577e+02		8.8589364e+01		1.2936640e+02
3.1700000e+02		3.1800000e+02		3.1750000e+02		2.4155434e+02		2.2914579e+02		3.4902466e+02		2.7654737e+02		1.1215335e+02		1.6439402e+02
3.1800000e+02		3.1900000e+02		3.1850000e+02		1.9952276e+02		1.8932127e+02		2.8831990e+02		2.2845037e+02		9.2580453e+01		1.3586992e+02
3.1900000e+02		3.2000000e+02		3.1950000e+02		2.1430874e+02		2.0340852e+02		3.0962407e+02		2.4532227e+02		9.9168982e+01		1.4615329e+02
3.2000000e+02		3.2100000e+02		3.2050000e+02		2.4621307e+02		2.3387153e+02		3.5591608e+02		2.8200382e+02		1.1388222e+02		1.6812160e+02
3.2100000e+02		3.2200000e+02		3.2150000e+02		2.0677326e+02		1.9619449e+02		2.9849481e+02		2.3649781e+02		9.5358661e+01		1.4113915e+02
3.2200000e+02		3.2300000e+02		3.2250000e+02		2.0765168e+02		1.9741317e+02		3.0026994e+02		2.3791187e+02		9.5820961e+01		1.4209091e+02
3.2300000e+02		3.2400000e+02		3.2350000e+02		2.0066974e+02		1.9076928e+02		2.9008712e+02		2.2984042e+02		9.2443321e+01		1.3739710e+02
3.2400000e+02		3.2500000e+02		3.2450000e+02		2.3629853e+02		2.2471976e+02		3.4164267e+02		2.7068931e+02		1.0876513e+02		1.6192418e+02
3.2500000e+02		3.2600000e+02		3.2550000e+02		2.7209498e+02		2.5813803e+02		3.9235519e+02		3.1084917e+02		1.2471590e+02		1.8613327e+02
3.2600000e+02		3.2700000e+02		3.2650000e+02		3.0699214e+02		2.9225972e+02		4.4404471e+02		3.5181797e+02		1.4091632e+02		2.1090165e+02
3.2700000e+02		3.2800000e+02		3.2750000e+02		2.9701525e+02		2.8280838e+02		4.2956939e+02		3.4034516e+02		1.3613347e+02		2.0421169e+02
3.2800000e+02		3.2900000e+02		3.2850000e+02		2.8673370e+02		2.7306454e+02		4.1465529e+02		3.2852457e+02		1.3121984e+02		1.9730473e+02
3.2900000e+02		3.3000000e+02		3.2950000e+02		3.3379807e+02		3.1784612e+02		4.8241073e+02		3.8218623e+02		1.5223033e+02		2.2995590e+02
3.3000000e+02		3.3100000e+02		3.3050000e+02		3.1443449e+02		2.9911490e+02		4.5389419e+02		3.5958399e+02		1.4307141e+02		2.1651258e+02
3.3100000e+02		3.3200000e+02		3.3150000e+02		3.0087994e+02		2.8715407e+02		4.3562351e+02		3.4512907e+02		1.3717031e+02		2.0795876e+02
3.3200000e+02		3.3300000e+02		3.3250000e+02		2.9519831e+02		2.8173315e+02		4.2736134e+02		3.3858564e+02		1.3451442e+02		2.0407122e+02
3.3300000e+02		3.3400000e+02		3.3350000e+02		2.8364288e+02		2.7076126e+02		4.1049938e+02		3.2521052e+02		1.2882834e+02		1.9638218e+02
3.3400000e+02		3.3500000e+02		3.3450000e+02		2.9883003e+02		2.8525339e+02		4.3238603e+02		3.4254684e+02		1.3555778e+02		2.0698907e+02
3.3500000e+02		3.3600000e+02		3.3550000e+02		2.9511053e+02		2.8179270e+02		4.2707570e+02		3.3834159e+02		1.3379610e+02		2.0454549e+02
3.3600000e+02		3.3700000e+02		3.3650000e+02		2.4313126e+02		2.3222320e+02		3.5185283e+02		2.7874427e+02		1.1007004e+02		1.6867423e+02
3.3700000e+02		3.3800000e+02		3.3750000e+02		2.5649874e+02		2.4510457e+02		3.7133905e+02		2.9418652e+02		1.1612915e+02		1.7805737e+02
3.3800000e+02		3.3900000e+02		3.3850000e+02		2.7748673e+02		2.6533293e+02		4.0191247e+02		3.1841013e+02		1.2558200e+02		1.9282813e+02
3.3900000e+02		3.4000000e+02		3.3950000e+02		2.9040264e+02		2.7769577e+02		4.2045922e+02		3.3309026e+02		1.3106478e+02		2.0202548e+02
3.4000000e+02		3.4100000e+02		3.4050000e+02		3.0654056e+02		2.9303681e+02		4.4365976e+02		3.5147022e+02		1.3825492e+02		2.1321530e+02
3.4100000e+02		3.4200000e+02		3.4150000e+02		2.7979685e+02		2.6683872e+02		4.0387840e+02		3.1993046e+02		1.2561641e+02		1.9431405e+02
3.4200000e+02		3.4300000e+02		3.4250000e+02		3.0344565e+02		2.9022528e+02		4.3907913e+02		3.4782180e+02		1.3627483e+02		2.1154697e+02
3.4300000e+02		3.4400000e+02		3.4350000e+02		2.9822260e+02		2.8493416e+02		4.3093581e+02		3.4135353e+02		1.3348966e+02		2.0786387e+02
3.4400000e+02		3.4500000e+02		3.4450000e+02		2.3986676e+02		2.2953794e+02		3.4712523e+02		2.7497637e+02		1.0750848e+02		1.6746789e+02
3.4500000e+02		3.4600000e+02		3.4550000e+02		2.8907088e+02		2.7653125e+02		4.1813576e+02		3.3122409e+02		1.2940464e+02		2.0181945e+02
3.4600000e+02		3.4700000e+02		3.4650000e+02		2.8069735e+02		2.6852801e+02		4.0586959e+02		3.2149476e+02		1.2532067e+02		1.9617409e+02
3.4700000e+02		3.4800000e+02		3.4750000e+02		2.7782009e+02		2.6563547e+02		4.0148153e+02		3.1801812e+02		1.2393869e+02		1.9407944e+02
3.4800000e+02		3.4900000e+02		3.4850000e+02		2.8744416e+02		2.7572196e+02		4.1666234e+02		3.3006529e+02		1.2857769e+02		2.0148760e+02
3.4900000e+02		3.5000000e+02		3.4950000e+02		2.7550877e+02		2.6435702e+02		3.9944578e+02		3.1642927e+02		1.2320426e+02		1.9322501e+02
3.5000000e+02		3.5100000e+02		3.5050000e+02		3.3002358e+02		3.1649359e+02		4.7815054e+02		3.7876954e+02		1.4734647e+02		2.3142307e+02
3.5100000e+02		3.5200000e+02		3.5150000e+02		3.0660572e+02		2.9418968e+02		4.4424912e+02		3.5190118e+02		1.3654686e+02		2.1535431e+02
3.5200000e+02		3.5300000e+02		3.5250000e+02		2.8324198e+02		2.7178565e+02		4.1042346e+02		3.2511252e+02		1.2617271e+02		1.9893980e+02
3.5300000e+02		3.5400000e+02		3.5350000e+02		3.2405327e+02		3.1128378e+02		4.7006186e+02		3.7236787e+02		1.4452652e+02		2.2784135e+02
3.5400000e+02		3.5500000e+02		3.5450000e+02		3.4586270e+02		3.3224880e+02		5.0152731e+02		3.9727862e+02		1.5386220e+02		2.4341642e+02
3.5500000e+02		3.5600000e+02		3.5550000e+02		3.2478382e+02		3.1205986e+02		4.7099541e+02		3.7309352e+02		1.4440718e+02		2.2868634e+02
3.5600000e+02		3.5700000e+02		3.5650000e+02		2.8234357e+02		2.7118913e+02		4.0943921e+02		3.2434855e+02		1.2577655e+02		1.9857200e+02
3.5700000e+02		3.5800000e+02		3.5750000e+02		2.4674321e+02		2.3699218e+02		3.5756767e+02		2.8323431e+02		1.0941005e+02		1.7382425e+02
3.5800000e+02		3.5900000e+02		3.5850000e+02		2.1181106e+02		2.0358974e+02		3.0706350e+02		2.4322483e+02		9.3777616e+01		1.4944721e+02
3.5900000e+02		3.6000000e+02		3.5950000e+02		3.0582840e+02		2.9381983e+02		4.4323951e+02		3.5109965e+02		1.3552551e+02		2.1557415e+02
3.6000000e+02		3.6100000e+02		3.6050000e+02		3.0178862e+02		2.9010352e+02		4.3745460e+02		3.4650686e+02		1.3345173e+02		2.1305513e+02
3.6100000e+02		3.6200000e+02		3.6150000e+02		2.8033735e+02		2.6904769e+02		4.0561535e+02		3.2126919e+02		1.2355741e+02		1.9771179e+02
3.6200000e+02		3.6300000e+02		3.6250000e+02		3.1645921e+02		3.0316833e+02		4.5690409e+02		3.6186561e+02		1.3887926e+02		2.2298635e+02
3.6300000e+02		3.6400000e+02		3.6350000e+02		3.0810145e+02		2.9551420e+02		4.4537002e+02		3.5274466e+02		1.3540873e+02		2.1733593e+02
3.6400000e+02		3.6500000e+02		3.6450000e+02		3.2221950e+02		3.0734201e+02		4.6299262e+02		3.6663770e+02		1.4029512e+02		2.2634258e+02
3.6500000e+02		3.6600000e+02		3.6550000e+02		3.6674574e+02		3.5068715e+02		5.2816767e+02		4.1826428e+02		1.5988921e+02		2.5837507e+02
3.6600000e+02		3.6700000e+02		3.6650000e+02		3.9198946e+02		3.7273503e+02		5.6120927e+02		4.4436075e+02		1.6946828e+02		2.7489248e+02
3.6700000e+02		3.6800000e+02		3.6750000e+02		3.7850004e+02		3.6010732e+02		5.4227014e+02		4.2938315e+02		1.6390838e+02		2.6547477e+02
3.6800000e+02		3.6900000e+02		3.6850000e+02		3.4895620e+02		3.2808086e+02		4.9353584e+02		3.9063707e+02		1.4800957e+02		2.4262750e+02
3.6900000e+02		3.7000000e+02		3.6950000e+02		3.8736224e+02		3.6587206e+02		5.5067481e+02		4.3594501e+02		1.6579437e+02		2.7015064e+02
3.7000000e+02		3.7100000e+02		3.7050000e+02		3.6351013e+02		3.5084700e+02		5.2815109e+02		4.1833491e+02		1.5967812e+02		2.5865679e+02
3.7100000e+02		3.7200000e+02		3.7150000e+02		3.7529261e+02		3.6228095e+02		5.4544336e+02		4.3204659e+02		1.6506728e+02		2.6697931e+02
3.7200000e+02		3.7300000e+02		3.7250000e+02		3.1177186e+02		3.0097548e+02		4.5325936e+02		3.5904428e+02		1.3739225e+02		2.2165203e+02
3.7300000e+02		3.7400000e+02		3.7350000e+02		2.7192112e+02		2.6255928e+02		3.9530051e+02		3.1312612e+02		1.1964244e+02		1.9348368e+02
3.7400000e+02		3.7500000e+02		3.7450000e+02		2.7832167e+02		2.6883718e+02		4.0447989e+02		3.2037339e+02		1.2193599e+02		1.9843740e+02
3.7500000e+02		3.7600000e+02		3.7550000e+02		3.1876744e+02		3.0793347e+02		4.6336071e+02		3.6702141e+02		1.3980357e+02		2.2721784e+02
3.7600000e+02		3.7700000e+02		3.7650000e+02		3.3048657e+02		3.1929997e+02		4.8046805e+02		3.8057708e+02		1.4498319e+02		2.3559389e+02
3.7700000e+02		3.7800000e+02		3.7750000e+02		3.8770864e+02		3.7467555e+02		5.6362014e+02		4.4642911e+02		1.6977074e+02		2.7665837e+02
3.7800000e+02		3.7900000e+02		3.7850000e+02		4.0380398e+02		3.9029794e+02		5.8703966e+02		4.6497645e+02		1.7669125e+02		2.8828520e+02
3.7900000e+02		3.8000000e+02		3.7950000e+02		3.2744385e+02		3.1651832e+02		4.7613838e+02		3.7714661e+02		1.4344807e+02		2.3369853e+02
3.8000000e+02		3.8100000e+02		3.8050000e+02		3.5656330e+02		3.4472409e+02		5.1847302e+02		4.1067471e+02		1.5604085e+02		2.5463386e+02
3.8100000e+02		3.8200000e+02		3.8150000e+02		3.2019140e+02		3.0970790e+02		4.6535659e+02		3.6855968e+02		1.3924480e+02		2.2931487e+02
3.8200000e+02		3.8300000e+02		3.8250000e+02		2.2964197e+02		2.2208113e+02		3.3397795e+02		2.6454127e+02		1.0046177e+02		1.6407951e+02
3.8300000e+02		3.8400000e+02		3.8350000e+02		2.0267593e+02		1.9605582e+02		2.9470007e+02		2.3341782e+02		8.8399438e+01		1.4501838e+02
3.8400000e+02		3.8500000e+02		3.8450000e+02		2.7111947e+02		2.6230820e+02		3.9422484e+02		3.1224373e+02		1.1814874e+02		1.9409499e+02
3.8500000e+02		3.8600000e+02		3.8550000e+02		2.8715912e+02		2.7783206e+02		4.1765728e+02		3.3081747e+02		1.2536481e+02		2.0545266e+02
3.8600000e+02		3.8700000e+02		3.8650000e+02		2.8837692e+02		2.7911221e+02		4.1929772e+02		3.3209108e+02		1.2534935e+02		2.0674173e+02
3.8700000e+02		3.8800000e+02		3.8750000e+02		2.8805300e+02		2.7880996e+02		4.1890542e+02		3.3179036e+02		1.2535299e+02		2.0643737e+02
3.8800000e+02		3.8900000e+02		3.8850000e+02		2.9209390e+02		2.8274795e+02		4.2485194e+02		3.3650694e+02		1.2719512e+02		2.0931182e+02
3.8900000e+02		3.9000000e+02		3.8950000e+02		3.5069332e+02		3.3953224e+02		5.1006675e+02		4.0399498e+02		1.5252048e+02		2.5147449e+02
3.9000000e+02		3.9100000e+02		3.9050000e+02		3.6838836e+02		3.5678132e+02		5.3566222e+02		4.2423922e+02		1.5960710e+02		2.6463212e+02
3.9100000e+02		3.9200000e+02		3.9150000e+02		3.9613874e+02		3.8364355e+02		5.7617869e+02		4.5635187e+02		1.7202974e+02		2.8432214e+02
3.9200000e+02		3.9300000e+02		3.9250000e+02		3.0403432e+02		2.9446677e+02		4.4232257e+02		3.5034488e+02		1.3220904e+02		2.1813585e+02
3.9300000e+02		3.9400000e+02		3.9350000e+02		1.8639471e+02		1.8055808e+02		2.7114360e+02		2.1475566e+02		8.0912341e+01		1.3384331e+02
3.9400000e+02		3.9500000e+02		3.9450000e+02		3.0813115e+02		2.9847530e+02		4.4841043e+02		3.5518079e+02		1.3416663e+02		2.2101416e+02
3.9500000e+02		3.9600000e+02		3.9550000e+02		3.7840801e+02		3.6675386e+02		5.5028100e+02		4.3580219e+02		1.6337011e+02		2.7243208e+02
3.9600000e+02		3.9700000e+02		3.9650000e+02		2.6140326e+02		2.5332943e+02		3.8022710e+02		3.0114167e+02		1.1312498e+02		1.8801670e+02
3.9700000e+02		3.9800000e+02		3.9750000e+02		2.9300657e+02		2.8397653e+02		4.2624170e+02		3.3759018e+02		1.2685126e+02		2.1073892e+02
3.9800000e+02		3.9900000e+02		3.9850000e+02		4.5124719e+02		4.3737171e+02		6.5637211e+02		5.1984939e+02		1.9514428e+02		3.2470511e+02
3.9900000e+02		4.0000000e+02		3.9950000e+02		4.9846141e+02		4.8311501e+02		7.2511490e+02		5.7430812e+02		2.1576523e+02		3.5854290e+02
4.0000000e+02		4.0100000e+02		4.0050000e+02		5.1407199e+02		4.9843789e+02		7.4789514e+02		5.9233576e+02		2.2216476e+02		3.7017100e+02
4.0100000e+02		4.0200000e+02		4.0150000e+02		5.3860814e+02		5.2231033e+02		7.8370182e+02		6.2069975e+02		2.3279185e+02		3.8790789e+02
4.0200000e+02		4.0300000e+02		4.0250000e+02		5.4526519e+02		5.2872625e+02		7.9368218e+02		6.2864666e+02		2.3641424e+02		3.9223242e+02
4.0300000e+02		4.0400000e+02		4.0350000e+02		5.2165796e+02		5.0604482e+02		7.5892644e+02		6.0104952e+02		2.2478353e+02		3.7626599e+02
4.0400000e+02		4.0500000e+02		4.0450000e+02		5.1300620e+02		4.9773270e+02		7.4629520e+02		5.9103380e+02		2.2075277e+02		3.7028103e+02
4.0500000e+02		4.0600000e+02		4.0550000e+02		5.1256585e+02		4.9722477e+02		7.4605769e+02		5.9090532e+02		2.2165057e+02		3.6925475e+02
4.0600000e+02		4.0700000e+02		4.0650000e+02		4.9035274e+02		4.7565712e+02		7.1394980e+02		5.6550580e+02		2.1258426e+02		3.5292154e+02
4.0700000e+02		4.0800000e+02		4.0750000e+02		4.9838294e+02		4.8356832e+02		7.2549308e+02		5.7461932e+02		2.1542899e+02		3.5919033e+02
4.0800000e+02		4.0900000e+02		4.0850000e+02		5.2990289e+02		5.1431579e+02		7.7110995e+02		6.1070125e+02		2.2805045e+02		3.8265080e+02
4.0900000e+02		4.1000000e+02		4.0950000e+02		5.2713439e+02		5.1162683e+02		7.6723422e+02		6.0765292e+02		2.2720016e+02		3.8045276e+02
4.1000000e+02		4.1100000e+02		4.1050000e+02		4.8293937e+02		4.6880094e+02		7.0291962e+02		5.5671023e+02		2.0799560e+02		3.4871463e+02
4.1100000e+02		4.1200000e+02		4.1150000e+02		5.5986852e+02		5.4354434e+02		8.1489558e+02		6.4539013e+02		2.4096973e+02		4.0442040e+02
4.1200000e+02		4.1300000e+02		4.1250000e+02		5.4940473e+02		5.3343340e+02		7.9970670e+02		6.3336245e+02		2.3643466e+02		3.9692778e+02
4.1300000e+02		4.1400000e+02		4.1350000e+02		5.2995399e+02		5.1457478e+02		7.7149627e+02		6.1103111e+02		2.2821813e+02		3.8281299e+02
4.1400000e+02		4.1500000e+02		4.1450000e+02		5.3771640e+02		5.2221067e+02		7.8270128e+02		6.1988489e+02		2.3109969e+02		3.8878521e+02
4.1500000e+02		4.1600000e+02		4.1550000e+02		5.3722776e+02		5.2160137e+02		7.8250172e+02		6.1980598e+02		2.3235461e+02		3.8745137e+02
4.1600000e+02		4.1700000e+02		4.1650000e+02		5.5745703e+02		5.4146203e+02		8.1155640e+02		6.4274726e+02		2.3964344e+02		4.0310383e+02
4.1700000e+02		4.1800000e+02		4.1750000e+02		5.0725322e+02		4.9282868e+02		7.3828309e+02		5.8467981e+02		2.1732211e+02		3.6735770e+02
4.1800000e+02		4.1900000e+02		4.1850000e+02		5.2601513e+02		5.1106477e+02		7.6565242e+02		6.0636409e+02		2.2548061e+02		3.8088348e+02
4.1900000e+02		4.2000000e+02		4.1950000e+02		5.3123875e+02		5.1612270e+02		7.7350870e+02		6.1261986e+02		2.2831473e+02		3.8430512e+02
4.2000000e+02		4.2100000e+02		4.2050000e+02		5.3797708e+02		5.2277116e+02		7.8319292e+02		6.2026495e+02		2.3067277e+02		3.8959218e+02
4.2100000e+02		4.2200000e+02		4.2150000e+02		5.2958361e+02		5.1462944e+02		7.7111327e+02		6.1071481e+02		2.2734041e+02		3.8337439e+02
4.2200000e+02		4.2300000e+02		4.2250000e+02		5.0190537e+02		4.8784389e+02		7.3065616e+02		5.7864347e+02		2.1483411e+02		3.6380936e+02
4.2300000e+02		4.2400000e+02		4.2350000e+02		5.3474862e+02		5.1978659e+02		7.7856413e+02		6.1659534e+02		2.2905196e+02		3.8754338e+02
4.2400000e+02		4.2500000e+02		4.2450000e+02		5.5328403e+02		5.3786355e+02		8.0554955e+02		6.3796158e+02		2.3683448e+02		4.0112710e+02
4.2500000e+02		4.2600000e+02		4.2550000e+02		5.3248014e+02		5.1767687e+02		7.7530068e+02		6.1400818e+02		2.2792234e+02		3.8608585e+02
4.2600000e+02		4.2700000e+02		4.2650000e+02		5.3029841e+02		5.1555628e+02		7.7226981e+02		6.1162702e+02		2.2730580e+02		3.8432121e+02
4.2700000e+02		4.2800000e+02		4.2750000e+02		4.9171747e+02		4.7808241e+02		7.1611473e+02		5.6715437e+02		2.1074652e+02		3.5640785e+02
4.2800000e+02		4.2900000e+02		4.2850000e+02		4.9494538e+02		4.8131325e+02		7.2070576e+02		5.7076807e+02		2.1165236e+02		3.5911571e+02
4.2900000e+02		4.3000000e+02		4.2950000e+02		4.6063718e+02		4.4797440e+02		6.7080769e+02		5.3125666e+02		1.9704793e+02		3.3420873e+02
4.3000000e+02		4.3100000e+02		4.3050000e+02		3.7055843e+02		3.6034832e+02		5.3979331e+02		4.2752126e+02		1.5893289e+02		2.6858838e+02
4.3100000e+02		4.3200000e+02		4.3150000e+02		4.5818753e+02		4.4567690e+02		6.6717107e+02		5.2836257e+02		1.9563640e+02		3.3272618e+02
4.3200000e+02		4.3300000e+02		4.3250000e+02		5.1625369e+02		5.0235419e+02		7.5144223e+02		5.9504419e+02		2.1930690e+02		3.7573729e+02
4.3300000e+02		4.3400000e+02		4.3350000e+02		5.6047485e+02		5.4508847e+02		8.1669720e+02		6.4686103e+02		2.4079646e+02		4.0606457e+02
4.3400000e+02		4.3500000e+02		4.3450000e+02		4.7595241e+02		4.6330234e+02		6.9250393e+02		5.4832447e+02		2.0116454e+02		3.4715994e+02
4.3500000e+02		4.3600000e+02		4.3550000e+02		5.3162725e+02		5.1718891e+02		7.7460251e+02		6.1349670e+02		2.2786668e+02		3.8563002e+02
4.3600000e+02		4.3700000e+02		4.3650000e+02		5.9481241e+02		5.7864964e+02		8.6671106e+02		6.8645807e+02		2.5507750e+02		4.3138057e+02
4.3700000e+02		4.3800000e+02		4.3750000e+02		5.2629983e+02		5.1226356e+02		7.6621660e+02		6.0675625e+02		2.2357210e+02		3.8318415e+02
4.3800000e+02		4.3900000e+02		4.3850000e+02		5.1257868e+02		4.9879959e+02		7.4673840e+02		5.9140434e+02		2.1910520e+02		3.7229915e+02
4.3900000e+02		4.4000000e+02		4.3950000e+02		5.7051902e+02		5.5533879e+02		8.3080940e+02		6.5793085e+02		2.4273542e+02		4.1519543e+02
4.4000000e+02		4.4100000e+02		4.4050000e+02		5.4089681e+02		5.2646731e+02		7.8791944e+02		6.2400068e+02		2.3076641e+02		3.9323427e+02
4.4100000e+02		4.4200000e+02		4.4150000e+02		5.9491633e+02		5.7894160e+02		8.6650214e+02		6.8624059e+02		2.5387213e+02		4.3236846e+02
4.4200000e+02		4.4300000e+02		4.4250000e+02		6.2544254e+02		6.0861360e+02		9.1082626e+02		7.2133631e+02		2.6670479e+02		4.5463152e+02
4.4300000e+02		4.4400000e+02		4.4350000e+02		6.0497206e+02		5.8872794e+02		8.8112893e+02		6.9782787e+02		2.5813320e+02		4.3969467e+02
4.4400000e+02		4.4500000e+02		4.4450000e+02		6.2324411e+02		6.0642768e+02		9.0744408e+02		7.1864995e+02		2.6552076e+02		4.5312919e+02
4.4500000e+02		4.4600000e+02		4.4550000e+02		5.7783999e+02		5.6234961e+02		8.4132481e+02		6.6627421e+02		2.4588824e+02		4.2038597e+02
4.4600000e+02		4.4700000e+02		4.4650000e+02		5.8940025e+02		5.7382248e+02		8.5845961e+02		6.7984939e+02		2.5086236e+02		4.2898702e+02
4.4700000e+02		4.4800000e+02		4.4750000e+02		6.3881895e+02		6.2205605e+02		9.3045277e+02		7.3685135e+02		2.7160858e+02		4.6524277e+02
4.4800000e+02		4.4900000e+02		4.4850000e+02		6.2805979e+02		6.1170297e+02		9.1480091e+02		7.2444389e+02		2.6674789e+02		4.5769601e+02
4.4900000e+02		4.5000000e+02		4.4950000e+02		6.3454704e+02		6.1798499e+02		9.2473281e+02		7.3236979e+02		2.7063736e+02		4.6173244e+02
4.5000000e+02		4.5100000e+02		4.5050000e+02		6.7325368e+02		6.5561363e+02		9.8127609e+02		7.7717974e+02		2.8762850e+02		4.8955124e+02
4.5100000e+02		4.5200000e+02		4.5150000e+02		6.7122600e+02		6.5386018e+02		9.7793632e+02		7.7446331e+02		2.8535006e+02		4.8911325e+02
4.5200000e+02		4.5300000e+02		4.5250000e+02		6.3541039e+02		6.1894723e+02		9.2594875e+02		7.3332008e+02		2.7060906e+02		4.6271102e+02
4.5300000e+02		4.5400000e+02		4.5350000e+02		6.0888666e+02		5.9319212e+02		8.8723263e+02		7.0264199e+02		2.5896118e+02		4.4368082e+02
4.5400000e+02		4.5500000e+02		4.5450000e+02		6.4999363e+02		6.3319636e+02		9.4733249e+02		7.5026940e+02		2.7699778e+02		4.7327162e+02
4.5500000e+02		4.5600000e+02		4.5550000e+02		6.4380306e+02		6.2734014e+02		9.3797963e+02		7.4280346e+02		2.7318915e+02		4.6961431e+02
4.5600000e+02		4.5700000e+02		4.5650000e+02		6.6853861e+02		6.5136456e+02		9.7435626e+02		7.7166225e+02		2.8462740e+02		4.8703486e+02
4.5700000e+02		4.5800000e+02		4.5750000e+02		6.7499745e+02		6.5780992e+02		9.8348791e+02		7.7884424e+02		2.8637027e+02		4.9247396e+02
4.5800000e+02		4.5900000e+02		4.5850000e+02		6.3439039e+02		6.1823027e+02		9.2445614e+02		7.3211414e+02		2.6945213e+02		4.6266201e+02
4.5900000e+02		4.6000000e+02		4.5950000e+02		6.5539586e+02		6.3869968e+02		9.5516645e+02		7.5644893e+02		2.7859772e+02		4.7785122e+02
4.6000000e+02		4.6100000e+02		4.6050000e+02		6.4752339e+02		6.3107326e+02		9.4371611e+02		7.4737931e+02		2.7518308e+02		4.7219623e+02
4.6100000e+02		4.6200000e+02		4.6150000e+02		6.6245412e+02		6.4560275e+02		9.6564193e+02		7.6476769e+02		2.8194728e+02		4.8282042e+02
4.6200000e+02		4.6300000e+02		4.6250000e+02		6.6901120e+02		6.5218386e+02		9.7481466e+02		7.7196510e+02		2.8340546e+02		4.8855965e+02
4.6300000e+02		4.6400000e+02		4.6350000e+02		6.4662616e+02		6.3027690e+02		9.4253814e+02		7.4645737e+02		2.7488596e+02		4.7157141e+02
4.6400000e+02		4.6500000e+02		4.6450000e+02		6.5795753e+02		6.4144495e+02		9.5879331e+02		7.5928719e+02		2.7881774e+02		4.8046945e+02
4.6500000e+02		4.6600000e+02		4.6550000e+02		6.3552746e+02		6.1955889e+02		9.2634982e+02		7.3362605e+02		2.6988580e+02		4.6374025e+02
4.6600000e+02		4.6700000e+02		4.6650000e+02		6.3955371e+02		6.2359769e+02		9.3198762e+02		7.3805179e+02		2.7080130e+02		4.6725048e+02
4.6700000e+02		4.6800000e+02		4.6750000e+02		6.4572639e+02		6.2956980e+02		9.4100392e+02		7.4520326e+02		2.7359171e+02		4.7161155e+02
4.6800000e+02		4.6900000e+02		4.6850000e+02		6.3145002e+02		6.1572948e+02		9.2013295e+02		7.2865870e+02		2.6719341e+02		4.6146529e+02
4.6900000e+02		4.7000000e+02		4.6950000e+02		6.4956875e+02		6.3327526e+02		9.4678732e+02		7.4981392e+02		2.7573343e+02		4.7408049e+02
4.7000000e+02		4.7100000e+02		4.7050000e+02		6.1381170e+02		5.9845341e+02		8.9464161e+02		7.0851056e+02		2.6039802e+02		4.4811254e+02
4.7100000e+02		4.7200000e+02		4.7150000e+02		6.4174114e+02		6.2574700e+02		9.3521495e+02		7.4062089e+02		2.7179456e+02		4.6882634e+02
4.7200000e+02		4.7300000e+02		4.7250000e+02		6.5742798e+02		6.4108263e+02		9.5804875e+02		7.5869725e+02		2.7827919e+02		4.8041806e+02
4.7300000e+02		4.7400000e+02		4.7350000e+02		6.4563741e+02		6.2953882e+02		9.4080553e+02		7.4504385e+02		2.7328785e+02		4.7175600e+02
4.7400000e+02		4.7500000e+02		4.7450000e+02		6.6512717e+02		6.4869791e+02		9.6934183e+02		7.6763795e+02		2.8141517e+02		4.8622278e+02
4.7500000e+02		4.7600000e+02		4.7550000e+02		6.6365303e+02		6.4730613e+02		9.6745908e+02		7.6617250e+02		2.8124085e+02		4.8493165e+02
4.7600000e+02		4.7700000e+02		4.7650000e+02		6.3952653e+02		6.2384392e+02		9.3224191e+02		7.3826966e+02		2.7073421e+02		4.6753545e+02
4.7700000e+02		4.7800000e+02		4.7750000e+02		6.6772274e+02		6.5138002e+02		9.7337018e+02		7.7084101e+02		2.8264774e+02		4.8819326e+02
4.7800000e+02		4.7900000e+02		4.7850000e+02		6.6128260e+02		6.4521984e+02		9.6375279e+02		7.6318404e+02		2.7910628e+02		4.8407775e+02
4.7900000e+02		4.8000000e+02		4.7950000e+02		6.6320839e+02		6.4708324e+02		9.6670274e+02		7.6554035e+02		2.8027252e+02		4.8526783e+02
4.8000000e+02		4.8100000e+02		4.8050000e+02		6.6489751e+02		6.4870450e+02		9.6940792e+02		7.6771513e+02		2.8158218e+02		4.8613295e+02
4.8100000e+02		4.8200000e+02		4.8150000e+02		6.6630748e+02		6.5001500e+02		9.7164759e+02		7.6952113e+02		2.8275453e+02		4.8676660e+02
4.8200000e+02		4.8300000e+02		4.8250000e+02		6.6376999e+02		6.4759591e+02		9.6789945e+02		7.6654143e+02		2.8142813e+02		4.8511330e+02
4.8300000e+02		4.8400000e+02		4.8350000e+02		6.5373157e+02		6.3793533e+02		9.5293210e+02		7.5463422e+02		2.7611254e+02		4.7852168e+02
4.8400000e+02		4.8500000e+02		4.8450000e+02		6.4242337e+02		6.2674344e+02		9.3687105e+02		7.4198613e+02		2.7266715e+02		4.6931899e+02
4.8500000e+02		4.8600000e+02		4.8550000e+02		6.0369332e+02		5.8901580e+02		8.8002098e+02		6.9691483e+02		2.5529185e+02		4.4162298e+02
4.8600000e+02		4.8700000e+02		4.8650000e+02		5.2412565e+02		5.1144942e+02		7.6411716e+02		6.0512876e+02		2.2164771e+02		3.8348105e+02
4.8700000e+02		4.8800000e+02		4.8750000e+02		5.9966111e+02		5.8509243e+02		8.7431391e+02		6.9241628e+02		2.5393094e+02		4.3848534e+02
4.8800000e+02		4.8900000e+02		4.8850000e+02		6.3081686e+02		6.1554017e+02		9.1969484e+02		7.2834581e+02		2.6690101e+02		4.6144480e+02
4.8900000e+02		4.9000000e+02		4.8950000e+02		6.1880396e+02		6.0391898e+02		9.0202984e+02		7.1432689e+02		2.6122792e+02		4.5309897e+02
4.9000000e+02		4.9100000e+02		4.9050000e+02		6.5907671e+02		6.4322897e+02		9.6094859e+02		7.6101009e+02		2.7867312e+02		4.8233697e+02
4.9100000e+02		4.9200000e+02		4.9150000e+02		6.2110374e+02		6.0625381e+02		9.0538058e+02		7.1697109e+02		2.6195988e+02		4.5501121e+02
4.9200000e+02		4.9300000e+02		4.9250000e+02		5.9112858e+02		5.7698441e+02		8.6204916e+02		6.8270056e+02		2.5012710e+02		4.3257346e+02
4.9300000e+02		4.9400000e+02		4.9350000e+02		6.2472140e+02		6.0982173e+02		9.1100982e+02		7.2146685e+02		2.6415518e+02		4.5731167e+02
4.9400000e+02		4.9500000e+02		4.9450000e+02		6.4279699e+02		6.2751742e+02		9.3733843e+02		7.4230870e+02		2.7159907e+02		4.7070963e+02
4.9500000e+02		4.9600000e+02		4.9550000e+02		6.3133158e+02		6.1629545e+02		9.2077511e+02		7.2921487e+02		2.6717021e+02		4.6204466e+02
4.9600000e+02		4.9700000e+02		4.9650000e+02		6.3921352e+02		6.2406393e+02		9.3214875e+02		7.3819994e+02		2.7004871e+02		4.6815124e+02
4.9700000e+02		4.9800000e+02		4.9750000e+02		6.5113923e+02		6.3574432e+02		9.4951594e+02		7.5194742e+02		2.7493949e+02		4.7700793e+02
4.9800000e+02		4.9900000e+02		4.9850000e+02		5.9175801e+02		5.7772073e+02		8.6307755e+02		6.8351971e+02		2.5032309e+02		4.3319662e+02
4.9900000e+02		5.0000000e+02		4.9950000e+02		6.3385792e+02		6.1876913e+02		9.2446586e+02		7.3214403e+02		2.6824789e+02		4.6389614e+02
