Left Bin Edge (nm)	Right Bin Edge (nm)	Bin Center (nm)		Top of Atm Intensity (erg/s/nm/cm2)		Total Surface Flux (erg/s/nm/cm2)		Total Intensity at BOA (erg/s/nm/cm2)		Total Surface Intensity (erg/s/nm/cm2)		Total Surface Diffuse Intensity (erg/s/nm/cm2)		Total Surface Direct Intensity (erg/s/nm/cm2)
1.0000000e+02		1.0100000e+02		1.0050000e+02		1.9189487e-02		0.0000000e+00		0.0000000e+00		0.0000000e+00		0.0000000e+00		0.0000000e+00
1.0100000e+02		1.0200000e+02		1.0150000e+02		7.4861701e-02		0.0000000e+00		0.0000000e+00		0.0000000e+00		0.0000000e+00		0.0000000e+00
1.0200000e+02		1.0300000e+02		1.0250000e+02		3.9734366e-01		0.0000000e+00		0.0000000e+00		0.0000000e+00		0.0000000e+00		0.0000000e+00
1.0300000e+02		1.0400000e+02		1.0350000e+02		3.0179545e-01		0.0000000e+00		0.0000000e+00		0.0000000e+00		0.0000000e+00		0.0000000e+00
1.0400000e+02		1.0500000e+02		1.0450000e+02		6.0815352e-02		0.0000000e+00		0.0000000e+00		0.0000000e+00		0.0000000e+00		0.0000000e+00
1.0500000e+02		1.0600000e+02		1.0550000e+02		2.0834600e-02		0.0000000e+00		0.0000000e+00		0.0000000e+00		0.0000000e+00		0.0000000e+00
1.0600000e+02		1.0700000e+02		1.0650000e+02		1.9584792e-02		0.0000000e+00		0.0000000e+00		0.0000000e+00		0.0000000e+00		0.0000000e+00
1.0700000e+02		1.0800000e+02		1.0750000e+02		2.1853879e-02		0.0000000e+00		0.0000000e+00		0.0000000e+00		0.0000000e+00		0.0000000e+00
1.0800000e+02		1.0900000e+02		1.0850000e+02		3.0634999e-02		0.0000000e+00		0.0000000e+00		0.0000000e+00		0.0000000e+00		0.0000000e+00
1.0900000e+02		1.1000000e+02		1.0950000e+02		2.4032561e-02		0.0000000e+00		0.0000000e+00		0.0000000e+00		0.0000000e+00		0.0000000e+00
1.1000000e+02		1.1100000e+02		1.1050000e+02		2.3268893e-02		0.0000000e+00		0.0000000e+00		0.0000000e+00		0.0000000e+00		0.0000000e+00
1.1100000e+02		1.1200000e+02		1.1150000e+02		2.1871272e-02		0.0000000e+00		0.0000000e+00		0.0000000e+00		0.0000000e+00		0.0000000e+00
1.1200000e+02		1.1300000e+02		1.1250000e+02		2.2375602e-02		0.0000000e+00		0.0000000e+00		0.0000000e+00		0.0000000e+00		0.0000000e+00
1.1300000e+02		1.1400000e+02		1.1350000e+02		1.7748133e-02		0.0000000e+00		0.0000000e+00		0.0000000e+00		0.0000000e+00		0.0000000e+00
1.1400000e+02		1.1500000e+02		1.1450000e+02		1.3589480e-02		0.0000000e+00		0.0000000e+00		0.0000000e+00		0.0000000e+00		0.0000000e+00
1.1500000e+02		1.1600000e+02		1.1550000e+02		1.8751615e-02		0.0000000e+00		0.0000000e+00		0.0000000e+00		0.0000000e+00		0.0000000e+00
1.1600000e+02		1.1700000e+02		1.1650000e+02		4.3674487e-02		0.0000000e+00		0.0000000e+00		0.0000000e+00		0.0000000e+00		0.0000000e+00
1.1700000e+02		1.1800000e+02		1.1750000e+02		1.5546757e-01		0.0000000e+00		0.0000000e+00		0.0000000e+00		0.0000000e+00		0.0000000e+00
1.1800000e+02		1.1900000e+02		1.1850000e+02		5.2889236e-02		0.0000000e+00		0.0000000e+00		0.0000000e+00		0.0000000e+00		0.0000000e+00
1.1900000e+02		1.2000000e+02		1.1950000e+02		7.3692884e-02		0.0000000e+00		0.0000000e+00		0.0000000e+00		0.0000000e+00		0.0000000e+00
1.2000000e+02		1.2100000e+02		1.2050000e+02		4.0066072e-01		0.0000000e+00		0.0000000e+00		0.0000000e+00		0.0000000e+00		0.0000000e+00
1.2100000e+02		1.2200000e+02		1.2150000e+02		1.5905289e+01		0.0000000e+00		0.0000000e+00		0.0000000e+00		0.0000000e+00		0.0000000e+00
1.2200000e+02		1.2300000e+02		1.2250000e+02		1.0666543e-01		0.0000000e+00		0.0000000e+00		0.0000000e+00		0.0000000e+00		0.0000000e+00
1.2300000e+02		1.2400000e+02		1.2350000e+02		5.7456553e-02		0.0000000e+00		0.0000000e+00		0.0000000e+00		0.0000000e+00		0.0000000e+00
1.2400000e+02		1.2500000e+02		1.2450000e+02		4.6184197e-02		0.0000000e+00		0.0000000e+00		0.0000000e+00		0.0000000e+00		0.0000000e+00
1.2500000e+02		1.2600000e+02		1.2550000e+02		4.5085118e-02		0.0000000e+00		0.0000000e+00		0.0000000e+00		0.0000000e+00		0.0000000e+00
1.2600000e+02		1.2700000e+02		1.2650000e+02		6.3054464e-02		0.0000000e+00		0.0000000e+00		0.0000000e+00		0.0000000e+00		0.0000000e+00
1.2700000e+02		1.2800000e+02		1.2750000e+02		3.3006429e-02		0.0000000e+00		0.0000000e+00		0.0000000e+00		0.0000000e+00		0.0000000e+00
1.2800000e+02		1.2900000e+02		1.2850000e+02		2.6335196e-02		0.0000000e+00		0.0000000e+00		0.0000000e+00		0.0000000e+00		0.0000000e+00
1.2900000e+02		1.3000000e+02		1.2950000e+02		3.5131240e-02		0.0000000e+00		0.0000000e+00		0.0000000e+00		0.0000000e+00		0.0000000e+00
1.3000000e+02		1.3100000e+02		1.3050000e+02		2.8850634e-01		0.0000000e+00		0.0000000e+00		0.0000000e+00		0.0000000e+00		0.0000000e+00
1.3100000e+02		1.3200000e+02		1.3150000e+02		3.9064855e-02		0.0000000e+00		0.0000000e+00		0.0000000e+00		0.0000000e+00		0.0000000e+00
1.3200000e+02		1.3300000e+02		1.3250000e+02		3.0374778e-02		0.0000000e+00		0.0000000e+00		0.0000000e+00		0.0000000e+00		0.0000000e+00
1.3300000e+02		1.3400000e+02		1.3350000e+02		4.1056606e-01		0.0000000e+00		0.0000000e+00		0.0000000e+00		0.0000000e+00		0.0000000e+00
1.3400000e+02		1.3500000e+02		1.3450000e+02		2.8092500e-02		0.0000000e+00		0.0000000e+00		0.0000000e+00		0.0000000e+00		0.0000000e+00
1.3500000e+02		1.3600000e+02		1.3550000e+02		5.8954708e-02		0.0000000e+00		0.0000000e+00		0.0000000e+00		0.0000000e+00		0.0000000e+00
1.3600000e+02		1.3700000e+02		1.3650000e+02		3.8690656e-02		0.0000000e+00		0.0000000e+00		0.0000000e+00		0.0000000e+00		0.0000000e+00
1.3700000e+02		1.3800000e+02		1.3750000e+02		3.9732879e-02		0.0000000e+00		0.0000000e+00		0.0000000e+00		0.0000000e+00		0.0000000e+00
1.3800000e+02		1.3900000e+02		1.3850000e+02		4.0549866e-02		0.0000000e+00		0.0000000e+00		0.0000000e+00		0.0000000e+00		0.0000000e+00
1.3900000e+02		1.4000000e+02		1.3950000e+02		1.3692187e-01		0.0000000e+00		0.0000000e+00		0.0000000e+00		0.0000000e+00		0.0000000e+00
1.4000000e+02		1.4100000e+02		1.4050000e+02		1.1939088e-01		0.0000000e+00		0.0000000e+00		0.0000000e+00		0.0000000e+00		0.0000000e+00
1.4100000e+02		1.4200000e+02		1.4150000e+02		5.7521948e-02		0.0000000e+00		0.0000000e+00		0.0000000e+00		0.0000000e+00		0.0000000e+00
1.4200000e+02		1.4300000e+02		1.4250000e+02		6.2343151e-02		0.0000000e+00		0.0000000e+00		0.0000000e+00		0.0000000e+00		0.0000000e+00
1.4300000e+02		1.4400000e+02		1.4350000e+02		6.9165895e-02		0.0000000e+00		0.0000000e+00		0.0000000e+00		0.0000000e+00		0.0000000e+00
1.4400000e+02		1.4500000e+02		1.4450000e+02		6.6149126e-02		0.0000000e+00		0.0000000e+00		0.0000000e+00		0.0000000e+00		0.0000000e+00
1.4500000e+02		1.4600000e+02		1.4550000e+02		7.0536262e-02		0.0000000e+00		0.0000000e+00		0.0000000e+00		0.0000000e+00		0.0000000e+00
1.4600000e+02		1.4700000e+02		1.4650000e+02		8.6012655e-02		0.0000000e+00		0.0000000e+00		0.0000000e+00		0.0000000e+00		0.0000000e+00
1.4700000e+02		1.4800000e+02		1.4750000e+02		1.0610345e-01		0.0000000e+00		0.0000000e+00		0.0000000e+00		0.0000000e+00		0.0000000e+00
1.4800000e+02		1.4900000e+02		1.4850000e+02		1.0405386e-01		0.0000000e+00		0.0000000e+00		0.0000000e+00		0.0000000e+00		0.0000000e+00
1.4900000e+02		1.5000000e+02		1.4950000e+02		9.4002421e-02		0.0000000e+00		0.0000000e+00		0.0000000e+00		0.0000000e+00		0.0000000e+00
1.5000000e+02		1.5100000e+02		1.5050000e+02		1.0343288e-01		0.0000000e+00		0.0000000e+00		0.0000000e+00		0.0000000e+00		0.0000000e+00
1.5100000e+02		1.5200000e+02		1.5150000e+02		1.0875212e-01		0.0000000e+00		0.0000000e+00		0.0000000e+00		0.0000000e+00		0.0000000e+00
1.5200000e+02		1.5300000e+02		1.5250000e+02		1.3876638e-01		0.0000000e+00		0.0000000e+00		0.0000000e+00		0.0000000e+00		0.0000000e+00
1.5300000e+02		1.5400000e+02		1.5350000e+02		1.5371418e-01		0.0000000e+00		0.0000000e+00		0.0000000e+00		0.0000000e+00		0.0000000e+00
1.5400000e+02		1.5500000e+02		1.5450000e+02		4.1112511e-01		0.0000000e+00		0.0000000e+00		0.0000000e+00		0.0000000e+00		0.0000000e+00
1.5500000e+02		1.5600000e+02		1.5550000e+02		3.3836363e-01		0.0000000e+00		0.0000000e+00		0.0000000e+00		0.0000000e+00		0.0000000e+00
1.5600000e+02		1.5700000e+02		1.5650000e+02		2.0084632e-01		0.0000000e+00		0.0000000e+00		0.0000000e+00		0.0000000e+00		0.0000000e+00
1.5700000e+02		1.5800000e+02		1.5750000e+02		1.8216796e-01		0.0000000e+00		0.0000000e+00		0.0000000e+00		0.0000000e+00		0.0000000e+00
1.5800000e+02		1.5900000e+02		1.5850000e+02		1.6795176e-01		0.0000000e+00		0.0000000e+00		0.0000000e+00		0.0000000e+00		0.0000000e+00
1.5900000e+02		1.6000000e+02		1.5950000e+02		1.6379377e-01		0.0000000e+00		0.0000000e+00		0.0000000e+00		0.0000000e+00		0.0000000e+00
1.6000000e+02		1.6100000e+02		1.6050000e+02		1.7926410e-01		0.0000000e+00		0.0000000e+00		0.0000000e+00		0.0000000e+00		0.0000000e+00
1.6100000e+02		1.6200000e+02		1.6150000e+02		2.0306941e-01		0.0000000e+00		0.0000000e+00		0.0000000e+00		0.0000000e+00		0.0000000e+00
1.6200000e+02		1.6300000e+02		1.6250000e+02		2.2492895e-01		0.0000000e+00		0.0000000e+00		0.0000000e+00		0.0000000e+00		0.0000000e+00
1.6300000e+02		1.6400000e+02		1.6350000e+02		4.7671727e-01		0.0000000e+00		0.0000000e+00		0.0000000e+00		0.0000000e+00		0.0000000e+00
1.6400000e+02		1.6500000e+02		1.6450000e+02		4.8753270e-01		0.0000000e+00		0.0000000e+00		0.0000000e+00		0.0000000e+00		0.0000000e+00
1.6500000e+02		1.6600000e+02		1.6550000e+02		5.7072689e-01		0.0000000e+00		0.0000000e+00		0.0000000e+00		0.0000000e+00		0.0000000e+00
1.6600000e+02		1.6700000e+02		1.6650000e+02		2.6919628e-01		0.0000000e+00		0.0000000e+00		0.0000000e+00		0.0000000e+00		0.0000000e+00
1.6700000e+02		1.6800000e+02		1.6750000e+02		2.8728373e-01		0.0000000e+00		0.0000000e+00		0.0000000e+00		0.0000000e+00		0.0000000e+00
1.6800000e+02		1.6900000e+02		1.6850000e+02		3.0958866e-01		0.0000000e+00		0.0000000e+00		0.0000000e+00		0.0000000e+00		0.0000000e+00
1.6900000e+02		1.7000000e+02		1.6950000e+02		3.8988989e-01		0.0000000e+00		0.0000000e+00		0.0000000e+00		0.0000000e+00		0.0000000e+00
1.7000000e+02		1.7100000e+02		1.7050000e+02		4.3752516e-01		0.0000000e+00		0.0000000e+00		0.0000000e+00		0.0000000e+00		0.0000000e+00
1.7100000e+02		1.7200000e+02		1.7150000e+02		4.3618394e-01		0.0000000e+00		0.0000000e+00		0.0000000e+00		0.0000000e+00		0.0000000e+00
1.7200000e+02		1.7300000e+02		1.7250000e+02		4.5514763e-01		0.0000000e+00		0.0000000e+00		0.0000000e+00		0.0000000e+00		0.0000000e+00
1.7300000e+02		1.7400000e+02		1.7350000e+02		4.5120572e-01		0.0000000e+00		0.0000000e+00		0.0000000e+00		0.0000000e+00		0.0000000e+00
1.7400000e+02		1.7500000e+02		1.7450000e+02		5.3951828e-01		0.0000000e+00		0.0000000e+00		0.0000000e+00		0.0000000e+00		0.0000000e+00
1.7500000e+02		1.7600000e+02		1.7550000e+02		6.4389120e-01		0.0000000e+00		0.0000000e+00		0.0000000e+00		0.0000000e+00		0.0000000e+00
1.7600000e+02		1.7700000e+02		1.7650000e+02		6.9472845e-01		0.0000000e+00		0.0000000e+00		0.0000000e+00		0.0000000e+00		0.0000000e+00
1.7700000e+02		1.7800000e+02		1.7750000e+02		8.1849614e-01		0.0000000e+00		0.0000000e+00		0.0000000e+00		0.0000000e+00		0.0000000e+00
1.7800000e+02		1.7900000e+02		1.7850000e+02		8.9455089e-01		0.0000000e+00		0.0000000e+00		0.0000000e+00		0.0000000e+00		0.0000000e+00
1.7900000e+02		1.8000000e+02		1.7950000e+02		8.6966614e-01		0.0000000e+00		0.0000000e+00		0.0000000e+00		0.0000000e+00		0.0000000e+00
1.8000000e+02		1.8100000e+02		1.8050000e+02		1.0753674e+00		0.0000000e+00		0.0000000e+00		0.0000000e+00		0.0000000e+00		0.0000000e+00
1.8100000e+02		1.8200000e+02		1.8150000e+02		1.3093431e+00		0.0000000e+00		0.0000000e+00		0.0000000e+00		0.0000000e+00		0.0000000e+00
1.8200000e+02		1.8300000e+02		1.8250000e+02		1.2087370e+00		0.0000000e+00		0.0000000e+00		0.0000000e+00		0.0000000e+00		0.0000000e+00
1.8300000e+02		1.8400000e+02		1.8350000e+02		1.2728289e+00		0.0000000e+00		0.0000000e+00		0.0000000e+00		0.0000000e+00		0.0000000e+00
1.8400000e+02		1.8500000e+02		1.8450000e+02		1.0940339e+00		0.0000000e+00		0.0000000e+00		0.0000000e+00		0.0000000e+00		0.0000000e+00
1.8500000e+02		1.8600000e+02		1.8550000e+02		1.2372281e+00		0.0000000e+00		0.0000000e+00		0.0000000e+00		0.0000000e+00		0.0000000e+00
1.8600000e+02		1.8700000e+02		1.8650000e+02		1.4037992e+00		0.0000000e+00		0.0000000e+00		0.0000000e+00		0.0000000e+00		0.0000000e+00
1.8700000e+02		1.8800000e+02		1.8750000e+02		1.5907538e+00		0.0000000e+00		0.0000000e+00		0.0000000e+00		0.0000000e+00		0.0000000e+00
1.8800000e+02		1.8900000e+02		1.8850000e+02		1.6735993e+00		0.0000000e+00		0.0000000e+00		0.0000000e+00		0.0000000e+00		0.0000000e+00
1.8900000e+02		1.9000000e+02		1.8950000e+02		1.8559600e+00		1.9060400e-301		0.0000000e+00		1.9083605e-301		5.4902151e-304		1.9028702e-301
1.9000000e+02		1.9100000e+02		1.9050000e+02		1.9109940e+00		1.4747724e-254		0.0000000e+00		1.4772969e-254		5.9730506e-257		1.4713238e-254
1.9100000e+02		1.9200000e+02		1.9150000e+02		2.0707336e+00		1.0591112e-228		0.0000000e+00		1.0614461e-228		5.5244456e-231		1.0559217e-228
1.9200000e+02		1.9300000e+02		1.9250000e+02		2.1685186e+00		1.0894626e-209		0.0000000e+00		1.0925086e-209		7.2068937e-212		1.0853017e-209
1.9300000e+02		1.9400000e+02		1.9350000e+02		1.6554009e+00		3.1078578e-93		1.1625877e-89		5.3829676e-93		5.3829676e-93		6.2838087e-198
1.9400000e+02		1.9500000e+02		1.9450000e+02		2.6556632e+00		2.2653216e-84		3.9406046e-81		3.9236522e-84		3.9236522e-84		3.3259702e-192
1.9500000e+02		1.9600000e+02		1.9550000e+02		2.5630279e+00		1.6943895e-78		1.7560928e-75		2.9347687e-78		2.9347687e-78		2.3338064e-188
1.9600000e+02		1.9700000e+02		1.9650000e+02		2.8204934e+00		4.4184422e-74		3.1192937e-71		7.6529664e-74		7.6529664e-74		1.7904661e-185
1.9700000e+02		1.9800000e+02		1.9750000e+02		2.8068384e+00		7.8791868e-69		3.5093313e-66		1.3647152e-68		1.3647152e-68		3.3698653e-182
1.9800000e+02		1.9900000e+02		1.9850000e+02		2.7505577e+00		1.0785606e-55		1.5257834e-53		1.8681217e-55		1.8681217e-55		1.8536044e-174
1.9900000e+02		2.0000000e+02		1.9950000e+02		2.8965557e+00		1.4142339e-45		8.3829859e-44		2.4495249e-45		2.4495249e-45		3.5383044e-168
2.0000000e+02		2.0100000e+02		2.0050000e+02		3.0623388e+00		1.7945845e-45		1.0578779e-43		3.1083115e-45		3.1083115e-45		1.0035508e-167
2.0100000e+02		2.0200000e+02		2.0150000e+02		3.2593670e+00		1.5701773e-43		7.8573317e-42		2.7196269e-43		2.7196269e-43		1.5843421e-166
2.0200000e+02		2.0300000e+02		2.0250000e+02		3.2217937e+00		1.6601264e-40		6.4229281e-39		2.8754234e-40		2.8754234e-40		2.3776221e-164
2.0300000e+02		2.0400000e+02		2.0350000e+02		3.4484145e+00		4.3147405e-37		1.2529835e-35		7.4733498e-37		7.4733498e-37		4.0532213e-162
2.0400000e+02		2.0500000e+02		2.0450000e+02		3.7117169e+00		5.1672542e-34		1.1611504e-32		8.9499467e-34		8.9499467e-34		5.0898705e-160
2.0500000e+02		2.0600000e+02		2.0550000e+02		3.7200399e+00		2.4371022e-31		4.3778899e-30		4.2211849e-31		4.2211849e-31		2.8510857e-158
2.0600000e+02		2.0700000e+02		2.0650000e+02		3.7247532e+00		4.7655393e-29		7.0736827e-28		8.2541562e-29		8.2541562e-29		8.9402037e-157
2.0700000e+02		2.0800000e+02		2.0750000e+02		4.0454145e+00		4.9089358e-27		6.1884946e-26		8.5025263e-27		8.5025263e-27		2.8276006e-155
2.0800000e+02		2.0900000e+02		2.0850000e+02		4.3759554e+00		2.7326906e-25		2.9897827e-24		4.7331589e-25		4.7331589e-25		2.6820785e-154
2.0900000e+02		2.1000000e+02		2.0950000e+02		5.6528678e+00		1.3340234e-23		1.2831359e-22		2.3105964e-23		2.3105964e-23		4.3056650e-153
2.1000000e+02		2.1100000e+02		2.1050000e+02		6.9678423e+00		5.6455598e-22		4.7970036e-21		9.7783965e-22		9.7783965e-22		1.7640188e-151
2.1100000e+02		2.1200000e+02		2.1150000e+02		7.9326445e+00		1.6787315e-20		1.2715002e-19		2.9076482e-20		2.9076482e-20		1.3139888e-150
2.1200000e+02		2.1300000e+02		2.1250000e+02		7.0734222e+00		3.2287726e-19		2.1973577e-18		5.5923981e-19		5.5923981e-19		1.1535158e-149
2.1300000e+02		2.1400000e+02		2.1350000e+02		7.2066449e+00		5.0716623e-18		3.1398733e-17		8.7843768e-18		8.7843768e-18		8.8970065e-149
2.1400000e+02		2.1500000e+02		2.1450000e+02		9.2279181e+00		8.6438023e-17		4.8955692e-16		1.4971505e-16		1.4971505e-16		6.4662135e-148
2.1500000e+02		2.1600000e+02		2.1550000e+02		7.9257408e+00		1.0012385e-15		5.1888099e-15		1.7341959e-15		1.7341959e-15		3.1220508e-147
2.1600000e+02		2.1700000e+02		2.1650000e+02		7.3353469e+00		1.1483636e-14		5.4713247e-14		1.9890241e-14		1.9890241e-14		5.3998022e-146
2.1700000e+02		2.1800000e+02		2.1750000e+02		7.5953881e+00		1.2799348e-13		5.6305281e-13		2.2169122e-13		2.2169122e-13		1.1829081e-145
2.1800000e+02		2.1900000e+02		2.1850000e+02		1.0217230e+01		1.5181261e-12		6.2180229e-12		2.6294716e-12		2.6294716e-12		1.1233239e-144
2.1900000e+02		2.2000000e+02		2.1950000e+02		1.0786519e+01		1.1464204e-11		4.4043201e-11		1.9856583e-11		1.9856583e-11		3.4276563e-144
2.2000000e+02		2.2100000e+02		2.2050000e+02		1.0851638e+01		7.4645474e-11		2.7021341e-10		1.2928975e-10		1.2928975e-10		2.0010874e-143
2.2100000e+02		2.2200000e+02		2.2150000e+02		8.6872371e+00		3.4769748e-10		1.1909168e-09		6.0222971e-10		6.0222971e-10		5.6392921e-143
2.2200000e+02		2.2300000e+02		2.2250000e+02		1.1691346e+01		2.4895179e-09		8.1005954e-09		4.3119714e-09		4.3119714e-09		3.7005077e-142
2.2300000e+02		2.2400000e+02		2.2350000e+02		1.5139682e+01		1.4877526e-08		4.6231329e-08		2.5768632e-08		2.5768632e-08		1.5828863e-141
2.2400000e+02		2.2500000e+02		2.2450000e+02		1.4154944e+01		5.7019315e-08		1.6994504e-07		9.8760350e-08		9.8760350e-08		2.8782543e-141
2.2500000e+02		2.2600000e+02		2.2550000e+02		1.2365614e+01		1.9039733e-07		5.4612889e-07		3.2977784e-07		3.2977784e-07		1.0089163e-140
2.2600000e+02		2.2700000e+02		2.2650000e+02		9.0577089e+00		4.7464180e-07		1.3153007e-06		8.2210372e-07		8.2210372e-07		1.1292966e-140
2.2700000e+02		2.2800000e+02		2.2750000e+02		8.8108381e+00		1.5134281e-06		4.0607036e-06		2.6213344e-06		2.6213344e-06		2.5112506e-140
2.2800000e+02		2.2900000e+02		2.2850000e+02		1.2275156e+01		6.1015134e-06		1.5921800e-05		1.0568131e-05		1.0568131e-05		1.5682084e-139
2.2900000e+02		2.3000000e+02		2.2950000e+02		1.1031259e+01		1.4958990e-05		3.8052226e-05		2.5909731e-05		2.5909731e-05		5.4278564e-139
2.3000000e+02		2.3100000e+02		2.3050000e+02		1.2510180e+01		4.4109300e-05		1.0956860e-04		7.6399549e-05		7.6399549e-05		8.3662310e-139
2.3100000e+02		2.3200000e+02		2.3150000e+02		1.1791833e+01		1.0019148e-04		2.4371337e-04		1.7353674e-04		1.7353674e-04		1.9546518e-138
2.3200000e+02		2.3300000e+02		2.3250000e+02		1.2664003e+01		2.3304076e-04		5.5692538e-04		4.0363844e-04		4.0363844e-04		8.0967090e-138
2.3300000e+02		2.3400000e+02		2.3350000e+02		1.1428554e+01		4.1997046e-04		9.8817364e-04		7.2741017e-04		7.2741017e-04		8.0791090e-138
2.3400000e+02		2.3500000e+02		2.3450000e+02		9.9864853e+00		6.9111779e-04		1.6040550e-03		1.1970511e-03		1.1970511e-03		1.0468670e-137
2.3500000e+02		2.3600000e+02		2.3550000e+02		1.3443360e+01		1.6532983e-03		3.7910553e-03		2.8635967e-03		2.8635967e-03		1.5143118e-137
2.3600000e+02		2.3700000e+02		2.3650000e+02		1.2448020e+01		2.6364576e-03		5.9804969e-03		4.5664786e-03		4.5664786e-03		4.5621895e-137
2.3700000e+02		2.3800000e+02		2.3750000e+02		1.3294723e+01		4.5692006e-03		1.0267671e-02		7.9140876e-03		7.9140876e-03		1.0704202e-136
2.3800000e+02		2.3900000e+02		2.3850000e+02		1.1021422e+01		5.8704785e-03		1.3084461e-02		1.0167967e-02		1.0167967e-02		1.8661386e-136
2.3900000e+02		2.4000000e+02		2.3950000e+02		1.2008577e+01		9.4273230e-03		2.0864764e-02		1.6328602e-02		1.6328602e-02		3.4181442e-136
2.4000000e+02		2.4100000e+02		2.4050000e+02		1.1032163e+01		1.2244434e-02		2.6933748e-02		2.1207981e-02		2.1207981e-02		2.7473993e-136
2.4100000e+02		2.4200000e+02		2.4150000e+02		1.2918879e+01		1.9516306e-02		4.2705216e-02		3.3803233e-02		3.3803233e-02		5.6835766e-136
2.4200000e+02		2.4300000e+02		2.4250000e+02		1.7782729e+01		3.5526574e-02		7.7381109e-02		6.1533831e-02		6.1533831e-02		1.1545201e-135
2.4300000e+02		2.4400000e+02		2.4350000e+02		1.6701989e+01		4.2711225e-02		9.2665856e-02		7.3978011e-02		7.3978011e-02		1.7347000e-135
2.4400000e+02		2.4500000e+02		2.4450000e+02		1.5641720e+01		4.9718254e-02		1.0750758e-01		8.6114543e-02		8.6114543e-02		2.9342080e-135
2.4500000e+02		2.4600000e+02		2.4550000e+02		1.2691134e+01		4.9070662e-02		1.0579376e-01		8.4992879e-02		8.4992879e-02		2.9904281e-135
2.4600000e+02		2.4700000e+02		2.4650000e+02		1.2350906e+01		5.6782495e-02		1.2211373e-01		9.8350166e-02		9.8350166e-02		8.1038766e-135
2.4700000e+02		2.4800000e+02		2.4750000e+02		1.3639226e+01		7.2810150e-02		1.5624019e-01		1.2611088e-01		1.2611088e-01		8.3945655e-135
2.4800000e+02		2.4900000e+02		2.4850000e+02		1.0938846e+01		6.6457546e-02		1.4233943e-01		1.1510785e-01		1.1510785e-01		6.0175916e-135
2.4900000e+02		2.5000000e+02		2.4950000e+02		1.3333262e+01		9.0168499e-02		1.9281722e-01		1.5617642e-01		1.5617642e-01		1.1248465e-134
2.5000000e+02		2.5100000e+02		2.5050000e+02		1.4401571e+01		1.0785725e-01		2.3033764e-01		1.8681423e-01		1.8681423e-01		1.9779269e-134
2.5100000e+02		2.5200000e+02		2.5150000e+02		1.2007424e+01		9.7318939e-02		2.0760646e-01		1.6856135e-01		1.6856135e-01		2.3968529e-134
2.5200000e+02		2.5300000e+02		2.5250000e+02		1.0794009e+01		9.3292739e-02		1.9883395e-01		1.6158776e-01		1.6158776e-01		2.3559452e-134
2.5300000e+02		2.5400000e+02		2.5350000e+02		1.3602371e+01		1.2414065e-01		2.6437256e-01		2.1501792e-01		2.1501792e-01		4.4445070e-134
2.5400000e+02		2.5500000e+02		2.5450000e+02		1.5384114e+01		1.4677388e-01		3.1236411e-01		2.5421982e-01		2.5421982e-01		5.0411660e-134
2.5500000e+02		2.5600000e+02		2.5550000e+02		2.0992062e+01		2.0805288e-01		4.4252416e-01		3.6035816e-01		3.6035816e-01		1.0514250e-133
2.5600000e+02		2.5700000e+02		2.5650000e+02		2.7040612e+01		2.7688293e-01		5.8863036e-01		4.7957530e-01		4.7957530e-01		2.4013863e-133
2.5700000e+02		2.5800000e+02		2.5750000e+02		3.3946512e+01		3.5710411e-01		7.5884408e-01		6.1852246e-01		6.1852246e-01		4.0179732e-133
2.5800000e+02		2.5900000e+02		2.5850000e+02		3.5732434e+01		3.8367734e-01		8.1499905e-01		6.6454865e-01		6.6454865e-01		3.3048618e-133
2.5900000e+02		2.6000000e+02		2.5950000e+02		3.0409976e+01		3.0930598e-01		6.5734603e-01		5.3573367e-01		5.3573367e-01		4.6256133e-133
2.6000000e+02		2.6100000e+02		2.6050000e+02		2.4915606e+01		2.4177485e-01		5.1404549e-01		4.1876632e-01		4.1876632e-01		5.7233090e-133
2.6100000e+02		2.6200000e+02		2.6150000e+02		2.5442742e+01		2.4947245e-01		5.3027765e-01		4.3209895e-01		4.3209895e-01		4.5645989e-133
2.6200000e+02		2.6300000e+02		2.6250000e+02		3.0366547e+01		3.0225149e-01		6.4227075e-01		5.2351494e-01		5.2351494e-01		6.3035621e-133
2.6300000e+02		2.6400000e+02		2.6350000e+02		4.5700096e+01		4.5404307e-01		9.6473569e-01		7.8642567e-01		7.8642567e-01		1.3746357e-132
2.6400000e+02		2.6500000e+02		2.6450000e+02		7.1249372e+01		7.3112836e-01		1.5527203e+00		1.2663515e+00		1.2663515e+00		3.3739726e-132
2.6500000e+02		2.6600000e+02		2.6550000e+02		7.4731454e+01		7.7058251e-01		1.6362319e+00		1.3346881e+00		1.3346881e+00		3.3789690e-132
2.6600000e+02		2.6700000e+02		2.6650000e+02		7.2446611e+01		7.4884872e-01		1.5898972e+00		1.2970440e+00		1.2970440e+00		6.7561365e-132
2.6700000e+02		2.6800000e+02		2.6750000e+02		7.2937204e+01		7.6656973e-01		1.6270029e+00		1.3277377e+00		1.3277377e+00		5.5717142e-132
2.6800000e+02		2.6900000e+02		2.6850000e+02		7.2239021e+01		7.6969850e-01		1.6331966e+00		1.3331569e+00		1.3331569e+00		5.8319865e-132
2.6900000e+02		2.7000000e+02		2.6950000e+02		6.7758000e+01		7.1865267e-01		1.5248040e+00		1.2447429e+00		1.2447429e+00		1.1916310e-131
2.7000000e+02		2.7100000e+02		2.7050000e+02		7.8281462e+01		8.3760224e-01		1.7768944e+00		1.4507696e+00		1.4507696e+00		2.3591364e-131
2.7100000e+02		2.7200000e+02		2.7150000e+02		6.5051220e+01		6.8827115e-01		1.4600877e+00		1.1921206e+00		1.1921206e+00		1.0089072e-131
2.7200000e+02		2.7300000e+02		2.7250000e+02		5.2331568e+01		5.6658489e-01		1.2015444e+00		9.8135381e-01		9.8135381e-01		1.6897275e-131
2.7300000e+02		2.7400000e+02		2.7350000e+02		5.5800645e+01		5.9948451e-01		1.2711405e+00		1.0383376e+00		1.0383376e+00		1.8595690e-131
2.7400000e+02		2.7500000e+02		2.7450000e+02		3.8398649e+01		4.1785984e-01		8.8591254e-01		7.2375447e-01		7.2375447e-01		1.3744629e-131
2.7500000e+02		2.7600000e+02		2.7550000e+02		5.1208696e+01		5.5021874e-01		1.1665821e+00		9.5300682e-01		9.5300682e-01		1.7986045e-131
2.7600000e+02		2.7700000e+02		2.7650000e+02		7.1318275e+01		7.7080570e-01		1.6340126e+00		1.3350746e+00		1.3350746e+00		4.1940252e-131
2.7700000e+02		2.7800000e+02		2.7750000e+02		6.8188493e+01		7.4576919e-01		1.5805472e+00		1.2917101e+00		1.2917101e+00		2.2085945e-131
2.7800000e+02		2.7900000e+02		2.7850000e+02		4.7024496e+01		5.1612140e-01		1.0937077e+00		8.9394848e-01		8.9394848e-01		1.6438113e-131
2.7900000e+02		2.8000000e+02		2.7950000e+02		2.6422560e+01		2.8847830e-01		6.1130503e-01		4.9965907e-01		4.9965907e-01		1.4720413e-131
2.8000000e+02		2.8100000e+02		2.8050000e+02		2.8982131e+01		3.1463108e-01		6.6671800e-01		5.4495702e-01		5.4495702e-01		2.4288013e-131
2.8100000e+02		2.8200000e+02		2.8150000e+02		6.0033324e+01		6.5666416e-01		1.3912740e+00		1.1373757e+00		1.1373757e+00		6.9276019e-131
2.8200000e+02		2.8300000e+02		2.8250000e+02		8.1733762e+01		8.9630137e-01		1.8987358e+00		1.5524395e+00		1.5524395e+00		1.2172503e-130
2.8300000e+02		2.8400000e+02		2.8350000e+02		8.4433091e+01		9.3011899e-01		1.9701497e+00		1.6110133e+00		1.6110133e+00		1.7922786e-130
2.8400000e+02		2.8500000e+02		2.8450000e+02		6.2255376e+01		6.9046431e-01		1.4622859e+00		1.1959193e+00		1.1959193e+00		8.5400738e-131
2.8500000e+02		2.8600000e+02		2.8550000e+02		4.0018063e+01		4.4289716e-01		9.3792547e-01		7.6712038e-01		7.6712038e-01		5.4074091e-131
2.8600000e+02		2.8700000e+02		2.8650000e+02		8.2001717e+01		9.1344683e-01		1.9341613e+00		1.5821363e+00		1.5821363e+00		2.0026587e-130
2.8700000e+02		2.8800000e+02		2.8750000e+02		9.5189148e+01		1.0550931e+00		2.2340098e+00		1.8274749e+00		1.8274749e+00		1.7388247e-130
2.8800000e+02		2.8900000e+02		2.8850000e+02		9.0460934e+01		1.0038879e+00		2.1254460e+00		1.7387849e+00		1.7387849e+00		2.7942449e-130
2.8900000e+02		2.9000000e+02		2.8950000e+02		1.3728321e+02		1.5077534e+00		3.1922468e+00		2.6115055e+00		2.6115055e+00		2.2779946e-130
2.9000000e+02		2.9100000e+02		2.9050000e+02		1.8023325e+02		1.9725636e+00		4.1763518e+00		3.4165803e+00		3.4165803e+00		4.4126357e-130
2.9100000e+02		2.9200000e+02		2.9150000e+02		1.7359450e+02		1.9054297e+00		4.0338558e+00		3.3003010e+00		3.3003010e+00		6.7194108e-130
2.9200000e+02		2.9300000e+02		2.9250000e+02		1.5421676e+02		1.7082191e+00		3.6157706e+00		2.9587222e+00		2.9587222e+00		9.2314237e-130
2.9300000e+02		2.9400000e+02		2.9350000e+02		1.6099986e+02		1.8037025e+00		3.8170963e+00		3.1241044e+00		3.1241044e+00		9.0375658e-130
2.9400000e+02		2.9500000e+02		2.9450000e+02		1.4991794e+02		1.6406052e+00		3.4726460e+00		2.8416116e+00		2.8416116e+00		9.3552909e-130
2.9500000e+02		2.9600000e+02		2.9550000e+02		1.6232431e+02		1.8084687e+00		3.8268412e+00		3.1323596e+00		3.1323596e+00		9.0292946e-130
2.9600000e+02		2.9700000e+02		2.9650000e+02		1.4851381e+02		1.6774633e+00		3.5488722e+00		2.9054516e+00		2.9054516e+00		1.0028132e-129
2.9700000e+02		2.9800000e+02		2.9750000e+02		1.5140866e+02		1.6970805e+00		3.5904720e+00		2.9394297e+00		2.9394297e+00		1.5564966e-129
2.9800000e+02		2.9900000e+02		2.9850000e+02		1.3012850e+02		1.4503591e+00		3.0684555e+00		2.5120957e+00		2.5120957e+00		6.7749185e-130
2.9900000e+02		3.0000000e+02		2.9950000e+02		1.4682541e+02		1.6373842e+00		3.4640775e+00		2.8360326e+00		2.8360326e+00		2.4803430e-129
3.0000000e+02		3.0100000e+02		3.0050000e+02		1.1681452e+02		1.3088883e+00		2.7686855e+00		2.2670610e+00		2.2670610e+00		1.0195957e-129
3.0100000e+02		3.0200000e+02		3.0150000e+02		1.3434477e+02		1.4927481e+00		3.1574919e+00		2.5855156e+00		2.5855156e+00		1.8212555e-129
3.0200000e+02		3.0300000e+02		3.0250000e+02		1.4142283e+02		1.5925017e+00		3.3680920e+00		2.7582939e+00		2.7582939e+00		2.1381139e-129
3.0300000e+02		3.0400000e+02		3.0350000e+02		1.8342160e+02		2.0419951e+00		4.3191126e+00		3.5368392e+00		3.5368392e+00		3.3607964e-129
3.0400000e+02		3.0500000e+02		3.0450000e+02		1.7556728e+02		1.9862420e+00		4.2001358e+00		3.4402720e+00		3.4402720e+00		3.1295927e-129
3.0500000e+02		3.0600000e+02		3.0550000e+02		1.7728071e+02		2.0168904e+00		4.2644532e+00		3.4933567e+00		3.4933567e+00		3.7133975e-129
3.0600000e+02		3.0700000e+02		3.0650000e+02		1.6814926e+02		1.9236809e+00		4.0669047e+00		3.3319130e+00		3.3319130e+00		3.8869266e-129
3.0700000e+02		3.0800000e+02		3.0750000e+02		1.8878816e+02		2.1265696e+00		4.4963887e+00		3.6833265e+00		3.6833265e+00		4.4193232e-129
3.0800000e+02		3.0900000e+02		3.0850000e+02		1.8529086e+02		2.0996602e+00		4.4390318e+00		3.6367182e+00		3.6367182e+00		7.3008097e-129
3.0900000e+02		3.1000000e+02		3.0950000e+02		1.5026991e+02		1.7155688e+00		3.6263948e+00		2.9714524e+00		2.9714524e+00		2.7183279e-129
3.1000000e+02		3.1100000e+02		3.1050000e+02		1.8913229e+02		2.1461173e+00		4.5366761e+00		3.7171842e+00		3.7171842e+00		5.5288315e-129
3.1100000e+02		3.1200000e+02		3.1150000e+02		2.2495083e+02		2.5661919e+00		5.4240655e+00		4.4447748e+00		4.4447748e+00		8.3531476e-129
3.1200000e+02		3.1300000e+02		3.1250000e+02		2.0030306e+02		2.2557428e+00		4.7683580e+00		3.9070611e+00		3.9070611e+00		8.6895252e-129
3.1300000e+02		3.1400000e+02		3.1350000e+02		2.1331645e+02		2.4477344e+00		5.1728074e+00		4.2396003e+00		4.2396003e+00		8.0042097e-129
3.1400000e+02		3.1500000e+02		3.1450000e+02		2.0119548e+02		2.2857074e+00		4.8306725e+00		3.9589613e+00		3.9589613e+00		1.0216860e-128
3.1500000e+02		3.1600000e+02		3.1550000e+02		1.9522773e+02		2.2013140e+00		4.6525927e+00		3.8127877e+00		3.8127877e+00		9.3151829e-129
3.1600000e+02		3.1700000e+02		3.1650000e+02		1.9043254e+02		2.1321644e+00		4.5066655e+00		3.6930171e+00		3.6930171e+00		1.0497495e-128
3.1700000e+02		3.1800000e+02		3.1750000e+02		2.4155434e+02		2.7303149e+00		5.7701346e+00		4.7290441e+00		4.7290441e+00		2.1432268e-128
3.1800000e+02		3.1900000e+02		3.1850000e+02		1.9952276e+02		2.2334967e+00		4.7201268e+00		3.8685298e+00		3.8685298e+00		1.1523873e-128
3.1900000e+02		3.2000000e+02		3.1950000e+02		2.1430874e+02		2.4030358e+00		5.0785273e+00		4.1621801e+00		4.1621801e+00		2.1119707e-128
3.2000000e+02		3.2100000e+02		3.2050000e+02		2.4621307e+02		2.7925491e+00		5.9006383e+00		4.8368369e+00		4.8368369e+00		2.1098503e-128
3.2100000e+02		3.2200000e+02		3.2150000e+02		2.0677326e+02		2.2440344e+00		4.7438113e+00		3.8867815e+00		3.8867815e+00		1.3756902e-128
3.2200000e+02		3.2300000e+02		3.2250000e+02		2.0765168e+02		2.3610837e+00		4.9883619e+00		4.0895169e+00		4.0895169e+00		1.6947019e-128
3.2300000e+02		3.2400000e+02		3.2350000e+02		2.0066974e+02		2.2536110e+00		4.7617660e+00		3.9033688e+00		3.9033688e+00		1.5060813e-128
3.2400000e+02		3.2500000e+02		3.2450000e+02		2.3629853e+02		2.6510421e+00		5.6012730e+00		4.5917396e+00		4.5917396e+00		1.4669173e-128
3.2500000e+02		3.2600000e+02		3.2550000e+02		2.7209498e+02		2.7909434e+00		5.9022072e+00		4.8340557e+00		4.8340557e+00		1.0095386e-128
3.2600000e+02		3.2700000e+02		3.2650000e+02		3.0699214e+02		3.4765964e+00		7.3441945e+00		6.0216417e+00		6.0216417e+00		2.6827658e-128
3.2700000e+02		3.2800000e+02		3.2750000e+02		2.9701525e+02		3.3495189e+00		7.0759303e+00		5.8015369e+00		5.8015369e+00		2.5996074e-128
3.2800000e+02		3.2900000e+02		3.2850000e+02		2.8673370e+02		3.2148345e+00		6.7915937e+00		5.5682567e+00		5.5682567e+00		2.6057861e-128
3.2900000e+02		3.3000000e+02		3.2950000e+02		3.3379807e+02		3.6902254e+00		7.7971135e+00		6.3916580e+00		6.3916580e+00		6.0134653e-128
3.3000000e+02		3.3100000e+02		3.3050000e+02		3.1443449e+02		3.3454403e+00		7.0714593e+00		5.7944725e+00		5.7944725e+00		3.9197633e-128
3.3100000e+02		3.3200000e+02		3.3150000e+02		3.0087994e+02		3.4881320e+00		7.3654866e+00		6.0416219e+00		6.0416219e+00		6.5732214e-128
3.3200000e+02		3.3300000e+02		3.3250000e+02		2.9519831e+02		3.3892650e+00		7.1571127e+00		5.8703792e+00		5.8703792e+00		4.0094903e-128
3.3300000e+02		3.3400000e+02		3.3350000e+02		2.8364288e+02		3.2451120e+00		6.8529998e+00		5.6206988e+00		5.6206988e+00		8.9528182e-128
3.3400000e+02		3.3500000e+02		3.3450000e+02		2.9883003e+02		3.3852623e+00		7.1495207e+00		5.8634462e+00		5.8634462e+00		8.1466597e-128
3.3500000e+02		3.3600000e+02		3.3550000e+02		2.9511053e+02		3.3426685e+00		7.0592240e+00		5.7896716e+00		5.7896716e+00		6.4503485e-128
3.3600000e+02		3.3700000e+02		3.3650000e+02		2.4313126e+02		2.7529330e+00		5.8136681e+00		4.7682198e+00		4.7682198e+00		6.0669326e-128
3.3700000e+02		3.3800000e+02		3.3750000e+02		2.5649874e+02		2.9179873e+00		6.1615965e+00		5.0541022e+00		5.0541022e+00		4.4689106e-128
3.3800000e+02		3.3900000e+02		3.3850000e+02		2.7748673e+02		3.1890887e+00		6.7329916e+00		5.5236636e+00		5.5236636e+00		4.6254612e-128
3.3900000e+02		3.4000000e+02		3.3950000e+02		2.9040264e+02		3.3141246e+00		6.9975096e+00		5.7402321e+00		5.7402321e+00		8.5182241e-128
3.4000000e+02		3.4100000e+02		3.4050000e+02		3.0654056e+02		3.4374300e+00		7.2590125e+00		5.9538033e+00		5.9538033e+00		5.4244995e-128
3.4100000e+02		3.4200000e+02		3.4150000e+02		2.7979685e+02		2.9028205e+00		6.1355017e+00		5.0278326e+00		5.0278326e+00		4.1725489e-128
3.4200000e+02		3.4300000e+02		3.4250000e+02		3.0344565e+02		3.3946667e+00		7.1687155e+00		5.8797352e+00		5.8797352e+00		1.3563154e-127
3.4300000e+02		3.4400000e+02		3.4350000e+02		2.9822260e+02		3.2112471e+00		6.7842880e+00		5.5620431e+00		5.5620431e+00		1.5082975e-127
3.4400000e+02		3.4500000e+02		3.4450000e+02		2.3986676e+02		2.6713001e+00		5.6408116e+00		4.6268274e+00		4.6268274e+00		1.0727998e-127
3.4500000e+02		3.4600000e+02		3.4550000e+02		2.8907088e+02		3.1767583e+00		6.7092904e+00		5.5023067e+00		5.5023067e+00		9.9393336e-128
3.4600000e+02		3.4700000e+02		3.4650000e+02		2.8069735e+02		3.0618590e+00		6.4671406e+00		5.3032953e+00		5.3032953e+00		1.7078255e-127
3.4700000e+02		3.4800000e+02		3.4750000e+02		2.7782009e+02		2.9615748e+00		6.2567193e+00		5.1295981e+00		5.1295981e+00		9.8033266e-128
3.4800000e+02		3.4900000e+02		3.4850000e+02		2.8744416e+02		3.3452409e+00		7.0598342e+00		5.7941273e+00		5.7941273e+00		1.4352311e-127
3.4900000e+02		3.5000000e+02		3.4950000e+02		2.7550877e+02		3.2124814e+00		6.7792472e+00		5.5641810e+00		5.5641810e+00		1.1106140e-127
3.5000000e+02		3.5100000e+02		3.5050000e+02		3.3002358e+02		3.7584151e+00		7.9332435e+00		6.5097659e+00		6.5097659e+00		1.0987704e-127
3.5100000e+02		3.5200000e+02		3.5150000e+02		3.0660572e+02		3.5198733e+00		7.4291041e+00		6.0965995e+00		6.0965995e+00		2.3924600e-127
3.5200000e+02		3.5300000e+02		3.5250000e+02		2.8324198e+02		3.2261348e+00		6.8092514e+00		5.5878295e+00		5.5878295e+00		1.2562220e-127
3.5300000e+02		3.5400000e+02		3.5350000e+02		3.2405327e+02		3.7900255e+00		7.9967493e+00		6.5645168e+00		6.5645168e+00		1.0527685e-127
3.5400000e+02		3.5500000e+02		3.5450000e+02		3.4586270e+02		4.0208920e+00		8.4843990e+00		6.9643892e+00		6.9643892e+00		1.9879968e-127
3.5500000e+02		3.5600000e+02		3.5550000e+02		3.2478382e+02		3.7755139e+00		7.9665009e+00		6.5393819e+00		6.5393819e+00		1.6297157e-127
3.5600000e+02		3.5700000e+02		3.5650000e+02		2.8234357e+02		3.2280463e+00		6.8120218e+00		5.5911401e+00		5.5911401e+00		3.2376432e-128
3.5700000e+02		3.5800000e+02		3.5750000e+02		2.4674321e+02		2.8011099e+00		5.9118166e+00		4.8516647e+00		4.8516647e+00		1.1714712e-127
3.5800000e+02		3.5900000e+02		3.5850000e+02		2.1181106e+02		2.4417402e+00		5.1524086e+00		4.2292181e+00		4.2292181e+00		1.8167979e-127
3.5900000e+02		3.6000000e+02		3.5950000e+02		3.0582840e+02		3.4531367e+00		7.2878816e+00		5.9810083e+00		5.9810083e+00		8.8743972e-128
3.6000000e+02		3.6100000e+02		3.6050000e+02		3.0178862e+02		3.4444424e+00		7.2686199e+00		5.9659492e+00		5.9659492e+00		1.8247414e-127
3.6100000e+02		3.6200000e+02		3.6150000e+02		2.8033735e+02		3.0292008e+00		6.3963628e+00		5.2467298e+00		5.2467298e+00		1.5878022e-127
3.6200000e+02		3.6300000e+02		3.6250000e+02		3.1645921e+02		3.2258041e+00		6.8162193e+00		5.5872566e+00		5.5872566e+00		2.1845461e-127
3.6300000e+02		3.6400000e+02		3.6350000e+02		3.0810145e+02		3.2282374e+00		6.8187292e+00		5.5914713e+00		5.5914713e+00		1.5917730e-127
3.6400000e+02		3.6500000e+02		3.6450000e+02		3.2221950e+02		2.8474227e+00		6.0265037e+00		4.9318808e+00		4.9318808e+00		1.6075779e-127
3.6500000e+02		3.6600000e+02		3.6550000e+02		3.6674574e+02		3.4836210e+00		7.3670425e+00		6.0338085e+00		6.0338085e+00		3.2753987e-127
3.6600000e+02		3.6700000e+02		3.6650000e+02		3.9198946e+02		3.1665370e+00		6.7099828e+00		5.4846030e+00		5.4846030e+00		2.2496874e-127
3.6700000e+02		3.6800000e+02		3.6750000e+02		3.7850004e+02		3.0891695e+00		6.5448380e+00		5.3505985e+00		5.3505985e+00		1.0456342e-127
3.6800000e+02		3.6900000e+02		3.6850000e+02		3.4895620e+02		2.0641641e+00		4.3922526e+00		3.5752372e+00		3.5752372e+00		1.9885663e-127
3.6900000e+02		3.7000000e+02		3.6950000e+02		3.8736224e+02		2.5663632e+00		5.4517586e+00		4.4450715e+00		4.4450715e+00		6.5757041e-128
3.7000000e+02		3.7100000e+02		3.7050000e+02		3.6351013e+02		4.4094908e+00		9.2968540e+00		7.6374622e+00		7.6374622e+00		6.1250700e-127
3.7100000e+02		3.7200000e+02		3.7150000e+02		3.7529261e+02		4.5462014e+00		9.5846264e+00		7.8742519e+00		7.8742519e+00		2.8853317e-127
3.7200000e+02		3.7300000e+02		3.7250000e+02		3.1177186e+02		3.7640621e+00		7.9355037e+00		6.5195469e+00		6.5195469e+00		7.8875521e-128
3.7300000e+02		3.7400000e+02		3.7350000e+02		2.7192112e+02		3.2862434e+00		6.9280142e+00		5.6919406e+00		5.6919406e+00		9.9395849e-128
3.7400000e+02		3.7500000e+02		3.7450000e+02		2.7832167e+02		3.3789168e+00		7.1232465e+00		5.8524555e+00		5.8524555e+00		4.7760600e-127
3.7500000e+02		3.7600000e+02		3.7550000e+02		3.1876744e+02		3.8657433e+00		8.1493890e+00		6.6956637e+00		6.6956637e+00		2.6845520e-127
3.7600000e+02		3.7700000e+02		3.7650000e+02		3.3048657e+02		4.0030328e+00		8.4386480e+00		6.9334562e+00		6.9334562e+00		1.9415148e-127
3.7700000e+02		3.7800000e+02		3.7750000e+02		3.8770864e+02		4.7031187e+00		9.9142862e+00		8.1460405e+00		8.1460405e+00		3.8933848e-127
3.7800000e+02		3.7900000e+02		3.7850000e+02		4.0380398e+02		4.8986989e+00		1.0326382e+01		8.4847954e+00		8.4847954e+00		4.2529068e-127
3.7900000e+02		3.8000000e+02		3.7950000e+02		3.2744385e+02		3.9628786e+00		8.3535333e+00		6.8639071e+00		6.8639071e+00		1.6401320e-127
3.8000000e+02		3.8100000e+02		3.8050000e+02		3.5656330e+02		4.3193692e+00		9.1048311e+00		7.4813669e+00		7.4813669e+00		2.1118689e-127
3.8100000e+02		3.8200000e+02		3.8150000e+02		3.2019140e+02		3.9146658e+00		8.2516062e+00		6.7804000e+00		6.7804000e+00		2.1713130e-126
3.8200000e+02		3.8300000e+02		3.8250000e+02		2.2964197e+02		2.7788793e+00		5.8574128e+00		4.8131602e+00		4.8131602e+00		9.7689088e-128
3.8300000e+02		3.8400000e+02		3.8350000e+02		2.0267593e+02		2.4481289e+00		5.1601564e+00		4.2402836e+00		4.2402836e+00		2.3637196e-127
3.8400000e+02		3.8500000e+02		3.8450000e+02		2.7111947e+02		3.2950931e+00		6.9452650e+00		5.7072686e+00		5.7072686e+00		3.5915395e-127
3.8500000e+02		3.8600000e+02		3.8550000e+02		2.8715912e+02		3.4766803e+00		7.3278832e+00		6.0217868e+00		6.0217868e+00		1.3817588e-127
3.8600000e+02		3.8700000e+02		3.8650000e+02		2.8837692e+02		3.5103341e+00		7.3986926e+00		6.0800770e+00		6.0800770e+00		7.0552286e-127
3.8700000e+02		3.8800000e+02		3.8750000e+02		2.8805300e+02		3.4976270e+00		7.3717886e+00		6.0580677e+00		6.0580677e+00		3.3547026e-127
3.8800000e+02		3.8900000e+02		3.8850000e+02		2.9209390e+02		3.5414547e+00		7.4640408e+00		6.1339794e+00		6.1339794e+00		2.0841163e-127
3.8900000e+02		3.9000000e+02		3.8950000e+02		3.5069332e+02		4.2443829e+00		8.9454030e+00		7.3514869e+00		7.3514869e+00		3.3705655e-127
3.9000000e+02		3.9100000e+02		3.9050000e+02		3.6838836e+02		4.4937305e+00		9.4707746e+00		7.7833695e+00		7.7833695e+00		1.4323454e-126
3.9100000e+02		3.9200000e+02		3.9150000e+02		3.9613874e+02		4.8084477e+00		1.0133900e+01		8.3284758e+00		8.3284758e+00		4.4918889e-127
3.9200000e+02		3.9300000e+02		3.9250000e+02		3.0403432e+02		3.6804908e+00		7.7565884e+00		6.3747971e+00		6.3747971e+00		1.6570746e-127
3.9300000e+02		3.9400000e+02		3.9350000e+02		1.8639471e+02		2.2602944e+00		4.7634699e+00		3.9149448e+00		3.9149448e+00		1.6150536e-127
3.9400000e+02		3.9500000e+02		3.9450000e+02		3.0813115e+02		3.7181199e+00		7.8356545e+00		6.4399725e+00		6.4399725e+00		6.2036577e-128
3.9500000e+02		3.9600000e+02		3.9550000e+02		3.7840801e+02		4.6222450e+00		9.7408852e+00		8.0059632e+00		8.0059632e+00		2.2024876e-126
3.9600000e+02		3.9700000e+02		3.9650000e+02		2.6140326e+02		3.1747816e+00		6.6904283e+00		5.4988830e+00		5.4988830e+00		4.3732541e-127
3.9700000e+02		3.9800000e+02		3.9750000e+02		2.9300657e+02		3.5584041e+00		7.4987572e+00		6.1633367e+00		6.1633367e+00		3.3755418e-127
3.9800000e+02		3.9900000e+02		3.9850000e+02		4.5124719e+02		5.4773634e+00		1.1542519e+01		9.4870716e+00		9.4870716e+00		6.3719922e-127
3.9900000e+02		4.0000000e+02		3.9950000e+02		4.9846141e+02		6.0407010e+00		1.2729503e+01		1.0462801e+01		1.0462801e+01		3.6666765e-127
4.0000000e+02		4.0100000e+02		4.0050000e+02		5.1407199e+02		6.2443952e+00		1.3158481e+01		1.0815610e+01		1.0815610e+01		6.9152409e-127
4.0100000e+02		4.0200000e+02		4.0150000e+02		5.3860814e+02		6.5415290e+00		1.3784400e+01		1.1330261e+01		1.1330261e+01		5.9756611e-127
4.0200000e+02		4.0300000e+02		4.0250000e+02		5.4526519e+02		6.5830622e+00		1.3871732e+01		1.1402198e+01		1.1402198e+01		1.3236521e-127
4.0300000e+02		4.0400000e+02		4.0350000e+02		5.2165796e+02		6.3333529e+00		1.3345370e+01		1.0969689e+01		1.0969689e+01		1.3757106e-126
4.0400000e+02		4.0500000e+02		4.0450000e+02		5.1300620e+02		6.2578285e+00		1.3186055e+01		1.0838877e+01		1.0838877e+01		1.9722785e-126
4.0500000e+02		4.0600000e+02		4.0550000e+02		5.1256585e+02		6.1984374e+00		1.3060741e+01		1.0736009e+01		1.0736009e+01		2.1254295e-127
4.0600000e+02		4.0700000e+02		4.0650000e+02		4.9035274e+02		5.9048233e+00		1.2441906e+01		1.0227454e+01		1.0227454e+01		5.8683562e-128
4.0700000e+02		4.0800000e+02		4.0750000e+02		4.9838294e+02		6.0256239e+00		1.2696281e+01		1.0436687e+01		1.0436687e+01		1.7249605e-127
4.0800000e+02		4.0900000e+02		4.0850000e+02		5.2990289e+02		6.4451090e+00		1.3579987e+01		1.1163256e+01		1.1163256e+01		9.5349365e-127
4.0900000e+02		4.1000000e+02		4.0950000e+02		5.2713439e+02		6.3836482e+00		1.3450321e+01		1.1056803e+01		1.1056803e+01		4.1904760e-127
4.1000000e+02		4.1100000e+02		4.1050000e+02		4.8293937e+02		5.8622479e+00		1.2351582e+01		1.0153711e+01		1.0153711e+01		4.5345583e-127
4.1100000e+02		4.1200000e+02		4.1150000e+02		5.5986852e+02		6.7982331e+00		1.4323503e+01		1.1774885e+01		1.1774885e+01		5.8317638e-127
4.1200000e+02		4.1300000e+02		4.1250000e+02		5.4940473e+02		6.6659987e+00		1.4044725e+01		1.1545848e+01		1.1545848e+01		5.0913252e-127
4.1300000e+02		4.1400000e+02		4.1350000e+02		5.2995399e+02		6.4189207e+00		1.3523993e+01		1.1117897e+01		1.1117897e+01		3.1565068e-127
4.1400000e+02		4.1500000e+02		4.1450000e+02		5.3771640e+02		6.5286840e+00		1.3755093e+01		1.1308012e+01		1.1308012e+01		6.2203451e-127
4.1500000e+02		4.1600000e+02		4.1550000e+02		5.3722776e+02		6.4553481e+00		1.3600429e+01		1.1180991e+01		1.1180991e+01		3.7751955e-128
4.1600000e+02		4.1700000e+02		4.1650000e+02		5.5745703e+02		6.7553787e+00		1.4232386e+01		1.1700659e+01		1.1700659e+01		4.2042674e-127
4.1700000e+02		4.1800000e+02		4.1750000e+02		5.0725322e+02		6.1768434e+00		1.3013371e+01		1.0698607e+01		1.0698607e+01		1.3406241e-126
4.1800000e+02		4.1900000e+02		4.1850000e+02		5.2601513e+02		6.3972513e+00		1.3477592e+01		1.1080364e+01		1.1080364e+01		9.3149942e-127
4.1900000e+02		4.2000000e+02		4.1950000e+02		5.3123875e+02		6.4351068e+00		1.3557182e+01		1.1145932e+01		1.1145932e+01		2.7675987e-127
4.2000000e+02		4.2100000e+02		4.2050000e+02		5.3797708e+02		6.4241980e+00		1.3534054e+01		1.1127037e+01		1.1127037e+01		6.2507056e-127
4.2100000e+02		4.2200000e+02		4.2150000e+02		5.2958361e+02		6.4047190e+00		1.3492873e+01		1.1093299e+01		1.1093299e+01		3.3222156e-127
4.2200000e+02		4.2300000e+02		4.2250000e+02		5.0190537e+02		6.0704212e+00		1.2788471e+01		1.0514278e+01		1.0514278e+01		8.9808301e-127
4.2300000e+02		4.2400000e+02		4.2350000e+02		5.3474862e+02		6.4939125e+00		1.3680493e+01		1.1247786e+01		1.1247786e+01		6.1989427e-127
4.2400000e+02		4.2500000e+02		4.2450000e+02		5.5328403e+02		6.7232137e+00		1.4163408e+01		1.1644948e+01		1.1644948e+01		7.3213344e-127
4.2500000e+02		4.2600000e+02		4.2550000e+02		5.3248014e+02		6.4581033e+00		1.3604778e+01		1.1185763e+01		1.1185763e+01		6.1661399e-127
4.2600000e+02		4.2700000e+02		4.2650000e+02		5.3029841e+02		6.4068658e+00		1.3496705e+01		1.1097017e+01		1.1097017e+01		3.0093238e-127
4.2700000e+02		4.2800000e+02		4.2750000e+02		4.9171747e+02		5.9479628e+00		1.2529856e+01		1.0302174e+01		1.0302174e+01		2.5191028e-127
4.2800000e+02		4.2900000e+02		4.2850000e+02		4.9494538e+02		6.0127488e+00		1.2666209e+01		1.0414386e+01		1.0414386e+01		5.6103809e-127
4.2900000e+02		4.3000000e+02		4.2950000e+02		4.6063718e+02		5.5875724e+00		1.1770437e+01		9.6779592e+00		9.6779592e+00		3.9802371e-127
4.3000000e+02		4.3100000e+02		4.3050000e+02		3.7055843e+02		4.4652772e+00		9.4061893e+00		7.7340871e+00		7.7340871e+00		9.5198311e-128
4.3100000e+02		4.3200000e+02		4.3150000e+02		4.5818753e+02		5.5671913e+00		1.1727281e+01		9.6426581e+00		9.6426581e+00		6.1223379e-127
4.3200000e+02		4.3300000e+02		4.3250000e+02		5.1625369e+02		6.3231656e+00		1.3319617e+01		1.0952044e+01		1.0952044e+01		5.2566933e-126
4.3300000e+02		4.3400000e+02		4.3350000e+02		5.6047485e+02		6.7397461e+00		1.4197004e+01		1.1673583e+01		1.1673583e+01		4.7710519e-128
4.3400000e+02		4.3500000e+02		4.3450000e+02		4.7595241e+02		5.8621138e+00		1.2348195e+01		1.0153479e+01		1.0153479e+01		2.7663512e-125
4.3500000e+02		4.3600000e+02		4.3550000e+02		5.3162725e+02		6.4169014e+00		1.3516701e+01		1.1114399e+01		1.1114399e+01		9.8693811e-128
4.3600000e+02		4.3700000e+02		4.3650000e+02		5.9481241e+02		7.1611221e+00		1.5084210e+01		1.2403427e+01		1.2403427e+01		7.3837680e-128
4.3700000e+02		4.3800000e+02		4.3750000e+02		5.2629983e+02		6.4162421e+00		1.3515074e+01		1.1113257e+01		1.1113257e+01		2.6231619e-126
4.3800000e+02		4.3900000e+02		4.3850000e+02		5.1257868e+02		6.1852061e+00		1.3028311e+01		1.0713091e+01		1.0713091e+01		1.8835965e-127
4.3900000e+02		4.4000000e+02		4.3950000e+02		5.7051902e+02		6.9413671e+00		1.4620939e+01		1.2022800e+01		1.2022800e+01		1.2164697e-126
4.4000000e+02		4.4100000e+02		4.4050000e+02		5.4089681e+02		6.5429886e+00		1.3781705e+01		1.1332789e+01		1.1332789e+01		3.4148856e-127
4.4100000e+02		4.4200000e+02		4.4150000e+02		5.9491633e+02		7.1947406e+00		1.5154495e+01		1.2461656e+01		1.2461656e+01		2.6582746e-127
4.4200000e+02		4.4300000e+02		4.4250000e+02		6.2544254e+02		7.5633223e+00		1.5930799e+01		1.3100059e+01		1.3100059e+01		3.0635344e-127
4.4300000e+02		4.4400000e+02		4.4350000e+02		6.0497206e+02		7.3112654e+00		1.5399749e+01		1.2663483e+01		1.2663483e+01		2.1110796e-127
4.4400000e+02		4.4500000e+02		4.4450000e+02		6.2324411e+02		7.5273109e+00		1.5854818e+01		1.3037685e+01		1.3037685e+01		3.1010887e-127
4.4500000e+02		4.4600000e+02		4.4550000e+02		5.7783999e+02		6.9986448e+00		1.4741138e+01		1.2122008e+01		1.2122008e+01		4.2895370e-127
4.4600000e+02		4.4700000e+02		4.4650000e+02		5.8940025e+02		7.1237843e+00		1.5004426e+01		1.2338756e+01		1.2338756e+01		4.3145859e-127
4.4700000e+02		4.4800000e+02		4.4750000e+02		6.3881895e+02		7.7430393e+00		1.6308557e+01		1.3411337e+01		1.3411337e+01		6.7618455e-127
4.4800000e+02		4.4900000e+02		4.4850000e+02		6.2805979e+02		7.6372929e+00		1.6085657e+01		1.3228179e+01		1.3228179e+01		9.6765002e-127
4.4900000e+02		4.5000000e+02		4.4950000e+02		6.3454704e+02		7.6499757e+00		1.6112226e+01		1.3250147e+01		1.3250147e+01		1.7716974e-127
4.5000000e+02		4.5100000e+02		4.5050000e+02		6.7325368e+02		8.1030508e+00		1.7066352e+01		1.4034896e+01		1.4034896e+01		7.7050667e-128
4.5100000e+02		4.5200000e+02		4.5150000e+02		6.7122600e+02		8.1357650e+00		1.7135125e+01		1.4091558e+01		1.4091558e+01		5.3735289e-127
4.5200000e+02		4.5300000e+02		4.5250000e+02		6.3541039e+02		7.6780292e+00		1.6170947e+01		1.3298737e+01		1.3298737e+01		2.2146965e-127
4.5300000e+02		4.5400000e+02		4.5350000e+02		6.0888666e+02		7.3772238e+00		1.5537298e+01		1.2777727e+01		1.2777727e+01		3.3924810e-127
4.5400000e+02		4.5500000e+02		4.5450000e+02		6.4999363e+02		7.8451936e+00		1.6522779e+01		1.3588274e+01		1.3588274e+01		1.4180906e-127
4.5500000e+02		4.5600000e+02		4.5550000e+02		6.4380306e+02		7.8238094e+00		1.6477625e+01		1.3551235e+01		1.3551235e+01		7.2668060e-127
4.5600000e+02		4.5700000e+02		4.5650000e+02		6.6853861e+02		8.0612561e+00		1.6977589e+01		1.3962505e+01		1.3962505e+01		1.7794442e-127
4.5700000e+02		4.5800000e+02		4.5750000e+02		6.7499745e+02		8.1777267e+00		1.7222765e+01		1.4164238e+01		1.4164238e+01		6.7686680e-127
4.5800000e+02		4.5900000e+02		4.5850000e+02		6.3439039e+02		7.6367904e+00		1.6083411e+01		1.3227309e+01		1.3227309e+01		3.6198362e-127
4.5900000e+02		4.6000000e+02		4.5950000e+02		6.5539586e+02		7.9259227e+00		1.6692223e+01		1.3728101e+01		1.3728101e+01		2.4233664e-127
4.6000000e+02		4.6100000e+02		4.6050000e+02		6.4752339e+02		7.8256524e+00		1.6480940e+01		1.3554428e+01		1.3554428e+01		2.4431284e-127
4.6100000e+02		4.6200000e+02		4.6150000e+02		6.6245412e+02		7.9917488e+00		1.6830630e+01		1.3842115e+01		1.3842115e+01		1.2359065e-127
4.6200000e+02		4.6300000e+02		4.6250000e+02		6.6901120e+02		8.1225899e+00		1.7106069e+01		1.4068738e+01		1.4068738e+01		7.6399373e-127
4.6300000e+02		4.6400000e+02		4.6350000e+02		6.4662616e+02		7.8068179e+00		1.6440951e+01		1.3521805e+01		1.3521805e+01		1.6259482e-127
4.6400000e+02		4.6500000e+02		4.6450000e+02		6.5795753e+02		7.9836202e+00		1.6813184e+01		1.3828036e+01		1.3828036e+01		5.3231038e-127
4.6500000e+02		4.6600000e+02		4.6550000e+02		6.3552746e+02		7.6647685e+00		1.6141592e+01		1.3275769e+01		1.3275769e+01		2.0800862e-127
4.6600000e+02		4.6700000e+02		4.6650000e+02		6.3955371e+02		7.7558989e+00		1.6333405e+01		1.3433611e+01		1.3433611e+01		6.1425019e-127
4.6700000e+02		4.6800000e+02		4.6750000e+02		6.4572639e+02		7.8168291e+00		1.6461659e+01		1.3539145e+01		1.3539145e+01		4.1393047e-127
4.6800000e+02		4.6900000e+02		4.6850000e+02		6.3145002e+02		7.6599130e+00		1.6131103e+01		1.3267359e+01		1.3267359e+01		6.3920428e-127
4.6900000e+02		4.7000000e+02		4.6950000e+02		6.4956875e+02		7.8428656e+00		1.6516325e+01		1.3584242e+01		1.3584242e+01		1.6116480e-127
4.7000000e+02		4.7100000e+02		4.7050000e+02		6.1381170e+02		7.4157921e+00		1.5616859e+01		1.2844529e+01		1.2844529e+01		1.7694243e-127
4.7100000e+02		4.7200000e+02		4.7150000e+02		6.4174114e+02		7.7595981e+00		1.6340798e+01		1.3440018e+01		1.3440018e+01		3.2890266e-127
4.7200000e+02		4.7300000e+02		4.7250000e+02		6.5742798e+02		7.9642030e+00		1.6771578e+01		1.3794404e+01		1.3794404e+01		3.8824982e-127
4.7300000e+02		4.7400000e+02		4.7350000e+02		6.4563741e+02		7.8137536e+00		1.6454718e+01		1.3533818e+01		1.3533818e+01		3.2919140e-127
4.7400000e+02		4.7500000e+02		4.7450000e+02		6.6512717e+02		8.0535450e+00		1.6959494e+01		1.3949149e+01		1.3949149e+01		4.1288558e-127
4.7500000e+02		4.7600000e+02		4.7550000e+02		6.6365303e+02		8.0247109e+00		1.6898613e+01		1.3899207e+01		1.3899207e+01		2.1154683e-127
4.7600000e+02		4.7700000e+02		4.7650000e+02		6.3952653e+02		7.7369769e+00		1.6292594e+01		1.3400837e+01		1.3400837e+01		2.8907720e-127
4.7700000e+02		4.7800000e+02		4.7750000e+02		6.6772274e+02		8.0873626e+00		1.7030344e+01		1.4007723e+01		1.4007723e+01		2.8968721e-127
4.7800000e+02		4.7900000e+02		4.7850000e+02		6.6128260e+02		8.0298670e+00		1.6909177e+01		1.3908138e+01		1.3908138e+01		8.5782757e-127
4.7900000e+02		4.8000000e+02		4.7950000e+02		6.6320839e+02		8.0202194e+00		1.6888769e+01		1.3891428e+01		1.3891428e+01		4.8064664e-127
4.8000000e+02		4.8100000e+02		4.8050000e+02		6.6489751e+02		8.0393990e+00		1.6929066e+01		1.3924648e+01		1.3924648e+01		1.9776360e-127
4.8100000e+02		4.8200000e+02		4.8150000e+02		6.6630748e+02		8.0267542e+00		1.6902349e+01		1.3902746e+01		1.3902746e+01		7.7191911e-128
4.8200000e+02		4.8300000e+02		4.8250000e+02		6.6376999e+02		8.0002794e+00		1.6846510e+01		1.3856890e+01		1.3856890e+01		1.0256068e-127
4.8300000e+02		4.8400000e+02		4.8350000e+02		6.5373157e+02		7.9229876e+00		1.6683683e+01		1.3723017e+01		1.3723017e+01		4.3387184e-127
4.8400000e+02		4.8500000e+02		4.8450000e+02		6.4242337e+02		7.7179004e+00		1.6251774e+01		1.3367796e+01		1.3367796e+01		5.5144863e-128
4.8500000e+02		4.8600000e+02		4.8550000e+02		6.0369332e+02		7.2764482e+00		1.5322170e+01		1.2603178e+01		1.2603178e+01		1.9246620e-127
4.8600000e+02		4.8700000e+02		4.8650000e+02		5.2412565e+02		6.3325273e+00		1.3334426e+01		1.0968259e+01		1.0968259e+01		1.6276083e-127
4.8700000e+02		4.8800000e+02		4.8750000e+02		5.9966111e+02		7.2284846e+00		1.5221012e+01		1.2520103e+01		1.2520103e+01		9.7019780e-128
4.8800000e+02		4.8900000e+02		4.8850000e+02		6.3081686e+02		7.6085472e+00		1.6021231e+01		1.3178390e+01		1.3178390e+01		1.3351788e-127
4.8900000e+02		4.9000000e+02		4.8950000e+02		6.1880396e+02		7.4949218e+00		1.5781885e+01		1.2981585e+01		1.2981585e+01		3.0536816e-127
4.9000000e+02		4.9100000e+02		4.9050000e+02		6.5907671e+02		7.9571581e+00		1.6755094e+01		1.3782202e+01		1.3782202e+01		1.6539005e-127
4.9100000e+02		4.9200000e+02		4.9150000e+02		6.2110374e+02		7.4783187e+00		1.5746752e+01		1.2952828e+01		1.2952828e+01		3.9025822e-127
4.9200000e+02		4.9300000e+02		4.9250000e+02		5.9112858e+02		7.1300146e+00		1.5013223e+01		1.2349547e+01		1.2349547e+01		1.0160282e-127
4.9300000e+02		4.9400000e+02		4.9350000e+02		6.2472140e+02		7.5379934e+00		1.5872196e+01		1.3056187e+01		1.3056187e+01		1.3355433e-127
4.9400000e+02		4.9500000e+02		4.9450000e+02		6.4279699e+02		7.7471031e+00		1.6312422e+01		1.3418376e+01		1.3418376e+01		1.7395670e-127
4.9500000e+02		4.9600000e+02		4.9550000e+02		6.3133158e+02		7.6046740e+00		1.6012448e+01		1.3171682e+01		1.3171682e+01		8.5563174e-128
4.9600000e+02		4.9700000e+02		4.9650000e+02		6.3921352e+02		7.7228724e+00		1.6261253e+01		1.3376407e+01		1.3376407e+01		1.6014764e-127
4.9700000e+02		4.9800000e+02		4.9750000e+02		6.5113923e+02		7.8668526e+00		1.6564342e+01		1.3625788e+01		1.3625788e+01		1.8948344e-127
4.9800000e+02		4.9900000e+02		4.9850000e+02		5.9175801e+02		7.1314997e+00		1.5015936e+01		1.2352120e+01		1.2352120e+01		7.6903086e-128
4.9900000e+02		5.0000000e+02		4.9950000e+02		6.3385792e+02		7.6277880e+00		1.6060889e+01		1.3211716e+01		1.3211716e+01		6.1578050e-128
