Left Bin Edge (nm)	Right Bin Edge (nm)	Bin Center (nm)		Top of Atm Intensity (erg/s/nm/cm2)		Total Surface Flux (erg/s/nm/cm2)		Total Intensity at BOA (erg/s/nm/cm2)		Total Surface Intensity (erg/s/nm/cm2)		Total Surface Diffuse Intensity (erg/s/nm/cm2)		Total Surface Direct Intensity (erg/s/nm/cm2)
1.0000000e+02		1.0100000e+02		1.0050000e+02		1.9189487e-02		0.0000000e+00		0.0000000e+00		0.0000000e+00		0.0000000e+00		0.0000000e+00
1.0100000e+02		1.0200000e+02		1.0150000e+02		7.4861701e-02		0.0000000e+00		0.0000000e+00		0.0000000e+00		0.0000000e+00		0.0000000e+00
1.0200000e+02		1.0300000e+02		1.0250000e+02		3.9734366e-01		0.0000000e+00		0.0000000e+00		0.0000000e+00		0.0000000e+00		0.0000000e+00
1.0300000e+02		1.0400000e+02		1.0350000e+02		3.0179545e-01		0.0000000e+00		0.0000000e+00		0.0000000e+00		0.0000000e+00		0.0000000e+00
1.0400000e+02		1.0500000e+02		1.0450000e+02		6.0815352e-02		0.0000000e+00		0.0000000e+00		0.0000000e+00		0.0000000e+00		0.0000000e+00
1.0500000e+02		1.0600000e+02		1.0550000e+02		2.0834600e-02		0.0000000e+00		0.0000000e+00		0.0000000e+00		0.0000000e+00		0.0000000e+00
1.0600000e+02		1.0700000e+02		1.0650000e+02		1.9584792e-02		0.0000000e+00		0.0000000e+00		0.0000000e+00		0.0000000e+00		0.0000000e+00
1.0700000e+02		1.0800000e+02		1.0750000e+02		2.1853879e-02		0.0000000e+00		0.0000000e+00		0.0000000e+00		0.0000000e+00		0.0000000e+00
1.0800000e+02		1.0900000e+02		1.0850000e+02		3.0634999e-02		0.0000000e+00		0.0000000e+00		0.0000000e+00		0.0000000e+00		0.0000000e+00
1.0900000e+02		1.1000000e+02		1.0950000e+02		2.4032561e-02		0.0000000e+00		0.0000000e+00		0.0000000e+00		0.0000000e+00		0.0000000e+00
1.1000000e+02		1.1100000e+02		1.1050000e+02		2.3268893e-02		0.0000000e+00		0.0000000e+00		0.0000000e+00		0.0000000e+00		0.0000000e+00
1.1100000e+02		1.1200000e+02		1.1150000e+02		2.1871272e-02		0.0000000e+00		0.0000000e+00		0.0000000e+00		0.0000000e+00		0.0000000e+00
1.1200000e+02		1.1300000e+02		1.1250000e+02		2.2375602e-02		0.0000000e+00		0.0000000e+00		0.0000000e+00		0.0000000e+00		0.0000000e+00
1.1300000e+02		1.1400000e+02		1.1350000e+02		1.7748133e-02		0.0000000e+00		0.0000000e+00		0.0000000e+00		0.0000000e+00		0.0000000e+00
1.1400000e+02		1.1500000e+02		1.1450000e+02		1.3589480e-02		0.0000000e+00		0.0000000e+00		0.0000000e+00		0.0000000e+00		0.0000000e+00
1.1500000e+02		1.1600000e+02		1.1550000e+02		1.8751615e-02		0.0000000e+00		0.0000000e+00		0.0000000e+00		0.0000000e+00		0.0000000e+00
1.1600000e+02		1.1700000e+02		1.1650000e+02		4.3674487e-02		0.0000000e+00		0.0000000e+00		0.0000000e+00		0.0000000e+00		0.0000000e+00
1.1700000e+02		1.1800000e+02		1.1750000e+02		1.5546757e-01		0.0000000e+00		0.0000000e+00		0.0000000e+00		0.0000000e+00		0.0000000e+00
1.1800000e+02		1.1900000e+02		1.1850000e+02		5.2889236e-02		0.0000000e+00		0.0000000e+00		0.0000000e+00		0.0000000e+00		0.0000000e+00
1.1900000e+02		1.2000000e+02		1.1950000e+02		7.3692884e-02		0.0000000e+00		0.0000000e+00		0.0000000e+00		0.0000000e+00		0.0000000e+00
1.2000000e+02		1.2100000e+02		1.2050000e+02		4.0066072e-01		0.0000000e+00		0.0000000e+00		0.0000000e+00		0.0000000e+00		0.0000000e+00
1.2100000e+02		1.2200000e+02		1.2150000e+02		1.5905289e+01		0.0000000e+00		0.0000000e+00		0.0000000e+00		0.0000000e+00		0.0000000e+00
1.2200000e+02		1.2300000e+02		1.2250000e+02		1.0666543e-01		0.0000000e+00		0.0000000e+00		0.0000000e+00		0.0000000e+00		0.0000000e+00
1.2300000e+02		1.2400000e+02		1.2350000e+02		5.7456553e-02		0.0000000e+00		0.0000000e+00		0.0000000e+00		0.0000000e+00		0.0000000e+00
1.2400000e+02		1.2500000e+02		1.2450000e+02		4.6184197e-02		0.0000000e+00		0.0000000e+00		0.0000000e+00		0.0000000e+00		0.0000000e+00
1.2500000e+02		1.2600000e+02		1.2550000e+02		4.5085118e-02		0.0000000e+00		0.0000000e+00		0.0000000e+00		0.0000000e+00		0.0000000e+00
1.2600000e+02		1.2700000e+02		1.2650000e+02		6.3054464e-02		0.0000000e+00		0.0000000e+00		0.0000000e+00		0.0000000e+00		0.0000000e+00
1.2700000e+02		1.2800000e+02		1.2750000e+02		3.3006429e-02		0.0000000e+00		0.0000000e+00		0.0000000e+00		0.0000000e+00		0.0000000e+00
1.2800000e+02		1.2900000e+02		1.2850000e+02		2.6335196e-02		0.0000000e+00		0.0000000e+00		0.0000000e+00		0.0000000e+00		0.0000000e+00
1.2900000e+02		1.3000000e+02		1.2950000e+02		3.5131240e-02		0.0000000e+00		0.0000000e+00		0.0000000e+00		0.0000000e+00		0.0000000e+00
1.3000000e+02		1.3100000e+02		1.3050000e+02		2.8850634e-01		0.0000000e+00		0.0000000e+00		0.0000000e+00		0.0000000e+00		0.0000000e+00
1.3100000e+02		1.3200000e+02		1.3150000e+02		3.9064855e-02		0.0000000e+00		0.0000000e+00		0.0000000e+00		0.0000000e+00		0.0000000e+00
1.3200000e+02		1.3300000e+02		1.3250000e+02		3.0374778e-02		0.0000000e+00		0.0000000e+00		0.0000000e+00		0.0000000e+00		0.0000000e+00
1.3300000e+02		1.3400000e+02		1.3350000e+02		4.1056606e-01		0.0000000e+00		0.0000000e+00		0.0000000e+00		0.0000000e+00		0.0000000e+00
1.3400000e+02		1.3500000e+02		1.3450000e+02		2.8092500e-02		0.0000000e+00		0.0000000e+00		0.0000000e+00		0.0000000e+00		0.0000000e+00
1.3500000e+02		1.3600000e+02		1.3550000e+02		5.8954708e-02		0.0000000e+00		0.0000000e+00		0.0000000e+00		0.0000000e+00		0.0000000e+00
1.3600000e+02		1.3700000e+02		1.3650000e+02		3.8690656e-02		0.0000000e+00		0.0000000e+00		0.0000000e+00		0.0000000e+00		0.0000000e+00
1.3700000e+02		1.3800000e+02		1.3750000e+02		3.9732879e-02		0.0000000e+00		0.0000000e+00		0.0000000e+00		0.0000000e+00		0.0000000e+00
1.3800000e+02		1.3900000e+02		1.3850000e+02		4.0549866e-02		0.0000000e+00		0.0000000e+00		0.0000000e+00		0.0000000e+00		0.0000000e+00
1.3900000e+02		1.4000000e+02		1.3950000e+02		1.3692187e-01		0.0000000e+00		0.0000000e+00		0.0000000e+00		0.0000000e+00		0.0000000e+00
1.4000000e+02		1.4100000e+02		1.4050000e+02		1.1939088e-01		0.0000000e+00		0.0000000e+00		0.0000000e+00		0.0000000e+00		0.0000000e+00
1.4100000e+02		1.4200000e+02		1.4150000e+02		5.7521948e-02		0.0000000e+00		0.0000000e+00		0.0000000e+00		0.0000000e+00		0.0000000e+00
1.4200000e+02		1.4300000e+02		1.4250000e+02		6.2343151e-02		0.0000000e+00		0.0000000e+00		0.0000000e+00		0.0000000e+00		0.0000000e+00
1.4300000e+02		1.4400000e+02		1.4350000e+02		6.9165895e-02		0.0000000e+00		0.0000000e+00		0.0000000e+00		0.0000000e+00		0.0000000e+00
1.4400000e+02		1.4500000e+02		1.4450000e+02		6.6149126e-02		0.0000000e+00		0.0000000e+00		0.0000000e+00		0.0000000e+00		0.0000000e+00
1.4500000e+02		1.4600000e+02		1.4550000e+02		7.0536262e-02		0.0000000e+00		0.0000000e+00		0.0000000e+00		0.0000000e+00		0.0000000e+00
1.4600000e+02		1.4700000e+02		1.4650000e+02		8.6012655e-02		0.0000000e+00		0.0000000e+00		0.0000000e+00		0.0000000e+00		0.0000000e+00
1.4700000e+02		1.4800000e+02		1.4750000e+02		1.0610345e-01		0.0000000e+00		0.0000000e+00		0.0000000e+00		0.0000000e+00		0.0000000e+00
1.4800000e+02		1.4900000e+02		1.4850000e+02		1.0405386e-01		0.0000000e+00		0.0000000e+00		0.0000000e+00		0.0000000e+00		0.0000000e+00
1.4900000e+02		1.5000000e+02		1.4950000e+02		9.4002421e-02		0.0000000e+00		0.0000000e+00		0.0000000e+00		0.0000000e+00		0.0000000e+00
1.5000000e+02		1.5100000e+02		1.5050000e+02		1.0343288e-01		0.0000000e+00		0.0000000e+00		0.0000000e+00		0.0000000e+00		0.0000000e+00
1.5100000e+02		1.5200000e+02		1.5150000e+02		1.0875212e-01		0.0000000e+00		0.0000000e+00		0.0000000e+00		0.0000000e+00		0.0000000e+00
1.5200000e+02		1.5300000e+02		1.5250000e+02		1.3876638e-01		0.0000000e+00		0.0000000e+00		0.0000000e+00		0.0000000e+00		0.0000000e+00
1.5300000e+02		1.5400000e+02		1.5350000e+02		1.5371418e-01		0.0000000e+00		0.0000000e+00		0.0000000e+00		0.0000000e+00		0.0000000e+00
1.5400000e+02		1.5500000e+02		1.5450000e+02		4.1112511e-01		0.0000000e+00		0.0000000e+00		0.0000000e+00		0.0000000e+00		0.0000000e+00
1.5500000e+02		1.5600000e+02		1.5550000e+02		3.3836363e-01		0.0000000e+00		0.0000000e+00		0.0000000e+00		0.0000000e+00		0.0000000e+00
1.5600000e+02		1.5700000e+02		1.5650000e+02		2.0084632e-01		0.0000000e+00		0.0000000e+00		0.0000000e+00		0.0000000e+00		0.0000000e+00
1.5700000e+02		1.5800000e+02		1.5750000e+02		1.8216796e-01		0.0000000e+00		0.0000000e+00		0.0000000e+00		0.0000000e+00		0.0000000e+00
1.5800000e+02		1.5900000e+02		1.5850000e+02		1.6795176e-01		0.0000000e+00		0.0000000e+00		0.0000000e+00		0.0000000e+00		0.0000000e+00
1.5900000e+02		1.6000000e+02		1.5950000e+02		1.6379377e-01		0.0000000e+00		0.0000000e+00		0.0000000e+00		0.0000000e+00		0.0000000e+00
1.6000000e+02		1.6100000e+02		1.6050000e+02		1.7926410e-01		0.0000000e+00		0.0000000e+00		0.0000000e+00		0.0000000e+00		0.0000000e+00
1.6100000e+02		1.6200000e+02		1.6150000e+02		2.0306941e-01		0.0000000e+00		0.0000000e+00		0.0000000e+00		0.0000000e+00		0.0000000e+00
1.6200000e+02		1.6300000e+02		1.6250000e+02		2.2492895e-01		0.0000000e+00		0.0000000e+00		0.0000000e+00		0.0000000e+00		0.0000000e+00
1.6300000e+02		1.6400000e+02		1.6350000e+02		4.7671727e-01		0.0000000e+00		0.0000000e+00		0.0000000e+00		0.0000000e+00		0.0000000e+00
1.6400000e+02		1.6500000e+02		1.6450000e+02		4.8753270e-01		0.0000000e+00		0.0000000e+00		0.0000000e+00		0.0000000e+00		0.0000000e+00
1.6500000e+02		1.6600000e+02		1.6550000e+02		5.7072689e-01		0.0000000e+00		0.0000000e+00		0.0000000e+00		0.0000000e+00		0.0000000e+00
1.6600000e+02		1.6700000e+02		1.6650000e+02		2.6919628e-01		0.0000000e+00		0.0000000e+00		0.0000000e+00		0.0000000e+00		0.0000000e+00
1.6700000e+02		1.6800000e+02		1.6750000e+02		2.8728373e-01		0.0000000e+00		0.0000000e+00		0.0000000e+00		0.0000000e+00		0.0000000e+00
1.6800000e+02		1.6900000e+02		1.6850000e+02		3.0958866e-01		0.0000000e+00		0.0000000e+00		0.0000000e+00		0.0000000e+00		0.0000000e+00
1.6900000e+02		1.7000000e+02		1.6950000e+02		3.8988989e-01		0.0000000e+00		0.0000000e+00		0.0000000e+00		0.0000000e+00		0.0000000e+00
1.7000000e+02		1.7100000e+02		1.7050000e+02		4.3752516e-01		0.0000000e+00		0.0000000e+00		0.0000000e+00		0.0000000e+00		0.0000000e+00
1.7100000e+02		1.7200000e+02		1.7150000e+02		4.3618394e-01		0.0000000e+00		0.0000000e+00		0.0000000e+00		0.0000000e+00		0.0000000e+00
1.7200000e+02		1.7300000e+02		1.7250000e+02		4.5514763e-01		0.0000000e+00		0.0000000e+00		0.0000000e+00		0.0000000e+00		0.0000000e+00
1.7300000e+02		1.7400000e+02		1.7350000e+02		4.5120572e-01		0.0000000e+00		0.0000000e+00		0.0000000e+00		0.0000000e+00		0.0000000e+00
1.7400000e+02		1.7500000e+02		1.7450000e+02		5.3951828e-01		0.0000000e+00		0.0000000e+00		0.0000000e+00		0.0000000e+00		0.0000000e+00
1.7500000e+02		1.7600000e+02		1.7550000e+02		6.4389120e-01		0.0000000e+00		0.0000000e+00		0.0000000e+00		0.0000000e+00		0.0000000e+00
1.7600000e+02		1.7700000e+02		1.7650000e+02		6.9472845e-01		0.0000000e+00		0.0000000e+00		0.0000000e+00		0.0000000e+00		0.0000000e+00
1.7700000e+02		1.7800000e+02		1.7750000e+02		8.1849614e-01		0.0000000e+00		0.0000000e+00		0.0000000e+00		0.0000000e+00		0.0000000e+00
1.7800000e+02		1.7900000e+02		1.7850000e+02		8.9455089e-01		0.0000000e+00		0.0000000e+00		0.0000000e+00		0.0000000e+00		0.0000000e+00
1.7900000e+02		1.8000000e+02		1.7950000e+02		8.6966614e-01		0.0000000e+00		0.0000000e+00		0.0000000e+00		0.0000000e+00		0.0000000e+00
1.8000000e+02		1.8100000e+02		1.8050000e+02		1.0753674e+00		0.0000000e+00		0.0000000e+00		0.0000000e+00		0.0000000e+00		0.0000000e+00
1.8100000e+02		1.8200000e+02		1.8150000e+02		1.3093431e+00		0.0000000e+00		0.0000000e+00		0.0000000e+00		0.0000000e+00		0.0000000e+00
1.8200000e+02		1.8300000e+02		1.8250000e+02		1.2087370e+00		0.0000000e+00		0.0000000e+00		0.0000000e+00		0.0000000e+00		0.0000000e+00
1.8300000e+02		1.8400000e+02		1.8350000e+02		1.2728289e+00		0.0000000e+00		0.0000000e+00		0.0000000e+00		0.0000000e+00		0.0000000e+00
1.8400000e+02		1.8500000e+02		1.8450000e+02		1.0940339e+00		0.0000000e+00		0.0000000e+00		0.0000000e+00		0.0000000e+00		0.0000000e+00
1.8500000e+02		1.8600000e+02		1.8550000e+02		1.2372281e+00		0.0000000e+00		0.0000000e+00		0.0000000e+00		0.0000000e+00		0.0000000e+00
1.8600000e+02		1.8700000e+02		1.8650000e+02		1.4037992e+00		0.0000000e+00		0.0000000e+00		0.0000000e+00		0.0000000e+00		0.0000000e+00
1.8700000e+02		1.8800000e+02		1.8750000e+02		1.5907538e+00		0.0000000e+00		0.0000000e+00		0.0000000e+00		0.0000000e+00		0.0000000e+00
1.8800000e+02		1.8900000e+02		1.8850000e+02		1.6735993e+00		1.3537751e-223		0.0000000e+00		1.3549261e-223		2.7232291e-226		1.3522029e-223
1.8900000e+02		1.9000000e+02		1.8950000e+02		1.8559600e+00		2.4133496e-154		0.0000000e+00		2.4162537e-154		6.8713869e-157		2.4093824e-154
1.9000000e+02		1.9100000e+02		1.9050000e+02		1.9109940e+00		4.8562624e-111		0.0000000e+00		4.8642036e-111		1.8789052e-113		4.8454145e-111
1.9100000e+02		1.9200000e+02		1.9150000e+02		2.0707336e+00		1.3489881e-84		2.4390493e-81		1.3518188e-84		6.6973923e-87		1.3451214e-84
1.9200000e+02		1.9300000e+02		1.9250000e+02		2.1685186e+00		6.4834463e-64		1.9220079e-61		6.5010636e-64		4.1682983e-66		6.4593806e-64
1.9300000e+02		1.9400000e+02		1.9350000e+02		1.6554009e+00		1.1507331e-54		1.5031690e-52		1.1543164e-54		8.4781118e-57		1.1458383e-54
1.9400000e+02		1.9500000e+02		1.9450000e+02		2.6556632e+00		2.5441027e-52		2.7558570e-50		2.5521584e-52		1.9060094e-54		2.5330983e-52
1.9500000e+02		1.9600000e+02		1.9550000e+02		2.5630279e+00		1.6031967e-44		8.7665063e-43		1.6090355e-44		1.3814775e-46		1.5952208e-44
1.9600000e+02		1.9700000e+02		1.9650000e+02		2.8204934e+00		2.4453262e-40		9.3078692e-39		2.4549296e-40		2.2721797e-42		2.4322078e-40
1.9700000e+02		1.9800000e+02		1.9750000e+02		2.8068384e+00		1.0058701e-44		5.6167085e-43		1.0093470e-44		8.2263741e-47		1.0011206e-44
1.9800000e+02		1.9900000e+02		1.9850000e+02		2.7505577e+00		6.0847443e-29		8.5457168e-28		6.1166972e-29		7.5601423e-31		6.0410958e-29
1.9900000e+02		2.0000000e+02		1.9950000e+02		2.8965557e+00		6.3699154e-25		6.3100012e-24		6.4079429e-25		8.9974022e-27		6.3179688e-25
2.0000000e+02		2.0100000e+02		2.0050000e+02		3.0623388e+00		4.3343202e-28		5.6719575e-27		4.3566912e-28		5.2930304e-30		4.3037609e-28
2.0100000e+02		2.0200000e+02		2.0150000e+02		3.2593670e+00		5.2048055e-20		3.3735174e-19		5.2418425e-20		8.7630377e-22		5.1542121e-20
2.0200000e+02		2.0300000e+02		2.0250000e+02		3.2217937e+00		1.1547708e-27		1.4584211e-26		1.1605504e-27		1.3674870e-29		1.1468756e-27
2.0300000e+02		2.0400000e+02		2.0350000e+02		3.4484145e+00		1.8558958e-25		1.9379847e-24		1.8657655e-25		2.3351933e-27		1.8424136e-25
2.0400000e+02		2.0500000e+02		2.0450000e+02		3.7117169e+00		6.7270487e-16		3.0620983e-15		6.7834296e-16		1.3339859e-17		6.6500310e-16
2.0500000e+02		2.0600000e+02		2.0550000e+02		3.7200399e+00		2.3382893e-26		2.6481065e-25		2.3497554e-26		2.7129146e-28		2.3226263e-26
2.0600000e+02		2.0700000e+02		2.0650000e+02		3.7247532e+00		4.6923518e-21		3.3452645e-20		4.7206118e-21		6.6863862e-23		4.6537480e-21
2.0700000e+02		2.0800000e+02		2.0750000e+02		4.0454145e+00		2.5608881e-14		1.0188651e-13		2.5831744e-14		5.2729779e-16		2.5304446e-14
2.0800000e+02		2.0900000e+02		2.0850000e+02		4.3759554e+00		1.3937884e-21		1.0464557e-20		1.4015972e-21		1.8475882e-23		1.3831213e-21
2.0900000e+02		2.1000000e+02		2.0950000e+02		5.6528678e+00		9.5739634e-11		2.8314312e-10		9.6794330e-11		2.4954367e-12		9.4298893e-11
2.1000000e+02		2.1100000e+02		2.1050000e+02		6.9678423e+00		1.2275306e-18		7.2538219e-18		1.2350867e-18		1.7877885e-20		1.2172088e-18
2.1100000e+02		2.1200000e+02		2.1150000e+02		7.9326445e+00		2.2622920e-12		7.7922097e-12		2.2827436e-12		4.8388962e-14		2.2343547e-12
2.1200000e+02		2.1300000e+02		2.1250000e+02		7.0734222e+00		2.1849386e-10		6.3132386e-10		2.2080626e-10		5.4712065e-12		2.1533506e-10
2.1300000e+02		2.1400000e+02		2.1350000e+02		7.2066449e+00		8.5410932e-13		3.0392426e-12		8.6128643e-13		1.6981210e-14		8.4430522e-13
2.1400000e+02		2.1500000e+02		2.1450000e+02		9.2279181e+00		1.6934842e-06		3.5557669e-06		1.7204619e-06		6.3829838e-08		1.6566321e-06
2.1500000e+02		2.1600000e+02		2.1550000e+02		7.9257408e+00		1.9224668e-10		5.6007955e-10		1.9413642e-10		4.4711722e-12		1.8966525e-10
2.1600000e+02		2.1700000e+02		2.1650000e+02		7.3353469e+00		5.9301943e-06		1.1806220e-05		6.0304909e-06		2.3730428e-07		5.7931866e-06
2.1700000e+02		2.1800000e+02		2.1750000e+02		7.5953881e+00		6.6716520e-07		1.4366255e-06		6.7667979e-07		2.2511766e-08		6.5416803e-07
2.1800000e+02		2.1900000e+02		2.1850000e+02		1.0217230e+01		1.4224366e-05		2.7763412e-05		1.4464510e-05		5.6818694e-07		1.3896323e-05
2.1900000e+02		2.2000000e+02		2.1950000e+02		1.0786519e+01		1.1893014e-03		2.0077537e-03		1.2186053e-03		6.9333825e-05		1.1492715e-03
2.2000000e+02		2.2100000e+02		2.2050000e+02		1.0851638e+01		2.2900059e-05		4.4020222e-05		2.3282947e-05		9.0592265e-07		2.2377025e-05
2.2100000e+02		2.2200000e+02		2.2150000e+02		8.6872371e+00		9.4279533e-03		1.4877991e-02		9.7257011e-03		7.0447906e-04		9.0212221e-03
2.2200000e+02		2.2300000e+02		2.2250000e+02		1.1691346e+01		3.1360122e-03		5.1446266e-03		3.2165518e-03		1.9055873e-04		3.0259931e-03
2.2300000e+02		2.2400000e+02		2.2350000e+02		1.5139682e+01		3.3775091e-01		4.9759251e-01		3.5526592e-01		4.1440961e-02		3.1382496e-01
2.2400000e+02		2.2500000e+02		2.2450000e+02		1.4154944e+01		4.1601207e-02		6.3853800e-02		4.3041081e-02		3.4067782e-03		3.9634303e-02
2.2500000e+02		2.2600000e+02		2.2550000e+02		1.2365614e+01		2.6756423e-01		3.9355232e-01		2.8079286e-01		3.1299279e-02		2.4949359e-01
2.2600000e+02		2.2700000e+02		2.2650000e+02		9.0577089e+00		2.5159853e-01		3.6819063e-01		2.6447706e-01		3.0470947e-02		2.3400612e-01
2.2700000e+02		2.2800000e+02		2.2750000e+02		8.8108381e+00		4.5634443e-01		6.6131154e-01		4.8284620e-01		6.2703867e-02		4.2014233e-01
2.2800000e+02		2.2900000e+02		2.2850000e+02		1.2275156e+01		3.2315005e+00		4.6348063e+00		3.5228284e+00		6.8928936e-01		2.8335391e+00
2.2900000e+02		2.3000000e+02		2.2950000e+02		1.1031259e+01		5.5899879e+00		8.0516194e+00		6.2172416e+00		1.4840983e+00		4.7331433e+00
2.3000000e+02		2.3100000e+02		2.3050000e+02		1.2510180e+01		5.2422512e+00		7.5177015e+00		5.7777656e+00		1.2670406e+00		4.5107249e+00
2.3100000e+02		2.3200000e+02		2.3150000e+02		1.1791833e+01		6.5865735e+00		9.4681150e+00		7.3271364e+00		1.7521907e+00		5.5749457e+00
2.3200000e+02		2.3300000e+02		2.3250000e+02		1.2664003e+01		8.1982298e+00		1.1798818e+01		9.1631417e+00		2.2830062e+00		6.8801355e+00
2.3300000e+02		2.3400000e+02		2.3350000e+02		1.1428554e+01		8.6559431e+00		1.2484511e+01		9.7327403e+00		2.5477296e+00		7.1850107e+00
2.3400000e+02		2.3500000e+02		2.3450000e+02		9.9864853e+00		7.6886980e+00		1.1073455e+01		8.6351929e+00		2.2394309e+00		6.3957620e+00
2.3500000e+02		2.3600000e+02		2.3550000e+02		1.3443360e+01		9.9584793e+00		1.4300205e+01		1.1139240e+01		2.7937093e+00		8.3455305e+00
2.3600000e+02		2.3700000e+02		2.3650000e+02		1.2448020e+01		9.4806477e+00		1.3599378e+01		1.0599389e+01		2.6469695e+00		7.9524191e+00
2.3700000e+02		2.3800000e+02		2.3750000e+02		1.3294723e+01		1.0135018e+01		1.4512273e+01		1.1309776e+01		2.7795075e+00		8.5302682e+00
2.3800000e+02		2.3900000e+02		2.3850000e+02		1.1021422e+01		8.2816423e+00		1.1833166e+01		9.2174587e+00		2.2141653e+00		7.0032934e+00
2.3900000e+02		2.4000000e+02		2.3950000e+02		1.2008577e+01		8.8436811e+00		1.2608383e+01		9.8152827e+00		2.2988340e+00		7.5164487e+00
2.4000000e+02		2.4100000e+02		2.4050000e+02		1.1032163e+01		8.0443828e+00		1.1447098e+01		8.9080613e+00		2.0434851e+00		6.8645762e+00
2.4100000e+02		2.4200000e+02		2.4150000e+02		1.2918879e+01		9.4173811e+00		1.3379016e+01		1.0410212e+01		2.3490630e+00		8.0611490e+00
2.4200000e+02		2.4300000e+02		2.4250000e+02		1.7782729e+01		1.2941723e+01		1.8356073e+01		1.4280690e+01		3.1680305e+00		1.1112660e+01
2.4300000e+02		2.4400000e+02		2.4350000e+02		1.6701989e+01		1.1747249e+01		1.6624315e+01		1.2921370e+01		2.7779991e+00		1.0143371e+01
2.4400000e+02		2.4500000e+02		2.4450000e+02		1.5641720e+01		9.7113349e+00		1.3693326e+01		1.0610704e+01		2.1279298e+00		8.4827740e+00
2.4500000e+02		2.4600000e+02		2.4550000e+02		1.2691134e+01		6.6494004e+00		9.3437132e+00		7.2110806e+00		1.3289496e+00		5.8821310e+00
2.4600000e+02		2.4700000e+02		2.4650000e+02		1.2350906e+01		6.8052104e+00		9.5549321e+00		7.3820878e+00		1.3649066e+00		6.0171812e+00
2.4700000e+02		2.4800000e+02		2.4750000e+02		1.3639226e+01		7.2923391e+00		1.0222634e+01		7.8918570e+00		1.4184746e+00		6.4733824e+00
2.4800000e+02		2.4900000e+02		2.4850000e+02		1.0938846e+01		5.6179046e+00		7.8628058e+00		6.0640271e+00		1.0555372e+00		5.0084899e+00
2.4900000e+02		2.5000000e+02		2.4950000e+02		1.3333262e+01		6.3751745e+00		8.9075820e+00		6.8581402e+00		1.1427090e+00		5.7154312e+00
2.5000000e+02		2.5100000e+02		2.5050000e+02		1.4401571e+01		5.4907902e+00		7.6572125e+00		5.8650081e+00		8.8540915e-01		4.9795990e+00
2.5100000e+02		2.5200000e+02		2.5150000e+02		1.2007424e+01		3.8892735e+00		5.4182830e+00		4.1346969e+00		5.8067809e-01		3.5540188e+00
2.5200000e+02		2.5300000e+02		2.5250000e+02		1.0794009e+01		3.7588230e+00		5.2308936e+00		3.9980454e+00		5.6600635e-01		3.4320391e+00
2.5300000e+02		2.5400000e+02		2.5350000e+02		1.3602371e+01		4.0861297e+00		5.6824350e+00		4.3286027e+00		5.7369731e-01		3.7549054e+00
2.5400000e+02		2.5500000e+02		2.5450000e+02		1.5384114e+01		3.6295672e+00		5.0484773e+00		3.8246695e+00		4.6161698e-01		3.3630525e+00
2.5500000e+02		2.5600000e+02		2.5550000e+02		2.0992062e+01		3.7270932e+00		5.1908305e+00		3.9070288e+00		4.2573219e-01		3.4812966e+00
2.5600000e+02		2.5700000e+02		2.5650000e+02		2.7040612e+01		6.4773422e+00		8.9934509e+00		6.8153747e+00		7.9979343e-01		6.0155813e+00
2.5700000e+02		2.5800000e+02		2.5750000e+02		3.3946512e+01		5.2848858e+00		7.3584883e+00		5.5217472e+00		5.6042028e-01		4.9613270e+00
2.5800000e+02		2.5900000e+02		2.5850000e+02		3.5732434e+01		5.8279153e+00		8.1048521e+00		6.0882999e+00		6.1607678e-01		5.4722232e+00
2.5900000e+02		2.6000000e+02		2.5950000e+02		3.0409976e+01		3.6839888e+00		5.1369327e+00		3.8322633e+00		3.5082125e-01		3.4814421e+00
2.6000000e+02		2.6100000e+02		2.6050000e+02		2.4915606e+01		2.5826918e+00		3.6062638e+00		2.6804968e+00		2.3140898e-01		2.4490878e+00
2.6100000e+02		2.6200000e+02		2.6150000e+02		2.5442742e+01		1.9511868e+00		2.7347831e+00		2.0181412e+00		1.5841572e-01		1.8597254e+00
2.6200000e+02		2.6300000e+02		2.6250000e+02		3.0366547e+01		2.3253841e+00		3.2574863e+00		2.4038146e+00		1.8556863e-01		2.2182460e+00
2.6300000e+02		2.6400000e+02		2.6350000e+02		4.5700096e+01		3.7916103e+00		5.3019112e+00		3.9200746e+00		3.0394982e-01		3.6161248e+00
2.6400000e+02		2.6500000e+02		2.6450000e+02		7.1249372e+01		3.5392548e+00		4.9888613e+00		3.6426288e+00		2.4458547e-01		3.3980433e+00
2.6500000e+02		2.6600000e+02		2.6550000e+02		7.4731454e+01		3.2195841e+00		4.5479452e+00		3.3089163e+00		2.1136214e-01		3.0975542e+00
2.6600000e+02		2.6700000e+02		2.6650000e+02		7.2446611e+01		2.4275824e+00		3.4442847e+00		2.4900132e+00		1.4771291e-01		2.3423003e+00
2.6700000e+02		2.6800000e+02		2.6750000e+02		7.2937204e+01		2.1334867e+00		3.0340363e+00		2.1858006e+00		1.2377586e-01		2.0620247e+00
2.6800000e+02		2.6900000e+02		2.6850000e+02		7.2239021e+01		1.5789128e+00		2.2583048e+00		1.6146118e+00		8.4464831e-02		1.5301470e+00
2.6900000e+02		2.7000000e+02		2.6950000e+02		6.7758000e+01		1.5852649e+00		2.2631926e+00		1.6210539e+00		8.4677624e-02		1.5363763e+00
2.7000000e+02		2.7100000e+02		2.7050000e+02		7.8281462e+01		1.1211841e+00		1.6177281e+00		1.1436321e+00		5.3112393e-02		1.0905197e+00
2.7100000e+02		2.7200000e+02		2.7150000e+02		6.5051220e+01		7.0377098e-01		1.0218810e+00		7.1687958e-01		3.1015300e-02		6.8586428e-01
2.7200000e+02		2.7300000e+02		2.7250000e+02		5.2331568e+01		3.9016528e-01		5.7157792e-01		3.9682673e-01		1.5761171e-02		3.8106556e-01
2.7300000e+02		2.7400000e+02		2.7350000e+02		5.5800645e+01		2.2692673e-01		3.3763136e-01		2.3035012e-01		8.0998400e-03		2.2225028e-01
2.7400000e+02		2.7500000e+02		2.7450000e+02		3.8398649e+01		3.3397066e-01		4.8708147e-01		3.3965468e-01		1.3448549e-02		3.2620613e-01
2.7500000e+02		2.7600000e+02		2.7550000e+02		5.1208696e+01		2.0637163e-01		3.0696359e-01		2.0938258e-01		7.1239917e-03		2.0225859e-01
2.7600000e+02		2.7700000e+02		2.7650000e+02		7.1318275e+01		3.4236402e-01		5.0673975e-01		3.4743089e-01		1.1988335e-02		3.3544256e-01
2.7700000e+02		2.7800000e+02		2.7750000e+02		6.8188493e+01		2.0493914e-01		3.0712933e-01		2.0769797e-01		6.5274641e-03		2.0117050e-01
2.7800000e+02		2.7900000e+02		2.7850000e+02		4.7024496e+01		1.4742055e-01		2.2062153e-01		1.4938772e-01		4.6543625e-03		1.4473336e-01
2.7900000e+02		2.8000000e+02		2.7950000e+02		2.6422560e+01		5.3691718e-02		8.1316119e-02		5.4349929e-02		1.5573432e-03		5.2792586e-02
2.8000000e+02		2.8100000e+02		2.8050000e+02		2.8982131e+01		5.7792389e-02		8.7555146e-02		5.8487899e-02		1.6455950e-03		5.6842304e-02
2.8100000e+02		2.8200000e+02		2.8150000e+02		6.0033324e+01		4.7177933e-02		7.3442951e-02		4.7666096e-02		1.1550079e-03		4.6511088e-02
2.8200000e+02		2.8300000e+02		2.8250000e+02		8.1733762e+01		2.6416536e-01		3.9465065e-01		2.6749466e-01		7.8772105e-03		2.5961745e-01
2.8300000e+02		2.8400000e+02		2.8350000e+02		8.4433091e+01		9.4691375e-02		1.4579467e-01		9.5690085e-02		2.3629732e-03		9.3327111e-02
2.8400000e+02		2.8500000e+02		2.8450000e+02		6.2255376e+01		9.4514681e-02		1.4420591e-01		9.5540844e-02		2.4279279e-03		9.3112916e-02
2.8500000e+02		2.8600000e+02		2.8550000e+02		4.0018063e+01		3.3147122e-02		5.1482828e-02		3.3472064e-02		7.6881964e-04		3.2703244e-02
2.8600000e+02		2.8700000e+02		2.8650000e+02		8.2001717e+01		1.1344796e-01		1.7350136e-01		1.1462646e-01		2.7883782e-03		1.1183809e-01
2.8700000e+02		2.8800000e+02		2.8750000e+02		9.5189148e+01		9.6251032e-02		1.4854991e-01		9.7192331e-02		2.2271374e-03		9.4965193e-02
2.8800000e+02		2.8900000e+02		2.8850000e+02		9.0460934e+01		1.1137073e-01		1.7085236e-01		1.1247432e-01		2.6111215e-03		1.0986320e-01
2.8900000e+02		2.9000000e+02		2.8950000e+02		1.3728321e+02		3.2189072e-01		4.8456979e-01		3.2535457e-01		8.1955461e-03		3.1715902e-01
2.9000000e+02		2.9100000e+02		2.9050000e+02		1.8023325e+02		1.8233211e-01		2.8126267e-01		1.8403700e-01		4.0338192e-03		1.8000318e-01
2.9100000e+02		2.9200000e+02		2.9150000e+02		1.7359450e+02		6.9515051e-01		1.0305546e+00		7.0307576e-01		1.8751363e-02		6.8432440e-01
2.9200000e+02		2.9300000e+02		2.9250000e+02		1.5421676e+02		1.3621286e-01		2.1091508e-01		1.3742598e-01		2.8702763e-03		1.3455571e-01
2.9300000e+02		2.9400000e+02		2.9350000e+02		1.6099986e+02		5.9791815e-01		8.8792491e-01		6.0445258e-01		1.5460631e-02		5.8899195e-01
2.9400000e+02		2.9500000e+02		2.9450000e+02		1.4991794e+02		3.1723656e-01		4.7855984e-01		3.2035609e-01		7.3808761e-03		3.1297521e-01
2.9500000e+02		2.9600000e+02		2.9550000e+02		1.6232431e+02		1.6143744e+00		2.3346434e+00		1.6348319e+00		4.8403023e-02		1.5864289e+00
2.9600000e+02		2.9700000e+02		2.9650000e+02		1.4851381e+02		2.7963813e-01		4.2313418e-01		2.8226108e-01		6.2059548e-03		2.7605513e-01
2.9700000e+02		2.9800000e+02		2.9750000e+02		1.5140866e+02		1.4196311e+00		2.0552965e+00		1.4369075e+00		4.0876345e-02		1.3960311e+00
2.9800000e+02		2.9900000e+02		2.9850000e+02		1.3012850e+02		2.6774415e-01		4.0397491e-01		2.7021734e-01		5.8516469e-03		2.6436570e-01
2.9900000e+02		3.0000000e+02		2.9950000e+02		1.4682541e+02		2.2541502e+00		3.2222936e+00		2.2835414e+00		6.9540378e-02		2.2140010e+00
3.0000000e+02		3.0100000e+02		3.0050000e+02		1.1681452e+02		5.2742349e-01		7.7811667e-01		5.3280607e-01		1.2735310e-02		5.2007076e-01
3.0100000e+02		3.0200000e+02		3.0150000e+02		1.3434477e+02		8.8717449e+00		1.2275316e+01		9.0291566e+00		3.7244007e-01		8.6567165e+00
3.0200000e+02		3.0300000e+02		3.0250000e+02		1.4142283e+02		1.0536375e+00		1.5331783e+00		1.0650656e+00		2.7039265e-02		1.0380264e+00
3.0300000e+02		3.0400000e+02		3.0350000e+02		1.8342160e+02		2.1481202e+01		2.9396888e+01		2.1914090e+01		1.0242254e+00		2.0889865e+01
3.0400000e+02		3.0500000e+02		3.0450000e+02		1.7556728e+02		2.3916678e+00		3.4256939e+00		2.4200063e+00		6.7049563e-02		2.3529567e+00
3.0500000e+02		3.0600000e+02		3.0550000e+02		1.7728071e+02		3.1952947e+01		4.3401548e+01		3.2664835e+01		1.6843451e+00		3.0980490e+01
3.0600000e+02		3.0700000e+02		3.0650000e+02		1.6814926e+02		3.5043959e+00		4.9661852e+00		3.5485141e+00		1.0438496e-01		3.4441292e+00
3.0700000e+02		3.0800000e+02		3.0750000e+02		1.8878816e+02		3.2547114e+01		4.4212405e+01		3.3242577e+01		1.6454850e+00		3.1597092e+01
3.0800000e+02		3.0900000e+02		3.0850000e+02		1.8529086e+02		1.0846636e+01		1.5018939e+01		1.1015705e+01		4.0002241e-01		1.0615683e+01
3.0900000e+02		3.1000000e+02		3.0950000e+02		1.5026991e+02		2.8935755e+01		3.9218806e+01		2.9558245e+01		1.4728279e+00		2.8085417e+01
3.1000000e+02		3.1100000e+02		3.1050000e+02		1.8913229e+02		2.3812027e+01		3.2485949e+01		2.4256324e+01		1.0512176e+00		2.3205107e+01
3.1100000e+02		3.1200000e+02		3.1150000e+02		2.2495083e+02		5.4589876e+01		7.3704160e+01		5.5821441e+01		2.9139127e+00		5.2907528e+01
3.1200000e+02		3.1300000e+02		3.1250000e+02		2.0030306e+02		5.8418307e+01		7.8661121e+01		5.9802641e+01		3.2753695e+00		5.6527271e+01
3.1300000e+02		3.1400000e+02		3.1350000e+02		2.1331645e+02		5.4485211e+01		7.3469464e+01		5.5702001e+01		2.8789553e+00		5.2823045e+01
3.1400000e+02		3.1500000e+02		3.1450000e+02		2.0119548e+02		8.9204532e+01		1.1949416e+02		9.1611260e+01		5.6943788e+00		8.5916881e+01
3.1500000e+02		3.1600000e+02		3.1550000e+02		1.9522773e+02		6.9912348e+01		9.3824637e+01		7.1625377e+01		4.0530702e+00		6.7572307e+01
3.1600000e+02		3.1700000e+02		3.1650000e+02		1.9043254e+02		9.4485176e+01		1.2636057e+02		9.7084422e+01		6.1498828e+00		9.0934539e+01
3.1700000e+02		3.1800000e+02		3.1750000e+02		2.4155434e+02		1.1750777e+02		1.5712380e+02		1.2067086e+02		7.4839603e+00		1.1318690e+02
3.1800000e+02		3.1900000e+02		3.1850000e+02		1.9952276e+02		1.1329433e+02		1.5126025e+02		1.1651262e+02		7.6145413e+00		1.0889808e+02
3.1900000e+02		3.2000000e+02		3.1950000e+02		2.1430874e+02		1.3505584e+02		1.8013683e+02		1.3902873e+02		9.3999656e+00		1.2962877e+02
3.2000000e+02		3.2100000e+02		3.2050000e+02		2.4621307e+02		1.7281107e+02		2.3029597e+02		1.7810023e+02		1.2514292e+01		1.6558594e+02
3.2100000e+02		3.2200000e+02		3.2150000e+02		2.0677326e+02		1.5442334e+02		2.0567329e+02		1.5923980e+02		1.1395880e+01		1.4784392e+02
3.2200000e+02		3.2300000e+02		3.2250000e+02		2.0765168e+02		1.6155129e+02		2.1506527e+02		1.6663406e+02		1.2025974e+01		1.5460809e+02
3.2300000e+02		3.2400000e+02		3.2350000e+02		2.0066974e+02		1.7481501e+02		2.3260277e+02		1.8060051e+02		1.3688638e+01		1.6691187e+02
3.2400000e+02		3.2500000e+02		3.2450000e+02		2.3629853e+02		2.0532909e+02		2.7310180e+02		2.1202642e+02		1.5846059e+01		1.9618037e+02
3.2500000e+02		3.2600000e+02		3.2550000e+02		2.7209498e+02		2.4356328e+02		3.2383478e+02		2.5154417e+02		1.8882987e+01		2.3266119e+02
3.2600000e+02		3.2700000e+02		3.2650000e+02		3.0699214e+02		2.8423400e+02		3.7777526e+02		2.9361767e+02		2.2201988e+01		2.7141568e+02
3.2700000e+02		3.2800000e+02		3.2750000e+02		2.9701525e+02		2.7590766e+02		3.6657465e+02		2.8491803e+02		2.1318759e+01		2.6359927e+02
3.2800000e+02		3.2900000e+02		3.2850000e+02		2.8673370e+02		2.7121437e+02		3.6021307e+02		2.8005685e+02		2.0921541e+01		2.5913531e+02
3.2900000e+02		3.3000000e+02		3.2950000e+02		3.3379807e+02		3.1735929e+02		4.2135033e+02		3.2760751e+02		2.4247560e+01		3.0335996e+02
3.3000000e+02		3.3100000e+02		3.3050000e+02		3.1443449e+02		3.0119038e+02		3.9974343e+02		3.1083834e+02		2.2827324e+01		2.8801102e+02
3.3100000e+02		3.3200000e+02		3.3150000e+02		3.0087994e+02		2.9041105e+02		3.8530385e+02		2.9964054e+02		2.1837209e+01		2.7780333e+02
3.3200000e+02		3.3300000e+02		3.3250000e+02		2.9519831e+02		2.8477221e+02		3.7769114e+02		2.9370542e+02		2.1136205e+01		2.7256922e+02
3.3300000e+02		3.3400000e+02		3.3350000e+02		2.8364288e+02		2.7486628e+02		3.6442928e+02		2.8340503e+02		2.0202915e+01		2.6320212e+02
3.3400000e+02		3.3500000e+02		3.3450000e+02		2.9883003e+02		2.8982461e+02		3.8413218e+02		2.9872010e+02		2.1046969e+01		2.7767313e+02
3.3500000e+02		3.3600000e+02		3.3550000e+02		2.9511053e+02		2.8651142e+02		3.7961482e+02		2.9520124e+02		2.0560326e+01		2.7464091e+02
3.3600000e+02		3.3700000e+02		3.3650000e+02		2.4313126e+02		2.3609781e+02		3.1271665e+02		2.4317055e+02		1.6734265e+01		2.2643628e+02
3.3700000e+02		3.3800000e+02		3.3750000e+02		2.5649874e+02		2.4918384e+02		3.2994297e+02		2.5655806e+02		1.7447607e+01		2.3911046e+02
3.3800000e+02		3.3900000e+02		3.3850000e+02		2.7748673e+02		2.6990465e+02		3.5726573e+02		2.7779961e+02		1.8679664e+01		2.5911994e+02
3.3900000e+02		3.4000000e+02		3.3950000e+02		2.9040264e+02		2.8352248e+02		3.7517343e+02		2.9173324e+02		1.9426871e+01		2.7230637e+02
3.4000000e+02		3.4100000e+02		3.4050000e+02		3.0654056e+02		2.9947773e+02		3.9616387e+02		3.0804776e+02		2.0276925e+01		2.8777084e+02
3.4100000e+02		3.4200000e+02		3.4150000e+02		2.7979685e+02		2.7355507e+02		3.6176187e+02		2.8129123e+02		1.8303946e+01		2.6298728e+02
3.4200000e+02		3.4300000e+02		3.4250000e+02		3.0344565e+02		2.9675560e+02		3.9232564e+02		3.0504693e+02		1.9617499e+01		2.8542943e+02
3.4300000e+02		3.4400000e+02		3.4350000e+02		2.9822260e+02		2.9177394e+02		3.8562561e+02		2.9982920e+02		1.9058955e+01		2.8077025e+02
3.4400000e+02		3.4500000e+02		3.4450000e+02		2.3986676e+02		2.3469500e+02		3.1009647e+02		2.4109616e+02		1.5145299e+01		2.2595086e+02
3.4500000e+02		3.4600000e+02		3.4550000e+02		2.8907088e+02		2.8297078e+02		3.7377468e+02		2.9059767e+02		1.8045414e+01		2.7255225e+02
3.4600000e+02		3.4700000e+02		3.4650000e+02		2.8069735e+02		2.7486419e+02		3.6296408e+02		2.8218489e+02		1.7320961e+01		2.6486393e+02
3.4700000e+02		3.4800000e+02		3.4750000e+02		2.7782009e+02		2.7201436e+02		3.5910097e+02		2.7917161e+02		1.6934221e+01		2.6223738e+02
3.4800000e+02		3.4900000e+02		3.4850000e+02		2.8744416e+02		2.8159147e+02		3.7164204e+02		2.8891459e+02		1.7326689e+01		2.7158790e+02
3.4900000e+02		3.5000000e+02		3.4950000e+02		2.7550877e+02		2.6993907e+02		3.5616701e+02		2.7687603e+02		1.6413029e+01		2.6046300e+02
3.5000000e+02		3.5100000e+02		3.5050000e+02		3.3002358e+02		3.2341853e+02		4.2661595e+02		3.3163202e+02		1.9433328e+01		3.1219869e+02
3.5100000e+02		3.5200000e+02		3.5150000e+02		3.0660572e+02		3.0059967e+02		3.9641168e+02		3.0814521e+02		1.7852947e+01		2.9029227e+02
3.5200000e+02		3.5300000e+02		3.5250000e+02		2.8324198e+02		2.7785194e+02		3.6631828e+02		2.8474654e+02		1.6312791e+01		2.6843375e+02
3.5300000e+02		3.5400000e+02		3.5350000e+02		3.2405327e+02		3.1775505e+02		4.1882001e+02		3.2554475e+02		1.8430621e+01		3.0711412e+02
3.5400000e+02		3.5500000e+02		3.5450000e+02		3.4586270e+02		3.3921986e+02		4.4699945e+02		3.4743925e+02		1.9447293e+01		3.2799196e+02
3.5500000e+02		3.5600000e+02		3.5550000e+02		3.2478382e+02		3.1877470e+02		4.1995364e+02		3.2641173e+02		1.8069412e+01		3.0834232e+02
3.5600000e+02		3.5700000e+02		3.5650000e+02		2.8234357e+02		2.7720831e+02		3.6510474e+02		2.8377328e+02		1.5532888e+01		2.6824039e+02
3.5700000e+02		3.5800000e+02		3.5750000e+02		2.4674321e+02		2.4227574e+02		3.1901909e+02		2.4794689e+02		1.3418088e+01		2.3452880e+02
3.5800000e+02		3.5900000e+02		3.5850000e+02		2.1181106e+02		2.0789006e+02		2.7367689e+02		2.1269851e+02		1.1376911e+01		2.0132160e+02
3.5900000e+02		3.6000000e+02		3.5950000e+02		3.0582840e+02		3.0017396e+02		3.9507179e+02		3.0703662e+02		1.6237226e+01		2.9079940e+02
3.6000000e+02		3.6100000e+02		3.6050000e+02		3.0178862e+02		2.9628477e+02		3.8986302e+02		3.0298142e+02		1.5844446e+01		2.8713697e+02
3.6100000e+02		3.6200000e+02		3.6150000e+02		2.8033735e+02		2.7545799e+02		3.6237510e+02		2.8161563e+02		1.4569135e+01		2.6704650e+02
3.6200000e+02		3.6300000e+02		3.6250000e+02		3.1645921e+02		3.1093267e+02		4.0895194e+02		3.1780328e+02		1.6256038e+01		3.0154724e+02
3.6300000e+02		3.6400000e+02		3.6350000e+02		3.0810145e+02		3.0258275e+02		3.9788268e+02		3.0919038e+02		1.5633826e+01		2.9355655e+02
3.6400000e+02		3.6500000e+02		3.6450000e+02		3.2221950e+02		3.1654481e+02		4.1615125e+02		3.2337983e+02		1.6171823e+01		3.0720801e+02
3.6500000e+02		3.6600000e+02		3.6550000e+02		3.6674574e+02		3.6055120e+02		4.7390213e+02		3.6825153e+02		1.8219177e+01		3.5003235e+02
3.6600000e+02		3.6700000e+02		3.6650000e+02		3.9198946e+02		3.8543872e+02		5.0650643e+02		3.9357817e+02		1.9258133e+01		3.7432003e+02
3.6700000e+02		3.6800000e+02		3.6750000e+02		3.7850004e+02		3.7239960e+02		4.8926851e+02		3.8017781e+02		1.8403435e+01		3.6177438e+02
3.6800000e+02		3.6900000e+02		3.6850000e+02		3.4895620e+02		3.4337105e+02		4.5103709e+02		3.5046259e+02		1.6778768e+01		3.3368382e+02
3.6900000e+02		3.7000000e+02		3.6950000e+02		3.8736224e+02		3.8095126e+02		5.0030059e+02		3.8872766e+02		1.8399156e+01		3.7032850e+02
3.7000000e+02		3.7100000e+02		3.7050000e+02		3.6351013e+02		3.5716251e+02		4.6896723e+02		3.6436721e+02		1.7046496e+01		3.4732071e+02
3.7100000e+02		3.7200000e+02		3.7150000e+02		3.7529261e+02		3.6936547e+02		4.8489093e+02		3.7674117e+02		1.7451098e+01		3.5929007e+02
3.7200000e+02		3.7300000e+02		3.7250000e+02		3.1177186e+02		3.0700423e+02		4.0294586e+02		3.1306833e+02		1.4347834e+01		2.9872050e+02
3.7300000e+02		3.7400000e+02		3.7350000e+02		2.7192112e+02		2.6778556e+02		3.5140349e+02		2.7301649e+02		1.2376517e+01		2.6063998e+02
3.7400000e+02		3.7500000e+02		3.7450000e+02		2.7832167e+02		2.7402776e+02		3.5952726e+02		2.7932052e+02		1.2522816e+01		2.6679771e+02
3.7500000e+02		3.7600000e+02		3.7550000e+02		3.1876744e+02		3.1358715e+02		4.1135459e+02		3.1957378e+02		1.4164517e+01		3.0540926e+02
3.7600000e+02		3.7700000e+02		3.7650000e+02		3.3048657e+02		3.2550009e+02		4.2690061e+02		3.3165039e+02		1.4551781e+01		3.1709861e+02
3.7700000e+02		3.7800000e+02		3.7750000e+02		3.8770864e+02		3.8204475e+02		5.0096806e+02		3.8918640e+02		1.6897323e+01		3.7228908e+02
3.7800000e+02		3.7900000e+02		3.7850000e+02		4.0380398e+02		3.9785841e+02		5.2161115e+02		4.0521359e+02		1.7402559e+01		3.8781103e+02
3.7900000e+02		3.8000000e+02		3.7950000e+02		3.2744385e+02		3.2280221e+02		4.2313297e+02		3.2870677e+02		1.3970331e+01		3.1473644e+02
3.8000000e+02		3.8100000e+02		3.8050000e+02		3.5656330e+02		3.5162683e+02		4.6083550e+02		3.5798993e+02		1.5055271e+01		3.4293466e+02
3.8100000e+02		3.8200000e+02		3.8150000e+02		3.2019140e+02		3.1580730e+02		4.1381962e+02		3.2146068e+02		1.3376027e+01		3.0808465e+02
3.8200000e+02		3.8300000e+02		3.8250000e+02		2.2964197e+02		2.2647426e+02		2.9671150e+02		2.3048425e+02		9.4877272e+00		2.2099652e+02
3.8300000e+02		3.8400000e+02		3.8350000e+02		2.0267593e+02		1.9971940e+02		2.6161650e+02		2.0321560e+02		8.2721019e+00		1.9494350e+02
3.8400000e+02		3.8500000e+02		3.8450000e+02		2.7111947e+02		2.6734758e+02		3.5014487e+02		2.7197929e+02		1.0958740e+01		2.6102055e+02
3.8500000e+02		3.8600000e+02		3.8550000e+02		2.8715912e+02		2.8337803e+02		3.7107786e+02		2.8823710e+02		1.1496682e+01		2.7674042e+02
3.8600000e+02		3.8700000e+02		3.8650000e+02		2.8837692e+02		2.8465426e+02		3.7268858e+02		2.8948373e+02		1.1426643e+01		2.7805708e+02
3.8700000e+02		3.8800000e+02		3.8750000e+02		2.8805300e+02		2.8436586e+02		3.7225170e+02		2.8913921e+02		1.1293874e+01		2.7784534e+02
3.8800000e+02		3.8900000e+02		3.8850000e+02		2.9209390e+02		2.8828069e+02		3.7731800e+02		2.9306737e+02		1.1325402e+01		2.8174197e+02
3.8900000e+02		3.9000000e+02		3.8950000e+02		3.5069332e+02		3.4597167e+02		4.5275847e+02		3.5165365e+02		1.3443717e+01		3.3820993e+02
3.9000000e+02		3.9100000e+02		3.9050000e+02		3.6838836e+02		3.6373347e+02		4.7592755e+02		3.6964708e+02		1.3991762e+01		3.5565532e+02
3.9100000e+02		3.9200000e+02		3.9150000e+02		3.9613874e+02		3.9130003e+02		5.1191867e+02		3.9759633e+02		1.4897201e+01		3.8269913e+02
3.9200000e+02		3.9300000e+02		3.9250000e+02		3.0403432e+02		3.0037622e+02		3.9290871e+02		3.0515911e+02		1.1316439e+01		2.9384267e+02
3.9300000e+02		3.9400000e+02		3.9350000e+02		1.8639471e+02		1.8417908e+02		2.4088089e+02		1.8708120e+02		6.8665032e+00		1.8021470e+02
3.9400000e+02		3.9500000e+02		3.9450000e+02		3.0813115e+02		3.0450683e+02		3.9819512e+02		3.0925505e+02		1.1234402e+01		2.9802065e+02
3.9500000e+02		3.9600000e+02		3.9550000e+02		3.7840801e+02		3.7399707e+02		4.8899543e+02		3.7976827e+02		1.3654810e+01		3.6611346e+02
3.9600000e+02		3.9700000e+02		3.9650000e+02		2.6140326e+02		2.5836332e+02		3.3775842e+02		2.6230864e+02		9.3347459e+00		2.5297390e+02
3.9700000e+02		3.9800000e+02		3.9750000e+02		2.9300657e+02		2.8962154e+02		3.7856945e+02		2.9399841e+02		1.0355788e+01		2.8364262e+02
3.9800000e+02		3.9900000e+02		3.9850000e+02		4.5124719e+02		4.4608090e+02		5.8299980e+02		4.5275276e+02		1.5785802e+01		4.3696696e+02
3.9900000e+02		4.0000000e+02		3.9950000e+02		4.9846141e+02		4.9278589e+02		6.4395275e+02		5.0008034e+02		1.7258865e+01		4.8282147e+02
4.0000000e+02		4.0100000e+02		4.0050000e+02		5.1407199e+02		5.0835681e+02		6.6421007e+02		5.1580543e+02		1.7623618e+01		4.9818181e+02
4.0100000e+02		4.0200000e+02		4.0150000e+02		5.3860814e+02		5.3270963e+02		6.9593628e+02		5.4043559e+02		1.8279815e+01		5.2215577e+02
4.0200000e+02		4.0300000e+02		4.0250000e+02		5.4526519e+02		5.3935946e+02		7.0453120e+02		5.4710219e+02		1.8319478e+01		5.2878271e+02
4.0300000e+02		4.0400000e+02		4.0350000e+02		5.2165796e+02		5.1607226e+02		6.7402521e+02		5.2340544e+02		1.7350482e+01		5.0605496e+02
4.0400000e+02		4.0500000e+02		4.0450000e+02		5.1300620e+02		5.0757192e+02		6.6283838e+02		5.1471121e+02		1.6891729e+01		4.9781948e+02
4.0500000e+02		4.0600000e+02		4.0550000e+02		5.1256585e+02		5.0719457e+02		6.6226191e+02		5.1425643e+02		1.6708524e+01		4.9754790e+02
4.0600000e+02		4.0700000e+02		4.0650000e+02		4.9035274e+02		4.8526479e+02		6.3354843e+02		4.9195314e+02		1.5824785e+01		4.7612835e+02
4.0700000e+02		4.0800000e+02		4.0750000e+02		4.9838294e+02		4.9326733e+02		6.4391698e+02		4.9999758e+02		1.5923957e+01		4.8407363e+02
4.0800000e+02		4.0900000e+02		4.0850000e+02		5.2990289e+02		5.2451932e+02		6.8463042e+02		5.3160416e+02		1.6762907e+01		5.1484125e+02
4.0900000e+02		4.1000000e+02		4.0950000e+02		5.2713439e+02		5.2183254e+02		6.8104169e+02		5.2881051e+02		1.6510064e+01		5.1230045e+02
4.1000000e+02		4.1100000e+02		4.1050000e+02		4.8293937e+02		4.7813059e+02		6.2393245e+02		4.8446033e+02		1.4976315e+01		4.6948401e+02
4.1100000e+02		4.1200000e+02		4.1150000e+02		5.5986852e+02		5.5434926e+02		7.2330862e+02		5.6161490e+02		1.7190706e+01		5.4442420e+02
4.1200000e+02		4.1300000e+02		4.1250000e+02		5.4940473e+02		5.4404238e+02		7.0977822e+02		5.5110208e+02		1.6703431e+01		5.3439865e+02
4.1300000e+02		4.1400000e+02		4.1350000e+02		5.2995399e+02		5.2483274e+02		6.8463837e+02		5.3157566e+02		1.5953923e+01		5.1562174e+02
4.1400000e+02		4.1500000e+02		4.1450000e+02		5.3771640e+02		5.3257158e+02		6.9465521e+02		5.3934627e+02		1.6029096e+01		5.2331718e+02
4.1500000e+02		4.1600000e+02		4.1550000e+02		5.3722776e+02		5.3213828e+02		6.9401267e+02		5.3884069e+02		1.5858086e+01		5.2298261e+02
4.1600000e+02		4.1700000e+02		4.1650000e+02		5.5745703e+02		5.5222748e+02		7.2013365e+02		5.5911449e+02		1.6294838e+01		5.4281965e+02
4.1700000e+02		4.1800000e+02		4.1750000e+02		5.0725322e+02		5.0254027e+02		6.5526767e+02		5.0874610e+02		1.4683140e+01		4.9406295e+02
4.1800000e+02		4.1900000e+02		4.1850000e+02		5.2601513e+02		5.2116286e+02		6.7947700e+02		5.2753554e+02		1.5077930e+01		5.1245761e+02
4.1900000e+02		4.2000000e+02		4.1950000e+02		5.3123875e+02		5.2639966e+02		6.8623163e+02		5.3277363e+02		1.5080966e+01		5.1769266e+02
4.2000000e+02		4.2100000e+02		4.2050000e+02		5.3797708e+02		5.3312510e+02		6.9492628e+02		5.3951762e+02		1.5124866e+01		5.2439276e+02
4.2100000e+02		4.2200000e+02		4.2150000e+02		5.2958361e+02		5.2485373e+02		6.8407374e+02		5.3108592e+02		1.4745501e+01		5.1634041e+02
4.2200000e+02		4.2300000e+02		4.2250000e+02		5.0190537e+02		4.9746614e+02		6.4831150e+02		5.0331585e+02		1.3840567e+01		4.8947528e+02
4.2300000e+02		4.2400000e+02		4.2350000e+02		5.3474862e+02		5.3006462e+02		6.9072492e+02		5.3623738e+02		1.4604907e+01		5.2163248e+02
4.2400000e+02		4.2500000e+02		4.2450000e+02		5.5328403e+02		5.4848442e+02		7.1465630e+02		5.5481006e+02		1.4966636e+01		5.3984343e+02
4.2500000e+02		4.2600000e+02		4.2550000e+02		5.3248014e+02		5.2790544e+02		6.8777474e+02		5.3393515e+02		1.4266460e+01		5.1966869e+02
4.2600000e+02		4.2700000e+02		4.2650000e+02		5.3029841e+02		5.2578617e+02		6.8494692e+02		5.3173403e+02		1.4072773e+01		5.1766126e+02
4.2700000e+02		4.2800000e+02		4.2750000e+02		4.9171747e+02		4.8757357e+02		6.3510581e+02		4.9303633e+02		1.2925022e+01		4.8011131e+02
4.2800000e+02		4.2900000e+02		4.2850000e+02		4.9494538e+02		4.9081412e+02		6.3926605e+02		4.9626064e+02		1.2886616e+01		4.8337403e+02
4.2900000e+02		4.3000000e+02		4.2950000e+02		4.6063718e+02		4.5682892e+02		5.9494572e+02		4.6185000e+02		1.1879993e+01		4.4997000e+02
4.3000000e+02		4.3100000e+02		4.3050000e+02		3.7055843e+02		3.6752401e+02		4.7859605e+02		3.7152511e+02		9.4667112e+00		3.6205840e+02
4.3100000e+02		4.3200000e+02		4.3150000e+02		4.5818753e+02		4.5447111e+02		5.9176572e+02		4.5937184e+02		1.1595260e+01		4.4777658e+02
4.3200000e+02		4.3300000e+02		4.3250000e+02		5.1625369e+02		5.1210590e+02		6.6675134e+02		5.1757587e+02		1.2942099e+01		5.0463378e+02
4.3300000e+02		4.3400000e+02		4.3350000e+02		5.6047485e+02		5.5601427e+02		7.2385422e+02		5.6189718e+02		1.3919111e+01		5.4797806e+02
4.3400000e+02		4.3500000e+02		4.3450000e+02		4.7595241e+02		4.7220017e+02		6.1468530e+02		4.7714923e+02		1.1709602e+01		4.6543963e+02
4.3500000e+02		4.3600000e+02		4.3550000e+02		5.3162725e+02		5.2747545e+02		6.8657962e+02		5.3295191e+02		1.2957422e+01		5.1999448e+02
4.3600000e+02		4.3700000e+02		4.3650000e+02		5.9481241e+02		5.9021069e+02		7.6817140e+02		5.9628105e+02		1.4362619e+01		5.8191843e+02
4.3700000e+02		4.3800000e+02		4.3750000e+02		5.2629983e+02		5.2226622e+02		6.7968212e+02		5.2758753e+02		1.2590356e+01		5.1499717e+02
4.3800000e+02		4.3900000e+02		4.3850000e+02		5.1257868e+02		5.0868687e+02		6.6195385e+02		5.1382147e+02		1.2148590e+01		5.0167288e+02
4.3900000e+02		4.4000000e+02		4.3950000e+02		5.7051902e+02		5.6622655e+02		7.3676864e+02		5.7188874e+02		1.3396890e+01		5.5849185e+02
4.4000000e+02		4.4100000e+02		4.4050000e+02		5.4089681e+02		5.3685962e+02		6.9849904e+02		5.4217826e+02		1.2584042e+01		5.2959422e+02
4.4100000e+02		4.4200000e+02		4.4150000e+02		5.9491633e+02		5.9041400e+02		7.6811631e+02		5.9620835e+02		1.3709573e+01		5.8249877e+02
4.4200000e+02		4.4300000e+02		4.4250000e+02		6.2544254e+02		6.2067808e+02		8.0742501e+02		6.2671267e+02		1.4277988e+01		6.1243468e+02
4.4300000e+02		4.4400000e+02		4.4350000e+02		6.0497206e+02		6.0041379e+02		7.8100127e+02		6.0619759e+02		1.3684621e+01		5.9251297e+02
4.4400000e+02		4.4500000e+02		4.4450000e+02		6.2324411e+02		6.1846120e+02		8.0441503e+02		6.2436324e+02		1.3964363e+01		6.1039887e+02
4.4500000e+02		4.4600000e+02		4.4550000e+02		5.7783999e+02		5.7347128e+02		7.4583942e+02		5.7889392e+02		1.2830097e+01		5.6606382e+02
4.4600000e+02		4.4700000e+02		4.4650000e+02		5.8940025e+02		5.8514291e+02		7.6095852e+02		5.9062625e+02		1.2973709e+01		5.7765254e+02
4.4700000e+02		4.4800000e+02		4.4750000e+02		6.3881895e+02		6.3428632e+02		8.2480450e+02		6.4017612e+02		1.3935425e+01		6.2624069e+02
4.4800000e+02		4.4900000e+02		4.4850000e+02		6.2805979e+02		6.2368960e+02		8.1096321e+02		6.2942850e+02		1.3578387e+01		6.1585011e+02
4.4900000e+02		4.5000000e+02		4.4950000e+02		6.3454704e+02		6.3019162e+02		8.1935629e+02		6.3593774e+02		1.3595467e+01		6.2234227e+02
4.5000000e+02		4.5100000e+02		4.5050000e+02		6.7325368e+02		6.6867782e+02		8.6933085e+02		6.7471956e+02		1.4294922e+01		6.6042464e+02
4.5100000e+02		4.5200000e+02		4.5150000e+02		6.7122600e+02		6.6670520e+02		8.6670322e+02		6.7267460e+02		1.4123744e+01		6.5855085e+02
4.5200000e+02		4.5300000e+02		4.5250000e+02		6.3541039e+02		6.3116946e+02		8.2044842e+02		6.3676964e+02		1.3250179e+01		6.2351946e+02
4.5300000e+02		4.5400000e+02		4.5350000e+02		6.0888666e+02		6.0485936e+02		7.8619234e+02		6.1017775e+02		1.2583430e+01		5.9759432e+02
4.5400000e+02		4.5500000e+02		4.5450000e+02		6.4999363e+02		6.4573308e+02		8.3926069e+02		6.5135982e+02		1.3312992e+01		6.3804682e+02
4.5500000e+02		4.5600000e+02		4.5550000e+02		6.4380306e+02		6.3962093e+02		8.3125888e+02		6.4514442e+02		1.3068700e+01		6.3207571e+02
4.5600000e+02		4.5700000e+02		4.5650000e+02		6.6853861e+02		6.6423466e+02		8.6318778e+02		6.6991936e+02		1.3450144e+01		6.5646921e+02
4.5700000e+02		4.5800000e+02		4.5750000e+02		6.7499745e+02		6.7069071e+02		8.7151827e+02		6.7637941e+02		1.3459600e+01		6.6291981e+02
4.5800000e+02		4.5900000e+02		4.5850000e+02		6.3439039e+02		6.3037879e+02		8.1908049e+02		6.3567793e+02		1.2537901e+01		6.2314003e+02
4.5900000e+02		4.6000000e+02		4.5950000e+02		6.5539586e+02		6.5128827e+02		8.4619284e+02		6.5671451e+02		1.2838632e+01		6.4387588e+02
4.6000000e+02		4.6100000e+02		4.6050000e+02		6.4752339e+02		6.4350112e+02		8.3602031e+02		6.4881493e+02		1.2572620e+01		6.3624231e+02
4.6100000e+02		4.6200000e+02		4.6150000e+02		6.6245412e+02		6.5837550e+02		8.5528909e+02		6.6376404e+02		1.2749420e+01		6.5101462e+02
4.6200000e+02		4.6300000e+02		4.6250000e+02		6.6901120e+02		6.6492857e+02		8.6374653e+02		6.7032270e+02		1.2762639e+01		6.5756006e+02
4.6300000e+02		4.6400000e+02		4.6350000e+02		6.4662616e+02		6.4271489e+02		8.3483769e+02		6.4788288e+02		1.2227588e+01		6.3565529e+02
4.6400000e+02		4.6500000e+02		4.6450000e+02		6.5795753e+02		6.5401270e+02		8.4945921e+02		6.5922530e+02		1.2333142e+01		6.4689216e+02
4.6500000e+02		4.6600000e+02		4.6550000e+02		6.3552746e+02		6.3175053e+02		8.2049308e+02		6.3674152e+02		1.1808821e+01		6.2493270e+02
4.6600000e+02		4.6700000e+02		4.6650000e+02		6.3955371e+02		6.3578611e+02		8.2568349e+02		6.4076502e+02		1.1780244e+01		6.2898478e+02
4.6700000e+02		4.6800000e+02		4.6750000e+02		6.4572639e+02		6.4191773e+02		8.3359627e+02		6.4690057e+02		1.1789532e+01		6.3511104e+02
4.6800000e+02		4.6900000e+02		4.6850000e+02		6.3145002e+02		6.2776120e+02		8.1516340e+02		6.3259171e+02		1.1429117e+01		6.2116259e+02
4.6900000e+02		4.7000000e+02		4.6950000e+02		6.4956875e+02		6.4576885e+02		8.3849735e+02		6.5069453e+02		1.1654299e+01		6.3904023e+02
4.7000000e+02		4.7100000e+02		4.7050000e+02		6.1381170e+02		6.1024841e+02		7.9232925e+02		6.1486277e+02		1.0917682e+01		6.0394509e+02
4.7100000e+02		4.7200000e+02		4.7150000e+02		6.4174114e+02		6.3803102e+02		8.2835334e+02		6.4281361e+02		1.1315733e+01		6.3149788e+02
4.7200000e+02		4.7300000e+02		4.7250000e+02		6.5742798e+02		6.5365434e+02		8.4858817e+02		6.5851170e+02		1.1492636e+01		6.4701906e+02
4.7300000e+02		4.7400000e+02		4.7350000e+02		6.4563741e+02		6.4190501e+02		8.3328820e+02		6.4663367e+02		1.1188127e+01		6.3544554e+02
4.7400000e+02		4.7500000e+02		4.7450000e+02		6.6512717e+02		6.6140137e+02		8.5854769e+02		6.6623218e+02		1.1429815e+01		6.5480236e+02
4.7500000e+02		4.7600000e+02		4.7550000e+02		6.6365303e+02		6.6002724e+02		8.5671529e+02		6.6480694e+02		1.1308886e+01		6.5349805e+02
4.7600000e+02		4.7700000e+02		4.7650000e+02		6.3952653e+02		6.3607238e+02		8.2557614e+02		6.4063921e+02		1.0805244e+01		6.2983397e+02
4.7700000e+02		4.7800000e+02		4.7750000e+02		6.6772274e+02		6.6414711e+02		8.6196802e+02		6.6887478e+02		1.1185780e+01		6.5768900e+02
4.7800000e+02		4.7900000e+02		4.7850000e+02		6.6128260e+02		6.5777164e+02		8.5364742e+02		6.6241401e+02		1.0983971e+01		6.5143004e+02
4.7900000e+02		4.8000000e+02		4.7950000e+02		6.6320839e+02		6.5971715e+02		8.5612648e+02		6.6433365e+02		1.0922748e+01		6.5341090e+02
4.8000000e+02		4.8100000e+02		4.8050000e+02		6.6489751e+02		6.6142708e+02		8.5830007e+02		6.6601625e+02		1.0858095e+01		6.5515816e+02
4.8100000e+02		4.8200000e+02		4.8150000e+02		6.6630748e+02		6.6285915e+02		8.6011334e+02		6.6741930e+02		1.0789420e+01		6.5662988e+02
4.8200000e+02		4.8300000e+02		4.8250000e+02		6.6376999e+02		6.6036382e+02		8.5683106e+02		6.6486840e+02		1.0657947e+01		6.5421045e+02
4.8300000e+02		4.8400000e+02		4.8350000e+02		6.5373157e+02		6.5038991e+02		8.4384673e+02		6.5478897e+02		1.0408275e+01		6.4438069e+02
4.8400000e+02		4.8500000e+02		4.8450000e+02		6.4242337e+02		6.3913660e+02		8.2920453e+02		6.4342302e+02		1.0141782e+01		6.3328124e+02
4.8500000e+02		4.8600000e+02		4.8550000e+02		6.0369332e+02		6.0058286e+02		7.7914718e+02		6.0457668e+02		9.4494807e+00		5.9512720e+02
4.8600000e+02		4.8700000e+02		4.8650000e+02		5.2412565e+02		5.2148636e+02		6.7649966e+02		5.2492530e+02		8.1366332e+00		5.1678867e+02
4.8700000e+02		4.8800000e+02		4.8750000e+02		5.9966111e+02		5.9662782e+02		7.7393966e+02		6.0052922e+02		9.2308016e+00		5.9129842e+02
4.8800000e+02		4.8900000e+02		4.8850000e+02		6.3081686e+02		6.2765119e+02		8.1414328e+02		6.3172119e+02		9.6297382e+00		6.2209146e+02
4.8900000e+02		4.9000000e+02		4.8950000e+02		6.1880396e+02		6.1573144e+02		7.9864330e+02		6.1969093e+02		9.3682680e+00		6.1032267e+02
4.9000000e+02		4.9100000e+02		4.9050000e+02		6.5907671e+02		6.5585841e+02		8.5064965e+02		6.6004102e+02		9.8961480e+00		6.5014487e+02
4.9100000e+02		4.9200000e+02		4.9150000e+02		6.2110374e+02		6.1808883e+02		8.0162474e+02		6.2199785e+02		9.2488417e+00		6.1274901e+02
4.9200000e+02		4.9300000e+02		4.9250000e+02		5.9112858e+02		5.8832863e+02		7.6299124e+02		5.9201884e+02		8.7311265e+00		5.8328771e+02
4.9300000e+02		4.9400000e+02		4.9350000e+02		6.2472140e+02		6.2179355e+02		8.0635387e+02		6.2566148e+02		9.1516291e+00		6.1650985e+02
4.9400000e+02		4.9500000e+02		4.9450000e+02		6.4279699e+02		6.3981366e+02		8.2968473e+02		6.4376091e+02		9.3392942e+00		6.3442162e+02
4.9500000e+02		4.9600000e+02		4.9550000e+02		6.3133158e+02		6.2842556e+02		8.1488024e+02		6.3227067e+02		9.0976303e+00		6.2317304e+02
4.9600000e+02		4.9700000e+02		4.9650000e+02		6.3921352e+02		6.3629536e+02		8.2504810e+02		6.4015667e+02		9.1359616e+00		6.3102071e+02
4.9700000e+02		4.9800000e+02		4.9750000e+02		6.5113923e+02		6.4819096e+02		8.4043522e+02		6.5209225e+02		9.2305405e+00		6.4286171e+02
4.9800000e+02		4.9900000e+02		4.9850000e+02		5.9175801e+02		5.8909122e+02		7.6377398e+02		5.9260778e+02		8.3202841e+00		5.8428750e+02
4.9900000e+02		5.0000000e+02		4.9950000e+02		6.3385792e+02		6.3097886e+02		8.1804771e+02		6.3471458e+02		8.8387914e+00		6.2587578e+02
