Left Bin Edge (nm)	Right Bin Edge (nm)	Bin Center (nm)		Top of Atm Intensity (erg/s/nm/cm2)		Total Surface Flux (erg/s/nm/cm2)		Total Intensity at BOA (erg/s/nm/cm2)		Total Surface Intensity (erg/s/nm/cm2)		Total Surface Diffuse Intensity (erg/s/nm/cm2)		Total Surface Direct Intensity (erg/s/nm/cm2)
1.0000000e+02		1.0100000e+02		1.0050000e+02		1.9189487e-02		0.0000000e+00		0.0000000e+00		0.0000000e+00		0.0000000e+00		0.0000000e+00
1.0100000e+02		1.0200000e+02		1.0150000e+02		7.4861701e-02		0.0000000e+00		0.0000000e+00		0.0000000e+00		0.0000000e+00		0.0000000e+00
1.0200000e+02		1.0300000e+02		1.0250000e+02		3.9734366e-01		0.0000000e+00		0.0000000e+00		0.0000000e+00		0.0000000e+00		0.0000000e+00
1.0300000e+02		1.0400000e+02		1.0350000e+02		3.0179545e-01		0.0000000e+00		0.0000000e+00		0.0000000e+00		0.0000000e+00		0.0000000e+00
1.0400000e+02		1.0500000e+02		1.0450000e+02		6.0815352e-02		0.0000000e+00		0.0000000e+00		0.0000000e+00		0.0000000e+00		0.0000000e+00
1.0500000e+02		1.0600000e+02		1.0550000e+02		2.0834600e-02		0.0000000e+00		0.0000000e+00		0.0000000e+00		0.0000000e+00		0.0000000e+00
1.0600000e+02		1.0700000e+02		1.0650000e+02		1.9584792e-02		0.0000000e+00		0.0000000e+00		0.0000000e+00		0.0000000e+00		0.0000000e+00
1.0700000e+02		1.0800000e+02		1.0750000e+02		2.1853879e-02		0.0000000e+00		0.0000000e+00		0.0000000e+00		0.0000000e+00		0.0000000e+00
1.0800000e+02		1.0900000e+02		1.0850000e+02		3.0634999e-02		0.0000000e+00		0.0000000e+00		0.0000000e+00		0.0000000e+00		0.0000000e+00
1.0900000e+02		1.1000000e+02		1.0950000e+02		2.4032561e-02		0.0000000e+00		0.0000000e+00		0.0000000e+00		0.0000000e+00		0.0000000e+00
1.1000000e+02		1.1100000e+02		1.1050000e+02		2.3268893e-02		0.0000000e+00		0.0000000e+00		0.0000000e+00		0.0000000e+00		0.0000000e+00
1.1100000e+02		1.1200000e+02		1.1150000e+02		2.1871272e-02		0.0000000e+00		0.0000000e+00		0.0000000e+00		0.0000000e+00		0.0000000e+00
1.1200000e+02		1.1300000e+02		1.1250000e+02		2.2375602e-02		0.0000000e+00		0.0000000e+00		0.0000000e+00		0.0000000e+00		0.0000000e+00
1.1300000e+02		1.1400000e+02		1.1350000e+02		1.7748133e-02		0.0000000e+00		0.0000000e+00		0.0000000e+00		0.0000000e+00		0.0000000e+00
1.1400000e+02		1.1500000e+02		1.1450000e+02		1.3589480e-02		0.0000000e+00		0.0000000e+00		0.0000000e+00		0.0000000e+00		0.0000000e+00
1.1500000e+02		1.1600000e+02		1.1550000e+02		1.8751615e-02		0.0000000e+00		0.0000000e+00		0.0000000e+00		0.0000000e+00		0.0000000e+00
1.1600000e+02		1.1700000e+02		1.1650000e+02		4.3674487e-02		0.0000000e+00		0.0000000e+00		0.0000000e+00		0.0000000e+00		0.0000000e+00
1.1700000e+02		1.1800000e+02		1.1750000e+02		1.5546757e-01		0.0000000e+00		0.0000000e+00		0.0000000e+00		0.0000000e+00		0.0000000e+00
1.1800000e+02		1.1900000e+02		1.1850000e+02		5.2889236e-02		0.0000000e+00		0.0000000e+00		0.0000000e+00		0.0000000e+00		0.0000000e+00
1.1900000e+02		1.2000000e+02		1.1950000e+02		7.3692884e-02		0.0000000e+00		0.0000000e+00		0.0000000e+00		0.0000000e+00		0.0000000e+00
1.2000000e+02		1.2100000e+02		1.2050000e+02		4.0066072e-01		0.0000000e+00		0.0000000e+00		0.0000000e+00		0.0000000e+00		0.0000000e+00
1.2100000e+02		1.2200000e+02		1.2150000e+02		1.5905289e+01		0.0000000e+00		0.0000000e+00		0.0000000e+00		0.0000000e+00		0.0000000e+00
1.2200000e+02		1.2300000e+02		1.2250000e+02		1.0666543e-01		0.0000000e+00		0.0000000e+00		0.0000000e+00		0.0000000e+00		0.0000000e+00
1.2300000e+02		1.2400000e+02		1.2350000e+02		5.7456553e-02		0.0000000e+00		0.0000000e+00		0.0000000e+00		0.0000000e+00		0.0000000e+00
1.2400000e+02		1.2500000e+02		1.2450000e+02		4.6184197e-02		0.0000000e+00		0.0000000e+00		0.0000000e+00		0.0000000e+00		0.0000000e+00
1.2500000e+02		1.2600000e+02		1.2550000e+02		4.5085118e-02		0.0000000e+00		0.0000000e+00		0.0000000e+00		0.0000000e+00		0.0000000e+00
1.2600000e+02		1.2700000e+02		1.2650000e+02		6.3054464e-02		0.0000000e+00		0.0000000e+00		0.0000000e+00		0.0000000e+00		0.0000000e+00
1.2700000e+02		1.2800000e+02		1.2750000e+02		3.3006429e-02		0.0000000e+00		0.0000000e+00		0.0000000e+00		0.0000000e+00		0.0000000e+00
1.2800000e+02		1.2900000e+02		1.2850000e+02		2.6335196e-02		0.0000000e+00		0.0000000e+00		0.0000000e+00		0.0000000e+00		0.0000000e+00
1.2900000e+02		1.3000000e+02		1.2950000e+02		3.5131240e-02		0.0000000e+00		0.0000000e+00		0.0000000e+00		0.0000000e+00		0.0000000e+00
1.3000000e+02		1.3100000e+02		1.3050000e+02		2.8850634e-01		0.0000000e+00		0.0000000e+00		0.0000000e+00		0.0000000e+00		0.0000000e+00
1.3100000e+02		1.3200000e+02		1.3150000e+02		3.9064855e-02		0.0000000e+00		0.0000000e+00		0.0000000e+00		0.0000000e+00		0.0000000e+00
1.3200000e+02		1.3300000e+02		1.3250000e+02		3.0374778e-02		0.0000000e+00		0.0000000e+00		0.0000000e+00		0.0000000e+00		0.0000000e+00
1.3300000e+02		1.3400000e+02		1.3350000e+02		4.1056606e-01		0.0000000e+00		0.0000000e+00		0.0000000e+00		0.0000000e+00		0.0000000e+00
1.3400000e+02		1.3500000e+02		1.3450000e+02		2.8092500e-02		0.0000000e+00		0.0000000e+00		0.0000000e+00		0.0000000e+00		0.0000000e+00
1.3500000e+02		1.3600000e+02		1.3550000e+02		5.8954708e-02		0.0000000e+00		0.0000000e+00		0.0000000e+00		0.0000000e+00		0.0000000e+00
1.3600000e+02		1.3700000e+02		1.3650000e+02		3.8690656e-02		0.0000000e+00		0.0000000e+00		0.0000000e+00		0.0000000e+00		0.0000000e+00
1.3700000e+02		1.3800000e+02		1.3750000e+02		3.9732879e-02		0.0000000e+00		0.0000000e+00		0.0000000e+00		0.0000000e+00		0.0000000e+00
1.3800000e+02		1.3900000e+02		1.3850000e+02		4.0549866e-02		0.0000000e+00		0.0000000e+00		0.0000000e+00		0.0000000e+00		0.0000000e+00
1.3900000e+02		1.4000000e+02		1.3950000e+02		1.3692187e-01		0.0000000e+00		0.0000000e+00		0.0000000e+00		0.0000000e+00		0.0000000e+00
1.4000000e+02		1.4100000e+02		1.4050000e+02		1.1939088e-01		0.0000000e+00		0.0000000e+00		0.0000000e+00		0.0000000e+00		0.0000000e+00
1.4100000e+02		1.4200000e+02		1.4150000e+02		5.7521948e-02		0.0000000e+00		0.0000000e+00		0.0000000e+00		0.0000000e+00		0.0000000e+00
1.4200000e+02		1.4300000e+02		1.4250000e+02		6.2343151e-02		0.0000000e+00		0.0000000e+00		0.0000000e+00		0.0000000e+00		0.0000000e+00
1.4300000e+02		1.4400000e+02		1.4350000e+02		6.9165895e-02		0.0000000e+00		0.0000000e+00		0.0000000e+00		0.0000000e+00		0.0000000e+00
1.4400000e+02		1.4500000e+02		1.4450000e+02		6.6149126e-02		0.0000000e+00		0.0000000e+00		0.0000000e+00		0.0000000e+00		0.0000000e+00
1.4500000e+02		1.4600000e+02		1.4550000e+02		7.0536262e-02		0.0000000e+00		0.0000000e+00		0.0000000e+00		0.0000000e+00		0.0000000e+00
1.4600000e+02		1.4700000e+02		1.4650000e+02		8.6012655e-02		0.0000000e+00		0.0000000e+00		0.0000000e+00		0.0000000e+00		0.0000000e+00
1.4700000e+02		1.4800000e+02		1.4750000e+02		1.0610345e-01		0.0000000e+00		0.0000000e+00		0.0000000e+00		0.0000000e+00		0.0000000e+00
1.4800000e+02		1.4900000e+02		1.4850000e+02		1.0405386e-01		0.0000000e+00		0.0000000e+00		0.0000000e+00		0.0000000e+00		0.0000000e+00
1.4900000e+02		1.5000000e+02		1.4950000e+02		9.4002421e-02		0.0000000e+00		0.0000000e+00		0.0000000e+00		0.0000000e+00		0.0000000e+00
1.5000000e+02		1.5100000e+02		1.5050000e+02		1.0343288e-01		0.0000000e+00		0.0000000e+00		0.0000000e+00		0.0000000e+00		0.0000000e+00
1.5100000e+02		1.5200000e+02		1.5150000e+02		1.0875212e-01		0.0000000e+00		0.0000000e+00		0.0000000e+00		0.0000000e+00		0.0000000e+00
1.5200000e+02		1.5300000e+02		1.5250000e+02		1.3876638e-01		0.0000000e+00		0.0000000e+00		0.0000000e+00		0.0000000e+00		0.0000000e+00
1.5300000e+02		1.5400000e+02		1.5350000e+02		1.5371418e-01		0.0000000e+00		0.0000000e+00		0.0000000e+00		0.0000000e+00		0.0000000e+00
1.5400000e+02		1.5500000e+02		1.5450000e+02		4.1112511e-01		0.0000000e+00		0.0000000e+00		0.0000000e+00		0.0000000e+00		0.0000000e+00
1.5500000e+02		1.5600000e+02		1.5550000e+02		3.3836363e-01		0.0000000e+00		0.0000000e+00		0.0000000e+00		0.0000000e+00		0.0000000e+00
1.5600000e+02		1.5700000e+02		1.5650000e+02		2.0084632e-01		0.0000000e+00		0.0000000e+00		0.0000000e+00		0.0000000e+00		0.0000000e+00
1.5700000e+02		1.5800000e+02		1.5750000e+02		1.8216796e-01		0.0000000e+00		0.0000000e+00		0.0000000e+00		0.0000000e+00		0.0000000e+00
1.5800000e+02		1.5900000e+02		1.5850000e+02		1.6795176e-01		0.0000000e+00		0.0000000e+00		0.0000000e+00		0.0000000e+00		0.0000000e+00
1.5900000e+02		1.6000000e+02		1.5950000e+02		1.6379377e-01		0.0000000e+00		0.0000000e+00		0.0000000e+00		0.0000000e+00		0.0000000e+00
1.6000000e+02		1.6100000e+02		1.6050000e+02		1.7926410e-01		0.0000000e+00		0.0000000e+00		0.0000000e+00		0.0000000e+00		0.0000000e+00
1.6100000e+02		1.6200000e+02		1.6150000e+02		2.0306941e-01		0.0000000e+00		0.0000000e+00		0.0000000e+00		0.0000000e+00		0.0000000e+00
1.6200000e+02		1.6300000e+02		1.6250000e+02		2.2492895e-01		0.0000000e+00		0.0000000e+00		0.0000000e+00		0.0000000e+00		0.0000000e+00
1.6300000e+02		1.6400000e+02		1.6350000e+02		4.7671727e-01		0.0000000e+00		0.0000000e+00		0.0000000e+00		0.0000000e+00		0.0000000e+00
1.6400000e+02		1.6500000e+02		1.6450000e+02		4.8753270e-01		0.0000000e+00		0.0000000e+00		0.0000000e+00		0.0000000e+00		0.0000000e+00
1.6500000e+02		1.6600000e+02		1.6550000e+02		5.7072689e-01		0.0000000e+00		0.0000000e+00		0.0000000e+00		0.0000000e+00		0.0000000e+00
1.6600000e+02		1.6700000e+02		1.6650000e+02		2.6919628e-01		0.0000000e+00		0.0000000e+00		0.0000000e+00		0.0000000e+00		0.0000000e+00
1.6700000e+02		1.6800000e+02		1.6750000e+02		2.8728373e-01		0.0000000e+00		0.0000000e+00		0.0000000e+00		0.0000000e+00		0.0000000e+00
1.6800000e+02		1.6900000e+02		1.6850000e+02		3.0958866e-01		0.0000000e+00		0.0000000e+00		0.0000000e+00		0.0000000e+00		0.0000000e+00
1.6900000e+02		1.7000000e+02		1.6950000e+02		3.8988989e-01		0.0000000e+00		0.0000000e+00		0.0000000e+00		0.0000000e+00		0.0000000e+00
1.7000000e+02		1.7100000e+02		1.7050000e+02		4.3752516e-01		0.0000000e+00		0.0000000e+00		0.0000000e+00		0.0000000e+00		0.0000000e+00
1.7100000e+02		1.7200000e+02		1.7150000e+02		4.3618394e-01		0.0000000e+00		0.0000000e+00		0.0000000e+00		0.0000000e+00		0.0000000e+00
1.7200000e+02		1.7300000e+02		1.7250000e+02		4.5514763e-01		0.0000000e+00		0.0000000e+00		0.0000000e+00		0.0000000e+00		0.0000000e+00
1.7300000e+02		1.7400000e+02		1.7350000e+02		4.5120572e-01		0.0000000e+00		0.0000000e+00		0.0000000e+00		0.0000000e+00		0.0000000e+00
1.7400000e+02		1.7500000e+02		1.7450000e+02		5.3951828e-01		0.0000000e+00		0.0000000e+00		0.0000000e+00		0.0000000e+00		0.0000000e+00
1.7500000e+02		1.7600000e+02		1.7550000e+02		6.4389120e-01		0.0000000e+00		0.0000000e+00		0.0000000e+00		0.0000000e+00		0.0000000e+00
1.7600000e+02		1.7700000e+02		1.7650000e+02		6.9472845e-01		0.0000000e+00		0.0000000e+00		0.0000000e+00		0.0000000e+00		0.0000000e+00
1.7700000e+02		1.7800000e+02		1.7750000e+02		8.1849614e-01		0.0000000e+00		0.0000000e+00		0.0000000e+00		0.0000000e+00		0.0000000e+00
1.7800000e+02		1.7900000e+02		1.7850000e+02		8.9455089e-01		0.0000000e+00		0.0000000e+00		0.0000000e+00		0.0000000e+00		0.0000000e+00
1.7900000e+02		1.8000000e+02		1.7950000e+02		8.6966614e-01		0.0000000e+00		0.0000000e+00		0.0000000e+00		0.0000000e+00		0.0000000e+00
1.8000000e+02		1.8100000e+02		1.8050000e+02		1.0753674e+00		0.0000000e+00		0.0000000e+00		0.0000000e+00		0.0000000e+00		0.0000000e+00
1.8100000e+02		1.8200000e+02		1.8150000e+02		1.3093431e+00		0.0000000e+00		0.0000000e+00		0.0000000e+00		0.0000000e+00		0.0000000e+00
1.8200000e+02		1.8300000e+02		1.8250000e+02		1.2087370e+00		0.0000000e+00		0.0000000e+00		0.0000000e+00		0.0000000e+00		0.0000000e+00
1.8300000e+02		1.8400000e+02		1.8350000e+02		1.2728289e+00		0.0000000e+00		0.0000000e+00		0.0000000e+00		0.0000000e+00		0.0000000e+00
1.8400000e+02		1.8500000e+02		1.8450000e+02		1.0940339e+00		0.0000000e+00		0.0000000e+00		0.0000000e+00		0.0000000e+00		0.0000000e+00
1.8500000e+02		1.8600000e+02		1.8550000e+02		1.2372281e+00		0.0000000e+00		0.0000000e+00		0.0000000e+00		0.0000000e+00		0.0000000e+00
1.8600000e+02		1.8700000e+02		1.8650000e+02		1.4037992e+00		0.0000000e+00		0.0000000e+00		0.0000000e+00		0.0000000e+00		0.0000000e+00
1.8700000e+02		1.8800000e+02		1.8750000e+02		1.5907538e+00		0.0000000e+00		0.0000000e+00		0.0000000e+00		0.0000000e+00		0.0000000e+00
1.8800000e+02		1.8900000e+02		1.8850000e+02		1.6735993e+00		0.0000000e+00		0.0000000e+00		0.0000000e+00		0.0000000e+00		0.0000000e+00
1.8900000e+02		1.9000000e+02		1.8950000e+02		1.8559600e+00		0.0000000e+00		0.0000000e+00		0.0000000e+00		0.0000000e+00		0.0000000e+00
1.9000000e+02		1.9100000e+02		1.9050000e+02		1.9109940e+00		0.0000000e+00		0.0000000e+00		0.0000000e+00		0.0000000e+00		0.0000000e+00
1.9100000e+02		1.9200000e+02		1.9150000e+02		2.0707336e+00		0.0000000e+00		0.0000000e+00		0.0000000e+00		0.0000000e+00		0.0000000e+00
1.9200000e+02		1.9300000e+02		1.9250000e+02		2.1685186e+00		0.0000000e+00		0.0000000e+00		0.0000000e+00		0.0000000e+00		0.0000000e+00
1.9300000e+02		1.9400000e+02		1.9350000e+02		1.6554009e+00		0.0000000e+00		0.0000000e+00		0.0000000e+00		0.0000000e+00		0.0000000e+00
1.9400000e+02		1.9500000e+02		1.9450000e+02		2.6556632e+00		0.0000000e+00		0.0000000e+00		0.0000000e+00		0.0000000e+00		0.0000000e+00
1.9500000e+02		1.9600000e+02		1.9550000e+02		2.5630279e+00		0.0000000e+00		0.0000000e+00		0.0000000e+00		0.0000000e+00		0.0000000e+00
1.9600000e+02		1.9700000e+02		1.9650000e+02		2.8204934e+00		0.0000000e+00		0.0000000e+00		0.0000000e+00		0.0000000e+00		0.0000000e+00
1.9700000e+02		1.9800000e+02		1.9750000e+02		2.8068384e+00		0.0000000e+00		0.0000000e+00		0.0000000e+00		0.0000000e+00		0.0000000e+00
1.9800000e+02		1.9900000e+02		1.9850000e+02		2.7505577e+00		0.0000000e+00		0.0000000e+00		0.0000000e+00		0.0000000e+00		0.0000000e+00
1.9900000e+02		2.0000000e+02		1.9950000e+02		2.8965557e+00		0.0000000e+00		0.0000000e+00		0.0000000e+00		0.0000000e+00		0.0000000e+00
2.0000000e+02		2.0100000e+02		2.0050000e+02		3.0623388e+00		0.0000000e+00		0.0000000e+00		0.0000000e+00		0.0000000e+00		0.0000000e+00
2.0100000e+02		2.0200000e+02		2.0150000e+02		3.2593670e+00		0.0000000e+00		0.0000000e+00		0.0000000e+00		0.0000000e+00		0.0000000e+00
2.0200000e+02		2.0300000e+02		2.0250000e+02		3.2217937e+00		0.0000000e+00		0.0000000e+00		0.0000000e+00		0.0000000e+00		0.0000000e+00
2.0300000e+02		2.0400000e+02		2.0350000e+02		3.4484145e+00		0.0000000e+00		0.0000000e+00		0.0000000e+00		0.0000000e+00		0.0000000e+00
2.0400000e+02		2.0500000e+02		2.0450000e+02		3.7117169e+00		0.0000000e+00		0.0000000e+00		0.0000000e+00		0.0000000e+00		0.0000000e+00
2.0500000e+02		2.0600000e+02		2.0550000e+02		3.7200399e+00		0.0000000e+00		0.0000000e+00		0.0000000e+00		0.0000000e+00		0.0000000e+00
2.0600000e+02		2.0700000e+02		2.0650000e+02		3.7247532e+00		0.0000000e+00		0.0000000e+00		0.0000000e+00		0.0000000e+00		0.0000000e+00
2.0700000e+02		2.0800000e+02		2.0750000e+02		4.0454145e+00		0.0000000e+00		0.0000000e+00		0.0000000e+00		0.0000000e+00		0.0000000e+00
2.0800000e+02		2.0900000e+02		2.0850000e+02		4.3759554e+00		0.0000000e+00		0.0000000e+00		0.0000000e+00		0.0000000e+00		0.0000000e+00
2.0900000e+02		2.1000000e+02		2.0950000e+02		5.6528678e+00		0.0000000e+00		0.0000000e+00		0.0000000e+00		0.0000000e+00		0.0000000e+00
2.1000000e+02		2.1100000e+02		2.1050000e+02		6.9678423e+00		0.0000000e+00		0.0000000e+00		0.0000000e+00		0.0000000e+00		0.0000000e+00
2.1100000e+02		2.1200000e+02		2.1150000e+02		7.9326445e+00		0.0000000e+00		0.0000000e+00		0.0000000e+00		0.0000000e+00		0.0000000e+00
2.1200000e+02		2.1300000e+02		2.1250000e+02		7.0734222e+00		0.0000000e+00		0.0000000e+00		0.0000000e+00		0.0000000e+00		0.0000000e+00
2.1300000e+02		2.1400000e+02		2.1350000e+02		7.2066449e+00		0.0000000e+00		0.0000000e+00		0.0000000e+00		0.0000000e+00		0.0000000e+00
2.1400000e+02		2.1500000e+02		2.1450000e+02		9.2279181e+00		0.0000000e+00		0.0000000e+00		0.0000000e+00		0.0000000e+00		0.0000000e+00
2.1500000e+02		2.1600000e+02		2.1550000e+02		7.9257408e+00		0.0000000e+00		0.0000000e+00		0.0000000e+00		0.0000000e+00		0.0000000e+00
2.1600000e+02		2.1700000e+02		2.1650000e+02		7.3353469e+00		0.0000000e+00		0.0000000e+00		0.0000000e+00		0.0000000e+00		0.0000000e+00
2.1700000e+02		2.1800000e+02		2.1750000e+02		7.5953881e+00		0.0000000e+00		0.0000000e+00		0.0000000e+00		0.0000000e+00		0.0000000e+00
2.1800000e+02		2.1900000e+02		2.1850000e+02		1.0217230e+01		0.0000000e+00		0.0000000e+00		0.0000000e+00		0.0000000e+00		0.0000000e+00
2.1900000e+02		2.2000000e+02		2.1950000e+02		1.0786519e+01		0.0000000e+00		0.0000000e+00		0.0000000e+00		0.0000000e+00		0.0000000e+00
2.2000000e+02		2.2100000e+02		2.2050000e+02		1.0851638e+01		0.0000000e+00		0.0000000e+00		0.0000000e+00		0.0000000e+00		0.0000000e+00
2.2100000e+02		2.2200000e+02		2.2150000e+02		8.6872371e+00		0.0000000e+00		0.0000000e+00		0.0000000e+00		0.0000000e+00		0.0000000e+00
2.2200000e+02		2.2300000e+02		2.2250000e+02		1.1691346e+01		0.0000000e+00		0.0000000e+00		0.0000000e+00		0.0000000e+00		0.0000000e+00
2.2300000e+02		2.2400000e+02		2.2350000e+02		1.5139682e+01		0.0000000e+00		0.0000000e+00		0.0000000e+00		0.0000000e+00		0.0000000e+00
2.2400000e+02		2.2500000e+02		2.2450000e+02		1.4154944e+01		0.0000000e+00		0.0000000e+00		0.0000000e+00		0.0000000e+00		0.0000000e+00
2.2500000e+02		2.2600000e+02		2.2550000e+02		1.2365614e+01		0.0000000e+00		0.0000000e+00		0.0000000e+00		0.0000000e+00		0.0000000e+00
2.2600000e+02		2.2700000e+02		2.2650000e+02		9.0577089e+00		0.0000000e+00		0.0000000e+00		0.0000000e+00		0.0000000e+00		0.0000000e+00
2.2700000e+02		2.2800000e+02		2.2750000e+02		8.8108381e+00		0.0000000e+00		0.0000000e+00		0.0000000e+00		0.0000000e+00		0.0000000e+00
2.2800000e+02		2.2900000e+02		2.2850000e+02		1.2275156e+01		0.0000000e+00		0.0000000e+00		0.0000000e+00		0.0000000e+00		0.0000000e+00
2.2900000e+02		2.3000000e+02		2.2950000e+02		1.1031259e+01		0.0000000e+00		0.0000000e+00		0.0000000e+00		0.0000000e+00		0.0000000e+00
2.3000000e+02		2.3100000e+02		2.3050000e+02		1.2510180e+01		0.0000000e+00		0.0000000e+00		0.0000000e+00		0.0000000e+00		0.0000000e+00
2.3100000e+02		2.3200000e+02		2.3150000e+02		1.1791833e+01		0.0000000e+00		0.0000000e+00		0.0000000e+00		0.0000000e+00		0.0000000e+00
2.3200000e+02		2.3300000e+02		2.3250000e+02		1.2664003e+01		0.0000000e+00		0.0000000e+00		0.0000000e+00		0.0000000e+00		0.0000000e+00
2.3300000e+02		2.3400000e+02		2.3350000e+02		1.1428554e+01		0.0000000e+00		0.0000000e+00		0.0000000e+00		0.0000000e+00		0.0000000e+00
2.3400000e+02		2.3500000e+02		2.3450000e+02		9.9864853e+00		0.0000000e+00		0.0000000e+00		0.0000000e+00		0.0000000e+00		0.0000000e+00
2.3500000e+02		2.3600000e+02		2.3550000e+02		1.3443360e+01		0.0000000e+00		0.0000000e+00		0.0000000e+00		0.0000000e+00		0.0000000e+00
2.3600000e+02		2.3700000e+02		2.3650000e+02		1.2448020e+01		0.0000000e+00		0.0000000e+00		0.0000000e+00		0.0000000e+00		0.0000000e+00
2.3700000e+02		2.3800000e+02		2.3750000e+02		1.3294723e+01		0.0000000e+00		0.0000000e+00		0.0000000e+00		0.0000000e+00		0.0000000e+00
2.3800000e+02		2.3900000e+02		2.3850000e+02		1.1021422e+01		0.0000000e+00		0.0000000e+00		0.0000000e+00		0.0000000e+00		0.0000000e+00
2.3900000e+02		2.4000000e+02		2.3950000e+02		1.2008577e+01		0.0000000e+00		0.0000000e+00		0.0000000e+00		0.0000000e+00		0.0000000e+00
2.4000000e+02		2.4100000e+02		2.4050000e+02		1.1032163e+01		0.0000000e+00		0.0000000e+00		0.0000000e+00		0.0000000e+00		0.0000000e+00
2.4100000e+02		2.4200000e+02		2.4150000e+02		1.2918879e+01		7.3118349e-288		0.0000000e+00		7.3135193e-288		3.9852694e-291		7.3095340e-288
2.4200000e+02		2.4300000e+02		2.4250000e+02		1.7782729e+01		3.4595643e-245		0.0000000e+00		3.4604903e-245		2.1910619e-248		3.4582992e-245
2.4300000e+02		2.4400000e+02		2.4350000e+02		1.6701989e+01		6.3887787e-209		0.0000000e+00		6.3907695e-209		4.7102235e-212		6.3860593e-209
2.4400000e+02		2.4500000e+02		2.4450000e+02		1.5641720e+01		5.9061088e-178		0.0000000e+00		5.9082561e-178		5.0806129e-181		5.9031755e-178
2.4500000e+02		2.4600000e+02		2.4550000e+02		1.2691134e+01		1.1612042e-150		0.0000000e+00		1.1617016e-150		1.1766733e-153		1.1605249e-150
2.4600000e+02		2.4700000e+02		2.4650000e+02		1.2350906e+01		1.4898152e-127		0.0000000e+00		1.4905685e-127		1.7823418e-130		1.4887861e-127
2.4700000e+02		2.4800000e+02		2.4750000e+02		1.3639226e+01		1.8087720e-107		0.0000000e+00		1.8098615e-107		2.5778418e-110		1.8072837e-107
2.4800000e+02		2.4900000e+02		2.4850000e+02		1.0938846e+01		2.2087758e-90		2.1601235e-87		2.2103744e-90		3.7823254e-93		2.2065921e-90
2.4900000e+02		2.5000000e+02		2.4950000e+02		1.3333262e+01		5.3382248e-76		1.4957053e-73		5.3428839e-76		1.1023476e-78		5.3318604e-76
2.5000000e+02		2.5100000e+02		2.5050000e+02		1.4401571e+01		3.0020805e-64		3.0216338e-62		3.0052441e-64		7.4852608e-67		2.9977589e-64
2.5100000e+02		2.5200000e+02		2.5150000e+02		1.2007424e+01		5.8368796e-55		2.5912861e-53		5.8442774e-55		1.7503362e-57		5.8267740e-55
2.5200000e+02		2.5300000e+02		2.5250000e+02		1.0794009e+01		2.9078557e-47		6.5574206e-46		2.9123013e-47		1.0518510e-49		2.9017828e-47
2.5300000e+02		2.5400000e+02		2.5350000e+02		1.3602371e+01		8.9750052e-41		1.1591000e-39		8.9916176e-41		3.9305338e-43		8.9523123e-41
2.5400000e+02		2.5500000e+02		2.5450000e+02		1.5384114e+01		1.7455047e-35		1.5483117e-34		1.7569346e-35		2.7043604e-37		1.7298910e-35
2.5500000e+02		2.5600000e+02		2.5550000e+02		2.0992062e+01		2.0095020e-30		4.9970290e-29		3.1119913e-30		2.6085175e-30		5.0347375e-31
2.5600000e+02		2.5700000e+02		2.5650000e+02		2.7040612e+01		1.4318298e-24		2.4876796e-23		2.4780603e-24		2.4754080e-24		2.6523000e-27
2.5700000e+02		2.5800000e+02		2.5750000e+02		3.3946512e+01		1.3015300e-19		1.4452409e-18		2.2542932e-19		2.2542618e-19		3.1384954e-24
2.5800000e+02		2.5900000e+02		2.5850000e+02		3.5732434e+01		1.6316951e-15		1.2455156e-14		2.8261782e-15		2.8261772e-15		9.6352078e-22
2.5900000e+02		2.6000000e+02		2.5950000e+02		3.0409976e+01		3.0039463e-26		6.0989685e-25		5.1828180e-26		5.1552659e-26		2.7552110e-28
2.6000000e+02		2.6100000e+02		2.6050000e+02		2.4915606e+01		4.3184842e-34		4.0840201e-33		4.4015351e-34		1.9650067e-35		4.2050344e-34
2.6100000e+02		2.6200000e+02		2.6150000e+02		2.5442742e+01		7.8606908e-33		1.0493401e-31		8.5928524e-33		1.7323129e-33		6.8605394e-33
2.6200000e+02		2.6300000e+02		2.6250000e+02		3.0366547e+01		1.2866876e-30		3.0223242e-29		1.8900841e-30		1.4276514e-30		4.6243262e-31
2.6300000e+02		2.6400000e+02		2.6350000e+02		4.5700096e+01		5.4946998e-31		1.1685772e-29		7.4553239e-31		4.6388863e-31		2.8164375e-31
2.6400000e+02		2.6500000e+02		2.6450000e+02		7.1249372e+01		4.7057705e-25		8.8786860e-24		8.1337050e-25		8.1105802e-25		2.3124791e-27
2.6500000e+02		2.6600000e+02		2.6550000e+02		7.4731454e+01		3.0062945e-24		5.2826859e-23		5.2017114e-24		5.1944122e-24		7.2992163e-27
2.6600000e+02		2.6700000e+02		2.6650000e+02		7.2446611e+01		2.5282342e-24		4.4685307e-23		4.3739425e-24		4.3669926e-24		6.9499051e-27
2.6700000e+02		2.6800000e+02		2.6750000e+02		7.2937204e+01		5.8068402e-21		7.5352476e-20		1.0057179e-20		1.0056410e-20		7.6946369e-25
2.6800000e+02		2.6900000e+02		2.6850000e+02		7.2239021e+01		2.6060556e-18		2.6472367e-17		4.5137974e-18		4.5137657e-18		3.1710111e-23
2.6900000e+02		2.7000000e+02		2.6950000e+02		6.7758000e+01		2.3009094e-19		2.5697975e-18		3.9852363e-19		3.9851602e-19		7.6141369e-24
2.7000000e+02		2.7100000e+02		2.7050000e+02		7.8281462e+01		2.0531495e-18		2.1133551e-17		3.5561358e-18		3.5561037e-18		3.2124798e-23
2.7100000e+02		2.7200000e+02		2.7150000e+02		6.5051220e+01		3.6312298e-20		4.3594337e-19		6.2892980e-20		6.2890568e-20		2.4123077e-24
2.7200000e+02		2.7300000e+02		2.7250000e+02		5.2331568e+01		1.8956784e-16		1.6025241e-15		3.2834082e-16		3.2834039e-16		4.3221910e-22
2.7300000e+02		2.7400000e+02		2.7350000e+02		5.5800645e+01		6.8897901e-16		5.5463121e-15		1.1933459e-15		1.1933450e-15		9.7366669e-22
2.7400000e+02		2.7500000e+02		2.7450000e+02		3.8398649e+01		1.2366518e-15		9.5820792e-15		2.1419428e-15		2.1419416e-15		1.2075106e-21
2.7500000e+02		2.7600000e+02		2.7550000e+02		5.1208696e+01		5.5532866e-18		5.4007686e-17		9.6185374e-18		9.6184866e-18		5.0783924e-23
2.7600000e+02		2.7700000e+02		2.7650000e+02		7.1318275e+01		8.3226081e-17		7.3622100e-16		1.4415157e-16		1.4415126e-16		3.1476192e-22
2.7700000e+02		2.7800000e+02		2.7750000e+02		6.8188493e+01		2.7810761e-14		1.9476518e-13		4.8169645e-14		4.8169635e-14		9.9181866e-21
2.7800000e+02		2.7900000e+02		2.7850000e+02		4.7024496e+01		5.7911995e-14		3.8815260e-13		1.0030651e-13		1.0030649e-13		1.3460991e-20
2.7900000e+02		2.8000000e+02		2.7950000e+02		2.6422560e+01		1.2918061e-15		9.8453729e-15		2.2374730e-15		2.2374719e-15		1.1213064e-21
2.8000000e+02		2.8100000e+02		2.8050000e+02		2.8982131e+01		5.8915725e-17		5.0980210e-16		1.0204489e-16		1.0204471e-16		1.8591388e-22
2.8100000e+02		2.8200000e+02		2.8150000e+02		6.0033324e+01		2.1989093e-15		1.6956636e-14		3.8086210e-15		3.8086187e-15		2.2953882e-21
2.8200000e+02		2.8300000e+02		2.8250000e+02		8.1733762e+01		1.9088249e-14		1.3674054e-13		3.3061810e-14		3.3061801e-14		9.8468059e-21
2.8300000e+02		2.8400000e+02		2.8350000e+02		8.4433091e+01		5.9198714e-14		4.0598037e-13		1.0253517e-13		1.0253515e-13		2.0487327e-20
2.8400000e+02		2.8500000e+02		2.8450000e+02		6.2255376e+01		8.3320859e-13		5.0821699e-12		1.4431596e-12		1.4431595e-12		8.6353147e-20
2.8500000e+02		2.8600000e+02		2.8550000e+02		4.0018063e+01		2.0772154e-13		1.3154603e-12		3.5978424e-13		3.5978421e-13		3.1288804e-20
2.8600000e+02		2.8700000e+02		2.8650000e+02		8.2001717e+01		2.7215323e-12		1.6016250e-11		4.7138321e-12		4.7138319e-12		2.0836139e-19
2.8700000e+02		2.8800000e+02		2.8750000e+02		9.5189148e+01		5.3484199e-13		3.3766930e-12		9.2637344e-13		9.2637336e-13		8.0474325e-20
2.8800000e+02		2.8900000e+02		2.8850000e+02		9.0460934e+01		3.3363983e-13		2.1422333e-12		5.7788109e-13		5.7788103e-13		6.2371232e-20
2.8900000e+02		2.9000000e+02		2.8950000e+02		1.3728321e+02		2.1926309e-14		1.5946267e-13		3.7977471e-14		3.7977458e-14		1.3346017e-20
2.9000000e+02		2.9100000e+02		2.9050000e+02		1.8023325e+02		1.5127954e-15		1.2374076e-14		2.6202363e-15		2.6202332e-15		3.0493378e-21
2.9100000e+02		2.9200000e+02		2.9150000e+02		1.7359450e+02		2.5699732e-15		2.0553909e-14		4.4513210e-15		4.4513167e-15		4.3312826e-21
2.9200000e+02		2.9300000e+02		2.9250000e+02		1.5421676e+02		7.2152377e-14		5.0297385e-13		1.2497156e-13		1.2497153e-13		3.2544869e-20
2.9300000e+02		2.9400000e+02		2.9350000e+02		1.6099986e+02		1.3885248e-11		7.8701361e-11		2.4049954e-11		2.4049954e-11		7.9248050e-19
2.9400000e+02		2.9500000e+02		2.9450000e+02		1.4991794e+02		2.9689865e-16		2.5733805e-15		5.1424270e-16		5.1424154e-16		1.1568445e-21
2.9500000e+02		2.9600000e+02		2.9550000e+02		1.6232431e+02		1.9447515e-12		1.1918317e-11		3.3684083e-12		3.3684080e-12		2.4256006e-19
2.9600000e+02		2.9700000e+02		2.9650000e+02		1.4851381e+02		5.0658133e-10		2.4840723e-09		8.7742459e-10		8.7742458e-10		6.8514261e-18
2.9700000e+02		2.9800000e+02		2.9750000e+02		1.5140866e+02		1.3083758e-11		7.4164095e-11		2.2661733e-11		2.2661732e-11		7.9254591e-19
2.9800000e+02		2.9900000e+02		2.9850000e+02		1.3012850e+02		1.3266286e-12		8.1820460e-12		2.2977879e-12		2.2977878e-12		1.7559139e-19
2.9900000e+02		3.0000000e+02		2.9950000e+02		1.4682541e+02		2.3482616e-13		1.5593663e-12		4.0673079e-13		4.0673072e-13		7.2302291e-20
3.0000000e+02		3.0100000e+02		3.0050000e+02		1.1681452e+02		5.9459735e-12		3.4414539e-11		1.0298728e-11		1.0298727e-11		4.3810799e-19
3.0100000e+02		3.0200000e+02		3.0150000e+02		1.3434477e+02		2.4060535e-12		1.4515775e-11		4.1674067e-12		4.1674064e-12		2.7968252e-19
3.0200000e+02		3.0300000e+02		3.0250000e+02		1.4142283e+02		2.4533339e-11		1.3529863e-10		4.2492989e-11		4.2492988e-11		1.1733815e-18
3.0300000e+02		3.0400000e+02		3.0350000e+02		1.8342160e+02		1.2118008e-13		8.3347976e-13		2.0989001e-13		2.0988996e-13		5.3423348e-20
3.0400000e+02		3.0500000e+02		3.0450000e+02		1.7556728e+02		2.0723680e-10		1.0596936e-09		3.5894467e-10		3.5894466e-10		4.7120662e-18
3.0500000e+02		3.0600000e+02		3.0550000e+02		1.7728071e+02		2.0100431e-09		9.4052984e-09		3.4814968e-09		3.4814968e-09		1.8890466e-17
3.0600000e+02		3.0700000e+02		3.0650000e+02		1.6814926e+02		1.9018596e-08		8.1355141e-08		3.2941175e-08		3.2941175e-08		7.2181937e-17
3.0700000e+02		3.0800000e+02		3.0750000e+02		1.8878816e+02		1.9148932e-11		1.0787751e-10		3.3166922e-11		3.3166920e-11		1.1844175e-18
3.0800000e+02		3.0900000e+02		3.0850000e+02		1.8529086e+02		1.2741208e-10		6.6566564e-10		2.2068420e-10		2.2068419e-10		3.8805149e-18
3.0900000e+02		3.1000000e+02		3.0950000e+02		1.5026991e+02		8.5420235e-09		3.7527312e-08		1.4795219e-08		1.4795219e-08		4.1742941e-17
3.1000000e+02		3.1100000e+02		3.1050000e+02		1.8913229e+02		2.7737007e-10		1.4064089e-09		4.8041906e-10		4.8041905e-10		6.0843782e-18
3.1100000e+02		3.1200000e+02		3.1150000e+02		2.2495083e+02		3.4300625e-09		1.5866484e-08		5.9410425e-09		5.9410425e-09		3.0361042e-17
3.1200000e+02		3.1300000e+02		3.1250000e+02		2.0030306e+02		8.0312276e-12		4.6943433e-11		1.3910494e-11		1.3910493e-11		7.6290856e-19
3.1300000e+02		3.1400000e+02		3.1350000e+02		2.1331645e+02		4.7598381e-08		1.9832024e-07		8.2442813e-08		8.2442813e-08		1.4483258e-16
3.1400000e+02		3.1500000e+02		3.1450000e+02		2.0119548e+02		6.6689829e-10		3.2752556e-09		1.1551017e-09		1.1551017e-09		1.1177597e-17
3.1500000e+02		3.1600000e+02		3.1550000e+02		1.9522773e+02		9.0733597e-12		5.2727132e-11		1.5715519e-11		1.5715519e-11		8.2137688e-19
3.1600000e+02		3.1700000e+02		3.1650000e+02		1.9043254e+02		1.9429468e-13		1.3138590e-12		3.3652820e-13		3.3652812e-13		8.0653294e-20
3.1700000e+02		3.1800000e+02		3.1750000e+02		2.4155434e+02		9.8900718e-12		5.7773119e-11		1.7130106e-11		1.7130105e-11		9.9947989e-19
3.1800000e+02		3.1900000e+02		3.1850000e+02		1.9952276e+02		2.0569336e-12		1.2688749e-11		3.5627133e-12		3.5627129e-12		3.4443406e-19
3.1900000e+02		3.2000000e+02		3.1950000e+02		2.1430874e+02		1.6296277e-13		1.1151447e-12		2.8225974e-13		2.8225966e-13		8.0377442e-20
3.2000000e+02		3.2100000e+02		3.2050000e+02		2.4621307e+02		4.1247143e-11		2.2787935e-10		7.1442145e-11		7.1442143e-11		2.3816993e-18
3.2100000e+02		3.2200000e+02		3.2150000e+02		2.0677326e+02		1.0155702e-19		1.2281233e-18		1.7589243e-19		1.7587946e-19		1.2970294e-23
3.2200000e+02		3.2300000e+02		3.2250000e+02		2.0765168e+02		1.1899220e-10		6.2623668e-10		2.0610053e-10		2.0610052e-10		4.2039170e-18
3.2300000e+02		3.2400000e+02		3.2350000e+02		2.0066974e+02		4.6698299e-13		3.0562344e-12		8.0883817e-13		8.0883802e-13		1.4461261e-19
3.2400000e+02		3.2500000e+02		3.2450000e+02		2.3629853e+02		5.8726859e-13		3.8331765e-12		1.0171789e-12		1.0171787e-12		1.7410756e-19
3.2500000e+02		3.2600000e+02		3.2550000e+02		2.7209498e+02		1.1252357e-28		2.5000820e-27		1.6830709e-28		1.3198524e-28		3.6321854e-29
3.2600000e+02		3.2700000e+02		3.2650000e+02		3.0699214e+02		4.2777819e-11		2.3805474e-10		7.4093353e-11		7.4093351e-11		2.6687943e-18
3.2700000e+02		3.2800000e+02		3.2750000e+02		2.9701525e+02		3.1444398e-12		1.9378497e-11		5.4463291e-12		5.4463286e-12		5.4412772e-19
3.2800000e+02		3.2900000e+02		3.2850000e+02		2.8673370e+02		2.2223604e-13		1.5194918e-12		3.8492403e-13		3.8492392e-13		1.0835546e-19
3.2900000e+02		3.3000000e+02		3.2950000e+02		3.3379807e+02		1.2979033e-16		1.2018825e-15		2.2480246e-16		2.2480112e-16		1.3396314e-21
3.3000000e+02		3.3100000e+02		3.3050000e+02		3.1443449e+02		4.6688516e-24		8.5388107e-23		8.0599826e-24		8.0235020e-24		3.6480586e-26
3.3100000e+02		3.3200000e+02		3.3150000e+02		3.0087994e+02		2.8319696e-07		1.1164177e-06		4.9051153e-07		4.9051153e-07		5.7853094e-16
3.3200000e+02		3.3300000e+02		3.3250000e+02		2.9519831e+02		7.4658678e-09		3.3865381e-08		1.2931262e-08		1.2931262e-08		6.1725419e-17
3.3300000e+02		3.3400000e+02		3.3350000e+02		2.8364288e+02		3.1893374e-10		1.6350633e-09		5.5240944e-10		5.5240943e-10		9.8535548e-18
3.3400000e+02		3.3500000e+02		3.3450000e+02		2.9883003e+02		3.9965274e-12		2.4410905e-11		6.9221879e-12		6.9221872e-12		7.0420070e-19
3.3500000e+02		3.3600000e+02		3.3550000e+02		2.9511053e+02		6.5690551e-12		3.9318584e-11		1.1377937e-11		1.1377936e-11		9.2705674e-19
3.3600000e+02		3.3700000e+02		3.3650000e+02		2.4313126e+02		3.1630909e-12		1.9340460e-11		5.4786338e-12		5.4786332e-12		5.5922451e-19
3.3700000e+02		3.3800000e+02		3.3750000e+02		2.5649874e+02		4.9513712e-11		2.7205764e-10		8.5760262e-11		8.5760259e-11		2.9107676e-18
3.3800000e+02		3.3900000e+02		3.3850000e+02		2.7748673e+02		6.9555020e-09		3.1562153e-08		1.2047283e-08		1.2047283e-08		5.8971891e-17
3.3900000e+02		3.4000000e+02		3.3950000e+02		2.9040264e+02		9.9096602e-11		5.3245975e-10		1.7164035e-10		1.7164034e-10		4.8886526e-18
3.4000000e+02		3.4100000e+02		3.4050000e+02		3.0654056e+02		5.8210920e-14		4.2100173e-13		1.0082423e-13		1.0082418e-13		5.2836439e-20
3.4100000e+02		3.4200000e+02		3.4150000e+02		2.7979685e+02		3.3184405e-29		6.5769007e-28		4.5372161e-29		2.8836540e-29		1.6535621e-29
3.4200000e+02		3.4300000e+02		3.4250000e+02		3.0344565e+02		4.6456177e-15		3.7158857e-14		8.0464368e-15		8.0464244e-15		1.2404895e-20
3.4300000e+02		3.4400000e+02		3.4350000e+02		2.9822260e+02		7.9648745e-23		1.3014854e-21		1.3778571e-22		1.3755354e-22		2.3217218e-25
3.4400000e+02		3.4500000e+02		3.4450000e+02		2.3986676e+02		3.2134823e-15		2.5840495e-14		5.5659080e-15		5.5658989e-15		9.0502940e-21
3.4500000e+02		3.4600000e+02		3.4550000e+02		2.8907088e+02		1.6518130e-18		1.8115026e-17		2.8609545e-18		2.8608593e-18		9.5112887e-23
3.4600000e+02		3.4700000e+02		3.4650000e+02		2.8069735e+02		2.2963334e-20		2.9861685e-19		3.9768293e-20		3.9760961e-20		7.3321035e-24
3.4700000e+02		3.4800000e+02		3.4750000e+02		2.7782009e+02		1.3192521e-24		2.5184008e-23		2.2720363e-24		2.2543118e-24		1.7724536e-26
3.4800000e+02		3.4900000e+02		3.4850000e+02		2.8744416e+02		2.8454956e-07		1.1196746e-06		4.9285430e-07		4.9285430e-07		6.2021584e-16
3.4900000e+02		3.5000000e+02		3.4950000e+02		2.7550877e+02		9.6903001e-07		3.6315085e-06		1.6784092e-06		1.6784092e-06		1.2461707e-15
3.5000000e+02		3.5100000e+02		3.5050000e+02		3.3002358e+02		2.8049534e-11		1.5922432e-10		4.8583216e-11		4.8583214e-11		2.4365236e-18
3.5100000e+02		3.5200000e+02		3.5150000e+02		3.0660572e+02		2.4391933e-10		1.2678952e-09		4.2248066e-10		4.2248065e-10		9.4765172e-18
3.5200000e+02		3.5300000e+02		3.5250000e+02		2.8324198e+02		3.9586700e-11		2.2035838e-10		6.8566174e-11		6.8566171e-11		2.9034620e-18
3.5300000e+02		3.5400000e+02		3.5350000e+02		3.2405327e+02		8.5222662e-06		2.9582037e-05		1.4760998e-05		1.4760998e-05		4.7936440e-15
3.5400000e+02		3.5500000e+02		3.5450000e+02		3.4586270e+02		2.6795325e-07		1.0643974e-06		4.6410865e-07		4.6410865e-07		6.5392191e-16
3.5500000e+02		3.5600000e+02		3.5550000e+02		3.2478382e+02		1.7314532e-07		6.9776764e-07		2.9989650e-07		2.9989650e-07		4.8436770e-16
3.5600000e+02		3.5700000e+02		3.5650000e+02		2.8234357e+02		9.4361433e-10		4.6327706e-09		1.6343879e-09		1.6343879e-09		1.7293647e-17
3.5700000e+02		3.5800000e+02		3.5750000e+02		2.4674321e+02		2.2650810e-12		1.4044659e-11		3.9232351e-12		3.9232346e-12		4.9142375e-19
3.5800000e+02		3.5900000e+02		3.5850000e+02		2.1181106e+02		1.0086510e-09		4.8864775e-09		1.7470347e-09		1.7470347e-09		1.9474779e-17
3.5900000e+02		3.6000000e+02		3.5950000e+02		3.0582840e+02		5.4743294e-13		3.6215042e-12		9.4818151e-13		9.4818130e-13		2.1617439e-19
3.6000000e+02		3.6100000e+02		3.6050000e+02		3.0178862e+02		2.8769276e-11		1.6259280e-10		4.9829846e-11		4.9829844e-11		2.5345583e-18
3.6100000e+02		3.6200000e+02		3.6150000e+02		2.8033735e+02		2.7450987e-22		4.2604145e-21		4.7510631e-22		4.7461626e-22		4.9004556e-25
3.6200000e+02		3.6300000e+02		3.6250000e+02		3.1645921e+02		2.6275333e-32		2.1899252e-31		2.6527028e-32		5.9551699e-34		2.5931511e-32
3.6300000e+02		3.6400000e+02		3.6350000e+02		3.0810145e+02		4.9425537e-28		1.0956312e-26		7.6187638e-28		6.3319810e-28		1.2867828e-28
3.6400000e+02		3.6500000e+02		3.6450000e+02		3.2221950e+02		1.8839747e-49		6.1235122e-48		1.8845107e-49		1.2681598e-52		1.8832425e-49
3.6500000e+02		3.6600000e+02		3.6550000e+02		3.6674574e+02		2.4307109e-41		3.9118857e-40		2.4315760e-41		2.0468324e-44		2.4295291e-41
3.6600000e+02		3.6700000e+02		3.6650000e+02		3.9198946e+02		4.3793267e-62		4.3366722e-60		4.3802407e-62		2.1625276e-65		4.3780781e-62
3.6700000e+02		3.6800000e+02		3.6750000e+02		3.7850004e+02		1.7318094e-60		1.4850310e-58		1.7321786e-60		8.7364591e-64		1.7313050e-60
3.6800000e+02		3.6900000e+02		3.6850000e+02		3.4895620e+02		1.2602659e-104		0.0000000e+00		1.2604062e-104		3.3189909e-108		1.2600743e-104
3.6900000e+02		3.7000000e+02		3.6950000e+02		3.8736224e+02		4.9404364e-88		4.7198507e-85		4.9410975e-88		1.5641409e-91		4.9395334e-88
3.7000000e+02		3.7100000e+02		3.7050000e+02		3.6351013e+02		1.0824926e+01		2.3501539e+01		1.8749322e+01		1.8749322e+01		2.3869924e-11
3.7100000e+02		3.7200000e+02		3.7150000e+02		3.7529261e+02		4.2606104e+01		8.9828496e+01		7.3795937e+01		7.3795937e+01		4.4224270e-11
3.7200000e+02		3.7300000e+02		3.7250000e+02		3.1177186e+02		3.5265874e+01		7.4351201e+01		6.1082286e+01		6.1082286e+01		3.2888842e-11
3.7300000e+02		3.7400000e+02		3.7350000e+02		2.7192112e+02		3.0791849e+01		6.4917271e+01		5.3333047e+01		5.3333047e+01		2.9773296e-11
3.7400000e+02		3.7500000e+02		3.7450000e+02		2.7832167e+02		3.1678043e+01		6.6784258e+01		5.4867979e+01		5.4867979e+01		3.5585917e-11
3.7500000e+02		3.7600000e+02		3.7550000e+02		3.1876744e+02		3.6199967e+01		7.6315956e+01		6.2700182e+01		6.2700182e+01		3.7973220e-11
3.7600000e+02		3.7700000e+02		3.7650000e+02		3.3048657e+02		3.7492478e+01		7.9039255e+01		6.4938877e+01		6.4938877e+01		3.7992557e-11
3.7700000e+02		3.7800000e+02		3.7750000e+02		3.8770864e+02		4.4065680e+01		9.2894671e+01		7.6323997e+01		7.6323997e+01		4.7044999e-11
3.7800000e+02		3.7900000e+02		3.7850000e+02		4.0380398e+02		4.5904206e+01		9.6768623e+01		7.9508417e+01		7.9508417e+01		4.9252162e-11
3.7900000e+02		3.8000000e+02		3.7950000e+02		3.2744385e+02		3.7136741e+01		7.8284852e+01		6.4322723e+01		6.4322723e+01		3.7092763e-11
3.8000000e+02		3.8100000e+02		3.8050000e+02		3.5656330e+02		4.0457585e+01		8.5283668e+01		7.0074592e+01		7.0074592e+01		4.1090399e-11
3.8100000e+02		3.8200000e+02		3.8150000e+02		3.2019140e+02		3.6633271e+01		7.7220696e+01		6.3450687e+01		6.3450687e+01		4.7104366e-11
3.8200000e+02		3.8300000e+02		3.8250000e+02		2.2964197e+02		2.6031914e+01		5.4872697e+01		4.5088598e+01		4.5088598e+01		2.5622378e-11
3.8300000e+02		3.8400000e+02		3.8350000e+02		2.0267593e+02		2.3049004e+01		4.8584156e+01		3.9922046e+01		3.9922046e+01		2.5022837e-11
3.8400000e+02		3.8500000e+02		3.8450000e+02		2.7111947e+02		3.0848499e+01		6.5023291e+01		5.3431168e+01		5.3431168e+01		3.3914866e-11
3.8500000e+02		3.8600000e+02		3.8550000e+02		2.8715912e+02		3.2562688e+01		6.8635319e+01		5.6400230e+01		5.6400230e+01		3.2473743e-11
3.8600000e+02		3.8700000e+02		3.8650000e+02		2.8837692e+02		3.2882824e+01		6.9308920e+01		5.6954722e+01		5.6954722e+01		3.8384241e-11
3.8700000e+02		3.8800000e+02		3.8750000e+02		2.8805300e+02		3.2761177e+01		6.9051358e+01		5.6744024e+01		5.6744024e+01		3.5611066e-11
3.8800000e+02		3.8900000e+02		3.8850000e+02		2.9209390e+02		3.3170457e+01		6.9912845e+01		5.7452916e+01		5.7452916e+01		3.4396284e-11
3.8900000e+02		3.9000000e+02		3.8950000e+02		3.5069332e+02		3.9862558e+01		8.4016307e+01		6.9043975e+01		6.9043975e+01		4.2560544e-11
3.9000000e+02		3.9100000e+02		3.9050000e+02		3.6838836e+02		4.2076876e+01		8.8681885e+01		7.2879288e+01		7.2879288e+01		5.1431839e-11
3.9100000e+02		3.9200000e+02		3.9150000e+02		3.9613874e+02		4.5052403e+01		9.4951640e+01		7.8033051e+01		7.8033051e+01		4.8910992e-11
3.9200000e+02		3.9300000e+02		3.9250000e+02		3.0403432e+02		3.4502981e+01		7.2716724e+01		5.9760916e+01		5.9760916e+01		3.4898933e-11
3.9300000e+02		3.9400000e+02		3.9350000e+02		1.8639471e+02		2.1179598e+01		4.4636350e+01		3.6684140e+01		3.6684140e+01		2.2418227e-11
3.9400000e+02		3.9500000e+02		3.9450000e+02		3.0813115e+02		3.4850896e+01		7.3447710e+01		6.0363522e+01		6.0363522e+01		3.2037752e-11
3.9500000e+02		3.9600000e+02		3.9550000e+02		3.7840801e+02		4.3284864e+01		9.1220789e+01		7.4971584e+01		7.4971584e+01		5.5097401e-11
3.9600000e+02		3.9700000e+02		3.9650000e+02		2.6140326e+02		2.9771799e+01		6.2741852e+01		5.1566269e+01		5.1566269e+01		3.3608946e-11
3.9700000e+02		3.9800000e+02		3.9750000e+02		2.9300657e+02		3.3330356e+01		7.0240250e+01		5.7729871e+01		5.7729871e+01		3.6303699e-11
3.9800000e+02		3.9900000e+02		3.9850000e+02		4.5124719e+02		5.1356606e+01		1.0822743e+02		8.8952252e+01		8.8952252e+01		5.7073864e-11
3.9900000e+02		4.0000000e+02		3.9950000e+02		4.9846141e+02		5.6595679e+01		1.1926671e+02		9.8026592e+01		9.8026592e+01		5.9080099e-11
4.0000000e+02		4.0100000e+02		4.0050000e+02		5.1407199e+02		5.8513032e+01		1.2330472e+02		1.0134754e+02		1.0134754e+02		6.4749681e-11
4.0100000e+02		4.0200000e+02		4.0150000e+02		5.3860814e+02		6.1277381e+01		1.2912799e+02		1.0613554e+02		1.0613554e+02		6.6568300e-11
4.0200000e+02		4.0300000e+02		4.0250000e+02		5.4526519e+02		6.1719061e+01		1.3005694e+02		1.0690055e+02		1.0690055e+02		5.7907728e-11
4.0300000e+02		4.0400000e+02		4.0350000e+02		5.2165796e+02		5.9515957e+01		1.2541276e+02		1.0308466e+02		1.0308466e+02		7.0345950e-11
4.0400000e+02		4.0500000e+02		4.0450000e+02		5.1300620e+02		5.8604676e+01		1.2349084e+02		1.0150628e+02		1.0150628e+02		7.1857315e-11
4.0500000e+02		4.0600000e+02		4.0550000e+02		5.1256585e+02		5.8120727e+01		1.2246945e+02		1.0066805e+02		1.0066805e+02		5.7478747e-11
4.0600000e+02		4.0700000e+02		4.0650000e+02		4.9035274e+02		5.5373938e+01		1.1668001e+02		9.5910474e+01		9.5910474e+01		4.8575753e-11
4.0700000e+02		4.0800000e+02		4.0750000e+02		4.9838294e+02		5.6483221e+01		1.1901587e+02		9.7831809e+01		9.7831809e+01		5.4918064e-11
4.0800000e+02		4.0900000e+02		4.0850000e+02		5.2990289e+02		6.0388563e+01		1.2724320e+02		1.0459606e+02		1.0459606e+02		6.8874364e-11
4.0900000e+02		4.1000000e+02		4.0950000e+02		5.2713439e+02		5.9902848e+01		1.2621817e+02		1.0375478e+02		1.0375478e+02		6.3157160e-11
4.1000000e+02		4.1100000e+02		4.1050000e+02		4.8293937e+02		5.4921383e+01		1.1572055e+02		9.5126626e+01		9.5126626e+01		5.8849057e-11
4.1100000e+02		4.1200000e+02		4.1150000e+02		5.5986852e+02		6.3693795e+01		1.3420257e+02		1.1032089e+02		1.1032089e+02		6.8953229e-11
4.1200000e+02		4.1300000e+02		4.1250000e+02		5.4940473e+02		6.2478384e+01		1.3164010e+02		1.0821573e+02		1.0821573e+02		6.6895451e-11
4.1300000e+02		4.1400000e+02		4.1350000e+02		5.2995399e+02		6.0179491e+01		1.2679489e+02		1.0423394e+02		1.0423394e+02		6.1752866e-11
4.1400000e+02		4.1500000e+02		4.1450000e+02		5.3771640e+02		6.1198559e+01		1.2894048e+02		1.0599901e+02		1.0599901e+02		6.6974836e-11
4.1500000e+02		4.1600000e+02		4.1550000e+02		5.3722776e+02		6.0571104e+01		1.2761700e+02		1.0491223e+02		1.0491223e+02		5.0579926e-11
4.1600000e+02		4.1700000e+02		4.1650000e+02		5.5745703e+02		6.3355166e+01		1.3348119e+02		1.0973437e+02		1.0973437e+02		6.6559159e-11
4.1700000e+02		4.1800000e+02		4.1750000e+02		5.0725322e+02		5.7897421e+01		1.2198104e+02		1.0028127e+02		1.0028127e+02		6.8673106e-11
4.1800000e+02		4.1900000e+02		4.1850000e+02		5.2601513e+02		5.9953563e+01		1.2631174e+02		1.0384262e+02		1.0384262e+02		6.8433008e-11
4.1900000e+02		4.2000000e+02		4.1950000e+02		5.3123875e+02		6.0302043e+01		1.2704437e+02		1.0444620e+02		1.0444620e+02		6.1169360e-11
4.2000000e+02		4.2100000e+02		4.2050000e+02		5.3797708e+02		6.1217633e+01		1.2897191e+02		1.0603205e+02		1.0603205e+02		6.7134951e-11
4.2100000e+02		4.2200000e+02		4.2150000e+02		5.2958361e+02		6.0155137e+01		1.2673210e+02		1.0419175e+02		1.0419175e+02		6.2151409e-11
4.2200000e+02		4.2300000e+02		4.2250000e+02		5.0190537e+02		5.7210941e+01		1.2052811e+02		9.9092257e+01		9.9092257e+01		6.5427251e-11
4.2300000e+02		4.2400000e+02		4.2350000e+02		5.3474862e+02		6.0870433e+01		1.2823632e+02		1.0543068e+02		1.0543068e+02		6.6762349e-11
4.2400000e+02		4.2500000e+02		4.2450000e+02		5.5328403e+02		6.3011107e+01		1.3274472e+02		1.0913844e+02		1.0913844e+02		7.0012379e-11
4.2500000e+02		4.2600000e+02		4.2550000e+02		5.3248014e+02		6.0613632e+01		1.2769267e+02		1.0498589e+02		1.0498589e+02		6.6501794e-11
4.2600000e+02		4.2700000e+02		4.2650000e+02		5.3029841e+02		6.0221828e+01		1.2686598e+02		1.0430727e+02		1.0430727e+02		6.1683566e-11
4.2700000e+02		4.2800000e+02		4.2750000e+02		4.9171747e+02		5.5821455e+01		1.1759477e+02		9.6685596e+01		9.6685596e+01		5.6626096e-11
4.2800000e+02		4.2900000e+02		4.2850000e+02		4.9494538e+02		5.6341393e+01		1.1868890e+02		9.7586155e+01		9.7586155e+01		6.1722165e-11
4.2900000e+02		4.3000000e+02		4.2950000e+02		4.6063718e+02		5.2389689e+01		1.1036315e+02		9.0741603e+01		9.0741603e+01		5.5917289e-11
4.3000000e+02		4.3100000e+02		4.3050000e+02		3.7055843e+02		4.1974440e+01		8.8421722e+01		7.2701863e+01		7.2701863e+01		3.9852642e-11
4.3100000e+02		4.3200000e+02		4.3150000e+02		4.5818753e+02		5.2172805e+01		1.0990415e+02		9.0365948e+01		9.0365948e+01		5.8122304e-11
4.3200000e+02		4.3300000e+02		4.3250000e+02		5.1625369e+02		5.9216684e+01		1.2474118e+02		1.0256631e+02		1.0256631e+02		8.0250572e-11
4.3300000e+02		4.3400000e+02		4.3350000e+02		5.6047485e+02		6.3253622e+01		1.3324383e+02		1.0955849e+02		1.0955849e+02		5.4007009e-11
4.3400000e+02		4.3500000e+02		4.3450000e+02		4.7595241e+02		5.4904442e+01		1.1565520e+02		9.5097282e+01		9.5097282e+01		8.8099115e-11
4.3500000e+02		4.3600000e+02		4.3550000e+02		5.3162725e+02		6.0177929e+01		1.2676255e+02		1.0423123e+02		1.0423123e+02		5.5403205e-11
4.3600000e+02		4.3700000e+02		4.3650000e+02		5.9481241e+02		6.7214396e+01		1.4158332e+02		1.1641875e+02		1.1641875e+02		5.9554395e-11
4.3700000e+02		4.3800000e+02		4.3750000e+02		5.2629983e+02		6.0198390e+01		1.2680337e+02		1.0426667e+02		1.0426667e+02		7.6246414e-11
4.3800000e+02		4.3900000e+02		4.3850000e+02		5.1257868e+02		5.8135178e+01		1.2245629e+02		1.0069308e+02		1.0069308e+02		5.7225938e-11
4.3900000e+02		4.4000000e+02		4.3950000e+02		5.7051902e+02		6.5082582e+01		1.3708916e+02		1.1272634e+02		1.1272634e+02		7.5952664e-11
4.4000000e+02		4.4100000e+02		4.4050000e+02		5.4089681e+02		6.1460165e+01		1.2945788e+02		1.0645213e+02		1.0645213e+02		6.3768635e-11
4.4100000e+02		4.4200000e+02		4.4150000e+02		5.9491633e+02		6.7491758e+01		1.4216250e+02		1.1689915e+02		1.1689915e+02		6.7755985e-11
4.4200000e+02		4.4300000e+02		4.4250000e+02		6.2544254e+02		7.0956702e+01		1.4946045e+02		1.2290061e+02		1.2290061e+02		7.1895256e-11
4.4300000e+02		4.4400000e+02		4.4350000e+02		6.0497206e+02		6.8565495e+01		1.4442240e+02		1.1875892e+02		1.1875892e+02		6.7236518e-11
4.4400000e+02		4.4500000e+02		4.4450000e+02		6.2324411e+02		7.0682027e+01		1.4888064e+02		1.2242486e+02		1.2242486e+02		7.1768215e-11
4.4500000e+02		4.4600000e+02		4.4550000e+02		5.7783999e+02		6.5629750e+01		1.3823740e+02		1.1367406e+02		1.1367406e+02		6.9270882e-11
4.4600000e+02		4.4700000e+02		4.4650000e+02		5.8940025e+02		6.6977524e+01		1.4107346e+02		1.1600847e+02		1.1600847e+02		7.0587681e-11
4.4700000e+02		4.4800000e+02		4.4750000e+02		6.3881895e+02		7.2697365e+01		1.5311942e+02		1.2591553e+02		1.2591553e+02		7.9398283e-11
4.4800000e+02		4.4900000e+02		4.4850000e+02		6.2805979e+02		7.1576488e+01		1.5075690e+02		1.2397411e+02		1.2397411e+02		8.1066086e-11
4.4900000e+02		4.5000000e+02		4.4950000e+02		6.3454704e+02		7.1939338e+01		1.5151977e+02		1.2460259e+02		1.2460259e+02		6.9057068e-11
4.5000000e+02		4.5100000e+02		4.5050000e+02		6.7325368e+02		7.6060966e+01		1.6019954e+02		1.3174146e+02		1.3174146e+02		6.7029155e-11
4.5100000e+02		4.5200000e+02		4.5150000e+02		6.7122600e+02		7.6344487e+01		1.6079548e+02		1.3223253e+02		1.3223253e+02		8.1190184e-11
4.5200000e+02		4.5300000e+02		4.5250000e+02		6.3541039e+02		7.2070710e+01		1.5179298e+02		1.2483013e+02		1.2483013e+02		7.0736894e-11
4.5300000e+02		4.5400000e+02		4.5350000e+02		6.0888666e+02		6.9179984e+01		1.4570355e+02		1.1982325e+02		1.1982325e+02		7.1050825e-11
4.5400000e+02		4.5500000e+02		4.5450000e+02		6.4999363e+02		7.3610322e+01		1.5503338e+02		1.2749682e+02		1.2749682e+02		6.9070354e-11
4.5500000e+02		4.5600000e+02		4.5550000e+02		6.4380306e+02		7.3317349e+01		1.5441522e+02		1.2698937e+02		1.2698937e+02		8.0645921e-11
4.5600000e+02		4.5700000e+02		4.5650000e+02		6.6853861e+02		7.5764268e+01		1.5956758e+02		1.3122756e+02		1.3122756e+02		7.2490309e-11
4.5700000e+02		4.5800000e+02		4.5750000e+02		6.7499745e+02		7.6838748e+01		1.6182940e+02		1.3308862e+02		1.3308862e+02		8.3584514e-11
4.5800000e+02		4.5900000e+02		4.5850000e+02		6.3439039e+02		7.2076113e+01		1.5179780e+02		1.2483949e+02		1.2483949e+02		7.4260772e-11
4.5900000e+02		4.6000000e+02		4.5950000e+02		6.5539586e+02		7.4355447e+01		1.5659716e+02		1.2878741e+02		1.2878741e+02		7.3473125e-11
4.6000000e+02		4.6100000e+02		4.6050000e+02		6.4752339e+02		7.3473272e+01		1.5473819e+02		1.2725944e+02		1.2725944e+02		7.2748118e-11
4.6100000e+02		4.6200000e+02		4.6150000e+02		6.6245412e+02		7.4988986e+01		1.5792929e+02		1.2988473e+02		1.2988473e+02		6.9374375e-11
4.6200000e+02		4.6300000e+02		4.6250000e+02		6.6901120e+02		7.6195843e+01		1.6046989e+02		1.3197507e+02		1.3197507e+02		8.3988840e-11
4.6300000e+02		4.6400000e+02		4.6350000e+02		6.4662616e+02		7.3273092e+01		1.5431350e+02		1.2691272e+02		1.2691272e+02		6.9788373e-11
4.6400000e+02		4.6500000e+02		4.6450000e+02		6.5795753e+02		7.4842041e+01		1.5761668e+02		1.2963022e+02		1.2963022e+02		7.9825174e-11
4.6500000e+02		4.6600000e+02		4.6550000e+02		6.3552746e+02		7.2087018e+01		1.5181365e+02		1.2485838e+02		1.2485838e+02		7.0442569e-11
4.6600000e+02		4.6700000e+02		4.6650000e+02		6.3955371e+02		7.2801458e+01		1.5331726e+02		1.2609582e+02		1.2609582e+02		7.8956773e-11
4.6700000e+02		4.6800000e+02		4.6750000e+02		6.4572639e+02		7.3389162e+01		1.5455435e+02		1.2711376e+02		1.2711376e+02		7.6566343e-11
4.6800000e+02		4.6900000e+02		4.6850000e+02		6.3145002e+02		7.1883978e+01		1.5138352e+02		1.2450670e+02		1.2450670e+02		7.8384647e-11
4.6900000e+02		4.7000000e+02		4.6950000e+02		6.4956875e+02		7.3590198e+01		1.5497615e+02		1.2746196e+02		1.2746196e+02		7.0062613e-11
4.7000000e+02		4.7100000e+02		4.7050000e+02		6.1381170e+02		6.9572140e+01		1.4651351e+02		1.2050248e+02		1.2050248e+02		6.7215069e-11
4.7100000e+02		4.7200000e+02		4.7150000e+02		6.4174114e+02		7.2876314e+01		1.5347108e+02		1.2622548e+02		1.2622548e+02		7.4443887e-11
4.7200000e+02		4.7300000e+02		4.7250000e+02		6.5742798e+02		7.4693706e+01		1.5729746e+02		1.2937329e+02		1.2937329e+02		7.7361636e-11
4.7300000e+02		4.7400000e+02		4.7350000e+02		6.4563741e+02		7.3302333e+01		1.5436704e+02		1.2696336e+02		1.2696336e+02		7.4869673e-11
4.7400000e+02		4.7500000e+02		4.7450000e+02		6.6512717e+02		7.5592293e+01		1.5918762e+02		1.3092969e+02		1.3092969e+02		7.8681973e-11
4.7500000e+02		4.7600000e+02		4.7550000e+02		6.6365303e+02		7.5270906e+01		1.5850928e+02		1.3037303e+02		1.3037303e+02		7.3460809e-11
4.7600000e+02		4.7700000e+02		4.7650000e+02		6.3952653e+02		7.2621198e+01		1.5292841e+02		1.2578360e+02		1.2578360e+02		7.3316541e-11
4.7700000e+02		4.7800000e+02		4.7750000e+02		6.6772274e+02		7.5816415e+01		1.5965611e+02		1.3131788e+02		1.3131788e+02		7.6244774e-11
4.7800000e+02		4.7900000e+02		4.7850000e+02		6.6128260e+02		7.5362213e+01		1.5869875e+02		1.3053118e+02		1.3053118e+02		8.4260004e-11
4.7900000e+02		4.8000000e+02		4.7950000e+02		6.6320839e+02		7.5433098e+01		1.5884714e+02		1.3065396e+02		1.3065396e+02		7.9735708e-11
4.8000000e+02		4.8100000e+02		4.8050000e+02		6.6489751e+02		7.5418127e+01		1.5881474e+02		1.3062803e+02		1.3062803e+02		7.3135787e-11
4.8100000e+02		4.8200000e+02		4.8150000e+02		6.6630748e+02		7.5321574e+01		1.5861055e+02		1.3046079e+02		1.3046079e+02		6.6703918e-11
4.8200000e+02		4.8300000e+02		4.8250000e+02		6.6376999e+02		7.5109000e+01		1.5816207e+02		1.3009260e+02		1.3009260e+02		6.8399213e-11
4.8300000e+02		4.8400000e+02		4.8350000e+02		6.5373157e+02		7.4335190e+01		1.5653193e+02		1.2875233e+02		1.2875233e+02		7.7942266e-11
4.8400000e+02		4.8500000e+02		4.8450000e+02		6.4242337e+02		7.2554441e+01		1.5278161e+02		1.2566798e+02		1.2566798e+02		6.2430643e-11
4.8500000e+02		4.8600000e+02		4.8550000e+02		6.0369332e+02		6.8453803e+01		1.4414642e+02		1.1856547e+02		1.1856547e+02		6.6895353e-11
4.8600000e+02		4.8700000e+02		4.8650000e+02		5.2412565e+02		5.9438252e+01		1.2516090e+02		1.0295007e+02		1.0295007e+02		5.7936189e-11
4.8700000e+02		4.8800000e+02		4.8750000e+02		5.9966111e+02		6.7847802e+01		1.4286880e+02		1.1751584e+02		1.1751584e+02		6.2105004e-11
4.8800000e+02		4.8900000e+02		4.8850000e+02		6.3081686e+02		7.1438347e+01		1.5042875e+02		1.2373485e+02		1.2373485e+02		6.7117975e-11
4.8900000e+02		4.9000000e+02		4.8950000e+02		6.1880396e+02		7.0280741e+01		1.4799035e+02		1.2172981e+02		1.2172981e+02		7.1664382e-11
4.9000000e+02		4.9100000e+02		4.9050000e+02		6.5907671e+02		7.4693249e+01		1.5728071e+02		1.2937250e+02		1.2937250e+02		7.1347604e-11
4.9100000e+02		4.9200000e+02		4.9150000e+02		6.2110374e+02		7.0596298e+01		1.4865315e+02		1.2227637e+02		1.2227637e+02		7.3707423e-11
4.9200000e+02		4.9300000e+02		4.9250000e+02		5.9112858e+02		6.6921164e+01		1.4091334e+02		1.1591086e+02		1.1591086e+02		6.1632209e-11
4.9300000e+02		4.9400000e+02		4.9350000e+02		6.2472140e+02		7.0775344e+01		1.4902816e+02		1.2258649e+02		1.2258649e+02		6.6578806e-11
4.9400000e+02		4.9500000e+02		4.9450000e+02		6.4279699e+02		7.2881627e+01		1.5346248e+02		1.2623468e+02		1.2623468e+02		7.0147187e-11
4.9500000e+02		4.9600000e+02		4.9550000e+02		6.3133158e+02		7.1417727e+01		1.5037933e+02		1.2369913e+02		1.2369913e+02		6.4298912e-11
4.9600000e+02		4.9700000e+02		4.9650000e+02		6.3921352e+02		7.2459285e+01		1.5257176e+02		1.2550316e+02		1.2550316e+02		6.9234045e-11
4.9700000e+02		4.9800000e+02		4.9750000e+02		6.5113923e+02		7.3847622e+01		1.5549435e+02		1.2790783e+02		1.2790783e+02		7.1596668e-11
4.9800000e+02		4.9900000e+02		4.9850000e+02		5.9175801e+02		6.6930916e+01		1.4092992e+02		1.1592775e+02		1.1592775e+02		6.0032924e-11
4.9900000e+02		5.0000000e+02		4.9950000e+02		6.3385792e+02		7.1609790e+01		1.5078155e+02		1.2403179e+02		1.2403179e+02		6.2461759e-11
