Left Bin Edge (nm)	Right Bin Edge (nm)	Bin Center (nm)		Top of Atm Intensity (erg/s/nm/cm2)		Total Surface Flux (erg/s/nm/cm2)		Total Intensity at BOA (erg/s/nm/cm2)		Total Surface Intensity (erg/s/nm/cm2)		Total Surface Diffuse Intensity (erg/s/nm/cm2)		Total Surface Direct Intensity (erg/s/nm/cm2)
1.0000000e+02		1.0100000e+02		1.0050000e+02		1.9189487e-02		0.0000000e+00		0.0000000e+00		0.0000000e+00		0.0000000e+00		0.0000000e+00
1.0100000e+02		1.0200000e+02		1.0150000e+02		7.4861701e-02		0.0000000e+00		0.0000000e+00		0.0000000e+00		0.0000000e+00		0.0000000e+00
1.0200000e+02		1.0300000e+02		1.0250000e+02		3.9734366e-01		0.0000000e+00		0.0000000e+00		0.0000000e+00		0.0000000e+00		0.0000000e+00
1.0300000e+02		1.0400000e+02		1.0350000e+02		3.0179545e-01		0.0000000e+00		0.0000000e+00		0.0000000e+00		0.0000000e+00		0.0000000e+00
1.0400000e+02		1.0500000e+02		1.0450000e+02		6.0815352e-02		0.0000000e+00		0.0000000e+00		0.0000000e+00		0.0000000e+00		0.0000000e+00
1.0500000e+02		1.0600000e+02		1.0550000e+02		2.0834600e-02		0.0000000e+00		0.0000000e+00		0.0000000e+00		0.0000000e+00		0.0000000e+00
1.0600000e+02		1.0700000e+02		1.0650000e+02		1.9584792e-02		0.0000000e+00		0.0000000e+00		0.0000000e+00		0.0000000e+00		0.0000000e+00
1.0700000e+02		1.0800000e+02		1.0750000e+02		2.1853879e-02		0.0000000e+00		0.0000000e+00		0.0000000e+00		0.0000000e+00		0.0000000e+00
1.0800000e+02		1.0900000e+02		1.0850000e+02		3.0634999e-02		0.0000000e+00		0.0000000e+00		0.0000000e+00		0.0000000e+00		0.0000000e+00
1.0900000e+02		1.1000000e+02		1.0950000e+02		2.4032561e-02		0.0000000e+00		0.0000000e+00		0.0000000e+00		0.0000000e+00		0.0000000e+00
1.1000000e+02		1.1100000e+02		1.1050000e+02		2.3268893e-02		0.0000000e+00		0.0000000e+00		0.0000000e+00		0.0000000e+00		0.0000000e+00
1.1100000e+02		1.1200000e+02		1.1150000e+02		2.1871272e-02		0.0000000e+00		0.0000000e+00		0.0000000e+00		0.0000000e+00		0.0000000e+00
1.1200000e+02		1.1300000e+02		1.1250000e+02		2.2375602e-02		0.0000000e+00		0.0000000e+00		0.0000000e+00		0.0000000e+00		0.0000000e+00
1.1300000e+02		1.1400000e+02		1.1350000e+02		1.7748133e-02		0.0000000e+00		0.0000000e+00		0.0000000e+00		0.0000000e+00		0.0000000e+00
1.1400000e+02		1.1500000e+02		1.1450000e+02		1.3589480e-02		0.0000000e+00		0.0000000e+00		0.0000000e+00		0.0000000e+00		0.0000000e+00
1.1500000e+02		1.1600000e+02		1.1550000e+02		1.8751615e-02		0.0000000e+00		0.0000000e+00		0.0000000e+00		0.0000000e+00		0.0000000e+00
1.1600000e+02		1.1700000e+02		1.1650000e+02		4.3674487e-02		0.0000000e+00		0.0000000e+00		0.0000000e+00		0.0000000e+00		0.0000000e+00
1.1700000e+02		1.1800000e+02		1.1750000e+02		1.5546757e-01		0.0000000e+00		0.0000000e+00		0.0000000e+00		0.0000000e+00		0.0000000e+00
1.1800000e+02		1.1900000e+02		1.1850000e+02		5.2889236e-02		0.0000000e+00		0.0000000e+00		0.0000000e+00		0.0000000e+00		0.0000000e+00
1.1900000e+02		1.2000000e+02		1.1950000e+02		7.3692884e-02		0.0000000e+00		0.0000000e+00		0.0000000e+00		0.0000000e+00		0.0000000e+00
1.2000000e+02		1.2100000e+02		1.2050000e+02		4.0066072e-01		0.0000000e+00		0.0000000e+00		0.0000000e+00		0.0000000e+00		0.0000000e+00
1.2100000e+02		1.2200000e+02		1.2150000e+02		1.5905289e+01		0.0000000e+00		0.0000000e+00		0.0000000e+00		0.0000000e+00		0.0000000e+00
1.2200000e+02		1.2300000e+02		1.2250000e+02		1.0666543e-01		0.0000000e+00		0.0000000e+00		0.0000000e+00		0.0000000e+00		0.0000000e+00
1.2300000e+02		1.2400000e+02		1.2350000e+02		5.7456553e-02		0.0000000e+00		0.0000000e+00		0.0000000e+00		0.0000000e+00		0.0000000e+00
1.2400000e+02		1.2500000e+02		1.2450000e+02		4.6184197e-02		0.0000000e+00		0.0000000e+00		0.0000000e+00		0.0000000e+00		0.0000000e+00
1.2500000e+02		1.2600000e+02		1.2550000e+02		4.5085118e-02		0.0000000e+00		0.0000000e+00		0.0000000e+00		0.0000000e+00		0.0000000e+00
1.2600000e+02		1.2700000e+02		1.2650000e+02		6.3054464e-02		0.0000000e+00		0.0000000e+00		0.0000000e+00		0.0000000e+00		0.0000000e+00
1.2700000e+02		1.2800000e+02		1.2750000e+02		3.3006429e-02		0.0000000e+00		0.0000000e+00		0.0000000e+00		0.0000000e+00		0.0000000e+00
1.2800000e+02		1.2900000e+02		1.2850000e+02		2.6335196e-02		0.0000000e+00		0.0000000e+00		0.0000000e+00		0.0000000e+00		0.0000000e+00
1.2900000e+02		1.3000000e+02		1.2950000e+02		3.5131240e-02		0.0000000e+00		0.0000000e+00		0.0000000e+00		0.0000000e+00		0.0000000e+00
1.3000000e+02		1.3100000e+02		1.3050000e+02		2.8850634e-01		0.0000000e+00		0.0000000e+00		0.0000000e+00		0.0000000e+00		0.0000000e+00
1.3100000e+02		1.3200000e+02		1.3150000e+02		3.9064855e-02		0.0000000e+00		0.0000000e+00		0.0000000e+00		0.0000000e+00		0.0000000e+00
1.3200000e+02		1.3300000e+02		1.3250000e+02		3.0374778e-02		0.0000000e+00		0.0000000e+00		0.0000000e+00		0.0000000e+00		0.0000000e+00
1.3300000e+02		1.3400000e+02		1.3350000e+02		4.1056606e-01		0.0000000e+00		0.0000000e+00		0.0000000e+00		0.0000000e+00		0.0000000e+00
1.3400000e+02		1.3500000e+02		1.3450000e+02		2.8092500e-02		0.0000000e+00		0.0000000e+00		0.0000000e+00		0.0000000e+00		0.0000000e+00
1.3500000e+02		1.3600000e+02		1.3550000e+02		5.8954708e-02		0.0000000e+00		0.0000000e+00		0.0000000e+00		0.0000000e+00		0.0000000e+00
1.3600000e+02		1.3700000e+02		1.3650000e+02		3.8690656e-02		0.0000000e+00		0.0000000e+00		0.0000000e+00		0.0000000e+00		0.0000000e+00
1.3700000e+02		1.3800000e+02		1.3750000e+02		3.9732879e-02		0.0000000e+00		0.0000000e+00		0.0000000e+00		0.0000000e+00		0.0000000e+00
1.3800000e+02		1.3900000e+02		1.3850000e+02		4.0549866e-02		0.0000000e+00		0.0000000e+00		0.0000000e+00		0.0000000e+00		0.0000000e+00
1.3900000e+02		1.4000000e+02		1.3950000e+02		1.3692187e-01		0.0000000e+00		0.0000000e+00		0.0000000e+00		0.0000000e+00		0.0000000e+00
1.4000000e+02		1.4100000e+02		1.4050000e+02		1.1939088e-01		0.0000000e+00		0.0000000e+00		0.0000000e+00		0.0000000e+00		0.0000000e+00
1.4100000e+02		1.4200000e+02		1.4150000e+02		5.7521948e-02		0.0000000e+00		0.0000000e+00		0.0000000e+00		0.0000000e+00		0.0000000e+00
1.4200000e+02		1.4300000e+02		1.4250000e+02		6.2343151e-02		0.0000000e+00		0.0000000e+00		0.0000000e+00		0.0000000e+00		0.0000000e+00
1.4300000e+02		1.4400000e+02		1.4350000e+02		6.9165895e-02		0.0000000e+00		0.0000000e+00		0.0000000e+00		0.0000000e+00		0.0000000e+00
1.4400000e+02		1.4500000e+02		1.4450000e+02		6.6149126e-02		0.0000000e+00		0.0000000e+00		0.0000000e+00		0.0000000e+00		0.0000000e+00
1.4500000e+02		1.4600000e+02		1.4550000e+02		7.0536262e-02		0.0000000e+00		0.0000000e+00		0.0000000e+00		0.0000000e+00		0.0000000e+00
1.4600000e+02		1.4700000e+02		1.4650000e+02		8.6012655e-02		0.0000000e+00		0.0000000e+00		0.0000000e+00		0.0000000e+00		0.0000000e+00
1.4700000e+02		1.4800000e+02		1.4750000e+02		1.0610345e-01		0.0000000e+00		0.0000000e+00		0.0000000e+00		0.0000000e+00		0.0000000e+00
1.4800000e+02		1.4900000e+02		1.4850000e+02		1.0405386e-01		0.0000000e+00		0.0000000e+00		0.0000000e+00		0.0000000e+00		0.0000000e+00
1.4900000e+02		1.5000000e+02		1.4950000e+02		9.4002421e-02		0.0000000e+00		0.0000000e+00		0.0000000e+00		0.0000000e+00		0.0000000e+00
1.5000000e+02		1.5100000e+02		1.5050000e+02		1.0343288e-01		0.0000000e+00		0.0000000e+00		0.0000000e+00		0.0000000e+00		0.0000000e+00
1.5100000e+02		1.5200000e+02		1.5150000e+02		1.0875212e-01		0.0000000e+00		0.0000000e+00		0.0000000e+00		0.0000000e+00		0.0000000e+00
1.5200000e+02		1.5300000e+02		1.5250000e+02		1.3876638e-01		0.0000000e+00		0.0000000e+00		0.0000000e+00		0.0000000e+00		0.0000000e+00
1.5300000e+02		1.5400000e+02		1.5350000e+02		1.5371418e-01		0.0000000e+00		0.0000000e+00		0.0000000e+00		0.0000000e+00		0.0000000e+00
1.5400000e+02		1.5500000e+02		1.5450000e+02		4.1112511e-01		0.0000000e+00		0.0000000e+00		0.0000000e+00		0.0000000e+00		0.0000000e+00
1.5500000e+02		1.5600000e+02		1.5550000e+02		3.3836363e-01		0.0000000e+00		0.0000000e+00		0.0000000e+00		0.0000000e+00		0.0000000e+00
1.5600000e+02		1.5700000e+02		1.5650000e+02		2.0084632e-01		0.0000000e+00		0.0000000e+00		0.0000000e+00		0.0000000e+00		0.0000000e+00
1.5700000e+02		1.5800000e+02		1.5750000e+02		1.8216796e-01		0.0000000e+00		0.0000000e+00		0.0000000e+00		0.0000000e+00		0.0000000e+00
1.5800000e+02		1.5900000e+02		1.5850000e+02		1.6795176e-01		0.0000000e+00		0.0000000e+00		0.0000000e+00		0.0000000e+00		0.0000000e+00
1.5900000e+02		1.6000000e+02		1.5950000e+02		1.6379377e-01		0.0000000e+00		0.0000000e+00		0.0000000e+00		0.0000000e+00		0.0000000e+00
1.6000000e+02		1.6100000e+02		1.6050000e+02		1.7926410e-01		0.0000000e+00		0.0000000e+00		0.0000000e+00		0.0000000e+00		0.0000000e+00
1.6100000e+02		1.6200000e+02		1.6150000e+02		2.0306941e-01		0.0000000e+00		0.0000000e+00		0.0000000e+00		0.0000000e+00		0.0000000e+00
1.6200000e+02		1.6300000e+02		1.6250000e+02		2.2492895e-01		0.0000000e+00		0.0000000e+00		0.0000000e+00		0.0000000e+00		0.0000000e+00
1.6300000e+02		1.6400000e+02		1.6350000e+02		4.7671727e-01		0.0000000e+00		0.0000000e+00		0.0000000e+00		0.0000000e+00		0.0000000e+00
1.6400000e+02		1.6500000e+02		1.6450000e+02		4.8753270e-01		0.0000000e+00		0.0000000e+00		0.0000000e+00		0.0000000e+00		0.0000000e+00
1.6500000e+02		1.6600000e+02		1.6550000e+02		5.7072689e-01		0.0000000e+00		0.0000000e+00		0.0000000e+00		0.0000000e+00		0.0000000e+00
1.6600000e+02		1.6700000e+02		1.6650000e+02		2.6919628e-01		0.0000000e+00		0.0000000e+00		0.0000000e+00		0.0000000e+00		0.0000000e+00
1.6700000e+02		1.6800000e+02		1.6750000e+02		2.8728373e-01		0.0000000e+00		0.0000000e+00		0.0000000e+00		0.0000000e+00		0.0000000e+00
1.6800000e+02		1.6900000e+02		1.6850000e+02		3.0958866e-01		0.0000000e+00		0.0000000e+00		0.0000000e+00		0.0000000e+00		0.0000000e+00
1.6900000e+02		1.7000000e+02		1.6950000e+02		3.8988989e-01		0.0000000e+00		0.0000000e+00		0.0000000e+00		0.0000000e+00		0.0000000e+00
1.7000000e+02		1.7100000e+02		1.7050000e+02		4.3752516e-01		0.0000000e+00		0.0000000e+00		0.0000000e+00		0.0000000e+00		0.0000000e+00
1.7100000e+02		1.7200000e+02		1.7150000e+02		4.3618394e-01		0.0000000e+00		0.0000000e+00		0.0000000e+00		0.0000000e+00		0.0000000e+00
1.7200000e+02		1.7300000e+02		1.7250000e+02		4.5514763e-01		0.0000000e+00		0.0000000e+00		0.0000000e+00		0.0000000e+00		0.0000000e+00
1.7300000e+02		1.7400000e+02		1.7350000e+02		4.5120572e-01		0.0000000e+00		0.0000000e+00		0.0000000e+00		0.0000000e+00		0.0000000e+00
1.7400000e+02		1.7500000e+02		1.7450000e+02		5.3951828e-01		0.0000000e+00		0.0000000e+00		0.0000000e+00		0.0000000e+00		0.0000000e+00
1.7500000e+02		1.7600000e+02		1.7550000e+02		6.4389120e-01		0.0000000e+00		0.0000000e+00		0.0000000e+00		0.0000000e+00		0.0000000e+00
1.7600000e+02		1.7700000e+02		1.7650000e+02		6.9472845e-01		0.0000000e+00		0.0000000e+00		0.0000000e+00		0.0000000e+00		0.0000000e+00
1.7700000e+02		1.7800000e+02		1.7750000e+02		8.1849614e-01		0.0000000e+00		0.0000000e+00		0.0000000e+00		0.0000000e+00		0.0000000e+00
1.7800000e+02		1.7900000e+02		1.7850000e+02		8.9455089e-01		0.0000000e+00		0.0000000e+00		0.0000000e+00		0.0000000e+00		0.0000000e+00
1.7900000e+02		1.8000000e+02		1.7950000e+02		8.6966614e-01		0.0000000e+00		0.0000000e+00		0.0000000e+00		0.0000000e+00		0.0000000e+00
1.8000000e+02		1.8100000e+02		1.8050000e+02		1.0753674e+00		0.0000000e+00		0.0000000e+00		0.0000000e+00		0.0000000e+00		0.0000000e+00
1.8100000e+02		1.8200000e+02		1.8150000e+02		1.3093431e+00		0.0000000e+00		0.0000000e+00		0.0000000e+00		0.0000000e+00		0.0000000e+00
1.8200000e+02		1.8300000e+02		1.8250000e+02		1.2087370e+00		0.0000000e+00		0.0000000e+00		0.0000000e+00		0.0000000e+00		0.0000000e+00
1.8300000e+02		1.8400000e+02		1.8350000e+02		1.2728289e+00		0.0000000e+00		0.0000000e+00		0.0000000e+00		0.0000000e+00		0.0000000e+00
1.8400000e+02		1.8500000e+02		1.8450000e+02		1.0940339e+00		0.0000000e+00		0.0000000e+00		0.0000000e+00		0.0000000e+00		0.0000000e+00
1.8500000e+02		1.8600000e+02		1.8550000e+02		1.2372281e+00		0.0000000e+00		0.0000000e+00		0.0000000e+00		0.0000000e+00		0.0000000e+00
1.8600000e+02		1.8700000e+02		1.8650000e+02		1.4037992e+00		0.0000000e+00		0.0000000e+00		0.0000000e+00		0.0000000e+00		0.0000000e+00
1.8700000e+02		1.8800000e+02		1.8750000e+02		1.5907538e+00		0.0000000e+00		0.0000000e+00		0.0000000e+00		0.0000000e+00		0.0000000e+00
1.8800000e+02		1.8900000e+02		1.8850000e+02		1.6735993e+00		2.2253117e-207		0.0000000e+00		2.2273670e-207		4.8628832e-210		2.2225041e-207
1.8900000e+02		1.9000000e+02		1.8950000e+02		1.8559600e+00		1.1305549e-137		0.0000000e+00		1.1320978e-137		3.6504558e-140		1.1284473e-137
1.9000000e+02		1.9100000e+02		1.9050000e+02		1.9109940e+00		4.7429334e-89		1.1083976e-85		4.7527850e-89		2.3309195e-91		4.7294759e-89
1.9100000e+02		1.9200000e+02		1.9150000e+02		2.0707336e+00		4.3027750e-62		9.5350537e-60		4.3154154e-62		2.9907520e-64		4.2855078e-62
1.9200000e+02		1.9300000e+02		1.9250000e+02		2.1685186e+00		1.5131641e-43		6.6364918e-42		1.5194427e-43		1.4855376e-45		1.5045873e-43
1.9300000e+02		1.9400000e+02		1.9350000e+02		1.6554009e+00		7.8760697e-32		1.2283865e-30		7.9207190e-32		1.0564145e-33		7.8150775e-32
1.9400000e+02		1.9500000e+02		1.9450000e+02		2.6556632e+00		3.7403512e-25		3.3174868e-24		3.7668354e-25		6.2662086e-27		3.7041733e-25
1.9500000e+02		1.9600000e+02		1.9550000e+02		2.5630279e+00		3.9820016e-20		2.2770369e-19		4.0171848e-20		8.3244388e-22		3.9339404e-20
1.9600000e+02		1.9700000e+02		1.9650000e+02		2.8204934e+00		1.8947533e-17		8.6179556e-17		1.9138792e-17		4.5252233e-19		1.8686270e-17
1.9700000e+02		1.9800000e+02		1.9750000e+02		2.8068384e+00		1.7917508e-15		6.8660170e-15		1.8119941e-15		4.7896107e-17		1.7640980e-15
1.9800000e+02		1.9900000e+02		1.9850000e+02		2.7505577e+00		1.0433643e-08		2.2554915e-08		1.0674825e-08		5.7064364e-10		1.0104182e-08
1.9900000e+02		2.0000000e+02		1.9950000e+02		2.8965557e+00		5.1691098e-02		1.1438275e-01		8.3808018e-02		7.5989450e-02		7.8185686e-03
2.0000000e+02		2.0100000e+02		2.0050000e+02		3.0623388e+00		1.3936635e-01		3.0535242e-01		2.3020967e-01		2.1493760e-01		1.5272063e-02
2.0100000e+02		2.0200000e+02		2.0150000e+02		3.2593670e+00		4.5418112e-01		9.8038478e-01		7.6297091e-01		7.3060448e-01		3.2366428e-02
2.0200000e+02		2.0300000e+02		2.0250000e+02		3.2217937e+00		5.3757774e-01		1.1566215e+00		9.0462522e-01		8.6844366e-01		3.6181562e-02
2.0300000e+02		2.0400000e+02		2.0350000e+02		3.4484145e+00		7.3253956e-01		1.5699708e+00		1.2358180e+00		1.1907697e+00		4.5048369e-02
2.0400000e+02		2.0500000e+02		2.0450000e+02		3.7117169e+00		9.0121480e-01		1.9267432e+00		1.5220962e+00		1.4690213e+00		5.3074972e-02
2.0500000e+02		2.0600000e+02		2.0550000e+02		3.7200399e+00		9.6827254e-01		2.0668667e+00		1.6360529e+00		1.5799853e+00		5.6067604e-02
2.0600000e+02		2.0700000e+02		2.0650000e+02		3.7247532e+00		1.0296715e+00		2.1948242e+00		1.7403917e+00		1.6815820e+00		5.8809747e-02
2.0700000e+02		2.0800000e+02		2.0750000e+02		4.0454145e+00		1.1793809e+00		2.5105233e+00		1.9938168e+00		1.9269760e+00		6.6840853e-02
2.0800000e+02		2.0900000e+02		2.0850000e+02		4.3759554e+00		1.3350956e+00		2.8388678e+00		2.2577428e+00		2.1830065e+00		7.4736223e-02
2.0900000e+02		2.1000000e+02		2.0950000e+02		5.6528678e+00		1.8000153e+00		3.8230904e+00		3.0444312e+00		2.9443196e+00		1.0011161e-01
2.1000000e+02		2.1100000e+02		2.1050000e+02		6.9678423e+00		2.3170070e+00		4.9147565e+00		3.9186042e+00		3.7894196e+00		1.2918458e-01
2.1100000e+02		2.1200000e+02		2.1150000e+02		7.9326445e+00		2.7401245e+00		5.8066139e+00		4.6351709e+00		4.4837280e+00		1.5144291e-01
2.1200000e+02		2.1300000e+02		2.1250000e+02		7.0734222e+00		2.5346642e+00		5.3657168e+00		4.2879858e+00		4.1484035e+00		1.3958229e-01
2.1300000e+02		2.1400000e+02		2.1350000e+02		7.2066449e+00		2.6688115e+00		5.6443104e+00		4.5152203e+00		4.3686502e+00		1.4657013e-01
2.1400000e+02		2.1500000e+02		2.1450000e+02		9.2279181e+00		3.5245041e+00		7.4474500e+00		5.9634621e+00		5.7706366e+00		1.9282550e-01
2.1500000e+02		2.1600000e+02		2.1550000e+02		7.9257408e+00		3.1221793e+00		6.5916212e+00		5.2832536e+00		5.1131566e+00		1.7009695e-01
2.1600000e+02		2.1700000e+02		2.1650000e+02		7.3353469e+00		2.9827286e+00		6.2904930e+00		5.0464748e+00		4.8828759e+00		1.6359888e-01
2.1700000e+02		2.1800000e+02		2.1750000e+02		7.5953881e+00		3.1725772e+00		6.6865249e+00		5.3689998e+00		5.1967915e+00		1.7220828e-01
2.1800000e+02		2.1900000e+02		2.1850000e+02		1.0217230e+01		4.3824471e+00		9.2285299e+00		7.4161776e+00		7.1778835e+00		2.3829409e-01
2.1900000e+02		2.2000000e+02		2.1950000e+02		1.0786519e+01		4.7349887e+00		9.9641803e+00		8.0135245e+00		7.7570988e+00		2.5642565e-01
2.2000000e+02		2.2100000e+02		2.2050000e+02		1.0851638e+01		4.8745884e+00		1.0249853e+01		8.2492368e+00		7.9845040e+00		2.6473288e-01
2.2100000e+02		2.2200000e+02		2.2150000e+02		8.6872371e+00		3.9854715e+00		8.3745571e+00		6.7446567e+00		6.5283022e+00		2.1635448e-01
2.2200000e+02		2.2300000e+02		2.2250000e+02		1.1691346e+01		5.4749251e+00		1.1495880e+01		9.2645818e+00		8.9664239e+00		2.9815790e-01
2.2300000e+02		2.2400000e+02		2.2350000e+02		1.5139682e+01		7.2216345e+00		1.5153670e+01		1.2219993e+01		1.1826244e+01		3.9374928e-01
2.2400000e+02		2.2500000e+02		2.2450000e+02		1.4154944e+01		6.8631357e+00		1.4393626e+01		1.1613967e+01		1.1240588e+01		3.7337924e-01
2.2500000e+02		2.2600000e+02		2.2550000e+02		1.2365614e+01		6.0960768e+00		1.2776461e+01		1.0314821e+01		9.9816559e+00		3.3316510e-01
2.2600000e+02		2.2700000e+02		2.2650000e+02		9.0577089e+00		4.5277533e+00		9.4849798e+00		7.6616076e+00		7.4147788e+00		2.4682884e-01
2.2700000e+02		2.2800000e+02		2.2750000e+02		8.8108381e+00		4.4667170e+00		9.3520910e+00		7.5581208e+00		7.3143398e+00		2.4378093e-01
2.2800000e+02		2.2900000e+02		2.2850000e+02		1.2275156e+01		6.3088560e+00		1.3200386e+01		1.0673158e+01		1.0326050e+01		3.4710841e-01
2.2900000e+02		2.3000000e+02		2.2950000e+02		1.1031259e+01		5.7428293e+00		1.2008641e+01		9.7138864e+00		9.3956220e+00		3.1826443e-01
2.3000000e+02		2.3100000e+02		2.3050000e+02		1.2510180e+01		6.5823508e+00		1.3758419e+01		1.1134217e+01		1.0769832e+01		3.6438536e-01
2.3100000e+02		2.3200000e+02		2.3150000e+02		1.1791833e+01		6.2714380e+00		1.3101748e+01		1.0607123e+01		1.0258341e+01		3.4878182e-01
2.3200000e+02		2.3300000e+02		2.3250000e+02		1.2664003e+01		6.8055882e+00		1.4209195e+01		1.1507975e+01		1.1125967e+01		3.8200811e-01
2.3300000e+02		2.3400000e+02		2.3350000e+02		1.1428554e+01		6.1885146e+00		1.2916265e+01		1.0464680e+01		1.0117516e+01		3.4716413e-01
2.3400000e+02		2.3500000e+02		2.3450000e+02		9.9864853e+00		5.4478976e+00		1.1365934e+01		9.2117752e+00		8.9054301e+00		3.0634511e-01
2.3500000e+02		2.3600000e+02		2.3550000e+02		1.3443360e+01		7.3803490e+00		1.5392473e+01		1.2479300e+01		1.2064248e+01		4.1505206e-01
2.3600000e+02		2.3700000e+02		2.3650000e+02		1.2448020e+01		6.8868526e+00		1.4355549e+01		1.1642104e+01		1.1251045e+01		3.9105873e-01
2.3700000e+02		2.3800000e+02		2.3750000e+02		1.3294723e+01		7.4031520e+00		1.5424723e+01		1.2512788e+01		1.2089528e+01		4.2326003e-01
2.3800000e+02		2.3900000e+02		2.3850000e+02		1.1021422e+01		6.1740611e+00		1.2858189e+01		1.0433623e+01		1.0078232e+01		3.5539119e-01
2.3900000e+02		2.4000000e+02		2.3950000e+02		1.2008577e+01		6.7617144e+00		1.4076506e+01		1.1425203e+01		1.1033934e+01		3.9126986e-01
2.4000000e+02		2.4100000e+02		2.4050000e+02		1.1032163e+01		6.2347574e+00		1.2976097e+01		1.0534788e+01		1.0173981e+01		3.6080663e-01
2.4100000e+02		2.4200000e+02		2.4150000e+02		1.2918879e+01		7.3335829e+00		1.5257050e+01		1.2389524e+01		1.1962485e+01		4.2703896e-01
2.4200000e+02		2.4300000e+02		2.4250000e+02		1.7782729e+01		1.0134084e+01		2.1075918e+01		1.7118658e+01		1.6525679e+01		5.9297929e-01
2.4300000e+02		2.4400000e+02		2.4350000e+02		1.6701989e+01		9.5536275e+00		1.9861551e+01		1.6135791e+01		1.5573565e+01		5.6222535e-01
2.4400000e+02		2.4500000e+02		2.4450000e+02		1.5641720e+01		8.9798848e+00		1.8661655e+01		1.5164079e+01		1.4631961e+01		5.3211827e-01
2.4500000e+02		2.4600000e+02		2.4550000e+02		1.2691134e+01		7.3067798e+00		1.5180050e+01		1.2337496e+01		1.1902801e+01		4.3469417e-01
2.4600000e+02		2.4700000e+02		2.4650000e+02		1.2350906e+01		7.1391712e+00		1.4825038e+01		1.2051143e+01		1.1621850e+01		4.2929304e-01
2.4700000e+02		2.4800000e+02		2.4750000e+02		1.3639226e+01		7.8996330e+00		1.6400325e+01		1.3334236e+01		1.2858408e+01		4.7582801e-01
2.4800000e+02		2.4900000e+02		2.4850000e+02		1.0938846e+01		6.3466439e+00		1.3173261e+01		1.0712472e+01		1.0329659e+01		3.8281241e-01
2.4900000e+02		2.5000000e+02		2.4950000e+02		1.3333262e+01		7.7551436e+00		1.6091536e+01		1.3087834e+01		1.2617281e+01		4.7055279e-01
2.5000000e+02		2.5100000e+02		2.5050000e+02		1.4401571e+01		8.3975025e+00		1.7418605e+01		1.4169496e+01		1.3656684e+01		5.1281226e-01
2.5100000e+02		2.5200000e+02		2.5150000e+02		1.2007424e+01		7.0164155e+00		1.4549405e+01		1.1837370e+01		1.1406502e+01		4.3086857e-01
2.5200000e+02		2.5300000e+02		2.5250000e+02		1.0794009e+01		6.3176569e+00		1.3097266e+01		1.0657603e+01		1.0268423e+01		3.8918009e-01
2.5300000e+02		2.5400000e+02		2.5350000e+02		1.3602371e+01		7.9773733e+00		1.6533022e+01		1.3455369e+01		1.2961077e+01		4.9429176e-01
2.5400000e+02		2.5500000e+02		2.5450000e+02		1.5384114e+01		9.0338726e+00		1.8718538e+01		1.5236347e+01		1.4675212e+01		5.6113501e-01
2.5500000e+02		2.5600000e+02		2.5550000e+02		2.0992062e+01		1.2350826e+01		2.5583712e+01		2.0827306e+01		2.0055566e+01		7.7173997e-01
2.5600000e+02		2.5700000e+02		2.5650000e+02		2.7040612e+01		1.5943454e+01		3.3014718e+01		2.6880350e+01		2.5876973e+01		1.0033770e+00
2.5700000e+02		2.5800000e+02		2.5750000e+02		3.3946512e+01		2.0046760e+01		4.1500575e+01		3.3794015e+01		3.2526355e+01		1.2676601e+00
2.5800000e+02		2.5900000e+02		2.5850000e+02		3.5732434e+01		2.1116729e+01		4.3709206e+01		3.5597513e+01		3.4261904e+01		1.3356094e+00
2.5900000e+02		2.6000000e+02		2.5950000e+02		3.0409976e+01		1.7998236e+01		3.7243001e+01		3.0334817e+01		2.9188665e+01		1.1461525e+00
2.6000000e+02		2.6100000e+02		2.6050000e+02		2.4915606e+01		1.4766667e+01		3.0547453e+01		2.4884073e+01		2.3938040e+01		9.4603359e-01
2.6100000e+02		2.6200000e+02		2.6150000e+02		2.5442742e+01		1.5087425e+01		3.1206754e+01		2.5424474e+01		2.4457721e+01		9.6675274e-01
2.6200000e+02		2.6300000e+02		2.6250000e+02		3.0366547e+01		1.8029226e+01		3.7283513e+01		3.0378976e+01		2.9219823e+01		1.1591532e+00
2.6300000e+02		2.6400000e+02		2.6350000e+02		4.5700096e+01		2.7175011e+01		5.6181942e+01		4.5782780e+01		4.4026455e+01		1.7563251e+00
2.6400000e+02		2.6500000e+02		2.6450000e+02		7.1249372e+01		4.2440586e+01		8.7717873e+01		7.1489555e+01		6.8730599e+01		2.7589558e+00
2.6500000e+02		2.6600000e+02		2.6550000e+02		7.4731454e+01		4.4550651e+01		9.2063941e+01		7.5040327e+01		7.2139348e+01		2.9009788e+00
2.6600000e+02		2.6700000e+02		2.6650000e+02		7.2446611e+01		4.3276512e+01		8.9401500e+01		7.2877440e+01		7.0036548e+01		2.8408916e+00
2.6700000e+02		2.6800000e+02		2.6750000e+02		7.2937204e+01		4.3594931e+01		9.0048170e+01		7.3413136e+01		7.0550631e+01		2.8625045e+00
2.6800000e+02		2.6900000e+02		2.6850000e+02		7.2239021e+01		4.3219945e+01		8.9257910e+01		7.2776799e+01		6.9932268e+01		2.8445314e+00
2.6900000e+02		2.7000000e+02		2.6950000e+02		6.7758000e+01		4.0622721e+01		8.3866179e+01		6.8386836e+01		6.5690601e+01		2.6962352e+00
2.7000000e+02		2.7100000e+02		2.7050000e+02		7.8281462e+01		4.7012072e+01		9.7030135e+01		7.9128556e+01		7.5988418e+01		3.1401378e+00
2.7100000e+02		2.7200000e+02		2.7150000e+02		6.5051220e+01		3.9050215e+01		8.0596636e+01		6.5734418e+01		6.3135504e+01		2.5989149e+00
2.7200000e+02		2.7300000e+02		2.7250000e+02		5.2331568e+01		3.1480651e+01		6.4953211e+01		5.2980356e+01		5.0868849e+01		2.1115072e+00
2.7300000e+02		2.7400000e+02		2.7350000e+02		5.5800645e+01		3.3594194e+01		6.9303167e+01		5.6534002e+01		5.4276168e+01		2.2578336e+00
2.7400000e+02		2.7500000e+02		2.7450000e+02		3.8398649e+01		2.3137338e+01		4.7723435e+01		3.8934046e+01		3.7375413e+01		1.5586332e+00
2.7500000e+02		2.7600000e+02		2.7550000e+02		5.1208696e+01		3.0874075e+01		6.3672388e+01		5.1950448e+01		4.9867235e+01		2.0832136e+00
2.7600000e+02		2.7700000e+02		2.7650000e+02		7.1318275e+01		4.3064550e+01		8.8790158e+01		7.2450085e+01		6.9526923e+01		2.9231620e+00
2.7700000e+02		2.7800000e+02		2.7750000e+02		6.8188493e+01		4.1165366e+01		8.4874196e+01		6.9261971e+01		6.6477280e+01		2.7846908e+00
2.7800000e+02		2.7900000e+02		2.7850000e+02		4.7024496e+01		2.8411835e+01		5.8570189e+01		4.7800652e+01		4.5874433e+01		1.9262180e+00
2.7900000e+02		2.8000000e+02		2.7950000e+02		2.6422560e+01		1.5986837e+01		3.2948542e+01		2.6892229e+01		2.5802433e+01		1.0897959e+00
2.8000000e+02		2.8100000e+02		2.8050000e+02		2.8982131e+01		1.7558100e+01		3.6178769e+01		2.9530956e+01		2.8328082e+01		1.2028741e+00
2.8100000e+02		2.8200000e+02		2.8150000e+02		6.0033324e+01		3.6413950e+01		7.5016479e+01		6.1237058e+01		5.8732104e+01		2.5049539e+00
2.8200000e+02		2.8300000e+02		2.8250000e+02		8.1733762e+01		4.9629660e+01		1.0222331e+02		8.3452855e+01		8.0026540e+01		3.4263156e+00
2.8300000e+02		2.8400000e+02		2.8350000e+02		8.4433091e+01		5.1331870e+01		1.0570769e+02		8.6303780e+01		8.2744429e+01		3.5593512e+00
2.8400000e+02		2.8500000e+02		2.8450000e+02		6.2255376e+01		3.7843298e+01		7.7928963e+01		6.3629802e+01		6.1011522e+01		2.6182795e+00
2.8500000e+02		2.8600000e+02		2.8550000e+02		4.0018063e+01		2.4339476e+01		5.0115359e+01		4.0922880e+01		3.9236755e+01		1.6861246e+00
2.8600000e+02		2.8700000e+02		2.8650000e+02		8.2001717e+01		4.9953054e+01		1.0282793e+02		8.3971981e+01		8.0489646e+01		3.4823353e+00
2.8700000e+02		2.8800000e+02		2.8750000e+02		9.5189148e+01		5.7991546e+01		1.1936946e+02		9.7488040e+01		9.3449708e+01		4.0383320e+00
2.8800000e+02		2.8900000e+02		2.8850000e+02		9.0460934e+01		5.5190461e+01		1.1357702e+02		9.2763178e+01		8.8898002e+01		3.8651755e+00
2.8900000e+02		2.9000000e+02		2.8950000e+02		1.3728321e+02		8.3715483e+01		1.7228488e+02		1.4072418e+02		1.3488402e+02		5.8401587e+00
2.9000000e+02		2.9100000e+02		2.9050000e+02		1.8023325e+02		1.1003350e+02		2.2640160e+02		1.8493872e+02		1.7722767e+02		7.7110569e+00
2.9100000e+02		2.9200000e+02		2.9150000e+02		1.7359450e+02		1.0611519e+02		2.1829243e+02		1.7832531e+02		1.7085098e+02		7.4743336e+00
2.9200000e+02		2.9300000e+02		2.9250000e+02		1.5421676e+02		9.4391975e+01		1.9413600e+02		1.5860116e+02		1.5192056e+02		6.6805996e+00
2.9300000e+02		2.9400000e+02		2.9350000e+02		1.6099986e+02		9.8587401e+01		2.0274679e+02		1.6564731e+02		1.5866546e+02		6.9818546e+00
2.9400000e+02		2.9500000e+02		2.9450000e+02		1.4991794e+02		9.1853624e+01		1.8887464e+02		1.5432285e+02		1.4780379e+02		6.5190682e+00
2.9500000e+02		2.9600000e+02		2.9550000e+02		1.6232431e+02		9.9492417e+01		2.0456710e+02		1.6715615e+02		1.6009411e+02		7.0620380e+00
2.9600000e+02		2.9700000e+02		2.9650000e+02		1.4851381e+02		9.1108600e+01		1.8730227e+02		1.5305797e+02		1.4657378e+02		6.4841908e+00
2.9700000e+02		2.9800000e+02		2.9750000e+02		1.5140866e+02		9.2991783e+01		1.9113626e+02		1.5619912e+02		1.4955017e+02		6.6489495e+00
2.9800000e+02		2.9900000e+02		2.9850000e+02		1.3012850e+02		7.9865462e+01		1.6416720e+02		1.3416966e+02		1.2848510e+02		5.6845531e+00
2.9900000e+02		3.0000000e+02		2.9950000e+02		1.4682541e+02		9.0332968e+01		1.8561440e+02		1.5170311e+02		1.4520331e+02		6.4997995e+00
3.0000000e+02		3.0100000e+02		3.0050000e+02		1.1681452e+02		7.1823533e+01		1.4759134e+02		1.2063565e+02		1.1549071e+02		5.1449379e+00
3.0100000e+02		3.0200000e+02		3.0150000e+02		1.3434477e+02		8.2698810e+01		1.6990594e+02		1.3888144e+02		1.3292953e+02		5.9519124e+00
3.0200000e+02		3.0300000e+02		3.0250000e+02		1.4142283e+02		8.7112616e+01		1.7895374e+02		1.4628516e+02		1.4000374e+02		6.2814189e+00
3.0300000e+02		3.0400000e+02		3.0350000e+02		1.8342160e+02		1.1305943e+02		2.3222470e+02		1.8984081e+02		1.8166668e+02		8.1741282e+00
3.0400000e+02		3.0500000e+02		3.0450000e+02		1.7556728e+02		1.0826028e+02		2.2234937e+02		1.8177822e+02		1.7394533e+02		7.8328983e+00
3.0500000e+02		3.0600000e+02		3.0550000e+02		1.7728071e+02		1.0940197e+02		2.2466710e+02		1.8368242e+02		1.7574942e+02		7.9329956e+00
3.0600000e+02		3.0700000e+02		3.0650000e+02		1.6814926e+02		1.0383052e+02		2.1320306e+02		1.7431863e+02		1.6677666e+02		7.5419686e+00
3.0700000e+02		3.0800000e+02		3.0750000e+02		1.8878816e+02		1.1661435e+02		2.3943275e+02		1.9577420e+02		1.8729421e+02		8.4799868e+00
3.0800000e+02		3.0900000e+02		3.0850000e+02		1.8529086e+02		1.1460052e+02		2.3524939e+02		1.9236134e+02		1.8398409e+02		8.3772519e+00
3.0900000e+02		3.1000000e+02		3.0950000e+02		1.5026991e+02		9.2854879e+01		1.9063127e+02		1.5588812e+02		1.4913825e+02		6.7498710e+00
3.1000000e+02		3.1100000e+02		3.1050000e+02		1.8913229e+02		1.1701146e+02		2.4017876e+02		1.9641287e+02		1.8786575e+02		8.5471181e+00
3.1100000e+02		3.1200000e+02		3.1150000e+02		2.2495083e+02		1.3928161e+02		2.8585228e+02		2.3377388e+02		2.2357112e+02		1.0202764e+01
3.1200000e+02		3.1300000e+02		3.1250000e+02		2.0030306e+02		1.2407937e+02		2.5462275e+02		2.0824273e+02		1.9913266e+02		9.1100701e+00
3.1300000e+02		3.1400000e+02		3.1350000e+02		2.1331645e+02		1.3217704e+02		2.7123034e+02		2.2183685e+02		2.1213740e+02		9.6994556e+00
3.1400000e+02		3.1500000e+02		3.1450000e+02		2.0119548e+02		1.2477112e+02		2.5599586e+02		2.0938469e+02		2.0019787e+02		9.1868266e+00
3.1500000e+02		3.1600000e+02		3.1550000e+02		1.9522773e+02		1.2109558e+02		2.4844082e+02		2.0321447e+02		1.9429539e+02		8.9190800e+00
3.1600000e+02		3.1700000e+02		3.1650000e+02		1.9043254e+02		1.1818729e+02		2.4244867e+02		1.9832110e+02		1.8959862e+02		8.7224785e+00
3.1700000e+02		3.1800000e+02		3.1750000e+02		2.4155434e+02		1.5009685e+02		3.0785091e+02		2.5182821e+02		2.4069897e+02		1.1129239e+01
3.1800000e+02		3.1900000e+02		3.1850000e+02		1.9952276e+02		1.2392591e+02		2.5418338e+02		2.0793791e+02		1.9877452e+02		9.1633851e+00
3.1900000e+02		3.2000000e+02		3.1950000e+02		2.1430874e+02		1.3327117e+02		2.7329722e+02		2.2358084e+02		2.1367497e+02		9.9058679e+00
3.2000000e+02		3.2100000e+02		3.2050000e+02		2.4621307e+02		1.5313132e+02		3.1401443e+02		2.5690287e+02		2.4552613e+02		1.1376746e+01
3.2100000e+02		3.2200000e+02		3.2150000e+02		2.0677326e+02		1.2855874e+02		2.6362438e+02		2.1568638e+02		2.0614622e+02		9.5401674e+00
3.2200000e+02		3.2300000e+02		3.2250000e+02		2.0765168e+02		1.2922009e+02		2.6495088e+02		2.1678064e+02		2.0717048e+02		9.6101569e+00
3.2300000e+02		3.2400000e+02		3.2350000e+02		2.0066974e+02		1.2489005e+02		2.5606198e+02		2.0951616e+02		2.0022752e+02		9.2886345e+00
3.2400000e+02		3.2500000e+02		3.2450000e+02		2.3629853e+02		1.4706043e+02		3.0151349e+02		2.4671632e+02		2.3578838e+02		1.0927947e+01
3.2500000e+02		3.2600000e+02		3.2550000e+02		2.7209498e+02		1.6917287e+02		3.4687209e+02		2.8384264e+02		2.7131158e+02		1.2531055e+01
3.2600000e+02		3.2700000e+02		3.2650000e+02		3.0699214e+02		1.9128312e+02		3.9210164e+02		3.2086312e+02		3.0658956e+02		1.4273561e+01
3.2700000e+02		3.2800000e+02		3.2750000e+02		2.9701525e+02		1.8511345e+02		3.7943225e+02		3.1050678e+02		2.9668381e+02		1.3822977e+01
3.2800000e+02		3.2900000e+02		3.2850000e+02		2.8673370e+02		1.7876701e+02		3.6639949e+02		2.9985193e+02		2.8649000e+02		1.3361929e+01
3.2900000e+02		3.3000000e+02		3.2950000e+02		3.3379807e+02		2.0839903e+02		4.2703625e+02		3.4948187e+02		3.3380556e+02		1.5676301e+01
3.3000000e+02		3.3100000e+02		3.3050000e+02		3.1443449e+02		1.9619375e+02		4.0203939e+02		3.2903742e+02		3.1431149e+02		1.4725927e+01
3.3100000e+02		3.3200000e+02		3.3150000e+02		3.0087994e+02		1.8805100e+02		3.8527968e+02		3.1533123e+02		3.0114826e+02		1.4182971e+01
3.3200000e+02		3.3300000e+02		3.3250000e+02		2.9519831e+02		1.8439162e+02		3.7780664e+02		3.0922851e+02		2.9536724e+02		1.3861271e+01
3.3300000e+02		3.3400000e+02		3.3350000e+02		2.8364288e+02		1.7747561e+02		3.6354036e+02		2.9755582e+02		2.8411282e+02		1.3442991e+01
3.3400000e+02		3.3500000e+02		3.3450000e+02		2.9883003e+02		1.8697561e+02		3.8299432e+02		3.1348981e+02		2.9933581e+02		1.4153998e+01
3.3500000e+02		3.3600000e+02		3.3550000e+02		2.9511053e+02		1.8462204e+02		3.7817455e+02		3.0955635e+02		2.9559776e+02		1.3958591e+01
3.3600000e+02		3.3700000e+02		3.3650000e+02		2.4313126e+02		1.5216705e+02		3.1166795e+02		2.5512441e+02		2.4359973e+02		1.1524679e+01
3.3700000e+02		3.3800000e+02		3.3750000e+02		2.5649874e+02		1.6048472e+02		3.2871780e+02		2.6909194e+02		2.5696745e+02		1.2124486e+01
3.3800000e+02		3.3900000e+02		3.3850000e+02		2.7748673e+02		1.7365633e+02		3.5568368e+02		2.9117622e+02		2.7805504e+02		1.3121183e+01
3.3900000e+02		3.4000000e+02		3.3950000e+02		2.9040264e+02		1.8194390e+02		3.7258684e+02		3.0501874e+02		2.9119820e+02		1.3820537e+01
3.4000000e+02		3.4100000e+02		3.4050000e+02		3.0654056e+02		1.9192918e+02		3.9306645e+02		3.2179719e+02		3.0727100e+02		1.4526187e+01
3.4100000e+02		3.4200000e+02		3.4150000e+02		2.7979685e+02		1.7510494e+02		3.5860828e+02		2.9359373e+02		2.8034750e+02		1.3246232e+01
3.4200000e+02		3.4300000e+02		3.4250000e+02		3.0344565e+02		1.9038269e+02		3.8977226e+02		3.1911199e+02		3.0457679e+02		1.4535202e+01
3.4300000e+02		3.4400000e+02		3.4350000e+02		2.9822260e+02		1.8713522e+02		3.8309264e+02		3.1364973e+02		2.9933654e+02		1.4313190e+01
3.4400000e+02		3.4500000e+02		3.4450000e+02		2.3986676e+02		1.5055123e+02		3.0819639e+02		2.5233897e+02		2.4083240e+02		1.1506574e+01
3.4500000e+02		3.4600000e+02		3.4550000e+02		2.8907088e+02		1.8137670e+02		3.7130789e+02		3.0402181e+02		2.9018144e+02		1.3840366e+01
3.4600000e+02		3.4700000e+02		3.4650000e+02		2.8069735e+02		1.7632640e+02		3.6090110e+02		2.9550469e+02		2.8197884e+02		1.3525844e+01
3.4700000e+02		3.4800000e+02		3.4750000e+02		2.7782009e+02		1.7437344e+02		3.5693746e+02		2.9227005e+02		2.7894638e+02		1.3323669e+01
3.4800000e+02		3.4900000e+02		3.4850000e+02		2.8744416e+02		1.8062992e+02		3.6969691e+02		3.0272674e+02		2.8888417e+02		1.3842566e+01
3.4900000e+02		3.5000000e+02		3.4950000e+02		2.7550877e+02		1.7310259e+02		3.5429507e+02		2.9012405e+02		2.7687575e+02		1.3248299e+01
3.5000000e+02		3.5100000e+02		3.5050000e+02		3.3002358e+02		2.0730859e+02		4.2430872e+02		3.4746610e+02		3.3161624e+02		1.5849864e+01
3.5100000e+02		3.5200000e+02		3.5150000e+02		3.0660572e+02		1.9293169e+02		3.9478194e+02		3.2328864e+02		3.0842785e+02		1.4860785e+01
3.5200000e+02		3.5300000e+02		3.5250000e+02		2.8324198e+02		1.7809293e+02		3.6445657e+02		2.9846635e+02		2.8480656e+02		1.3659782e+01
3.5300000e+02		3.5400000e+02		3.5350000e+02		3.2405327e+02		2.0371569e+02		4.1690935e+02		3.4143382e+02		3.2584460e+02		1.5589225e+01
3.5400000e+02		3.5500000e+02		3.5450000e+02		3.4586270e+02		2.1766558e+02		4.4537574e+02		3.6475037e+02		3.4800635e+02		1.6744013e+01
3.5500000e+02		3.5600000e+02		3.5550000e+02		3.2478382e+02		2.0439517e+02		4.1822141e+02		3.4252099e+02		3.2680918e+02		1.5711805e+01
3.5600000e+02		3.5700000e+02		3.5650000e+02		2.8234357e+02		1.7724099e+02		3.6278072e+02		2.9713209e+02		2.8366538e+02		1.3466709e+01
3.5700000e+02		3.5800000e+02		3.5750000e+02		2.4674321e+02		1.5530091e+02		3.1774776e+02		2.6024531e+02		2.4830112e+02		1.1944189e+01
3.5800000e+02		3.5900000e+02		3.5850000e+02		2.1181106e+02		1.3347185e+02		2.7303343e+02		2.2362521e+02		2.1330513e+02		1.0320081e+01
3.5900000e+02		3.6000000e+02		3.5950000e+02		3.0582840e+02		1.9239505e+02		3.9366382e+02		3.2244114e+02		3.0769236e+02		1.4748777e+01
3.6000000e+02		3.6100000e+02		3.6050000e+02		3.0178862e+02		1.9010761e+02		3.8889535e+02		3.1853719e+02		3.0386766e+02		1.4669538e+01
3.6100000e+02		3.6200000e+02		3.6150000e+02		2.8033735e+02		1.7658313e+02		3.6122317e+02		2.9587636e+02		2.8225082e+02		1.3625542e+01
3.6200000e+02		3.6300000e+02		3.6250000e+02		3.1645921e+02		1.9937251e+02		4.0780572e+02		3.3403495e+02		3.1861476e+02		1.5420188e+01
3.6300000e+02		3.6400000e+02		3.6350000e+02		3.0810145e+02		1.9406664e+02		3.9696892e+02		3.2516888e+02		3.1019123e+02		1.4977648e+01
3.6400000e+02		3.6500000e+02		3.6450000e+02		3.2221950e+02		2.0281386e+02		4.1484904e+02		3.3981494e+02		3.2414804e+02		1.5666898e+01
3.6500000e+02		3.6600000e+02		3.6550000e+02		3.6674574e+02		2.3118801e+02		4.7280267e+02		3.8729240e+02		3.6934695e+02		1.7945452e+01
3.6600000e+02		3.6700000e+02		3.6650000e+02		3.9198946e+02		2.4673889e+02		5.0464294e+02		4.1337774e+02		3.9427174e+02		1.9105995e+01
3.6700000e+02		3.6800000e+02		3.6750000e+02		3.7850004e+02		2.3799880e+02		4.8684271e+02		3.9881226e+02		3.8048873e+02		1.8323530e+01
3.6800000e+02		3.6900000e+02		3.6850000e+02		3.4895620e+02		2.1933936e+02		4.4857019e+02		3.6744400e+02		3.5041934e+02		1.7024658e+01
3.6900000e+02		3.7000000e+02		3.6950000e+02		3.8736224e+02		2.4318249e+02		4.9747334e+02		4.0752955e+02		3.8884932e+02		1.8680238e+01
3.7000000e+02		3.7100000e+02		3.7050000e+02		3.6351013e+02		2.2984982e+02		4.6991870e+02		3.8497434e+02		3.6702855e+02		1.7945793e+01
3.7100000e+02		3.7200000e+02		3.7150000e+02		3.7529261e+02		2.3702268e+02		4.8466695e+02		3.9707174e+02		3.7868014e+02		1.8391593e+01
3.7200000e+02		3.7300000e+02		3.7250000e+02		3.1177186e+02		1.9655657e+02		4.0202355e+02		3.2937952e+02		3.1426247e+02		1.5117051e+01
3.7300000e+02		3.7400000e+02		3.7350000e+02		2.7192112e+02		1.7155156e+02		3.5083583e+02		2.8744393e+02		2.7420429e+02		1.3239641e+01
3.7400000e+02		3.7500000e+02		3.7450000e+02		2.7832167e+02		1.7607989e+02		3.5994275e+02		2.9489981e+02		2.8113095e+02		1.3768859e+01
3.7500000e+02		3.7600000e+02		3.7550000e+02		3.1876744e+02		2.0145668e+02		4.1188236e+02		3.3746557e+02		3.2180048e+02		1.5665091e+01
3.7600000e+02		3.7700000e+02		3.7650000e+02		3.3048657e+02		2.0877949e+02		4.2688252e+02		3.4976483e+02		3.3357489e+02		1.6189932e+01
3.7700000e+02		3.7800000e+02		3.7750000e+02		3.8770864e+02		2.4519620e+02		5.0125959e+02		4.1070737e+02		3.9160362e+02		1.9103748e+01
3.7800000e+02		3.7900000e+02		3.7850000e+02		4.0380398e+02		2.5543316e+02		5.2216657e+02		4.2784438e+02		4.0792932e+02		1.9915060e+01
3.7900000e+02		3.8000000e+02		3.7950000e+02		3.2744385e+02		2.0690400e+02		4.2303147e+02		3.4662874e+02		3.3059227e+02		1.6036463e+01
3.8000000e+02		3.8100000e+02		3.8050000e+02		3.5656330e+02		2.2538137e+02		4.6077666e+02		3.7756156e+02		3.6006221e+02		1.7499360e+01
3.8100000e+02		3.8200000e+02		3.8150000e+02		3.2019140e+02		2.0328956e+02		4.1533876e+02		3.4031533e+02		3.2420644e+02		1.6108890e+01
3.8200000e+02		3.8300000e+02		3.8250000e+02		2.2964197e+02		1.4511831e+02		2.9669457e+02		2.4312219e+02		2.3187968e+02		1.1242513e+01
3.8300000e+02		3.8400000e+02		3.8350000e+02		2.0267593e+02		1.2830985e+02		2.6225437e+02		2.1489888e+02		2.0487184e+02		1.0027036e+01
3.8400000e+02		3.8500000e+02		3.8450000e+02		2.7111947e+02		1.7169937e+02		3.5091839e+02		2.8755642e+02		2.7412073e+02		1.3435694e+01
3.8500000e+02		3.8600000e+02		3.8550000e+02		2.8715912e+02		1.8155546e+02		3.7114943e+02		3.0414663e+02		2.9005382e+02		1.4092812e+01
3.8600000e+02		3.8700000e+02		3.8650000e+02		2.8837692e+02		1.8287440e+02		3.7368022e+02		3.0621335e+02		2.9182308e+02		1.4390262e+01
3.8700000e+02		3.8800000e+02		3.8750000e+02		2.8805300e+02		1.8244193e+02		3.7285833e+02		3.0554988e+02		2.9127653e+02		1.4273353e+01
3.8800000e+02		3.8900000e+02		3.8850000e+02		2.9209390e+02		1.8487552e+02		3.7787118e+02		3.0966613e+02		2.9525776e+02		1.4408371e+01
3.8900000e+02		3.9000000e+02		3.8950000e+02		3.5069332e+02		2.2210013e+02		4.5390942e+02		3.7198241e+02		3.5462527e+02		1.7357133e+01
3.9000000e+02		3.9100000e+02		3.9050000e+02		3.6838836e+02		2.3391569e+02		4.7787328e+02		3.9161353e+02		3.7311710e+02		1.8496425e+01
3.9100000e+02		3.9200000e+02		3.9150000e+02		3.9613874e+02		2.5099830e+02		5.1292247e+02		4.2035450e+02		4.0070109e+02		1.9653415e+01
3.9200000e+02		3.9300000e+02		3.9250000e+02		3.0403432e+02		1.9244561e+02		3.9333555e+02		3.2236001e+02		3.0738078e+02		1.4979231e+01
3.9300000e+02		3.9400000e+02		3.9350000e+02		1.8639471e+02		1.1807049e+02		2.4128625e+02		1.9774776e+02		1.8851843e+02		9.2293206e+00
3.9400000e+02		3.9500000e+02		3.9450000e+02		3.0813115e+02		1.9473466e+02		3.9809729e+02		3.2627928e+02		3.1123792e+02		1.5041363e+01
3.9500000e+02		3.9600000e+02		3.9550000e+02		3.7840801e+02		2.4058073e+02		4.9138218e+02		4.0270816e+02		3.8359760e+02		1.9110556e+01
3.9600000e+02		3.9700000e+02		3.9650000e+02		2.6140326e+02		1.6582945e+02		3.3880680e+02		2.7767777e+02		2.6463598e+02		1.3041790e+01
3.9700000e+02		3.9800000e+02		3.9750000e+02		2.9300657e+02		1.8577430e+02		3.7958500e+02		3.1110537e+02		2.9653650e+02		1.4568874e+01
3.9800000e+02		3.9900000e+02		3.9850000e+02		4.5124719e+02		2.8619380e+02		5.8472504e+02		4.7923932e+02		4.5675059e+02		2.2488726e+01
3.9900000e+02		4.0000000e+02		3.9950000e+02		4.9846141e+02		3.1576051e+02		6.4522817e+02		5.2884117e+02		5.0415426e+02		2.4686913e+01
4.0000000e+02		4.0100000e+02		4.0050000e+02		5.1407199e+02		3.2613417e+02		6.6630800e+02		5.4612122e+02		5.2049494e+02		2.5626276e+01
4.0100000e+02		4.0200000e+02		4.0150000e+02		5.3860814e+02		3.4165847e+02		6.9804587e+02		5.7214534e+02		5.4533778e+02		2.6807556e+01
4.0200000e+02		4.0300000e+02		4.0250000e+02		5.4526519e+02		3.4499181e+02		7.0511741e+02		5.7796966e+02		5.5123151e+02		2.6738148e+01
4.0300000e+02		4.0400000e+02		4.0350000e+02		5.2165796e+02		3.3145397e+02		6.7701646e+02		5.5491078e+02		5.2870450e+02		2.6206280e+01
4.0400000e+02		4.0500000e+02		4.0450000e+02		5.1300620e+02		3.2619732e+02		6.6620040e+02		5.4604705e+02		5.2017005e+02		2.5877001e+01
4.0500000e+02		4.0600000e+02		4.0550000e+02		5.1256585e+02		3.2468609e+02		6.6348465e+02		5.4385692e+02		5.1856376e+02		2.5293157e+01
4.0600000e+02		4.0700000e+02		4.0650000e+02		4.9035274e+02		3.0997372e+02		6.3360996e+02		5.1939024e+02		4.9548480e+02		2.3905438e+01
4.0700000e+02		4.0800000e+02		4.0750000e+02		4.9838294e+02		3.1566867e+02		6.4506406e+02		5.2877234e+02		5.0420869e+02		2.4563649e+01
4.0800000e+02		4.0900000e+02		4.0850000e+02		5.2990289e+02		3.3663033e+02		6.8759299e+02		5.6361825e+02		5.3705918e+02		2.6559069e+01
4.0900000e+02		4.1000000e+02		4.0950000e+02		5.2713439e+02		3.3440429e+02		6.8317720e+02		5.6001598e+02		5.3380297e+02		2.6213005e+01
4.1000000e+02		4.1100000e+02		4.1050000e+02		4.8293937e+02		3.0651029e+02		6.2615405e+02		5.1327662e+02		4.8921440e+02		2.4062225e+01
4.1100000e+02		4.1200000e+02		4.1150000e+02		5.5986852e+02		3.5543283e+02		7.2606305e+02		5.9518002e+02		5.6724795e+02		2.7932075e+01
4.1200000e+02		4.1300000e+02		4.1250000e+02		5.4940473e+02		3.4874444e+02		7.1240907e+02		5.8399538e+02		5.5660970e+02		2.7385682e+01
4.1300000e+02		4.1400000e+02		4.1350000e+02		5.2995399e+02		3.3617061e+02		6.8679030e+02		5.6300657e+02		5.3669966e+02		2.6306914e+01
4.1400000e+02		4.1500000e+02		4.1450000e+02		5.3771640e+02		3.4152154e+02		6.9759043e+02		5.7185707e+02		5.4497971e+02		2.6877356e+01
4.1500000e+02		4.1600000e+02		4.1550000e+02		5.3722776e+02		3.3956270e+02		6.9407568e+02		5.6901995e+02		5.4290166e+02		2.6118283e+01
4.1600000e+02		4.1700000e+02		4.1650000e+02		5.5745703e+02		3.5384970e+02		7.2282751e+02		5.9256393e+02		5.6480392e+02		2.7760007e+01
4.1700000e+02		4.1800000e+02		4.1750000e+02		5.0725322e+02		3.2272751e+02		6.5902747e+02		5.4025063e+02		5.1466523e+02		2.5585400e+01
4.1800000e+02		4.1900000e+02		4.1850000e+02		5.2601513e+02		3.3443385e+02		6.8299243e+02		5.5990688e+02		5.3347494e+02		2.6431948e+01
4.1900000e+02		4.2000000e+02		4.1950000e+02		5.3123875e+02		3.3706317e+02		6.8856850e+02		5.6450103e+02		5.3812377e+02		2.6377264e+01
4.2000000e+02		4.2100000e+02		4.2050000e+02		5.3797708e+02		3.4183621e+02		6.9816229e+02		5.7236074e+02		5.4542690e+02		2.6933836e+01
4.2100000e+02		4.2200000e+02		4.2150000e+02		5.2958361e+02		3.3618525e+02		6.8672101e+02		5.6299506e+02		5.3663776e+02		2.6357295e+01
4.2200000e+02		4.2300000e+02		4.2250000e+02		5.0190537e+02		3.1922597e+02		6.5189101e+02		5.3443191e+02		5.0918272e+02		2.5249192e+01
4.2300000e+02		4.2400000e+02		4.2350000e+02		5.3474862e+02		3.3988167e+02		6.9413976e+02		5.6907963e+02		5.4228818e+02		2.6791447e+01
4.2400000e+02		4.2500000e+02		4.2450000e+02		5.5328403e+02		3.5177605e+02		7.1839636e+02		5.8896970e+02		5.6120620e+02		2.7763497e+01
4.2500000e+02		4.2600000e+02		4.2550000e+02		5.3248014e+02		3.3849166e+02		6.9128044e+02		5.6674609e+02		5.4005577e+02		2.6690317e+01
4.2600000e+02		4.2700000e+02		4.2650000e+02		5.3029841e+02		3.3671076e+02		6.8776057e+02		5.6387527e+02		5.3747700e+02		2.6398268e+01
4.2700000e+02		4.2800000e+02		4.2750000e+02		4.9171747e+02		3.1217493e+02		6.3765124e+02		5.2279807e+02		4.9833969e+02		2.4458377e+01
4.2800000e+02		4.2900000e+02		4.2850000e+02		4.9494538e+02		3.1469042e+02		6.4264823e+02		5.2688962e+02		5.0206869e+02		2.4820927e+01
4.2900000e+02		4.3000000e+02		4.2950000e+02		4.6063718e+02		2.9276157e+02		5.9789985e+02		4.9020925e+02		4.6716622e+02		2.3043027e+01
4.3000000e+02		4.3100000e+02		4.3050000e+02		3.7055843e+02		2.3503098e+02		4.8014188e+02		3.9367623e+02		3.7535869e+02		1.8317538e+01
4.3100000e+02		4.3200000e+02		4.3150000e+02		4.5818753e+02		2.9141557e+02		5.9506346e+02		4.8788678e+02		4.6485588e+02		2.3030897e+01
4.3200000e+02		4.3300000e+02		4.3250000e+02		5.1625369e+02		3.2962846e+02		6.7273056e+02		5.5154287e+02		5.2505511e+02		2.6487752e+01
4.3300000e+02		4.3400000e+02		4.3350000e+02		5.6047485e+02		3.5486126e+02		7.2511602e+02		5.9456547e+02		5.6714626e+02		2.7419209e+01
4.3400000e+02		4.3500000e+02		4.3450000e+02		4.7595241e+02		3.0482496e+02		6.2180064e+02		5.0977371e+02		4.8491393e+02		2.4859773e+01
4.3500000e+02		4.3600000e+02		4.3550000e+02		5.3162725e+02		3.3717009e+02		6.8881514e+02		5.6479942e+02		5.3857677e+02		2.6222652e+01
4.3600000e+02		4.3700000e+02		4.3650000e+02		5.9481241e+02		3.7691950e+02		7.7008445e+02		6.3144767e+02		6.0222012e+02		2.9227555e+01
4.3700000e+02		4.3800000e+02		4.3750000e+02		5.2629983e+02		3.3564239e+02		6.8508205e+02		5.6170192e+02		5.3486258e+02		2.6839342e+01
4.3800000e+02		4.3900000e+02		4.3850000e+02		5.1257868e+02		3.2547684e+02		6.6478008e+02		5.4509558e+02		5.1962351e+02		2.5472074e+01
4.3900000e+02		4.4000000e+02		4.3950000e+02		5.7051902e+02		3.6337934e+02		7.4184490e+02		6.0826449e+02		5.7940448e+02		2.8860008e+01
4.4000000e+02		4.4100000e+02		4.4050000e+02		5.4089681e+02		3.4382469e+02		7.0213975e+02		5.7573034e+02		5.4869465e+02		2.7035686e+01
4.4100000e+02		4.4200000e+02		4.4150000e+02		5.9491633e+02		3.7782394e+02		7.7163179e+02		6.3271674e+02		6.0308284e+02		2.9633903e+01
4.4200000e+02		4.4300000e+02		4.4250000e+02		6.2544254e+02		3.9720628e+02		8.1118826e+02		6.6515207e+02		6.3396654e+02		3.1185528e+01
4.4300000e+02		4.4400000e+02		4.4350000e+02		6.0497206e+02		3.8402886e+02		7.8433710e+02		6.4314549e+02		6.1307652e+02		3.0068970e+01
4.4400000e+02		4.4500000e+02		4.4450000e+02		6.2324411e+02		3.9573028e+02		8.0815356e+02		6.6266782e+02		6.3158101e+02		3.1086815e+01
4.4500000e+02		4.4600000e+02		4.4550000e+02		5.7783999e+02		3.6721294e+02		7.4982883e+02		6.1484266e+02		5.8589822e+02		2.8944442e+01
4.4600000e+02		4.4700000e+02		4.4650000e+02		5.8940025e+02		3.7475307e+02		7.6521585e+02		6.2747185e+02		5.9793904e+02		2.9532806e+01
4.4700000e+02		4.4800000e+02		4.4750000e+02		6.3881895e+02		4.0651383e+02		8.2997921e+02		6.8057803e+02		6.4844286e+02		3.2135172e+01
4.4800000e+02		4.4900000e+02		4.4850000e+02		6.2805979e+02		4.0000479e+02		8.1659938e+02		6.6960737e+02		6.3788655e+02		3.1720816e+01
4.4900000e+02		4.5000000e+02		4.4950000e+02		6.3454704e+02		4.0307903e+02		8.2323736e+02		6.7508472e+02		6.4357237e+02		3.1512344e+01
4.5000000e+02		4.5100000e+02		4.5050000e+02		6.7325368e+02		4.2688755e+02		8.7204436e+02		7.1512802e+02		6.8198426e+02		3.3143759e+01
4.5100000e+02		4.5200000e+02		4.5150000e+02		6.7122600e+02		4.2713281e+02		8.7210157e+02		7.1514643e+02		6.8144755e+02		3.3698882e+01
4.5200000e+02		4.5300000e+02		4.5250000e+02		6.3541039e+02		4.0377474e+02		8.2457880e+02		6.7619475e+02		6.4455267e+02		3.1642082e+01
4.5300000e+02		4.5400000e+02		4.5350000e+02		6.0888666e+02		3.8728371e+02		7.9079831e+02		6.4849018e+02		6.1802114e+02		3.0469032e+01
4.5400000e+02		4.5500000e+02		4.5450000e+02		6.4999363e+02		4.1274268e+02		8.4297650e+02		6.9129876e+02		6.5907078e+02		3.2227983e+01
4.5500000e+02		4.5600000e+02		4.5550000e+02		6.4380306e+02		4.1002611e+02		8.3706376e+02		6.8642702e+02		6.5397159e+02		3.2455439e+01
4.5600000e+02		4.5700000e+02		4.5650000e+02		6.6853861e+02		4.2472100e+02		8.6737894e+02		7.1131632e+02		6.7809180e+02		3.3224518e+01
4.5700000e+02		4.5800000e+02		4.5750000e+02		6.7499745e+02		4.2984834e+02		8.7753958e+02		7.1963020e+02		6.8563124e+02		3.3998963e+01
4.5800000e+02		4.5900000e+02		4.5850000e+02		6.3439039e+02		4.0360715e+02		8.2408020e+02		6.7580416e+02		6.4402504e+02		3.1779118e+01
4.5900000e+02		4.6000000e+02		4.5950000e+02		6.5539586e+02		4.1665845e+02		8.5081424e+02		6.9773960e+02		6.6504514e+02		3.2694464e+01
4.6000000e+02		4.6100000e+02		4.6050000e+02		6.4752339e+02		4.1170742e+02		8.4069274e+02		6.8944312e+02		6.5712974e+02		3.2313382e+01
4.6100000e+02		4.6200000e+02		4.6150000e+02		6.6245412e+02		4.2069149e+02		8.5918493e+02		7.0462464e+02		6.7179303e+02		3.2831607e+01
4.6200000e+02		4.6300000e+02		4.6250000e+02		6.6901120e+02		4.2623820e+02		8.7009668e+02		7.1354636e+02		6.7977839e+02		3.3767969e+01
4.6300000e+02		4.6400000e+02		4.6350000e+02		6.4662616e+02		4.1089919e+02		8.3910561e+02		6.8816075e+02		6.5600791e+02		3.2152844e+01
4.6400000e+02		4.6500000e+02		4.6450000e+02		6.5795753e+02		4.1894871e+02		8.5527471e+02		7.0140528e+02		6.6829943e+02		3.3105848e+01
4.6500000e+02		4.6600000e+02		4.6550000e+02		6.3552746e+02		4.0409790e+02		8.2514657e+02		6.7671653e+02		6.4502260e+02		3.1693923e+01
4.6600000e+02		4.6700000e+02		4.6650000e+02		6.3955371e+02		4.0742463e+02		8.3169803e+02		6.8207542e+02		6.4983074e+02		3.2244678e+01
4.6700000e+02		4.6800000e+02		4.6750000e+02		6.4572639e+02		4.1101950e+02		8.3911647e+02		6.8816815e+02		6.5574075e+02		3.2427395e+01
4.6800000e+02		4.6900000e+02		4.6850000e+02		6.3145002e+02		4.0229439e+02		8.2119959e+02		6.7347085e+02		6.4161040e+02		3.1860448e+01
4.6900000e+02		4.7000000e+02		4.6950000e+02		6.4956875e+02		4.1279098e+02		8.4292675e+02		6.9131522e+02		6.5899542e+02		3.2319800e+01
4.7000000e+02		4.7100000e+02		4.7050000e+02		6.1381170e+02		3.9017784e+02		7.9671203e+02		6.5341389e+02		6.2282318e+02		3.0590707e+01
4.7100000e+02		4.7200000e+02		4.7150000e+02		6.4174114e+02		4.0835129e+02		8.3369009e+02		6.8373445e+02		6.5156356e+02		3.2170897e+01
4.7200000e+02		4.7300000e+02		4.7250000e+02		6.5742798e+02		4.1844932e+02		8.5426742e+02		7.0061168e+02		6.6760332e+02		3.3008361e+01
4.7300000e+02		4.7400000e+02		4.7350000e+02		6.4563741e+02		4.1078431e+02		8.3864483e+02		6.8780255e+02		6.5543218e+02		3.2370369e+01
4.7400000e+02		4.7500000e+02		4.7450000e+02		6.6512717e+02		4.2346653e+02		8.6448426e+02		7.0899887e+02		6.7557678e+02		3.3422095e+01
4.7500000e+02		4.7600000e+02		4.7550000e+02		6.6365303e+02		4.2211437e+02		8.6186397e+02		7.0686782e+02		6.7373389e+02		3.3133923e+01
4.7600000e+02		4.7700000e+02		4.7650000e+02		6.3952653e+02		4.0704434e+02		8.3101189e+02		6.8156231e+02		6.4951648e+02		3.2045829e+01
4.7700000e+02		4.7800000e+02		4.7750000e+02		6.6772274e+02		4.2498409e+02		8.6763978e+02		7.1160741e+02		6.7815805e+02		3.3449360e+01
4.7800000e+02		4.7900000e+02		4.7850000e+02		6.6128260e+02		4.2171629e+02		8.6071589e+02		7.0591333e+02		6.7241742e+02		3.3495910e+01
4.7900000e+02		4.8000000e+02		4.7950000e+02		6.6320839e+02		4.2252929e+02		8.6249935e+02		7.0738969e+02		6.7398694e+02		3.3402744e+01
4.8000000e+02		4.8100000e+02		4.8050000e+02		6.6489751e+02		4.2300916e+02		8.6367476e+02		7.0837286e+02		6.7517775e+02		3.3195110e+01
4.8100000e+02		4.8200000e+02		4.8150000e+02		6.6630748e+02		4.2315987e+02		8.6418153e+02		7.0880785e+02		6.7585038e+02		3.2957470e+01
4.8200000e+02		4.8300000e+02		4.8250000e+02		6.6376999e+02		4.2178395e+02		8.6130160e+02		7.0644426e+02		6.7351353e+02		3.2930733e+01
4.8300000e+02		4.8400000e+02		4.8350000e+02		6.5373157e+02		4.1647834e+02		8.5014105e+02		6.9726827e+02		6.6435611e+02		3.2912163e+01
4.8400000e+02		4.8500000e+02		4.8450000e+02		6.4242337e+02		4.0782434e+02		8.3291222e+02		6.8317347e+02		6.5148304e+02		3.1690431e+01
4.8500000e+02		4.8600000e+02		4.8550000e+02		6.0369332e+02		3.8403596e+02		7.8405582e+02		6.4308053e+02		6.1290602e+02		3.0174510e+01
4.8600000e+02		4.8700000e+02		4.8650000e+02		5.2412565e+02		3.3346222e+02		6.8080221e+02		5.5839697e+02		5.3220134e+02		2.6195631e+01
4.8700000e+02		4.8800000e+02		4.8750000e+02		5.9966111e+02		3.8105478e+02		7.7809407e+02		6.3820744e+02		6.0842972e+02		2.9777715e+01
4.8800000e+02		4.8900000e+02		4.8850000e+02		6.3081686e+02		4.0105971e+02		8.1888071e+02		6.7166009e+02		6.4024735e+02		3.1412734e+01
4.8900000e+02		4.9000000e+02		4.8950000e+02		6.1880396e+02		3.9403251e+02		8.0435046e+02		6.5973186e+02		6.2865142e+02		3.1080446e+01
4.9000000e+02		4.9100000e+02		4.9050000e+02		6.5907671e+02		4.1922901e+02		8.5592835e+02		7.0205228e+02		6.6916705e+02		3.2885227e+01
4.9100000e+02		4.9200000e+02		4.9150000e+02		6.2110374e+02		3.9570460e+02		8.0770041e+02		6.6248231e+02		6.3120282e+02		3.1279485e+01
4.9200000e+02		4.9300000e+02		4.9250000e+02		5.9112858e+02		3.7583742e+02		7.6740069e+02		6.2945303e+02		6.0006098e+02		2.9392049e+01
4.9300000e+02		4.9400000e+02		4.9350000e+02		6.2472140e+02		3.9736184e+02		8.1129829e+02		6.6545924e+02		6.3432527e+02		3.1133972e+01
4.9400000e+02		4.9500000e+02		4.9450000e+02		6.4279699e+02		4.0905083e+02		8.3510736e+02		6.8498762e+02		6.5287347e+02		3.2114153e+01
4.9500000e+02		4.9600000e+02		4.9550000e+02		6.3133158e+02		4.0127849e+02		8.1937997e+02		6.7210151e+02		6.4077414e+02		3.1327363e+01
4.9600000e+02		4.9700000e+02		4.9650000e+02		6.3921352e+02		4.0674075e+02		8.3039640e+02		6.8113051e+02		6.4921313e+02		3.1917380e+01
4.9700000e+02		4.9800000e+02		4.9750000e+02		6.5113923e+02		4.1445006e+02		8.4609711e+02		6.9400931e+02		6.6144428e+02		3.2565028e+01
4.9800000e+02		4.9900000e+02		4.9850000e+02		5.9175801e+02		3.7612296e+02		7.6800740e+02		6.2997088e+02		6.0061064e+02		2.9360245e+01
4.9900000e+02		5.0000000e+02		4.9950000e+02		6.3385792e+02		4.0262942e+02		8.2218764e+02		6.7441845e+02		6.4305975e+02		3.1358693e+01
