Left Bin Edge (nm)	Right Bin Edge (nm)	Bin Center (nm)		Top of Atm Intensity (erg/s/nm/cm2)		Total Surface Flux (erg/s/nm/cm2)		Total Intensity at BOA (erg/s/nm/cm2)		Total Surface Intensity (erg/s/nm/cm2)		Total Surface Diffuse Intensity (erg/s/nm/cm2)		Total Surface Direct Intensity (erg/s/nm/cm2)
1.0000000e+02		1.0100000e+02		1.0050000e+02		1.9189487e-02		0.0000000e+00		0.0000000e+00		0.0000000e+00		0.0000000e+00		0.0000000e+00
1.0100000e+02		1.0200000e+02		1.0150000e+02		7.4861701e-02		0.0000000e+00		0.0000000e+00		0.0000000e+00		0.0000000e+00		0.0000000e+00
1.0200000e+02		1.0300000e+02		1.0250000e+02		3.9734366e-01		0.0000000e+00		0.0000000e+00		0.0000000e+00		0.0000000e+00		0.0000000e+00
1.0300000e+02		1.0400000e+02		1.0350000e+02		3.0179545e-01		0.0000000e+00		0.0000000e+00		0.0000000e+00		0.0000000e+00		0.0000000e+00
1.0400000e+02		1.0500000e+02		1.0450000e+02		6.0815352e-02		0.0000000e+00		0.0000000e+00		0.0000000e+00		0.0000000e+00		0.0000000e+00
1.0500000e+02		1.0600000e+02		1.0550000e+02		2.0834600e-02		0.0000000e+00		0.0000000e+00		0.0000000e+00		0.0000000e+00		0.0000000e+00
1.0600000e+02		1.0700000e+02		1.0650000e+02		1.9584792e-02		0.0000000e+00		0.0000000e+00		0.0000000e+00		0.0000000e+00		0.0000000e+00
1.0700000e+02		1.0800000e+02		1.0750000e+02		2.1853879e-02		0.0000000e+00		0.0000000e+00		0.0000000e+00		0.0000000e+00		0.0000000e+00
1.0800000e+02		1.0900000e+02		1.0850000e+02		3.0634999e-02		0.0000000e+00		0.0000000e+00		0.0000000e+00		0.0000000e+00		0.0000000e+00
1.0900000e+02		1.1000000e+02		1.0950000e+02		2.4032561e-02		0.0000000e+00		0.0000000e+00		0.0000000e+00		0.0000000e+00		0.0000000e+00
1.1000000e+02		1.1100000e+02		1.1050000e+02		2.3268893e-02		0.0000000e+00		0.0000000e+00		0.0000000e+00		0.0000000e+00		0.0000000e+00
1.1100000e+02		1.1200000e+02		1.1150000e+02		2.1871272e-02		0.0000000e+00		0.0000000e+00		0.0000000e+00		0.0000000e+00		0.0000000e+00
1.1200000e+02		1.1300000e+02		1.1250000e+02		2.2375602e-02		0.0000000e+00		0.0000000e+00		0.0000000e+00		0.0000000e+00		0.0000000e+00
1.1300000e+02		1.1400000e+02		1.1350000e+02		1.7748133e-02		0.0000000e+00		0.0000000e+00		0.0000000e+00		0.0000000e+00		0.0000000e+00
1.1400000e+02		1.1500000e+02		1.1450000e+02		1.3589480e-02		0.0000000e+00		0.0000000e+00		0.0000000e+00		0.0000000e+00		0.0000000e+00
1.1500000e+02		1.1600000e+02		1.1550000e+02		1.8751615e-02		0.0000000e+00		0.0000000e+00		0.0000000e+00		0.0000000e+00		0.0000000e+00
1.1600000e+02		1.1700000e+02		1.1650000e+02		4.3674487e-02		0.0000000e+00		0.0000000e+00		0.0000000e+00		0.0000000e+00		0.0000000e+00
1.1700000e+02		1.1800000e+02		1.1750000e+02		1.5546757e-01		0.0000000e+00		0.0000000e+00		0.0000000e+00		0.0000000e+00		0.0000000e+00
1.1800000e+02		1.1900000e+02		1.1850000e+02		5.2889236e-02		0.0000000e+00		0.0000000e+00		0.0000000e+00		0.0000000e+00		0.0000000e+00
1.1900000e+02		1.2000000e+02		1.1950000e+02		7.3692884e-02		0.0000000e+00		0.0000000e+00		0.0000000e+00		0.0000000e+00		0.0000000e+00
1.2000000e+02		1.2100000e+02		1.2050000e+02		4.0066072e-01		0.0000000e+00		0.0000000e+00		0.0000000e+00		0.0000000e+00		0.0000000e+00
1.2100000e+02		1.2200000e+02		1.2150000e+02		1.5905289e+01		0.0000000e+00		0.0000000e+00		0.0000000e+00		0.0000000e+00		0.0000000e+00
1.2200000e+02		1.2300000e+02		1.2250000e+02		1.0666543e-01		0.0000000e+00		0.0000000e+00		0.0000000e+00		0.0000000e+00		0.0000000e+00
1.2300000e+02		1.2400000e+02		1.2350000e+02		5.7456553e-02		0.0000000e+00		0.0000000e+00		0.0000000e+00		0.0000000e+00		0.0000000e+00
1.2400000e+02		1.2500000e+02		1.2450000e+02		4.6184197e-02		0.0000000e+00		0.0000000e+00		0.0000000e+00		0.0000000e+00		0.0000000e+00
1.2500000e+02		1.2600000e+02		1.2550000e+02		4.5085118e-02		0.0000000e+00		0.0000000e+00		0.0000000e+00		0.0000000e+00		0.0000000e+00
1.2600000e+02		1.2700000e+02		1.2650000e+02		6.3054464e-02		0.0000000e+00		0.0000000e+00		0.0000000e+00		0.0000000e+00		0.0000000e+00
1.2700000e+02		1.2800000e+02		1.2750000e+02		3.3006429e-02		0.0000000e+00		0.0000000e+00		0.0000000e+00		0.0000000e+00		0.0000000e+00
1.2800000e+02		1.2900000e+02		1.2850000e+02		2.6335196e-02		0.0000000e+00		0.0000000e+00		0.0000000e+00		0.0000000e+00		0.0000000e+00
1.2900000e+02		1.3000000e+02		1.2950000e+02		3.5131240e-02		0.0000000e+00		0.0000000e+00		0.0000000e+00		0.0000000e+00		0.0000000e+00
1.3000000e+02		1.3100000e+02		1.3050000e+02		2.8850634e-01		0.0000000e+00		0.0000000e+00		0.0000000e+00		0.0000000e+00		0.0000000e+00
1.3100000e+02		1.3200000e+02		1.3150000e+02		3.9064855e-02		0.0000000e+00		0.0000000e+00		0.0000000e+00		0.0000000e+00		0.0000000e+00
1.3200000e+02		1.3300000e+02		1.3250000e+02		3.0374778e-02		0.0000000e+00		0.0000000e+00		0.0000000e+00		0.0000000e+00		0.0000000e+00
1.3300000e+02		1.3400000e+02		1.3350000e+02		4.1056606e-01		0.0000000e+00		0.0000000e+00		0.0000000e+00		0.0000000e+00		0.0000000e+00
1.3400000e+02		1.3500000e+02		1.3450000e+02		2.8092500e-02		0.0000000e+00		0.0000000e+00		0.0000000e+00		0.0000000e+00		0.0000000e+00
1.3500000e+02		1.3600000e+02		1.3550000e+02		5.8954708e-02		0.0000000e+00		0.0000000e+00		0.0000000e+00		0.0000000e+00		0.0000000e+00
1.3600000e+02		1.3700000e+02		1.3650000e+02		3.8690656e-02		0.0000000e+00		0.0000000e+00		0.0000000e+00		0.0000000e+00		0.0000000e+00
1.3700000e+02		1.3800000e+02		1.3750000e+02		3.9732879e-02		0.0000000e+00		0.0000000e+00		0.0000000e+00		0.0000000e+00		0.0000000e+00
1.3800000e+02		1.3900000e+02		1.3850000e+02		4.0549866e-02		0.0000000e+00		0.0000000e+00		0.0000000e+00		0.0000000e+00		0.0000000e+00
1.3900000e+02		1.4000000e+02		1.3950000e+02		1.3692187e-01		0.0000000e+00		0.0000000e+00		0.0000000e+00		0.0000000e+00		0.0000000e+00
1.4000000e+02		1.4100000e+02		1.4050000e+02		1.1939088e-01		0.0000000e+00		0.0000000e+00		0.0000000e+00		0.0000000e+00		0.0000000e+00
1.4100000e+02		1.4200000e+02		1.4150000e+02		5.7521948e-02		0.0000000e+00		0.0000000e+00		0.0000000e+00		0.0000000e+00		0.0000000e+00
1.4200000e+02		1.4300000e+02		1.4250000e+02		6.2343151e-02		0.0000000e+00		0.0000000e+00		0.0000000e+00		0.0000000e+00		0.0000000e+00
1.4300000e+02		1.4400000e+02		1.4350000e+02		6.9165895e-02		0.0000000e+00		0.0000000e+00		0.0000000e+00		0.0000000e+00		0.0000000e+00
1.4400000e+02		1.4500000e+02		1.4450000e+02		6.6149126e-02		0.0000000e+00		0.0000000e+00		0.0000000e+00		0.0000000e+00		0.0000000e+00
1.4500000e+02		1.4600000e+02		1.4550000e+02		7.0536262e-02		0.0000000e+00		0.0000000e+00		0.0000000e+00		0.0000000e+00		0.0000000e+00
1.4600000e+02		1.4700000e+02		1.4650000e+02		8.6012655e-02		0.0000000e+00		0.0000000e+00		0.0000000e+00		0.0000000e+00		0.0000000e+00
1.4700000e+02		1.4800000e+02		1.4750000e+02		1.0610345e-01		0.0000000e+00		0.0000000e+00		0.0000000e+00		0.0000000e+00		0.0000000e+00
1.4800000e+02		1.4900000e+02		1.4850000e+02		1.0405386e-01		0.0000000e+00		0.0000000e+00		0.0000000e+00		0.0000000e+00		0.0000000e+00
1.4900000e+02		1.5000000e+02		1.4950000e+02		9.4002421e-02		0.0000000e+00		0.0000000e+00		0.0000000e+00		0.0000000e+00		0.0000000e+00
1.5000000e+02		1.5100000e+02		1.5050000e+02		1.0343288e-01		0.0000000e+00		0.0000000e+00		0.0000000e+00		0.0000000e+00		0.0000000e+00
1.5100000e+02		1.5200000e+02		1.5150000e+02		1.0875212e-01		0.0000000e+00		0.0000000e+00		0.0000000e+00		0.0000000e+00		0.0000000e+00
1.5200000e+02		1.5300000e+02		1.5250000e+02		1.3876638e-01		0.0000000e+00		0.0000000e+00		0.0000000e+00		0.0000000e+00		0.0000000e+00
1.5300000e+02		1.5400000e+02		1.5350000e+02		1.5371418e-01		0.0000000e+00		0.0000000e+00		0.0000000e+00		0.0000000e+00		0.0000000e+00
1.5400000e+02		1.5500000e+02		1.5450000e+02		4.1112511e-01		0.0000000e+00		0.0000000e+00		0.0000000e+00		0.0000000e+00		0.0000000e+00
1.5500000e+02		1.5600000e+02		1.5550000e+02		3.3836363e-01		0.0000000e+00		0.0000000e+00		0.0000000e+00		0.0000000e+00		0.0000000e+00
1.5600000e+02		1.5700000e+02		1.5650000e+02		2.0084632e-01		0.0000000e+00		0.0000000e+00		0.0000000e+00		0.0000000e+00		0.0000000e+00
1.5700000e+02		1.5800000e+02		1.5750000e+02		1.8216796e-01		0.0000000e+00		0.0000000e+00		0.0000000e+00		0.0000000e+00		0.0000000e+00
1.5800000e+02		1.5900000e+02		1.5850000e+02		1.6795176e-01		0.0000000e+00		0.0000000e+00		0.0000000e+00		0.0000000e+00		0.0000000e+00
1.5900000e+02		1.6000000e+02		1.5950000e+02		1.6379377e-01		0.0000000e+00		0.0000000e+00		0.0000000e+00		0.0000000e+00		0.0000000e+00
1.6000000e+02		1.6100000e+02		1.6050000e+02		1.7926410e-01		0.0000000e+00		0.0000000e+00		0.0000000e+00		0.0000000e+00		0.0000000e+00
1.6100000e+02		1.6200000e+02		1.6150000e+02		2.0306941e-01		0.0000000e+00		0.0000000e+00		0.0000000e+00		0.0000000e+00		0.0000000e+00
1.6200000e+02		1.6300000e+02		1.6250000e+02		2.2492895e-01		0.0000000e+00		0.0000000e+00		0.0000000e+00		0.0000000e+00		0.0000000e+00
1.6300000e+02		1.6400000e+02		1.6350000e+02		4.7671727e-01		0.0000000e+00		0.0000000e+00		0.0000000e+00		0.0000000e+00		0.0000000e+00
1.6400000e+02		1.6500000e+02		1.6450000e+02		4.8753270e-01		0.0000000e+00		0.0000000e+00		0.0000000e+00		0.0000000e+00		0.0000000e+00
1.6500000e+02		1.6600000e+02		1.6550000e+02		5.7072689e-01		0.0000000e+00		0.0000000e+00		0.0000000e+00		0.0000000e+00		0.0000000e+00
1.6600000e+02		1.6700000e+02		1.6650000e+02		2.6919628e-01		0.0000000e+00		0.0000000e+00		0.0000000e+00		0.0000000e+00		0.0000000e+00
1.6700000e+02		1.6800000e+02		1.6750000e+02		2.8728373e-01		0.0000000e+00		0.0000000e+00		0.0000000e+00		0.0000000e+00		0.0000000e+00
1.6800000e+02		1.6900000e+02		1.6850000e+02		3.0958866e-01		0.0000000e+00		0.0000000e+00		0.0000000e+00		0.0000000e+00		0.0000000e+00
1.6900000e+02		1.7000000e+02		1.6950000e+02		3.8988989e-01		0.0000000e+00		0.0000000e+00		0.0000000e+00		0.0000000e+00		0.0000000e+00
1.7000000e+02		1.7100000e+02		1.7050000e+02		4.3752516e-01		0.0000000e+00		0.0000000e+00		0.0000000e+00		0.0000000e+00		0.0000000e+00
1.7100000e+02		1.7200000e+02		1.7150000e+02		4.3618394e-01		0.0000000e+00		0.0000000e+00		0.0000000e+00		0.0000000e+00		0.0000000e+00
1.7200000e+02		1.7300000e+02		1.7250000e+02		4.5514763e-01		0.0000000e+00		0.0000000e+00		0.0000000e+00		0.0000000e+00		0.0000000e+00
1.7300000e+02		1.7400000e+02		1.7350000e+02		4.5120572e-01		0.0000000e+00		0.0000000e+00		0.0000000e+00		0.0000000e+00		0.0000000e+00
1.7400000e+02		1.7500000e+02		1.7450000e+02		5.3951828e-01		0.0000000e+00		0.0000000e+00		0.0000000e+00		0.0000000e+00		0.0000000e+00
1.7500000e+02		1.7600000e+02		1.7550000e+02		6.4389120e-01		0.0000000e+00		0.0000000e+00		0.0000000e+00		0.0000000e+00		0.0000000e+00
1.7600000e+02		1.7700000e+02		1.7650000e+02		6.9472845e-01		0.0000000e+00		0.0000000e+00		0.0000000e+00		0.0000000e+00		0.0000000e+00
1.7700000e+02		1.7800000e+02		1.7750000e+02		8.1849614e-01		0.0000000e+00		0.0000000e+00		0.0000000e+00		0.0000000e+00		0.0000000e+00
1.7800000e+02		1.7900000e+02		1.7850000e+02		8.9455089e-01		0.0000000e+00		0.0000000e+00		0.0000000e+00		0.0000000e+00		0.0000000e+00
1.7900000e+02		1.8000000e+02		1.7950000e+02		8.6966614e-01		0.0000000e+00		0.0000000e+00		0.0000000e+00		0.0000000e+00		0.0000000e+00
1.8000000e+02		1.8100000e+02		1.8050000e+02		1.0753674e+00		0.0000000e+00		0.0000000e+00		0.0000000e+00		0.0000000e+00		0.0000000e+00
1.8100000e+02		1.8200000e+02		1.8150000e+02		1.3093431e+00		0.0000000e+00		0.0000000e+00		0.0000000e+00		0.0000000e+00		0.0000000e+00
1.8200000e+02		1.8300000e+02		1.8250000e+02		1.2087370e+00		0.0000000e+00		0.0000000e+00		0.0000000e+00		0.0000000e+00		0.0000000e+00
1.8300000e+02		1.8400000e+02		1.8350000e+02		1.2728289e+00		0.0000000e+00		0.0000000e+00		0.0000000e+00		0.0000000e+00		0.0000000e+00
1.8400000e+02		1.8500000e+02		1.8450000e+02		1.0940339e+00		0.0000000e+00		0.0000000e+00		0.0000000e+00		0.0000000e+00		0.0000000e+00
1.8500000e+02		1.8600000e+02		1.8550000e+02		1.2372281e+00		0.0000000e+00		0.0000000e+00		0.0000000e+00		0.0000000e+00		0.0000000e+00
1.8600000e+02		1.8700000e+02		1.8650000e+02		1.4037992e+00		0.0000000e+00		0.0000000e+00		0.0000000e+00		0.0000000e+00		0.0000000e+00
1.8700000e+02		1.8800000e+02		1.8750000e+02		1.5907538e+00		0.0000000e+00		0.0000000e+00		0.0000000e+00		0.0000000e+00		0.0000000e+00
1.8800000e+02		1.8900000e+02		1.8850000e+02		1.6735993e+00		0.0000000e+00		0.0000000e+00		0.0000000e+00		0.0000000e+00		0.0000000e+00
1.8900000e+02		1.9000000e+02		1.8950000e+02		1.8559600e+00		1.5553149e-286		0.0000000e+00		1.5574143e-286		4.9673338e-289		1.5524470e-286
1.9000000e+02		1.9100000e+02		1.9050000e+02		1.9109940e+00		1.0770569e-237		0.0000000e+00		1.0792515e-237		5.1924661e-240		1.0740590e-237
1.9100000e+02		1.9200000e+02		1.9150000e+02		2.0707336e+00		1.4431008e-210		0.0000000e+00		1.4472159e-210		9.7362852e-213		1.4374796e-210
1.9200000e+02		1.9300000e+02		1.9250000e+02		2.1685186e+00		8.2750606e-82		1.1303470e-78		1.4332825e-81		1.4332825e-81		1.9102593e-191
1.9300000e+02		1.9400000e+02		1.9350000e+02		1.6554009e+00		1.6294221e-61		3.7164925e-59		2.8222418e-61		2.8222418e-61		1.7783846e-179
1.9400000e+02		1.9500000e+02		1.9450000e+02		2.6556632e+00		3.3291280e-50		2.9068022e-48		5.7662188e-50		5.7662188e-50		1.8070592e-172
1.9500000e+02		1.9600000e+02		1.9550000e+02		2.5630279e+00		1.4749601e-41		6.1401479e-40		2.5547059e-41		2.5547059e-41		3.7482925e-167
1.9600000e+02		1.9700000e+02		1.9650000e+02		2.8204934e+00		7.9931560e-37		2.2370117e-35		1.3844552e-36		1.3844552e-36		3.5158142e-164
1.9700000e+02		1.9800000e+02		1.9750000e+02		2.8068384e+00		4.2635759e-33		8.7215414e-32		7.3847300e-33		7.3847300e-33		7.0944432e-162
1.9800000e+02		1.9900000e+02		1.9850000e+02		2.7505577e+00		1.4984606e-20		1.0892753e-19		2.5954099e-20		2.5954099e-20		7.2643473e-155
1.9900000e+02		2.0000000e+02		1.9950000e+02		2.8965557e+00		4.2080577e-09		1.2874985e-08		7.2885698e-09		7.2885698e-09		1.7822521e-148
2.0000000e+02		2.0100000e+02		2.0050000e+02		3.0623388e+00		1.4209487e-08		4.2047604e-08		2.4611553e-08		2.4611553e-08		8.0644772e-148
2.0100000e+02		2.0200000e+02		2.0150000e+02		3.2593670e+00		9.0778985e-08		2.5546174e-07		1.5723382e-07		1.5723382e-07		2.4596290e-147
2.0200000e+02		2.0300000e+02		2.0250000e+02		3.2217937e+00		2.3964672e-07		6.5679505e-07		4.1508029e-07		4.1508029e-07		1.1634675e-146
2.0300000e+02		2.0400000e+02		2.0350000e+02		3.4484145e+00		8.0022624e-07		2.1281952e-06		1.3860325e-06		1.3860325e-06		4.2757457e-146
2.0400000e+02		2.0500000e+02		2.0450000e+02		3.7117169e+00		2.2125672e-06		5.7447360e-06		3.8322788e-06		3.8322788e-06		1.6659515e-145
2.0500000e+02		2.0600000e+02		2.0550000e+02		3.7200399e+00		4.8079572e-06		1.2243971e-05		8.3276261e-06		8.3276261e-06		4.3932423e-145
2.0600000e+02		2.0700000e+02		2.0650000e+02		3.7247532e+00		9.4252559e-06		2.3613443e-05		1.6325022e-05		1.6325022e-05		1.0194098e-144
2.0700000e+02		2.0800000e+02		2.0750000e+02		4.0454145e+00		1.8402625e-05		4.5469833e-05		3.1874282e-05		3.1874282e-05		3.4710420e-144
2.0800000e+02		2.0900000e+02		2.0850000e+02		4.3759554e+00		3.2234719e-05		7.8701041e-05		5.5832171e-05		5.5832171e-05		4.7619823e-144
2.0900000e+02		2.1000000e+02		2.0950000e+02		5.6528678e+00		6.8111223e-05		1.6451229e-04		1.1797210e-04		1.1797210e-04		1.3179785e-143
2.1000000e+02		2.1100000e+02		2.1050000e+02		6.9678423e+00		1.3417505e-04		3.2076995e-04		2.3239800e-04		2.3239800e-04		9.9365365e-143
2.1100000e+02		2.1200000e+02		2.1150000e+02		7.9326445e+00		2.3349431e-04		5.5296514e-04		4.0442401e-04		4.0442401e-04		1.5393262e-142
2.1200000e+02		2.1300000e+02		2.1250000e+02		7.0734222e+00		3.1275271e-04		7.3423383e-04		5.4170358e-04		5.4170358e-04		3.1293891e-142
2.1300000e+02		2.1400000e+02		2.1350000e+02		7.2066449e+00		4.5905961e-04		1.0694624e-03		7.9511458e-04		7.9511458e-04		6.6111735e-142
2.1400000e+02		2.1500000e+02		2.1450000e+02		9.2279181e+00		8.3125913e-04		1.9227048e-03		1.4397831e-03		1.4397831e-03		1.4185253e-141
2.1500000e+02		2.1600000e+02		2.1550000e+02		7.9257408e+00		1.0048589e-03		2.3077834e-03		1.7404667e-03		1.7404667e-03		2.0223268e-141
2.1600000e+02		2.1700000e+02		2.1650000e+02		7.3353469e+00		1.3155835e-03		3.0012426e-03		2.2786575e-03		2.2786575e-03		1.0981527e-140
2.1700000e+02		2.1800000e+02		2.1750000e+02		7.5953881e+00		1.8778915e-03		4.2570197e-03		3.2526035e-03		3.2526035e-03		7.9781845e-141
2.1800000e+02		2.1900000e+02		2.1850000e+02		1.0217230e+01		3.4052806e-03		7.6758584e-03		5.8981191e-03		5.8981191e-03		2.8078292e-140
2.1900000e+02		2.2000000e+02		2.1950000e+02		1.0786519e+01		4.6999225e-03		1.0540283e-02		8.1405045e-03		8.1405045e-03		3.5005418e-140
2.2000000e+02		2.2100000e+02		2.2050000e+02		1.0851638e+01		6.1104089e-03		1.3638678e-02		1.0583539e-02		1.0583539e-02		8.8466069e-140
2.2100000e+02		2.2200000e+02		2.2150000e+02		8.6872371e+00		6.2393562e-03		1.3864972e-02		1.0806882e-02		1.0806882e-02		1.1368144e-139
2.2200000e+02		2.2300000e+02		2.2250000e+02		1.1691346e+01		1.0620893e-02		2.3504265e-02		1.8395927e-02		1.8395927e-02		3.5752002e-139
2.2300000e+02		2.2400000e+02		2.2350000e+02		1.5139682e+01		1.7089554e-02		3.7678174e-02		2.9599976e-02		2.9599976e-02		7.8447497e-139
2.2400000e+02		2.2500000e+02		2.2450000e+02		1.4154944e+01		1.9490319e-02		4.2823995e-02		3.3758222e-02		3.3758222e-02		7.7320127e-139
2.2500000e+02		2.2600000e+02		2.2550000e+02		1.2365614e+01		2.0692581e-02		4.5320630e-02		3.5840601e-02		3.5840601e-02		1.5317353e-138
2.2600000e+02		2.2700000e+02		2.2650000e+02		9.0577089e+00		1.8015075e-02		3.9341424e-02		3.1203025e-02		3.1203025e-02		1.0184377e-138
2.2700000e+02		2.2800000e+02		2.2750000e+02		8.8108381e+00		2.0810402e-02		4.5320169e-02		3.6044673e-02		3.6044673e-02		1.3795019e-138
2.2800000e+02		2.2900000e+02		2.2850000e+02		1.2275156e+01		3.3929786e-02		7.3710692e-02		5.8768113e-02		5.8768113e-02		5.5789109e-138
2.2900000e+02		2.3000000e+02		2.2950000e+02		1.1031259e+01		3.5397451e-02		7.6723780e-02		6.1310183e-02		6.1310183e-02		1.2875129e-137
2.3000000e+02		2.3100000e+02		2.3050000e+02		1.2510180e+01		4.6118432e-02		9.9745167e-02		7.9879467e-02		7.9879467e-02		1.3505179e-137
2.3100000e+02		2.3200000e+02		2.3150000e+02		1.1791833e+01		4.9514549e-02		1.0688054e-01		8.5761715e-02		8.5761715e-02		2.2322594e-137
2.3200000e+02		2.3300000e+02		2.3250000e+02		1.2664003e+01		5.9741834e-02		1.2873671e-01		1.0347589e-01		1.0347589e-01		6.8697437e-137
2.3300000e+02		2.3400000e+02		2.3350000e+02		1.1428554e+01		5.9638696e-02		1.2831625e-01		1.0329725e-01		1.0329725e-01		5.2560954e-137
2.3400000e+02		2.3500000e+02		2.3450000e+02		9.9864853e+00		5.7195502e-02		1.2288755e-01		9.9065516e-02		9.9065516e-02		5.3691177e-137
2.3500000e+02		2.3600000e+02		2.3550000e+02		1.3443360e+01		8.3469741e-02		1.7911109e-01		1.4457383e-01		1.4457383e-01		6.2729643e-137
2.3600000e+02		2.3700000e+02		2.3650000e+02		1.2448020e+01		8.4088609e-02		1.8022862e-01		1.4564574e-01		1.4564574e-01		1.5574010e-136
2.3700000e+02		2.3800000e+02		2.3750000e+02		1.3294723e+01		9.6289192e-02		2.0616186e-01		1.6677777e-01		1.6677777e-01		3.0807788e-136
2.3800000e+02		2.3900000e+02		2.3850000e+02		1.1021422e+01		8.5267955e-02		1.8239246e-01		1.4768843e-01		1.4768843e-01		4.6224607e-136
2.3900000e+02		2.4000000e+02		2.3950000e+02		1.2008577e+01		9.8225223e-02		2.0993161e-01		1.7013108e-01		1.7013108e-01		7.4306327e-136
2.4000000e+02		2.4100000e+02		2.4050000e+02		1.1032163e+01		9.4608661e-02		2.0204806e-01		1.6386701e-01		1.6386701e-01		5.3244194e-136
2.4100000e+02		2.4200000e+02		2.4150000e+02		1.2918879e+01		1.1557956e-01		2.4666649e-01		2.0018968e-01		2.0018968e-01		9.9809186e-136
2.4200000e+02		2.4300000e+02		2.4250000e+02		1.7782729e+01		1.6515111e-01		3.5224249e-01		2.8605011e-01		2.8605011e-01		1.8581386e-135
2.4300000e+02		2.4400000e+02		2.4350000e+02		1.6701989e+01		1.6047186e-01		3.4207320e-01		2.7794542e-01		2.7794542e-01		2.5917321e-135
2.4400000e+02		2.4500000e+02		2.4450000e+02		1.5641720e+01		1.5484233e-01		3.2990914e-01		2.6819478e-01		2.6819478e-01		4.1140637e-135
2.4500000e+02		2.4600000e+02		2.4550000e+02		1.2691134e+01		1.2887183e-01		2.7445072e-01		2.2321256e-01		2.2321256e-01		3.9639624e-135
2.4600000e+02		2.4700000e+02		2.4650000e+02		1.2350906e+01		1.2849101e-01		2.7352750e-01		2.2255296e-01		2.2255296e-01		1.0245547e-134
2.4700000e+02		2.4800000e+02		2.4750000e+02		1.3639226e+01		1.4437681e-01		3.0722904e-01		2.5006798e-01		2.5006798e-01		1.0185624e-134
2.4800000e+02		2.4900000e+02		2.4850000e+02		1.0938846e+01		1.1729035e-01		2.4950399e-01		2.0315284e-01		2.0315284e-01		7.0486602e-135
2.4900000e+02		2.5000000e+02		2.4950000e+02		1.3333262e+01		1.4401423e-01		3.0625633e-01		2.4943996e-01		2.4943996e-01		1.2795893e-134
2.5000000e+02		2.5100000e+02		2.5050000e+02		1.4401571e+01		1.5857253e-01		3.3712010e-01		2.7465568e-01		2.7465568e-01		2.1966445e-134
2.5100000e+02		2.5200000e+02		2.5150000e+02		1.2007424e+01		1.3371079e-01		2.8419189e-01		2.3159387e-01		2.3159387e-01		2.6113175e-134
2.5200000e+02		2.5300000e+02		2.5250000e+02		1.0794009e+01		1.2108534e-01		2.5729641e-01		2.0972596e-01		2.0972596e-01		2.5263322e-134
2.5300000e+02		2.5400000e+02		2.5350000e+02		1.3602371e+01		1.5363377e-01		3.2638716e-01		2.6610149e-01		2.6610149e-01		4.7040854e-134
2.5400000e+02		2.5500000e+02		2.5450000e+02		1.5384114e+01		1.7462132e-01		3.7089771e-01		3.0245300e-01		3.0245300e-01		5.2786449e-134
2.5500000e+02		2.5600000e+02		2.5550000e+02		2.0992062e+01		2.3951968e-01		5.0864399e-01		4.1486025e-01		4.1486025e-01		1.0912683e-133
2.5600000e+02		2.5700000e+02		2.5650000e+02		2.7040612e+01		3.1008655e-01		6.5837893e-01		5.3708566e-01		5.3708566e-01		2.4741260e-133
2.5700000e+02		2.5800000e+02		2.5750000e+02		3.3946512e+01		3.9088587e-01		8.2978819e-01		6.7703419e-01		6.7703419e-01		4.1146120e-133
2.5800000e+02		2.5900000e+02		2.5850000e+02		3.5732434e+01		4.1199705e-01		8.7445817e-01		7.1359983e-01		7.1359983e-01		3.3672188e-133
2.5900000e+02		2.6000000e+02		2.5950000e+02		3.0409976e+01		3.4908831e-01		7.4087866e-01		6.0463868e-01		6.0463868e-01		4.7761181e-133
2.6000000e+02		2.6100000e+02		2.6050000e+02		2.4915606e+01		2.8494629e-01		6.0469969e-01		4.9354145e-01		4.9354145e-01		5.9796301e-133
2.6100000e+02		2.6200000e+02		2.6150000e+02		2.5442742e+01		2.9133305e-01		6.1816333e-01		5.0460365e-01		5.0460365e-01		4.7571586e-133
2.6200000e+02		2.6300000e+02		2.6250000e+02		3.0366547e+01		3.4830415e-01		7.3893769e-01		6.0328048e-01		6.0328048e-01		6.5460285e-133
2.6300000e+02		2.6400000e+02		2.6350000e+02		4.5700096e+01		5.2475035e-01		1.1131351e+00		9.0889426e-01		9.0889426e-01		1.4287125e-132
2.6400000e+02		2.6500000e+02		2.6450000e+02		7.1249372e+01		8.2152203e-01		1.7423848e+00		1.4229179e+00		1.4229179e+00		3.4801932e-132
2.6500000e+02		2.6600000e+02		2.6550000e+02		7.4731454e+01		8.6265242e-01		1.8293851e+00		1.4941578e+00		1.4941578e+00		3.4819114e-132
2.6600000e+02		2.6700000e+02		2.6650000e+02		7.2446611e+01		8.3842702e-01		1.7777974e+00		1.4521982e+00		1.4521982e+00		6.9625427e-132
2.6700000e+02		2.6800000e+02		2.6750000e+02		7.2937204e+01		8.4496809e-01		1.7914194e+00		1.4635277e+00		1.4635277e+00		5.7178584e-132
2.6800000e+02		2.6900000e+02		2.6850000e+02		7.2239021e+01		8.3796474e-01		1.7763376e+00		1.4513975e+00		1.4513975e+00		5.9651647e-132
2.6900000e+02		2.7000000e+02		2.6950000e+02		6.7758000e+01		7.8600383e-01		1.6660104e+00		1.3613986e+00		1.3613986e+00		1.2204204e-131
2.7000000e+02		2.7100000e+02		2.7050000e+02		7.8281462e+01		9.1227428e-01		1.9334272e+00		1.5801054e+00		1.5801054e+00		2.4134478e-131
2.7100000e+02		2.7200000e+02		2.7150000e+02		6.5051220e+01		7.5545444e-01		1.6009122e+00		1.3084855e+00		1.3084855e+00		1.0342884e-131
2.7200000e+02		2.7300000e+02		2.7250000e+02		5.2331568e+01		6.1095297e-01		1.2945259e+00		1.0582016e+00		1.0582016e+00		1.7240270e-131
2.7300000e+02		2.7400000e+02		2.7350000e+02		5.5800645e+01		6.4473667e-01		1.3659613e+00		1.1167167e+00		1.1167167e+00		1.8961371e-131
2.7400000e+02		2.7500000e+02		2.7450000e+02		3.8398649e+01		4.4856542e-01		9.5024603e-01		7.7693810e-01		7.7693810e-01		1.4007139e-131
2.7500000e+02		2.7600000e+02		2.7550000e+02		5.1208696e+01		5.9741122e-01		1.2654534e+00		1.0347466e+00		1.0347466e+00		1.8386088e-131
2.7600000e+02		2.7700000e+02		2.7650000e+02		7.1318275e+01		8.3286153e-01		1.7640057e+00		1.4425585e+00		1.4425585e+00		4.2818354e-131
2.7700000e+02		2.7800000e+02		2.7750000e+02		6.8188493e+01		7.9641686e-01		1.6866267e+00		1.3794345e+00		1.3794345e+00		2.2477044e-131
2.7800000e+02		2.7900000e+02		2.7850000e+02		4.7024496e+01		5.4993552e-01		1.1645221e+00		9.5251625e-01		9.5251625e-01		1.6719213e-131
2.7900000e+02		2.8000000e+02		2.7950000e+02		2.6422560e+01		3.0935079e-01		6.5501347e-01		5.3581129e-01		5.3581129e-01		1.4998260e-131
2.8000000e+02		2.8100000e+02		2.8050000e+02		2.8982131e+01		3.3952482e-01		7.1884341e-01		5.8807423e-01		5.8807423e-01		2.4789089e-131
2.8100000e+02		2.8200000e+02		2.8150000e+02		6.0033324e+01		7.0449502e-01		1.4914149e+00		1.2202212e+00		1.2202212e+00		7.0595047e-131
2.8200000e+02		2.8300000e+02		2.8250000e+02		8.1733762e+01		9.5796494e-01		2.0278220e+00		1.6592440e+00		1.6592440e+00		1.2392015e-130
2.8300000e+02		2.8400000e+02		2.8350000e+02		8.4433091e+01		9.9188448e-01		2.0994355e+00		1.7179943e+00		1.7179943e+00		1.8235175e-130
2.8400000e+02		2.8500000e+02		2.8450000e+02		6.2255376e+01		7.3200824e-01		1.5492350e+00		1.2678755e+00		1.2678755e+00		8.6750606e-131
2.8500000e+02		2.8600000e+02		2.8550000e+02		4.0018063e+01		4.7042045e-01		9.9552554e-01		8.1479212e-01		8.1479212e-01		5.4956877e-131
2.8600000e+02		2.8700000e+02		2.8650000e+02		8.2001717e+01		9.6657628e-01		2.0453367e+00		1.6741592e+00		1.6741592e+00		2.0333262e-130
2.8700000e+02		2.8800000e+02		2.8750000e+02		9.5189148e+01		1.1204041e+00		2.3706668e+00		1.9405969e+00		1.9405969e+00		1.7671410e-130
2.8800000e+02		2.8900000e+02		2.8850000e+02		9.0460934e+01		1.0668630e+00		2.2572038e+00		1.8478610e+00		1.8478610e+00		2.8403995e-130
2.8900000e+02		2.9000000e+02		2.8950000e+02		1.3728321e+02		1.6123675e+00		3.4111128e+00		2.7927025e+00		2.7927025e+00		2.3195525e-130
2.9000000e+02		2.9100000e+02		2.9050000e+02		1.8023325e+02		2.1217265e+00		4.4884023e+00		3.6749381e+00		3.6749381e+00		4.5002761e-130
2.9100000e+02		2.9200000e+02		2.9150000e+02		1.7359450e+02		2.0470813e+00		4.3301657e+00		3.5456489e+00		3.5456489e+00		6.8507852e-130
2.9200000e+02		2.9300000e+02		2.9250000e+02		1.5421676e+02		1.8225721e+00		3.8549483e+00		3.1567875e+00		3.1567875e+00		9.3944115e-130
2.9300000e+02		2.9400000e+02		2.9350000e+02		1.6099986e+02		1.9046014e+00		4.0281068e+00		3.2988663e+00		3.2988663e+00		9.1713234e-130
2.9400000e+02		2.9500000e+02		2.9450000e+02		1.4991794e+02		1.7693818e+00		3.7419649e+00		3.0646592e+00		3.0646592e+00		9.5486381e-130
2.9500000e+02		2.9600000e+02		2.9550000e+02		1.6232431e+02		1.9170189e+00		4.0538233e+00		3.3203741e+00		3.3203741e+00		9.1727241e-130
2.9600000e+02		2.9700000e+02		2.9650000e+02		1.4851381e+02		1.7583116e+00		3.7179068e+00		3.0454850e+00		3.0454850e+00		1.0156520e-129
2.9700000e+02		2.9800000e+02		2.9750000e+02		1.5140866e+02		1.7917759e+00		3.7884488e+00		3.1034468e+00		3.1034468e+00		1.5795505e-129
2.9800000e+02		2.9900000e+02		2.9850000e+02		1.3012850e+02		1.5378207e+00		3.2513021e+00		2.6635835e+00		2.6635835e+00		6.8831276e-130
2.9900000e+02		3.0000000e+02		2.9950000e+02		1.4682541e+02		1.7423398e+00		3.6834823e+00		3.0178211e+00		3.0178211e+00		2.5224873e-129
3.0000000e+02		3.0100000e+02		3.0050000e+02		1.1681452e+02		1.3833144e+00		2.9242554e+00		2.3959708e+00		2.3959708e+00		1.0349886e-129
3.0100000e+02		3.0200000e+02		3.0150000e+02		1.3434477e+02		1.5807185e+00		3.3413589e+00		2.7378847e+00		2.7378847e+00		1.8498485e-129
3.0200000e+02		3.0300000e+02		3.0250000e+02		1.4142283e+02		1.6788764e+00		3.5486102e+00		2.9078992e+00		2.9078992e+00		2.1689686e-129
3.0300000e+02		3.0400000e+02		3.0350000e+02		1.8342160e+02		2.1764772e+00		4.6001692e+00		3.7697690e+00		3.7697690e+00		3.4195435e-129
3.0400000e+02		3.0500000e+02		3.0450000e+02		1.7556728e+02		2.0859832e+00		4.4085586e+00		3.6130289e+00		3.6130289e+00		3.1714915e-129
3.0500000e+02		3.0600000e+02		3.0550000e+02		1.7728071e+02		2.1086952e+00		4.4562749e+00		3.6523673e+00		3.6523673e+00		3.7585526e-129
3.0600000e+02		3.0700000e+02		3.0650000e+02		1.6814926e+02		2.0021196e+00		4.2307847e+00		3.4677728e+00		3.4677728e+00		3.9293488e-129
3.0700000e+02		3.0800000e+02		3.0750000e+02		1.8878816e+02		2.2440379e+00		4.7418145e+00		3.8867877e+00		3.8867877e+00		4.4844173e-129
3.0800000e+02		3.0900000e+02		3.0850000e+02		1.8529086e+02		2.2072190e+00		4.6637346e+00		3.8230155e+00		3.8230155e+00		7.4007502e-129
3.0900000e+02		3.1000000e+02		3.0950000e+02		1.5026991e+02		1.7878985e+00		3.7774864e+00		3.0967310e+00		3.0967310e+00		2.7490069e-129
3.1000000e+02		3.1100000e+02		3.1050000e+02		1.8913229e+02		2.2526720e+00		4.7592552e+00		3.9017423e+00		3.9017423e+00		5.6022215e-129
3.1100000e+02		3.1200000e+02		3.1150000e+02		2.2495083e+02		2.6811590e+00		5.6641970e+00		4.6439036e+00		4.6439036e+00		8.4534325e-129
3.1200000e+02		3.1300000e+02		3.1250000e+02		2.0030306e+02		2.3844235e+00		5.0371335e+00		4.1299427e+00		4.1299427e+00		8.8219821e-129
3.1300000e+02		3.1400000e+02		3.1350000e+02		2.1331645e+02		2.5438954e+00		5.3736315e+00		4.4061560e+00		4.4061560e+00		8.0886820e-129
3.1400000e+02		3.1500000e+02		3.1450000e+02		2.0119548e+02		2.3951230e+00		5.0591734e+00		4.1484748e+00		4.1484748e+00		1.0348094e-128
3.1500000e+02		3.1600000e+02		3.1550000e+02		1.9522773e+02		2.3260953e+00		4.9131812e+00		4.0289152e+00		4.0289152e+00		9.4564339e-129
3.1600000e+02		3.1700000e+02		3.1650000e+02		1.9043254e+02		2.2699284e+00		4.7943622e+00		3.9316312e+00		3.9316312e+00		1.0678610e-128
3.1700000e+02		3.1800000e+02		3.1750000e+02		2.4155434e+02		2.8856233e+00		6.0944394e+00		4.9980462e+00		4.9980462e+00		2.1758795e-128
3.1800000e+02		3.1900000e+02		3.1850000e+02		1.9952276e+02		2.3668557e+00		4.9985874e+00		4.0995143e+00		4.0995143e+00		1.1708341e-128
3.1900000e+02		3.2000000e+02		3.1950000e+02		2.1430874e+02		2.5595523e+00		5.4053349e+00		4.4332746e+00		4.4332746e+00		2.1487593e-128
3.2000000e+02		3.2100000e+02		3.2050000e+02		2.4621307e+02		2.9431576e+00		6.2150793e+00		5.0976986e+00		5.0976986e+00		2.1403702e-128
3.2100000e+02		3.2200000e+02		3.2150000e+02		2.0677326e+02		2.4577412e+00		5.1900552e+00		4.2569326e+00		4.2569326e+00		1.4104917e-128
3.2200000e+02		3.2300000e+02		3.2250000e+02		2.0765168e+02		2.4823803e+00		5.2415786e+00		4.2996087e+00		4.2996087e+00		1.7180815e-128
3.2300000e+02		3.2400000e+02		3.2350000e+02		2.0066974e+02		2.3950371e+00		5.0570075e+00		4.1483260e+00		4.1483260e+00		1.5313927e-128
3.2400000e+02		3.2500000e+02		3.2450000e+02		2.3629853e+02		2.8170263e+00		5.9477669e+00		4.8792326e+00		4.8792326e+00		1.4915197e-128
3.2500000e+02		3.2600000e+02		3.2550000e+02		2.7209498e+02		3.1853822e+00		6.7258574e+00		5.5172439e+00		5.5172439e+00		1.0471709e-128
3.2600000e+02		3.2700000e+02		3.2650000e+02		3.0699214e+02		3.6651061e+00		7.7376583e+00		6.3481499e+00		6.3481499e+00		2.7218632e-128
3.2700000e+02		3.2800000e+02		3.2750000e+02		2.9701525e+02		3.5489726e+00		7.4922306e+00		6.1470008e+00		6.1470008e+00		2.6411426e-128
3.2800000e+02		3.2900000e+02		3.2850000e+02		2.8673370e+02		3.4236515e+00		7.2274293e+00		5.9299383e+00		5.9299383e+00		2.6511592e-128
3.2900000e+02		3.3000000e+02		3.2950000e+02		3.3379807e+02		3.9883697e+00		8.4194041e+00		6.9080590e+00		6.9080590e+00		6.1433766e-128
3.3000000e+02		3.3100000e+02		3.3050000e+02		3.1443449e+02		3.7380528e+00		7.8910338e+00		6.4744973e+00		6.4744973e+00		4.0417664e-128
3.3100000e+02		3.3200000e+02		3.3150000e+02		3.0087994e+02		3.6142140e+00		7.6285688e+00		6.2600023e+00		6.2600023e+00		6.6375669e-128
3.3200000e+02		3.3300000e+02		3.3250000e+02		2.9519831e+02		3.5366556e+00		7.4646581e+00		6.1256671e+00		6.1256671e+00		4.0565822e-128
3.3300000e+02		3.3400000e+02		3.3350000e+02		2.8364288e+02		3.4066976e+00		7.1901576e+00		5.9005733e+00		5.9005733e+00		9.0731492e-128
3.3400000e+02		3.3500000e+02		3.3450000e+02		2.9883003e+02		3.5846492e+00		7.5655562e+00		6.2087945e+00		6.2087945e+00		8.2758588e-128
3.3500000e+02		3.3600000e+02		3.3550000e+02		2.9511053e+02		3.5360278e+00		7.4626665e+00		6.1245798e+00		6.1245798e+00		6.5508534e-128
3.3600000e+02		3.3700000e+02		3.3650000e+02		2.4313126e+02		2.9151888e+00		6.1522024e+00		5.0492552e+00		5.0492552e+00		6.1632422e-128
3.3700000e+02		3.3800000e+02		3.3750000e+02		2.5649874e+02		3.0737977e+00		6.4866642e+00		5.3239739e+00		5.3239739e+00		4.5332588e-128
3.3800000e+02		3.3900000e+02		3.3850000e+02		2.7748673e+02		3.3276429e+00		7.0220334e+00		5.7636465e+00		5.7636465e+00		4.6798222e-128
3.3900000e+02		3.4000000e+02		3.3950000e+02		2.9040264e+02		3.4870610e+00		7.3582769e+00		6.0397668e+00		6.0397668e+00		8.6382550e-128
3.4000000e+02		3.4100000e+02		3.4050000e+02		3.0654056e+02		3.6700370e+00		7.7442826e+00		6.3566905e+00		6.3566905e+00		5.5231787e-128
3.4100000e+02		3.4200000e+02		3.4150000e+02		2.7979685e+02		3.3213836e+00		7.0089952e+00		5.7528052e+00		5.7528052e+00		4.3316717e-128
3.4200000e+02		3.4300000e+02		3.4250000e+02		3.0344565e+02		3.6418333e+00		7.6843300e+00		6.3078402e+00		6.3078402e+00		1.3828779e-127
3.4300000e+02		3.4400000e+02		3.4350000e+02		2.9822260e+02		3.5664524e+00		7.5253867e+00		6.1772768e+00		6.1772768e+00		1.5528150e-127
3.4400000e+02		3.4500000e+02		3.4450000e+02		2.3986676e+02		2.8663538e+00		6.0476845e+00		4.9646704e+00		4.9646704e+00		1.0939063e-127
3.4500000e+02		3.4600000e+02		3.4550000e+02		2.8907088e+02		3.4606464e+00		7.3015004e+00		5.9940154e+00		5.9940154e+00		1.0177384e-127
3.4600000e+02		3.4700000e+02		3.4650000e+02		2.8069735e+02		3.3627917e+00		7.0949071e+00		5.8245261e+00		5.8245261e+00		1.7527721e-127
3.4700000e+02		3.4800000e+02		3.4750000e+02		2.7782009e+02		3.3148204e+00		6.9936676e+00		5.7414374e+00		5.7414374e+00		1.0114894e-127
3.4800000e+02		3.4900000e+02		3.4850000e+02		2.8744416e+02		3.4653741e+00		7.3103519e+00		6.0022040e+00		6.0022040e+00		1.4492513e-127
3.4900000e+02		3.5000000e+02		3.4950000e+02		2.7550877e+02		3.3196763e+00		7.0027753e+00		5.7498480e+00		5.7498480e+00		1.1207034e-127
3.5000000e+02		3.5100000e+02		3.5050000e+02		3.3002358e+02		3.9648345e+00		8.3637128e+00		6.8672948e+00		6.8672948e+00		1.1150904e-127
3.5100000e+02		3.5200000e+02		3.5150000e+02		3.0660572e+02		3.6969123e+00		7.7982793e+00		6.4032399e+00		6.4032399e+00		2.4250855e-127
3.5200000e+02		3.5300000e+02		3.5250000e+02		2.8324198e+02		3.3998671e+00		7.1715286e+00		5.8887426e+00		5.8887426e+00		1.2745517e-127
3.5300000e+02		3.5400000e+02		3.5350000e+02		3.2405327e+02		3.9011831e+00		8.2285093e+00		6.7570474e+00		6.7570474e+00		1.0611964e-127
3.5400000e+02		3.5500000e+02		3.5450000e+02		3.4586270e+02		4.1670890e+00		8.7892142e+00		7.2176098e+00		7.2176098e+00		2.0076934e-127
3.5500000e+02		3.5600000e+02		3.5550000e+02		3.2478382e+02		3.9156438e+00		8.2586606e+00		6.7820941e+00		6.7820941e+00		1.6461844e-127
3.5600000e+02		3.5700000e+02		3.5650000e+02		2.8234357e+02		3.3811502e+00		7.1312454e+00		5.8563239e+00		5.8563239e+00		3.2792459e-128
3.5700000e+02		3.5800000e+02		3.5750000e+02		2.4674321e+02		2.9675145e+00		6.2587757e+00		5.1398859e+00		5.1398859e+00		1.1903004e-127
3.5800000e+02		3.5900000e+02		3.5850000e+02		2.1181106e+02		2.5555403e+00		5.3896628e+00		4.4263256e+00		4.4263256e+00		1.8398078e-127
3.5900000e+02		3.6000000e+02		3.5950000e+02		3.0582840e+02		3.6699341e+00		7.7398981e+00		6.3565124e+00		6.3565124e+00		9.0249785e-128
3.6000000e+02		3.6100000e+02		3.6050000e+02		3.0178862e+02		3.6324145e+00		7.6605072e+00		6.2915265e+00		6.2915265e+00		1.8517408e-127
3.6100000e+02		3.6200000e+02		3.6150000e+02		2.8033735e+02		3.3547579e+00		7.0752397e+00		5.8106111e+00		5.8106111e+00		1.6335225e-127
3.6200000e+02		3.6300000e+02		3.6250000e+02		3.1645921e+02		3.7666034e+00		7.9442088e+00		6.5239484e+00		6.5239484e+00		2.2815304e-127
3.6300000e+02		3.6400000e+02		3.6350000e+02		3.0810145e+02		3.6700295e+00		7.7400654e+00		6.3566776e+00		6.3566776e+00		1.6498131e-127
3.6400000e+02		3.6500000e+02		3.6450000e+02		3.2221950e+02		3.7499243e+00		7.9099849e+00		6.4950594e+00		6.4950594e+00		1.7390420e-127
3.6500000e+02		3.6600000e+02		3.6550000e+02		3.6674574e+02		4.3383338e+00		9.1502409e+00		7.5142146e+00		7.5142146e+00		3.4852849e-127
3.6600000e+02		3.6700000e+02		3.6650000e+02		3.9198946e+02		4.5500606e+00		9.5985297e+00		7.8809361e+00		7.8809361e+00		2.4979494e-127
3.6700000e+02		3.6800000e+02		3.6750000e+02		3.7850004e+02		4.3911675e+00		9.2629892e+00		7.6057253e+00		7.6057253e+00		1.1571128e-127
3.6800000e+02		3.6900000e+02		3.6850000e+02		3.4895620e+02		3.9144486e+00		8.2607367e+00		6.7800239e+00		6.7800239e+00		2.4090716e-127
3.6900000e+02		3.7000000e+02		3.6950000e+02		3.8736224e+02		4.3789703e+00		9.2393386e+00		7.5845990e+00		7.5845990e+00		7.6995826e-128
3.7000000e+02		3.7100000e+02		3.7050000e+02		3.6351013e+02		4.4190046e+00		9.3166781e+00		7.6539405e+00		7.6539405e+00		6.1290156e-127
3.7100000e+02		3.7200000e+02		3.7150000e+02		3.7529261e+02		4.5462024e+00		9.5846280e+00		7.8742535e+00		7.8742535e+00		2.8854966e-127
3.7200000e+02		3.7300000e+02		3.7250000e+02		3.1177186e+02		3.7640629e+00		7.9355049e+00		6.5195481e+00		6.5195481e+00		7.8879842e-128
3.7300000e+02		3.7400000e+02		3.7350000e+02		2.7192112e+02		3.2862441e+00		6.9280153e+00		5.6919417e+00		5.6919417e+00		9.9401360e-128
3.7400000e+02		3.7500000e+02		3.7450000e+02		2.7832167e+02		3.3789175e+00		7.1232477e+00		5.8524567e+00		5.8524567e+00		4.7763424e-127
3.7500000e+02		3.7600000e+02		3.7550000e+02		3.1876744e+02		3.8657440e+00		8.1493903e+00		6.6956650e+00		6.6956650e+00		2.6846968e-127
3.7600000e+02		3.7700000e+02		3.7650000e+02		3.3048657e+02		4.0030336e+00		8.4386493e+00		6.9334575e+00		6.9334575e+00		1.9416197e-127
3.7700000e+02		3.7800000e+02		3.7750000e+02		3.8770864e+02		4.7031196e+00		9.9142878e+00		8.1460420e+00		8.1460420e+00		3.8936024e-127
3.7800000e+02		3.7900000e+02		3.7850000e+02		4.0380398e+02		4.8986999e+00		1.0326383e+01		8.4847970e+00		8.4847970e+00		4.2531464e-127
3.7900000e+02		3.8000000e+02		3.7950000e+02		3.2744385e+02		3.9628794e+00		8.3535347e+00		6.8639084e+00		6.8639084e+00		1.6402233e-127
3.8000000e+02		3.8100000e+02		3.8050000e+02		3.5656330e+02		4.3193700e+00		9.1048325e+00		7.4813683e+00		7.4813683e+00		2.1119828e-127
3.8100000e+02		3.8200000e+02		3.8150000e+02		3.2019140e+02		3.9146665e+00		8.2516075e+00		6.7804013e+00		6.7804013e+00		2.1714281e-126
3.8200000e+02		3.8300000e+02		3.8250000e+02		2.2964197e+02		2.7788798e+00		5.8574137e+00		4.8131611e+00		4.8131611e+00		9.7694349e-128
3.8300000e+02		3.8400000e+02		3.8350000e+02		2.0267593e+02		2.4481295e+00		5.1601576e+00		4.2402847e+00		4.2402847e+00		2.3638932e-127
3.8400000e+02		3.8500000e+02		3.8450000e+02		2.7111947e+02		3.2950937e+00		6.9452661e+00		5.7072697e+00		5.7072697e+00		3.5917284e-127
3.8500000e+02		3.8600000e+02		3.8550000e+02		2.8715912e+02		3.4766809e+00		7.3278843e+00		6.0217879e+00		6.0217879e+00		1.3818322e-127
3.8600000e+02		3.8700000e+02		3.8650000e+02		2.8837692e+02		3.5103348e+00		7.3986939e+00		6.0800782e+00		6.0800782e+00		7.0556185e-127
3.8700000e+02		3.8800000e+02		3.8750000e+02		2.8805300e+02		3.4976277e+00		7.3717898e+00		6.0580689e+00		6.0580689e+00		3.3548841e-127
3.8800000e+02		3.8900000e+02		3.8850000e+02		2.9209390e+02		3.5414553e+00		7.4640420e+00		6.1339806e+00		6.1339806e+00		2.0842275e-127
3.8900000e+02		3.9000000e+02		3.8950000e+02		3.5069332e+02		4.2443839e+00		8.9454048e+00		7.3514885e+00		7.3514885e+00		3.3707800e-127
3.9000000e+02		3.9100000e+02		3.9050000e+02		3.6838836e+02		4.4937313e+00		9.4707761e+00		7.7833710e+00		7.7833710e+00		1.4324225e-126
3.9100000e+02		3.9200000e+02		3.9150000e+02		3.9613874e+02		4.8084486e+00		1.0133901e+01		8.3284773e+00		8.3284773e+00		4.4921353e-127
3.9200000e+02		3.9300000e+02		3.9250000e+02		3.0403432e+02		3.6804915e+00		7.7565897e+00		6.3747983e+00		6.3747983e+00		1.6571673e-127
3.9300000e+02		3.9400000e+02		3.9350000e+02		1.8639471e+02		2.2602949e+00		4.7634706e+00		3.9149455e+00		3.9149455e+00		1.6151420e-127
3.9400000e+02		3.9500000e+02		3.9450000e+02		3.0813115e+02		3.7181206e+00		7.8356557e+00		6.4399737e+00		6.4399737e+00		6.2039944e-128
3.9500000e+02		3.9600000e+02		3.9550000e+02		3.7840801e+02		4.6222459e+00		9.7408868e+00		8.0059647e+00		8.0059647e+00		2.2026072e-126
3.9600000e+02		3.9700000e+02		3.9650000e+02		2.6140326e+02		3.1747822e+00		6.6904295e+00		5.4988842e+00		5.4988842e+00		4.3735072e-127
3.9700000e+02		3.9800000e+02		3.9750000e+02		2.9300657e+02		3.5584048e+00		7.4987584e+00		6.1633378e+00		6.1633378e+00		3.3757208e-127
3.9800000e+02		3.9900000e+02		3.9850000e+02		4.5124719e+02		5.4773645e+00		1.1542521e+01		9.4870735e+00		9.4870735e+00		6.3723531e-127
3.9900000e+02		4.0000000e+02		3.9950000e+02		4.9846141e+02		6.0407021e+00		1.2729505e+01		1.0462803e+01		1.0462803e+01		3.6668702e-127
4.0000000e+02		4.0100000e+02		4.0050000e+02		5.1407199e+02		6.2443964e+00		1.3158483e+01		1.0815612e+01		1.0815612e+01		6.9156183e-127
4.0100000e+02		4.0200000e+02		4.0150000e+02		5.3860814e+02		6.5415302e+00		1.3784402e+01		1.1330263e+01		1.1330263e+01		5.9759795e-127
4.0200000e+02		4.0300000e+02		4.0250000e+02		5.4526519e+02		6.5830635e+00		1.3871734e+01		1.1402200e+01		1.1402200e+01		1.3237246e-127
4.0300000e+02		4.0400000e+02		4.0350000e+02		5.2165796e+02		6.3333543e+00		1.3345373e+01		1.0969691e+01		1.0969691e+01		1.3758012e-126
4.0400000e+02		4.0500000e+02		4.0450000e+02		5.1300620e+02		6.2578297e+00		1.3186057e+01		1.0838879e+01		1.0838879e+01		1.9723840e-126
4.0500000e+02		4.0600000e+02		4.0550000e+02		5.1256585e+02		6.1984386e+00		1.3060743e+01		1.0736011e+01		1.0736011e+01		2.1255478e-127
4.0600000e+02		4.0700000e+02		4.0650000e+02		4.9035274e+02		5.9048245e+00		1.2441908e+01		1.0227456e+01		1.0227456e+01		5.8686773e-128
4.0700000e+02		4.0800000e+02		4.0750000e+02		4.9838294e+02		6.0256251e+00		1.2696283e+01		1.0436689e+01		1.0436689e+01		1.7250540e-127
4.0800000e+02		4.0900000e+02		4.0850000e+02		5.2990289e+02		6.4451102e+00		1.3579989e+01		1.1163258e+01		1.1163258e+01		9.5354537e-127
4.0900000e+02		4.1000000e+02		4.0950000e+02		5.2713439e+02		6.3836495e+00		1.3450324e+01		1.1056805e+01		1.1056805e+01		4.1907229e-127
4.1000000e+02		4.1100000e+02		4.1050000e+02		4.8293937e+02		5.8622490e+00		1.2351584e+01		1.0153713e+01		1.0153713e+01		4.5347987e-127
4.1100000e+02		4.1200000e+02		4.1150000e+02		5.5986852e+02		6.7982344e+00		1.4323505e+01		1.1774887e+01		1.1774887e+01		5.8320744e-127
4.1200000e+02		4.1300000e+02		4.1250000e+02		5.4940473e+02		6.6659999e+00		1.4044728e+01		1.1545851e+01		1.1545851e+01		5.0916025e-127
4.1300000e+02		4.1400000e+02		4.1350000e+02		5.2995399e+02		6.4189219e+00		1.3523995e+01		1.1117899e+01		1.1117899e+01		3.1566804e-127
4.1400000e+02		4.1500000e+02		4.1450000e+02		5.3771640e+02		6.5286852e+00		1.3755096e+01		1.1308015e+01		1.1308015e+01		6.2206874e-127
4.1500000e+02		4.1600000e+02		4.1550000e+02		5.3722776e+02		6.4553494e+00		1.3600431e+01		1.1180993e+01		1.1180993e+01		3.7754058e-128
4.1600000e+02		4.1700000e+02		4.1650000e+02		5.5745703e+02		6.7553800e+00		1.4232389e+01		1.1700661e+01		1.1700661e+01		4.2045041e-127
4.1700000e+02		4.1800000e+02		4.1750000e+02		5.0725322e+02		6.1768446e+00		1.3013373e+01		1.0698609e+01		1.0698609e+01		1.3406986e-126
4.1800000e+02		4.1900000e+02		4.1850000e+02		5.2601513e+02		6.3972525e+00		1.3477594e+01		1.1080366e+01		1.1080366e+01		9.3155003e-127
4.1900000e+02		4.2000000e+02		4.1950000e+02		5.3123875e+02		6.4351080e+00		1.3557185e+01		1.1145934e+01		1.1145934e+01		2.7677446e-127
4.2000000e+02		4.2100000e+02		4.2050000e+02		5.3797708e+02		6.4242006e+00		1.3534059e+01		1.1127042e+01		1.1127042e+01		6.2514288e-127
4.2100000e+02		4.2200000e+02		4.2150000e+02		5.2958361e+02		6.4047204e+00		1.3492876e+01		1.1093301e+01		1.1093301e+01		3.3224192e-127
4.2200000e+02		4.2300000e+02		4.2250000e+02		5.0190537e+02		6.0704228e+00		1.2788474e+01		1.0514281e+01		1.0514281e+01		8.9815031e-127
4.2300000e+02		4.2400000e+02		4.2350000e+02		5.3474862e+02		6.4939137e+00		1.3680495e+01		1.1247788e+01		1.1247788e+01		6.1992798e-127
4.2400000e+02		4.2500000e+02		4.2450000e+02		5.5328403e+02		6.7232149e+00		1.4163411e+01		1.1644950e+01		1.1644950e+01		7.3217296e-127
4.2500000e+02		4.2600000e+02		4.2550000e+02		5.3248014e+02		6.4581046e+00		1.3604780e+01		1.1185765e+01		1.1185765e+01		6.1665043e-127
4.2600000e+02		4.2700000e+02		4.2650000e+02		5.3029841e+02		6.4068672e+00		1.3496708e+01		1.1097019e+01		1.1097019e+01		3.0095156e-127
4.2700000e+02		4.2800000e+02		4.2750000e+02		4.9171747e+02		5.9479639e+00		1.2529858e+01		1.0302176e+01		1.0302176e+01		2.5192486e-127
4.2800000e+02		4.2900000e+02		4.2850000e+02		4.9494538e+02		6.0127499e+00		1.2666212e+01		1.0414388e+01		1.0414388e+01		5.6106776e-127
4.2900000e+02		4.3000000e+02		4.2950000e+02		4.6063718e+02		5.5875734e+00		1.1770439e+01		9.6779611e+00		9.6779611e+00		3.9804553e-127
4.3000000e+02		4.3100000e+02		4.3050000e+02		3.7055843e+02		4.4652782e+00		9.4061912e+00		7.7340887e+00		7.7340887e+00		9.5204304e-128
4.3100000e+02		4.3200000e+02		4.3150000e+02		4.5818753e+02		5.5671923e+00		1.1727283e+01		9.6426599e+00		9.6426599e+00		6.1226651e-127
4.3200000e+02		4.3300000e+02		4.3250000e+02		5.1625369e+02		6.3231668e+00		1.3319619e+01		1.0952046e+01		1.0952046e+01		5.2569713e-126
4.3300000e+02		4.3400000e+02		4.3350000e+02		5.6047485e+02		6.7397474e+00		1.4197007e+01		1.1673585e+01		1.1673585e+01		4.7713181e-128
4.3400000e+02		4.3500000e+02		4.3450000e+02		4.7595241e+02		5.8621149e+00		1.2348197e+01		1.0153481e+01		1.0153481e+01		2.7665036e-125
4.3500000e+02		4.3600000e+02		4.3550000e+02		5.3162725e+02		6.4169026e+00		1.3516703e+01		1.1114401e+01		1.1114401e+01		9.8699104e-128
4.3600000e+02		4.3700000e+02		4.3650000e+02		5.9481241e+02		7.1611235e+00		1.5084213e+01		1.2403430e+01		1.2403430e+01		7.3841846e-128
4.3700000e+02		4.3800000e+02		4.3750000e+02		5.2629983e+02		6.4162434e+00		1.3515077e+01		1.1113260e+01		1.1113260e+01		2.6233160e-126
4.3800000e+02		4.3900000e+02		4.3850000e+02		5.1257868e+02		6.1852074e+00		1.3028313e+01		1.0713093e+01		1.0713093e+01		1.8837144e-127
4.3900000e+02		4.4000000e+02		4.3950000e+02		5.7051902e+02		6.9413684e+00		1.4620942e+01		1.2022803e+01		1.2022803e+01		1.2165370e-126
4.4000000e+02		4.4100000e+02		4.4050000e+02		5.4089681e+02		6.5429900e+00		1.3781707e+01		1.1332791e+01		1.1332791e+01		3.4150929e-127
4.4100000e+02		4.4200000e+02		4.4150000e+02		5.9491633e+02		7.1947420e+00		1.5154498e+01		1.2461659e+01		1.2461659e+01		2.6584198e-127
4.4200000e+02		4.4300000e+02		4.4250000e+02		6.2544254e+02		7.5633238e+00		1.5930801e+01		1.3100061e+01		1.3100061e+01		3.0637015e-127
4.4300000e+02		4.4400000e+02		4.4350000e+02		6.0497206e+02		7.3112668e+00		1.5399752e+01		1.2663486e+01		1.2663486e+01		2.1111910e-127
4.4400000e+02		4.4500000e+02		4.4450000e+02		6.2324411e+02		7.5273125e+00		1.5854821e+01		1.3037688e+01		1.3037688e+01		3.1012653e-127
4.4500000e+02		4.4600000e+02		4.4550000e+02		5.7783999e+02		6.9986461e+00		1.4741141e+01		1.2122011e+01		1.2122011e+01		4.2897626e-127
4.4600000e+02		4.4700000e+02		4.4650000e+02		5.8940025e+02		7.1237859e+00		1.5004429e+01		1.2338759e+01		1.2338759e+01		4.3148593e-127
4.4700000e+02		4.4800000e+02		4.4750000e+02		6.3881895e+02		7.7430409e+00		1.6308560e+01		1.3411340e+01		1.3411340e+01		6.7622431e-127
4.4800000e+02		4.4900000e+02		4.4850000e+02		6.2805979e+02		7.6372943e+00		1.6085660e+01		1.3228182e+01		1.3228182e+01		9.6770117e-127
4.4900000e+02		4.5000000e+02		4.4950000e+02		6.3454704e+02		7.6499774e+00		1.6112229e+01		1.3250149e+01		1.3250149e+01		1.7718100e-127
4.5000000e+02		4.5100000e+02		4.5050000e+02		6.7325368e+02		8.1030524e+00		1.7066355e+01		1.4034898e+01		1.4034898e+01		7.7054987e-128
4.5100000e+02		4.5200000e+02		4.5150000e+02		6.7122600e+02		8.1357665e+00		1.7135129e+01		1.4091561e+01		1.4091561e+01		5.3738343e-127
4.5200000e+02		4.5300000e+02		4.5250000e+02		6.3541039e+02		7.6780307e+00		1.6170950e+01		1.3298739e+01		1.3298739e+01		2.2148229e-127
4.5300000e+02		4.5400000e+02		4.5350000e+02		6.0888666e+02		7.3772252e+00		1.5537301e+01		1.2777729e+01		1.2777729e+01		3.3926639e-127
4.5400000e+02		4.5500000e+02		4.5450000e+02		6.4999363e+02		7.8451951e+00		1.6522782e+01		1.3588277e+01		1.3588277e+01		1.4181687e-127
4.5500000e+02		4.5600000e+02		4.5550000e+02		6.4380306e+02		7.8238108e+00		1.6477627e+01		1.3551238e+01		1.3551238e+01		7.2671842e-127
4.5600000e+02		4.5700000e+02		4.5650000e+02		6.6853861e+02		8.0612578e+00		1.6977592e+01		1.3962508e+01		1.3962508e+01		1.7795532e-127
4.5700000e+02		4.5800000e+02		4.5750000e+02		6.7499745e+02		8.1777284e+00		1.7222768e+01		1.4164241e+01		1.4164241e+01		6.7690853e-127
4.5800000e+02		4.5900000e+02		4.5850000e+02		6.3439039e+02		7.6367924e+00		1.6083415e+01		1.3227312e+01		1.3227312e+01		3.6201166e-127
4.5900000e+02		4.6000000e+02		4.5950000e+02		6.5539586e+02		7.9259241e+00		1.6692226e+01		1.3728103e+01		1.3728103e+01		2.4234992e-127
4.6000000e+02		4.6100000e+02		4.6050000e+02		6.4752339e+02		7.8256540e+00		1.6480943e+01		1.3554430e+01		1.3554430e+01		2.4432693e-127
4.6100000e+02		4.6200000e+02		4.6150000e+02		6.6245412e+02		7.9917503e+00		1.6830633e+01		1.3842118e+01		1.3842118e+01		1.2359742e-127
4.6200000e+02		4.6300000e+02		4.6250000e+02		6.6901120e+02		8.1225914e+00		1.7106072e+01		1.4068741e+01		1.4068741e+01		7.6403622e-127
4.6300000e+02		4.6400000e+02		4.6350000e+02		6.4662616e+02		7.8068195e+00		1.6440954e+01		1.3521808e+01		1.3521808e+01		1.6260392e-127
4.6400000e+02		4.6500000e+02		4.6450000e+02		6.5795753e+02		7.9836216e+00		1.6813186e+01		1.3828038e+01		1.3828038e+01		5.3233846e-127
4.6500000e+02		4.6600000e+02		4.6550000e+02		6.3552746e+02		7.6647702e+00		1.6141596e+01		1.3275771e+01		1.3275771e+01		2.0802186e-127
4.6600000e+02		4.6700000e+02		4.6650000e+02		6.3955371e+02		7.7559004e+00		1.6333408e+01		1.3433614e+01		1.3433614e+01		6.1428557e-127
4.6700000e+02		4.6800000e+02		4.6750000e+02		6.4572639e+02		7.8168307e+00		1.6461662e+01		1.3539148e+01		1.3539148e+01		4.1395435e-127
4.6800000e+02		4.6900000e+02		4.6850000e+02		6.3145002e+02		7.6599145e+00		1.6131106e+01		1.3267361e+01		1.3267361e+01		6.3924040e-127
4.6900000e+02		4.7000000e+02		4.6950000e+02		6.4956875e+02		7.8428671e+00		1.6516328e+01		1.3584244e+01		1.3584244e+01		1.6117354e-127
4.7000000e+02		4.7100000e+02		4.7050000e+02		6.1381170e+02		7.4157935e+00		1.5616862e+01		1.2844531e+01		1.2844531e+01		1.7695195e-127
4.7100000e+02		4.7200000e+02		4.7150000e+02		6.4174114e+02		7.7595997e+00		1.6340801e+01		1.3440021e+01		1.3440021e+01		3.2892181e-127
4.7200000e+02		4.7300000e+02		4.7250000e+02		6.5742798e+02		7.9642045e+00		1.6771581e+01		1.3794407e+01		1.3794407e+01		3.8827046e-127
4.7300000e+02		4.7400000e+02		4.7350000e+02		6.4563741e+02		7.8137551e+00		1.6454721e+01		1.3533821e+01		1.3533821e+01		3.2920903e-127
4.7400000e+02		4.7500000e+02		4.7450000e+02		6.6512717e+02		8.0535466e+00		1.6959497e+01		1.3949152e+01		1.3949152e+01		4.1290882e-127
4.7500000e+02		4.7600000e+02		4.7550000e+02		6.6365303e+02		8.0247123e+00		1.6898615e+01		1.3899209e+01		1.3899209e+01		2.1155814e-127
4.7600000e+02		4.7700000e+02		4.7650000e+02		6.3952653e+02		7.7369784e+00		1.6292597e+01		1.3400840e+01		1.3400840e+01		2.8909350e-127
4.7700000e+02		4.7800000e+02		4.7750000e+02		6.6772274e+02		8.0873640e+00		1.7030347e+01		1.4007725e+01		1.4007725e+01		2.8970220e-127
4.7800000e+02		4.7900000e+02		4.7850000e+02		6.6128260e+02		8.0298685e+00		1.6909180e+01		1.3908140e+01		1.3908140e+01		8.5787649e-127
4.7900000e+02		4.8000000e+02		4.7950000e+02		6.6320839e+02		8.0202212e+00		1.6888773e+01		1.3891431e+01		1.3891431e+01		4.8067753e-127
4.8000000e+02		4.8100000e+02		4.8050000e+02		6.6489751e+02		8.0394005e+00		1.6929069e+01		1.3924650e+01		1.3924650e+01		1.9777423e-127
4.8100000e+02		4.8200000e+02		4.8150000e+02		6.6630748e+02		8.0267556e+00		1.6902351e+01		1.3902749e+01		1.3902749e+01		7.7196072e-128
4.8200000e+02		4.8300000e+02		4.8250000e+02		6.6376999e+02		8.0002809e+00		1.6846513e+01		1.3856893e+01		1.3856893e+01		1.0256642e-127
4.8300000e+02		4.8400000e+02		4.8350000e+02		6.5373157e+02		7.9229891e+00		1.6683686e+01		1.3723020e+01		1.3723020e+01		4.3389566e-127
4.8400000e+02		4.8500000e+02		4.8450000e+02		6.4242337e+02		7.7179020e+00		1.6251777e+01		1.3367798e+01		1.3367798e+01		5.5148161e-128
4.8500000e+02		4.8600000e+02		4.8550000e+02		6.0369332e+02		7.2764498e+00		1.5322173e+01		1.2603181e+01		1.2603181e+01		1.9247842e-127
4.8600000e+02		4.8700000e+02		4.8650000e+02		5.2412565e+02		6.3325286e+00		1.3334428e+01		1.0968261e+01		1.0968261e+01		1.6276985e-127
4.8700000e+02		4.8800000e+02		4.8750000e+02		5.9966111e+02		7.2284860e+00		1.5221015e+01		1.2520105e+01		1.2520105e+01		9.7025058e-128
4.8800000e+02		4.8900000e+02		4.8850000e+02		6.3081686e+02		7.6085487e+00		1.6021234e+01		1.3178393e+01		1.3178393e+01		1.3352533e-127
4.8900000e+02		4.9000000e+02		4.8950000e+02		6.1880396e+02		7.4949232e+00		1.5781888e+01		1.2981588e+01		1.2981588e+01		3.0538404e-127
4.9000000e+02		4.9100000e+02		4.9050000e+02		6.5907671e+02		7.9571596e+00		1.6755098e+01		1.3782205e+01		1.3782205e+01		1.6539919e-127
4.9100000e+02		4.9200000e+02		4.9150000e+02		6.2110374e+02		7.4783207e+00		1.5746756e+01		1.2952831e+01		1.2952831e+01		3.9028828e-127
4.9200000e+02		4.9300000e+02		4.9250000e+02		5.9112858e+02		7.1300159e+00		1.5013225e+01		1.2349550e+01		1.2349550e+01		1.0160838e-127
4.9300000e+02		4.9400000e+02		4.9350000e+02		6.2472140e+02		7.5379948e+00		1.5872199e+01		1.3056190e+01		1.3056190e+01		1.3356184e-127
4.9400000e+02		4.9500000e+02		4.9450000e+02		6.4279699e+02		7.7471048e+00		1.6312426e+01		1.3418379e+01		1.3418379e+01		1.7396780e-127
4.9500000e+02		4.9600000e+02		4.9550000e+02		6.3133158e+02		7.6046755e+00		1.6012451e+01		1.3171684e+01		1.3171684e+01		8.5568020e-128
4.9600000e+02		4.9700000e+02		4.9650000e+02		6.3921352e+02		7.7228738e+00		1.6261256e+01		1.3376410e+01		1.3376410e+01		1.6015626e-127
4.9700000e+02		4.9800000e+02		4.9750000e+02		6.5113923e+02		7.8668541e+00		1.6564345e+01		1.3625791e+01		1.3625791e+01		1.8949400e-127
4.9800000e+02		4.9900000e+02		4.9850000e+02		5.9175801e+02		7.1315011e+00		1.5015939e+01		1.2352122e+01		1.2352122e+01		7.6907245e-128
4.9900000e+02		5.0000000e+02		4.9950000e+02		6.3385792e+02		7.6277894e+00		1.6060892e+01		1.3211719e+01		1.3211719e+01		6.1581409e-128
