Left Bin Edge (nm)	Right Bin Edge (nm)	Bin Center (nm)		Top of Atm Intensity (erg/s/nm/cm2)		Total Surface Flux (erg/s/nm/cm2)		Total Intensity at BOA (erg/s/nm/cm2)		Total Surface Intensity (erg/s/nm/cm2)		Total Surface Diffuse Intensity (erg/s/nm/cm2)		Total Surface Direct Intensity (erg/s/nm/cm2)
1.0000000e+02		1.0100000e+02		1.0050000e+02		1.9189487e-02		0.0000000e+00		0.0000000e+00		0.0000000e+00		0.0000000e+00		0.0000000e+00
1.0100000e+02		1.0200000e+02		1.0150000e+02		7.4861701e-02		0.0000000e+00		0.0000000e+00		0.0000000e+00		0.0000000e+00		0.0000000e+00
1.0200000e+02		1.0300000e+02		1.0250000e+02		3.9734366e-01		0.0000000e+00		0.0000000e+00		0.0000000e+00		0.0000000e+00		0.0000000e+00
1.0300000e+02		1.0400000e+02		1.0350000e+02		3.0179545e-01		0.0000000e+00		0.0000000e+00		0.0000000e+00		0.0000000e+00		0.0000000e+00
1.0400000e+02		1.0500000e+02		1.0450000e+02		6.0815352e-02		0.0000000e+00		0.0000000e+00		0.0000000e+00		0.0000000e+00		0.0000000e+00
1.0500000e+02		1.0600000e+02		1.0550000e+02		2.0834600e-02		0.0000000e+00		0.0000000e+00		0.0000000e+00		0.0000000e+00		0.0000000e+00
1.0600000e+02		1.0700000e+02		1.0650000e+02		1.9584792e-02		0.0000000e+00		0.0000000e+00		0.0000000e+00		0.0000000e+00		0.0000000e+00
1.0700000e+02		1.0800000e+02		1.0750000e+02		2.1853879e-02		0.0000000e+00		0.0000000e+00		0.0000000e+00		0.0000000e+00		0.0000000e+00
1.0800000e+02		1.0900000e+02		1.0850000e+02		3.0634999e-02		0.0000000e+00		0.0000000e+00		0.0000000e+00		0.0000000e+00		0.0000000e+00
1.0900000e+02		1.1000000e+02		1.0950000e+02		2.4032561e-02		0.0000000e+00		0.0000000e+00		0.0000000e+00		0.0000000e+00		0.0000000e+00
1.1000000e+02		1.1100000e+02		1.1050000e+02		2.3268893e-02		0.0000000e+00		0.0000000e+00		0.0000000e+00		0.0000000e+00		0.0000000e+00
1.1100000e+02		1.1200000e+02		1.1150000e+02		2.1871272e-02		0.0000000e+00		0.0000000e+00		0.0000000e+00		0.0000000e+00		0.0000000e+00
1.1200000e+02		1.1300000e+02		1.1250000e+02		2.2375602e-02		0.0000000e+00		0.0000000e+00		0.0000000e+00		0.0000000e+00		0.0000000e+00
1.1300000e+02		1.1400000e+02		1.1350000e+02		1.7748133e-02		0.0000000e+00		0.0000000e+00		0.0000000e+00		0.0000000e+00		0.0000000e+00
1.1400000e+02		1.1500000e+02		1.1450000e+02		1.3589480e-02		0.0000000e+00		0.0000000e+00		0.0000000e+00		0.0000000e+00		0.0000000e+00
1.1500000e+02		1.1600000e+02		1.1550000e+02		1.8751615e-02		0.0000000e+00		0.0000000e+00		0.0000000e+00		0.0000000e+00		0.0000000e+00
1.1600000e+02		1.1700000e+02		1.1650000e+02		4.3674487e-02		0.0000000e+00		0.0000000e+00		0.0000000e+00		0.0000000e+00		0.0000000e+00
1.1700000e+02		1.1800000e+02		1.1750000e+02		1.5546757e-01		0.0000000e+00		0.0000000e+00		0.0000000e+00		0.0000000e+00		0.0000000e+00
1.1800000e+02		1.1900000e+02		1.1850000e+02		5.2889236e-02		0.0000000e+00		0.0000000e+00		0.0000000e+00		0.0000000e+00		0.0000000e+00
1.1900000e+02		1.2000000e+02		1.1950000e+02		7.3692884e-02		0.0000000e+00		0.0000000e+00		0.0000000e+00		0.0000000e+00		0.0000000e+00
1.2000000e+02		1.2100000e+02		1.2050000e+02		4.0066072e-01		0.0000000e+00		0.0000000e+00		0.0000000e+00		0.0000000e+00		0.0000000e+00
1.2100000e+02		1.2200000e+02		1.2150000e+02		1.5905289e+01		0.0000000e+00		0.0000000e+00		0.0000000e+00		0.0000000e+00		0.0000000e+00
1.2200000e+02		1.2300000e+02		1.2250000e+02		1.0666543e-01		0.0000000e+00		0.0000000e+00		0.0000000e+00		0.0000000e+00		0.0000000e+00
1.2300000e+02		1.2400000e+02		1.2350000e+02		5.7456553e-02		0.0000000e+00		0.0000000e+00		0.0000000e+00		0.0000000e+00		0.0000000e+00
1.2400000e+02		1.2500000e+02		1.2450000e+02		4.6184197e-02		0.0000000e+00		0.0000000e+00		0.0000000e+00		0.0000000e+00		0.0000000e+00
1.2500000e+02		1.2600000e+02		1.2550000e+02		4.5085118e-02		0.0000000e+00		0.0000000e+00		0.0000000e+00		0.0000000e+00		0.0000000e+00
1.2600000e+02		1.2700000e+02		1.2650000e+02		6.3054464e-02		0.0000000e+00		0.0000000e+00		0.0000000e+00		0.0000000e+00		0.0000000e+00
1.2700000e+02		1.2800000e+02		1.2750000e+02		3.3006429e-02		0.0000000e+00		0.0000000e+00		0.0000000e+00		0.0000000e+00		0.0000000e+00
1.2800000e+02		1.2900000e+02		1.2850000e+02		2.6335196e-02		0.0000000e+00		0.0000000e+00		0.0000000e+00		0.0000000e+00		0.0000000e+00
1.2900000e+02		1.3000000e+02		1.2950000e+02		3.5131240e-02		0.0000000e+00		0.0000000e+00		0.0000000e+00		0.0000000e+00		0.0000000e+00
1.3000000e+02		1.3100000e+02		1.3050000e+02		2.8850634e-01		0.0000000e+00		0.0000000e+00		0.0000000e+00		0.0000000e+00		0.0000000e+00
1.3100000e+02		1.3200000e+02		1.3150000e+02		3.9064855e-02		0.0000000e+00		0.0000000e+00		0.0000000e+00		0.0000000e+00		0.0000000e+00
1.3200000e+02		1.3300000e+02		1.3250000e+02		3.0374778e-02		0.0000000e+00		0.0000000e+00		0.0000000e+00		0.0000000e+00		0.0000000e+00
1.3300000e+02		1.3400000e+02		1.3350000e+02		4.1056606e-01		0.0000000e+00		0.0000000e+00		0.0000000e+00		0.0000000e+00		0.0000000e+00
1.3400000e+02		1.3500000e+02		1.3450000e+02		2.8092500e-02		0.0000000e+00		0.0000000e+00		0.0000000e+00		0.0000000e+00		0.0000000e+00
1.3500000e+02		1.3600000e+02		1.3550000e+02		5.8954708e-02		0.0000000e+00		0.0000000e+00		0.0000000e+00		0.0000000e+00		0.0000000e+00
1.3600000e+02		1.3700000e+02		1.3650000e+02		3.8690656e-02		0.0000000e+00		0.0000000e+00		0.0000000e+00		0.0000000e+00		0.0000000e+00
1.3700000e+02		1.3800000e+02		1.3750000e+02		3.9732879e-02		0.0000000e+00		0.0000000e+00		0.0000000e+00		0.0000000e+00		0.0000000e+00
1.3800000e+02		1.3900000e+02		1.3850000e+02		4.0549866e-02		0.0000000e+00		0.0000000e+00		0.0000000e+00		0.0000000e+00		0.0000000e+00
1.3900000e+02		1.4000000e+02		1.3950000e+02		1.3692187e-01		0.0000000e+00		0.0000000e+00		0.0000000e+00		0.0000000e+00		0.0000000e+00
1.4000000e+02		1.4100000e+02		1.4050000e+02		1.1939088e-01		0.0000000e+00		0.0000000e+00		0.0000000e+00		0.0000000e+00		0.0000000e+00
1.4100000e+02		1.4200000e+02		1.4150000e+02		5.7521948e-02		0.0000000e+00		0.0000000e+00		0.0000000e+00		0.0000000e+00		0.0000000e+00
1.4200000e+02		1.4300000e+02		1.4250000e+02		6.2343151e-02		0.0000000e+00		0.0000000e+00		0.0000000e+00		0.0000000e+00		0.0000000e+00
1.4300000e+02		1.4400000e+02		1.4350000e+02		6.9165895e-02		0.0000000e+00		0.0000000e+00		0.0000000e+00		0.0000000e+00		0.0000000e+00
1.4400000e+02		1.4500000e+02		1.4450000e+02		6.6149126e-02		0.0000000e+00		0.0000000e+00		0.0000000e+00		0.0000000e+00		0.0000000e+00
1.4500000e+02		1.4600000e+02		1.4550000e+02		7.0536262e-02		0.0000000e+00		0.0000000e+00		0.0000000e+00		0.0000000e+00		0.0000000e+00
1.4600000e+02		1.4700000e+02		1.4650000e+02		8.6012655e-02		0.0000000e+00		0.0000000e+00		0.0000000e+00		0.0000000e+00		0.0000000e+00
1.4700000e+02		1.4800000e+02		1.4750000e+02		1.0610345e-01		0.0000000e+00		0.0000000e+00		0.0000000e+00		0.0000000e+00		0.0000000e+00
1.4800000e+02		1.4900000e+02		1.4850000e+02		1.0405386e-01		0.0000000e+00		0.0000000e+00		0.0000000e+00		0.0000000e+00		0.0000000e+00
1.4900000e+02		1.5000000e+02		1.4950000e+02		9.4002421e-02		0.0000000e+00		0.0000000e+00		0.0000000e+00		0.0000000e+00		0.0000000e+00
1.5000000e+02		1.5100000e+02		1.5050000e+02		1.0343288e-01		0.0000000e+00		0.0000000e+00		0.0000000e+00		0.0000000e+00		0.0000000e+00
1.5100000e+02		1.5200000e+02		1.5150000e+02		1.0875212e-01		0.0000000e+00		0.0000000e+00		0.0000000e+00		0.0000000e+00		0.0000000e+00
1.5200000e+02		1.5300000e+02		1.5250000e+02		1.3876638e-01		0.0000000e+00		0.0000000e+00		0.0000000e+00		0.0000000e+00		0.0000000e+00
1.5300000e+02		1.5400000e+02		1.5350000e+02		1.5371418e-01		0.0000000e+00		0.0000000e+00		0.0000000e+00		0.0000000e+00		0.0000000e+00
1.5400000e+02		1.5500000e+02		1.5450000e+02		4.1112511e-01		0.0000000e+00		0.0000000e+00		0.0000000e+00		0.0000000e+00		0.0000000e+00
1.5500000e+02		1.5600000e+02		1.5550000e+02		3.3836363e-01		0.0000000e+00		0.0000000e+00		0.0000000e+00		0.0000000e+00		0.0000000e+00
1.5600000e+02		1.5700000e+02		1.5650000e+02		2.0084632e-01		0.0000000e+00		0.0000000e+00		0.0000000e+00		0.0000000e+00		0.0000000e+00
1.5700000e+02		1.5800000e+02		1.5750000e+02		1.8216796e-01		0.0000000e+00		0.0000000e+00		0.0000000e+00		0.0000000e+00		0.0000000e+00
1.5800000e+02		1.5900000e+02		1.5850000e+02		1.6795176e-01		0.0000000e+00		0.0000000e+00		0.0000000e+00		0.0000000e+00		0.0000000e+00
1.5900000e+02		1.6000000e+02		1.5950000e+02		1.6379377e-01		0.0000000e+00		0.0000000e+00		0.0000000e+00		0.0000000e+00		0.0000000e+00
1.6000000e+02		1.6100000e+02		1.6050000e+02		1.7926410e-01		0.0000000e+00		0.0000000e+00		0.0000000e+00		0.0000000e+00		0.0000000e+00
1.6100000e+02		1.6200000e+02		1.6150000e+02		2.0306941e-01		0.0000000e+00		0.0000000e+00		0.0000000e+00		0.0000000e+00		0.0000000e+00
1.6200000e+02		1.6300000e+02		1.6250000e+02		2.2492895e-01		0.0000000e+00		0.0000000e+00		0.0000000e+00		0.0000000e+00		0.0000000e+00
1.6300000e+02		1.6400000e+02		1.6350000e+02		4.7671727e-01		0.0000000e+00		0.0000000e+00		0.0000000e+00		0.0000000e+00		0.0000000e+00
1.6400000e+02		1.6500000e+02		1.6450000e+02		4.8753270e-01		0.0000000e+00		0.0000000e+00		0.0000000e+00		0.0000000e+00		0.0000000e+00
1.6500000e+02		1.6600000e+02		1.6550000e+02		5.7072689e-01		0.0000000e+00		0.0000000e+00		0.0000000e+00		0.0000000e+00		0.0000000e+00
1.6600000e+02		1.6700000e+02		1.6650000e+02		2.6919628e-01		0.0000000e+00		0.0000000e+00		0.0000000e+00		0.0000000e+00		0.0000000e+00
1.6700000e+02		1.6800000e+02		1.6750000e+02		2.8728373e-01		0.0000000e+00		0.0000000e+00		0.0000000e+00		0.0000000e+00		0.0000000e+00
1.6800000e+02		1.6900000e+02		1.6850000e+02		3.0958866e-01		0.0000000e+00		0.0000000e+00		0.0000000e+00		0.0000000e+00		0.0000000e+00
1.6900000e+02		1.7000000e+02		1.6950000e+02		3.8988989e-01		0.0000000e+00		0.0000000e+00		0.0000000e+00		0.0000000e+00		0.0000000e+00
1.7000000e+02		1.7100000e+02		1.7050000e+02		4.3752516e-01		0.0000000e+00		0.0000000e+00		0.0000000e+00		0.0000000e+00		0.0000000e+00
1.7100000e+02		1.7200000e+02		1.7150000e+02		4.3618394e-01		0.0000000e+00		0.0000000e+00		0.0000000e+00		0.0000000e+00		0.0000000e+00
1.7200000e+02		1.7300000e+02		1.7250000e+02		4.5514763e-01		0.0000000e+00		0.0000000e+00		0.0000000e+00		0.0000000e+00		0.0000000e+00
1.7300000e+02		1.7400000e+02		1.7350000e+02		4.5120572e-01		0.0000000e+00		0.0000000e+00		0.0000000e+00		0.0000000e+00		0.0000000e+00
1.7400000e+02		1.7500000e+02		1.7450000e+02		5.3951828e-01		0.0000000e+00		0.0000000e+00		0.0000000e+00		0.0000000e+00		0.0000000e+00
1.7500000e+02		1.7600000e+02		1.7550000e+02		6.4389120e-01		0.0000000e+00		0.0000000e+00		0.0000000e+00		0.0000000e+00		0.0000000e+00
1.7600000e+02		1.7700000e+02		1.7650000e+02		6.9472845e-01		0.0000000e+00		0.0000000e+00		0.0000000e+00		0.0000000e+00		0.0000000e+00
1.7700000e+02		1.7800000e+02		1.7750000e+02		8.1849614e-01		0.0000000e+00		0.0000000e+00		0.0000000e+00		0.0000000e+00		0.0000000e+00
1.7800000e+02		1.7900000e+02		1.7850000e+02		8.9455089e-01		0.0000000e+00		0.0000000e+00		0.0000000e+00		0.0000000e+00		0.0000000e+00
1.7900000e+02		1.8000000e+02		1.7950000e+02		8.6966614e-01		0.0000000e+00		0.0000000e+00		0.0000000e+00		0.0000000e+00		0.0000000e+00
1.8000000e+02		1.8100000e+02		1.8050000e+02		1.0753674e+00		0.0000000e+00		0.0000000e+00		0.0000000e+00		0.0000000e+00		0.0000000e+00
1.8100000e+02		1.8200000e+02		1.8150000e+02		1.3093431e+00		0.0000000e+00		0.0000000e+00		0.0000000e+00		0.0000000e+00		0.0000000e+00
1.8200000e+02		1.8300000e+02		1.8250000e+02		1.2087370e+00		0.0000000e+00		0.0000000e+00		0.0000000e+00		0.0000000e+00		0.0000000e+00
1.8300000e+02		1.8400000e+02		1.8350000e+02		1.2728289e+00		0.0000000e+00		0.0000000e+00		0.0000000e+00		0.0000000e+00		0.0000000e+00
1.8400000e+02		1.8500000e+02		1.8450000e+02		1.0940339e+00		0.0000000e+00		0.0000000e+00		0.0000000e+00		0.0000000e+00		0.0000000e+00
1.8500000e+02		1.8600000e+02		1.8550000e+02		1.2372281e+00		0.0000000e+00		0.0000000e+00		0.0000000e+00		0.0000000e+00		0.0000000e+00
1.8600000e+02		1.8700000e+02		1.8650000e+02		1.4037992e+00		0.0000000e+00		0.0000000e+00		0.0000000e+00		0.0000000e+00		0.0000000e+00
1.8700000e+02		1.8800000e+02		1.8750000e+02		1.5907538e+00		0.0000000e+00		0.0000000e+00		0.0000000e+00		0.0000000e+00		0.0000000e+00
1.8800000e+02		1.8900000e+02		1.8850000e+02		1.6735993e+00		6.5972277e-206		0.0000000e+00		6.6033201e-206		1.4414824e-208		6.5889053e-206
1.8900000e+02		1.9000000e+02		1.8950000e+02		1.8559600e+00		3.3710623e-136		0.0000000e+00		3.3756621e-136		1.0883422e-138		3.3647787e-136
1.9000000e+02		1.9100000e+02		1.9050000e+02		1.9109940e+00		1.3020331e-87		3.0559499e-84		1.3047360e-87		6.3952220e-90		1.2983408e-87
1.9100000e+02		1.9200000e+02		1.9150000e+02		2.0707336e+00		1.1971267e-60		2.6622683e-58		1.2006412e-60		8.3153204e-63		1.1923259e-60
1.9200000e+02		1.9300000e+02		1.9250000e+02		2.1685186e+00		4.3743421e-42		1.9215022e-40		4.3924849e-42		4.2926354e-44		4.3495585e-42
1.9300000e+02		1.9400000e+02		1.9350000e+02		1.6554009e+00		2.1484857e-30		3.3626421e-29		2.1606490e-30		2.8778563e-32		2.1318704e-30
1.9400000e+02		1.9500000e+02		1.9450000e+02		2.6556632e+00		9.4377972e-24		8.4215377e-23		9.5044237e-24		1.5763983e-25		9.3467838e-24
1.9500000e+02		1.9600000e+02		1.9550000e+02		2.5630279e+00		1.1003532e-18		6.3060546e-18		1.1100619e-18		2.2970966e-20		1.0870909e-18
1.9600000e+02		1.9700000e+02		1.9650000e+02		2.8204934e+00		5.3939002e-16		2.4552966e-15		5.4483142e-16		1.2874495e-17		5.3195692e-16
1.9700000e+02		1.9800000e+02		1.9750000e+02		2.8068384e+00		4.2748728e-14		1.6500145e-13		4.3228739e-14		1.1357174e-15		4.2093022e-14
1.9800000e+02		1.9900000e+02		1.9850000e+02		2.7505577e+00		2.9909457e-07		6.4493606e-07		3.0569025e-07		1.5605533e-08		2.9008472e-07
1.9900000e+02		2.0000000e+02		1.9950000e+02		2.8965557e+00		2.5599292e-01		3.8893857e-01		2.8743070e-01		7.4382599e-02		2.1304810e-01
2.0000000e+02		2.0100000e+02		2.0050000e+02		3.0623388e+00		4.7301048e-01		7.1871528e-01		5.3903444e-01		1.5621438e-01		3.8282007e-01
2.0100000e+02		2.0200000e+02		2.0150000e+02		3.2593670e+00		1.2644033e+00		1.9445139e+00		1.4942324e+00		5.4378152e-01		9.5045087e-01
2.0200000e+02		2.0300000e+02		2.0250000e+02		3.2217937e+00		1.1041655e+00		1.6873148e+00		1.2922873e+00		4.4510100e-01		8.4718633e-01
2.0300000e+02		2.0400000e+02		2.0350000e+02		3.4484145e+00		1.3879165e+00		2.1223131e+00		1.6323313e+00		5.7829155e-01		1.0540398e+00
2.0400000e+02		2.0500000e+02		2.0450000e+02		3.7117169e+00		1.9978002e+00		3.0718681e+00		2.3809989e+00		9.0665780e-01		1.4743411e+00
2.0500000e+02		2.0600000e+02		2.0550000e+02		3.7200399e+00		1.5309747e+00		2.3274777e+00		1.7910121e+00		6.1525498e-01		1.1757571e+00
2.0600000e+02		2.0700000e+02		2.0650000e+02		3.7247532e+00		1.7693866e+00		2.6920181e+00		2.0792998e+00		7.3326246e-01		1.3460374e+00
2.0700000e+02		2.0800000e+02		2.0750000e+02		4.0454145e+00		2.3047540e+00		3.5158907e+00		2.7286868e+00		1.0030358e+00		1.7256510e+00
2.0800000e+02		2.0900000e+02		2.0850000e+02		4.3759554e+00		2.0693085e+00		3.1286112e+00		2.4158887e+00		8.2001764e-01		1.5958711e+00
2.0900000e+02		2.1000000e+02		2.0950000e+02		5.6528678e+00		3.5622984e+00		5.4197930e+00		4.2169816e+00		1.5489971e+00		2.6679845e+00
2.1000000e+02		2.1100000e+02		2.1050000e+02		6.9678423e+00		3.5746354e+00		5.3850568e+00		4.1665991e+00		1.4006012e+00		2.7659980e+00
2.1100000e+02		2.1200000e+02		2.1150000e+02		7.9326445e+00		4.8108078e+00		7.2645617e+00		5.6453592e+00		1.9745698e+00		3.6707894e+00
2.1200000e+02		2.1300000e+02		2.1250000e+02		7.0734222e+00		4.5465027e+00		6.8593584e+00		5.3382236e+00		1.8732319e+00		3.4649917e+00
2.1300000e+02		2.1400000e+02		2.1350000e+02		7.2066449e+00		4.3639177e+00		6.5512428e+00		5.0897741e+00		1.7173946e+00		3.3723794e+00
2.1400000e+02		2.1500000e+02		2.1450000e+02		9.2279181e+00		6.6101285e+00		9.9558680e+00		7.7689218e+00		2.7417343e+00		5.0271875e+00
2.1500000e+02		2.1600000e+02		2.1550000e+02		7.9257408e+00		5.1407873e+00		7.6923716e+00		5.9859571e+00		1.9996931e+00		3.9862640e+00
2.1600000e+02		2.1700000e+02		2.1650000e+02		7.3353469e+00		5.3831654e+00		8.0696917e+00		6.2996237e+00		2.1683636e+00		4.1312601e+00
2.1700000e+02		2.1800000e+02		2.1750000e+02		7.5953881e+00		5.4511923e+00		8.1421777e+00		6.3516026e+00		2.1303937e+00		4.2212089e+00
2.1800000e+02		2.1900000e+02		2.1850000e+02		1.0217230e+01		7.5951374e+00		1.1329235e+01		8.8449893e+00		2.9571811e+00		5.8878081e+00
2.1900000e+02		2.2000000e+02		2.1950000e+02		1.0786519e+01		8.4600989e+00		1.2612782e+01		9.8600050e+00		3.3122134e+00		6.5477916e+00
2.2000000e+02		2.2100000e+02		2.2050000e+02		1.0851638e+01		8.1560923e+00		1.2107447e+01		9.4528772e+00		3.0682259e+00		6.3846513e+00
2.2100000e+02		2.2200000e+02		2.2150000e+02		8.6872371e+00		7.0363618e+00		1.0449275e+01		8.1735369e+00		2.6905851e+00		5.4829518e+00
2.2200000e+02		2.2300000e+02		2.2250000e+02		1.1691346e+01		9.3440981e+00		1.3833739e+01		1.0815523e+01		3.4814279e+00		7.3340947e+00
2.2300000e+02		2.2400000e+02		2.2350000e+02		1.5139682e+01		1.2763644e+01		1.8890215e+01		1.4787911e+01		4.7894650e+00		9.9984455e+00
2.2400000e+02		2.2500000e+02		2.2450000e+02		1.4154944e+01		1.1689664e+01		1.7243721e+01		1.3489574e+01		4.2586330e+00		9.2309410e+00
2.2500000e+02		2.2600000e+02		2.2550000e+02		1.2365614e+01		1.0473288e+01		1.5427984e+01		1.2075587e+01		3.7910817e+00		8.2845055e+00
2.2600000e+02		2.2700000e+02		2.2650000e+02		9.0577089e+00		7.7118435e+00		1.1335713e+01		8.8725040e+00		2.7461521e+00		6.1263519e+00
2.2700000e+02		2.2800000e+02		2.2750000e+02		8.8108381e+00		7.5722762e+00		1.1108929e+01		8.6959189e+00		2.6585672e+00		6.0373517e+00
2.2800000e+02		2.2900000e+02		2.2850000e+02		1.2275156e+01		1.0766802e+01		1.5772352e+01		1.2351298e+01		3.7489574e+00		8.6023403e+00
2.2900000e+02		2.3000000e+02		2.2950000e+02		1.1031259e+01		9.7659106e+00		1.4279387e+01		1.1183285e+01		3.3535445e+00		7.8297408e+00
2.3000000e+02		2.3100000e+02		2.3050000e+02		1.2510180e+01		1.1076189e+01		1.6159678e+01		1.2654064e+01		3.7332938e+00		8.9207705e+00
2.3100000e+02		2.3200000e+02		2.3150000e+02		1.1791833e+01		1.0494001e+01		1.5280382e+01		1.1965402e+01		3.4813729e+00		8.4840294e+00
2.3200000e+02		2.3300000e+02		2.3250000e+02		1.2664003e+01		1.1310545e+01		1.6436836e+01		1.2870313e+01		3.6904517e+00		9.1798612e+00
2.3300000e+02		2.3400000e+02		2.3350000e+02		1.1428554e+01		1.0243978e+01		1.4858080e+01		1.1633537e+01		3.2877315e+00		8.3458058e+00
2.3400000e+02		2.3500000e+02		2.3450000e+02		9.9864853e+00		8.9702284e+00		1.2985223e+01		1.0166226e+01		2.8297609e+00		7.3364652e+00
2.3500000e+02		2.3600000e+02		2.3550000e+02		1.3443360e+01		1.2093409e+01		1.7472460e+01		1.3677888e+01		3.7489183e+00		9.9289697e+00
2.3600000e+02		2.3700000e+02		2.3650000e+02		1.2448020e+01		1.1221944e+01		1.6183034e+01		1.2667389e+01		3.4199584e+00		9.2474302e+00
2.3700000e+02		2.3800000e+02		2.3750000e+02		1.3294723e+01		1.2007062e+01		1.7283298e+01		1.3527349e+01		3.5970376e+00		9.9303111e+00
2.3800000e+02		2.3900000e+02		2.3850000e+02		1.1021422e+01		9.9700872e+00		1.4325178e+01		1.1210969e+01		2.9359591e+00		8.2750104e+00
2.3900000e+02		2.4000000e+02		2.3950000e+02		1.2008577e+01		1.0879635e+01		1.5604184e+01		1.2210700e+01		3.1493338e+00		9.0613665e+00
2.4000000e+02		2.4100000e+02		2.4050000e+02		1.1032163e+01		1.0010915e+01		1.4333185e+01		1.1215012e+01		2.8489243e+00		8.3660876e+00
2.4100000e+02		2.4200000e+02		2.4150000e+02		1.2918879e+01		1.1742352e+01		1.6783492e+01		1.3131006e+01		3.2855905e+00		9.8454154e+00
2.4200000e+02		2.4300000e+02		2.4250000e+02		1.7782729e+01		1.6189154e+01		2.3100629e+01		1.8071657e+01		4.4540506e+00		1.3617607e+01
2.4300000e+02		2.4400000e+02		2.4350000e+02		1.6701989e+01		1.5224007e+01		2.1687546e+01		1.6964439e+01		4.1179063e+00		1.2846533e+01
2.4400000e+02		2.4500000e+02		2.4450000e+02		1.5641720e+01		1.4261243e+01		2.0282510e+01		1.5863374e+01		3.7906829e+00		1.2072691e+01
2.4500000e+02		2.4600000e+02		2.4550000e+02		1.2691134e+01		1.1568092e+01		1.6425425e+01		1.2844886e+01		3.0209272e+00		9.8239591e+00
2.4600000e+02		2.4700000e+02		2.4650000e+02		1.2350906e+01		1.1280643e+01		1.5992758e+01		1.2505527e+01		2.8981085e+00		9.6074190e+00
2.4700000e+02		2.4800000e+02		2.4750000e+02		1.3639226e+01		1.2471505e+01		1.7654070e+01		1.3803191e+01		3.1508032e+00		1.0652388e+01
2.4800000e+02		2.4900000e+02		2.4850000e+02		1.0938846e+01		1.0012328e+01		1.4151710e+01		1.1063655e+01		2.4874667e+00		8.5761886e+00
2.4900000e+02		2.5000000e+02		2.4950000e+02		1.3333262e+01		1.2211772e+01		1.7234903e+01		1.3472567e+01		2.9830736e+00		1.0489494e+01
2.5000000e+02		2.5100000e+02		2.5050000e+02		1.4401571e+01		1.3176721e+01		1.8568912e+01		1.4513183e+01		3.1621025e+00		1.1351080e+01
2.5100000e+02		2.5200000e+02		2.5150000e+02		1.2007424e+01		1.0981900e+01		1.5453483e+01		1.2076601e+01		2.5900902e+00		9.4865103e+00
2.5200000e+02		2.5300000e+02		2.5250000e+02		1.0794009e+01		9.8926470e+00		1.3901845e+01		1.0863246e+01		2.2964612e+00		8.5667845e+00
2.5300000e+02		2.5400000e+02		2.5350000e+02		1.3602371e+01		1.2462956e+01		1.7489464e+01		1.3664954e+01		2.8439584e+00		1.0820996e+01
2.5400000e+02		2.5500000e+02		2.5450000e+02		1.5384114e+01		1.4076994e+01		1.9727026e+01		1.5410893e+01		3.1560382e+00		1.2254855e+01
2.5500000e+02		2.5600000e+02		2.5550000e+02		2.0992062e+01		1.9173992e+01		2.6832902e+01		2.0958685e+01		4.2226296e+00		1.6736056e+01
2.5600000e+02		2.5700000e+02		2.5650000e+02		2.7040612e+01		2.4807556e+01		3.4675294e+01		2.7083933e+01		5.3859663e+00		2.1697967e+01
2.5700000e+02		2.5800000e+02		2.5750000e+02		3.3946512e+01		3.1037382e+01		4.3324227e+01		3.3832758e+01		6.6139299e+00		2.7218828e+01
2.5800000e+02		2.5900000e+02		2.5850000e+02		3.5732434e+01		3.2724486e+01		4.5623830e+01		3.5625932e+01		6.8648968e+00		2.8761036e+01
2.5900000e+02		2.6000000e+02		2.5950000e+02		3.0409976e+01		2.7793631e+01		3.8699998e+01		3.0214554e+01		5.7279653e+00		2.4486588e+01
2.6000000e+02		2.6100000e+02		2.6050000e+02		2.4915606e+01		2.2759620e+01		3.1652140e+01		2.4708991e+01		4.6122617e+00		2.0096729e+01
2.6100000e+02		2.6200000e+02		2.6150000e+02		2.5442742e+01		2.3192046e+01		3.2214050e+01		2.5143673e+01		4.6175986e+00		2.0526074e+01
2.6200000e+02		2.6300000e+02		2.6250000e+02		3.0366547e+01		2.7709736e+01		3.8445605e+01		3.0005055e+01		5.4307823e+00		2.4574273e+01
2.6300000e+02		2.6400000e+02		2.6350000e+02		4.5700096e+01		4.1781483e+01		5.7905933e+01		4.5190192e+01		8.0650910e+00		3.7125101e+01
2.6400000e+02		2.6500000e+02		2.6450000e+02		7.1249372e+01		6.4852403e+01		8.9772608e+01		7.0044730e+01		1.2285177e+01		5.7759553e+01
2.6500000e+02		2.6600000e+02		2.6550000e+02		7.4731454e+01		6.7988145e+01		9.4009989e+01		7.3342592e+01		1.2668757e+01		6.0673835e+01
2.6600000e+02		2.6700000e+02		2.6650000e+02		7.2446611e+01		6.5799304e+01		9.0883452e+01		7.0893544e+01		1.2053103e+01		5.8840442e+01
2.6700000e+02		2.6800000e+02		2.6750000e+02		7.2937204e+01		6.6214344e+01		9.1360309e+01		7.1257695e+01		1.1932698e+01		5.9324998e+01
2.6800000e+02		2.6900000e+02		2.6850000e+02		7.2239021e+01		6.5440879e+01		9.0197088e+01		7.0340153e+01		1.1591806e+01		5.8748347e+01
2.6900000e+02		2.7000000e+02		2.6950000e+02		6.7758000e+01		6.1484335e+01		8.4661082e+01		6.6019035e+01		1.0729215e+01		5.5289820e+01
2.7000000e+02		2.7100000e+02		2.7050000e+02		7.8281462e+01		7.0730171e+01		9.7289063e+01		7.5851895e+01		1.2118129e+01		6.3733766e+01
2.7100000e+02		2.7200000e+02		2.7150000e+02		6.5051220e+01		5.8655258e+01		8.0599424e+01		6.2830986e+01		9.8798792e+00		5.2951107e+01
2.7200000e+02		2.7300000e+02		2.7250000e+02		5.2331568e+01		4.7042751e+01		6.4578126e+01		5.0333616e+01		7.7862694e+00		4.2547347e+01
2.7300000e+02		2.7400000e+02		2.7350000e+02		5.5800645e+01		4.9884386e+01		6.8409723e+01		5.3308713e+01		8.1020444e+00		4.5206669e+01
2.7400000e+02		2.7500000e+02		2.7450000e+02		3.8398649e+01		3.4635199e+01		4.7460647e+01		3.6988019e+01		5.5668330e+00		3.1421186e+01
2.7500000e+02		2.7600000e+02		2.7550000e+02		5.1208696e+01		4.5854523e+01		6.2771685e+01		4.8908414e+01		7.2255849e+00		4.1682829e+01
2.7600000e+02		2.7700000e+02		2.7650000e+02		7.1318275e+01		6.4033762e+01		8.7584384e+01		6.8239323e+01		9.9504632e+00		5.8288860e+01
2.7700000e+02		2.7800000e+02		2.7750000e+02		6.8188493e+01		6.0971981e+01		8.3320180e+01		6.4905631e+01		9.3071170e+00		5.5598514e+01
2.7800000e+02		2.7900000e+02		2.7850000e+02		4.7024496e+01		4.2100825e+01		5.7484618e+01		4.4777464e+01		6.3329953e+00		3.8444469e+01
2.7900000e+02		2.8000000e+02		2.7950000e+02		2.6422560e+01		2.3566920e+01		3.2150207e+01		2.5039203e+01		3.4834572e+00		2.1555745e+01
2.8000000e+02		2.8100000e+02		2.8050000e+02		2.8982131e+01		2.5865094e+01		3.5257045e+01		2.7457000e+01		3.7664902e+00		2.3690510e+01
2.8100000e+02		2.8200000e+02		2.8150000e+02		6.0033324e+01		5.3095119e+01		7.2309434e+01		5.6296779e+01		7.5752075e+00		4.8721571e+01
2.8200000e+02		2.8300000e+02		2.8250000e+02		8.1733762e+01		7.3427186e+01		9.9939383e+01		7.7828131e+01		1.0412749e+01		6.7415382e+01
2.8300000e+02		2.8400000e+02		2.8350000e+02		8.4433091e+01		7.5068485e+01		1.0208287e+02		7.9473618e+01		1.0422657e+01		6.9050962e+01
2.8400000e+02		2.8500000e+02		2.8450000e+02		6.2255376e+01		5.5567729e+01		7.5510850e+01		5.8787179e+01		7.6173017e+00		5.1169877e+01
2.8500000e+02		2.8600000e+02		2.8550000e+02		4.0018063e+01		3.5518315e+01		4.8227257e+01		3.7538897e+01		4.7807466e+00		3.2758150e+01
2.8600000e+02		2.8700000e+02		2.8650000e+02		8.2001717e+01		7.3225866e+01		9.9361102e+01		7.7344446e+01		9.7446633e+00		6.7599782e+01
2.8700000e+02		2.8800000e+02		2.8750000e+02		9.5189148e+01		8.4781910e+01		1.1495670e+02		8.9472956e+01		1.1099133e+01		7.8373822e+01
2.8800000e+02		2.8900000e+02		2.8850000e+02		9.0460934e+01		8.0792127e+01		1.0947309e+02		8.5203749e+01		1.0438010e+01		7.4765739e+01
2.8900000e+02		2.9000000e+02		2.8950000e+02		1.3728321e+02		1.2352213e+02		1.6726837e+02		1.3019720e+02		1.5793370e+01		1.1440383e+02
2.9000000e+02		2.9100000e+02		2.9050000e+02		1.8023325e+02		1.6085221e+02		2.1765577e+02		1.6937684e+02		2.0169478e+01		1.4920736e+02
2.9100000e+02		2.9200000e+02		2.9150000e+02		1.7359450e+02		1.5727341e+02		2.1269962e+02		1.6556026e+02		1.9606908e+01		1.4595335e+02
2.9200000e+02		2.9300000e+02		2.9250000e+02		1.5421676e+02		1.3761465e+02		1.8596705e+02		1.4469700e+02		1.6757020e+01		1.2793998e+02
2.9300000e+02		2.9400000e+02		2.9350000e+02		1.6099986e+02		1.4592911e+02		1.9710139e+02		1.5339953e+02		1.7675205e+01		1.3572433e+02
2.9400000e+02		2.9500000e+02		2.9450000e+02		1.4991794e+02		1.3517098e+02		1.8244749e+02		1.4196993e+02		1.6086473e+01		1.2588345e+02
2.9500000e+02		2.9600000e+02		2.9550000e+02		1.6232431e+02		1.4882664e+02		2.0078070e+02		1.5627914e+02		1.7632816e+01		1.3864633e+02
2.9600000e+02		2.9700000e+02		2.9650000e+02		1.4851381e+02		1.3390050e+02		1.8051021e+02		1.4044416e+02		1.5482472e+01		1.2496169e+02
2.9700000e+02		2.9800000e+02		2.9750000e+02		1.5140866e+02		1.3889220e+02		1.8715056e+02		1.4565270e+02		1.5995499e+01		1.2965720e+02
2.9800000e+02		2.9900000e+02		2.9850000e+02		1.3012850e+02		1.1756694e+02		1.5830496e+02		1.2315727e+02		1.3226866e+01		1.0993041e+02
2.9900000e+02		3.0000000e+02		2.9950000e+02		1.4682541e+02		1.3552988e+02		1.8241295e+02		1.4196562e+02		1.5227114e+01		1.2673850e+02
3.0000000e+02		3.0100000e+02		3.0050000e+02		1.1681452e+02		1.0652153e+02		1.4327584e+02		1.1147222e+02		1.1713463e+01		9.9758757e+01
3.0100000e+02		3.0200000e+02		3.0150000e+02		1.3434477e+02		1.2603500e+02		1.6945873e+02		1.3191067e+02		1.3901991e+01		1.1800868e+02
3.0200000e+02		3.0300000e+02		3.0250000e+02		1.4142283e+02		1.2977094e+02		1.7435928e+02		1.3565670e+02		1.3925860e+01		1.2173085e+02
3.0300000e+02		3.0400000e+02		3.0350000e+02		1.8342160e+02		1.7327423e+02		2.3272549e+02		1.8116223e+02		1.8663225e+01		1.6249901e+02
3.0400000e+02		3.0500000e+02		3.0450000e+02		1.7556728e+02		1.6227830e+02		2.1780940e+02		1.6946697e+02		1.7008581e+01		1.5245839e+02
3.0500000e+02		3.0600000e+02		3.0550000e+02		1.7728071e+02		1.6838311e+02		2.2592024e+02		1.7586292e+02		1.7697431e+01		1.5816549e+02
3.0600000e+02		3.0700000e+02		3.0650000e+02		1.6814926e+02		1.5625985e+02		2.0951778e+02		1.6301442e+02		1.5981473e+01		1.4703295e+02
3.0700000e+02		3.0800000e+02		3.0750000e+02		1.8878816e+02		1.7939788e+02		2.4044816e+02		1.8715194e+02		1.8346297e+01		1.6880564e+02
3.0800000e+02		3.0900000e+02		3.0850000e+02		1.8529086e+02		1.7420146e+02		2.3335101e+02		1.8157916e+02		1.7455836e+01		1.6412333e+02
3.0900000e+02		3.1000000e+02		3.0950000e+02		1.5026991e+02		1.4308699e+02		1.9158892e+02		1.4911173e+02		1.4254690e+01		1.3485704e+02
3.1000000e+02		3.1100000e+02		3.1050000e+02		1.8913229e+02		1.7938394e+02		2.4006623e+02		1.8681635e+02		1.7585256e+01		1.6923109e+02
3.1100000e+02		3.1200000e+02		3.1150000e+02		2.2495083e+02		2.1489491e+02		2.8746085e+02		2.2371765e+02		2.0874818e+01		2.0284283e+02
3.1200000e+02		3.1300000e+02		3.1250000e+02		2.0030306e+02		1.9179148e+02		2.5643616e+02		1.9957085e+02		1.8406192e+01		1.8116466e+02
3.1300000e+02		3.1400000e+02		3.1350000e+02		2.1331645e+02		2.0405880e+02		2.7270885e+02		2.1221984e+02		1.9309236e+01		1.9291060e+02
3.1400000e+02		3.1500000e+02		3.1450000e+02		2.0119548e+02		1.9363293e+02		2.5866274e+02		2.0130249e+02		1.8146378e+01		1.8315612e+02
3.1500000e+02		3.1600000e+02		3.1550000e+02		1.9522773e+02		1.8755479e+02		2.5042720e+02		1.9487639e+02		1.7323091e+01		1.7755329e+02
3.1600000e+02		3.1700000e+02		3.1650000e+02		1.9043254e+02		1.8363064e+02		2.4508137e+02		1.9072043e+02		1.6774614e+01		1.7394582e+02
3.1700000e+02		3.1800000e+02		3.1750000e+02		2.4155434e+02		2.3296970e+02		3.1079431e+02		2.4184640e+02		2.1002484e+01		2.2084391e+02
3.1800000e+02		3.1900000e+02		3.1850000e+02		1.9952276e+02		1.9280837e+02		2.5710696e+02		2.0006686e+02		1.7173767e+01		1.8289309e+02
3.1900000e+02		3.2000000e+02		3.1950000e+02		2.1430874e+02		2.0739354e+02		2.7643908e+02		2.1510544e+02		1.8246546e+01		1.9685890e+02
3.2000000e+02		3.2100000e+02		3.2050000e+02		2.4621307e+02		2.3861625e+02		3.1792397e+02		2.4738100e+02		2.0737614e+01		2.2664338e+02
3.2100000e+02		3.2200000e+02		3.2150000e+02		2.0677326e+02		2.0059158e+02		2.6715117e+02		2.0786797e+02		1.7216125e+01		1.9065185e+02
3.2200000e+02		3.2300000e+02		3.2250000e+02		2.0765168e+02		2.0159851e+02		2.6838316e+02		2.0881978e+02		1.7085696e+01		1.9173408e+02
3.2300000e+02		3.2400000e+02		3.2350000e+02		2.0066974e+02		1.9511025e+02		2.5964212e+02		2.0201499e+02		1.6336776e+01		1.8567821e+02
3.2400000e+02		3.2500000e+02		3.2450000e+02		2.3629853e+02		2.2982509e+02		3.0571790e+02		2.3785483e+02		1.8998563e+01		2.1885626e+02
3.2500000e+02		3.2600000e+02		3.2550000e+02		2.7209498e+02		2.6480942e+02		3.5211800e+02		2.7394595e+02		2.1617267e+01		2.5232868e+02
3.2600000e+02		3.2700000e+02		3.2650000e+02		3.0699214e+02		2.9897283e+02		3.9739327e+02		3.0915997e+02		2.4103030e+01		2.8505694e+02
3.2700000e+02		3.2800000e+02		3.2750000e+02		2.9701525e+02		2.8936091e+02		3.8447215e+02		2.9909657e+02		2.3034830e+01		2.7606174e+02
3.2800000e+02		3.2900000e+02		3.2850000e+02		2.8673370e+02		2.7948497e+02		3.7121230e+02		2.8877137e+02		2.1971866e+01		2.6679951e+02
3.2900000e+02		3.3000000e+02		3.2950000e+02		3.3379807e+02		3.2547951e+02		4.3214431e+02		3.3615917e+02		2.5268332e+01		3.1089084e+02
3.3000000e+02		3.3100000e+02		3.3050000e+02		3.1443449e+02		3.0671715e+02		4.0708666e+02		3.1665607e+02		2.3515747e+01		2.9314033e+02
3.3100000e+02		3.3200000e+02		3.3150000e+02		3.0087994e+02		2.9360785e+02		3.8954940e+02		3.0300408e+02		2.2231737e+01		2.8077235e+02
3.3200000e+02		3.3300000e+02		3.3250000e+02		2.9519831e+02		2.8814910e+02		3.8217345e+02		2.9725625e+02		2.1547755e+01		2.7570849e+02
3.3300000e+02		3.3400000e+02		3.3350000e+02		2.8364288e+02		2.7696457e+02		3.6721310e+02		2.8561026e+02		2.0455907e+01		2.6515435e+02
3.3400000e+02		3.3500000e+02		3.3450000e+02		2.9883003e+02		2.9188209e+02		3.8686044e+02		3.0088117e+02		2.1292073e+01		2.7958910e+02
3.3500000e+02		3.3600000e+02		3.3550000e+02		2.9511053e+02		2.8833518e+02		3.8203195e+02		2.9711573e+02		2.0775003e+01		2.7634073e+02
3.3600000e+02		3.3700000e+02		3.3650000e+02		2.4313126e+02		2.3761726e+02		3.1472945e+02		2.4476468e+02		1.6910968e+01		2.2785371e+02
3.3700000e+02		3.3800000e+02		3.3750000e+02		2.5649874e+02		2.5075273e+02		3.3202024e+02		2.5820315e+02		1.7627876e+01		2.4057527e+02
3.3800000e+02		3.3900000e+02		3.3850000e+02		2.7748673e+02		2.7134856e+02		3.5917659e+02		2.7931281e+02		1.8843608e+01		2.6046920e+02
3.3900000e+02		3.4000000e+02		3.3950000e+02		2.9040264e+02		2.8406632e+02		3.7589272e+02		2.9230281e+02		1.9487744e+01		2.7281507e+02
3.4000000e+02		3.4100000e+02		3.4050000e+02		3.0654056e+02		2.9993415e+02		3.9676722e+02		3.0852549e+02		2.0327335e+01		2.8819816e+02
3.4100000e+02		3.4200000e+02		3.4150000e+02		2.7979685e+02		2.7384080e+02		3.6213936e+02		2.8159009e+02		1.8335026e+01		2.6325507e+02
3.4200000e+02		3.4300000e+02		3.4250000e+02		3.0344565e+02		2.9706384e+02		3.9273266e+02		3.0536917e+02		1.9650628e+01		2.8571854e+02
3.4300000e+02		3.4400000e+02		3.4350000e+02		2.9822260e+02		2.9202630e+02		3.8595866e+02		3.0009286e+02		1.9085699e+01		2.8100716e+02
3.4400000e+02		3.4500000e+02		3.4450000e+02		2.3986676e+02		2.3494204e+02		3.1042241e+02		2.4135416e+02		1.5171234e+01		2.2618293e+02
3.4500000e+02		3.4600000e+02		3.4550000e+02		2.8907088e+02		2.8320726e+02		3.7408652e+02		2.9084449e+02		1.8069880e+01		2.7277461e+02
3.4600000e+02		3.4700000e+02		3.4650000e+02		2.8069735e+02		2.7507144e+02		3.6323723e+02		2.8240108e+02		1.7342119e+01		2.6505896e+02
3.4700000e+02		3.4800000e+02		3.4750000e+02		2.7782009e+02		2.7231681e+02		3.5949950e+02		2.7948702e+02		1.6964888e+01		2.6252213e+02
3.4800000e+02		3.4900000e+02		3.4850000e+02		2.8744416e+02		2.8181833e+02		3.7194080e+02		2.8915103e+02		1.7349336e+01		2.7180169e+02
3.4900000e+02		3.5000000e+02		3.4950000e+02		2.7550877e+02		2.7017979e+02		3.5648391e+02		2.7712681e+02		1.6436812e+01		2.6069000e+02
3.5000000e+02		3.5100000e+02		3.5050000e+02		3.3002358e+02		3.2371501e+02		4.2700611e+02		3.3194074e+02		1.9462292e+01		3.1247845e+02
3.5100000e+02		3.5200000e+02		3.5150000e+02		3.0660572e+02		3.0081401e+02		3.9669359e+02		3.0836827e+02		1.7873570e+01		2.9049470e+02
3.5200000e+02		3.5300000e+02		3.5250000e+02		2.8324198e+02		2.7795502e+02		3.6645373e+02		2.8485369e+02		1.6322444e+01		2.6853125e+02
3.5300000e+02		3.5400000e+02		3.5350000e+02		3.2405327e+02		3.1807291e+02		4.1923782e+02		3.2587530e+02		1.8460646e+01		3.0741465e+02
3.5400000e+02		3.5500000e+02		3.5450000e+02		3.4586270e+02		3.3955396e+02		4.4743844e+02		3.4778654e+02		1.9478484e+01		3.2830805e+02
3.5500000e+02		3.5600000e+02		3.5550000e+02		3.2478382e+02		3.1892972e+02		4.2015715e+02		3.2657272e+02		1.8083545e+01		3.0848918e+02
3.5600000e+02		3.5700000e+02		3.5650000e+02		2.8234357e+02		2.7731346e+02		3.6524270e+02		2.8388241e+02		1.5542299e+01		2.6834011e+02
3.5700000e+02		3.5800000e+02		3.5750000e+02		2.4674321e+02		2.4239762e+02		3.1917899e+02		2.4807336e+02		1.3428957e+01		2.3464440e+02
3.5800000e+02		3.5900000e+02		3.5850000e+02		2.1181106e+02		2.0812219e+02		2.7398146e+02		2.1293940e+02		1.1397643e+01		2.0154176e+02
3.5900000e+02		3.6000000e+02		3.5950000e+02		3.0582840e+02		3.0056252e+02		3.9558143e+02		3.0743970e+02		1.6271582e+01		2.9116811e+02
3.6000000e+02		3.6100000e+02		3.6050000e+02		3.0178862e+02		2.9665171e+02		3.9034414e+02		3.0336192e+02		1.5876513e+01		2.8748540e+02
3.6100000e+02		3.6200000e+02		3.6150000e+02		2.8033735e+02		2.7562162e+02		3.6258950e+02		2.8178518e+02		1.4583131e+01		2.6720205e+02
3.6200000e+02		3.6300000e+02		3.6250000e+02		3.1645921e+02		3.1119545e+02		4.0929620e+02		3.1807551e+02		1.6278393e+01		3.0179711e+02
3.6300000e+02		3.6400000e+02		3.6350000e+02		3.0810145e+02		3.0303269e+02		3.9847206e+02		3.0965642e+02		1.5671897e+01		2.9398452e+02
3.6400000e+02		3.6500000e+02		3.6450000e+02		3.2221950e+02		3.1697861e+02		4.1671926e+02		3.2382896e+02		1.6208096e+01		3.0762086e+02
3.6500000e+02		3.6600000e+02		3.6550000e+02		3.6674574e+02		3.6084966e+02		4.7429274e+02		3.6856037e+02		1.8243722e+01		3.5031664e+02
3.6600000e+02		3.6700000e+02		3.6650000e+02		3.9198946e+02		3.8575821e+02		5.0692442e+02		3.9390863e+02		1.9284116e+01		3.7462452e+02
3.6700000e+02		3.6800000e+02		3.6750000e+02		3.7850004e+02		3.7255208e+02		4.8946784e+02		3.8033539e+02		1.8415518e+01		3.6191988e+02
3.6800000e+02		3.6900000e+02		3.6850000e+02		3.4895620e+02		3.4353345e+02		4.5124937e+02		3.5063040e+02		1.6791547e+01		3.3383885e+02
3.6900000e+02		3.7000000e+02		3.6950000e+02		3.8736224e+02		3.8140684e+02		5.0089615e+02		3.8919845e+02		1.8435148e+01		3.7076330e+02
3.7000000e+02		3.7100000e+02		3.7050000e+02		3.6351013e+02		3.5797945e+02		4.7003499e+02		3.6521125e+02		1.7110601e+01		3.4810064e+02
3.7100000e+02		3.7200000e+02		3.7150000e+02		3.7529261e+02		3.6965139e+02		4.8526442e+02		3.7703638e+02		1.7473078e+01		3.5956330e+02
3.7200000e+02		3.7300000e+02		3.7250000e+02		3.1177186e+02		3.0713818e+02		4.0312073e+02		3.1320655e+02		1.4357899e+01		2.9884865e+02
3.7300000e+02		3.7400000e+02		3.7350000e+02		2.7192112e+02		2.6792396e+02		3.5158413e+02		2.7315926e+02		1.2386847e+01		2.6077241e+02
3.7400000e+02		3.7500000e+02		3.7450000e+02		2.7832167e+02		2.7427424e+02		3.5984896e+02		2.7957478e+02		1.2541192e+01		2.6703358e+02
3.7500000e+02		3.7600000e+02		3.7550000e+02		3.1876744e+02		3.1417940e+02		4.1212751e+02		3.2018461e+02		1.4208477e+01		3.0597614e+02
3.7600000e+02		3.7700000e+02		3.7650000e+02		3.3048657e+02		3.2578503e+02		4.2727230e+02		3.3194412e+02		1.4572560e+01		3.1737156e+02
3.7700000e+02		3.7800000e+02		3.7750000e+02		3.8770864e+02		3.8225431e+02		5.0124127e+02		3.8940230e+02		1.6912318e+01		3.7248998e+02
3.7800000e+02		3.7900000e+02		3.7850000e+02		4.0380398e+02		3.9818377e+02		5.2203532e+02		4.0554876e+02		1.7425755e+01		3.8812301e+02
3.7900000e+02		3.8000000e+02		3.7950000e+02		3.2744385e+02		3.2293704e+02		4.2330864e+02		3.2884556e+02		1.3979708e+01		3.1486586e+02
3.8000000e+02		3.8100000e+02		3.8050000e+02		3.5656330e+02		3.5170932e+02		4.6094288e+02		3.5807477e+02		1.5060817e+01		3.4301395e+02
3.8100000e+02		3.8200000e+02		3.8150000e+02		3.2019140e+02		3.1587950e+02		4.1391357e+02		3.2153490e+02		1.3380822e+01		3.0815408e+02
3.8200000e+02		3.8300000e+02		3.8250000e+02		2.2964197e+02		2.2658210e+02		2.9685189e+02		2.3059516e+02		9.4950154e+00		2.2110015e+02
3.8300000e+02		3.8400000e+02		3.8350000e+02		2.0267593e+02		2.0000238e+02		2.6198498e+02		2.0350671e+02		8.2913383e+00		1.9521537e+02
3.8400000e+02		3.8500000e+02		3.8450000e+02		2.7111947e+02		2.6758267e+02		3.5045087e+02		2.7222103e+02		1.0974474e+01		2.6124655e+02
3.8500000e+02		3.8600000e+02		3.8550000e+02		2.8715912e+02		2.8345469e+02		3.7117755e+02		2.8831584e+02		1.1501603e+01		2.7681424e+02
3.8600000e+02		3.8700000e+02		3.8650000e+02		2.8837692e+02		2.8469664e+02		3.7274363e+02		2.8952721e+02		1.1429234e+01		2.7809797e+02
3.8700000e+02		3.8800000e+02		3.8750000e+02		2.8805300e+02		2.8441573e+02		3.7231647e+02		2.8919037e+02		1.1296930e+01		2.7789344e+02
3.8800000e+02		3.8900000e+02		3.8850000e+02		2.9209390e+02		2.8844344e+02		3.7752959e+02		2.9323449e+02		1.1335765e+01		2.8189873e+02
3.8900000e+02		3.9000000e+02		3.8950000e+02		3.5069332e+02		3.4635478e+02		4.5325656e+02		3.5204707e+02		1.3468107e+01		3.3857896e+02
3.9000000e+02		3.9100000e+02		3.9050000e+02		3.6838836e+02		3.6388134e+02		4.7611968e+02		3.6979882e+02		1.4000906e+01		3.5579791e+02
3.9100000e+02		3.9200000e+02		3.9150000e+02		3.9613874e+02		3.9134416e+02		5.1197589e+02		3.9764151e+02		1.4899688e+01		3.8274182e+02
3.9200000e+02		3.9300000e+02		3.9250000e+02		3.0403432e+02		3.0039315e+02		3.9293060e+02		3.0517639e+02		1.1317272e+01		2.9385912e+02
3.9300000e+02		3.9400000e+02		3.9350000e+02		1.8639471e+02		1.8418573e+02		2.4088947e+02		1.8708797e+02		6.8667780e+00		1.8022119e+02
3.9400000e+02		3.9500000e+02		3.9450000e+02		3.0813115e+02		3.0451745e+02		3.9820880e+02		3.0926584e+02		1.1234828e+01		2.9803101e+02
3.9500000e+02		3.9600000e+02		3.9550000e+02		3.7840801e+02		3.7401609e+02		4.8901999e+02		3.7978766e+02		1.3655690e+01		3.6613197e+02
3.9600000e+02		3.9700000e+02		3.9650000e+02		2.6140326e+02		2.5838709e+02		3.3778920e+02		2.6233295e+02		9.3359843e+00		2.5299696e+02
3.9700000e+02		3.9800000e+02		3.9750000e+02		2.9300657e+02		2.8965692e+02		3.7861528e+02		2.9403459e+02		1.0357679e+01		2.8367691e+02
3.9800000e+02		3.9900000e+02		3.9850000e+02		4.5124719e+02		4.4611208e+02		5.8304011e+02		4.5278458e+02		1.5787317e+01		4.3699726e+02
3.9900000e+02		4.0000000e+02		3.9950000e+02		4.9846141e+02		4.9281531e+02		6.4399076e+02		5.0011034e+02		1.7260230e+01		4.8285011e+02
4.0000000e+02		4.0100000e+02		4.0050000e+02		5.1407199e+02		5.0838323e+02		6.6424418e+02		5.1583234e+02		1.7624786e+01		4.9820756e+02
4.0100000e+02		4.0200000e+02		4.0150000e+02		5.3860814e+02		5.3273274e+02		6.9596608e+02		5.4045910e+02		1.8280766e+01		5.2217833e+02
4.0200000e+02		4.0300000e+02		4.0250000e+02		5.4526519e+02		5.3937782e+02		7.0455482e+02		5.4712082e+02		1.8320147e+01		5.2880067e+02
4.0300000e+02		4.0400000e+02		4.0350000e+02		5.2165796e+02		5.1608279e+02		6.7403869e+02		5.2341607e+02		1.7350723e+01		5.0606534e+02
4.0400000e+02		4.0500000e+02		4.0450000e+02		5.1300620e+02		5.0757910e+02		6.6284751e+02		5.1471841e+02		1.6891788e+01		4.9782662e+02
4.0500000e+02		4.0600000e+02		4.0550000e+02		5.1256585e+02		5.0719826e+02		6.6226654e+02		5.1426006e+02		1.6708393e+01		4.9755167e+02
4.0600000e+02		4.0700000e+02		4.0650000e+02		4.9035274e+02		4.8526954e+02		6.3355443e+02		4.9195786e+02		1.5824727e+01		4.7613313e+02
4.0700000e+02		4.0800000e+02		4.0750000e+02		4.9838294e+02		4.9326851e+02		6.4391835e+02		4.9999866e+02		1.5923703e+01		4.8407495e+02
4.0800000e+02		4.0900000e+02		4.0850000e+02		5.2990289e+02		5.2451957e+02		6.8463059e+02		5.3160427e+02		1.6762586e+01		5.1484169e+02
4.0900000e+02		4.1000000e+02		4.0950000e+02		5.2713439e+02		5.2183280e+02		6.8104187e+02		5.2881064e+02		1.6509748e+01		5.1230089e+02
4.1000000e+02		4.1100000e+02		4.1050000e+02		4.8293937e+02		4.7813075e+02		6.2393251e+02		4.8446037e+02		1.4976025e+01		4.6948434e+02
4.1100000e+02		4.1200000e+02		4.1150000e+02		5.5986852e+02		5.5434944e+02		7.2330869e+02		5.6161494e+02		1.7190372e+01		5.4442457e+02
4.1200000e+02		4.1300000e+02		4.1250000e+02		5.4940473e+02		5.4404260e+02		7.0977833e+02		5.5110216e+02		1.6703108e+01		5.3439905e+02
4.1300000e+02		4.1400000e+02		4.1350000e+02		5.2995399e+02		5.2483295e+02		6.8463848e+02		5.3157574e+02		1.5953614e+01		5.1562212e+02
4.1400000e+02		4.1500000e+02		4.1450000e+02		5.3771640e+02		5.3257171e+02		6.9465521e+02		5.3934627e+02		1.6028783e+01		5.2331748e+02
4.1500000e+02		4.1600000e+02		4.1550000e+02		5.3722776e+02		5.3213842e+02		6.9401270e+02		5.3884071e+02		1.5857777e+01		5.2298293e+02
4.1600000e+02		4.1700000e+02		4.1650000e+02		5.5745703e+02		5.5222759e+02		7.2013363e+02		5.5911446e+02		1.6294518e+01		5.4281994e+02
4.1700000e+02		4.1800000e+02		4.1750000e+02		5.0725322e+02		5.0254036e+02		6.5526765e+02		5.0874607e+02		1.4682851e+01		4.9406322e+02
4.1800000e+02		4.1900000e+02		4.1850000e+02		5.2601513e+02		5.2116295e+02		6.7947698e+02		5.2753551e+02		1.5077633e+01		5.1245788e+02
4.1900000e+02		4.2000000e+02		4.1950000e+02		5.3123875e+02		5.2639976e+02		6.8623161e+02		5.3277360e+02		1.5080669e+01		5.1769293e+02
4.2000000e+02		4.2100000e+02		4.2050000e+02		5.3797708e+02		5.3312520e+02		6.9492626e+02		5.3951759e+02		1.5124567e+01		5.2439303e+02
4.2100000e+02		4.2200000e+02		4.2150000e+02		5.2958361e+02		5.2485383e+02		6.8407372e+02		5.3108589e+02		1.4745210e+01		5.1634068e+02
4.2200000e+02		4.2300000e+02		4.2250000e+02		5.0190537e+02		4.9746623e+02		6.4831148e+02		5.0331583e+02		1.3840294e+01		4.8947553e+02
4.2300000e+02		4.2400000e+02		4.2350000e+02		5.3474862e+02		5.3006472e+02		6.9072490e+02		5.3623736e+02		1.4604619e+01		5.2163274e+02
4.2400000e+02		4.2500000e+02		4.2450000e+02		5.5328403e+02		5.4848451e+02		7.1465628e+02		5.5481003e+02		1.4966340e+01		5.3984369e+02
4.2500000e+02		4.2600000e+02		4.2550000e+02		5.3248014e+02		5.2790553e+02		6.8777472e+02		5.3393512e+02		1.4266178e+01		5.1966894e+02
4.2600000e+02		4.2700000e+02		4.2650000e+02		5.3029841e+02		5.2578626e+02		6.8494690e+02		5.3173400e+02		1.4072495e+01		5.1766151e+02
4.2700000e+02		4.2800000e+02		4.2750000e+02		4.9171747e+02		4.8757366e+02		6.3510579e+02		4.9303630e+02		1.2924766e+01		4.8011154e+02
4.2800000e+02		4.2900000e+02		4.2850000e+02		4.9494538e+02		4.9081420e+02		6.3926604e+02		4.9626062e+02		1.2886361e+01		4.8337426e+02
4.2900000e+02		4.3000000e+02		4.2950000e+02		4.6063718e+02		4.5682900e+02		5.9494571e+02		4.6184997e+02		1.1879758e+01		4.4997022e+02
4.3000000e+02		4.3100000e+02		4.3050000e+02		3.7055843e+02		3.6752407e+02		4.7859604e+02		3.7152509e+02		9.4665237e+00		3.6205857e+02
4.3100000e+02		4.3200000e+02		4.3150000e+02		4.5818753e+02		4.5447118e+02		5.9176570e+02		4.5937182e+02		1.1595030e+01		4.4777679e+02
4.3200000e+02		4.3300000e+02		4.3250000e+02		5.1625369e+02		5.1210598e+02		6.6675132e+02		5.1757585e+02		1.2941843e+01		5.0463401e+02
4.3300000e+02		4.3400000e+02		4.3350000e+02		5.6047485e+02		5.5601436e+02		7.2385420e+02		5.6189715e+02		1.3918835e+01		5.4797831e+02
4.3400000e+02		4.3500000e+02		4.3450000e+02		4.7595241e+02		4.7220024e+02		6.1468528e+02		4.7714921e+02		1.1709370e+01		4.6543984e+02
4.3500000e+02		4.3600000e+02		4.3550000e+02		5.3162725e+02		5.2747554e+02		6.8657960e+02		5.3295188e+02		1.2957165e+01		5.1999471e+02
4.3600000e+02		4.3700000e+02		4.3650000e+02		5.9481241e+02		5.9021078e+02		7.6817138e+02		5.9628102e+02		1.4362333e+01		5.8191869e+02
4.3700000e+02		4.3800000e+02		4.3750000e+02		5.2629983e+02		5.2226630e+02		6.7968210e+02		5.2758750e+02		1.2590106e+01		5.1499740e+02
4.3800000e+02		4.3900000e+02		4.3850000e+02		5.1257868e+02		5.0868695e+02		6.6195384e+02		5.1382144e+02		1.2148349e+01		5.0167309e+02
4.3900000e+02		4.4000000e+02		4.3950000e+02		5.7051902e+02		5.6622663e+02		7.3676862e+02		5.7188871e+02		1.3396623e+01		5.5849209e+02
4.4000000e+02		4.4100000e+02		4.4050000e+02		5.4089681e+02		5.3685970e+02		6.9849902e+02		5.4217824e+02		1.2583792e+01		5.2959445e+02
4.4100000e+02		4.4200000e+02		4.4150000e+02		5.9491633e+02		5.9041409e+02		7.6811629e+02		5.9620832e+02		1.3709300e+01		5.8249902e+02
4.4200000e+02		4.4300000e+02		4.4250000e+02		6.2544254e+02		6.2067817e+02		8.0742499e+02		6.2671264e+02		1.4277704e+01		6.1243494e+02
4.4300000e+02		4.4400000e+02		4.4350000e+02		6.0497206e+02		6.0041388e+02		7.8100125e+02		6.0619757e+02		1.3684348e+01		5.9251322e+02
4.4400000e+02		4.4500000e+02		4.4450000e+02		6.2324411e+02		6.1846129e+02		8.0441501e+02		6.2436321e+02		1.3964085e+01		6.1039913e+02
4.4500000e+02		4.4600000e+02		4.4550000e+02		5.7783999e+02		5.7347136e+02		7.4583941e+02		5.7889389e+02		1.2829841e+01		5.6606405e+02
4.4600000e+02		4.4700000e+02		4.4650000e+02		5.8940025e+02		5.8514300e+02		7.6095850e+02		5.9062622e+02		1.2973450e+01		5.7765277e+02
4.4700000e+02		4.4800000e+02		4.4750000e+02		6.3881895e+02		6.3428641e+02		8.2480448e+02		6.4017609e+02		1.3935147e+01		6.2624095e+02
4.4800000e+02		4.4900000e+02		4.4850000e+02		6.2805979e+02		6.2368969e+02		8.1096319e+02		6.2942847e+02		1.3578116e+01		6.1585036e+02
4.4900000e+02		4.5000000e+02		4.4950000e+02		6.3454704e+02		6.3019170e+02		8.1935627e+02		6.3593771e+02		1.3595195e+01		6.2234251e+02
4.5000000e+02		4.5100000e+02		4.5050000e+02		6.7325368e+02		6.6867791e+02		8.6933083e+02		6.7471953e+02		1.4294637e+01		6.6042490e+02
4.5100000e+02		4.5200000e+02		4.5150000e+02		6.7122600e+02		6.6670529e+02		8.6670320e+02		6.7267457e+02		1.4123461e+01		6.5855111e+02
4.5200000e+02		4.5300000e+02		4.5250000e+02		6.3541039e+02		6.3116954e+02		8.2044840e+02		6.3676961e+02		1.3249914e+01		6.2351970e+02
4.5300000e+02		4.5400000e+02		4.5350000e+02		6.0888666e+02		6.0485945e+02		7.8619233e+02		6.1017772e+02		1.2583178e+01		5.9759454e+02
4.5400000e+02		4.5500000e+02		4.5450000e+02		6.4999363e+02		6.4573317e+02		8.3926067e+02		6.5135979e+02		1.3312726e+01		6.3804706e+02
4.5500000e+02		4.5600000e+02		4.5550000e+02		6.4380306e+02		6.3962102e+02		8.3125886e+02		6.4514439e+02		1.3068439e+01		6.3207595e+02
4.5600000e+02		4.5700000e+02		4.5650000e+02		6.6853861e+02		6.6423475e+02		8.6318776e+02		6.6991933e+02		1.3449875e+01		6.5646946e+02
4.5700000e+02		4.5800000e+02		4.5750000e+02		6.7499745e+02		6.7069080e+02		8.7151825e+02		6.7637938e+02		1.3459331e+01		6.6292005e+02
4.5800000e+02		4.5900000e+02		4.5850000e+02		6.3439039e+02		6.3037887e+02		8.1908047e+02		6.3567791e+02		1.2537650e+01		6.2314026e+02
4.5900000e+02		4.6000000e+02		4.5950000e+02		6.5539586e+02		6.5128835e+02		8.4619282e+02		6.5671448e+02		1.2838374e+01		6.4387611e+02
4.6000000e+02		4.6100000e+02		4.6050000e+02		6.4752339e+02		6.4350120e+02		8.3602029e+02		6.4881491e+02		1.2572369e+01		6.3624254e+02
4.6100000e+02		4.6200000e+02		4.6150000e+02		6.6245412e+02		6.5837559e+02		8.5528907e+02		6.6376402e+02		1.2749165e+01		6.5101485e+02
4.6200000e+02		4.6300000e+02		4.6250000e+02		6.6901120e+02		6.6492865e+02		8.6374651e+02		6.7032267e+02		1.2762383e+01		6.5756029e+02
4.6300000e+02		4.6400000e+02		4.6350000e+02		6.4662616e+02		6.4271497e+02		8.3483767e+02		6.4788285e+02		1.2227343e+01		6.3565551e+02
4.6400000e+02		4.6500000e+02		4.6450000e+02		6.5795753e+02		6.5401278e+02		8.4945919e+02		6.5922527e+02		1.2332895e+01		6.4689238e+02
4.6500000e+02		4.6600000e+02		4.6550000e+02		6.3552746e+02		6.3175060e+02		8.2049306e+02		6.3674150e+02		1.1808583e+01		6.2493292e+02
4.6600000e+02		4.6700000e+02		4.6650000e+02		6.3955371e+02		6.3578618e+02		8.2568347e+02		6.4076500e+02		1.1780007e+01		6.2898499e+02
4.6700000e+02		4.6800000e+02		4.6750000e+02		6.4572639e+02		6.4191781e+02		8.3359625e+02		6.4690055e+02		1.1789295e+01		6.3511125e+02
4.6800000e+02		4.6900000e+02		4.6850000e+02		6.3145002e+02		6.2776127e+02		8.1516338e+02		6.3259169e+02		1.1428888e+01		6.2116280e+02
4.6900000e+02		4.7000000e+02		4.6950000e+02		6.4956875e+02		6.4576892e+02		8.3849733e+02		6.5069451e+02		1.1654065e+01		6.3904045e+02
4.7000000e+02		4.7100000e+02		4.7050000e+02		6.1381170e+02		6.1024848e+02		7.9232924e+02		6.1486275e+02		1.0917462e+01		6.0394529e+02
4.7100000e+02		4.7200000e+02		4.7150000e+02		6.4174114e+02		6.3803109e+02		8.2835332e+02		6.4281359e+02		1.1315505e+01		6.3149808e+02
4.7200000e+02		4.7300000e+02		4.7250000e+02		6.5742798e+02		6.5365441e+02		8.4858815e+02		6.5851168e+02		1.1492405e+01		6.4701927e+02
4.7300000e+02		4.7400000e+02		4.7350000e+02		6.4563741e+02		6.4190508e+02		8.3328819e+02		6.4663365e+02		1.1187902e+01		6.3544575e+02
4.7400000e+02		4.7500000e+02		4.7450000e+02		6.6512717e+02		6.6140144e+02		8.5854768e+02		6.6623215e+02		1.1429584e+01		6.5480257e+02
4.7500000e+02		4.7600000e+02		4.7550000e+02		6.6365303e+02		6.6002731e+02		8.5671527e+02		6.6480691e+02		1.1308658e+01		6.5349825e+02
4.7600000e+02		4.7700000e+02		4.7650000e+02		6.3952653e+02		6.3607245e+02		8.2557612e+02		6.4063919e+02		1.0805026e+01		6.2983416e+02
4.7700000e+02		4.7800000e+02		4.7750000e+02		6.6772274e+02		6.6414718e+02		8.6196800e+02		6.6887476e+02		1.1185555e+01		6.5768920e+02
4.7800000e+02		4.7900000e+02		4.7850000e+02		6.6128260e+02		6.5777171e+02		8.5364740e+02		6.6241399e+02		1.0983749e+01		6.5143024e+02
4.7900000e+02		4.8000000e+02		4.7950000e+02		6.6320839e+02		6.5971722e+02		8.5612647e+02		6.6433362e+02		1.0922527e+01		6.5341110e+02
4.8000000e+02		4.8100000e+02		4.8050000e+02		6.6489751e+02		6.6142715e+02		8.5830005e+02		6.6601623e+02		1.0857876e+01		6.5515836e+02
4.8100000e+02		4.8200000e+02		4.8150000e+02		6.6630748e+02		6.6285922e+02		8.6011332e+02		6.6741927e+02		1.0789202e+01		6.5663007e+02
4.8200000e+02		4.8300000e+02		4.8250000e+02		6.6376999e+02		6.6036389e+02		8.5683104e+02		6.6486838e+02		1.0657732e+01		6.5421065e+02
4.8300000e+02		4.8400000e+02		4.8350000e+02		6.5373157e+02		6.5038998e+02		8.4384671e+02		6.5478894e+02		1.0408065e+01		6.4438088e+02
4.8400000e+02		4.8500000e+02		4.8450000e+02		6.4242337e+02		6.3913667e+02		8.2920452e+02		6.4342300e+02		1.0141578e+01		6.3328142e+02
4.8500000e+02		4.8600000e+02		4.8550000e+02		6.0369332e+02		6.0058293e+02		7.7914716e+02		6.0457667e+02		9.4492897e+00		5.9512738e+02
4.8600000e+02		4.8700000e+02		4.8650000e+02		5.2412565e+02		5.2148641e+02		6.7649965e+02		5.2492529e+02		8.1364688e+00		5.1678882e+02
4.8700000e+02		4.8800000e+02		4.8750000e+02		5.9966111e+02		5.9662788e+02		7.7393965e+02		6.0052920e+02		9.2306150e+00		5.9129858e+02
4.8800000e+02		4.8900000e+02		4.8850000e+02		6.3081686e+02		6.2765125e+02		8.1414327e+02		6.3172118e+02		9.6295435e+00		6.2209163e+02
4.8900000e+02		4.9000000e+02		4.8950000e+02		6.1880396e+02		6.1573150e+02		7.9864329e+02		6.1969091e+02		9.3680785e+00		6.1032284e+02
4.9000000e+02		4.9100000e+02		4.9050000e+02		6.5907671e+02		6.5585848e+02		8.5064963e+02		6.6004100e+02		9.8959477e+00		6.5014505e+02
4.9100000e+02		4.9200000e+02		4.9150000e+02		6.2110374e+02		6.1808889e+02		8.0162473e+02		6.2199783e+02		9.2486545e+00		6.1274918e+02
4.9200000e+02		4.9300000e+02		4.9250000e+02		5.9112858e+02		5.8832869e+02		7.6299123e+02		5.9201882e+02		8.7309497e+00		5.8328787e+02
4.9300000e+02		4.9400000e+02		4.9350000e+02		6.2472140e+02		6.2179361e+02		8.0635386e+02		6.2566146e+02		9.1514438e+00		6.1651002e+02
4.9400000e+02		4.9500000e+02		4.9450000e+02		6.4279699e+02		6.3981372e+02		8.2968472e+02		6.4376089e+02		9.3391051e+00		6.3442179e+02
4.9500000e+02		4.9600000e+02		4.9550000e+02		6.3133158e+02		6.2842561e+02		8.1488023e+02		6.3227065e+02		9.0974460e+00		6.2317320e+02
4.9600000e+02		4.9700000e+02		4.9650000e+02		6.3921352e+02		6.3629542e+02		8.2504808e+02		6.4015665e+02		9.1357767e+00		6.3102087e+02
4.9700000e+02		4.9800000e+02		4.9750000e+02		6.5113923e+02		6.4819102e+02		8.4043521e+02		6.5209223e+02		9.2303535e+00		6.4286188e+02
4.9800000e+02		4.9900000e+02		4.9850000e+02		5.9175801e+02		5.8909127e+02		7.6377396e+02		5.9260777e+02		8.3201153e+00		5.8428765e+02
4.9900000e+02		5.0000000e+02		4.9950000e+02		6.3385792e+02		6.3097892e+02		8.1804770e+02		6.3471456e+02		8.8386121e+00		6.2587595e+02
