Left Bin Edge (nm)	Right Bin Edge (nm)	Bin Center (nm)		Top of Atm Intensity (erg/s/nm/cm2)		Total Surface Flux (erg/s/nm/cm2)		Total Intensity at BOA (erg/s/nm/cm2)		Total Surface Intensity (erg/s/nm/cm2)		Total Surface Diffuse Intensity (erg/s/nm/cm2)		Total Surface Direct Intensity (erg/s/nm/cm2)
1.0000000e+02		1.0100000e+02		1.0050000e+02		1.9189487e-02		0.0000000e+00		0.0000000e+00		0.0000000e+00		0.0000000e+00		0.0000000e+00
1.0100000e+02		1.0200000e+02		1.0150000e+02		7.4861701e-02		0.0000000e+00		0.0000000e+00		0.0000000e+00		0.0000000e+00		0.0000000e+00
1.0200000e+02		1.0300000e+02		1.0250000e+02		3.9734366e-01		0.0000000e+00		0.0000000e+00		0.0000000e+00		0.0000000e+00		0.0000000e+00
1.0300000e+02		1.0400000e+02		1.0350000e+02		3.0179545e-01		0.0000000e+00		0.0000000e+00		0.0000000e+00		0.0000000e+00		0.0000000e+00
1.0400000e+02		1.0500000e+02		1.0450000e+02		6.0815352e-02		0.0000000e+00		0.0000000e+00		0.0000000e+00		0.0000000e+00		0.0000000e+00
1.0500000e+02		1.0600000e+02		1.0550000e+02		2.0834600e-02		0.0000000e+00		0.0000000e+00		0.0000000e+00		0.0000000e+00		0.0000000e+00
1.0600000e+02		1.0700000e+02		1.0650000e+02		1.9584792e-02		0.0000000e+00		0.0000000e+00		0.0000000e+00		0.0000000e+00		0.0000000e+00
1.0700000e+02		1.0800000e+02		1.0750000e+02		2.1853879e-02		0.0000000e+00		0.0000000e+00		0.0000000e+00		0.0000000e+00		0.0000000e+00
1.0800000e+02		1.0900000e+02		1.0850000e+02		3.0634999e-02		0.0000000e+00		0.0000000e+00		0.0000000e+00		0.0000000e+00		0.0000000e+00
1.0900000e+02		1.1000000e+02		1.0950000e+02		2.4032561e-02		0.0000000e+00		0.0000000e+00		0.0000000e+00		0.0000000e+00		0.0000000e+00
1.1000000e+02		1.1100000e+02		1.1050000e+02		2.3268893e-02		0.0000000e+00		0.0000000e+00		0.0000000e+00		0.0000000e+00		0.0000000e+00
1.1100000e+02		1.1200000e+02		1.1150000e+02		2.1871272e-02		0.0000000e+00		0.0000000e+00		0.0000000e+00		0.0000000e+00		0.0000000e+00
1.1200000e+02		1.1300000e+02		1.1250000e+02		2.2375602e-02		0.0000000e+00		0.0000000e+00		0.0000000e+00		0.0000000e+00		0.0000000e+00
1.1300000e+02		1.1400000e+02		1.1350000e+02		1.7748133e-02		0.0000000e+00		0.0000000e+00		0.0000000e+00		0.0000000e+00		0.0000000e+00
1.1400000e+02		1.1500000e+02		1.1450000e+02		1.3589480e-02		0.0000000e+00		0.0000000e+00		0.0000000e+00		0.0000000e+00		0.0000000e+00
1.1500000e+02		1.1600000e+02		1.1550000e+02		1.8751615e-02		0.0000000e+00		0.0000000e+00		0.0000000e+00		0.0000000e+00		0.0000000e+00
1.1600000e+02		1.1700000e+02		1.1650000e+02		4.3674487e-02		0.0000000e+00		0.0000000e+00		0.0000000e+00		0.0000000e+00		0.0000000e+00
1.1700000e+02		1.1800000e+02		1.1750000e+02		1.5546757e-01		0.0000000e+00		0.0000000e+00		0.0000000e+00		0.0000000e+00		0.0000000e+00
1.1800000e+02		1.1900000e+02		1.1850000e+02		5.2889236e-02		0.0000000e+00		0.0000000e+00		0.0000000e+00		0.0000000e+00		0.0000000e+00
1.1900000e+02		1.2000000e+02		1.1950000e+02		7.3692884e-02		0.0000000e+00		0.0000000e+00		0.0000000e+00		0.0000000e+00		0.0000000e+00
1.2000000e+02		1.2100000e+02		1.2050000e+02		4.0066072e-01		0.0000000e+00		0.0000000e+00		0.0000000e+00		0.0000000e+00		0.0000000e+00
1.2100000e+02		1.2200000e+02		1.2150000e+02		1.5905289e+01		0.0000000e+00		0.0000000e+00		0.0000000e+00		0.0000000e+00		0.0000000e+00
1.2200000e+02		1.2300000e+02		1.2250000e+02		1.0666543e-01		0.0000000e+00		0.0000000e+00		0.0000000e+00		0.0000000e+00		0.0000000e+00
1.2300000e+02		1.2400000e+02		1.2350000e+02		5.7456553e-02		0.0000000e+00		0.0000000e+00		0.0000000e+00		0.0000000e+00		0.0000000e+00
1.2400000e+02		1.2500000e+02		1.2450000e+02		4.6184197e-02		0.0000000e+00		0.0000000e+00		0.0000000e+00		0.0000000e+00		0.0000000e+00
1.2500000e+02		1.2600000e+02		1.2550000e+02		4.5085118e-02		0.0000000e+00		0.0000000e+00		0.0000000e+00		0.0000000e+00		0.0000000e+00
1.2600000e+02		1.2700000e+02		1.2650000e+02		6.3054464e-02		0.0000000e+00		0.0000000e+00		0.0000000e+00		0.0000000e+00		0.0000000e+00
1.2700000e+02		1.2800000e+02		1.2750000e+02		3.3006429e-02		0.0000000e+00		0.0000000e+00		0.0000000e+00		0.0000000e+00		0.0000000e+00
1.2800000e+02		1.2900000e+02		1.2850000e+02		2.6335196e-02		0.0000000e+00		0.0000000e+00		0.0000000e+00		0.0000000e+00		0.0000000e+00
1.2900000e+02		1.3000000e+02		1.2950000e+02		3.5131240e-02		0.0000000e+00		0.0000000e+00		0.0000000e+00		0.0000000e+00		0.0000000e+00
1.3000000e+02		1.3100000e+02		1.3050000e+02		2.8850634e-01		0.0000000e+00		0.0000000e+00		0.0000000e+00		0.0000000e+00		0.0000000e+00
1.3100000e+02		1.3200000e+02		1.3150000e+02		3.9064855e-02		0.0000000e+00		0.0000000e+00		0.0000000e+00		0.0000000e+00		0.0000000e+00
1.3200000e+02		1.3300000e+02		1.3250000e+02		3.0374778e-02		0.0000000e+00		0.0000000e+00		0.0000000e+00		0.0000000e+00		0.0000000e+00
1.3300000e+02		1.3400000e+02		1.3350000e+02		4.1056606e-01		0.0000000e+00		0.0000000e+00		0.0000000e+00		0.0000000e+00		0.0000000e+00
1.3400000e+02		1.3500000e+02		1.3450000e+02		2.8092500e-02		0.0000000e+00		0.0000000e+00		0.0000000e+00		0.0000000e+00		0.0000000e+00
1.3500000e+02		1.3600000e+02		1.3550000e+02		5.8954708e-02		0.0000000e+00		0.0000000e+00		0.0000000e+00		0.0000000e+00		0.0000000e+00
1.3600000e+02		1.3700000e+02		1.3650000e+02		3.8690656e-02		0.0000000e+00		0.0000000e+00		0.0000000e+00		0.0000000e+00		0.0000000e+00
1.3700000e+02		1.3800000e+02		1.3750000e+02		3.9732879e-02		0.0000000e+00		0.0000000e+00		0.0000000e+00		0.0000000e+00		0.0000000e+00
1.3800000e+02		1.3900000e+02		1.3850000e+02		4.0549866e-02		0.0000000e+00		0.0000000e+00		0.0000000e+00		0.0000000e+00		0.0000000e+00
1.3900000e+02		1.4000000e+02		1.3950000e+02		1.3692187e-01		0.0000000e+00		0.0000000e+00		0.0000000e+00		0.0000000e+00		0.0000000e+00
1.4000000e+02		1.4100000e+02		1.4050000e+02		1.1939088e-01		0.0000000e+00		0.0000000e+00		0.0000000e+00		0.0000000e+00		0.0000000e+00
1.4100000e+02		1.4200000e+02		1.4150000e+02		5.7521948e-02		0.0000000e+00		0.0000000e+00		0.0000000e+00		0.0000000e+00		0.0000000e+00
1.4200000e+02		1.4300000e+02		1.4250000e+02		6.2343151e-02		0.0000000e+00		0.0000000e+00		0.0000000e+00		0.0000000e+00		0.0000000e+00
1.4300000e+02		1.4400000e+02		1.4350000e+02		6.9165895e-02		0.0000000e+00		0.0000000e+00		0.0000000e+00		0.0000000e+00		0.0000000e+00
1.4400000e+02		1.4500000e+02		1.4450000e+02		6.6149126e-02		0.0000000e+00		0.0000000e+00		0.0000000e+00		0.0000000e+00		0.0000000e+00
1.4500000e+02		1.4600000e+02		1.4550000e+02		7.0536262e-02		0.0000000e+00		0.0000000e+00		0.0000000e+00		0.0000000e+00		0.0000000e+00
1.4600000e+02		1.4700000e+02		1.4650000e+02		8.6012655e-02		0.0000000e+00		0.0000000e+00		0.0000000e+00		0.0000000e+00		0.0000000e+00
1.4700000e+02		1.4800000e+02		1.4750000e+02		1.0610345e-01		0.0000000e+00		0.0000000e+00		0.0000000e+00		0.0000000e+00		0.0000000e+00
1.4800000e+02		1.4900000e+02		1.4850000e+02		1.0405386e-01		0.0000000e+00		0.0000000e+00		0.0000000e+00		0.0000000e+00		0.0000000e+00
1.4900000e+02		1.5000000e+02		1.4950000e+02		9.4002421e-02		0.0000000e+00		0.0000000e+00		0.0000000e+00		0.0000000e+00		0.0000000e+00
1.5000000e+02		1.5100000e+02		1.5050000e+02		1.0343288e-01		0.0000000e+00		0.0000000e+00		0.0000000e+00		0.0000000e+00		0.0000000e+00
1.5100000e+02		1.5200000e+02		1.5150000e+02		1.0875212e-01		0.0000000e+00		0.0000000e+00		0.0000000e+00		0.0000000e+00		0.0000000e+00
1.5200000e+02		1.5300000e+02		1.5250000e+02		1.3876638e-01		0.0000000e+00		0.0000000e+00		0.0000000e+00		0.0000000e+00		0.0000000e+00
1.5300000e+02		1.5400000e+02		1.5350000e+02		1.5371418e-01		0.0000000e+00		0.0000000e+00		0.0000000e+00		0.0000000e+00		0.0000000e+00
1.5400000e+02		1.5500000e+02		1.5450000e+02		4.1112511e-01		0.0000000e+00		0.0000000e+00		0.0000000e+00		0.0000000e+00		0.0000000e+00
1.5500000e+02		1.5600000e+02		1.5550000e+02		3.3836363e-01		0.0000000e+00		0.0000000e+00		0.0000000e+00		0.0000000e+00		0.0000000e+00
1.5600000e+02		1.5700000e+02		1.5650000e+02		2.0084632e-01		0.0000000e+00		0.0000000e+00		0.0000000e+00		0.0000000e+00		0.0000000e+00
1.5700000e+02		1.5800000e+02		1.5750000e+02		1.8216796e-01		0.0000000e+00		0.0000000e+00		0.0000000e+00		0.0000000e+00		0.0000000e+00
1.5800000e+02		1.5900000e+02		1.5850000e+02		1.6795176e-01		0.0000000e+00		0.0000000e+00		0.0000000e+00		0.0000000e+00		0.0000000e+00
1.5900000e+02		1.6000000e+02		1.5950000e+02		1.6379377e-01		0.0000000e+00		0.0000000e+00		0.0000000e+00		0.0000000e+00		0.0000000e+00
1.6000000e+02		1.6100000e+02		1.6050000e+02		1.7926410e-01		0.0000000e+00		0.0000000e+00		0.0000000e+00		0.0000000e+00		0.0000000e+00
1.6100000e+02		1.6200000e+02		1.6150000e+02		2.0306941e-01		0.0000000e+00		0.0000000e+00		0.0000000e+00		0.0000000e+00		0.0000000e+00
1.6200000e+02		1.6300000e+02		1.6250000e+02		2.2492895e-01		0.0000000e+00		0.0000000e+00		0.0000000e+00		0.0000000e+00		0.0000000e+00
1.6300000e+02		1.6400000e+02		1.6350000e+02		4.7671727e-01		0.0000000e+00		0.0000000e+00		0.0000000e+00		0.0000000e+00		0.0000000e+00
1.6400000e+02		1.6500000e+02		1.6450000e+02		4.8753270e-01		0.0000000e+00		0.0000000e+00		0.0000000e+00		0.0000000e+00		0.0000000e+00
1.6500000e+02		1.6600000e+02		1.6550000e+02		5.7072689e-01		0.0000000e+00		0.0000000e+00		0.0000000e+00		0.0000000e+00		0.0000000e+00
1.6600000e+02		1.6700000e+02		1.6650000e+02		2.6919628e-01		0.0000000e+00		0.0000000e+00		0.0000000e+00		0.0000000e+00		0.0000000e+00
1.6700000e+02		1.6800000e+02		1.6750000e+02		2.8728373e-01		0.0000000e+00		0.0000000e+00		0.0000000e+00		0.0000000e+00		0.0000000e+00
1.6800000e+02		1.6900000e+02		1.6850000e+02		3.0958866e-01		0.0000000e+00		0.0000000e+00		0.0000000e+00		0.0000000e+00		0.0000000e+00
1.6900000e+02		1.7000000e+02		1.6950000e+02		3.8988989e-01		0.0000000e+00		0.0000000e+00		0.0000000e+00		0.0000000e+00		0.0000000e+00
1.7000000e+02		1.7100000e+02		1.7050000e+02		4.3752516e-01		0.0000000e+00		0.0000000e+00		0.0000000e+00		0.0000000e+00		0.0000000e+00
1.7100000e+02		1.7200000e+02		1.7150000e+02		4.3618394e-01		0.0000000e+00		0.0000000e+00		0.0000000e+00		0.0000000e+00		0.0000000e+00
1.7200000e+02		1.7300000e+02		1.7250000e+02		4.5514763e-01		0.0000000e+00		0.0000000e+00		0.0000000e+00		0.0000000e+00		0.0000000e+00
1.7300000e+02		1.7400000e+02		1.7350000e+02		4.5120572e-01		0.0000000e+00		0.0000000e+00		0.0000000e+00		0.0000000e+00		0.0000000e+00
1.7400000e+02		1.7500000e+02		1.7450000e+02		5.3951828e-01		0.0000000e+00		0.0000000e+00		0.0000000e+00		0.0000000e+00		0.0000000e+00
1.7500000e+02		1.7600000e+02		1.7550000e+02		6.4389120e-01		0.0000000e+00		0.0000000e+00		0.0000000e+00		0.0000000e+00		0.0000000e+00
1.7600000e+02		1.7700000e+02		1.7650000e+02		6.9472845e-01		0.0000000e+00		0.0000000e+00		0.0000000e+00		0.0000000e+00		0.0000000e+00
1.7700000e+02		1.7800000e+02		1.7750000e+02		8.1849614e-01		0.0000000e+00		0.0000000e+00		0.0000000e+00		0.0000000e+00		0.0000000e+00
1.7800000e+02		1.7900000e+02		1.7850000e+02		8.9455089e-01		0.0000000e+00		0.0000000e+00		0.0000000e+00		0.0000000e+00		0.0000000e+00
1.7900000e+02		1.8000000e+02		1.7950000e+02		8.6966614e-01		0.0000000e+00		0.0000000e+00		0.0000000e+00		0.0000000e+00		0.0000000e+00
1.8000000e+02		1.8100000e+02		1.8050000e+02		1.0753674e+00		0.0000000e+00		0.0000000e+00		0.0000000e+00		0.0000000e+00		0.0000000e+00
1.8100000e+02		1.8200000e+02		1.8150000e+02		1.3093431e+00		0.0000000e+00		0.0000000e+00		0.0000000e+00		0.0000000e+00		0.0000000e+00
1.8200000e+02		1.8300000e+02		1.8250000e+02		1.2087370e+00		0.0000000e+00		0.0000000e+00		0.0000000e+00		0.0000000e+00		0.0000000e+00
1.8300000e+02		1.8400000e+02		1.8350000e+02		1.2728289e+00		0.0000000e+00		0.0000000e+00		0.0000000e+00		0.0000000e+00		0.0000000e+00
1.8400000e+02		1.8500000e+02		1.8450000e+02		1.0940339e+00		0.0000000e+00		0.0000000e+00		0.0000000e+00		0.0000000e+00		0.0000000e+00
1.8500000e+02		1.8600000e+02		1.8550000e+02		1.2372281e+00		0.0000000e+00		0.0000000e+00		0.0000000e+00		0.0000000e+00		0.0000000e+00
1.8600000e+02		1.8700000e+02		1.8650000e+02		1.4037992e+00		0.0000000e+00		0.0000000e+00		0.0000000e+00		0.0000000e+00		0.0000000e+00
1.8700000e+02		1.8800000e+02		1.8750000e+02		1.5907538e+00		0.0000000e+00		0.0000000e+00		0.0000000e+00		0.0000000e+00		0.0000000e+00
1.8800000e+02		1.8900000e+02		1.8850000e+02		1.6735993e+00		4.3008119e-225		0.0000000e+00		4.3044684e-225		8.6514339e-228		4.2958170e-225
1.8900000e+02		1.9000000e+02		1.8950000e+02		1.8559600e+00		7.7703779e-156		0.0000000e+00		7.7797286e-156		2.2124136e-158		7.7576045e-156
1.9000000e+02		1.9100000e+02		1.9050000e+02		1.9109940e+00		1.5789858e-112		0.0000000e+00		1.5815678e-112		6.1091523e-115		1.5754587e-112
1.9100000e+02		1.9200000e+02		1.9150000e+02		2.0707336e+00		4.4173285e-86		7.9867879e-83		4.4265976e-86		2.1930943e-88		4.4046666e-86
1.9200000e+02		1.9300000e+02		1.9250000e+02		2.1685186e+00		2.1527107e-65		6.3816786e-63		2.1585602e-65		1.3840078e-67		2.1447201e-65
1.9300000e+02		1.9400000e+02		1.9350000e+02		1.6554009e+00		3.8458966e-56		5.0237823e-54		3.8578724e-56		2.8334930e-58		3.8295375e-56
1.9400000e+02		1.9500000e+02		1.9450000e+02		2.6556632e+00		8.5955216e-54		9.3109560e-52		8.6227388e-54		6.4396555e-56		8.5583423e-54
1.9500000e+02		1.9600000e+02		1.9550000e+02		2.5630279e+00		5.4728523e-46		2.9926330e-44		5.4927843e-46		4.7159668e-48		5.4456247e-46
1.9600000e+02		1.9700000e+02		1.9650000e+02		2.8204934e+00		8.4082729e-42		3.2005180e-40		8.4412942e-42		7.8129073e-44		8.3631651e-42
1.9700000e+02		1.9800000e+02		1.9750000e+02		2.8068384e+00		3.4780189e-46		1.9421015e-44		3.4900409e-46		2.8444512e-48		3.4615964e-46
1.9800000e+02		1.9900000e+02		1.9850000e+02		2.7505577e+00		2.1130502e-30		2.9676725e-29		2.1241465e-30		2.6254119e-32		2.0978924e-30
1.9900000e+02		2.0000000e+02		1.9950000e+02		2.8965557e+00		2.2389008e-26		2.2178421e-25		2.2522667e-26		3.1624110e-28		2.2206426e-26
2.0000000e+02		2.0100000e+02		2.0050000e+02		3.0623388e+00		1.5373476e-29		2.0117965e-28		1.5452824e-29		1.8773942e-31		1.5265085e-29
2.0100000e+02		2.0200000e+02		2.0150000e+02		3.2593670e+00		1.8500941e-21		1.1991466e-20		1.8632592e-21		3.1148992e-23		1.8321103e-21
2.0200000e+02		2.0300000e+02		2.0250000e+02		3.2217937e+00		4.1509975e-29		5.2425143e-28		4.1717734e-29		4.9156381e-31		4.1226170e-29
2.0300000e+02		2.0400000e+02		2.0350000e+02		3.4484145e+00		6.7194199e-27		7.0166293e-26		6.7551539e-27		8.4547549e-29		6.6706064e-27
2.0400000e+02		2.0500000e+02		2.0450000e+02		3.7117169e+00		2.4568655e-17		1.1183454e-16		2.4774570e-17		4.8720121e-19		2.4287369e-17
2.0500000e+02		2.0600000e+02		2.0550000e+02		3.7200399e+00		8.5937090e-28		9.7323529e-27		8.6358494e-28		9.9705364e-30		8.5361440e-28
2.0600000e+02		2.0700000e+02		2.0650000e+02		3.7247532e+00		1.7340714e-22		1.2362516e-21		1.7445149e-22		2.4709722e-24		1.7198052e-22
2.0700000e+02		2.0800000e+02		2.0750000e+02		4.0454145e+00		9.5488903e-16		3.7990859e-15		9.6319903e-16		1.9661677e-17		9.4353736e-16
2.0800000e+02		2.0900000e+02		2.0850000e+02		4.3759554e+00		5.1982766e-23		3.9028639e-22		5.2274004e-23		6.8907696e-25		5.1584927e-23
2.0900000e+02		2.1000000e+02		2.0950000e+02		5.6528678e+00		3.5910268e-12		1.0620431e-11		3.6306044e-12		9.3641604e-14		3.5369628e-12
2.1000000e+02		2.1100000e+02		2.1050000e+02		6.9678423e+00		4.6795097e-20		2.7652533e-19		4.7083145e-20		6.8152876e-22		4.6401616e-20
2.1100000e+02		2.1200000e+02		2.1150000e+02		7.9326445e+00		8.6357202e-14		2.9744833e-13		8.7137925e-14		1.8472115e-15		8.5290713e-14
2.1200000e+02		2.1300000e+02		2.1250000e+02		7.0734222e+00		8.3958745e-12		2.4260022e-11		8.4847885e-12		2.1037258e-13		8.2744159e-12
2.1300000e+02		2.1400000e+02		2.1350000e+02		7.2066449e+00		3.3012496e-14		1.1747106e-13		3.3289909e-14		6.5636632e-16		3.2633543e-14
2.1400000e+02		2.1500000e+02		2.1450000e+02		9.2279181e+00		6.5812446e-08		1.3857851e-07		6.6937610e-08		2.6621660e-09		6.4275444e-08
2.1500000e+02		2.1600000e+02		2.1550000e+02		7.9257408e+00		7.4867571e-12		2.1811980e-11		7.5603930e-12		1.7422446e-13		7.3861686e-12
2.1600000e+02		2.1700000e+02		2.1650000e+02		7.3353469e+00		2.3565867e-07		4.7201258e-07		2.4028751e-07		1.0951970e-08		2.2933554e-07
2.1700000e+02		2.1800000e+02		2.1750000e+02		7.5953881e+00		2.6312442e-08		5.6765572e-08		2.6706922e-08		9.3334998e-10		2.5773572e-08
2.1800000e+02		2.1900000e+02		2.1850000e+02		1.0217230e+01		5.6816715e-07		1.1178039e-06		5.7986722e-07		2.7682663e-08		5.5218455e-07
2.1900000e+02		2.2000000e+02		2.1950000e+02		1.0786519e+01		5.0592907e-05		9.1690922e-05		5.4176201e-05		8.4781631e-06		4.5698038e-05
2.2000000e+02		2.2100000e+02		2.2050000e+02		1.0851638e+01		9.2415635e-07		1.7938185e-06		9.4391441e-07		4.6748059e-08		8.9716635e-07
2.2100000e+02		2.2200000e+02		2.2150000e+02		8.6872371e+00		4.8021120e-04		9.0780963e-04		5.6595070e-04		2.0286184e-04		3.6308886e-04
2.2200000e+02		2.2300000e+02		2.2250000e+02		1.1691346e+01		1.4177149e-04		2.5785016e-04		1.5571163e-04		3.2982726e-05		1.2272891e-04
2.2300000e+02		2.2400000e+02		2.2350000e+02		1.5139682e+01		3.4949538e-02		7.4278674e-02		5.1174368e-02		3.8388359e-02		1.2786009e-02
2.2400000e+02		2.2500000e+02		2.2450000e+02		1.4154944e+01		2.4856519e-03		4.8762220e-03		3.1233357e-03		1.5087760e-03		1.6145597e-03
2.2500000e+02		2.2600000e+02		2.2550000e+02		1.2365614e+01		2.7355090e-02		5.7957870e-02		3.9883817e-02		2.9643287e-02		1.0240531e-02
2.2600000e+02		2.2700000e+02		2.2650000e+02		9.0577089e+00		2.8045875e-02		5.9747326e-02		4.1556478e-02		3.1966430e-02		9.5900481e-03
2.2700000e+02		2.2800000e+02		2.2750000e+02		8.8108381e+00		6.4801833e-02		1.3929521e-01		9.9600563e-02		8.2334681e-02		1.7265883e-02
2.2800000e+02		2.2900000e+02		2.2850000e+02		1.2275156e+01		9.6734495e-01		2.0643411e+00		1.5893751e+00		1.4717391e+00		1.1763597e-01
2.2900000e+02		2.3000000e+02		2.2950000e+02		1.1031259e+01		2.3797745e+00		5.0207106e+00		3.9767454e+00		3.7784738e+00		1.9827163e-01
2.3000000e+02		2.3100000e+02		2.3050000e+02		1.2510180e+01		1.9982509e+00		4.2285987e+00		3.3229142e+00		3.1341870e+00		1.8872721e-01
2.3100000e+02		2.3200000e+02		2.3150000e+02		1.1791833e+01		2.9624920e+00		6.2347370e+00		4.9595371e+00		4.7250594e+00		2.3447766e-01
2.3200000e+02		2.3300000e+02		2.3250000e+02		1.2664003e+01		4.0496234e+00		8.4960997e+00		6.8001469e+00		6.5078085e+00		2.9233839e-01
2.3300000e+02		2.3400000e+02		2.3350000e+02		1.1428554e+01		4.7597285e+00		9.9571143e+00		8.0210355e+00		7.7163350e+00		3.0470041e-01
2.3400000e+02		2.3500000e+02		2.3450000e+02		9.9864853e+00		4.2721500e+00		8.9318272e+00		7.2007682e+00		6.9291850e+00		2.7158316e-01
2.3500000e+02		2.3600000e+02		2.3550000e+02		1.3443360e+01		5.3658636e+00		1.1222668e+01		9.0349546e+00		8.6811626e+00		3.5379201e-01
2.3600000e+02		2.3700000e+02		2.3650000e+02		1.2448020e+01		5.2128475e+00		1.0892305e+01		8.7797307e+00		8.4393361e+00		3.4039453e-01
2.3700000e+02		2.3800000e+02		2.3750000e+02		1.3294723e+01		5.5719631e+00		1.1637721e+01		9.3820285e+00		9.0147114e+00		3.6731705e-01
2.3800000e+02		2.3900000e+02		2.3850000e+02		1.1021422e+01		4.5014527e+00		9.4002379e+00		7.5747073e+00		7.2713985e+00		3.0330879e-01
2.3900000e+02		2.4000000e+02		2.3950000e+02		1.2008577e+01		4.7321058e+00		9.8816202e+00		7.9570465e+00		7.6302917e+00		3.2675484e-01
2.4000000e+02		2.4100000e+02		2.4050000e+02		1.1032163e+01		4.2643670e+00		8.9045113e+00		7.1682131e+00		6.8705737e+00		2.9763942e-01
2.4100000e+02		2.4200000e+02		2.4150000e+02		1.2918879e+01		4.9869365e+00		1.0409588e+01		8.3805812e+00		8.0294495e+00		3.5113172e-01
2.4200000e+02		2.4300000e+02		2.4250000e+02		1.7782729e+01		6.8377824e+00		1.4268815e+01		1.1487999e+01		1.1002531e+01		4.8546847e-01
2.4300000e+02		2.4400000e+02		2.4350000e+02		1.6701989e+01		6.0541326e+00		1.2636253e+01		1.0160417e+01		9.7155733e+00		4.4484368e-01
2.4400000e+02		2.4500000e+02		2.4450000e+02		1.5641720e+01		4.6031585e+00		9.6239355e+00		7.6991472e+00		7.3251879e+00		3.7395934e-01
2.4500000e+02		2.4600000e+02		2.4550000e+02		1.2691134e+01		2.8361291e+00		5.9446558e+00		4.7221756e+00		4.4624340e+00		2.5974165e-01
2.4600000e+02		2.4700000e+02		2.4650000e+02		1.2350906e+01		2.9929635e+00		6.2649201e+00		4.9875565e+00		4.7192577e+00		2.6829886e-01
2.4700000e+02		2.4800000e+02		2.4750000e+02		1.3639226e+01		3.1446077e+00		6.5843258e+00		5.2355517e+00		4.9472268e+00		2.8832494e-01
2.4800000e+02		2.4900000e+02		2.4850000e+02		1.0938846e+01		2.3614587e+00		4.9469257e+00		3.9271081e+00		3.7043663e+00		2.2274186e-01
2.4900000e+02		2.5000000e+02		2.4950000e+02		1.3333262e+01		2.5697625e+00		5.3877065e+00		4.2641484e+00		4.0089601e+00		2.5518825e-01
2.5000000e+02		2.5100000e+02		2.5050000e+02		1.4401571e+01		1.9523784e+00		4.1062279e+00		3.2181072e+00		2.9947465e+00		2.2336073e-01
2.5100000e+02		2.5200000e+02		2.5150000e+02		1.2007424e+01		1.2683059e+00		2.6727392e+00		2.0796571e+00		1.9196776e+00		1.5997952e-01
2.5200000e+02		2.5300000e+02		2.5250000e+02		1.0794009e+01		1.2716747e+00		2.6765184e+00		2.0894302e+00		1.9348304e+00		1.5459979e-01
2.5300000e+02		2.5400000e+02		2.5350000e+02		1.3602371e+01		1.2799063e+00		2.6981772e+00		2.0925581e+00		1.9227550e+00		1.6980312e-01
2.5400000e+02		2.5500000e+02		2.5450000e+02		1.5384114e+01		1.0055040e+00		2.1250922e+00		1.6302614e+00		1.4781918e+00		1.5206955e-01
2.5500000e+02		2.5600000e+02		2.5550000e+02		2.0992062e+01		8.9940731e-01		1.9043807e+00		1.4421037e+00		1.2840334e+00		1.5807026e-01
2.5600000e+02		2.5700000e+02		2.5650000e+02		2.7040612e+01		1.8082904e+00		3.8177309e+00		2.9309657e+00		2.6562783e+00		2.7468743e-01
2.5700000e+02		2.5800000e+02		2.5750000e+02		3.3946512e+01		1.1986474e+00		2.5371911e+00		1.9098078e+00		1.6826235e+00		2.2718432e-01
2.5800000e+02		2.5900000e+02		2.5850000e+02		3.5732434e+01		1.3484270e+00		2.8534993e+00		2.1525695e+00		1.9026216e+00		2.4994794e-01
2.5900000e+02		2.6000000e+02		2.5950000e+02		3.0409976e+01		7.4331573e-01		1.5729926e+00		1.1704537e+00		1.0106193e+00		1.5983443e-01
2.6000000e+02		2.6100000e+02		2.6050000e+02		2.4915606e+01		4.8611536e-01		1.0278031e+00		7.5931478e-01		6.4639677e-01		1.1291800e-01
2.6100000e+02		2.6200000e+02		2.6150000e+02		2.5442742e+01		3.2167865e-01		6.7874639e-01		4.9455071e-01		4.0901969e-01		8.5531020e-02
2.6200000e+02		2.6300000e+02		2.6250000e+02		3.0366547e+01		3.8291535e-01		8.0764420e-01		5.8843897e-01		4.8627409e-01		1.0216487e-01
2.6300000e+02		2.6400000e+02		2.6350000e+02		4.5700096e+01		6.4623642e-01		1.3632774e+00		9.9693966e-01		8.2977277e-01		1.6716689e-01
2.6400000e+02		2.6500000e+02		2.6450000e+02		7.1249372e+01		4.8922462e-01		1.0242970e+00		7.3185385e-01		5.7406693e-01		1.5778692e-01
2.6500000e+02		2.6600000e+02		2.6550000e+02		7.4731454e+01		4.2078230e-01		8.7826900e-01		6.2357227e-01		4.7980621e-01		1.4376605e-01
2.6600000e+02		2.6700000e+02		2.6650000e+02		7.2446611e+01		2.8983137e-01		6.0065076e-01		4.2184115e-01		3.1233850e-01		1.0950265e-01
2.6700000e+02		2.6800000e+02		2.6750000e+02		7.2937204e+01		2.4232432e-01		5.0024249e-01		3.4929228e-01		2.5308890e-01		9.6203378e-02
2.6800000e+02		2.6900000e+02		2.6850000e+02		7.2239021e+01		1.6254266e-01		3.3230769e-01		2.2924491e-01		1.5781922e-01		7.1425686e-02
2.6900000e+02		2.7000000e+02		2.6950000e+02		6.7758000e+01		1.6739609e-01		3.4260600e-01		2.3702731e-01		1.6474924e-01		7.2278074e-02
2.7000000e+02		2.7100000e+02		2.7050000e+02		7.8281462e+01		1.0210488e-01		2.0496762e-01		1.3909207e-01		8.7512641e-02		5.1579431e-02
2.7100000e+02		2.7200000e+02		2.7150000e+02		6.5051220e+01		5.9093626e-02		1.1728121e-01		7.8762009e-02		4.6535893e-02		3.2226116e-02
2.7200000e+02		2.7300000e+02		2.7250000e+02		5.2331568e+01		3.0032820e-02		5.8539144e-02		3.8815379e-02		2.0779757e-02		1.8035621e-02
2.7300000e+02		2.7400000e+02		2.7350000e+02		5.5800645e+01		1.5431842e-02		2.9238879e-02		1.9025911e-02		8.5036584e-03		1.0522253e-02
2.7400000e+02		2.7500000e+02		2.7450000e+02		3.8398649e+01		2.6640725e-02		5.2251790e-02		3.4829297e-02		1.9374368e-02		1.5454929e-02
2.7500000e+02		2.7600000e+02		2.7550000e+02		5.1208696e+01		1.4004407e-02		2.6503031e-02		1.7242492e-02		7.6613896e-03		9.5811020e-03
2.7600000e+02		2.7700000e+02		2.7650000e+02		7.1318275e+01		2.4078660e-02		4.5888278e-02		3.0013143e-02		1.4041138e-02		1.5972006e-02
2.7700000e+02		2.7800000e+02		2.7750000e+02		6.8188493e+01		1.3216933e-02		2.4675186e-02		1.5922246e-02		6.4008379e-03		9.5214077e-03
2.7800000e+02		2.7900000e+02		2.7850000e+02		4.7024496e+01		9.5736997e-03		1.7898880e-02		1.1563614e-02		4.7081872e-03		6.8554265e-03
2.7900000e+02		2.8000000e+02		2.7950000e+02		2.6422560e+01		3.2838623e-03		6.0248532e-03		3.8486844e-03		1.3363834e-03		2.5123010e-03
2.8000000e+02		2.8100000e+02		2.8050000e+02		2.8982131e+01		3.5366380e-03		6.4788385e-03		4.1372835e-03		1.4211425e-03		2.7161410e-03
2.8100000e+02		2.8200000e+02		2.8150000e+02		6.0033324e+01		2.6248471e-03		4.6657588e-03		2.9142168e-03		6.8465614e-04		2.2295607e-03
2.8200000e+02		2.8300000e+02		2.8250000e+02		8.1733762e+01		1.7408195e-02		3.2491210e-02		2.1018288e-02		8.5415714e-03		1.2476716e-02
2.8300000e+02		2.8400000e+02		2.8350000e+02		8.4433091e+01		5.4663794e-03		9.7995785e-03		6.1730720e-03		1.6720527e-03		4.5010193e-03
2.8400000e+02		2.8500000e+02		2.8450000e+02		6.2255376e+01		5.6114338e-03		1.0160208e-02		6.4462459e-03		1.9751865e-03		4.4710593e-03
2.8500000e+02		2.8600000e+02		2.8550000e+02		4.0018063e+01		1.8535084e-03		3.2950256e-03		2.0609734e-03		4.9086752e-04		1.5701059e-03
2.8600000e+02		2.8700000e+02		2.8650000e+02		8.2001717e+01		6.6957912e-03		1.2071638e-02		7.6434649e-03		2.2422201e-03		5.4012448e-03
2.8700000e+02		2.8800000e+02		2.8750000e+02		9.5189148e+01		5.4903505e-03		9.8043526e-03		6.1618086e-03		1.5886869e-03		4.5731217e-03
2.8800000e+02		2.8900000e+02		2.8850000e+02		9.0460934e+01		6.5036378e-03		1.1672692e-02		7.3712719e-03		2.0528443e-03		5.3184276e-03
2.8900000e+02		2.9000000e+02		2.8950000e+02		1.3728321e+02		2.0193322e-02		3.7107678e-02		2.3805692e-02		8.5469601e-03		1.5258732e-02
2.9000000e+02		2.9100000e+02		2.9050000e+02		1.8023325e+02		1.0422399e-02		1.8593327e-02		1.1687686e-02		2.9937012e-03		8.6939850e-03
2.9100000e+02		2.9200000e+02		2.9150000e+02		1.7359450e+02		4.7689855e-02		8.9532526e-02		5.8294311e-02		2.5090413e-02		3.3203898e-02
2.9200000e+02		2.9300000e+02		2.9250000e+02		1.5421676e+02		7.7503441e-03		1.3758602e-02		8.6238360e-03		2.0667041e-03		6.5571319e-03
2.9300000e+02		2.9400000e+02		2.9350000e+02		1.6099986e+02		4.0581799e-02		7.5858725e-02		4.9292100e-02		2.0608794e-02		2.8683306e-02
2.9400000e+02		2.9500000e+02		2.9450000e+02		1.4991794e+02		1.9815486e-02		3.6165624e-02		2.3151277e-02		7.8925653e-03		1.5258712e-02
2.9500000e+02		2.9600000e+02		2.9550000e+02		1.6232431e+02		1.3408604e-01		2.6214570e-01		1.7569177e-01		9.8440206e-02		7.7251561e-02
2.9600000e+02		2.9700000e+02		2.9650000e+02		1.4851381e+02		1.7212552e-02		3.1259618e-02		1.9953598e-02		6.4853833e-03		1.3468214e-02
2.9700000e+02		2.9800000e+02		2.9750000e+02		1.5140866e+02		1.1661242e-01		2.2709172e-01		1.5190769e-01		8.3509509e-02		6.8398183e-02
2.9800000e+02		2.9900000e+02		2.9850000e+02		1.3012850e+02		1.6624041e-02		3.0287529e-02		1.9375924e-02		6.5110250e-03		1.2864899e-02
2.9900000e+02		3.0000000e+02		2.9950000e+02		1.4682541e+02		2.1103070e-01		4.1955004e-01		2.8570968e-01		1.7669234e-01		1.0901733e-01
3.0000000e+02		3.0100000e+02		3.0050000e+02		1.1681452e+02		3.7089044e-02		6.9793422e-02		4.5617284e-02		2.0178033e-02		2.5439252e-02
3.0100000e+02		3.0200000e+02		3.0150000e+02		1.3434477e+02		1.3690849e+00		2.8451032e+00		2.0599727e+00		1.6346579e+00		4.2531473e-01
3.0200000e+02		3.0300000e+02		3.0250000e+02		1.4142283e+02		8.2171567e-02		1.5808415e-01		1.0495087e-01		5.3896419e-02		5.1054456e-02
3.0300000e+02		3.0400000e+02		3.0350000e+02		1.8342160e+02		4.2273056e+00		8.8361762e+00		6.5682890e+00		5.5388262e+00		1.0294628e+00
3.0400000e+02		3.0500000e+02		3.0450000e+02		1.7556728e+02		2.1628328e-01		4.2737064e-01		2.8975578e-01		1.7383780e-01		1.1591799e-01
3.0500000e+02		3.0600000e+02		3.0550000e+02		1.7728071e+02		7.6567233e+00		1.6011468e+01		1.2142753e+01		1.0614061e+01		1.5286925e+00
3.0600000e+02		3.0700000e+02		3.0650000e+02		1.6814926e+02		3.5859713e-01		7.2054412e-01		4.9657817e-01		3.2646665e-01		1.7011152e-01
3.0700000e+02		3.0800000e+02		3.0750000e+02		1.8878816e+02		7.6334170e+00		1.5959784e+01		1.2078809e+01		1.0517910e+01		1.5608990e+00
3.0800000e+02		3.0900000e+02		3.0850000e+02		1.8529086e+02		1.5973088e+00		3.3057867e+00		2.3807212e+00		1.8535735e+00		5.2714769e-01
3.0900000e+02		3.1000000e+02		3.0950000e+02		1.5026991e+02		7.1383675e+00		1.4921012e+01		1.1351002e+01		9.9672001e+00		1.3838019e+00
3.1000000e+02		3.1100000e+02		3.1050000e+02		1.8913229e+02		4.8320720e+00		1.0093328e+01		7.5283639e+00		6.3794951e+00		1.1488688e+00
3.1100000e+02		3.1200000e+02		3.1150000e+02		2.2495083e+02		1.5082366e+01		3.1473616e+01		2.4201311e+01		2.1575656e+01		2.6256549e+00
3.1200000e+02		3.1300000e+02		3.1250000e+02		2.0030306e+02		1.7688218e+01		3.6854481e+01		2.8580003e+01		2.5770240e+01		2.8097636e+00
3.1300000e+02		3.1400000e+02		3.1350000e+02		2.1331645e+02		1.5426255e+01		3.2175205e+01		2.4799840e+01		2.2178140e+01		2.6216999e+00
3.1400000e+02		3.1500000e+02		3.1450000e+02		2.0119548e+02		3.3660946e+01		6.9800974e+01		5.5171314e+01		5.0894077e+01		4.2772366e+00
3.1500000e+02		3.1600000e+02		3.1550000e+02		1.9522773e+02		2.3509020e+01		4.8871505e+01		3.8257681e+01		3.4895706e+01		3.3619750e+00
3.1600000e+02		3.1700000e+02		3.1650000e+02		1.9043254e+02		3.7955397e+01		7.8577081e+01		6.2423771e+01		5.7892794e+01		4.5309764e+00
3.1700000e+02		3.1800000e+02		3.1750000e+02		2.4155434e+02		4.6711806e+01		9.6706583e+01		7.6759037e+01		7.1092513e+01		5.6665239e+00
3.1800000e+02		3.1900000e+02		3.1850000e+02		1.9952276e+02		4.9218150e+01		1.0169040e+02		8.1274392e+01		7.5845883e+01		5.4285096e+00
3.1900000e+02		3.2000000e+02		3.1950000e+02		2.1430874e+02		6.2606893e+01		1.2913173e+02		1.0368245e+02		9.7185802e+01		6.4966444e+00
3.2000000e+02		3.2100000e+02		3.2050000e+02		2.4621307e+02		8.5873884e+01		1.7685087e+02		1.4267152e+02		1.3438465e+02		8.2868706e+00
3.2100000e+02		3.2200000e+02		3.2150000e+02		2.0677326e+02		8.0017524e+01		1.6464971e+02		1.3319105e+02		1.2580991e+02		7.3811360e+00
3.2200000e+02		3.2300000e+02		3.2250000e+02		2.0765168e+02		8.6196326e+01		1.7724321e+02		1.4363498e+02		1.3590132e+02		7.7336608e+00
3.2300000e+02		3.2400000e+02		3.2350000e+02		2.0066974e+02		1.0164718e+02		2.0869217e+02		1.6995102e+02		1.6160862e+02		8.3423978e+00
3.2400000e+02		3.2500000e+02		3.2450000e+02		2.3629853e+02		1.1906110e+02		2.4445149e+02		1.9905553e+02		1.8926885e+02		9.7866781e+00
3.2500000e+02		3.2600000e+02		3.2550000e+02		2.7209498e+02		1.4452575e+02		2.9664336e+02		2.4187109e+02		2.3032154e+02		1.1549553e+01
3.2600000e+02		3.2700000e+02		3.2650000e+02		3.0699214e+02		1.7373878e+02		3.5635548e+02		2.9097879e+02		2.7739284e+02		1.3585951e+01
3.2700000e+02		3.2800000e+02		3.2750000e+02		2.9701525e+02		1.6907362e+02		3.4675349e+02		2.8318461e+02		2.6998950e+02		1.3195113e+01
3.2800000e+02		3.2900000e+02		3.2850000e+02		2.8673370e+02		1.6880654e+02		3.4610807e+02		2.8288186e+02		2.6990511e+02		1.2976749e+01
3.2900000e+02		3.3000000e+02		3.2950000e+02		3.3379807e+02		1.9860764e+02		4.0709240e+02		3.3280079e+02		3.1750439e+02		1.5296400e+01
3.3000000e+02		3.3100000e+02		3.3050000e+02		3.1443449e+02		1.8956188e+02		3.8853121e+02		3.1773759e+02		3.0326700e+02		1.4470594e+01
3.3100000e+02		3.3200000e+02		3.3150000e+02		3.0087994e+02		1.8415452e+02		3.7734417e+02		3.0869211e+02		2.9465912e+02		1.4032997e+01
3.3200000e+02		3.3300000e+02		3.3250000e+02		2.9519831e+02		1.8028491e+02		3.6944286e+02		3.0223088e+02		2.8852725e+02		1.3703628e+01
3.3300000e+02		3.3400000e+02		3.3350000e+02		2.8364288e+02		1.7493547e+02		3.5836799e+02		2.9322791e+02		2.7988291e+02		1.3344991e+01
3.3400000e+02		3.3500000e+02		3.3450000e+02		2.9883003e+02		1.8449755e+02		3.7794851e+02		3.0926761e+02		2.9520913e+02		1.4058476e+01
3.3500000e+02		3.3600000e+02		3.3550000e+02		2.9511053e+02		1.8243000e+02		3.7371124e+02		3.0582138e+02		2.9194714e+02		1.3874240e+01
3.3600000e+02		3.3700000e+02		3.3650000e+02		2.4313126e+02		1.5034093e+02		3.0794996e+02		2.5201302e+02		2.4055876e+02		1.1454261e+01
3.3700000e+02		3.3800000e+02		3.3750000e+02		2.5649874e+02		1.5859556e+02		3.2487147e+02		2.6587302e+02		2.5382120e+02		1.2051826e+01
3.3800000e+02		3.3900000e+02		3.3850000e+02		2.7748673e+02		1.7191448e+02		3.5213740e+02		2.8820826e+02		2.7515404e+02		1.3054216e+01
3.3900000e+02		3.4000000e+02		3.3950000e+02		2.9040264e+02		1.8132457e+02		3.7132612e+02		3.0396353e+02		2.9016688e+02		1.3796643e+01
3.4000000e+02		3.4100000e+02		3.4050000e+02		3.0654056e+02		1.9143847e+02		3.9206753e+02		3.2096106e+02		3.0645373e+02		1.4507329e+01
3.4100000e+02		3.4200000e+02		3.4150000e+02		2.7979685e+02		1.7489381e+02		3.5817851e+02		2.9323399e+02		2.7999587e+02		1.3238118e+01
3.4200000e+02		3.4300000e+02		3.4250000e+02		3.0344565e+02		1.9008030e+02		3.8915684e+02		3.1859682e+02		3.0407336e+02		1.4523467e+01
3.4300000e+02		3.4400000e+02		3.4350000e+02		2.9822260e+02		1.8694053e+02		3.8269644e+02		3.1331806e+02		2.9901245e+02		1.4305615e+01
3.4400000e+02		3.4500000e+02		3.4450000e+02		2.3986676e+02		1.5030818e+02		3.0770181e+02		2.5192493e+02		2.4042780e+02		1.1497128e+01
3.4500000e+02		3.4600000e+02		3.4550000e+02		2.8907088e+02		1.8117659e+02		3.7090068e+02		3.0368090e+02		2.8984830e+02		1.3832598e+01
3.4600000e+02		3.4700000e+02		3.4650000e+02		2.8069735e+02		1.7616869e+02		3.6058020e+02		2.9523603e+02		2.8171634e+02		1.3519684e+01
3.4700000e+02		3.4800000e+02		3.4750000e+02		2.7782009e+02		1.7411677e+02		3.5641520e+02		2.9183279e+02		2.7851910e+02		1.3313690e+01
3.4800000e+02		3.4900000e+02		3.4850000e+02		2.8744416e+02		1.8038602e+02		3.6920067e+02		3.0231126e+02		2.8847820e+02		1.3833053e+01
3.4900000e+02		3.5000000e+02		3.4950000e+02		2.7550877e+02		1.7283736e+02		3.5375545e+02		2.8967223e+02		2.7643426e+02		1.3237969e+01
3.5000000e+02		3.5100000e+02		3.5050000e+02		3.3002358e+02		2.0700666e+02		4.2369443e+02		3.4695175e+02		3.3111364e+02		1.5838115e+01
3.5100000e+02		3.5200000e+02		3.5150000e+02		3.0660572e+02		1.9272185e+02		3.9435508e+02		3.2293121e+02		3.0807866e+02		1.4852551e+01
3.5200000e+02		3.5300000e+02		3.5250000e+02		2.8324198e+02		1.7802089e+02		3.6431003e+02		2.9834363e+02		2.8468667e+02		1.3656960e+01
3.5300000e+02		3.5400000e+02		3.5350000e+02		3.2405327e+02		2.0335576e+02		4.1617711e+02		3.4082067e+02		3.2524547e+02		1.5575201e+01
3.5400000e+02		3.5500000e+02		3.5450000e+02		3.4586270e+02		2.1729653e+02		4.4462506e+02		3.6412174e+02		3.4739219e+02		1.6729551e+01
3.5500000e+02		3.5600000e+02		3.5550000e+02		3.2478382e+02		2.0424695e+02		4.1791994e+02		3.4226852e+02		3.2656252e+02		1.5705995e+01
3.5600000e+02		3.5700000e+02		3.5650000e+02		2.8234357e+02		1.7715964e+02		3.6261524e+02		2.9699350e+02		2.8352994e+02		1.3463556e+01
3.5700000e+02		3.5800000e+02		3.5750000e+02		2.4674321e+02		1.5520316e+02		3.1754897e+02		2.6007882e+02		2.4813847e+02		1.1940354e+01
3.5800000e+02		3.5900000e+02		3.5850000e+02		2.1181106e+02		1.3321941e+02		2.7252005e+02		2.2319525e+02		2.1288513e+02		1.0310129e+01
3.5900000e+02		3.6000000e+02		3.5950000e+02		3.0582840e+02		1.9198242e+02		3.9282456e+02		3.2173826e+02		3.0700560e+02		1.4732656e+01
3.6000000e+02		3.6100000e+02		3.6050000e+02		3.0178862e+02		1.8971174e+02		3.8809029e+02		3.1786293e+02		3.0320897e+02		1.4653961e+01
3.6100000e+02		3.6200000e+02		3.6150000e+02		2.8033735e+02		1.7648863e+02		3.6103101e+02		2.9571541e+02		2.8209359e+02		1.3621817e+01
3.6200000e+02		3.6300000e+02		3.6250000e+02		3.1645921e+02		1.9923409e+02		4.0752426e+02		3.3379920e+02		3.1838448e+02		1.5414720e+01
3.6300000e+02		3.6400000e+02		3.6350000e+02		3.0810145e+02		1.9365823e+02		3.9613842e+02		3.2447326e+02		3.0951169e+02		1.4961566e+01
3.6400000e+02		3.6500000e+02		3.6450000e+02		3.2221950e+02		2.0262164e+02		4.1445819e+02		3.3948756e+02		3.2382824e+02		1.5659316e+01
3.6500000e+02		3.6600000e+02		3.6550000e+02		3.6674574e+02		2.3112916e+02		4.7268305e+02		3.8719219e+02		3.6924908e+02		1.7943109e+01
3.6600000e+02		3.6700000e+02		3.6650000e+02		3.9198946e+02		2.4690441e+02		5.0497950e+02		4.1365964e+02		3.9454713e+02		1.9112514e+01
3.6700000e+02		3.6800000e+02		3.6750000e+02		3.7850004e+02		2.3833509e+02		4.8752656e+02		3.9938508e+02		3.8104837e+02		1.8336707e+01
3.6800000e+02		3.6900000e+02		3.6850000e+02		3.4895620e+02		2.2005525e+02		4.5002572e+02		3.6866324e+02		3.5161027e+02		1.7052970e+01
3.6900000e+02		3.7000000e+02		3.6950000e+02		3.8736224e+02		2.4345352e+02		4.9802449e+02		4.0799123e+02		3.8930039e+02		1.8690836e+01
3.7000000e+02		3.7100000e+02		3.7050000e+02		3.6351013e+02		2.2883525e+02		4.6785633e+02		3.8324669e+02		3.6534140e+02		1.7905296e+01
3.7100000e+02		3.7200000e+02		3.7150000e+02		3.7529261e+02		2.3666646e+02		4.8394282e+02		3.9646509e+02		3.7808761e+02		1.8377476e+01
3.7200000e+02		3.7300000e+02		3.7250000e+02		3.1177186e+02		1.9638986e+02		4.0168461e+02		3.2909556e+02		3.1398505e+02		1.5110503e+01
3.7300000e+02		3.7400000e+02		3.7350000e+02		2.7192112e+02		1.7137926e+02		3.5048555e+02		2.8715047e+02		2.7391762e+02		1.3232849e+01
3.7400000e+02		3.7500000e+02		3.7450000e+02		2.7832167e+02		1.7577254e+02		3.5931807e+02		2.9437646e+02		2.8061988e+02		1.3756574e+01
3.7500000e+02		3.7600000e+02		3.7550000e+02		3.1876744e+02		2.0071921e+02		4.1038334e+02		3.3620969e+02		3.2057391e+02		1.5635775e+01
3.7600000e+02		3.7700000e+02		3.7650000e+02		3.3048657e+02		2.0842452e+02		4.2616100e+02		3.4916031e+02		3.3298444e+02		1.6175867e+01
3.7700000e+02		3.7800000e+02		3.7750000e+02		3.8770864e+02		2.4493494e+02		5.0072860e+02		4.1026247e+02		3.9116913e+02		1.9093340e+01
3.7800000e+02		3.7900000e+02		3.7850000e+02		4.0380398e+02		2.5502752e+02		5.2134215e+02		4.2715363e+02		4.0725473e+02		1.9898891e+01
3.7900000e+02		3.8000000e+02		3.7950000e+02		3.2744385e+02		2.0673600e+02		4.2269002e+02		3.4634263e+02		3.3031282e+02		1.6029805e+01
3.8000000e+02		3.8100000e+02		3.8050000e+02		3.5656330e+02		2.2527858e+02		4.6056777e+02		3.7738652e+02		3.5989125e+02		1.7495274e+01
3.8100000e+02		3.8200000e+02		3.8150000e+02		3.2019140e+02		2.0319935e+02		4.1515550e+02		3.4016176e+02		3.2405654e+02		1.6105224e+01
3.8200000e+02		3.8300000e+02		3.8250000e+02		2.2964197e+02		1.4498396e+02		2.9642152e+02		2.4289338e+02		2.3165619e+02		1.1237191e+01
3.8300000e+02		3.8400000e+02		3.8350000e+02		2.0267593e+02		1.2795708e+02		2.6153750e+02		2.1429819e+02		2.0428526e+02		1.0012930e+01
3.8400000e+02		3.8500000e+02		3.8450000e+02		2.7111947e+02		1.7140615e+02		3.5032255e+02		2.8705714e+02		2.7363318e+02		1.3423954e+01
3.8500000e+02		3.8600000e+02		3.8550000e+02		2.8715912e+02		1.8145993e+02		3.7095531e+02		3.0398395e+02		2.8989493e+02		1.4089016e+01
3.8600000e+02		3.8700000e+02		3.8650000e+02		2.8837692e+02		1.8282150e+02		3.7357276e+02		3.0612329e+02		2.9173516e+02		1.4388124e+01
3.8700000e+02		3.8800000e+02		3.8750000e+02		2.8805300e+02		1.8237974e+02		3.7273198e+02		3.0544399e+02		2.9117313e+02		1.4270857e+01
3.8800000e+02		3.8900000e+02		3.8850000e+02		2.9209390e+02		1.8467260e+02		3.7745886e+02		3.0932059e+02		2.9492031e+02		1.4400277e+01
3.8900000e+02		3.9000000e+02		3.8950000e+02		3.5069332e+02		2.2162242e+02		4.5293879e+02		3.7116898e+02		3.5383096e+02		1.7338024e+01
3.9000000e+02		3.9100000e+02		3.9050000e+02		3.6838836e+02		2.3373093e+02		4.7749799e+02		3.9129901e+02		3.7281007e+02		1.8488938e+01
3.9100000e+02		3.9200000e+02		3.9150000e+02		3.9613874e+02		2.5094327e+02		5.1281070e+02		4.2026082e+02		4.0060962e+02		1.9651201e+01
3.9200000e+02		3.9300000e+02		3.9250000e+02		3.0403432e+02		1.9242454e+02		3.9329276e+02		3.2232414e+02		3.0734576e+02		1.4978384e+01
3.9300000e+02		3.9400000e+02		3.9350000e+02		1.8639471e+02		1.1806222e+02		2.4126945e+02		1.9773367e+02		1.8850469e+02		9.2289847e+00
3.9400000e+02		3.9500000e+02		3.9450000e+02		3.0813115e+02		1.9472149e+02		3.9807053e+02		3.2625685e+02		3.1121602e+02		1.5040834e+01
3.9500000e+02		3.9600000e+02		3.9550000e+02		3.7840801e+02		2.4055700e+02		4.9133401e+02		4.0266777e+02		3.8355819e+02		1.9109580e+01
3.9600000e+02		3.9700000e+02		3.9650000e+02		2.6140326e+02		1.6579979e+02		3.3874656e+02		2.7762728e+02		2.6458669e+02		1.3040589e+01
3.9700000e+02		3.9800000e+02		3.9750000e+02		2.9300657e+02		1.8573017e+02		3.7949537e+02		3.1103024e+02		2.9646314e+02		1.4567095e+01
3.9800000e+02		3.9900000e+02		3.9850000e+02		4.5124719e+02		2.8615493e+02		5.8464610e+02		4.7917315e+02		4.5668600e+02		2.2487151e+01
3.9900000e+02		4.0000000e+02		3.9950000e+02		4.9846141e+02		3.1572388e+02		6.4515377e+02		5.2877880e+02		5.0409337e+02		2.4685435e+01
4.0000000e+02		4.0100000e+02		4.0050000e+02		5.1407199e+02		3.2610125e+02		6.6624115e+02		5.4606517e+02		5.2044023e+02		2.5624938e+01
4.0100000e+02		4.0200000e+02		4.0150000e+02		5.3860814e+02		3.4162969e+02		6.9798744e+02		5.7209634e+02		5.4528996e+02		2.6806386e+01
4.0200000e+02		4.0300000e+02		4.0250000e+02		5.4526519e+02		3.4496901e+02		7.0507111e+02		5.7793083e+02		5.5119360e+02		2.6737230e+01
4.0300000e+02		4.0400000e+02		4.0350000e+02		5.2165796e+02		3.3144088e+02		6.7698991e+02		5.5488852e+02		5.2868278e+02		2.6205737e+01
4.0400000e+02		4.0500000e+02		4.0450000e+02		5.1300620e+02		3.2618842e+02		6.6618235e+02		5.4603191e+02		5.2015529e+02		2.5876626e+01
4.0500000e+02		4.0600000e+02		4.0550000e+02		5.1256585e+02		3.2468155e+02		6.6347546e+02		5.4384921e+02		5.1855625e+02		2.5292963e+01
4.0600000e+02		4.0700000e+02		4.0650000e+02		4.9035274e+02		3.0996788e+02		6.3359810e+02		5.1938029e+02		4.9547510e+02		2.3905196e+01
4.0700000e+02		4.0800000e+02		4.0750000e+02		4.9838294e+02		3.1566727e+02		6.4506124e+02		5.2876997e+02		5.0420639e+02		2.4563581e+01
4.0800000e+02		4.0900000e+02		4.0850000e+02		5.2990289e+02		3.3663009e+02		6.8759253e+02		5.6361785e+02		5.3705880e+02		2.6559046e+01
4.0900000e+02		4.1000000e+02		4.0950000e+02		5.2713439e+02		3.3440404e+02		6.8317671e+02		5.6001556e+02		5.3380257e+02		2.6212982e+01
4.1000000e+02		4.1100000e+02		4.1050000e+02		4.8293937e+02		3.0651015e+02		6.2615380e+02		5.1327640e+02		4.8921419e+02		2.4062208e+01
4.1100000e+02		4.1200000e+02		4.1150000e+02		5.5986852e+02		3.5543268e+02		7.2606277e+02		5.9517977e+02		5.6724772e+02		2.7932056e+01
4.1200000e+02		4.1300000e+02		4.1250000e+02		5.4940473e+02		3.4874425e+02		7.1240870e+02		5.8399506e+02		5.5660940e+02		2.7385662e+01
4.1300000e+02		4.1400000e+02		4.1350000e+02		5.2995399e+02		3.3617042e+02		6.8678995e+02		5.6300626e+02		5.3669937e+02		2.6306895e+01
4.1400000e+02		4.1500000e+02		4.1450000e+02		5.3771640e+02		3.4152145e+02		6.9759028e+02		5.7185693e+02		5.4497959e+02		2.6877340e+01
4.1500000e+02		4.1600000e+02		4.1550000e+02		5.3722776e+02		3.3956260e+02		6.9407548e+02		5.6901977e+02		5.4290150e+02		2.6118266e+01
4.1600000e+02		4.1700000e+02		4.1650000e+02		5.5745703e+02		3.5384965e+02		7.2282742e+02		5.9256384e+02		5.6480385e+02		2.7759992e+01
4.1700000e+02		4.1800000e+02		4.1750000e+02		5.0725322e+02		3.2272746e+02		6.5902738e+02		5.4025055e+02		5.1466516e+02		2.5585386e+01
4.1800000e+02		4.1900000e+02		4.1850000e+02		5.2601513e+02		3.3443379e+02		6.8299234e+02		5.5990680e+02		5.3347487e+02		2.6431934e+01
4.1900000e+02		4.2000000e+02		4.1950000e+02		5.3123875e+02		3.3706311e+02		6.8856841e+02		5.6450095e+02		5.3812370e+02		2.6377251e+01
4.2000000e+02		4.2100000e+02		4.2050000e+02		5.3797708e+02		3.4183615e+02		6.9816221e+02		5.7236066e+02		5.4542683e+02		2.6933822e+01
4.2100000e+02		4.2200000e+02		4.2150000e+02		5.2958361e+02		3.3618520e+02		6.8672092e+02		5.6299498e+02		5.3663769e+02		2.6357282e+01
4.2200000e+02		4.2300000e+02		4.2250000e+02		5.0190537e+02		3.1922592e+02		6.5189093e+02		5.3443184e+02		5.0918266e+02		2.5249180e+01
4.2300000e+02		4.2400000e+02		4.2350000e+02		5.3474862e+02		3.3988162e+02		6.9413967e+02		5.6907955e+02		5.4228811e+02		2.6791433e+01
4.2400000e+02		4.2500000e+02		4.2450000e+02		5.5328403e+02		3.5177600e+02		7.1839628e+02		5.8896962e+02		5.6120613e+02		2.7763483e+01
4.2500000e+02		4.2600000e+02		4.2550000e+02		5.3248014e+02		3.3849161e+02		6.9128036e+02		5.6674601e+02		5.4005571e+02		2.6690303e+01
4.2600000e+02		4.2700000e+02		4.2650000e+02		5.3029841e+02		3.3671071e+02		6.8776049e+02		5.6387519e+02		5.3747693e+02		2.6398255e+01
4.2700000e+02		4.2800000e+02		4.2750000e+02		4.9171747e+02		3.1217489e+02		6.3765117e+02		5.2279800e+02		4.9833964e+02		2.4458365e+01
4.2800000e+02		4.2900000e+02		4.2850000e+02		4.9494538e+02		3.1469038e+02		6.4264816e+02		5.2688955e+02		5.0206863e+02		2.4820915e+01
4.2900000e+02		4.3000000e+02		4.2950000e+02		4.6063718e+02		2.9276153e+02		5.9789979e+02		4.9020918e+02		4.6716617e+02		2.3043016e+01
4.3000000e+02		4.3100000e+02		4.3050000e+02		3.7055843e+02		2.3503095e+02		4.8014183e+02		3.9367618e+02		3.7535865e+02		1.8317529e+01
4.3100000e+02		4.3200000e+02		4.3150000e+02		4.5818753e+02		2.9141552e+02		5.9506339e+02		4.8788672e+02		4.6485583e+02		2.3030887e+01
4.3200000e+02		4.3300000e+02		4.3250000e+02		5.1625369e+02		3.2962842e+02		6.7273049e+02		5.5154279e+02		5.2505505e+02		2.6487740e+01
4.3300000e+02		4.3400000e+02		4.3350000e+02		5.6047485e+02		3.5486121e+02		7.2511594e+02		5.9456539e+02		5.6714620e+02		2.7419197e+01
4.3400000e+02		4.3500000e+02		4.3450000e+02		4.7595241e+02		3.0482492e+02		6.2180057e+02		5.0977364e+02		4.8491388e+02		2.4859762e+01
4.3500000e+02		4.3600000e+02		4.3550000e+02		5.3162725e+02		3.3717005e+02		6.8881506e+02		5.6479935e+02		5.3857671e+02		2.6222640e+01
4.3600000e+02		4.3700000e+02		4.3650000e+02		5.9481241e+02		3.7691945e+02		7.7008437e+02		6.3144759e+02		6.0222005e+02		2.9227541e+01
4.3700000e+02		4.3800000e+02		4.3750000e+02		5.2629983e+02		3.3564235e+02		6.8508197e+02		5.6170185e+02		5.3486252e+02		2.6839331e+01
4.3800000e+02		4.3900000e+02		4.3850000e+02		5.1257868e+02		3.2547680e+02		6.6478001e+02		5.4509551e+02		5.1962345e+02		2.5472063e+01
4.3900000e+02		4.4000000e+02		4.3950000e+02		5.7051902e+02		3.6337929e+02		7.4184482e+02		6.0826442e+02		5.7940442e+02		2.8859996e+01
4.4000000e+02		4.4100000e+02		4.4050000e+02		5.4089681e+02		3.4382465e+02		7.0213967e+02		5.7573027e+02		5.4869460e+02		2.7035674e+01
4.4100000e+02		4.4200000e+02		4.4150000e+02		5.9491633e+02		3.7782389e+02		7.7163171e+02		6.3271666e+02		6.0308277e+02		2.9633890e+01
4.4200000e+02		4.4300000e+02		4.4250000e+02		6.2544254e+02		3.9720623e+02		8.1118817e+02		6.6515198e+02		6.3396647e+02		3.1185515e+01
4.4300000e+02		4.4400000e+02		4.4350000e+02		6.0497206e+02		3.8402881e+02		7.8433702e+02		6.4314541e+02		6.1307645e+02		3.0068957e+01
4.4400000e+02		4.4500000e+02		4.4450000e+02		6.2324411e+02		3.9573023e+02		8.0815347e+02		6.6266774e+02		6.3158094e+02		3.1086802e+01
4.4500000e+02		4.4600000e+02		4.4550000e+02		5.7783999e+02		3.6721289e+02		7.4982875e+02		6.1484259e+02		5.8589816e+02		2.8944430e+01
4.4600000e+02		4.4700000e+02		4.4650000e+02		5.8940025e+02		3.7475303e+02		7.6521577e+02		6.2747178e+02		5.9793898e+02		2.9532793e+01
4.4700000e+02		4.4800000e+02		4.4750000e+02		6.3881895e+02		4.0651378e+02		8.2997913e+02		6.8057796e+02		6.4844280e+02		3.2135158e+01
4.4800000e+02		4.4900000e+02		4.4850000e+02		6.2805979e+02		4.0000474e+02		8.1659930e+02		6.6960730e+02		6.3788649e+02		3.1720804e+01
4.4900000e+02		4.5000000e+02		4.4950000e+02		6.3454704e+02		4.0307898e+02		8.2323728e+02		6.7508464e+02		6.4357231e+02		3.1512331e+01
4.5000000e+02		4.5100000e+02		4.5050000e+02		6.7325368e+02		4.2688750e+02		8.7204428e+02		7.1512794e+02		6.8198419e+02		3.3143746e+01
4.5100000e+02		4.5200000e+02		4.5150000e+02		6.7122600e+02		4.2713276e+02		8.7210148e+02		7.1514636e+02		6.8144749e+02		3.3698869e+01
4.5200000e+02		4.5300000e+02		4.5250000e+02		6.3541039e+02		4.0377469e+02		8.2457872e+02		6.7619467e+02		6.4455260e+02		3.1642070e+01
4.5300000e+02		4.5400000e+02		4.5350000e+02		6.0888666e+02		3.8728366e+02		7.9079824e+02		6.4849011e+02		6.1802109e+02		3.0469021e+01
4.5400000e+02		4.5500000e+02		4.5450000e+02		6.4999363e+02		4.1274263e+02		8.4297643e+02		6.9129869e+02		6.5907072e+02		3.2227971e+01
4.5500000e+02		4.5600000e+02		4.5550000e+02		6.4380306e+02		4.1002606e+02		8.3706368e+02		6.8642695e+02		6.5397153e+02		3.2455426e+01
4.5600000e+02		4.5700000e+02		4.5650000e+02		6.6853861e+02		4.2472095e+02		8.6737886e+02		7.1131625e+02		6.7809174e+02		3.3224506e+01
4.5700000e+02		4.5800000e+02		4.5750000e+02		6.7499745e+02		4.2984829e+02		8.7753950e+02		7.1963013e+02		6.8563118e+02		3.3998950e+01
4.5800000e+02		4.5900000e+02		4.5850000e+02		6.3439039e+02		4.0360710e+02		8.2408013e+02		6.7580409e+02		6.4402498e+02		3.1779107e+01
4.5900000e+02		4.6000000e+02		4.5950000e+02		6.5539586e+02		4.1665841e+02		8.5081417e+02		6.9773953e+02		6.6504508e+02		3.2694452e+01
4.6000000e+02		4.6100000e+02		4.6050000e+02		6.4752339e+02		4.1170737e+02		8.4069267e+02		6.8944305e+02		6.5712968e+02		3.2313370e+01
4.6100000e+02		4.6200000e+02		4.6150000e+02		6.6245412e+02		4.2069145e+02		8.5918486e+02		7.0462457e+02		6.7179297e+02		3.2831595e+01
4.6200000e+02		4.6300000e+02		4.6250000e+02		6.6901120e+02		4.2623816e+02		8.7009660e+02		7.1354629e+02		6.7977833e+02		3.3767957e+01
4.6300000e+02		4.6400000e+02		4.6350000e+02		6.4662616e+02		4.1089914e+02		8.3910554e+02		6.8816069e+02		6.5600785e+02		3.2152832e+01
4.6400000e+02		4.6500000e+02		4.6450000e+02		6.5795753e+02		4.1894866e+02		8.5527464e+02		7.0140521e+02		6.6829938e+02		3.3105836e+01
4.6500000e+02		4.6600000e+02		4.6550000e+02		6.3552746e+02		4.0409785e+02		8.2514650e+02		6.7671646e+02		6.4502255e+02		3.1693912e+01
4.6600000e+02		4.6700000e+02		4.6650000e+02		6.3955371e+02		4.0742459e+02		8.3169796e+02		6.8207535e+02		6.4983068e+02		3.2244667e+01
4.6700000e+02		4.6800000e+02		4.6750000e+02		6.4572639e+02		4.1101945e+02		8.3911640e+02		6.8816808e+02		6.5574070e+02		3.2427384e+01
4.6800000e+02		4.6900000e+02		4.6850000e+02		6.3145002e+02		4.0229434e+02		8.2119952e+02		6.7347079e+02		6.4161035e+02		3.1860437e+01
4.6900000e+02		4.7000000e+02		4.6950000e+02		6.4956875e+02		4.1279094e+02		8.4292668e+02		6.9131515e+02		6.5899536e+02		3.2319789e+01
4.7000000e+02		4.7100000e+02		4.7050000e+02		6.1381170e+02		3.9017780e+02		7.9671197e+02		6.5341383e+02		6.2282313e+02		3.0590696e+01
4.7100000e+02		4.7200000e+02		4.7150000e+02		6.4174114e+02		4.0835125e+02		8.3369002e+02		6.8373439e+02		6.5156350e+02		3.2170887e+01
4.7200000e+02		4.7300000e+02		4.7250000e+02		6.5742798e+02		4.1844927e+02		8.5426735e+02		7.0061161e+02		6.6760326e+02		3.3008350e+01
4.7300000e+02		4.7400000e+02		4.7350000e+02		6.4563741e+02		4.1078427e+02		8.3864476e+02		6.8780248e+02		6.5543212e+02		3.2370359e+01
4.7400000e+02		4.7500000e+02		4.7450000e+02		6.6512717e+02		4.2346649e+02		8.6448419e+02		7.0899881e+02		6.7557673e+02		3.3422084e+01
4.7500000e+02		4.7600000e+02		4.7550000e+02		6.6365303e+02		4.2211433e+02		8.6186390e+02		7.0686776e+02		6.7373384e+02		3.3133912e+01
4.7600000e+02		4.7700000e+02		4.7650000e+02		6.3952653e+02		4.0704430e+02		8.3101183e+02		6.8156225e+02		6.4951643e+02		3.2045819e+01
4.7700000e+02		4.7800000e+02		4.7750000e+02		6.6772274e+02		4.2498405e+02		8.6763971e+02		7.1160735e+02		6.7815800e+02		3.3449350e+01
4.7800000e+02		4.7900000e+02		4.7850000e+02		6.6128260e+02		4.2171625e+02		8.6071583e+02		7.0591327e+02		6.7241737e+02		3.3495900e+01
4.7900000e+02		4.8000000e+02		4.7950000e+02		6.6320839e+02		4.2252925e+02		8.6249929e+02		7.0738963e+02		6.7398689e+02		3.3402734e+01
4.8000000e+02		4.8100000e+02		4.8050000e+02		6.6489751e+02		4.2300912e+02		8.6367470e+02		7.0837280e+02		6.7517770e+02		3.3195100e+01
4.8100000e+02		4.8200000e+02		4.8150000e+02		6.6630748e+02		4.2315983e+02		8.6418146e+02		7.0880779e+02		6.7585033e+02		3.2957461e+01
4.8200000e+02		4.8300000e+02		4.8250000e+02		6.6376999e+02		4.2178391e+02		8.6130154e+02		7.0644420e+02		6.7351348e+02		3.2930723e+01
4.8300000e+02		4.8400000e+02		4.8350000e+02		6.5373157e+02		4.1647830e+02		8.5014098e+02		6.9726822e+02		6.6435606e+02		3.2912153e+01
4.8400000e+02		4.8500000e+02		4.8450000e+02		6.4242337e+02		4.0782430e+02		8.3291216e+02		6.8317342e+02		6.5148299e+02		3.1690422e+01
4.8500000e+02		4.8600000e+02		4.8550000e+02		6.0369332e+02		3.8403593e+02		7.8405576e+02		6.4308047e+02		6.1290597e+02		3.0174501e+01
4.8600000e+02		4.8700000e+02		4.8650000e+02		5.2412565e+02		3.3346219e+02		6.8080216e+02		5.5839692e+02		5.3220130e+02		2.6195623e+01
4.8700000e+02		4.8800000e+02		4.8750000e+02		5.9966111e+02		3.8105474e+02		7.7809401e+02		6.3820738e+02		6.0842968e+02		2.9777706e+01
4.8800000e+02		4.8900000e+02		4.8850000e+02		6.3081686e+02		4.0105968e+02		8.1888065e+02		6.7166003e+02		6.4024731e+02		3.1412725e+01
4.8900000e+02		4.9000000e+02		4.8950000e+02		6.1880396e+02		3.9403248e+02		8.0435041e+02		6.5973181e+02		6.2865137e+02		3.1080437e+01
4.9000000e+02		4.9100000e+02		4.9050000e+02		6.5907671e+02		4.1922897e+02		8.5592829e+02		7.0205223e+02		6.6916701e+02		3.2885218e+01
4.9100000e+02		4.9200000e+02		4.9150000e+02		6.2110374e+02		3.9570457e+02		8.0770035e+02		6.6248225e+02		6.3120278e+02		3.1279477e+01
4.9200000e+02		4.9300000e+02		4.9250000e+02		5.9112858e+02		3.7583738e+02		7.6740064e+02		6.2945298e+02		6.0006094e+02		2.9392041e+01
4.9300000e+02		4.9400000e+02		4.9350000e+02		6.2472140e+02		3.9736180e+02		8.1129823e+02		6.6545919e+02		6.3432523e+02		3.1133964e+01
4.9400000e+02		4.9500000e+02		4.9450000e+02		6.4279699e+02		4.0905079e+02		8.3510731e+02		6.8498757e+02		6.5287343e+02		3.2114144e+01
4.9500000e+02		4.9600000e+02		4.9550000e+02		6.3133158e+02		4.0127846e+02		8.1937991e+02		6.7210146e+02		6.4077410e+02		3.1327355e+01
4.9600000e+02		4.9700000e+02		4.9650000e+02		6.3921352e+02		4.0674072e+02		8.3039635e+02		6.8113046e+02		6.4921309e+02		3.1917371e+01
4.9700000e+02		4.9800000e+02		4.9750000e+02		6.5113923e+02		4.1445003e+02		8.4609705e+02		6.9400926e+02		6.6144424e+02		3.2565019e+01
4.9800000e+02		4.9900000e+02		4.9850000e+02		5.9175801e+02		3.7612293e+02		7.6800735e+02		6.2997083e+02		6.0061060e+02		2.9360237e+01
4.9900000e+02		5.0000000e+02		4.9950000e+02		6.3385792e+02		4.0262938e+02		8.2218758e+02		6.7441840e+02		6.4305971e+02		3.1358685e+01
