Left Bin Edge (nm)	Right Bin Edge (nm)	Bin Center (nm)		Top of Atm Intensity (erg/s/nm/cm2)		Total Surface Flux (erg/s/nm/cm2)		Total Intensity at BOA (erg/s/nm/cm2)		Total Surface Intensity (erg/s/nm/cm2)		Total Surface Diffuse Intensity (erg/s/nm/cm2)		Total Surface Direct Intensity (erg/s/nm/cm2)
1.0000000e+02		1.0100000e+02		1.0050000e+02		1.9189487e-02		0.0000000e+00		0.0000000e+00		0.0000000e+00		0.0000000e+00		0.0000000e+00
1.0100000e+02		1.0200000e+02		1.0150000e+02		7.4861701e-02		0.0000000e+00		0.0000000e+00		0.0000000e+00		0.0000000e+00		0.0000000e+00
1.0200000e+02		1.0300000e+02		1.0250000e+02		3.9734366e-01		0.0000000e+00		0.0000000e+00		0.0000000e+00		0.0000000e+00		0.0000000e+00
1.0300000e+02		1.0400000e+02		1.0350000e+02		3.0179545e-01		0.0000000e+00		0.0000000e+00		0.0000000e+00		0.0000000e+00		0.0000000e+00
1.0400000e+02		1.0500000e+02		1.0450000e+02		6.0815352e-02		0.0000000e+00		0.0000000e+00		0.0000000e+00		0.0000000e+00		0.0000000e+00
1.0500000e+02		1.0600000e+02		1.0550000e+02		2.0834600e-02		0.0000000e+00		0.0000000e+00		0.0000000e+00		0.0000000e+00		0.0000000e+00
1.0600000e+02		1.0700000e+02		1.0650000e+02		1.9584792e-02		0.0000000e+00		0.0000000e+00		0.0000000e+00		0.0000000e+00		0.0000000e+00
1.0700000e+02		1.0800000e+02		1.0750000e+02		2.1853879e-02		0.0000000e+00		0.0000000e+00		0.0000000e+00		0.0000000e+00		0.0000000e+00
1.0800000e+02		1.0900000e+02		1.0850000e+02		3.0634999e-02		0.0000000e+00		0.0000000e+00		0.0000000e+00		0.0000000e+00		0.0000000e+00
1.0900000e+02		1.1000000e+02		1.0950000e+02		2.4032561e-02		0.0000000e+00		0.0000000e+00		0.0000000e+00		0.0000000e+00		0.0000000e+00
1.1000000e+02		1.1100000e+02		1.1050000e+02		2.3268893e-02		0.0000000e+00		0.0000000e+00		0.0000000e+00		0.0000000e+00		0.0000000e+00
1.1100000e+02		1.1200000e+02		1.1150000e+02		2.1871272e-02		0.0000000e+00		0.0000000e+00		0.0000000e+00		0.0000000e+00		0.0000000e+00
1.1200000e+02		1.1300000e+02		1.1250000e+02		2.2375602e-02		0.0000000e+00		0.0000000e+00		0.0000000e+00		0.0000000e+00		0.0000000e+00
1.1300000e+02		1.1400000e+02		1.1350000e+02		1.7748133e-02		0.0000000e+00		0.0000000e+00		0.0000000e+00		0.0000000e+00		0.0000000e+00
1.1400000e+02		1.1500000e+02		1.1450000e+02		1.3589480e-02		0.0000000e+00		0.0000000e+00		0.0000000e+00		0.0000000e+00		0.0000000e+00
1.1500000e+02		1.1600000e+02		1.1550000e+02		1.8751615e-02		0.0000000e+00		0.0000000e+00		0.0000000e+00		0.0000000e+00		0.0000000e+00
1.1600000e+02		1.1700000e+02		1.1650000e+02		4.3674487e-02		0.0000000e+00		0.0000000e+00		0.0000000e+00		0.0000000e+00		0.0000000e+00
1.1700000e+02		1.1800000e+02		1.1750000e+02		1.5546757e-01		0.0000000e+00		0.0000000e+00		0.0000000e+00		0.0000000e+00		0.0000000e+00
1.1800000e+02		1.1900000e+02		1.1850000e+02		5.2889236e-02		0.0000000e+00		0.0000000e+00		0.0000000e+00		0.0000000e+00		0.0000000e+00
1.1900000e+02		1.2000000e+02		1.1950000e+02		7.3692884e-02		0.0000000e+00		0.0000000e+00		0.0000000e+00		0.0000000e+00		0.0000000e+00
1.2000000e+02		1.2100000e+02		1.2050000e+02		4.0066072e-01		0.0000000e+00		0.0000000e+00		0.0000000e+00		0.0000000e+00		0.0000000e+00
1.2100000e+02		1.2200000e+02		1.2150000e+02		1.5905289e+01		0.0000000e+00		0.0000000e+00		0.0000000e+00		0.0000000e+00		0.0000000e+00
1.2200000e+02		1.2300000e+02		1.2250000e+02		1.0666543e-01		0.0000000e+00		0.0000000e+00		0.0000000e+00		0.0000000e+00		0.0000000e+00
1.2300000e+02		1.2400000e+02		1.2350000e+02		5.7456553e-02		0.0000000e+00		0.0000000e+00		0.0000000e+00		0.0000000e+00		0.0000000e+00
1.2400000e+02		1.2500000e+02		1.2450000e+02		4.6184197e-02		0.0000000e+00		0.0000000e+00		0.0000000e+00		0.0000000e+00		0.0000000e+00
1.2500000e+02		1.2600000e+02		1.2550000e+02		4.5085118e-02		0.0000000e+00		0.0000000e+00		0.0000000e+00		0.0000000e+00		0.0000000e+00
1.2600000e+02		1.2700000e+02		1.2650000e+02		6.3054464e-02		0.0000000e+00		0.0000000e+00		0.0000000e+00		0.0000000e+00		0.0000000e+00
1.2700000e+02		1.2800000e+02		1.2750000e+02		3.3006429e-02		0.0000000e+00		0.0000000e+00		0.0000000e+00		0.0000000e+00		0.0000000e+00
1.2800000e+02		1.2900000e+02		1.2850000e+02		2.6335196e-02		0.0000000e+00		0.0000000e+00		0.0000000e+00		0.0000000e+00		0.0000000e+00
1.2900000e+02		1.3000000e+02		1.2950000e+02		3.5131240e-02		0.0000000e+00		0.0000000e+00		0.0000000e+00		0.0000000e+00		0.0000000e+00
1.3000000e+02		1.3100000e+02		1.3050000e+02		2.8850634e-01		0.0000000e+00		0.0000000e+00		0.0000000e+00		0.0000000e+00		0.0000000e+00
1.3100000e+02		1.3200000e+02		1.3150000e+02		3.9064855e-02		0.0000000e+00		0.0000000e+00		0.0000000e+00		0.0000000e+00		0.0000000e+00
1.3200000e+02		1.3300000e+02		1.3250000e+02		3.0374778e-02		0.0000000e+00		0.0000000e+00		0.0000000e+00		0.0000000e+00		0.0000000e+00
1.3300000e+02		1.3400000e+02		1.3350000e+02		4.1056606e-01		0.0000000e+00		0.0000000e+00		0.0000000e+00		0.0000000e+00		0.0000000e+00
1.3400000e+02		1.3500000e+02		1.3450000e+02		2.8092500e-02		0.0000000e+00		0.0000000e+00		0.0000000e+00		0.0000000e+00		0.0000000e+00
1.3500000e+02		1.3600000e+02		1.3550000e+02		5.8954708e-02		0.0000000e+00		0.0000000e+00		0.0000000e+00		0.0000000e+00		0.0000000e+00
1.3600000e+02		1.3700000e+02		1.3650000e+02		3.8690656e-02		0.0000000e+00		0.0000000e+00		0.0000000e+00		0.0000000e+00		0.0000000e+00
1.3700000e+02		1.3800000e+02		1.3750000e+02		3.9732879e-02		0.0000000e+00		0.0000000e+00		0.0000000e+00		0.0000000e+00		0.0000000e+00
1.3800000e+02		1.3900000e+02		1.3850000e+02		4.0549866e-02		0.0000000e+00		0.0000000e+00		0.0000000e+00		0.0000000e+00		0.0000000e+00
1.3900000e+02		1.4000000e+02		1.3950000e+02		1.3692187e-01		0.0000000e+00		0.0000000e+00		0.0000000e+00		0.0000000e+00		0.0000000e+00
1.4000000e+02		1.4100000e+02		1.4050000e+02		1.1939088e-01		0.0000000e+00		0.0000000e+00		0.0000000e+00		0.0000000e+00		0.0000000e+00
1.4100000e+02		1.4200000e+02		1.4150000e+02		5.7521948e-02		0.0000000e+00		0.0000000e+00		0.0000000e+00		0.0000000e+00		0.0000000e+00
1.4200000e+02		1.4300000e+02		1.4250000e+02		6.2343151e-02		0.0000000e+00		0.0000000e+00		0.0000000e+00		0.0000000e+00		0.0000000e+00
1.4300000e+02		1.4400000e+02		1.4350000e+02		6.9165895e-02		0.0000000e+00		0.0000000e+00		0.0000000e+00		0.0000000e+00		0.0000000e+00
1.4400000e+02		1.4500000e+02		1.4450000e+02		6.6149126e-02		0.0000000e+00		0.0000000e+00		0.0000000e+00		0.0000000e+00		0.0000000e+00
1.4500000e+02		1.4600000e+02		1.4550000e+02		7.0536262e-02		0.0000000e+00		0.0000000e+00		0.0000000e+00		0.0000000e+00		0.0000000e+00
1.4600000e+02		1.4700000e+02		1.4650000e+02		8.6012655e-02		0.0000000e+00		0.0000000e+00		0.0000000e+00		0.0000000e+00		0.0000000e+00
1.4700000e+02		1.4800000e+02		1.4750000e+02		1.0610345e-01		0.0000000e+00		0.0000000e+00		0.0000000e+00		0.0000000e+00		0.0000000e+00
1.4800000e+02		1.4900000e+02		1.4850000e+02		1.0405386e-01		0.0000000e+00		0.0000000e+00		0.0000000e+00		0.0000000e+00		0.0000000e+00
1.4900000e+02		1.5000000e+02		1.4950000e+02		9.4002421e-02		0.0000000e+00		0.0000000e+00		0.0000000e+00		0.0000000e+00		0.0000000e+00
1.5000000e+02		1.5100000e+02		1.5050000e+02		1.0343288e-01		0.0000000e+00		0.0000000e+00		0.0000000e+00		0.0000000e+00		0.0000000e+00
1.5100000e+02		1.5200000e+02		1.5150000e+02		1.0875212e-01		0.0000000e+00		0.0000000e+00		0.0000000e+00		0.0000000e+00		0.0000000e+00
1.5200000e+02		1.5300000e+02		1.5250000e+02		1.3876638e-01		0.0000000e+00		0.0000000e+00		0.0000000e+00		0.0000000e+00		0.0000000e+00
1.5300000e+02		1.5400000e+02		1.5350000e+02		1.5371418e-01		0.0000000e+00		0.0000000e+00		0.0000000e+00		0.0000000e+00		0.0000000e+00
1.5400000e+02		1.5500000e+02		1.5450000e+02		4.1112511e-01		0.0000000e+00		0.0000000e+00		0.0000000e+00		0.0000000e+00		0.0000000e+00
1.5500000e+02		1.5600000e+02		1.5550000e+02		3.3836363e-01		0.0000000e+00		0.0000000e+00		0.0000000e+00		0.0000000e+00		0.0000000e+00
1.5600000e+02		1.5700000e+02		1.5650000e+02		2.0084632e-01		0.0000000e+00		0.0000000e+00		0.0000000e+00		0.0000000e+00		0.0000000e+00
1.5700000e+02		1.5800000e+02		1.5750000e+02		1.8216796e-01		0.0000000e+00		0.0000000e+00		0.0000000e+00		0.0000000e+00		0.0000000e+00
1.5800000e+02		1.5900000e+02		1.5850000e+02		1.6795176e-01		0.0000000e+00		0.0000000e+00		0.0000000e+00		0.0000000e+00		0.0000000e+00
1.5900000e+02		1.6000000e+02		1.5950000e+02		1.6379377e-01		0.0000000e+00		0.0000000e+00		0.0000000e+00		0.0000000e+00		0.0000000e+00
1.6000000e+02		1.6100000e+02		1.6050000e+02		1.7926410e-01		0.0000000e+00		0.0000000e+00		0.0000000e+00		0.0000000e+00		0.0000000e+00
1.6100000e+02		1.6200000e+02		1.6150000e+02		2.0306941e-01		0.0000000e+00		0.0000000e+00		0.0000000e+00		0.0000000e+00		0.0000000e+00
1.6200000e+02		1.6300000e+02		1.6250000e+02		2.2492895e-01		0.0000000e+00		0.0000000e+00		0.0000000e+00		0.0000000e+00		0.0000000e+00
1.6300000e+02		1.6400000e+02		1.6350000e+02		4.7671727e-01		0.0000000e+00		0.0000000e+00		0.0000000e+00		0.0000000e+00		0.0000000e+00
1.6400000e+02		1.6500000e+02		1.6450000e+02		4.8753270e-01		0.0000000e+00		0.0000000e+00		0.0000000e+00		0.0000000e+00		0.0000000e+00
1.6500000e+02		1.6600000e+02		1.6550000e+02		5.7072689e-01		0.0000000e+00		0.0000000e+00		0.0000000e+00		0.0000000e+00		0.0000000e+00
1.6600000e+02		1.6700000e+02		1.6650000e+02		2.6919628e-01		0.0000000e+00		0.0000000e+00		0.0000000e+00		0.0000000e+00		0.0000000e+00
1.6700000e+02		1.6800000e+02		1.6750000e+02		2.8728373e-01		0.0000000e+00		0.0000000e+00		0.0000000e+00		0.0000000e+00		0.0000000e+00
1.6800000e+02		1.6900000e+02		1.6850000e+02		3.0958866e-01		0.0000000e+00		0.0000000e+00		0.0000000e+00		0.0000000e+00		0.0000000e+00
1.6900000e+02		1.7000000e+02		1.6950000e+02		3.8988989e-01		0.0000000e+00		0.0000000e+00		0.0000000e+00		0.0000000e+00		0.0000000e+00
1.7000000e+02		1.7100000e+02		1.7050000e+02		4.3752516e-01		0.0000000e+00		0.0000000e+00		0.0000000e+00		0.0000000e+00		0.0000000e+00
1.7100000e+02		1.7200000e+02		1.7150000e+02		4.3618394e-01		0.0000000e+00		0.0000000e+00		0.0000000e+00		0.0000000e+00		0.0000000e+00
1.7200000e+02		1.7300000e+02		1.7250000e+02		4.5514763e-01		0.0000000e+00		0.0000000e+00		0.0000000e+00		0.0000000e+00		0.0000000e+00
1.7300000e+02		1.7400000e+02		1.7350000e+02		4.5120572e-01		0.0000000e+00		0.0000000e+00		0.0000000e+00		0.0000000e+00		0.0000000e+00
1.7400000e+02		1.7500000e+02		1.7450000e+02		5.3951828e-01		0.0000000e+00		0.0000000e+00		0.0000000e+00		0.0000000e+00		0.0000000e+00
1.7500000e+02		1.7600000e+02		1.7550000e+02		6.4389120e-01		0.0000000e+00		0.0000000e+00		0.0000000e+00		0.0000000e+00		0.0000000e+00
1.7600000e+02		1.7700000e+02		1.7650000e+02		6.9472845e-01		0.0000000e+00		0.0000000e+00		0.0000000e+00		0.0000000e+00		0.0000000e+00
1.7700000e+02		1.7800000e+02		1.7750000e+02		8.1849614e-01		0.0000000e+00		0.0000000e+00		0.0000000e+00		0.0000000e+00		0.0000000e+00
1.7800000e+02		1.7900000e+02		1.7850000e+02		8.9455089e-01		0.0000000e+00		0.0000000e+00		0.0000000e+00		0.0000000e+00		0.0000000e+00
1.7900000e+02		1.8000000e+02		1.7950000e+02		8.6966614e-01		0.0000000e+00		0.0000000e+00		0.0000000e+00		0.0000000e+00		0.0000000e+00
1.8000000e+02		1.8100000e+02		1.8050000e+02		1.0753674e+00		0.0000000e+00		0.0000000e+00		0.0000000e+00		0.0000000e+00		0.0000000e+00
1.8100000e+02		1.8200000e+02		1.8150000e+02		1.3093431e+00		0.0000000e+00		0.0000000e+00		0.0000000e+00		0.0000000e+00		0.0000000e+00
1.8200000e+02		1.8300000e+02		1.8250000e+02		1.2087370e+00		0.0000000e+00		0.0000000e+00		0.0000000e+00		0.0000000e+00		0.0000000e+00
1.8300000e+02		1.8400000e+02		1.8350000e+02		1.2728289e+00		0.0000000e+00		0.0000000e+00		0.0000000e+00		0.0000000e+00		0.0000000e+00
1.8400000e+02		1.8500000e+02		1.8450000e+02		1.0940339e+00		0.0000000e+00		0.0000000e+00		0.0000000e+00		0.0000000e+00		0.0000000e+00
1.8500000e+02		1.8600000e+02		1.8550000e+02		1.2372281e+00		0.0000000e+00		0.0000000e+00		0.0000000e+00		0.0000000e+00		0.0000000e+00
1.8600000e+02		1.8700000e+02		1.8650000e+02		1.4037992e+00		0.0000000e+00		0.0000000e+00		0.0000000e+00		0.0000000e+00		0.0000000e+00
1.8700000e+02		1.8800000e+02		1.8750000e+02		1.5907538e+00		0.0000000e+00		0.0000000e+00		0.0000000e+00		0.0000000e+00		0.0000000e+00
1.8800000e+02		1.8900000e+02		1.8850000e+02		1.6735993e+00		4.6376457e-206		0.0000000e+00		4.6419284e-206		1.0133173e-208		4.6317953e-206
1.8900000e+02		1.9000000e+02		1.8950000e+02		1.8559600e+00		2.3733353e-136		0.0000000e+00		2.3765738e-136		7.6622760e-139		2.3689115e-136
1.9000000e+02		1.9100000e+02		1.9050000e+02		1.9109940e+00		9.1772747e-88		2.1539616e-84		9.1963261e-88		4.5076206e-90		9.1512499e-88
1.9100000e+02		1.9200000e+02		1.9150000e+02		2.0707336e+00		8.4452157e-61		1.8781161e-58		8.4700088e-61		5.8661020e-63		8.4113478e-61
1.9200000e+02		1.9300000e+02		1.9250000e+02		2.1685186e+00		3.0906752e-42		1.3576302e-40		3.1034939e-42		3.0329456e-44		3.0731645e-42
1.9300000e+02		1.9400000e+02		1.9350000e+02		1.6554009e+00		1.5192299e-30		2.3777800e-29		1.5278308e-30		2.0349800e-32		1.5074810e-30
1.9400000e+02		1.9500000e+02		1.9450000e+02		2.6556632e+00		6.6818612e-24		5.9623601e-23		6.7290320e-24		1.1160734e-25		6.6174247e-24
1.9500000e+02		1.9600000e+02		1.9550000e+02		2.5630279e+00		7.7995013e-19		4.4698450e-18		7.8683182e-19		1.6282234e-20		7.7054958e-19
1.9600000e+02		1.9700000e+02		1.9650000e+02		2.8204934e+00		3.8266054e-16		1.7418660e-15		3.8652085e-16		9.1335791e-18		3.7738727e-16
1.9700000e+02		1.9800000e+02		1.9750000e+02		2.8068384e+00		3.0348363e-14		1.1713855e-13		3.0689134e-14		8.0627366e-16		2.9882861e-14
1.9800000e+02		1.9900000e+02		1.9850000e+02		2.7505577e+00		2.1246372e-07		4.5816775e-07		2.1715521e-07		1.1100180e-08		2.0605503e-07
1.9900000e+02		2.0000000e+02		1.9950000e+02		2.8965557e+00		2.0144832e-01		3.2264469e-01		2.3798724e-01		8.6452002e-02		1.5153523e-01
2.0000000e+02		2.0100000e+02		2.0050000e+02		3.0623388e+00		3.8472503e-01		6.2255453e-01		4.6682809e-01		1.9425792e-01		2.7257016e-01
2.0100000e+02		2.0200000e+02		2.0150000e+02		3.2593670e+00		1.1093749e+00		1.8483987e+00		1.4259253e+00		7.4896644e-01		6.7695889e-01
2.0200000e+02		2.0300000e+02		2.0250000e+02		3.2217937e+00		9.5680472e-01		1.5810654e+00		1.2149632e+00		6.1080948e-01		6.0415371e-01
2.0300000e+02		2.0400000e+02		2.0350000e+02		3.4484145e+00		1.2217244e+00		2.0266831e+00		1.5653714e+00		8.1307735e-01		7.5229400e-01
2.0400000e+02		2.0500000e+02		2.0450000e+02		3.7117169e+00		1.8164591e+00		3.0464314e+00		2.3751247e+00		1.3218170e+00		1.0533076e+00
2.0500000e+02		2.0600000e+02		2.0550000e+02		3.7200399e+00		1.3499662e+00		2.2289003e+00		1.7228412e+00		8.8223180e-01		8.4060944e-01
2.0600000e+02		2.0700000e+02		2.0650000e+02		3.7247532e+00		1.5841286e+00		2.6255942e+00		2.0388363e+00		1.0758500e+00		9.6298632e-01
2.0700000e+02		2.0800000e+02		2.0750000e+02		4.0454145e+00		2.1081133e+00		3.5163544e+00		2.7466893e+00		1.5108870e+00		1.2358023e+00
2.0800000e+02		2.0900000e+02		2.0850000e+02		4.3759554e+00		1.8502716e+00		3.0499187e+00		2.3680248e+00		1.2250173e+00		1.1430075e+00
2.0900000e+02		2.1000000e+02		2.0950000e+02		5.6528678e+00		3.2985195e+00		5.5037211e+00		4.3134055e+00		2.4012460e+00		1.9121595e+00
2.1000000e+02		2.1100000e+02		2.1050000e+02		6.9678423e+00		3.2254514e+00		5.3091566e+00		4.1329399e+00		2.1471407e+00		1.9857992e+00
2.1100000e+02		2.1200000e+02		2.1150000e+02		7.9326445e+00		4.4297363e+00		7.3370147e+00		5.7428516e+00		3.1068642e+00		2.6359875e+00
2.1200000e+02		2.1300000e+02		2.1250000e+02		7.0734222e+00		4.2176961e+00		6.9908878e+00		5.4824009e+00		2.9923238e+00		2.4900771e+00
2.1300000e+02		2.1400000e+02		2.1350000e+02		7.2066449e+00		4.0151147e+00		6.6171763e+00		5.1790447e+00		2.7538881e+00		2.4251567e+00
2.1400000e+02		2.1500000e+02		2.1450000e+02		9.2279181e+00		6.2225687e+00		1.0329858e+01		8.1300746e+00		4.5132074e+00		3.6168671e+00
2.1500000e+02		2.1600000e+02		2.1550000e+02		7.9257408e+00		4.7701908e+00		7.8550839e+00		6.1617601e+00		3.2924882e+00		2.8692719e+00
2.1600000e+02		2.1700000e+02		2.1650000e+02		7.3353469e+00		5.0837848e+00		8.4108304e+00		6.6247796e+00		3.6460328e+00		2.9787468e+00
2.1700000e+02		2.1800000e+02		2.1750000e+02		7.5953881e+00		5.1284736e+00		8.4562728e+00		6.6555743e+00		3.6131589e+00		3.0424154e+00
2.1800000e+02		2.1900000e+02		2.1850000e+02		1.0217230e+01		7.1813916e+00		1.1839431e+01		9.3291000e+00		5.0815328e+00		4.2475672e+00
2.1900000e+02		2.2000000e+02		2.1950000e+02		1.0786519e+01		8.0628685e+00		1.3309959e+01		1.0506819e+01		5.7824491e+00		4.7243700e+00
2.2000000e+02		2.2100000e+02		2.2050000e+02		1.0851638e+01		7.7204755e+00		1.2682808e+01		9.9969059e+00		5.3860922e+00		4.6108137e+00
2.2100000e+02		2.2200000e+02		2.2150000e+02		8.6872371e+00		6.7372876e+00		1.1097336e+01		8.7693397e+00		4.8078869e+00		3.9614529e+00
2.2200000e+02		2.2300000e+02		2.2250000e+02		1.1691346e+01		8.9259445e+00		1.4658676e+01		1.1577867e+01		6.2745154e+00		5.3033513e+00
2.2300000e+02		2.2400000e+02		2.2350000e+02		1.5139682e+01		1.2296345e+01		2.0223963e+01		1.6002422e+01		8.7686714e+00		7.2337506e+00
2.2400000e+02		2.2500000e+02		2.2450000e+02		1.4154944e+01		1.1219545e+01		1.8393751e+01		1.4543570e+01		7.8647267e+00		6.6788428e+00
2.2500000e+02		2.2600000e+02		2.2550000e+02		1.2365614e+01		1.0092580e+01		1.6540686e+01		1.3089296e+01		7.0903069e+00		5.9989890e+00
2.2600000e+02		2.2700000e+02		2.2650000e+02		9.0577089e+00		7.4355953e+00		1.2169253e+01		9.6315651e+00		5.1957203e+00		4.4358448e+00
2.2700000e+02		2.2800000e+02		2.2750000e+02		8.8108381e+00		7.3109087e+00		1.1951103e+01		9.4616923e+00		5.0888088e+00		4.3728836e+00
2.2800000e+02		2.2900000e+02		2.2850000e+02		1.2275156e+01		1.0430255e+01		1.7040180e+01		1.3499608e+01		7.2621677e+00		6.2374405e+00
2.2900000e+02		2.3000000e+02		2.2950000e+02		1.1031259e+01		9.4746058e+00		1.5459220e+01		1.2250494e+01		6.5678230e+00		5.6826715e+00
2.3000000e+02		2.3100000e+02		2.3050000e+02		1.2510180e+01		1.0742876e+01		1.7500536e+01		1.3867806e+01		7.3936659e+00		6.4741405e+00
2.3100000e+02		2.3200000e+02		2.3150000e+02		1.1791833e+01		1.0185504e+01		1.6569487e+01		1.3131822e+01		6.9710648e+00		6.1607575e+00
2.3200000e+02		2.3300000e+02		2.3250000e+02		1.2664003e+01		1.0983783e+01		1.7839560e+01		1.4139347e+01		7.4661453e+00		6.6732018e+00
2.3300000e+02		2.3400000e+02		2.3350000e+02		1.1428554e+01		9.9515985e+00		1.6143046e+01		1.2796005e+01		6.7299376e+00		6.0660672e+00
2.3400000e+02		2.3500000e+02		2.3450000e+02		9.9864853e+00		8.7154504e+00		1.4118015e+01		1.1191262e+01		5.8578326e+00		5.3334292e+00
2.3500000e+02		2.3600000e+02		2.3550000e+02		1.3443360e+01		1.1749950e+01		1.9008219e+01		1.5068062e+01		7.8507379e+00		7.2173241e+00
2.3600000e+02		2.3700000e+02		2.3650000e+02		1.2448020e+01		1.0906404e+01		1.7616051e+01		1.3964673e+01		7.2359418e+00		6.7287310e+00
2.3700000e+02		2.3800000e+02		2.3750000e+02		1.3294723e+01		1.1671510e+01		1.8824346e+01		1.4922701e+01		7.6924009e+00		7.2303005e+00
2.3800000e+02		2.3900000e+02		2.3850000e+02		1.1021422e+01		9.6929430e+00		1.5610767e+01		1.2375256e+01		6.3464204e+00		6.0288354e+00
2.3900000e+02		2.4000000e+02		2.3950000e+02		1.2008577e+01		1.0578367e+01		1.7013579e+01		1.3487415e+01		6.8828806e+00		6.6045342e+00
2.4000000e+02		2.4100000e+02		2.4050000e+02		1.1032163e+01		9.7340087e+00		1.5637480e+01		1.2396862e+01		6.3003792e+00		6.0964831e+00
2.4100000e+02		2.4200000e+02		2.4150000e+02		1.2918879e+01		1.1419300e+01		1.8320590e+01		1.4524060e+01		7.3459413e+00		7.1781188e+00
2.4200000e+02		2.4300000e+02		2.4250000e+02		1.7782729e+01		1.5745811e+01		2.5230196e+01		2.0002029e+01		1.0070322e+01		9.9317077e+00
2.4300000e+02		2.4400000e+02		2.4350000e+02		1.6701989e+01		1.4808278e+01		2.3697574e+01		1.8786897e+01		9.4135131e+00		9.3733836e+00
2.4400000e+02		2.4500000e+02		2.4450000e+02		1.5641720e+01		1.3870815e+01		2.2167193e+01		1.7572867e+01		8.7591490e+00		8.8137183e+00
2.4500000e+02		2.4600000e+02		2.4550000e+02		1.2691134e+01		1.1249004e+01		1.7954398e+01		1.4232465e+01		7.0589441e+00		7.1735212e+00
2.4600000e+02		2.4700000e+02		2.4650000e+02		1.2350906e+01		1.0972971e+01		1.7490678e+01		1.3864921e+01		6.8424256e+00		7.0224950e+00
2.4700000e+02		2.4800000e+02		2.4750000e+02		1.3639226e+01		1.2131452e+01		1.9316953e+01		1.5312701e+01		7.5269147e+00		7.7857860e+00
2.4800000e+02		2.4900000e+02		2.4850000e+02		1.0938846e+01		9.7390987e+00		1.5491681e+01		1.2280400e+01		6.0127840e+00		6.2676162e+00
2.4900000e+02		2.5000000e+02		2.4950000e+02		1.3333262e+01		1.1878476e+01		1.8872346e+01		1.4959865e+01		7.2906455e+00		7.6692196e+00
2.5000000e+02		2.5100000e+02		2.5050000e+02		1.4401571e+01		1.2813491e+01		2.0331639e+01		1.6115190e+01		7.8119045e+00		8.3032856e+00
2.5100000e+02		2.5200000e+02		2.5150000e+02		1.2007424e+01		1.0677149e+01		1.6921520e+01		1.3411419e+01		6.4693515e+00		6.9420676e+00
2.5200000e+02		2.5300000e+02		2.5250000e+02		1.0794009e+01		9.6203355e+00		1.5232503e+01		1.2073166e+01		5.8034597e+00		6.2697065e+00
2.5300000e+02		2.5400000e+02		2.5350000e+02		1.3602371e+01		1.2117989e+01		1.9164928e+01		1.5189047e+01		7.2662022e+00		7.9228452e+00
2.5400000e+02		2.5500000e+02		2.5450000e+02		1.5384114e+01		1.3681958e+01		2.1614774e+01		1.7129210e+01		8.1562866e+00		8.9729235e+00
2.5500000e+02		2.5600000e+02		2.5550000e+02		2.0992062e+01		1.8628225e+01		2.9392810e+01		2.3290436e+01		1.1030910e+01		1.2259526e+01
2.5600000e+02		2.5700000e+02		2.5650000e+02		2.7040612e+01		2.4118909e+01		3.8024213e+01		3.0132837e+01		1.4229106e+01		1.5903731e+01
2.5700000e+02		2.5800000e+02		2.5750000e+02		3.3946512e+01		3.0154048e+01		4.7479042e+01		3.7619121e+01		1.7662552e+01		1.9956568e+01
2.5800000e+02		2.5900000e+02		2.5850000e+02		3.5732434e+01		3.1797205e+01		5.0029073e+01		3.9640785e+01		1.8558111e+01		2.1082674e+01
2.5900000e+02		2.6000000e+02		2.5950000e+02		3.0409976e+01		2.6994464e+01		4.2421696e+01		3.3608781e+01		1.5649642e+01		1.7959139e+01
2.6000000e+02		2.6100000e+02		2.6050000e+02		2.4915606e+01		2.2101410e+01		3.4695581e+01		2.7485783e+01		1.2739564e+01		1.4746219e+01
2.6100000e+02		2.6200000e+02		2.6150000e+02		2.5442742e+01		2.2508921e+01		3.5302130e+01		2.7963392e+01		1.2905417e+01		1.5057976e+01
2.6200000e+02		2.6300000e+02		2.6250000e+02		3.0366547e+01		2.6895695e+01		4.2147022e+01		3.3385215e+01		1.5354369e+01		1.8030846e+01
2.6300000e+02		2.6400000e+02		2.6350000e+02		4.5700096e+01		4.0565416e+01		6.3515604e+01		5.0312509e+01		2.3061870e+01		2.7250639e+01
2.6400000e+02		2.6500000e+02		2.6450000e+02		7.1249372e+01		6.2910620e+01		9.8379692e+01		7.7913058e+01		3.5496148e+01		4.2416910e+01
2.6500000e+02		2.6600000e+02		2.6550000e+02		7.4731454e+01		6.5938173e+01		1.0302890e+02		8.1590833e+01		3.7034591e+01		4.4556242e+01
2.6600000e+02		2.6700000e+02		2.6650000e+02		7.2446611e+01		6.3795569e+01		9.9569249e+01		7.8841589e+01		3.5599268e+01		4.3242322e+01
2.6700000e+02		2.6800000e+02		2.6750000e+02		7.2937204e+01		6.4183188e+01		1.0009947e+02		7.9257903e+01		3.5667157e+01		4.3590746e+01
2.6800000e+02		2.6900000e+02		2.6850000e+02		7.2239021e+01		6.3402773e+01		9.8791990e+01		7.8213886e+01		3.5043471e+01		4.3170415e+01
2.6900000e+02		2.7000000e+02		2.6950000e+02		6.7758000e+01		5.9587504e+01		9.2765124e+01		7.3442172e+01		3.2780498e+01		4.0661674e+01
2.7000000e+02		2.7100000e+02		2.7050000e+02		7.8281462e+01		6.8494513e+01		1.0650690e+02		8.4304302e+01		3.7406362e+01		4.6897940e+01
2.7100000e+02		2.7200000e+02		2.7150000e+02		6.5051220e+01		5.6768266e+01		8.8215682e+01		6.9820271e+01		3.0881375e+01		3.8938895e+01
2.7200000e+02		2.7300000e+02		2.7250000e+02		5.2331568e+01		4.5505604e+01		7.0634872e+01		5.5896233e+01		2.4584491e+01		3.1311741e+01
2.7300000e+02		2.7400000e+02		2.7350000e+02		5.5800645e+01		4.8202868e+01		7.4743506e+01		5.9134010e+01		2.5863360e+01		3.3270650e+01
2.7400000e+02		2.7500000e+02		2.7450000e+02		3.8398649e+01		3.3517018e+01		5.1963592e+01		4.1122916e+01		1.7995746e+01		2.3127170e+01
2.7500000e+02		2.7600000e+02		2.7550000e+02		5.1208696e+01		4.4312680e+01		6.8624335e+01		5.4292214e+01		2.3611829e+01		3.0680384e+01
2.7600000e+02		2.7700000e+02		2.7650000e+02		7.1318275e+01		6.1908276e+01		9.5810842e+01		7.5804134e+01		3.2877954e+01		4.2926180e+01
2.7700000e+02		2.7800000e+02		2.7750000e+02		6.8188493e+01		5.8894570e+01		9.1082409e+01		7.2051912e+01		3.1130605e+01		4.0921307e+01
2.7800000e+02		2.7900000e+02		2.7850000e+02		4.7024496e+01		4.0672013e+01		6.2864282e+01		4.9730094e+01		2.1431650e+01		2.8298444e+01
2.7900000e+02		2.8000000e+02		2.7950000e+02		2.6422560e+01		2.2751799e+01		3.5131169e+01		2.7786225e+01		1.1911580e+01		1.5874645e+01
2.8000000e+02		2.8100000e+02		2.8050000e+02		2.8982131e+01		2.4972414e+01		3.8532993e+01		3.0476053e+01		1.3021750e+01		1.7454303e+01
2.8100000e+02		2.8200000e+02		2.8150000e+02		6.0033324e+01		5.1180932e+01		7.8875795e+01		6.2361182e+01		2.6452757e+01		3.5908425e+01
2.8200000e+02		2.8300000e+02		2.8250000e+02		8.1733762e+01		7.0968953e+01		1.0940110e+02		8.6539181e+01		3.6839553e+01		4.9699628e+01
2.8300000e+02		2.8400000e+02		2.8350000e+02		8.4433091e+01		7.2422632e+01		1.1149595e+02		8.8160429e+01		3.7236027e+01		5.0924402e+01
2.8400000e+02		2.8500000e+02		2.8450000e+02		6.2255376e+01		5.3636681e+01		8.2558378e+01		6.5287375e+01		2.7565838e+01		3.7721537e+01
2.8500000e+02		2.8600000e+02		2.8550000e+02		4.0018063e+01		3.4247643e+01		5.2667851e+01		4.1640471e+01		1.7491619e+01		2.4148852e+01
2.8600000e+02		2.8700000e+02		2.8650000e+02		8.2001717e+01		7.0681654e+01		1.0865763e+02		8.5921247e+01		3.6057263e+01		4.9863983e+01
2.8700000e+02		2.8800000e+02		2.8750000e+02		9.5189148e+01		8.1789366e+01		1.2565850e+02		9.9353977e+01		4.1558315e+01		5.7795662e+01
2.8800000e+02		2.8900000e+02		2.8850000e+02		9.0460934e+01		7.7978282e+01		1.1973984e+02		9.4678849e+01		3.9513966e+01		5.5164883e+01
2.8900000e+02		2.9000000e+02		2.8950000e+02		1.3728321e+02		1.1935387e+02		1.8329696e+02		1.4497072e+02		6.0610124e+01		8.4360598e+01
2.9000000e+02		2.9100000e+02		2.9050000e+02		1.8023325e+02		1.5520184e+02		2.3808463e+02		1.8824109e+02		7.8171715e+01		1.1006938e+02
2.9100000e+02		2.9200000e+02		2.9150000e+02		1.7359450e+02		1.5214709e+02		2.3345559e+02		1.8466994e+02		7.6949890e+01		1.0772005e+02
2.9200000e+02		2.9300000e+02		2.9250000e+02		1.5421676e+02		1.3277678e+02		2.0342269e+02		1.6082080e+02		6.6352882e+01		9.4467921e+01
2.9300000e+02		2.9400000e+02		2.9350000e+02		1.6099986e+02		1.4117144e+02		2.1638382e+02		1.7115681e+02		7.0946149e+01		1.0021066e+02
2.9400000e+02		2.9500000e+02		2.9450000e+02		1.4991794e+02		1.3063660e+02		2.0007178e+02		1.5822020e+02		6.5263501e+01		9.2956701e+01
2.9500000e+02		2.9600000e+02		2.9550000e+02		1.6232431e+02		1.4424705e+02		2.2104211e+02		1.7490271e+02		7.2532073e+01		1.0237064e+02
2.9600000e+02		2.9700000e+02		2.9650000e+02		1.4851381e+02		1.2939183e+02		1.9797779e+02		1.5655556e+02		6.4270073e+01		9.2285483e+01
2.9700000e+02		2.9800000e+02		2.9750000e+02		1.5140866e+02		1.3462653e+02		2.0607821e+02		1.6305314e+02		6.7258078e+01		9.5795060e+01
2.9800000e+02		2.9900000e+02		2.9850000e+02		1.3012850e+02		1.1362994e+02		1.7374193e+02		1.3739487e+02		5.6228432e+01		8.1166439e+01
2.9900000e+02		3.0000000e+02		2.9950000e+02		1.4682541e+02		1.3150727e+02		2.0116913e+02		1.5919277e+02		6.5504603e+01		9.3688165e+01
3.0000000e+02		3.0100000e+02		3.0050000e+02		1.1681452e+02		1.0311855e+02		1.5759413e+02		1.2465706e+02		5.0960643e+01		7.3696413e+01
3.0100000e+02		3.0200000e+02		3.0150000e+02		1.3434477e+02		1.2263393e+02		1.8763313e+02		1.4856008e+02		6.1341933e+01		8.7218151e+01
3.0200000e+02		3.0300000e+02		3.0250000e+02		1.4142283e+02		1.2576052e+02		1.9207424e+02		1.5195360e+02		6.1973505e+01		8.9980098e+01
3.0300000e+02		3.0400000e+02		3.0350000e+02		1.8342160e+02		1.6879999e+02		2.5813902e+02		2.0442159e+02		8.4281618e+01		1.2013997e+02
3.0400000e+02		3.0500000e+02		3.0450000e+02		1.7556728e+02		1.5745110e+02		2.4037109e+02		1.9020042e+02		7.7485723e+01		1.1271470e+02
3.0500000e+02		3.0600000e+02		3.0550000e+02		1.7728071e+02		1.6418356e+02		2.5095179e+02		1.9875783e+02		8.1803583e+01		1.1695424e+02
3.0600000e+02		3.0700000e+02		3.0650000e+02		1.6814926e+02		1.5174975e+02		2.3154268e+02		1.8323920e+02		7.4504838e+01		1.0873436e+02
3.0700000e+02		3.0800000e+02		3.0750000e+02		1.8878816e+02		1.7492284e+02		2.6715806e+02		2.1158638e+02		8.6746854e+01		1.2483952e+02
3.0800000e+02		3.0900000e+02		3.0850000e+02		1.8529086e+02		1.6952492e+02		2.5860314e+02		2.0472454e+02		8.3283212e+01		1.2144133e+02
3.0900000e+02		3.1000000e+02		3.0950000e+02		1.5026991e+02		1.3954934e+02		2.1301757e+02		1.6871410e+02		6.9004576e+01		9.9709526e+01
3.1000000e+02		3.1100000e+02		3.1050000e+02		1.8913229e+02		1.7482610e+02		2.6666376e+02		2.1116482e+02		8.5978320e+01		1.2518650e+02
3.1100000e+02		3.1200000e+02		3.1150000e+02		2.2495083e+02		2.0970964e+02		3.1987213e+02		2.5335582e+02		1.0326797e+02		1.5008785e+02
3.1200000e+02		3.1300000e+02		3.1250000e+02		2.0030306e+02		1.8723558e+02		2.8551473e+02		2.2615495e+02		9.2084224e+01		1.3407072e+02
3.1300000e+02		3.1400000e+02		3.1350000e+02		2.1331645e+02		1.9916525e+02		3.0360013e+02		2.4046885e+02		9.7725359e+01		1.4274349e+02
3.1400000e+02		3.1500000e+02		3.1450000e+02		2.0119548e+02		1.8920274e+02		2.8839331e+02		2.2846568e+02		9.2897117e+01		1.3556856e+02
3.1500000e+02		3.1600000e+02		3.1550000e+02		1.9522773e+02		1.8319279e+02		2.7911406e+02		2.2109667e+02		8.9681555e+01		1.3141512e+02
3.1600000e+02		3.1700000e+02		3.1650000e+02		1.9043254e+02		1.7948086e+02		2.7341750e+02		2.1660718e+02		8.7841818e+01		1.2876536e+02
3.1700000e+02		3.1800000e+02		3.1750000e+02		2.4155434e+02		2.2771770e+02		3.4673703e+02		2.7468338e+02		1.1112200e+02		1.6356138e+02
3.1800000e+02		3.1900000e+02		3.1850000e+02		1.9952276e+02		1.8851161e+02		2.8702303e+02		2.2739363e+02		9.1995848e+01		1.3539778e+02
3.1900000e+02		3.2000000e+02		3.1950000e+02		2.1430874e+02		2.0283173e+02		3.0870066e+02		2.4456984e+02		9.8753421e+01		1.4581642e+02
3.2000000e+02		3.2100000e+02		3.2050000e+02		2.4621307e+02		2.3341708e+02		3.5518867e+02		2.8141108e+02		1.1355503e+02		1.6785605e+02
3.2100000e+02		3.2200000e+02		3.2150000e+02		2.0677326e+02		1.9624302e+02		2.9857245e+02		2.3656108e+02		9.5393545e+01		1.4116753e+02
3.2200000e+02		3.2300000e+02		3.2250000e+02		2.0765168e+02		1.9725360e+02		3.0001468e+02		2.3770387e+02		9.5706350e+01		1.4199752e+02
3.2300000e+02		3.2400000e+02		3.2350000e+02		2.0066974e+02		1.9094984e+02		2.9037589e+02		2.3007574e+02		9.2572865e+01		1.3750287e+02
3.2400000e+02		3.2500000e+02		3.2450000e+02		2.3629853e+02		2.2492339e+02		3.4196827e+02		2.7095463e+02		1.0891108e+02		1.6204355e+02
3.2500000e+02		3.2600000e+02		3.2550000e+02		2.7209498e+02		2.5916686e+02		3.9399988e+02		3.1218935e+02		1.2545257e+02		1.8673678e+02
3.2600000e+02		3.2700000e+02		3.2650000e+02		3.0699214e+02		2.9265692e+02		4.4467936e+02		3.5233512e+02		1.4120014e+02		2.1113498e+02
3.2700000e+02		3.2800000e+02		3.2750000e+02		2.9701525e+02		2.8325622e+02		4.3028474e+02		3.4092807e+02		1.3645304e+02		2.0447502e+02
3.2800000e+02		3.2900000e+02		3.2850000e+02		2.8673370e+02		2.7360724e+02		4.1552190e+02		3.2923072e+02		1.3160658e+02		1.9762414e+02
3.2900000e+02		3.3000000e+02		3.2950000e+02		3.3379807e+02		3.1867410e+02		4.8373214e+02		3.8326291e+02		1.5281875e+02		2.3044415e+02
3.3000000e+02		3.3100000e+02		3.3050000e+02		3.1443449e+02		3.0029878e+02		4.5578322e+02		3.6112315e+02		1.4391202e+02		2.1721113e+02
3.3100000e+02		3.3200000e+02		3.3150000e+02		3.0087994e+02		2.8749533e+02		4.3616784e+02		3.4557258e+02		1.3741225e+02		2.0816033e+02
3.3200000e+02		3.3300000e+02		3.3250000e+02		2.9519831e+02		2.8213941e+02		4.2800928e+02		3.3911359e+02		1.3480234e+02		2.0431124e+02
3.3300000e+02		3.3400000e+02		3.3350000e+02		2.8364288e+02		2.7122686e+02		4.1124151e+02		3.2581518e+02		1.2915737e+02		1.9665782e+02
3.3400000e+02		3.3500000e+02		3.3450000e+02		2.9883003e+02		2.8583833e+02		4.3331817e+02		3.4330632e+02		1.3597072e+02		2.0733559e+02
3.3500000e+02		3.3600000e+02		3.3550000e+02		2.9511053e+02		2.8236235e+02		4.2798331e+02		3.3908108e+02		1.3419796e+02		2.0488312e+02
3.3600000e+02		3.3700000e+02		3.3650000e+02		2.4313126e+02		2.3270145e+02		3.5261460e+02		2.7936491e+02		1.1040694e+02		1.6895798e+02
3.3700000e+02		3.3800000e+02		3.3750000e+02		2.5649874e+02		2.4556118e+02		3.7206627e+02		2.9477904e+02		1.1645069e+02		1.7832835e+02
3.3800000e+02		3.3900000e+02		3.3850000e+02		2.7748673e+02		2.6573570e+02		4.0255379e+02		3.1893265e+02		1.2586535e+02		1.9306731e+02
3.3900000e+02		3.4000000e+02		3.3950000e+02		2.9040264e+02		2.7821580e+02		4.2128686e+02		3.3376456e+02		1.3142978e+02		2.0233478e+02
3.4000000e+02		3.4100000e+02		3.4050000e+02		3.0654056e+02		2.9374799e+02		4.4479154e+02		3.5239232e+02		1.3875397e+02		2.1363835e+02
3.4100000e+02		3.4200000e+02		3.4150000e+02		2.7979685e+02		2.6819322e+02		4.0603334e+02		3.2168608e+02		1.2656547e+02		1.9512061e+02
3.4200000e+02		3.4300000e+02		3.4250000e+02		3.0344565e+02		2.9098458e+02		4.4028645e+02		3.4880538e+02		1.3680550e+02		2.1199988e+02
3.4300000e+02		3.4400000e+02		3.4350000e+02		2.9822260e+02		2.8605585e+02		4.3271874e+02		3.4280599e+02		1.3427227e+02		2.0853372e+02
3.4400000e+02		3.4500000e+02		3.4450000e+02		2.3986676e+02		2.3014039e+02		3.4808272e+02		2.7575640e+02		1.0792864e+02		1.6782776e+02
3.4500000e+02		3.4600000e+02		3.4550000e+02		2.8907088e+02		2.7741570e+02		4.1954121e+02		3.3236906e+02		1.3002106e+02		2.0234800e+02
3.4600000e+02		3.4700000e+02		3.4650000e+02		2.8069735e+02		2.6947097e+02		4.0736732e+02		3.2271486e+02		1.2597639e+02		1.9673847e+02
3.4700000e+02		3.4800000e+02		3.4750000e+02		2.7782009e+02		2.6675904e+02		4.0326607e+02		3.1947188e+02		1.2471991e+02		1.9475196e+02
3.4800000e+02		3.4900000e+02		3.4850000e+02		2.8744416e+02		2.7608086e+02		4.1723224e+02		3.3052956e+02		1.2882702e+02		2.0170254e+02
3.4900000e+02		3.5000000e+02		3.4950000e+02		2.7550877e+02		2.6467649e+02		3.9995301e+02		3.1684249e+02		1.2342609e+02		1.9341640e+02
3.5000000e+02		3.5100000e+02		3.5050000e+02		3.3002358e+02		3.1712076e+02		4.7914614e+02		3.7958061e+02		1.4778161e+02		2.3179901e+02
3.5100000e+02		3.5200000e+02		3.5150000e+02		3.0660572e+02		2.9472515e+02		4.4509869e+02		3.5259325e+02		1.3691741e+02		2.1567585e+02
3.5200000e+02		3.5300000e+02		3.5250000e+02		2.8324198e+02		2.7231590e+02		4.1126477e+02		3.2579788e+02		1.2653972e+02		1.9925816e+02
3.5300000e+02		3.5400000e+02		3.5350000e+02		3.2405327e+02		3.1161399e+02		4.7058576e+02		3.7279468e+02		1.4475506e+02		2.2803961e+02
3.5400000e+02		3.5500000e+02		3.5450000e+02		3.4586270e+02		3.3268596e+02		5.0222059e+02		3.9784338e+02		1.5416411e+02		2.4367926e+02
3.5500000e+02		3.5600000e+02		3.5550000e+02		3.2478382e+02		3.1248072e+02		4.7166274e+02		3.7363714e+02		1.4469765e+02		2.2893949e+02
3.5600000e+02		3.5700000e+02		3.5650000e+02		2.8234357e+02		2.7165515e+02		4.1017846e+02		3.2495080e+02		1.2609885e+02		1.9885195e+02
3.5700000e+02		3.5800000e+02		3.5750000e+02		2.4674321e+02		2.3750082e+02		3.5837388e+02		2.8389105e+02		1.0976046e+02		1.7413059e+02
3.5800000e+02		3.5900000e+02		3.5850000e+02		2.1181106e+02		2.0393231e+02		3.0760625e+02		2.4366694e+02		9.4013143e+01		1.4965379e+02
3.5900000e+02		3.6000000e+02		3.5950000e+02		3.0582840e+02		2.9448258e+02		4.4428979e+02		3.5195522e+02		1.3598174e+02		2.1597349e+02
3.6000000e+02		3.6100000e+02		3.6050000e+02		3.0178862e+02		2.9067368e+02		4.3835772e+02		3.4724252e+02		1.3384332e+02		2.1339920e+02
3.6100000e+02		3.6200000e+02		3.6150000e+02		2.8033735e+02		2.7007793e+02		4.0724687e+02		3.2259814e+02		1.2426415e+02		1.9833399e+02
3.6200000e+02		3.6300000e+02		3.6250000e+02		3.1645921e+02		3.0494710e+02		4.5971997e+02		3.6415916e+02		1.4009725e+02		2.2406191e+02
3.6300000e+02		3.6400000e+02		3.6350000e+02		3.0810145e+02		2.9693966e+02		4.4762658e+02		3.5458269e+02		1.3638488e+02		2.1819781e+02
3.6400000e+02		3.6500000e+02		3.6450000e+02		3.2221950e+02		3.1061208e+02		4.6816702e+02		3.7085195e+02		1.4252907e+02		2.2832289e+02
3.6500000e+02		3.6600000e+02		3.6550000e+02		3.6674574e+02		3.5363299e+02		5.3282762e+02		4.2205954e+02		1.6189895e+02		2.6016059e+02
3.6600000e+02		3.6700000e+02		3.6650000e+02		3.9198946e+02		3.7802887e+02		5.6958123e+02		4.5117868e+02		1.7307431e+02		2.7810437e+02
3.6700000e+02		3.6800000e+02		3.6750000e+02		3.7850004e+02		3.6505868e+02		5.5010171e+02		4.3576127e+02		1.6728412e+02		2.6847715e+02
3.6800000e+02		3.6900000e+02		3.6850000e+02		3.4895620e+02		3.3666394e+02		5.0709747e+02		4.0167902e+02		1.5382734e+02		2.4785168e+02
3.6900000e+02		3.7000000e+02		3.6950000e+02		3.8736224e+02		3.7372938e+02		5.6309664e+02		4.4606035e+02		1.7113691e+02		2.7492344e+02
3.7000000e+02		3.7100000e+02		3.7050000e+02		3.6351013e+02		3.5086530e+02		5.2818002e+02		4.1835848e+02		1.5969058e+02		2.5866791e+02
3.7100000e+02		3.7200000e+02		3.7150000e+02		3.7529261e+02		3.6227758e+02		5.4543804e+02		4.3204225e+02		1.6506498e+02		2.6697727e+02
3.7200000e+02		3.7300000e+02		3.7250000e+02		3.1177186e+02		3.0097391e+02		4.5325686e+02		3.5904225e+02		1.3739117e+02		2.2165108e+02
3.7300000e+02		3.7400000e+02		3.7350000e+02		2.7192112e+02		2.6255765e+02		3.9529794e+02		3.1312402e+02		1.1964133e+02		1.9348269e+02
3.7400000e+02		3.7500000e+02		3.7450000e+02		2.7832167e+02		2.6883427e+02		4.0447530e+02		3.2036965e+02		1.2193402e+02		1.9843563e+02
3.7500000e+02		3.7600000e+02		3.7550000e+02		3.1876744e+02		3.0792648e+02		4.6334967e+02		3.6701242e+02		1.3979883e+02		2.2721359e+02
3.7600000e+02		3.7700000e+02		3.7650000e+02		3.3048657e+02		3.1929661e+02		4.8046274e+02		3.8057276e+02		1.4498091e+02		2.3559185e+02
3.7700000e+02		3.7800000e+02		3.7750000e+02		3.8770864e+02		3.7467308e+02		5.6361625e+02		4.4642594e+02		1.6976907e+02		2.7665686e+02
3.7800000e+02		3.7900000e+02		3.7850000e+02		4.0380398e+02		3.9029411e+02		5.8703361e+02		4.6497152e+02		1.7668866e+02		2.8828287e+02
3.7900000e+02		3.8000000e+02		3.7950000e+02		3.2744385e+02		3.1651673e+02		4.7613588e+02		3.7714457e+02		1.4344700e+02		2.3369757e+02
3.8000000e+02		3.8100000e+02		3.8050000e+02		3.5656330e+02		3.4472312e+02		5.1847149e+02		4.1067347e+02		1.5604019e+02		2.5463327e+02
3.8100000e+02		3.8200000e+02		3.8150000e+02		3.2019140e+02		3.0970705e+02		4.6535526e+02		3.6855859e+02		1.3924423e+02		2.2931436e+02
3.8200000e+02		3.8300000e+02		3.8250000e+02		2.2964197e+02		2.2207986e+02		3.3397594e+02		2.6453964e+02		1.0046091e+02		1.6407873e+02
3.8300000e+02		3.8400000e+02		3.8350000e+02		2.0267593e+02		1.9605248e+02		2.9469480e+02		2.3341353e+02		8.8397189e+01		1.4501634e+02
3.8400000e+02		3.8500000e+02		3.8450000e+02		2.7111947e+02		2.6230543e+02		3.9422047e+02		3.1224017e+02		1.1814687e+02		1.9409330e+02
3.8500000e+02		3.8600000e+02		3.8550000e+02		2.8715912e+02		2.7783117e+02		4.1765586e+02		3.3081631e+02		1.2536421e+02		2.0545211e+02
3.8600000e+02		3.8700000e+02		3.8650000e+02		2.8837692e+02		2.7911172e+02		4.1929694e+02		3.3209044e+02		1.2534902e+02		2.0674143e+02
3.8700000e+02		3.8800000e+02		3.8750000e+02		2.8805300e+02		2.7880937e+02		4.1890450e+02		3.3178962e+02		1.2535260e+02		2.0643702e+02
3.8800000e+02		3.8900000e+02		3.8850000e+02		2.9209390e+02		2.8274604e+02		4.2484892e+02		3.3650448e+02		1.2719383e+02		2.0931064e+02
3.8900000e+02		3.9000000e+02		3.8950000e+02		3.5069332e+02		3.3952771e+02		5.1005963e+02		4.0398917e+02		1.5251745e+02		2.5147173e+02
3.9000000e+02		3.9100000e+02		3.9050000e+02		3.6838836e+02		3.5677958e+02		5.3565948e+02		4.2423699e+02		1.5960593e+02		2.6463105e+02
3.9100000e+02		3.9200000e+02		3.9150000e+02		3.9613874e+02		3.8364304e+02		5.7617788e+02		4.5635122e+02		1.7202940e+02		2.8432182e+02
3.9200000e+02		3.9300000e+02		3.9250000e+02		3.0403432e+02		2.9446658e+02		4.4232227e+02		3.5034464e+02		1.3220891e+02		2.1813573e+02
3.9300000e+02		3.9400000e+02		3.9350000e+02		1.8639471e+02		1.8055800e+02		2.7114349e+02		2.1475556e+02		8.0912293e+01		1.3384327e+02
3.9400000e+02		3.9500000e+02		3.9450000e+02		3.0813115e+02		2.9847518e+02		4.4841025e+02		3.5518063e+02		1.3416655e+02		2.2101409e+02
3.9500000e+02		3.9600000e+02		3.9550000e+02		3.7840801e+02		3.6675364e+02		5.5028066e+02		4.3580191e+02		1.6336997e+02		2.7243195e+02
3.9600000e+02		3.9700000e+02		3.9650000e+02		2.6140326e+02		2.5332916e+02		3.8022667e+02		3.0114132e+02		1.1312480e+02		1.8801653e+02
3.9700000e+02		3.9800000e+02		3.9750000e+02		2.9300657e+02		2.8397612e+02		4.2624105e+02		3.3758966e+02		1.2685099e+02		2.1073867e+02
3.9800000e+02		3.9900000e+02		3.9850000e+02		4.5124719e+02		4.3737135e+02		6.5637154e+02		5.1984893e+02		1.9514404e+02		3.2470489e+02
3.9900000e+02		4.0000000e+02		3.9950000e+02		4.9846141e+02		4.8311467e+02		7.2511437e+02		5.7430769e+02		2.1576501e+02		3.5854269e+02
4.0000000e+02		4.0100000e+02		4.0050000e+02		5.1407199e+02		4.9843758e+02		7.4789467e+02		5.9233538e+02		2.2216457e+02		3.7017081e+02
4.0100000e+02		4.0200000e+02		4.0150000e+02		5.3860814e+02		5.2231007e+02		7.8370140e+02		6.2069941e+02		2.3279168e+02		3.8790773e+02
4.0200000e+02		4.0300000e+02		4.0250000e+02		5.4526519e+02		5.2872604e+02		7.9368186e+02		6.2864640e+02		2.3641411e+02		3.9223229e+02
4.0300000e+02		4.0400000e+02		4.0350000e+02		5.2165796e+02		5.0604471e+02		7.5892627e+02		6.0104938e+02		2.2478347e+02		3.7626591e+02
4.0400000e+02		4.0500000e+02		4.0450000e+02		5.1300620e+02		4.9773263e+02		7.4629509e+02		5.9103371e+02		2.2075272e+02		3.7028098e+02
4.0500000e+02		4.0600000e+02		4.0550000e+02		5.1256585e+02		4.9722474e+02		7.4605764e+02		5.9090528e+02		2.2165055e+02		3.6925473e+02
4.0600000e+02		4.0700000e+02		4.0650000e+02		4.9035274e+02		4.7565708e+02		7.1394973e+02		5.6550575e+02		2.1258424e+02		3.5292151e+02
4.0700000e+02		4.0800000e+02		4.0750000e+02		4.9838294e+02		4.8356831e+02		7.2549308e+02		5.7461932e+02		2.1542899e+02		3.5919033e+02
4.0800000e+02		4.0900000e+02		4.0850000e+02		5.2990289e+02		5.1431579e+02		7.7110996e+02		6.1070126e+02		2.2805046e+02		3.8265080e+02
4.0900000e+02		4.1000000e+02		4.0950000e+02		5.2713439e+02		5.1162684e+02		7.6723423e+02		6.0765293e+02		2.2720018e+02		3.8045275e+02
4.1000000e+02		4.1100000e+02		4.1050000e+02		4.8293937e+02		4.6880095e+02		7.0291963e+02		5.5671024e+02		2.0799561e+02		3.4871462e+02
4.1100000e+02		4.1200000e+02		4.1150000e+02		5.5986852e+02		5.4354434e+02		8.1489560e+02		6.4539014e+02		2.4096974e+02		4.0442040e+02
4.1200000e+02		4.1300000e+02		4.1250000e+02		5.4940473e+02		5.3343341e+02		7.9970672e+02		6.3336246e+02		2.3643468e+02		3.9692778e+02
4.1300000e+02		4.1400000e+02		4.1350000e+02		5.2995399e+02		5.1457479e+02		7.7149628e+02		6.1103113e+02		2.2821814e+02		3.8281298e+02
4.1400000e+02		4.1500000e+02		4.1450000e+02		5.3771640e+02		5.2221068e+02		7.8270129e+02		6.1988491e+02		2.3109970e+02		3.8878520e+02
4.1500000e+02		4.1600000e+02		4.1550000e+02		5.3722776e+02		5.2160137e+02		7.8250174e+02		6.1980599e+02		2.3235463e+02		3.8745137e+02
4.1600000e+02		4.1700000e+02		4.1650000e+02		5.5745703e+02		5.4146203e+02		8.1155641e+02		6.4274727e+02		2.3964345e+02		4.0310382e+02
4.1700000e+02		4.1800000e+02		4.1750000e+02		5.0725322e+02		4.9282869e+02		7.3828310e+02		5.8467983e+02		2.1732213e+02		3.6735770e+02
4.1800000e+02		4.1900000e+02		4.1850000e+02		5.2601513e+02		5.1106478e+02		7.6565244e+02		6.0636411e+02		2.2548063e+02		3.8088348e+02
4.1900000e+02		4.2000000e+02		4.1950000e+02		5.3123875e+02		5.1612270e+02		7.7350871e+02		6.1261987e+02		2.2831475e+02		3.8430512e+02
4.2000000e+02		4.2100000e+02		4.2050000e+02		5.3797708e+02		5.2277117e+02		7.8319294e+02		6.2026497e+02		2.3067282e+02		3.8959215e+02
4.2100000e+02		4.2200000e+02		4.2150000e+02		5.2958361e+02		5.1462945e+02		7.7111329e+02		6.1071482e+02		2.2734043e+02		3.8337439e+02
4.2200000e+02		4.2300000e+02		4.2250000e+02		5.0190537e+02		4.8784389e+02		7.3065618e+02		5.7864349e+02		2.1483414e+02		3.6380935e+02
4.2300000e+02		4.2400000e+02		4.2350000e+02		5.3474862e+02		5.1978660e+02		7.7856414e+02		6.1659536e+02		2.2905198e+02		3.8754338e+02
4.2400000e+02		4.2500000e+02		4.2450000e+02		5.5328403e+02		5.3786356e+02		8.0554956e+02		6.3796160e+02		2.3683450e+02		4.0112710e+02
4.2500000e+02		4.2600000e+02		4.2550000e+02		5.3248014e+02		5.1767687e+02		7.7530070e+02		6.1400819e+02		2.2792235e+02		3.8608584e+02
4.2600000e+02		4.2700000e+02		4.2650000e+02		5.3029841e+02		5.1555629e+02		7.7226983e+02		6.1162703e+02		2.2730582e+02		3.8432121e+02
4.2700000e+02		4.2800000e+02		4.2750000e+02		4.9171747e+02		4.7808241e+02		7.1611474e+02		5.6715438e+02		2.1074654e+02		3.5640784e+02
4.2800000e+02		4.2900000e+02		4.2850000e+02		4.9494538e+02		4.8131326e+02		7.2070577e+02		5.7076808e+02		2.1165238e+02		3.5911570e+02
4.2900000e+02		4.3000000e+02		4.2950000e+02		4.6063718e+02		4.4797441e+02		6.7080770e+02		5.3125667e+02		1.9704794e+02		3.3420872e+02
4.3000000e+02		4.3100000e+02		4.3050000e+02		3.7055843e+02		3.6034833e+02		5.3979333e+02		4.2752127e+02		1.5893290e+02		2.6858837e+02
4.3100000e+02		4.3200000e+02		4.3150000e+02		4.5818753e+02		4.4567691e+02		6.6717108e+02		5.2836259e+02		1.9563641e+02		3.3272617e+02
4.3200000e+02		4.3300000e+02		4.3250000e+02		5.1625369e+02		5.0235420e+02		7.5144224e+02		5.9504421e+02		2.1930692e+02		3.7573729e+02
4.3300000e+02		4.3400000e+02		4.3350000e+02		5.6047485e+02		5.4508847e+02		8.1669722e+02		6.4686104e+02		2.4079648e+02		4.0606456e+02
4.3400000e+02		4.3500000e+02		4.3450000e+02		4.7595241e+02		4.6330234e+02		6.9250394e+02		5.4832448e+02		2.0116455e+02		3.4715993e+02
4.3500000e+02		4.3600000e+02		4.3550000e+02		5.3162725e+02		5.1718891e+02		7.7460252e+02		6.1349671e+02		2.2786669e+02		3.8563002e+02
4.3600000e+02		4.3700000e+02		4.3650000e+02		5.9481241e+02		5.7864964e+02		8.6671108e+02		6.8645809e+02		2.5507752e+02		4.3138057e+02
4.3700000e+02		4.3800000e+02		4.3750000e+02		5.2629983e+02		5.1226357e+02		7.6621662e+02		6.0675626e+02		2.2357212e+02		3.8318414e+02
4.3800000e+02		4.3900000e+02		4.3850000e+02		5.1257868e+02		4.9879960e+02		7.4673842e+02		5.9140436e+02		2.1910522e+02		3.7229914e+02
4.3900000e+02		4.4000000e+02		4.3950000e+02		5.7051902e+02		5.5533880e+02		8.3080942e+02		6.5793087e+02		2.4273544e+02		4.1519543e+02
4.4000000e+02		4.4100000e+02		4.4050000e+02		5.4089681e+02		5.2646732e+02		7.8791946e+02		6.2400069e+02		2.3076643e+02		3.9323426e+02
4.4100000e+02		4.4200000e+02		4.4150000e+02		5.9491633e+02		5.7894160e+02		8.6650215e+02		6.8624060e+02		2.5387215e+02		4.3236845e+02
4.4200000e+02		4.4300000e+02		4.4250000e+02		6.2544254e+02		6.0861361e+02		9.1082627e+02		7.2133632e+02		2.6670481e+02		4.5463151e+02
4.4300000e+02		4.4400000e+02		4.4350000e+02		6.0497206e+02		5.8872795e+02		8.8112895e+02		6.9782788e+02		2.5813322e+02		4.3969467e+02
4.4400000e+02		4.4500000e+02		4.4450000e+02		6.2324411e+02		6.0642768e+02		9.0744410e+02		7.1864997e+02		2.6552079e+02		4.5312918e+02
4.4500000e+02		4.4600000e+02		4.4550000e+02		5.7783999e+02		5.6234961e+02		8.4132482e+02		6.6627422e+02		2.4588826e+02		4.2038596e+02
4.4600000e+02		4.4700000e+02		4.4650000e+02		5.8940025e+02		5.7382248e+02		8.5845963e+02		6.7984940e+02		2.5086239e+02		4.2898701e+02
4.4700000e+02		4.4800000e+02		4.4750000e+02		6.3881895e+02		6.2205606e+02		9.3045279e+02		7.3685136e+02		2.7160861e+02		4.6524276e+02
4.4800000e+02		4.4900000e+02		4.4850000e+02		6.2805979e+02		6.1170298e+02		9.1480093e+02		7.2444391e+02		2.6674791e+02		4.5769600e+02
4.4900000e+02		4.5000000e+02		4.4950000e+02		6.3454704e+02		6.1798499e+02		9.2473283e+02		7.3236981e+02		2.7063739e+02		4.6173242e+02
4.5000000e+02		4.5100000e+02		4.5050000e+02		6.7325368e+02		6.5561363e+02		9.8127611e+02		7.7717975e+02		2.8762853e+02		4.8955123e+02
4.5100000e+02		4.5200000e+02		4.5150000e+02		6.7122600e+02		6.5386019e+02		9.7793634e+02		7.7446333e+02		2.8535009e+02		4.8911324e+02
4.5200000e+02		4.5300000e+02		4.5250000e+02		6.3541039e+02		6.1894724e+02		9.2594877e+02		7.3332010e+02		2.7060909e+02		4.6271101e+02
4.5300000e+02		4.5400000e+02		4.5350000e+02		6.0888666e+02		5.9319213e+02		8.8723264e+02		7.0264201e+02		2.5896120e+02		4.4368081e+02
4.5400000e+02		4.5500000e+02		4.5450000e+02		6.4999363e+02		6.3319637e+02		9.4733251e+02		7.5026942e+02		2.7699781e+02		4.7327161e+02
4.5500000e+02		4.5600000e+02		4.5550000e+02		6.4380306e+02		6.2734014e+02		9.3797965e+02		7.4280347e+02		2.7318917e+02		4.6961430e+02
4.5600000e+02		4.5700000e+02		4.5650000e+02		6.6853861e+02		6.5136457e+02		9.7435628e+02		7.7166227e+02		2.8462743e+02		4.8703484e+02
4.5700000e+02		4.5800000e+02		4.5750000e+02		6.7499745e+02		6.5780992e+02		9.8348793e+02		7.7884426e+02		2.8637031e+02		4.9247395e+02
4.5800000e+02		4.5900000e+02		4.5850000e+02		6.3439039e+02		6.1823028e+02		9.2445616e+02		7.3211416e+02		2.6945217e+02		4.6266199e+02
4.5900000e+02		4.6000000e+02		4.5950000e+02		6.5539586e+02		6.3869969e+02		9.5516647e+02		7.5644895e+02		2.7859774e+02		4.7785121e+02
4.6000000e+02		4.6100000e+02		4.6050000e+02		6.4752339e+02		6.3107326e+02		9.4371613e+02		7.4737933e+02		2.7518311e+02		4.7219622e+02
4.6100000e+02		4.6200000e+02		4.6150000e+02		6.6245412e+02		6.4560276e+02		9.6564195e+02		7.6476771e+02		2.8194730e+02		4.8282041e+02
4.6200000e+02		4.6300000e+02		4.6250000e+02		6.6901120e+02		6.5218387e+02		9.7481468e+02		7.7196512e+02		2.8340548e+02		4.8855964e+02
4.6300000e+02		4.6400000e+02		4.6350000e+02		6.4662616e+02		6.3027690e+02		9.4253816e+02		7.4645739e+02		2.7488599e+02		4.7157140e+02
4.6400000e+02		4.6500000e+02		4.6450000e+02		6.5795753e+02		6.4144496e+02		9.5879332e+02		7.5928721e+02		2.7881776e+02		4.8046944e+02
4.6500000e+02		4.6600000e+02		4.6550000e+02		6.3552746e+02		6.1955889e+02		9.2634984e+02		7.3362607e+02		2.6988584e+02		4.6374023e+02
4.6600000e+02		4.6700000e+02		4.6650000e+02		6.3955371e+02		6.2359769e+02		9.3198764e+02		7.3805180e+02		2.7080133e+02		4.6725047e+02
4.6700000e+02		4.6800000e+02		4.6750000e+02		6.4572639e+02		6.2956980e+02		9.4100394e+02		7.4520328e+02		2.7359174e+02		4.7161154e+02
4.6800000e+02		4.6900000e+02		4.6850000e+02		6.3145002e+02		6.1572948e+02		9.2013297e+02		7.2865871e+02		2.6719344e+02		4.6146528e+02
4.6900000e+02		4.7000000e+02		4.6950000e+02		6.4956875e+02		6.3327526e+02		9.4678733e+02		7.4981393e+02		2.7573345e+02		4.7408048e+02
4.7000000e+02		4.7100000e+02		4.7050000e+02		6.1381170e+02		5.9845341e+02		8.9464162e+02		7.0851058e+02		2.6039805e+02		4.4811253e+02
4.7100000e+02		4.7200000e+02		4.7150000e+02		6.4174114e+02		6.2574700e+02		9.3521497e+02		7.4062091e+02		2.7179459e+02		4.6882632e+02
4.7200000e+02		4.7300000e+02		4.7250000e+02		6.5742798e+02		6.4108263e+02		9.5804877e+02		7.5869727e+02		2.7827922e+02		4.8041805e+02
4.7300000e+02		4.7400000e+02		4.7350000e+02		6.4563741e+02		6.2953882e+02		9.4080555e+02		7.4504386e+02		2.7328787e+02		4.7175599e+02
4.7400000e+02		4.7500000e+02		4.7450000e+02		6.6512717e+02		6.4869791e+02		9.6934185e+02		7.6763797e+02		2.8141520e+02		4.8622277e+02
4.7500000e+02		4.7600000e+02		4.7550000e+02		6.6365303e+02		6.4730613e+02		9.6745910e+02		7.6617251e+02		2.8124088e+02		4.8493163e+02
4.7600000e+02		4.7700000e+02		4.7650000e+02		6.3952653e+02		6.2384392e+02		9.3224192e+02		7.3826968e+02		2.7073424e+02		4.6753543e+02
4.7700000e+02		4.7800000e+02		4.7750000e+02		6.6772274e+02		6.5138002e+02		9.7337020e+02		7.7084102e+02		2.8264777e+02		4.8819325e+02
4.7800000e+02		4.7900000e+02		4.7850000e+02		6.6128260e+02		6.4521985e+02		9.6375281e+02		7.6318405e+02		2.7910631e+02		4.8407774e+02
4.7900000e+02		4.8000000e+02		4.7950000e+02		6.6320839e+02		6.4708324e+02		9.6670276e+02		7.6554036e+02		2.8027256e+02		4.8526781e+02
4.8000000e+02		4.8100000e+02		4.8050000e+02		6.6489751e+02		6.4870450e+02		9.6940794e+02		7.6771515e+02		2.8158221e+02		4.8613294e+02
4.8100000e+02		4.8200000e+02		4.8150000e+02		6.6630748e+02		6.5001501e+02		9.7164760e+02		7.6952114e+02		2.8275456e+02		4.8676659e+02
4.8200000e+02		4.8300000e+02		4.8250000e+02		6.6376999e+02		6.4759591e+02		9.6789947e+02		7.6654144e+02		2.8142816e+02		4.8511329e+02
4.8300000e+02		4.8400000e+02		4.8350000e+02		6.5373157e+02		6.3793533e+02		9.5293212e+02		7.5463423e+02		2.7611257e+02		4.7852166e+02
4.8400000e+02		4.8500000e+02		4.8450000e+02		6.4242337e+02		6.2674344e+02		9.3687106e+02		7.4198615e+02		2.7266718e+02		4.6931897e+02
4.8500000e+02		4.8600000e+02		4.8550000e+02		6.0369332e+02		5.8901580e+02		8.8002100e+02		6.9691484e+02		2.5529188e+02		4.4162296e+02
4.8600000e+02		4.8700000e+02		4.8650000e+02		5.2412565e+02		5.1144942e+02		7.6411718e+02		6.0512877e+02		2.2164773e+02		3.8348104e+02
4.8700000e+02		4.8800000e+02		4.8750000e+02		5.9966111e+02		5.8509244e+02		8.7431393e+02		6.9241629e+02		2.5393097e+02		4.3848532e+02
4.8800000e+02		4.8900000e+02		4.8850000e+02		6.3081686e+02		6.1554017e+02		9.1969486e+02		7.2834582e+02		2.6690104e+02		4.6144479e+02
4.8900000e+02		4.9000000e+02		4.8950000e+02		6.1880396e+02		6.0391898e+02		9.0202986e+02		7.1432690e+02		2.6122795e+02		4.5309896e+02
4.9000000e+02		4.9100000e+02		4.9050000e+02		6.5907671e+02		6.4322898e+02		9.6094860e+02		7.6101011e+02		2.7867315e+02		4.8233696e+02
4.9100000e+02		4.9200000e+02		4.9150000e+02		6.2110374e+02		6.0625382e+02		9.0538060e+02		7.1697111e+02		2.6195992e+02		4.5501118e+02
4.9200000e+02		4.9300000e+02		4.9250000e+02		5.9112858e+02		5.7698441e+02		8.6204917e+02		6.8270057e+02		2.5012712e+02		4.3257345e+02
4.9300000e+02		4.9400000e+02		4.9350000e+02		6.2472140e+02		6.0982174e+02		9.1100984e+02		7.2146687e+02		2.6415521e+02		4.5731165e+02
4.9400000e+02		4.9500000e+02		4.9450000e+02		6.4279699e+02		6.2751743e+02		9.3733845e+02		7.4230871e+02		2.7159910e+02		4.7070961e+02
4.9500000e+02		4.9600000e+02		4.9550000e+02		6.3133158e+02		6.1629546e+02		9.2077513e+02		7.2921488e+02		2.6717024e+02		4.6204465e+02
4.9600000e+02		4.9700000e+02		4.9650000e+02		6.3921352e+02		6.2406393e+02		9.3214876e+02		7.3819996e+02		2.7004873e+02		4.6815122e+02
4.9700000e+02		4.9800000e+02		4.9750000e+02		6.5113923e+02		6.3574432e+02		9.4951595e+02		7.5194744e+02		2.7493952e+02		4.7700791e+02
4.9800000e+02		4.9900000e+02		4.9850000e+02		5.9175801e+02		5.7772073e+02		8.6307757e+02		6.8351972e+02		2.5032311e+02		4.3319661e+02
4.9900000e+02		5.0000000e+02		4.9950000e+02		6.3385792e+02		6.1876914e+02		9.2446588e+02		7.3214405e+02		2.6824792e+02		4.6389613e+02
