Left Bin Edge (nm)	Right Bin Edge (nm)	Bin Center (nm)		Top of Atm Intensity (erg/s/nm/cm2)		Total Surface Flux (erg/s/nm/cm2)		Total Intensity at BOA (erg/s/nm/cm2)		Total Surface Intensity (erg/s/nm/cm2)		Total Surface Diffuse Intensity (erg/s/nm/cm2)		Total Surface Direct Intensity (erg/s/nm/cm2)
1.0000000e+02		1.0100000e+02		1.0050000e+02		1.9189487e-02		0.0000000e+00		0.0000000e+00		0.0000000e+00		0.0000000e+00		0.0000000e+00
1.0100000e+02		1.0200000e+02		1.0150000e+02		7.4861701e-02		0.0000000e+00		0.0000000e+00		0.0000000e+00		0.0000000e+00		0.0000000e+00
1.0200000e+02		1.0300000e+02		1.0250000e+02		3.9734366e-01		0.0000000e+00		0.0000000e+00		0.0000000e+00		0.0000000e+00		0.0000000e+00
1.0300000e+02		1.0400000e+02		1.0350000e+02		3.0179545e-01		0.0000000e+00		0.0000000e+00		0.0000000e+00		0.0000000e+00		0.0000000e+00
1.0400000e+02		1.0500000e+02		1.0450000e+02		6.0815352e-02		0.0000000e+00		0.0000000e+00		0.0000000e+00		0.0000000e+00		0.0000000e+00
1.0500000e+02		1.0600000e+02		1.0550000e+02		2.0834600e-02		0.0000000e+00		0.0000000e+00		0.0000000e+00		0.0000000e+00		0.0000000e+00
1.0600000e+02		1.0700000e+02		1.0650000e+02		1.9584792e-02		0.0000000e+00		0.0000000e+00		0.0000000e+00		0.0000000e+00		0.0000000e+00
1.0700000e+02		1.0800000e+02		1.0750000e+02		2.1853879e-02		0.0000000e+00		0.0000000e+00		0.0000000e+00		0.0000000e+00		0.0000000e+00
1.0800000e+02		1.0900000e+02		1.0850000e+02		3.0634999e-02		0.0000000e+00		0.0000000e+00		0.0000000e+00		0.0000000e+00		0.0000000e+00
1.0900000e+02		1.1000000e+02		1.0950000e+02		2.4032561e-02		0.0000000e+00		0.0000000e+00		0.0000000e+00		0.0000000e+00		0.0000000e+00
1.1000000e+02		1.1100000e+02		1.1050000e+02		2.3268893e-02		0.0000000e+00		0.0000000e+00		0.0000000e+00		0.0000000e+00		0.0000000e+00
1.1100000e+02		1.1200000e+02		1.1150000e+02		2.1871272e-02		0.0000000e+00		0.0000000e+00		0.0000000e+00		0.0000000e+00		0.0000000e+00
1.1200000e+02		1.1300000e+02		1.1250000e+02		2.2375602e-02		0.0000000e+00		0.0000000e+00		0.0000000e+00		0.0000000e+00		0.0000000e+00
1.1300000e+02		1.1400000e+02		1.1350000e+02		1.7748133e-02		0.0000000e+00		0.0000000e+00		0.0000000e+00		0.0000000e+00		0.0000000e+00
1.1400000e+02		1.1500000e+02		1.1450000e+02		1.3589480e-02		0.0000000e+00		0.0000000e+00		0.0000000e+00		0.0000000e+00		0.0000000e+00
1.1500000e+02		1.1600000e+02		1.1550000e+02		1.8751615e-02		0.0000000e+00		0.0000000e+00		0.0000000e+00		0.0000000e+00		0.0000000e+00
1.1600000e+02		1.1700000e+02		1.1650000e+02		4.3674487e-02		0.0000000e+00		0.0000000e+00		0.0000000e+00		0.0000000e+00		0.0000000e+00
1.1700000e+02		1.1800000e+02		1.1750000e+02		1.5546757e-01		0.0000000e+00		0.0000000e+00		0.0000000e+00		0.0000000e+00		0.0000000e+00
1.1800000e+02		1.1900000e+02		1.1850000e+02		5.2889236e-02		0.0000000e+00		0.0000000e+00		0.0000000e+00		0.0000000e+00		0.0000000e+00
1.1900000e+02		1.2000000e+02		1.1950000e+02		7.3692884e-02		0.0000000e+00		0.0000000e+00		0.0000000e+00		0.0000000e+00		0.0000000e+00
1.2000000e+02		1.2100000e+02		1.2050000e+02		4.0066072e-01		0.0000000e+00		0.0000000e+00		0.0000000e+00		0.0000000e+00		0.0000000e+00
1.2100000e+02		1.2200000e+02		1.2150000e+02		1.5905289e+01		0.0000000e+00		0.0000000e+00		0.0000000e+00		0.0000000e+00		0.0000000e+00
1.2200000e+02		1.2300000e+02		1.2250000e+02		1.0666543e-01		0.0000000e+00		0.0000000e+00		0.0000000e+00		0.0000000e+00		0.0000000e+00
1.2300000e+02		1.2400000e+02		1.2350000e+02		5.7456553e-02		0.0000000e+00		0.0000000e+00		0.0000000e+00		0.0000000e+00		0.0000000e+00
1.2400000e+02		1.2500000e+02		1.2450000e+02		4.6184197e-02		0.0000000e+00		0.0000000e+00		0.0000000e+00		0.0000000e+00		0.0000000e+00
1.2500000e+02		1.2600000e+02		1.2550000e+02		4.5085118e-02		0.0000000e+00		0.0000000e+00		0.0000000e+00		0.0000000e+00		0.0000000e+00
1.2600000e+02		1.2700000e+02		1.2650000e+02		6.3054464e-02		0.0000000e+00		0.0000000e+00		0.0000000e+00		0.0000000e+00		0.0000000e+00
1.2700000e+02		1.2800000e+02		1.2750000e+02		3.3006429e-02		0.0000000e+00		0.0000000e+00		0.0000000e+00		0.0000000e+00		0.0000000e+00
1.2800000e+02		1.2900000e+02		1.2850000e+02		2.6335196e-02		0.0000000e+00		0.0000000e+00		0.0000000e+00		0.0000000e+00		0.0000000e+00
1.2900000e+02		1.3000000e+02		1.2950000e+02		3.5131240e-02		0.0000000e+00		0.0000000e+00		0.0000000e+00		0.0000000e+00		0.0000000e+00
1.3000000e+02		1.3100000e+02		1.3050000e+02		2.8850634e-01		0.0000000e+00		0.0000000e+00		0.0000000e+00		0.0000000e+00		0.0000000e+00
1.3100000e+02		1.3200000e+02		1.3150000e+02		3.9064855e-02		0.0000000e+00		0.0000000e+00		0.0000000e+00		0.0000000e+00		0.0000000e+00
1.3200000e+02		1.3300000e+02		1.3250000e+02		3.0374778e-02		0.0000000e+00		0.0000000e+00		0.0000000e+00		0.0000000e+00		0.0000000e+00
1.3300000e+02		1.3400000e+02		1.3350000e+02		4.1056606e-01		0.0000000e+00		0.0000000e+00		0.0000000e+00		0.0000000e+00		0.0000000e+00
1.3400000e+02		1.3500000e+02		1.3450000e+02		2.8092500e-02		0.0000000e+00		0.0000000e+00		0.0000000e+00		0.0000000e+00		0.0000000e+00
1.3500000e+02		1.3600000e+02		1.3550000e+02		5.8954708e-02		0.0000000e+00		0.0000000e+00		0.0000000e+00		0.0000000e+00		0.0000000e+00
1.3600000e+02		1.3700000e+02		1.3650000e+02		3.8690656e-02		0.0000000e+00		0.0000000e+00		0.0000000e+00		0.0000000e+00		0.0000000e+00
1.3700000e+02		1.3800000e+02		1.3750000e+02		3.9732879e-02		0.0000000e+00		0.0000000e+00		0.0000000e+00		0.0000000e+00		0.0000000e+00
1.3800000e+02		1.3900000e+02		1.3850000e+02		4.0549866e-02		0.0000000e+00		0.0000000e+00		0.0000000e+00		0.0000000e+00		0.0000000e+00
1.3900000e+02		1.4000000e+02		1.3950000e+02		1.3692187e-01		0.0000000e+00		0.0000000e+00		0.0000000e+00		0.0000000e+00		0.0000000e+00
1.4000000e+02		1.4100000e+02		1.4050000e+02		1.1939088e-01		0.0000000e+00		0.0000000e+00		0.0000000e+00		0.0000000e+00		0.0000000e+00
1.4100000e+02		1.4200000e+02		1.4150000e+02		5.7521948e-02		0.0000000e+00		0.0000000e+00		0.0000000e+00		0.0000000e+00		0.0000000e+00
1.4200000e+02		1.4300000e+02		1.4250000e+02		6.2343151e-02		0.0000000e+00		0.0000000e+00		0.0000000e+00		0.0000000e+00		0.0000000e+00
1.4300000e+02		1.4400000e+02		1.4350000e+02		6.9165895e-02		0.0000000e+00		0.0000000e+00		0.0000000e+00		0.0000000e+00		0.0000000e+00
1.4400000e+02		1.4500000e+02		1.4450000e+02		6.6149126e-02		0.0000000e+00		0.0000000e+00		0.0000000e+00		0.0000000e+00		0.0000000e+00
1.4500000e+02		1.4600000e+02		1.4550000e+02		7.0536262e-02		0.0000000e+00		0.0000000e+00		0.0000000e+00		0.0000000e+00		0.0000000e+00
1.4600000e+02		1.4700000e+02		1.4650000e+02		8.6012655e-02		0.0000000e+00		0.0000000e+00		0.0000000e+00		0.0000000e+00		0.0000000e+00
1.4700000e+02		1.4800000e+02		1.4750000e+02		1.0610345e-01		0.0000000e+00		0.0000000e+00		0.0000000e+00		0.0000000e+00		0.0000000e+00
1.4800000e+02		1.4900000e+02		1.4850000e+02		1.0405386e-01		0.0000000e+00		0.0000000e+00		0.0000000e+00		0.0000000e+00		0.0000000e+00
1.4900000e+02		1.5000000e+02		1.4950000e+02		9.4002421e-02		0.0000000e+00		0.0000000e+00		0.0000000e+00		0.0000000e+00		0.0000000e+00
1.5000000e+02		1.5100000e+02		1.5050000e+02		1.0343288e-01		0.0000000e+00		0.0000000e+00		0.0000000e+00		0.0000000e+00		0.0000000e+00
1.5100000e+02		1.5200000e+02		1.5150000e+02		1.0875212e-01		0.0000000e+00		0.0000000e+00		0.0000000e+00		0.0000000e+00		0.0000000e+00
1.5200000e+02		1.5300000e+02		1.5250000e+02		1.3876638e-01		0.0000000e+00		0.0000000e+00		0.0000000e+00		0.0000000e+00		0.0000000e+00
1.5300000e+02		1.5400000e+02		1.5350000e+02		1.5371418e-01		0.0000000e+00		0.0000000e+00		0.0000000e+00		0.0000000e+00		0.0000000e+00
1.5400000e+02		1.5500000e+02		1.5450000e+02		4.1112511e-01		0.0000000e+00		0.0000000e+00		0.0000000e+00		0.0000000e+00		0.0000000e+00
1.5500000e+02		1.5600000e+02		1.5550000e+02		3.3836363e-01		0.0000000e+00		0.0000000e+00		0.0000000e+00		0.0000000e+00		0.0000000e+00
1.5600000e+02		1.5700000e+02		1.5650000e+02		2.0084632e-01		0.0000000e+00		0.0000000e+00		0.0000000e+00		0.0000000e+00		0.0000000e+00
1.5700000e+02		1.5800000e+02		1.5750000e+02		1.8216796e-01		0.0000000e+00		0.0000000e+00		0.0000000e+00		0.0000000e+00		0.0000000e+00
1.5800000e+02		1.5900000e+02		1.5850000e+02		1.6795176e-01		0.0000000e+00		0.0000000e+00		0.0000000e+00		0.0000000e+00		0.0000000e+00
1.5900000e+02		1.6000000e+02		1.5950000e+02		1.6379377e-01		0.0000000e+00		0.0000000e+00		0.0000000e+00		0.0000000e+00		0.0000000e+00
1.6000000e+02		1.6100000e+02		1.6050000e+02		1.7926410e-01		0.0000000e+00		0.0000000e+00		0.0000000e+00		0.0000000e+00		0.0000000e+00
1.6100000e+02		1.6200000e+02		1.6150000e+02		2.0306941e-01		0.0000000e+00		0.0000000e+00		0.0000000e+00		0.0000000e+00		0.0000000e+00
1.6200000e+02		1.6300000e+02		1.6250000e+02		2.2492895e-01		0.0000000e+00		0.0000000e+00		0.0000000e+00		0.0000000e+00		0.0000000e+00
1.6300000e+02		1.6400000e+02		1.6350000e+02		4.7671727e-01		0.0000000e+00		0.0000000e+00		0.0000000e+00		0.0000000e+00		0.0000000e+00
1.6400000e+02		1.6500000e+02		1.6450000e+02		4.8753270e-01		0.0000000e+00		0.0000000e+00		0.0000000e+00		0.0000000e+00		0.0000000e+00
1.6500000e+02		1.6600000e+02		1.6550000e+02		5.7072689e-01		0.0000000e+00		0.0000000e+00		0.0000000e+00		0.0000000e+00		0.0000000e+00
1.6600000e+02		1.6700000e+02		1.6650000e+02		2.6919628e-01		0.0000000e+00		0.0000000e+00		0.0000000e+00		0.0000000e+00		0.0000000e+00
1.6700000e+02		1.6800000e+02		1.6750000e+02		2.8728373e-01		0.0000000e+00		0.0000000e+00		0.0000000e+00		0.0000000e+00		0.0000000e+00
1.6800000e+02		1.6900000e+02		1.6850000e+02		3.0958866e-01		0.0000000e+00		0.0000000e+00		0.0000000e+00		0.0000000e+00		0.0000000e+00
1.6900000e+02		1.7000000e+02		1.6950000e+02		3.8988989e-01		0.0000000e+00		0.0000000e+00		0.0000000e+00		0.0000000e+00		0.0000000e+00
1.7000000e+02		1.7100000e+02		1.7050000e+02		4.3752516e-01		0.0000000e+00		0.0000000e+00		0.0000000e+00		0.0000000e+00		0.0000000e+00
1.7100000e+02		1.7200000e+02		1.7150000e+02		4.3618394e-01		0.0000000e+00		0.0000000e+00		0.0000000e+00		0.0000000e+00		0.0000000e+00
1.7200000e+02		1.7300000e+02		1.7250000e+02		4.5514763e-01		0.0000000e+00		0.0000000e+00		0.0000000e+00		0.0000000e+00		0.0000000e+00
1.7300000e+02		1.7400000e+02		1.7350000e+02		4.5120572e-01		0.0000000e+00		0.0000000e+00		0.0000000e+00		0.0000000e+00		0.0000000e+00
1.7400000e+02		1.7500000e+02		1.7450000e+02		5.3951828e-01		0.0000000e+00		0.0000000e+00		0.0000000e+00		0.0000000e+00		0.0000000e+00
1.7500000e+02		1.7600000e+02		1.7550000e+02		6.4389120e-01		0.0000000e+00		0.0000000e+00		0.0000000e+00		0.0000000e+00		0.0000000e+00
1.7600000e+02		1.7700000e+02		1.7650000e+02		6.9472845e-01		0.0000000e+00		0.0000000e+00		0.0000000e+00		0.0000000e+00		0.0000000e+00
1.7700000e+02		1.7800000e+02		1.7750000e+02		8.1849614e-01		0.0000000e+00		0.0000000e+00		0.0000000e+00		0.0000000e+00		0.0000000e+00
1.7800000e+02		1.7900000e+02		1.7850000e+02		8.9455089e-01		0.0000000e+00		0.0000000e+00		0.0000000e+00		0.0000000e+00		0.0000000e+00
1.7900000e+02		1.8000000e+02		1.7950000e+02		8.6966614e-01		0.0000000e+00		0.0000000e+00		0.0000000e+00		0.0000000e+00		0.0000000e+00
1.8000000e+02		1.8100000e+02		1.8050000e+02		1.0753674e+00		0.0000000e+00		0.0000000e+00		0.0000000e+00		0.0000000e+00		0.0000000e+00
1.8100000e+02		1.8200000e+02		1.8150000e+02		1.3093431e+00		0.0000000e+00		0.0000000e+00		0.0000000e+00		0.0000000e+00		0.0000000e+00
1.8200000e+02		1.8300000e+02		1.8250000e+02		1.2087370e+00		0.0000000e+00		0.0000000e+00		0.0000000e+00		0.0000000e+00		0.0000000e+00
1.8300000e+02		1.8400000e+02		1.8350000e+02		1.2728289e+00		0.0000000e+00		0.0000000e+00		0.0000000e+00		0.0000000e+00		0.0000000e+00
1.8400000e+02		1.8500000e+02		1.8450000e+02		1.0940339e+00		0.0000000e+00		0.0000000e+00		0.0000000e+00		0.0000000e+00		0.0000000e+00
1.8500000e+02		1.8600000e+02		1.8550000e+02		1.2372281e+00		0.0000000e+00		0.0000000e+00		0.0000000e+00		0.0000000e+00		0.0000000e+00
1.8600000e+02		1.8700000e+02		1.8650000e+02		1.4037992e+00		0.0000000e+00		0.0000000e+00		0.0000000e+00		0.0000000e+00		0.0000000e+00
1.8700000e+02		1.8800000e+02		1.8750000e+02		1.5907538e+00		0.0000000e+00		0.0000000e+00		0.0000000e+00		0.0000000e+00		0.0000000e+00
1.8800000e+02		1.8900000e+02		1.8850000e+02		1.6735993e+00		0.0000000e+00		0.0000000e+00		0.0000000e+00		0.0000000e+00		0.0000000e+00
1.8900000e+02		1.9000000e+02		1.8950000e+02		1.8559600e+00		0.0000000e+00		0.0000000e+00		0.0000000e+00		0.0000000e+00		0.0000000e+00
1.9000000e+02		1.9100000e+02		1.9050000e+02		1.9109940e+00		0.0000000e+00		0.0000000e+00		0.0000000e+00		0.0000000e+00		0.0000000e+00
1.9100000e+02		1.9200000e+02		1.9150000e+02		2.0707336e+00		0.0000000e+00		0.0000000e+00		0.0000000e+00		0.0000000e+00		0.0000000e+00
1.9200000e+02		1.9300000e+02		1.9250000e+02		2.1685186e+00		0.0000000e+00		0.0000000e+00		0.0000000e+00		0.0000000e+00		0.0000000e+00
1.9300000e+02		1.9400000e+02		1.9350000e+02		1.6554009e+00		0.0000000e+00		0.0000000e+00		0.0000000e+00		0.0000000e+00		0.0000000e+00
1.9400000e+02		1.9500000e+02		1.9450000e+02		2.6556632e+00		0.0000000e+00		0.0000000e+00		0.0000000e+00		0.0000000e+00		0.0000000e+00
1.9500000e+02		1.9600000e+02		1.9550000e+02		2.5630279e+00		0.0000000e+00		0.0000000e+00		0.0000000e+00		0.0000000e+00		0.0000000e+00
1.9600000e+02		1.9700000e+02		1.9650000e+02		2.8204934e+00		0.0000000e+00		0.0000000e+00		0.0000000e+00		0.0000000e+00		0.0000000e+00
1.9700000e+02		1.9800000e+02		1.9750000e+02		2.8068384e+00		0.0000000e+00		0.0000000e+00		0.0000000e+00		0.0000000e+00		0.0000000e+00
1.9800000e+02		1.9900000e+02		1.9850000e+02		2.7505577e+00		0.0000000e+00		0.0000000e+00		0.0000000e+00		0.0000000e+00		0.0000000e+00
1.9900000e+02		2.0000000e+02		1.9950000e+02		2.8965557e+00		0.0000000e+00		0.0000000e+00		0.0000000e+00		0.0000000e+00		0.0000000e+00
2.0000000e+02		2.0100000e+02		2.0050000e+02		3.0623388e+00		0.0000000e+00		0.0000000e+00		0.0000000e+00		0.0000000e+00		0.0000000e+00
2.0100000e+02		2.0200000e+02		2.0150000e+02		3.2593670e+00		0.0000000e+00		0.0000000e+00		0.0000000e+00		0.0000000e+00		0.0000000e+00
2.0200000e+02		2.0300000e+02		2.0250000e+02		3.2217937e+00		0.0000000e+00		0.0000000e+00		0.0000000e+00		0.0000000e+00		0.0000000e+00
2.0300000e+02		2.0400000e+02		2.0350000e+02		3.4484145e+00		0.0000000e+00		0.0000000e+00		0.0000000e+00		0.0000000e+00		0.0000000e+00
2.0400000e+02		2.0500000e+02		2.0450000e+02		3.7117169e+00		0.0000000e+00		0.0000000e+00		0.0000000e+00		0.0000000e+00		0.0000000e+00
2.0500000e+02		2.0600000e+02		2.0550000e+02		3.7200399e+00		0.0000000e+00		0.0000000e+00		0.0000000e+00		0.0000000e+00		0.0000000e+00
2.0600000e+02		2.0700000e+02		2.0650000e+02		3.7247532e+00		0.0000000e+00		0.0000000e+00		0.0000000e+00		0.0000000e+00		0.0000000e+00
2.0700000e+02		2.0800000e+02		2.0750000e+02		4.0454145e+00		0.0000000e+00		0.0000000e+00		0.0000000e+00		0.0000000e+00		0.0000000e+00
2.0800000e+02		2.0900000e+02		2.0850000e+02		4.3759554e+00		0.0000000e+00		0.0000000e+00		0.0000000e+00		0.0000000e+00		0.0000000e+00
2.0900000e+02		2.1000000e+02		2.0950000e+02		5.6528678e+00		0.0000000e+00		0.0000000e+00		0.0000000e+00		0.0000000e+00		0.0000000e+00
2.1000000e+02		2.1100000e+02		2.1050000e+02		6.9678423e+00		0.0000000e+00		0.0000000e+00		0.0000000e+00		0.0000000e+00		0.0000000e+00
2.1100000e+02		2.1200000e+02		2.1150000e+02		7.9326445e+00		0.0000000e+00		0.0000000e+00		0.0000000e+00		0.0000000e+00		0.0000000e+00
2.1200000e+02		2.1300000e+02		2.1250000e+02		7.0734222e+00		0.0000000e+00		0.0000000e+00		0.0000000e+00		0.0000000e+00		0.0000000e+00
2.1300000e+02		2.1400000e+02		2.1350000e+02		7.2066449e+00		0.0000000e+00		0.0000000e+00		0.0000000e+00		0.0000000e+00		0.0000000e+00
2.1400000e+02		2.1500000e+02		2.1450000e+02		9.2279181e+00		0.0000000e+00		0.0000000e+00		0.0000000e+00		0.0000000e+00		0.0000000e+00
2.1500000e+02		2.1600000e+02		2.1550000e+02		7.9257408e+00		0.0000000e+00		0.0000000e+00		0.0000000e+00		0.0000000e+00		0.0000000e+00
2.1600000e+02		2.1700000e+02		2.1650000e+02		7.3353469e+00		0.0000000e+00		0.0000000e+00		0.0000000e+00		0.0000000e+00		0.0000000e+00
2.1700000e+02		2.1800000e+02		2.1750000e+02		7.5953881e+00		0.0000000e+00		0.0000000e+00		0.0000000e+00		0.0000000e+00		0.0000000e+00
2.1800000e+02		2.1900000e+02		2.1850000e+02		1.0217230e+01		0.0000000e+00		0.0000000e+00		0.0000000e+00		0.0000000e+00		0.0000000e+00
2.1900000e+02		2.2000000e+02		2.1950000e+02		1.0786519e+01		0.0000000e+00		0.0000000e+00		0.0000000e+00		0.0000000e+00		0.0000000e+00
2.2000000e+02		2.2100000e+02		2.2050000e+02		1.0851638e+01		0.0000000e+00		0.0000000e+00		0.0000000e+00		0.0000000e+00		0.0000000e+00
2.2100000e+02		2.2200000e+02		2.2150000e+02		8.6872371e+00		2.2658632e-295		0.0000000e+00		2.2665979e-295		1.7383533e-298		2.2648595e-295
2.2200000e+02		2.2300000e+02		2.2250000e+02		1.1691346e+01		0.0000000e+00		0.0000000e+00		0.0000000e+00		0.0000000e+00		0.0000000e+00
2.2300000e+02		2.2400000e+02		2.2350000e+02		1.5139682e+01		1.3571813e-165		0.0000000e+00		1.3579642e-165		1.8521496e-168		1.3561120e-165
2.2400000e+02		2.2500000e+02		2.2450000e+02		1.4154944e+01		5.6260043e-253		0.0000000e+00		5.6280247e-253		4.7802992e-256		5.6232444e-253
2.2500000e+02		2.2600000e+02		2.2550000e+02		1.2365614e+01		1.8470025e-167		0.0000000e+00		1.8480143e-167		2.3940360e-170		1.8456203e-167
2.2600000e+02		2.2700000e+02		2.2650000e+02		9.0577089e+00		3.6781461e-157		0.0000000e+00		3.6802657e-157		5.0148876e-160		3.6752508e-157
2.2700000e+02		2.2800000e+02		2.2750000e+02		8.8108381e+00		8.1492631e-131		0.0000000e+00		8.1549043e-131		1.3347181e-133		8.1415572e-131
2.2800000e+02		2.2900000e+02		2.2850000e+02		1.2275156e+01		2.3492921e-62		1.9356607e-60		2.3531178e-62		9.0516232e-65		2.3440662e-62
2.2900000e+02		2.3000000e+02		2.2950000e+02		1.1031259e+01		1.0911463e-35		1.0777911e-34		1.1092994e-35		4.2950646e-37		1.0663487e-35
2.3000000e+02		2.3100000e+02		2.3050000e+02		1.2510180e+01		1.7343052e-43		2.7522584e-42		1.7387281e-43		1.0464737e-45		1.7282633e-43
2.3100000e+02		2.3200000e+02		2.3150000e+02		1.1791833e+01		2.5775949e-31		6.9642942e-30		4.0591163e-31		3.5053173e-31		5.5379904e-32
2.3200000e+02		2.3300000e+02		2.3250000e+02		1.2664003e+01		6.3386940e-22		8.3522914e-21		1.0978651e-21		1.0978255e-21		3.9530131e-26
2.3300000e+02		2.3400000e+02		2.3350000e+02		1.1428554e+01		6.4170801e-12		3.3683127e-11		1.1114709e-11		1.1114709e-11		4.2968894e-20
2.3400000e+02		2.3500000e+02		2.3450000e+02		9.9864853e+00		4.6437922e-11		2.2437675e-10		8.0432840e-11		8.0432840e-11		1.3589964e-19
2.3500000e+02		2.3600000e+02		2.3550000e+02		1.3443360e+01		1.3661032e-13		8.3981823e-13		2.3661602e-13		2.3661601e-13		4.5098158e-21
2.3600000e+02		2.3700000e+02		2.3650000e+02		1.2448020e+01		5.9262494e-12		3.1314161e-11		1.0264565e-11		1.0264565e-11		4.6640019e-20
2.3700000e+02		2.3800000e+02		2.3750000e+02		1.3294723e+01		5.3071430e-12		2.8241478e-11		9.1922413e-12		9.1922413e-12		4.7540670e-20
2.3800000e+02		2.3900000e+02		2.3850000e+02		1.1021422e+01		3.6517189e-13		2.1437453e-12		6.3249626e-13		6.3249625e-13		9.3101999e-21
2.3900000e+02		2.4000000e+02		2.3950000e+02		1.2008577e+01		1.3921153e-14		9.3327174e-14		2.4112144e-14		2.4112142e-14		1.3910484e-21
2.4000000e+02		2.4100000e+02		2.4050000e+02		1.1032163e+01		2.0761247e-15		1.4958039e-14		3.5959532e-15		3.5959528e-15		4.1604409e-22
2.4100000e+02		2.4200000e+02		2.4150000e+02		1.2918879e+01		1.7144778e-15		1.2526681e-14		2.9695623e-15		2.9695619e-15		4.1280631e-22
2.4200000e+02		2.4300000e+02		2.4250000e+02		1.7782729e+01		1.3622883e-15		1.0174045e-14		2.3595522e-15		2.3595518e-15		4.1971300e-22
2.4300000e+02		2.4400000e+02		2.4350000e+02		1.6701989e+01		5.2665584e-18		4.8960516e-17		9.1219361e-18		9.1219214e-18		1.4667995e-23
2.4400000e+02		2.4500000e+02		2.4450000e+02		1.5641720e+01		1.9455937e-26		3.9157902e-25		3.3618472e-26		3.3508916e-26		1.0955530e-28
2.4500000e+02		2.4600000e+02		2.4550000e+02		1.2691134e+01		8.6317704e-36		7.7818504e-35		8.6931600e-36		1.4524944e-37		8.5479106e-36
2.4600000e+02		2.4700000e+02		2.4650000e+02		1.2350906e+01		9.6134616e-34		1.2099843e-32		1.0281159e-33		1.5797892e-34		8.7013699e-34
2.4700000e+02		2.4800000e+02		2.4750000e+02		1.3639226e+01		4.6000852e-35		4.2696716e-34		4.6610892e-35		1.4433711e-36		4.5167521e-35
2.4800000e+02		2.4900000e+02		2.4850000e+02		1.0938846e+01		6.4504117e-37		5.9840074e-36		6.4710736e-37		4.8886401e-39		6.4221872e-37
2.4900000e+02		2.5000000e+02		2.4950000e+02		1.3333262e+01		7.3840902e-40		8.7576811e-39		7.3990956e-40		3.5503131e-42		7.3635925e-40
2.5000000e+02		2.5100000e+02		2.5050000e+02		1.4401571e+01		2.5377108e-49		6.9172314e-48		2.5414269e-49		8.7923833e-52		2.5326345e-49
2.5100000e+02		2.5200000e+02		2.5150000e+02		1.2007424e+01		2.5790362e-56		1.2890500e-54		2.5821515e-56		7.3707527e-59		2.5747807e-56
2.5200000e+02		2.5300000e+02		2.5250000e+02		1.0794009e+01		2.0626710e-53		7.9662793e-52		2.0652991e-53		6.2182247e-56		2.0590809e-53
2.5300000e+02		2.5400000e+02		2.5350000e+02		1.3602371e+01		1.3284973e-59		8.9111451e-58		1.3299353e-59		3.4024240e-62		1.3265329e-59
2.5400000e+02		2.5500000e+02		2.5450000e+02		1.5384114e+01		7.4750699e-70		1.2353739e-67		7.4815810e-70		1.5405421e-72		7.4661756e-70
2.5500000e+02		2.5600000e+02		2.5550000e+02		2.0992062e+01		7.2463938e-82		3.4737506e-79		7.2515042e-82		1.2091371e-84		7.2394128e-82
2.5600000e+02		2.5700000e+02		2.5650000e+02		2.7040612e+01		4.0940121e-69		6.5036813e-67		4.0974861e-69		8.2194342e-72		4.0892666e-69
2.5700000e+02		2.5800000e+02		2.5750000e+02		3.3946512e+01		2.0344629e-87		1.6199067e-84		2.0357422e-87		3.0269098e-90		2.0327153e-87
2.5800000e+02		2.5900000e+02		2.5850000e+02		3.5732434e+01		1.6030563e-85		1.0822045e-82		1.6040732e-85		2.4057940e-88		1.6016674e-85
2.5900000e+02		2.6000000e+02		2.5950000e+02		3.0409976e+01		2.3153451e-98		4.7896820e-95		2.3165736e-98		2.9067466e-101		2.3136669e-98
2.6000000e+02		2.6100000e+02		2.6050000e+02		2.4915606e+01		3.3730909e-105		0.0000000e+00		3.3747221e-105		3.8595589e-108		3.3708626e-105
2.6100000e+02		2.6200000e+02		2.6150000e+02		2.5442742e+01		3.2394713e-118		0.0000000e+00		3.2408219e-118		3.1955895e-121		3.2376263e-118
2.6200000e+02		2.6300000e+02		2.6250000e+02		3.0366547e+01		2.7009246e-118		0.0000000e+00		2.7020304e-118		2.6165170e-121		2.6994139e-118
2.6300000e+02		2.6400000e+02		2.6350000e+02		4.5700096e+01		9.2871973e-115		0.0000000e+00		9.2910599e-115		9.1388722e-118		9.2819210e-115
2.6400000e+02		2.6500000e+02		2.6450000e+02		7.1249372e+01		1.0970580e-136		0.0000000e+00		1.0974270e-136		8.7299469e-140		1.0965540e-136
2.6500000e+02		2.6600000e+02		2.6550000e+02		7.4731454e+01		6.8026017e-143		0.0000000e+00		6.8047452e-143		5.0716244e-146		6.7996736e-143
2.6600000e+02		2.6700000e+02		2.6650000e+02		7.2446611e+01		8.4392538e-154		0.0000000e+00		8.4416682e-154		5.7125343e-157		8.4359557e-154
2.6700000e+02		2.6800000e+02		2.6750000e+02		7.2937204e+01		9.2213982e-160		0.0000000e+00		9.2238892e-160		5.8936308e-163		9.2179956e-160
2.6800000e+02		2.6900000e+02		2.6850000e+02		7.2239021e+01		1.9609645e-172		0.0000000e+00		1.9614445e-172		1.1356933e-175		1.9603088e-172
2.6900000e+02		2.7000000e+02		2.6950000e+02		6.7758000e+01		1.3880853e-169		0.0000000e+00		1.3884257e-169		8.0538063e-173		1.3876204e-169
2.7000000e+02		2.7100000e+02		2.7050000e+02		7.8281462e+01		8.6305147e-191		0.0000000e+00		8.6323493e-191		4.3406564e-194		8.6280086e-191
2.7100000e+02		2.7200000e+02		2.7150000e+02		6.5051220e+01		4.0099683e-203		0.0000000e+00		4.0107535e-203		1.8577740e-206		4.0088957e-203
2.7200000e+02		2.7300000e+02		2.7250000e+02		5.2331568e+01		2.1835698e-219		0.0000000e+00		2.1839577e-219		9.1779091e-223		2.1830399e-219
2.7300000e+02		2.7400000e+02		2.7350000e+02		5.5800645e+01		1.0725901e-245		0.0000000e+00		1.0727565e-245		3.9368499e-249		1.0723629e-245
2.7400000e+02		2.7500000e+02		2.7450000e+02		3.8398649e+01		4.9748713e-213		0.0000000e+00		4.9757553e-213		2.0915802e-216		4.9736637e-213
2.7500000e+02		2.7600000e+02		2.7550000e+02		5.1208696e+01		2.6431216e-246		0.0000000e+00		2.6435179e-246		9.3781367e-250		2.6425801e-246
2.7600000e+02		2.7700000e+02		2.7650000e+02		7.1318275e+01		1.2023672e-238		0.0000000e+00		1.2025506e-238		4.3389560e-242		1.2021167e-238
2.7700000e+02		2.7800000e+02		2.7750000e+02		6.8188493e+01		4.5471769e-259		0.0000000e+00		4.5478034e-259		1.4822607e-262		4.5463211e-259
2.7800000e+02		2.7900000e+02		2.7850000e+02		4.7024496e+01		1.7502347e-257		0.0000000e+00		1.7504738e-257		5.6575598e-261		1.7499080e-257
2.7900000e+02		2.8000000e+02		2.7950000e+02		2.6422560e+01		1.3597017e-276		0.0000000e+00		1.3598715e-276		4.0184162e-280		1.3594697e-276
2.8000000e+02		2.8100000e+02		2.8050000e+02		2.8982131e+01		1.9547096e-277		0.0000000e+00		1.9549493e-277		5.6694629e-281		1.9543823e-277
2.8100000e+02		2.8200000e+02		2.8150000e+02		6.0033324e+01		1.4122150e-317		0.0000000e+00		1.4123627e-317		3.4979848e-321		1.4120129e-317
2.8200000e+02		2.8300000e+02		2.8250000e+02		8.1733762e+01		3.5038129e-256		0.0000000e+00		3.5042649e-256		1.0695627e-259		3.5031954e-256
2.8300000e+02		2.8400000e+02		2.8350000e+02		8.4433091e+01		3.9314971e-302		0.0000000e+00		3.9319175e-302		9.9470614e-306		3.9309228e-302
2.8400000e+02		2.8500000e+02		2.8450000e+02		6.2255376e+01		3.1886801e-289		0.0000000e+00		3.1890318e-289		8.3211725e-293		3.1881997e-289
2.8500000e+02		2.8600000e+02		2.8550000e+02		4.0018063e+01		8.8916109e-316		0.0000000e+00		8.8924930e-316		2.0869827e-319		8.8904060e-316
2.8600000e+02		2.8700000e+02		2.8650000e+02		8.2001717e+01		2.9420647e-293		0.0000000e+00		2.9423749e-293		7.3395065e-297		2.9416410e-293
2.8700000e+02		2.8800000e+02		2.8750000e+02		9.5189148e+01		7.0118168e-307		0.0000000e+00		7.0125114e-307		1.6433738e-310		7.0108680e-307
2.8800000e+02		2.8900000e+02		2.8850000e+02		9.0460934e+01		2.0710466e-298		0.0000000e+00		2.0712547e-298		4.9236354e-302		2.0707623e-298
2.8900000e+02		2.9000000e+02		2.8950000e+02		1.3728321e+02		2.2231970e-270		0.0000000e+00		2.2234409e-270		5.7689715e-274		2.2228640e-270
2.9000000e+02		2.9100000e+02		2.9050000e+02		1.8023325e+02		8.8240989e-307		0.0000000e+00		8.8249344e-307		1.9768698e-310		8.8229575e-307
2.9100000e+02		2.9200000e+02		2.9150000e+02		1.7359450e+02		3.6519923e-247		0.0000000e+00		3.6524193e-247		1.0102854e-250		3.6514090e-247
2.9200000e+02		2.9300000e+02		2.9250000e+02		1.5421676e+02		7.8032072e-313		0.0000000e+00		7.8039103e-313		1.6636044e-316		7.8022467e-313
2.9300000e+02		2.9400000e+02		2.9350000e+02		1.6099986e+02		1.4126582e-250		0.0000000e+00		1.4128164e-250		3.7413477e-254		1.4124422e-250
2.9400000e+02		2.9500000e+02		2.9450000e+02		1.4991794e+02		4.6139267e-275		0.0000000e+00		4.6143884e-275		1.0924760e-278		4.6132960e-275
2.9500000e+02		2.9600000e+02		2.9550000e+02		1.6232431e+02		5.3665132e-208		0.0000000e+00		5.3672233e-208		1.6800290e-211		5.3655433e-208
2.9600000e+02		2.9700000e+02		2.9650000e+02		1.4851381e+02		2.9847490e-280		0.0000000e+00		2.9850336e-280		6.7331069e-284		2.9843603e-280
2.9700000e+02		2.9800000e+02		2.9750000e+02		1.5140866e+02		1.1390387e-210		0.0000000e+00		1.1391831e-210		3.4180874e-214		1.1388413e-210
2.9800000e+02		2.9900000e+02		2.9850000e+02		1.3012850e+02		1.3662102e-276		0.0000000e+00		1.3663385e-276		3.0369061e-280		1.3660348e-276
2.9900000e+02		3.0000000e+02		2.9950000e+02		1.4682541e+02		2.0763243e-189		0.0000000e+00		2.0766108e-189		6.7790601e-193		2.0759329e-189
3.0000000e+02		3.0100000e+02		3.0050000e+02		1.1681452e+02		1.2274042e-242		0.0000000e+00		1.2275328e-242		3.0420248e-246		1.2272286e-242
3.0100000e+02		3.0200000e+02		3.0150000e+02		1.3434477e+02		1.9121540e-126		0.0000000e+00		1.9125514e-126		9.4011009e-130		1.9116113e-126
3.0200000e+02		3.0300000e+02		3.0250000e+02		1.4142283e+02		6.3780244e-221		0.0000000e+00		6.3787409e-221		1.6953622e-224		6.3770455e-221
3.0300000e+02		3.0400000e+02		3.0350000e+02		1.8342160e+02		1.1670118e-101		0.0000000e+00		1.1673120e-101		7.1035461e-105		1.1666017e-101
3.0400000e+02		3.0500000e+02		3.0450000e+02		1.7556728e+02		9.1064436e-195		0.0000000e+00		9.1075799e-195		2.6883454e-198		9.1048915e-195
3.0500000e+02		3.0600000e+02		3.0550000e+02		1.7728071e+02		3.5635125e-83		2.1422769e-80		3.5646342e-83		2.6540382e-86		3.5619802e-83
3.0600000e+02		3.0700000e+02		3.0650000e+02		1.6814926e+02		1.8833252e-176		0.0000000e+00		1.8835792e-176		6.0079701e-180		1.8829784e-176
3.0700000e+02		3.0800000e+02		3.0750000e+02		1.8878816e+02		3.9046795e-85		2.7946637e-82		3.9058426e-85		2.7518952e-88		3.9030907e-85
3.0800000e+02		3.0900000e+02		3.0850000e+02		1.8529086e+02		8.7927972e-132		0.0000000e+00		8.7943781e-132		3.7404028e-135		8.7906377e-132
3.0900000e+02		3.1000000e+02		3.0950000e+02		1.5026991e+02		1.4739708e-80		6.9986644e-78		1.4744270e-80		1.0792952e-83		1.4733477e-80
3.1000000e+02		3.1100000e+02		3.1050000e+02		1.8913229e+02		8.6536376e-99		2.0486147e-95		8.6557237e-99		4.9357339e-102		8.6507879e-99
3.1100000e+02		3.1200000e+02		3.1150000e+02		2.2495083e+02		1.8194162e-70		3.6361087e-68		1.8200559e-70		1.5133482e-73		1.8185425e-70
3.1200000e+02		3.1300000e+02		3.1250000e+02		2.0030306e+02		1.2198945e-62		1.2241286e-60		1.2203827e-62		1.1549446e-65		1.2192277e-62
3.1300000e+02		3.1400000e+02		3.1350000e+02		2.1331645e+02		2.3587183e-68		3.9100950e-66		2.3595555e-68		1.9809795e-71		2.3575746e-68
3.1400000e+02		3.1500000e+02		3.1450000e+02		2.0119548e+02		1.0012535e-44		2.0958279e-43		1.0018535e-44		1.4194247e-47		1.0004340e-44
3.1500000e+02		3.1600000e+02		3.1550000e+02		1.9522773e+02		6.3441241e-54		2.9664793e-52		6.3470628e-54		6.9532154e-57		6.3401096e-54
3.1600000e+02		3.1700000e+02		3.1650000e+02		1.9043254e+02		5.4903242e-40		7.5771400e-39		5.4940630e-40		8.8461586e-43		5.4852168e-40
3.1700000e+02		3.1800000e+02		3.1750000e+02		2.4155434e+02		9.8598463e-41		1.4683140e-39		9.8662733e-41		1.5206249e-43		9.8510670e-41
3.1800000e+02		3.1900000e+02		3.1850000e+02		1.9952276e+02		3.0004533e-34		2.5706690e-33		3.0062604e-34		1.3739638e-36		2.9925207e-34
3.1900000e+02		3.2000000e+02		3.1950000e+02		2.1430874e+02		1.6773817e-29		3.2514989e-28		2.2501064e-29		1.3550812e-29		8.9502519e-30
3.2000000e+02		3.2100000e+02		3.2050000e+02		2.4621307e+02		2.5859442e-22		3.9999298e-21		4.4762670e-22		4.4725516e-22		3.7153567e-25
3.2100000e+02		3.2200000e+02		3.2150000e+02		2.0677326e+02		4.2570542e-18		4.4324339e-17		7.3733418e-18		7.3732156e-18		1.2622757e-22
3.2200000e+02		3.2300000e+02		3.2250000e+02		2.0765168e+02		2.8552800e-15		2.2923908e-14		4.9454851e-15		4.9454784e-15		6.7247934e-21
3.2300000e+02		3.2400000e+02		3.2350000e+02		2.0066974e+02		2.2068758e-07		8.6460686e-07		3.8224210e-07		3.8224210e-07		3.8162766e-16
3.2400000e+02		3.2500000e+02		3.2450000e+02		2.3629853e+02		1.6118868e-07		6.4320058e-07		2.7918698e-07		2.7918698e-07		3.3145641e-16
3.2500000e+02		3.2600000e+02		3.2550000e+02		2.7209498e+02		2.1774396e-05		7.2464917e-05		3.7714361e-05		3.7714361e-05		6.3155850e-15
3.2600000e+02		3.2700000e+02		3.2650000e+02		3.0699214e+02		5.7782701e-03		1.5780421e-02		1.0008257e-02		1.0008257e-02		1.9928484e-13
3.2700000e+02		3.2800000e+02		3.2750000e+02		2.9701525e+02		9.0867322e-03		2.4402270e-02		1.5738682e-02		1.5738682e-02		2.5732104e-13
3.2800000e+02		3.2900000e+02		3.2850000e+02		2.8673370e+02		1.6248470e-01		3.9607894e-01		2.8143176e-01		2.8143176e-01		1.3991094e-12
3.2900000e+02		3.3000000e+02		3.2950000e+02		3.3379807e+02		4.2052515e-01		9.9980689e-01		7.2837092e-01		7.2837092e-01		2.7877135e-12
3.3000000e+02		3.3100000e+02		3.3050000e+02		3.1443449e+02		1.2948748e+00		2.9703773e+00		2.2427889e+00		2.2427889e+00		5.0786888e-12
3.3100000e+02		3.3200000e+02		3.3150000e+02		3.0087994e+02		4.2316663e+00		9.3754566e+00		7.3294610e+00		7.3294610e+00		1.0439402e-11
3.3200000e+02		3.3300000e+02		3.3250000e+02		2.9519831e+02		3.5872946e+00		7.9790405e+00		6.2133765e+00		6.2133765e+00		8.9981102e-12
3.3300000e+02		3.3400000e+02		3.3350000e+02		2.8364288e+02		7.1409330e+00		1.5579000e+01		1.2368459e+01		1.2368459e+01		1.4197481e-11
3.3400000e+02		3.3500000e+02		3.3450000e+02		2.9883003e+02		8.2614032e+00		1.7979824e+01		1.4309170e+01		1.4309170e+01		1.5541678e-11
3.3500000e+02		3.3600000e+02		3.3550000e+02		2.9511053e+02		9.2871238e+00		2.0145558e+01		1.6085770e+01		1.6085770e+01		1.6135795e-11
3.3600000e+02		3.3700000e+02		3.3650000e+02		2.4313126e+02		7.5579959e+00		1.6399469e+01		1.3090833e+01		1.3090833e+01		1.3386290e-11
3.3700000e+02		3.3800000e+02		3.3750000e+02		2.5649874e+02		8.1646002e+00		1.7704242e+01		1.4141502e+01		1.4141502e+01		1.3816062e-11
3.3800000e+02		3.3900000e+02		3.3850000e+02		2.7748673e+02		1.0481785e+01		2.2633093e+01		1.8154984e+01		1.8154984e+01		1.6328206e-11
3.3900000e+02		3.4000000e+02		3.3950000e+02		2.9040264e+02		2.1363630e+01		4.5445643e+01		3.7002892e+01		3.7002892e+01		2.5337762e-11
3.4000000e+02		3.4100000e+02		3.4050000e+02		3.0654056e+02		2.4471649e+01		5.1968082e+01		4.2386139e+01		4.2386139e+01		2.6460906e-11
3.4100000e+02		3.4200000e+02		3.4150000e+02		2.7979685e+02		2.4782806e+01		5.2520079e+01		4.2925079e+01		4.2925079e+01		2.4959209e-11
3.4200000e+02		3.4300000e+02		3.4250000e+02		3.0344565e+02		2.7012944e+01		5.7243072e+01		4.6787791e+01		4.6787791e+01		3.0185658e-11
3.4300000e+02		3.4400000e+02		3.4350000e+02		2.9822260e+02		2.7606636e+01		5.8456336e+01		4.7816097e+01		4.7816097e+01		3.0605732e-11
3.4400000e+02		3.4500000e+02		3.4450000e+02		2.3986676e+02		2.1285433e+01		4.5105920e+01		3.6867451e+01		3.6867451e+01		2.3860116e-11
3.4500000e+02		3.4600000e+02		3.4550000e+02		2.8907088e+02		2.6903322e+01		5.6956707e+01		4.6597921e+01		4.6597921e+01		2.8644319e-11
3.4600000e+02		3.4700000e+02		3.4650000e+02		2.8069735e+02		2.6663321e+01		5.6427442e+01		4.6182226e+01		4.6182226e+01		2.9712154e-11
3.4700000e+02		3.4800000e+02		3.4750000e+02		2.7782009e+02		2.4317830e+01		5.1540458e+01		4.2119717e+01		4.2119717e+01		2.6915135e-11
3.4800000e+02		3.4900000e+02		3.4850000e+02		2.8744416e+02		2.6967328e+01		5.7080095e+01		4.6708782e+01		4.6708782e+01		2.9661416e-11
3.4900000e+02		3.5000000e+02		3.4950000e+02		2.7550877e+02		2.5333791e+01		5.3640608e+01		4.3879412e+01		4.3879412e+01		2.7606601e-11
3.5000000e+02		3.5100000e+02		3.5050000e+02		3.3002358e+02		3.0160567e+01		6.3865654e+01		5.2239635e+01		5.2239635e+01		3.2401959e-11
3.5100000e+02		3.5200000e+02		3.5150000e+02		3.0660572e+02		2.9425389e+01		6.2253416e+01		5.0966268e+01		5.0966268e+01		3.3459275e-11
3.5200000e+02		3.5300000e+02		3.5250000e+02		2.8324198e+02		2.9363641e+01		6.2031267e+01		5.0859318e+01		5.0859318e+01		3.0235761e-11
3.5300000e+02		3.5400000e+02		3.5350000e+02		3.2405327e+02		2.9071603e+01		6.1576818e+01		5.0353494e+01		5.0353494e+01		3.1505927e-11
3.5400000e+02		3.5500000e+02		3.5450000e+02		3.4586270e+02		3.1193908e+01		6.6066086e+01		5.4029433e+01		5.4029433e+01		3.5681727e-11
3.5500000e+02		3.5600000e+02		3.5550000e+02		3.2478382e+02		3.2794760e+01		6.9307989e+01		5.6802190e+01		5.6802190e+01		3.4743909e-11
3.5600000e+02		3.5700000e+02		3.5650000e+02		2.8234357e+02		2.9082090e+01		6.1432330e+01		5.0371657e+01		5.0371657e+01		2.6358051e-11
3.5700000e+02		3.5800000e+02		3.5750000e+02		2.4674321e+02		2.4814108e+01		5.2442905e+01		4.2979295e+01		4.2979295e+01		2.6251466e-11
3.5800000e+02		3.5900000e+02		3.5850000e+02		2.1181106e+02		1.8578783e+01		3.9366565e+01		3.2179395e+01		3.2179395e+01		2.2503790e-11
3.5900000e+02		3.6000000e+02		3.5950000e+02		3.0582840e+02		2.5712008e+01		5.4521251e+01		4.4534504e+01		4.4534504e+01		2.8674824e-11
3.6000000e+02		3.6100000e+02		3.6050000e+02		3.0178862e+02		2.5741444e+01		5.4569379e+01		4.4585489e+01		4.4585489e+01		3.0628109e-11
3.6100000e+02		3.6200000e+02		3.6150000e+02		2.8033735e+02		2.7628323e+01		5.8407545e+01		4.7853659e+01		4.7853659e+01		3.0187361e-11
3.6200000e+02		3.6300000e+02		3.6250000e+02		3.1645921e+02		2.9477150e+01		6.2381173e+01		5.1055921e+01		5.1055921e+01		3.3977997e-11
3.6300000e+02		3.6400000e+02		3.6350000e+02		3.0810145e+02		2.4896226e+01		5.2830256e+01		4.3121528e+01		4.3121528e+01		3.0146337e-11
3.6400000e+02		3.6500000e+02		3.6450000e+02		3.2221950e+02		2.6701569e+01		5.6631718e+01		4.6248475e+01		4.6248475e+01		3.1948471e-11
3.6500000e+02		3.6600000e+02		3.6550000e+02		3.6674574e+02		3.4330753e+01		7.2642488e+01		5.9462608e+01		5.9462608e+01		4.0615224e-11
3.6600000e+02		3.6700000e+02		3.6650000e+02		3.9198946e+02		3.6635521e+01		7.7517992e+01		6.3454583e+01		6.3454583e+01		4.1744401e-11
3.6700000e+02		3.6800000e+02		3.6750000e+02		3.7850004e+02		3.8854983e+01		8.2066016e+01		6.7298805e+01		6.7298805e+01		3.9059355e-11
3.6800000e+02		3.6900000e+02		3.6850000e+02		3.4895620e+02		3.5394693e+01		7.4776084e+01		6.1305407e+01		6.1305407e+01		3.8877983e-11
3.6900000e+02		3.7000000e+02		3.6950000e+02		3.8736224e+02		3.3240436e+01		7.0440186e+01		5.7574124e+01		5.7574124e+01		3.5471490e-11
3.7000000e+02		3.7100000e+02		3.7050000e+02		3.6351013e+02		2.4938274e+01		5.3094726e+01		4.3194358e+01		4.3194358e+01		3.6948348e-11
3.7100000e+02		3.7200000e+02		3.7150000e+02		3.7529261e+02		3.5537530e+01		7.5169480e+01		6.1552808e+01		6.1552808e+01		4.0987595e-11
3.7200000e+02		3.7300000e+02		3.7250000e+02		3.1177186e+02		3.1787943e+01		6.7140427e+01		5.5058332e+01		5.5058332e+01		3.1519869e-11
3.7300000e+02		3.7400000e+02		3.7350000e+02		2.7192112e+02		2.7240868e+01		5.7554944e+01		4.7182568e+01		4.7182568e+01		2.8306476e-11
3.7400000e+02		3.7500000e+02		3.7450000e+02		2.7832167e+02		2.5686696e+01		5.4358780e+01		4.4490663e+01		4.4490663e+01		3.2571174e-11
3.7500000e+02		3.7600000e+02		3.7550000e+02		3.1876744e+02		2.3694076e+01		5.0354354e+01		4.1039344e+01		4.1039344e+01		3.1506748e-11
3.7600000e+02		3.7700000e+02		3.7650000e+02		3.3048657e+02		3.0564038e+01		6.4671265e+01		5.2938466e+01		5.2938466e+01		3.4855400e-11
3.7700000e+02		3.7800000e+02		3.7750000e+02		3.8770864e+02		3.8700081e+01		8.1770995e+01		6.7030507e+01		6.7030507e+01		4.4583458e-11
3.7800000e+02		3.7900000e+02		3.7850000e+02		4.0380398e+02		3.7910889e+01		8.0194025e+01		6.5663585e+01		6.5663585e+01		4.5442337e-11
3.7900000e+02		3.8000000e+02		3.7950000e+02		3.2744385e+02		3.3620227e+01		7.0995461e+01		5.8231942e+01		5.8231942e+01		3.5610613e-11
3.8000000e+02		3.8100000e+02		3.8050000e+02		3.5656330e+02		3.8241839e+01		8.0690637e+01		6.6236809e+01		6.6236809e+01		4.0172445e-11
3.8100000e+02		3.8200000e+02		3.8150000e+02		3.2019140e+02		3.4677638e+01		7.3166980e+01		6.0063431e+01		6.0063431e+01		4.6078981e-11
3.8200000e+02		3.8300000e+02		3.8250000e+02		2.2964197e+02		2.3247592e+01		4.9101303e+01		4.0266010e+01		4.0266010e+01		2.4454886e-11
3.8300000e+02		3.8400000e+02		3.8350000e+02		2.0267593e+02		1.6677552e+01		3.5366170e+01		2.8886368e+01		2.8886368e+01		2.1750284e-11
3.8400000e+02		3.8500000e+02		3.8450000e+02		2.7111947e+02		2.5125557e+01		5.3157339e+01		4.3518741e+01		4.3518741e+01		3.1096417e-11
3.8500000e+02		3.8600000e+02		3.8550000e+02		2.8715912e+02		3.0517409e+01		6.4396294e+01		5.2857703e+01		5.2857703e+01		3.1633136e-11
3.8600000e+02		3.8700000e+02		3.8650000e+02		2.8837692e+02		3.1724526e+01		6.6907808e+01		5.4948490e+01		5.4948490e+01		3.7845547e-11
3.8700000e+02		3.8800000e+02		3.8750000e+02		2.8805300e+02		3.1407282e+01		6.6245087e+01		5.4399007e+01		5.4399007e+01		3.5018619e-11
3.8800000e+02		3.8900000e+02		3.8850000e+02		2.9209390e+02		2.9022307e+01		6.1315119e+01		5.0268110e+01		5.0268110e+01		3.2538538e-11
3.8900000e+02		3.9000000e+02		3.8950000e+02		3.5069332e+02		3.0858166e+01		6.5344257e+01		5.3447911e+01		5.3447911e+01		3.8144131e-11
3.9000000e+02		3.9100000e+02		3.9050000e+02		3.6838836e+02		3.8192758e+01		8.0632601e+01		6.6151797e+01		6.6151797e+01		4.9423731e-11
3.9100000e+02		3.9200000e+02		3.9150000e+02		3.9613874e+02		4.3843458e+01		9.2445372e+01		7.5939097e+01		7.5939097e+01		4.8396132e-11
3.9200000e+02		3.9300000e+02		3.9250000e+02		3.0403432e+02		3.4037356e+01		7.1750589e+01		5.8954429e+01		5.8954429e+01		3.4725957e-11
3.9300000e+02		3.9400000e+02		3.9350000e+02		1.8639471e+02		2.0996458e+01		4.4255964e+01		3.6366932e+01		3.6366932e+01		2.2351968e-11
3.9400000e+02		3.9500000e+02		3.9450000e+02		3.0813115e+02		3.4560058e+01		7.2843595e+01		5.9859777e+01		5.9859777e+01		3.1946893e-11
3.9500000e+02		3.9600000e+02		3.9550000e+02		3.7840801e+02		4.2757897e+01		9.0127289e+01		7.4058849e+01		7.4058849e+01		5.4853205e-11
3.9600000e+02		3.9700000e+02		3.9650000e+02		2.6140326e+02		2.9118029e+01		6.1386454e+01		5.0433906e+01		5.0433906e+01		3.3322660e-11
3.9700000e+02		3.9800000e+02		3.9750000e+02		2.9300657e+02		3.2362727e+01		6.8234695e+01		5.6053888e+01		5.6053888e+01		3.5886252e-11
3.9800000e+02		3.9900000e+02		3.9850000e+02		4.5124719e+02		5.0497910e+01		1.0644669e+02		8.7464946e+01		8.7464946e+01		5.6711919e-11
3.9900000e+02		4.0000000e+02		3.9950000e+02		4.9846141e+02		5.5786687e+01		1.1758869e+02		9.6625377e+01		9.6625377e+01		5.8764811e-11
4.0000000e+02		4.0100000e+02		4.0050000e+02		5.1407199e+02		5.7784319e+01		1.2179291e+02		1.0008538e+02		1.0008538e+02		6.4453231e-11
4.0100000e+02		4.0200000e+02		4.0150000e+02		5.3860814e+02		6.0640193e+01		1.2780562e+02		1.0503189e+02		1.0503189e+02		6.6319911e-11
4.0200000e+02		4.0300000e+02		4.0250000e+02		5.4526519e+02		6.1215683e+01		1.2901166e+02		1.0602867e+02		1.0602867e+02		5.7745140e-11
4.0300000e+02		4.0400000e+02		4.0350000e+02		5.2165796e+02		5.9226432e+01		1.2481043e+02		1.0258319e+02		1.0258319e+02		7.0243392e-11
4.0400000e+02		4.0500000e+02		4.0450000e+02		5.1300620e+02		5.8408356e+01		1.2308157e+02		1.0116624e+02		1.0116624e+02		7.1797070e-11
4.0500000e+02		4.0600000e+02		4.0550000e+02		5.1256585e+02		5.8022528e+01		1.2226337e+02		1.0049797e+02		1.0049797e+02		5.7469520e-11
4.0600000e+02		4.0700000e+02		4.0650000e+02		4.9035274e+02		5.5246588e+01		1.1641374e+02		9.5689898e+01		9.5689898e+01		4.8555536e-11
4.0700000e+02		4.0800000e+02		4.0750000e+02		4.9838294e+02		5.6454881e+01		1.1895456e+02		9.7782722e+01		9.7782722e+01		5.4935459e-11
4.0800000e+02		4.0900000e+02		4.0850000e+02		5.2990289e+02		6.0386288e+01		1.2723570e+02		1.0459212e+02		1.0459212e+02		6.8908935e-11
4.0900000e+02		4.1000000e+02		4.0950000e+02		5.2713439e+02		5.9900278e+01		1.2621011e+02		1.0375032e+02		1.0375032e+02		6.3188376e-11
4.1000000e+02		4.1100000e+02		4.1050000e+02		4.8293937e+02		5.4921093e+01		1.1571746e+02		9.5126124e+01		9.5126124e+01		5.8878791e-11
4.1100000e+02		4.1200000e+02		4.1150000e+02		5.5986852e+02		6.3693620e+01		1.3419934e+02		1.1032059e+02		1.1032059e+02		6.8987795e-11
4.1200000e+02		4.1300000e+02		4.1250000e+02		5.4940473e+02		6.2477154e+01		1.3163478e+02		1.0821361e+02		1.0821361e+02		6.6928184e-11
4.1300000e+02		4.1400000e+02		4.1350000e+02		5.2995399e+02		6.0178302e+01		1.2678978e+02		1.0423188e+02		1.0423188e+02		6.1782779e-11
4.1400000e+02		4.1500000e+02		4.1450000e+02		5.3771640e+02		6.1199638e+01		1.2894005e+02		1.0600088e+02		1.0600088e+02		6.7007984e-11
4.1500000e+02		4.1600000e+02		4.1550000e+02		5.3722776e+02		6.0571601e+01		1.2761541e+02		1.0491309e+02		1.0491309e+02		5.0604526e-11
4.1600000e+02		4.1700000e+02		4.1650000e+02		5.5745703e+02		6.3356883e+01		1.3348204e+02		1.0973734e+02		1.0973734e+02		6.6591727e-11
4.1700000e+02		4.1800000e+02		4.1750000e+02		5.0725322e+02		5.7899010e+01		1.2198188e+02		1.0028403e+02		1.0028403e+02		6.8706403e-11
4.1800000e+02		4.1900000e+02		4.1850000e+02		5.2601513e+02		5.9955225e+01		1.2631266e+02		1.0384550e+02		1.0384550e+02		6.8465893e-11
4.1900000e+02		4.2000000e+02		4.1950000e+02		5.3123875e+02		6.0303656e+01		1.2704520e+02		1.0444900e+02		1.0444900e+02		6.1198467e-11
4.2000000e+02		4.2100000e+02		4.2050000e+02		5.3797708e+02		6.1219246e+01		1.2897273e+02		1.0603485e+02		1.0603485e+02		6.7166166e-11
4.2100000e+02		4.2200000e+02		4.2150000e+02		5.2958361e+02		6.0156714e+01		1.2673291e+02		1.0419448e+02		1.0419448e+02		6.2180365e-11
4.2200000e+02		4.2300000e+02		4.2250000e+02		5.0190537e+02		5.7212430e+01		1.2052888e+02		9.9094835e+01		9.9094835e+01		6.5457353e-11
4.2300000e+02		4.2400000e+02		4.2350000e+02		5.3474862e+02		6.0872003e+01		1.2823714e+02		1.0543340e+02		1.0543340e+02		6.6792908e-11
4.2400000e+02		4.2500000e+02		4.2450000e+02		5.5328403e+02		6.3012718e+01		1.3274555e+02		1.0914123e+02		1.0914123e+02		7.0044124e-11
4.2500000e+02		4.2600000e+02		4.2550000e+02		5.3248014e+02		6.0615165e+01		1.2769346e+02		1.0498855e+02		1.0498855e+02		6.6531627e-11
4.2600000e+02		4.2700000e+02		4.2650000e+02		5.3029841e+02		6.0223333e+01		1.2686675e+02		1.0430987e+02		1.0430987e+02		6.1710947e-11
4.2700000e+02		4.2800000e+02		4.2750000e+02		4.9171747e+02		5.5822836e+01		1.1759548e+02		9.6687989e+01		9.6687989e+01		5.6651027e-11
4.2800000e+02		4.2900000e+02		4.2850000e+02		4.9494538e+02		5.6342779e+01		1.1868962e+02		9.7588556e+01		9.7588556e+01		6.1749115e-11
4.2900000e+02		4.3000000e+02		4.2950000e+02		4.6063718e+02		5.2390965e+01		1.1036381e+02		9.0743812e+01		9.0743812e+01		5.5941464e-11
4.3000000e+02		4.3100000e+02		4.3050000e+02		3.7055843e+02		4.1975447e+01		8.8422234e+01		7.2703608e+01		7.2703608e+01		3.9869678e-11
4.3100000e+02		4.3200000e+02		4.3150000e+02		4.5818753e+02		5.2174053e+01		1.0990479e+02		9.0368110e+01		9.0368110e+01		5.8146971e-11
4.3200000e+02		4.3300000e+02		4.3250000e+02		5.1625369e+02		5.9218098e+01		1.2474193e+02		1.0256875e+02		1.0256875e+02		8.0284319e-11
4.3300000e+02		4.3400000e+02		4.3350000e+02		5.6047485e+02		6.3255094e+01		1.3324457e+02		1.0956104e+02		1.0956104e+02		5.4029491e-11
4.3400000e+02		4.3500000e+02		4.3450000e+02		4.7595241e+02		5.4905736e+01		1.1565590e+02		9.5099524e+01		9.5099524e+01		8.8135457e-11
4.3500000e+02		4.3600000e+02		4.3550000e+02		5.3162725e+02		6.0179308e+01		1.2676325e+02		1.0423362e+02		1.0423362e+02		5.5425854e-11
4.3600000e+02		4.3700000e+02		4.3650000e+02		5.9481241e+02		6.7215919e+01		1.4158409e+02		1.1642139e+02		1.1642139e+02		5.9578498e-11
4.3700000e+02		4.3800000e+02		4.3750000e+02		5.2629983e+02		6.0199757e+01		1.2680408e+02		1.0426904e+02		1.0426904e+02		7.6276972e-11
4.3800000e+02		4.3900000e+02		4.3850000e+02		5.1257868e+02		5.8136475e+01		1.2245695e+02		1.0069533e+02		1.0069533e+02		5.7248639e-11
4.3900000e+02		4.4000000e+02		4.3950000e+02		5.7051902e+02		6.5084034e+01		1.3708992e+02		1.1272885e+02		1.1272885e+02		7.5982573e-11
4.4000000e+02		4.4100000e+02		4.4050000e+02		5.4089681e+02		6.1461531e+01		1.2945861e+02		1.0645449e+02		1.0645449e+02		6.3793487e-11
4.4100000e+02		4.4200000e+02		4.4150000e+02		5.9491633e+02		6.7493517e+01		1.4216385e+02		1.1690220e+02		1.1690220e+02		6.7782300e-11
4.4200000e+02		4.4300000e+02		4.4250000e+02		6.2544254e+02		7.0958732e+01		1.4946226e+02		1.2290413e+02		1.2290413e+02		7.1923006e-11
4.4300000e+02		4.4400000e+02		4.4350000e+02		6.0497206e+02		6.8567417e+01		1.4442410e+02		1.1876225e+02		1.1876225e+02		6.7262236e-11
4.4400000e+02		4.4500000e+02		4.4450000e+02		6.2324411e+02		7.0684334e+01		1.4888308e+02		1.2242886e+02		1.2242886e+02		7.1795529e-11
4.4500000e+02		4.4600000e+02		4.4550000e+02		5.7783999e+02		6.5631809e+01		1.3823951e+02		1.1367763e+02		1.1367763e+02		6.9297008e-11
4.4600000e+02		4.4700000e+02		4.4650000e+02		5.8940025e+02		6.6979186e+01		1.4107473e+02		1.1601135e+02		1.1601135e+02		7.0613807e-11
4.4700000e+02		4.4800000e+02		4.4750000e+02		6.3881895e+02		7.2699051e+01		1.5312057e+02		1.2591845e+02		1.2591845e+02		7.9427394e-11
4.4800000e+02		4.4900000e+02		4.4850000e+02		6.2805979e+02		7.1578016e+01		1.5075779e+02		1.2397676e+02		1.2397676e+02		8.1095532e-11
4.4900000e+02		4.5000000e+02		4.4950000e+02		6.3454704e+02		7.1940798e+01		1.5152052e+02		1.2460512e+02		1.2460512e+02		6.9081833e-11
4.5000000e+02		4.5100000e+02		4.5050000e+02		6.7325368e+02		7.6062483e+01		1.6020031e+02		1.3174408e+02		1.3174408e+02		6.7053022e-11
4.5100000e+02		4.5200000e+02		4.5150000e+02		6.7122600e+02		7.6346006e+01		1.6079626e+02		1.3223516e+02		1.3223516e+02		8.1218829e-11
4.5200000e+02		4.5300000e+02		4.5250000e+02		6.3541039e+02		7.2072127e+01		1.5179370e+02		1.2483259e+02		1.2483259e+02		7.0761626e-11
4.5300000e+02		4.5400000e+02		4.5350000e+02		6.0888666e+02		6.9181336e+01		1.4570424e+02		1.1982559e+02		1.1982559e+02		7.1075467e-11
4.5400000e+02		4.5500000e+02		4.5450000e+02		6.4999363e+02		7.3611742e+01		1.5503409e+02		1.2749928e+02		1.2749928e+02		6.9094088e-11
4.5500000e+02		4.5600000e+02		4.5550000e+02		6.4380306e+02		7.3318759e+01		1.5441594e+02		1.2699182e+02		1.2699182e+02		8.0673410e-11
4.5600000e+02		4.5700000e+02		4.5650000e+02		6.6853861e+02		7.5765704e+01		1.5956831e+02		1.3123005e+02		1.3123005e+02		7.2514732e-11
4.5700000e+02		4.5800000e+02		4.5750000e+02		6.7499745e+02		7.6840198e+01		1.6183015e+02		1.3309113e+02		1.3309113e+02		8.3612422e-11
4.5800000e+02		4.5900000e+02		4.5850000e+02		6.3439039e+02		7.2077455e+01		1.5179847e+02		1.2484181e+02		1.2484181e+02		7.4285229e-11
4.5900000e+02		4.6000000e+02		4.5950000e+02		6.5539586e+02		7.4356822e+01		1.5659786e+02		1.2878979e+02		1.2878979e+02		7.3497275e-11
4.6000000e+02		4.6100000e+02		4.6050000e+02		6.4752339e+02		7.3474618e+01		1.5473887e+02		1.2726177e+02		1.2726177e+02		7.2771797e-11
4.6100000e+02		4.6200000e+02		4.6150000e+02		6.6245412e+02		7.4990346e+01		1.5792997e+02		1.2988709e+02		1.2988709e+02		6.9396777e-11
4.6200000e+02		4.6300000e+02		4.6250000e+02		6.6901120e+02		7.6197221e+01		1.6047060e+02		1.3197746e+02		1.3197746e+02		8.4015718e-11
4.6300000e+02		4.6400000e+02		4.6350000e+02		6.4662616e+02		7.3274399e+01		1.5431416e+02		1.2691498e+02		1.2691498e+02		6.9810508e-11
4.6400000e+02		4.6500000e+02		4.6450000e+02		6.5795753e+02		7.4843370e+01		1.5761736e+02		1.2963252e+02		1.2963252e+02		7.9850297e-11
4.6500000e+02		4.6600000e+02		4.6550000e+02		6.3552746e+02		7.2088281e+01		1.5181428e+02		1.2486057e+02		1.2486057e+02		7.0464469e-11
4.6600000e+02		4.6700000e+02		4.6650000e+02		6.3955371e+02		7.2802729e+01		1.5331791e+02		1.2609803e+02		1.2609803e+02		7.8981154e-11
4.6700000e+02		4.6800000e+02		4.6750000e+02		6.4572639e+02		7.3390530e+01		1.5455520e+02		1.2711613e+02		1.2711613e+02		7.6589822e-11
4.6800000e+02		4.6900000e+02		4.6850000e+02		6.3145002e+02		7.1885300e+01		1.5138433e+02		1.2450899e+02		1.2450899e+02		7.8408481e-11
4.6900000e+02		4.7000000e+02		4.6950000e+02		6.4956875e+02		7.3591635e+01		1.5497717e+02		1.2746445e+02		1.2746445e+02		7.0083786e-11
4.7000000e+02		4.7100000e+02		4.7050000e+02		6.1381170e+02		6.9573497e+01		1.4651449e+02		1.2050483e+02		1.2050483e+02		6.7235214e-11
4.7100000e+02		4.7200000e+02		4.7150000e+02		6.4174114e+02		7.2877769e+01		1.5347220e+02		1.2622800e+02		1.2622800e+02		7.4465992e-11
4.7200000e+02		4.7300000e+02		4.7250000e+02		6.5742798e+02		7.4695201e+01		1.5729862e+02		1.2937588e+02		1.2937588e+02		7.7384455e-11
4.7300000e+02		4.7400000e+02		4.7350000e+02		6.4563741e+02		7.3303941e+01		1.5436849e+02		1.2696615e+02		1.2696615e+02		7.4891628e-11
4.7400000e+02		4.7500000e+02		4.7450000e+02		6.6512717e+02		7.5593710e+01		1.5918863e+02		1.3093215e+02		1.3093215e+02		7.8704731e-11
4.7500000e+02		4.7600000e+02		4.7550000e+02		6.6365303e+02		7.5272146e+01		1.5850995e+02		1.3037518e+02		1.3037518e+02		7.3481833e-11
4.7600000e+02		4.7700000e+02		4.7650000e+02		6.3952653e+02		7.2622359e+01		1.5292900e+02		1.2578562e+02		1.2578562e+02		7.3337313e-11
4.7700000e+02		4.7800000e+02		4.7750000e+02		6.6772274e+02		7.5817617e+01		1.5965672e+02		1.3131996e+02		1.3131996e+02		7.6266227e-11
4.7800000e+02		4.7900000e+02		4.7850000e+02		6.6128260e+02		7.5363402e+01		1.5869936e+02		1.3053324e+02		1.3053324e+02		8.4283466e-11
4.7900000e+02		4.8000000e+02		4.7950000e+02		6.6320839e+02		7.5434274e+01		1.5884773e+02		1.3065599e+02		1.3065599e+02		7.9757665e-11
4.8000000e+02		4.8100000e+02		4.8050000e+02		6.6489751e+02		7.5419291e+01		1.5881533e+02		1.3063004e+02		1.3063004e+02		7.3155832e-11
4.8100000e+02		4.8200000e+02		4.8150000e+02		6.6630748e+02		7.5322723e+01		1.5861113e+02		1.3046278e+02		1.3046278e+02		6.6722044e-11
4.8200000e+02		4.8300000e+02		4.8250000e+02		6.6376999e+02		7.5110138e+01		1.5816264e+02		1.3009457e+02		1.3009457e+02		6.8417630e-11
4.8300000e+02		4.8400000e+02		4.8350000e+02		6.5373157e+02		7.4336353e+01		1.5653258e+02		1.2875434e+02		1.2875434e+02		7.7963101e-11
4.8400000e+02		4.8500000e+02		4.8450000e+02		6.4242337e+02		7.2555638e+01		1.5278239e+02		1.2567005e+02		1.2567005e+02		6.2447188e-11
4.8500000e+02		4.8600000e+02		4.8550000e+02		6.0369332e+02		6.8455051e+01		1.4414742e+02		1.1856763e+02		1.1856763e+02		6.6912958e-11
4.8600000e+02		4.8700000e+02		4.8650000e+02		5.2412565e+02		5.9439227e+01		1.2516155e+02		1.0295176e+02		1.0295176e+02		5.7951315e-11
4.8700000e+02		4.8800000e+02		4.8750000e+02		5.9966111e+02		6.7849005e+01		1.4286975e+02		1.1751792e+02		1.1751792e+02		6.2121127e-11
4.8800000e+02		4.8900000e+02		4.8850000e+02		6.3081686e+02		7.1439608e+01		1.5042974e+02		1.2373703e+02		1.2373703e+02		6.7135246e-11
4.8900000e+02		4.9000000e+02		4.8950000e+02		6.1880396e+02		7.0281957e+01		1.4799128e+02		1.2173192e+02		1.2173192e+02		7.1682689e-11
4.9000000e+02		4.9100000e+02		4.9050000e+02		6.5907671e+02		7.4694456e+01		1.5728155e+02		1.2937459e+02		1.2937459e+02		7.1365628e-11
4.9100000e+02		4.9200000e+02		4.9150000e+02		6.2110374e+02		7.0597447e+01		1.4865397e+02		1.2227836e+02		1.2227836e+02		7.3725736e-11
4.9200000e+02		4.9300000e+02		4.9250000e+02		5.9112858e+02		6.6922125e+01		1.4091387e+02		1.1591252e+02		1.1591252e+02		6.1647487e-11
4.9300000e+02		4.9400000e+02		4.9350000e+02		6.2472140e+02		7.0776334e+01		1.4902867e+02		1.2258821e+02		1.2258821e+02		6.6595156e-11
4.9400000e+02		4.9500000e+02		4.9450000e+02		6.4279699e+02		7.2882626e+01		1.5346298e+02		1.2623641e+02		1.2623641e+02		7.0164215e-11
4.9500000e+02		4.9600000e+02		4.9550000e+02		6.3133158e+02		7.1418697e+01		1.5037981e+02		1.2370081e+02		1.2370081e+02		6.4314437e-11
4.9600000e+02		4.9700000e+02		4.9650000e+02		6.3921352e+02		7.2460265e+01		1.5257225e+02		1.2550486e+02		1.2550486e+02		6.9250643e-11
4.9700000e+02		4.9800000e+02		4.9750000e+02		6.5113923e+02		7.3848612e+01		1.5549485e+02		1.2790955e+02		1.2790955e+02		7.1613678e-11
4.9800000e+02		4.9900000e+02		4.9850000e+02		5.9175801e+02		6.6931828e+01		1.4093041e+02		1.1592933e+02		1.1592933e+02		6.0047089e-11
4.9900000e+02		5.0000000e+02		4.9950000e+02		6.3385792e+02		7.1610877e+01		1.5078232e+02		1.2403368e+02		1.2403368e+02		6.2476416e-11
