Left Bin Edge (nm)	Right Bin Edge (nm)	Bin Center (nm)		Top of Atm Intensity (erg/s/nm/cm2)		Total Surface Flux (erg/s/nm/cm2)		Total Intensity at BOA (erg/s/nm/cm2)		Total Surface Intensity (erg/s/nm/cm2)		Total Surface Diffuse Intensity (erg/s/nm/cm2)		Total Surface Direct Intensity (erg/s/nm/cm2)
1.0000000e+02		1.0100000e+02		1.0050000e+02		1.9189487e-02		0.0000000e+00		0.0000000e+00		0.0000000e+00		0.0000000e+00		0.0000000e+00
1.0100000e+02		1.0200000e+02		1.0150000e+02		7.4861701e-02		0.0000000e+00		0.0000000e+00		0.0000000e+00		0.0000000e+00		0.0000000e+00
1.0200000e+02		1.0300000e+02		1.0250000e+02		3.9734366e-01		0.0000000e+00		0.0000000e+00		0.0000000e+00		0.0000000e+00		0.0000000e+00
1.0300000e+02		1.0400000e+02		1.0350000e+02		3.0179545e-01		0.0000000e+00		0.0000000e+00		0.0000000e+00		0.0000000e+00		0.0000000e+00
1.0400000e+02		1.0500000e+02		1.0450000e+02		6.0815352e-02		0.0000000e+00		0.0000000e+00		0.0000000e+00		0.0000000e+00		0.0000000e+00
1.0500000e+02		1.0600000e+02		1.0550000e+02		2.0834600e-02		0.0000000e+00		0.0000000e+00		0.0000000e+00		0.0000000e+00		0.0000000e+00
1.0600000e+02		1.0700000e+02		1.0650000e+02		1.9584792e-02		0.0000000e+00		0.0000000e+00		0.0000000e+00		0.0000000e+00		0.0000000e+00
1.0700000e+02		1.0800000e+02		1.0750000e+02		2.1853879e-02		0.0000000e+00		0.0000000e+00		0.0000000e+00		0.0000000e+00		0.0000000e+00
1.0800000e+02		1.0900000e+02		1.0850000e+02		3.0634999e-02		0.0000000e+00		0.0000000e+00		0.0000000e+00		0.0000000e+00		0.0000000e+00
1.0900000e+02		1.1000000e+02		1.0950000e+02		2.4032561e-02		0.0000000e+00		0.0000000e+00		0.0000000e+00		0.0000000e+00		0.0000000e+00
1.1000000e+02		1.1100000e+02		1.1050000e+02		2.3268893e-02		0.0000000e+00		0.0000000e+00		0.0000000e+00		0.0000000e+00		0.0000000e+00
1.1100000e+02		1.1200000e+02		1.1150000e+02		2.1871272e-02		0.0000000e+00		0.0000000e+00		0.0000000e+00		0.0000000e+00		0.0000000e+00
1.1200000e+02		1.1300000e+02		1.1250000e+02		2.2375602e-02		0.0000000e+00		0.0000000e+00		0.0000000e+00		0.0000000e+00		0.0000000e+00
1.1300000e+02		1.1400000e+02		1.1350000e+02		1.7748133e-02		0.0000000e+00		0.0000000e+00		0.0000000e+00		0.0000000e+00		0.0000000e+00
1.1400000e+02		1.1500000e+02		1.1450000e+02		1.3589480e-02		0.0000000e+00		0.0000000e+00		0.0000000e+00		0.0000000e+00		0.0000000e+00
1.1500000e+02		1.1600000e+02		1.1550000e+02		1.8751615e-02		0.0000000e+00		0.0000000e+00		0.0000000e+00		0.0000000e+00		0.0000000e+00
1.1600000e+02		1.1700000e+02		1.1650000e+02		4.3674487e-02		0.0000000e+00		0.0000000e+00		0.0000000e+00		0.0000000e+00		0.0000000e+00
1.1700000e+02		1.1800000e+02		1.1750000e+02		1.5546757e-01		0.0000000e+00		0.0000000e+00		0.0000000e+00		0.0000000e+00		0.0000000e+00
1.1800000e+02		1.1900000e+02		1.1850000e+02		5.2889236e-02		0.0000000e+00		0.0000000e+00		0.0000000e+00		0.0000000e+00		0.0000000e+00
1.1900000e+02		1.2000000e+02		1.1950000e+02		7.3692884e-02		0.0000000e+00		0.0000000e+00		0.0000000e+00		0.0000000e+00		0.0000000e+00
1.2000000e+02		1.2100000e+02		1.2050000e+02		4.0066072e-01		0.0000000e+00		0.0000000e+00		0.0000000e+00		0.0000000e+00		0.0000000e+00
1.2100000e+02		1.2200000e+02		1.2150000e+02		1.5905289e+01		0.0000000e+00		0.0000000e+00		0.0000000e+00		0.0000000e+00		0.0000000e+00
1.2200000e+02		1.2300000e+02		1.2250000e+02		1.0666543e-01		0.0000000e+00		0.0000000e+00		0.0000000e+00		0.0000000e+00		0.0000000e+00
1.2300000e+02		1.2400000e+02		1.2350000e+02		5.7456553e-02		0.0000000e+00		0.0000000e+00		0.0000000e+00		0.0000000e+00		0.0000000e+00
1.2400000e+02		1.2500000e+02		1.2450000e+02		4.6184197e-02		0.0000000e+00		0.0000000e+00		0.0000000e+00		0.0000000e+00		0.0000000e+00
1.2500000e+02		1.2600000e+02		1.2550000e+02		4.5085118e-02		0.0000000e+00		0.0000000e+00		0.0000000e+00		0.0000000e+00		0.0000000e+00
1.2600000e+02		1.2700000e+02		1.2650000e+02		6.3054464e-02		0.0000000e+00		0.0000000e+00		0.0000000e+00		0.0000000e+00		0.0000000e+00
1.2700000e+02		1.2800000e+02		1.2750000e+02		3.3006429e-02		0.0000000e+00		0.0000000e+00		0.0000000e+00		0.0000000e+00		0.0000000e+00
1.2800000e+02		1.2900000e+02		1.2850000e+02		2.6335196e-02		0.0000000e+00		0.0000000e+00		0.0000000e+00		0.0000000e+00		0.0000000e+00
1.2900000e+02		1.3000000e+02		1.2950000e+02		3.5131240e-02		0.0000000e+00		0.0000000e+00		0.0000000e+00		0.0000000e+00		0.0000000e+00
1.3000000e+02		1.3100000e+02		1.3050000e+02		2.8850634e-01		0.0000000e+00		0.0000000e+00		0.0000000e+00		0.0000000e+00		0.0000000e+00
1.3100000e+02		1.3200000e+02		1.3150000e+02		3.9064855e-02		0.0000000e+00		0.0000000e+00		0.0000000e+00		0.0000000e+00		0.0000000e+00
1.3200000e+02		1.3300000e+02		1.3250000e+02		3.0374778e-02		0.0000000e+00		0.0000000e+00		0.0000000e+00		0.0000000e+00		0.0000000e+00
1.3300000e+02		1.3400000e+02		1.3350000e+02		4.1056606e-01		0.0000000e+00		0.0000000e+00		0.0000000e+00		0.0000000e+00		0.0000000e+00
1.3400000e+02		1.3500000e+02		1.3450000e+02		2.8092500e-02		0.0000000e+00		0.0000000e+00		0.0000000e+00		0.0000000e+00		0.0000000e+00
1.3500000e+02		1.3600000e+02		1.3550000e+02		5.8954708e-02		0.0000000e+00		0.0000000e+00		0.0000000e+00		0.0000000e+00		0.0000000e+00
1.3600000e+02		1.3700000e+02		1.3650000e+02		3.8690656e-02		0.0000000e+00		0.0000000e+00		0.0000000e+00		0.0000000e+00		0.0000000e+00
1.3700000e+02		1.3800000e+02		1.3750000e+02		3.9732879e-02		0.0000000e+00		0.0000000e+00		0.0000000e+00		0.0000000e+00		0.0000000e+00
1.3800000e+02		1.3900000e+02		1.3850000e+02		4.0549866e-02		0.0000000e+00		0.0000000e+00		0.0000000e+00		0.0000000e+00		0.0000000e+00
1.3900000e+02		1.4000000e+02		1.3950000e+02		1.3692187e-01		0.0000000e+00		0.0000000e+00		0.0000000e+00		0.0000000e+00		0.0000000e+00
1.4000000e+02		1.4100000e+02		1.4050000e+02		1.1939088e-01		0.0000000e+00		0.0000000e+00		0.0000000e+00		0.0000000e+00		0.0000000e+00
1.4100000e+02		1.4200000e+02		1.4150000e+02		5.7521948e-02		0.0000000e+00		0.0000000e+00		0.0000000e+00		0.0000000e+00		0.0000000e+00
1.4200000e+02		1.4300000e+02		1.4250000e+02		6.2343151e-02		0.0000000e+00		0.0000000e+00		0.0000000e+00		0.0000000e+00		0.0000000e+00
1.4300000e+02		1.4400000e+02		1.4350000e+02		6.9165895e-02		0.0000000e+00		0.0000000e+00		0.0000000e+00		0.0000000e+00		0.0000000e+00
1.4400000e+02		1.4500000e+02		1.4450000e+02		6.6149126e-02		0.0000000e+00		0.0000000e+00		0.0000000e+00		0.0000000e+00		0.0000000e+00
1.4500000e+02		1.4600000e+02		1.4550000e+02		7.0536262e-02		0.0000000e+00		0.0000000e+00		0.0000000e+00		0.0000000e+00		0.0000000e+00
1.4600000e+02		1.4700000e+02		1.4650000e+02		8.6012655e-02		0.0000000e+00		0.0000000e+00		0.0000000e+00		0.0000000e+00		0.0000000e+00
1.4700000e+02		1.4800000e+02		1.4750000e+02		1.0610345e-01		0.0000000e+00		0.0000000e+00		0.0000000e+00		0.0000000e+00		0.0000000e+00
1.4800000e+02		1.4900000e+02		1.4850000e+02		1.0405386e-01		0.0000000e+00		0.0000000e+00		0.0000000e+00		0.0000000e+00		0.0000000e+00
1.4900000e+02		1.5000000e+02		1.4950000e+02		9.4002421e-02		0.0000000e+00		0.0000000e+00		0.0000000e+00		0.0000000e+00		0.0000000e+00
1.5000000e+02		1.5100000e+02		1.5050000e+02		1.0343288e-01		0.0000000e+00		0.0000000e+00		0.0000000e+00		0.0000000e+00		0.0000000e+00
1.5100000e+02		1.5200000e+02		1.5150000e+02		1.0875212e-01		0.0000000e+00		0.0000000e+00		0.0000000e+00		0.0000000e+00		0.0000000e+00
1.5200000e+02		1.5300000e+02		1.5250000e+02		1.3876638e-01		0.0000000e+00		0.0000000e+00		0.0000000e+00		0.0000000e+00		0.0000000e+00
1.5300000e+02		1.5400000e+02		1.5350000e+02		1.5371418e-01		0.0000000e+00		0.0000000e+00		0.0000000e+00		0.0000000e+00		0.0000000e+00
1.5400000e+02		1.5500000e+02		1.5450000e+02		4.1112511e-01		0.0000000e+00		0.0000000e+00		0.0000000e+00		0.0000000e+00		0.0000000e+00
1.5500000e+02		1.5600000e+02		1.5550000e+02		3.3836363e-01		0.0000000e+00		0.0000000e+00		0.0000000e+00		0.0000000e+00		0.0000000e+00
1.5600000e+02		1.5700000e+02		1.5650000e+02		2.0084632e-01		0.0000000e+00		0.0000000e+00		0.0000000e+00		0.0000000e+00		0.0000000e+00
1.5700000e+02		1.5800000e+02		1.5750000e+02		1.8216796e-01		0.0000000e+00		0.0000000e+00		0.0000000e+00		0.0000000e+00		0.0000000e+00
1.5800000e+02		1.5900000e+02		1.5850000e+02		1.6795176e-01		0.0000000e+00		0.0000000e+00		0.0000000e+00		0.0000000e+00		0.0000000e+00
1.5900000e+02		1.6000000e+02		1.5950000e+02		1.6379377e-01		0.0000000e+00		0.0000000e+00		0.0000000e+00		0.0000000e+00		0.0000000e+00
1.6000000e+02		1.6100000e+02		1.6050000e+02		1.7926410e-01		0.0000000e+00		0.0000000e+00		0.0000000e+00		0.0000000e+00		0.0000000e+00
1.6100000e+02		1.6200000e+02		1.6150000e+02		2.0306941e-01		0.0000000e+00		0.0000000e+00		0.0000000e+00		0.0000000e+00		0.0000000e+00
1.6200000e+02		1.6300000e+02		1.6250000e+02		2.2492895e-01		0.0000000e+00		0.0000000e+00		0.0000000e+00		0.0000000e+00		0.0000000e+00
1.6300000e+02		1.6400000e+02		1.6350000e+02		4.7671727e-01		0.0000000e+00		0.0000000e+00		0.0000000e+00		0.0000000e+00		0.0000000e+00
1.6400000e+02		1.6500000e+02		1.6450000e+02		4.8753270e-01		0.0000000e+00		0.0000000e+00		0.0000000e+00		0.0000000e+00		0.0000000e+00
1.6500000e+02		1.6600000e+02		1.6550000e+02		5.7072689e-01		0.0000000e+00		0.0000000e+00		0.0000000e+00		0.0000000e+00		0.0000000e+00
1.6600000e+02		1.6700000e+02		1.6650000e+02		2.6919628e-01		0.0000000e+00		0.0000000e+00		0.0000000e+00		0.0000000e+00		0.0000000e+00
1.6700000e+02		1.6800000e+02		1.6750000e+02		2.8728373e-01		0.0000000e+00		0.0000000e+00		0.0000000e+00		0.0000000e+00		0.0000000e+00
1.6800000e+02		1.6900000e+02		1.6850000e+02		3.0958866e-01		0.0000000e+00		0.0000000e+00		0.0000000e+00		0.0000000e+00		0.0000000e+00
1.6900000e+02		1.7000000e+02		1.6950000e+02		3.8988989e-01		0.0000000e+00		0.0000000e+00		0.0000000e+00		0.0000000e+00		0.0000000e+00
1.7000000e+02		1.7100000e+02		1.7050000e+02		4.3752516e-01		0.0000000e+00		0.0000000e+00		0.0000000e+00		0.0000000e+00		0.0000000e+00
1.7100000e+02		1.7200000e+02		1.7150000e+02		4.3618394e-01		0.0000000e+00		0.0000000e+00		0.0000000e+00		0.0000000e+00		0.0000000e+00
1.7200000e+02		1.7300000e+02		1.7250000e+02		4.5514763e-01		0.0000000e+00		0.0000000e+00		0.0000000e+00		0.0000000e+00		0.0000000e+00
1.7300000e+02		1.7400000e+02		1.7350000e+02		4.5120572e-01		0.0000000e+00		0.0000000e+00		0.0000000e+00		0.0000000e+00		0.0000000e+00
1.7400000e+02		1.7500000e+02		1.7450000e+02		5.3951828e-01		0.0000000e+00		0.0000000e+00		0.0000000e+00		0.0000000e+00		0.0000000e+00
1.7500000e+02		1.7600000e+02		1.7550000e+02		6.4389120e-01		0.0000000e+00		0.0000000e+00		0.0000000e+00		0.0000000e+00		0.0000000e+00
1.7600000e+02		1.7700000e+02		1.7650000e+02		6.9472845e-01		0.0000000e+00		0.0000000e+00		0.0000000e+00		0.0000000e+00		0.0000000e+00
1.7700000e+02		1.7800000e+02		1.7750000e+02		8.1849614e-01		0.0000000e+00		0.0000000e+00		0.0000000e+00		0.0000000e+00		0.0000000e+00
1.7800000e+02		1.7900000e+02		1.7850000e+02		8.9455089e-01		0.0000000e+00		0.0000000e+00		0.0000000e+00		0.0000000e+00		0.0000000e+00
1.7900000e+02		1.8000000e+02		1.7950000e+02		8.6966614e-01		0.0000000e+00		0.0000000e+00		0.0000000e+00		0.0000000e+00		0.0000000e+00
1.8000000e+02		1.8100000e+02		1.8050000e+02		1.0753674e+00		0.0000000e+00		0.0000000e+00		0.0000000e+00		0.0000000e+00		0.0000000e+00
1.8100000e+02		1.8200000e+02		1.8150000e+02		1.3093431e+00		0.0000000e+00		0.0000000e+00		0.0000000e+00		0.0000000e+00		0.0000000e+00
1.8200000e+02		1.8300000e+02		1.8250000e+02		1.2087370e+00		0.0000000e+00		0.0000000e+00		0.0000000e+00		0.0000000e+00		0.0000000e+00
1.8300000e+02		1.8400000e+02		1.8350000e+02		1.2728289e+00		0.0000000e+00		0.0000000e+00		0.0000000e+00		0.0000000e+00		0.0000000e+00
1.8400000e+02		1.8500000e+02		1.8450000e+02		1.0940339e+00		0.0000000e+00		0.0000000e+00		0.0000000e+00		0.0000000e+00		0.0000000e+00
1.8500000e+02		1.8600000e+02		1.8550000e+02		1.2372281e+00		0.0000000e+00		0.0000000e+00		0.0000000e+00		0.0000000e+00		0.0000000e+00
1.8600000e+02		1.8700000e+02		1.8650000e+02		1.4037992e+00		0.0000000e+00		0.0000000e+00		0.0000000e+00		0.0000000e+00		0.0000000e+00
1.8700000e+02		1.8800000e+02		1.8750000e+02		1.5907538e+00		0.0000000e+00		0.0000000e+00		0.0000000e+00		0.0000000e+00		0.0000000e+00
1.8800000e+02		1.8900000e+02		1.8850000e+02		1.6735993e+00		0.0000000e+00		0.0000000e+00		0.0000000e+00		0.0000000e+00		0.0000000e+00
1.8900000e+02		1.9000000e+02		1.8950000e+02		1.8559600e+00		2.5711670e-319		0.0000000e+00		2.5726492e-319		3.5078661e-322		2.5691414e-319
1.9000000e+02		1.9100000e+02		1.9050000e+02		1.9109940e+00		9.8813129e-324		0.0000000e+00		9.8813129e-324		0.0000000e+00		9.8813129e-324
1.9100000e+02		1.9200000e+02		1.9150000e+02		2.0707336e+00		2.5163576e-302		0.0000000e+00		2.5178272e-302		3.4770928e-305		2.5143501e-302
1.9200000e+02		1.9300000e+02		1.9250000e+02		2.1685186e+00		2.2455693e-262		0.0000000e+00		2.2470450e-262		3.4915934e-265		2.2435534e-262
1.9300000e+02		1.9400000e+02		1.9350000e+02		1.6554009e+00		2.5324299e-275		0.0000000e+00		2.5339790e-275		3.6653184e-278		2.5303137e-275
1.9400000e+02		1.9500000e+02		1.9450000e+02		2.6556632e+00		4.7526917e-312		0.0000000e+00		4.7551944e-312		5.9215672e-315		4.7492729e-312
1.9500000e+02		1.9600000e+02		1.9550000e+02		2.5630279e+00		2.1345472e-279		0.0000000e+00		2.1357737e-279		2.9020388e-282		2.1328717e-279
1.9600000e+02		1.9700000e+02		1.9650000e+02		2.8204934e+00		1.2354093e-261		0.0000000e+00		1.2361498e-261		1.7521668e-264		1.2343977e-261
1.9700000e+02		1.9800000e+02		1.9750000e+02		2.8068384e+00		3.9525252e-323		0.0000000e+00		3.9525252e-323		0.0000000e+00		3.9525252e-323
1.9800000e+02		1.9900000e+02		1.9850000e+02		2.7505577e+00		4.5430597e-226		0.0000000e+00		4.5460698e-226		7.1220909e-229		4.5389477e-226
1.9900000e+02		2.0000000e+02		1.9950000e+02		2.8965557e+00		7.7402895e-239		0.0000000e+00		7.7450329e-239		1.1222843e-241		7.7338100e-239
2.0000000e+02		2.0100000e+02		2.0050000e+02		3.0623388e+00		4.1353247e-273		0.0000000e+00		4.1374902e-273		5.1236555e-276		4.1323665e-273
2.0100000e+02		2.0200000e+02		2.0150000e+02		3.2593670e+00		3.5570008e-195		0.0000000e+00		3.5595501e-195		6.0316833e-198		3.5535184e-195
2.0200000e+02		2.0300000e+02		2.0250000e+02		3.2217937e+00		5.9666647e-272		0.0000000e+00		5.9696637e-272		7.0957501e-275		5.9625680e-272
2.0300000e+02		2.0400000e+02		2.0350000e+02		3.4484145e+00		1.4943571e-250		0.0000000e+00		1.4951544e-250		1.8862317e-253		1.4932681e-250
2.0400000e+02		2.0500000e+02		2.0450000e+02		3.7117169e+00		2.0036236e-155		0.0000000e+00		2.0053099e-155		3.9899291e-158		2.0013200e-155
2.0500000e+02		2.0600000e+02		2.0550000e+02		3.7200399e+00		4.6369718e-260		0.0000000e+00		4.6392513e-260		5.3932325e-263		4.6338581e-260
2.0600000e+02		2.0700000e+02		2.0650000e+02		3.7247532e+00		4.3397839e-207		0.0000000e+00		4.3424055e-207		6.2027749e-210		4.3362027e-207
2.0700000e+02		2.0800000e+02		2.0750000e+02		4.0454145e+00		4.2584725e-140		0.0000000e+00		4.2621946e-140		8.8066533e-143		4.2533879e-140
2.0800000e+02		2.0900000e+02		2.0850000e+02		4.3759554e+00		4.4397530e-213		0.0000000e+00		4.4422474e-213		5.9019348e-216		4.4363455e-213
2.0900000e+02		2.1000000e+02		2.0950000e+02		5.6528678e+00		8.9138946e-106		0.0000000e+00		8.9237685e-106		2.3361992e-108		8.9004065e-106
2.1000000e+02		2.1100000e+02		2.1050000e+02		6.9678423e+00		1.5533611e-185		0.0000000e+00		1.5543202e-185		2.2693549e-188		1.5520509e-185
2.1100000e+02		2.1200000e+02		2.1150000e+02		7.9326445e+00		1.9373061e-123		0.0000000e+00		1.9390654e-123		4.1625606e-126		1.9349028e-123
2.1200000e+02		2.1300000e+02		2.1250000e+02		7.0734222e+00		3.4432204e-103		0.0000000e+00		3.4468838e-103		8.6677037e-106		3.4382161e-103
2.1300000e+02		2.1400000e+02		2.1350000e+02		7.2066449e+00		2.2730128e-127		0.0000000e+00		2.2749309e-127		4.5382198e-130		2.2703927e-127
2.1400000e+02		2.1500000e+02		2.1450000e+02		9.2279181e+00		1.9315033e-65		6.9054219e-63		1.9346047e-65		7.3381105e-68		1.9272666e-65
2.1500000e+02		2.1600000e+02		2.1550000e+02		7.9257408e+00		2.6743688e-104		0.0000000e+00		2.6770106e-104		6.2505505e-107		2.6707601e-104
2.1600000e+02		2.1700000e+02		2.1650000e+02		7.3353469e+00		3.5303770e-59		7.2325465e-57		3.5363985e-59		1.4247131e-61		3.5221514e-59
2.1700000e+02		2.1800000e+02		2.1750000e+02		7.5953881e+00		8.0043531e-69		3.8188003e-66		8.0158497e-69		2.7201282e-71		7.9886484e-69
2.1800000e+02		2.1900000e+02		2.1850000e+02		1.0217230e+01		9.6287965e-57		1.6139931e-54		9.6451905e-57		3.8788524e-59		9.6064020e-57
2.1900000e+02		2.2000000e+02		2.1950000e+02		1.0786519e+01		8.2393265e-38		2.6405982e-36		8.2599108e-38		4.8703097e-40		8.2112077e-38
2.2000000e+02		2.2100000e+02		2.2050000e+02		1.0851638e+01		5.6455646e-55		8.1244901e-53		5.6550836e-55		2.2522175e-57		5.6325614e-55
2.2100000e+02		2.2200000e+02		2.2150000e+02		8.6872371e+00		4.4438050e-28		6.0305979e-27		4.4581825e-28		3.4017701e-30		4.4241648e-28
2.2200000e+02		2.2300000e+02		2.2250000e+02		1.1691346e+01		5.1432845e-34		1.1861377e-32		5.1567038e-34		3.1750491e-36		5.1249533e-34
2.2300000e+02		2.2400000e+02		2.2350000e+02		1.5139682e+01		6.8050315e-15		2.9830014e-14		6.8441474e-15		9.2549045e-17		6.7515983e-15
2.2400000e+02		2.2500000e+02		2.2450000e+02		1.4154944e+01		1.1972907e-23		1.1235644e-22		1.2015802e-23		1.0148962e-25		1.1914312e-23
2.2500000e+02		2.2600000e+02		2.2550000e+02		1.2365614e+01		3.7129594e-15		1.6521551e-14		3.7332328e-15		4.7967391e-17		3.6852654e-15
2.2600000e+02		2.2700000e+02		2.2650000e+02		9.0577089e+00		3.0243449e-14		1.2284574e-13		3.0417127e-14		4.1092668e-16		3.0006200e-14
2.2700000e+02		2.2800000e+02		2.2750000e+02		8.8108381e+00		1.2709890e-11		4.1060594e-11		1.2797518e-11		2.0733158e-13		1.2590187e-11
2.2800000e+02		2.2900000e+02		2.2850000e+02		1.2275156e+01		1.1943355e-04		2.1720946e-04		1.2136132e-04		4.5611338e-06		1.1680018e-04
2.2900000e+02		2.3000000e+02		2.2950000e+02		1.1031259e+01		5.1075846e-02		7.7258266e-02		5.2801743e-02		4.0835178e-03		4.8718226e-02
2.3000000e+02		2.3100000e+02		2.3050000e+02		1.2510180e+01		9.4784956e-03		1.5019758e-02		9.7155996e-03		5.6099410e-04		9.1546055e-03
2.3100000e+02		2.3200000e+02		2.3150000e+02		1.1791833e+01		1.2925489e-01		1.9152469e-01		1.3417904e-01		1.1650675e-02		1.2252837e-01
2.3200000e+02		2.3300000e+02		2.3250000e+02		1.2664003e+01		5.3669015e-01		7.7569428e-01		5.6357328e-01		6.3606154e-02		4.9996712e-01
2.3300000e+02		2.3400000e+02		2.3350000e+02		1.1428554e+01		2.0430275e+00		2.9095617e+00		2.1908232e+00		3.4968830e-01		1.8411349e+00
2.3400000e+02		2.3500000e+02		2.3450000e+02		9.9864853e+00		2.0433279e+00		2.9050977e+00		2.1945001e+00		3.5767717e-01		1.8368229e+00
2.3500000e+02		2.3600000e+02		2.3550000e+02		1.3443360e+01		1.8867234e+00		2.6835824e+00		2.0089382e+00		2.8916338e-01		1.7197749e+00
2.3600000e+02		2.3700000e+02		2.3650000e+02		1.2448020e+01		2.2249393e+00		3.1567810e+00		2.3768933e+00		3.5952698e-01		2.0173663e+00
2.3700000e+02		2.3800000e+02		2.3750000e+02		1.3294723e+01		2.3577017e+00		3.3412841e+00		2.5153195e+00		3.7292760e-01		2.1423919e+00
2.3800000e+02		2.3900000e+02		2.3850000e+02		1.1021422e+01		1.6800790e+00		2.3802558e+00		1.7853997e+00		2.4919138e-01		1.5362083e+00
2.3900000e+02		2.4000000e+02		2.3950000e+02		1.2008577e+01		1.4919612e+00		2.1146972e+00		1.5784530e+00		2.0464173e-01		1.3738113e+00
2.4000000e+02		2.4100000e+02		2.4050000e+02		1.1032163e+01		1.2290627e+00		1.7420160e+00		1.2968705e+00		1.6043508e-01		1.1364354e+00
2.4100000e+02		2.4200000e+02		2.4150000e+02		1.2918879e+01		1.4128085e+00		2.0008607e+00		1.4889179e+00		1.8007682e-01		1.3088411e+00
2.4200000e+02		2.4300000e+02		2.4250000e+02		1.7782729e+01		1.8855468e+00		2.6686749e+00		1.9844016e+00		2.3389297e-01		1.7505086e+00
2.4300000e+02		2.4400000e+02		2.4350000e+02		1.6701989e+01		1.2651572e+00		1.7960369e+00		1.3246210e+00		1.4069297e-01		1.1839281e+00
2.4400000e+02		2.4500000e+02		2.4450000e+02		1.5641720e+01		3.5986704e-01		5.2048322e-01		3.7234738e-01		2.9528793e-02		3.4281858e-01
2.4500000e+02		2.4600000e+02		2.4550000e+02		1.2691134e+01		5.7448237e-02		8.6113132e-02		5.8873060e-02		3.3711683e-03		5.5501892e-02
2.4600000e+02		2.4700000e+02		2.4650000e+02		1.2350906e+01		8.8672117e-02		1.3136420e-01		9.1017512e-02		5.5492642e-03		8.5468248e-02
2.4700000e+02		2.4800000e+02		2.4750000e+02		1.3639226e+01		7.2320026e-02		1.0787478e-01		7.4098233e-02		4.2072822e-03		6.9890951e-02
2.4800000e+02		2.4900000e+02		2.4850000e+02		1.0938846e+01		3.8863727e-02		5.8533365e-02		3.9739625e-02		2.0723973e-03		3.7667228e-02
2.4900000e+02		2.5000000e+02		2.4950000e+02		1.3333262e+01		2.3516865e-02		3.6073724e-02		2.3982259e-02		1.1011338e-03		2.2881125e-02
2.5000000e+02		2.5100000e+02		2.5050000e+02		1.4401571e+01		2.8341810e-03		4.6377576e-03		2.8752699e-03		9.7217435e-05		2.7780525e-03
2.5100000e+02		2.5200000e+02		2.5150000e+02		1.2007424e+01		4.8000681e-04		8.2676739e-04		4.8576282e-04		1.3618850e-05		4.7214397e-04
2.5200000e+02		2.5300000e+02		2.5250000e+02		1.0794009e+01		8.5356379e-04		1.4372414e-03		8.6435234e-04		2.5525996e-05		8.3882634e-04
2.5300000e+02		2.5400000e+02		2.5350000e+02		1.3602371e+01		2.5222707e-04		4.4556746e-04		2.5493993e-04		6.4187145e-06		2.4852122e-04
2.5400000e+02		2.5500000e+02		2.5450000e+02		1.5384114e+01		2.6678016e-05		5.1155712e-05		2.6909225e-05		5.4704672e-07		2.6362178e-05
2.5500000e+02		2.5600000e+02		2.5550000e+02		2.0992062e+01		2.2186252e-06		4.7038606e-06		2.2342066e-06		3.6866091e-08		2.1973405e-06
2.5600000e+02		2.5700000e+02		2.5650000e+02		2.7040612e+01		5.2344197e-05		9.9946252e-05		5.2786172e-05		1.0457249e-06		5.1740448e-05
2.5700000e+02		2.5800000e+02		2.5750000e+02		3.3946512e+01		9.5056686e-07		2.1152426e-06		9.5652164e-07		1.4089157e-08		9.4243248e-07
2.5800000e+02		2.5900000e+02		2.5850000e+02		3.5732434e+01		1.5487096e-06		3.3909462e-06		1.5584955e-06		2.3153633e-08		1.5353419e-06
2.5900000e+02		2.6000000e+02		2.5950000e+02		3.0409976e+01		6.9594024e-08		1.6986845e-07		6.9962072e-08		8.7081247e-10		6.9091260e-08
2.6000000e+02		2.6100000e+02		2.6050000e+02		2.4915606e+01		1.2045395e-08		3.1153950e-08		1.2103467e-08		1.3740148e-10		1.1966066e-08
2.6100000e+02		2.6200000e+02		2.6150000e+02		2.5442742e+01		6.1719224e-10		1.7858163e-09		6.1975838e-10		6.0715497e-12		6.1368683e-10
2.6200000e+02		2.6300000e+02		2.6250000e+02		3.0366547e+01		7.1164522e-10		2.0616162e-09		7.1455106e-10		6.8753047e-12		7.0767576e-10
2.6300000e+02		2.6400000e+02		2.6350000e+02		4.5700096e+01		2.3173498e-09		6.5206673e-09		2.3269611e-09		2.2740611e-11		2.3042205e-09
2.6400000e+02		2.6500000e+02		2.6450000e+02		7.1249372e+01		2.2215482e-11		7.5738246e-11		2.2290022e-11		1.7636383e-13		2.2113658e-11
2.6500000e+02		2.6600000e+02		2.6550000e+02		7.4731454e+01		5.5766602e-12		2.0067496e-11		5.5941927e-12		4.1482270e-14		5.5527104e-12
2.6600000e+02		2.6700000e+02		2.6650000e+02		7.2446611e+01		4.3897891e-13		1.7370924e-12		4.4023212e-13		2.9651447e-15		4.3726698e-13
2.6700000e+02		2.6800000e+02		2.6750000e+02		7.2937204e+01		1.1256271e-13		4.6909063e-13		1.1286615e-13		7.1794547e-16		1.1214821e-13
2.6800000e+02		2.6900000e+02		2.6850000e+02		7.2239021e+01		6.0576615e-15		2.8190582e-14		6.0724608e-15		3.5015513e-17		6.0374453e-15
2.6900000e+02		2.7000000e+02		2.6950000e+02		6.7758000e+01		1.0956927e-14		4.9733709e-14		1.0983744e-14		6.3450655e-17		1.0920294e-14
2.7000000e+02		2.7100000e+02		2.7050000e+02		7.8281462e+01		9.4621863e-17		5.1714182e-16		9.4822644e-17		4.7505251e-19		9.4347591e-17
2.7100000e+02		2.7200000e+02		2.7150000e+02		6.5051220e+01		4.7346153e-18		2.8787717e-17		4.7438704e-18		2.1897932e-20		4.7219725e-18
2.7200000e+02		2.7300000e+02		2.7250000e+02		5.2331568e+01		9.1853813e-20		6.4332113e-19		9.2016728e-20		3.8545920e-22		9.1631268e-20
2.7300000e+02		2.7400000e+02		2.7350000e+02		5.5800645e+01		2.2934715e-22		2.0217059e-21		2.2970240e-22		8.4054387e-25		2.2886186e-22
2.7400000e+02		2.7500000e+02		2.7450000e+02		3.8398649e+01		3.0113581e-19		1.9923984e-18		3.0167005e-19		1.2640315e-21		3.0040602e-19
2.7500000e+02		2.7600000e+02		2.7550000e+02		5.1208696e+01		1.8526546e-22		1.6409617e-21		1.8554288e-22		6.5637996e-25		1.8488650e-22
2.7600000e+02		2.7700000e+02		2.7650000e+02		7.1318275e+01		1.4490078e-21		1.2019725e-20		1.4512146e-21		5.2212440e-24		1.4459933e-21
2.7700000e+02		2.7800000e+02		2.7750000e+02		6.8188493e+01		1.2783065e-23		1.2669283e-22		1.2800651e-23		4.1610573e-26		1.2759041e-23
2.7800000e+02		2.7900000e+02		2.7850000e+02		4.7024496e+01		1.3192233e-23		1.2875762e-22		1.3210231e-23		4.2583251e-26		1.3167647e-23
2.7900000e+02		2.8000000e+02		2.7950000e+02		2.6422560e+01		9.6511306e-26		1.1108519e-24		9.6631694e-26		2.8484031e-28		9.6346854e-26
2.8000000e+02		2.8100000e+02		2.8050000e+02		2.8982131e+01		8.6224552e-26		1.0001946e-24		8.6330109e-26		2.4975074e-28		8.6080359e-26
2.8100000e+02		2.8200000e+02		2.8150000e+02		6.0033324e+01		1.6191480e-29		2.6751711e-28		1.6208416e-29		4.0069440e-32		1.6168346e-29
2.8200000e+02		2.8300000e+02		2.8250000e+02		8.1733762e+01		2.9073905e-23		2.8118862e-22		2.9111363e-23		8.8627715e-26		2.9022736e-23
2.8300000e+02		2.8400000e+02		2.8350000e+02		8.4433091e+01		7.6673760e-28		1.1082956e-26		7.6755646e-28		1.9374524e-30		7.6561901e-28
2.8400000e+02		2.8500000e+02		2.8450000e+02		6.2255376e+01		1.1427448e-26		1.4734440e-25		1.1440036e-26		2.9782580e-29		1.1410253e-26
2.8500000e+02		2.8600000e+02		2.8550000e+02		4.0018063e+01		1.7100141e-29		2.7761129e-28		1.7117085e-29		4.0088766e-32		1.7076996e-29
2.8600000e+02		2.8700000e+02		2.8650000e+02		8.2001717e+01		5.7748670e-27		7.7218213e-26		5.7809482e-27		1.4388153e-29		5.7665600e-27
2.8700000e+02		2.8800000e+02		2.8750000e+02		9.5189148e+01		2.8893277e-28		4.3537105e-27		2.8921862e-28		6.7633830e-31		2.8854228e-28
2.8800000e+02		2.8900000e+02		2.8850000e+02		9.0460934e+01		1.9301530e-27		2.7006037e-26		1.9320900e-27		4.5829526e-30		1.9275071e-27
2.8900000e+02		2.9000000e+02		2.8950000e+02		1.3728321e+02		1.7888572e-24		1.9614276e-23		1.7908165e-24		4.6358916e-27		1.7861807e-24
2.9000000e+02		2.9100000e+02		2.9050000e+02		1.8023325e+02		5.2623579e-28		7.9407465e-27		5.2673346e-28		1.1774885e-30		5.2555597e-28
2.9100000e+02		2.9200000e+02		2.9150000e+02		1.7359450e+02		4.5863605e-22		4.1095008e-21		4.5917158e-22		1.2670758e-24		4.5790450e-22
2.9200000e+02		2.9300000e+02		2.9250000e+02		1.5421676e+02		1.1296774e-28		1.7965693e-27		1.1306940e-28		2.4055167e-31		1.1282885e-28
2.9300000e+02		2.9400000e+02		2.9350000e+02		1.6099986e+02		1.9535900e-22		1.8029195e-21		1.9557739e-22		5.1671836e-25		1.9506067e-22
2.9400000e+02		2.9500000e+02		2.9450000e+02		1.4991794e+02		6.5576840e-25		7.4941268e-24		6.5642383e-25		1.5507649e-27		6.5487306e-25
2.9500000e+02		2.9600000e+02		2.9550000e+02		1.6232431e+02		3.5439367e-18		2.2540102e-17		3.5486192e-18		1.1078857e-20		3.5375404e-18
2.9600000e+02		2.9700000e+02		2.9650000e+02		1.4851381e+02		1.9751171e-25		2.3615558e-24		1.9769979e-25		4.4500367e-28		1.9725478e-25
2.9700000e+02		2.9800000e+02		2.9750000e+02		1.5140866e+02		1.7938159e-18		1.1676484e-17		1.7960879e-18		5.3754822e-21		1.7907124e-18
2.9800000e+02		2.9900000e+02		2.9850000e+02		1.3012850e+02		4.0925634e-25		4.7356677e-24		4.0964036e-25		9.0860259e-28		4.0873176e-25
2.9900000e+02		3.0000000e+02		2.9950000e+02		1.4682541e+02		2.3172254e-16		1.2525389e-15		2.3204183e-16		7.5546122e-19		2.3128637e-16
3.0000000e+02		3.0100000e+02		3.0050000e+02		1.1681452e+02		9.1411018e-22		7.8582511e-21		9.1506648e-22		2.2626320e-24		9.1280385e-22
3.0100000e+02		3.0200000e+02		3.0150000e+02		1.3434477e+02		4.2007516e-10		1.3102122e-09		4.2094649e-10		2.0615864e-12		4.1888491e-10
3.0200000e+02		3.0300000e+02		3.0250000e+02		1.4142283e+02		1.5998710e-19		1.1384801e-18		1.6016660e-19		4.2470166e-22		1.5974190e-19
3.0300000e+02		3.0400000e+02		3.0350000e+02		1.8342160e+02		1.6649202e-07		4.1937304e-07		1.6691947e-07		1.0113577e-09		1.6590811e-07
3.0400000e+02		3.0500000e+02		3.0450000e+02		1.7556728e+02		7.9822266e-17		4.5229804e-16		7.9921723e-17		2.3531795e-19		7.9686405e-17
3.0500000e+02		3.0600000e+02		3.0550000e+02		1.7728071e+02		1.1368707e-05		2.4439052e-05		1.1404410e-05		8.4474326e-08		1.1319935e-05
3.0600000e+02		3.0700000e+02		3.0650000e+02		1.6814926e+02		5.1893438e-15		2.5051539e-14		5.1963304e-15		1.6530531e-17		5.1797999e-15
3.0700000e+02		3.0800000e+02		3.0750000e+02		1.8878816e+02		7.6720448e-06		1.6770610e-05		7.6948461e-06		5.3948335e-08		7.6408977e-06
3.0800000e+02		3.0900000e+02		3.0850000e+02		1.8529086e+02		1.6397604e-10		5.3632936e-10		1.6427037e-10		6.9637961e-13		1.6357399e-10
3.0900000e+02		3.1000000e+02		3.0950000e+02		1.5026991e+02		1.7996767e-05		3.7800806e-05		1.8052334e-05		1.3147348e-07		1.7920861e-05
3.1000000e+02		3.1100000e+02		3.1050000e+02		1.8913229e+02		3.3241856e-07		8.1661584e-07		3.3321832e-07		1.8922566e-09		3.3132606e-07
3.1100000e+02		3.1200000e+02		3.1150000e+02		2.2495083e+02		2.6255139e-04		5.0758048e-04		2.6347202e-04		2.1782420e-06		2.6129378e-04
3.1200000e+02		3.1300000e+02		3.1250000e+02		2.0030306e+02		1.4316346e-03		2.5946979e-03		1.4373464e-03		1.3514395e-05		1.4238321e-03
3.1300000e+02		3.1400000e+02		3.1350000e+02		2.1331645e+02		4.0781692e-04		7.7448474e-04		4.0926075e-04		3.4161511e-06		4.0584460e-04
3.1400000e+02		3.1500000e+02		3.1450000e+02		2.0119548e+02		8.8866865e-02		1.4021571e-01		8.9395477e-02		1.2507075e-03		8.8144769e-02
3.1500000e+02		3.1600000e+02		3.1550000e+02		1.9522773e+02		1.0421681e-02		1.7619104e-02		1.0469773e-02		1.1378647e-04		1.0355986e-02
3.1600000e+02		3.1700000e+02		3.1650000e+02		1.9043254e+02		2.5217270e-01		3.8458972e-01		2.5386874e-01		4.0128842e-03		2.4985586e-01
3.1700000e+02		3.1800000e+02		3.1750000e+02		2.4155434e+02		2.6204219e-01		4.0200923e-01		2.6373173e-01		3.9974965e-03		2.5973423e-01
3.1800000e+02		3.1900000e+02		3.1850000e+02		1.9952276e+02		9.8756193e-01		1.4496624e+00		9.9554272e-01		1.8882766e-02		9.7665996e-01
3.1900000e+02		3.2000000e+02		3.1950000e+02		2.1430874e+02		2.9425259e+00		4.2039446e+00		2.9709489e+00		6.7249570e-02		2.9036993e+00
3.2000000e+02		3.2100000e+02		3.2050000e+02		2.4621307e+02		9.7008993e+00		1.3514991e+01		9.8174387e+00		2.7573523e-01		9.5417035e+00
3.2100000e+02		3.2200000e+02		3.2150000e+02		2.0677326e+02		1.4927348e+01		2.0528440e+01		1.5133245e+01		4.8715706e-01		1.4646088e+01
3.2200000e+02		3.2300000e+02		3.2250000e+02		2.0765168e+02		2.2311868e+01		3.0443727e+01		2.2650285e+01		8.0070417e-01		2.1849581e+01
3.2300000e+02		3.2400000e+02		3.2350000e+02		2.0066974e+02		6.5248906e+01		8.7469110e+01		6.6636146e+01		3.2822459e+00		6.3353901e+01
3.2400000e+02		3.2500000e+02		3.2450000e+02		2.3629853e+02		7.4689879e+01		1.0013543e+02		7.6241226e+01		3.6705261e+00		7.2570700e+01
3.2500000e+02		3.2600000e+02		3.2550000e+02		2.7209498e+02		1.1483662e+02		1.5339496e+02		1.1746171e+02		6.2110343e+00		1.1125067e+02
3.2600000e+02		3.2700000e+02		3.2650000e+02		3.0699214e+02		1.8017277e+02		2.3987857e+02		1.8485002e+02		1.1066503e+01		1.7378352e+02
3.2700000e+02		3.2800000e+02		3.2750000e+02		2.9701525e+02		1.7957103e+02		2.3895416e+02		1.8423631e+02		1.1038170e+01		1.7319814e+02
3.2800000e+02		3.2900000e+02		3.2850000e+02		2.8673370e+02		2.0670404e+02		2.7468891e+02		2.1248293e+02		1.3673012e+01		1.9880992e+02
3.2900000e+02		3.3000000e+02		3.2950000e+02		3.3379807e+02		2.5249862e+02		3.3536845e+02		2.5964583e+02		1.6910481e+01		2.4273535e+02
3.3000000e+02		3.3100000e+02		3.3050000e+02		3.1443449e+02		2.5544381e+02		3.3908830e+02		2.6286577e+02		1.7560543e+01		2.4530523e+02
3.3100000e+02		3.3200000e+02		3.3150000e+02		3.0087994e+02		2.6295485e+02		3.4888911e+02		2.7082101e+02		1.8611534e+01		2.5220948e+02
3.3200000e+02		3.3300000e+02		3.3250000e+02		2.9519831e+02		2.5589344e+02		3.3941278e+02		2.6341567e+02		1.7797803e+01		2.4561787e+02
3.3300000e+02		3.3400000e+02		3.3350000e+02		2.8364288e+02		2.5653071e+02		3.4012620e+02		2.6416711e+02		1.8067916e+01		2.4609920e+02
3.3400000e+02		3.3500000e+02		3.3450000e+02		2.9883003e+02		2.7179598e+02		3.6024639e+02		2.7981280e+02		1.8967995e+01		2.6084480e+02
3.3500000e+02		3.3600000e+02		3.3550000e+02		2.9511053e+02		2.7047005e+02		3.5837062e+02		2.7838485e+02		1.8726635e+01		2.5965822e+02
3.3600000e+02		3.3700000e+02		3.3650000e+02		2.4313126e+02		2.2273772e+02		2.9503213e+02		2.2917297e+02		1.5225968e+01		2.1394700e+02
3.3700000e+02		3.3800000e+02		3.3750000e+02		2.5649874e+02		2.3537892e+02		3.1167812e+02		2.4210193e+02		1.5906822e+01		2.2619511e+02
3.3800000e+02		3.3900000e+02		3.3850000e+02		2.7748673e+02		2.5713722e+02		3.4037984e+02		2.6443451e+02		1.7265583e+01		2.4716893e+02
3.3900000e+02		3.4000000e+02		3.3950000e+02		2.9040264e+02		2.7862729e+02		3.6870049e+02		2.8660855e+02		1.8883874e+01		2.6772468e+02
3.4000000e+02		3.4100000e+02		3.4050000e+02		3.0654056e+02		2.9536092e+02		3.9072281e+02		3.0374016e+02		1.9825498e+01		2.8391467e+02
3.4100000e+02		3.4200000e+02		3.4150000e+02		2.7979685e+02		2.7097137e+02		3.5834893e+02		2.7858933e+02		1.8024289e+01		2.6056504e+02
3.4200000e+02		3.4300000e+02		3.4250000e+02		3.0344565e+02		2.9396836e+02		3.8864548e+02		3.0213369e+02		1.9319390e+01		2.8281430e+02
3.4300000e+02		3.4400000e+02		3.4350000e+02		2.9822260e+02		2.8948991e+02		3.8261142e+02		2.9744328e+02		1.8817884e+01		2.7862540e+02
3.4400000e+02		3.4500000e+02		3.4450000e+02		2.3986676e+02		2.3246122e+02		3.0714968e+02		2.3876375e+02		1.4911965e+01		2.2385179e+02
3.4500000e+02		3.4600000e+02		3.4550000e+02		2.8907088e+02		2.8083001e+02		3.7095207e+02		2.8836367e+02		1.7824816e+01		2.7053885e+02
3.4600000e+02		3.4700000e+02		3.4650000e+02		2.8069735e+02		2.7298731e+02		3.6049057e+02		2.8022731e+02		1.7130031e+01		2.6309728e+02
3.4700000e+02		3.4800000e+02		3.4750000e+02		2.7782009e+02		2.6928043e+02		3.5549896e+02		2.7632113e+02		1.6658473e+01		2.5966266e+02
3.4800000e+02		3.4900000e+02		3.4850000e+02		2.8744416e+02		2.7953747e+02		3.6893729e+02		2.8677427e+02		1.7122434e+01		2.6965183e+02
3.4900000e+02		3.5000000e+02		3.4950000e+02		2.7550877e+02		2.6776061e+02		3.5329941e+02		2.7460699e+02		1.6198701e+01		2.5840829e+02
3.5000000e+02		3.5100000e+02		3.5050000e+02		3.3002358e+02		3.2073576e+02		4.2308590e+02		3.2883896e+02		1.9172379e+01		3.0966658e+02
3.5100000e+02		3.5200000e+02		3.5150000e+02		3.0660572e+02		2.9865813e+02		3.9385825e+02		3.0612499e+02		1.7666770e+01		2.8845822e+02
3.5200000e+02		3.5300000e+02		3.5250000e+02		2.8324198e+02		2.7691661e+02		3.6508928e+02		2.8377425e+02		1.6225348e+01		2.6754890e+02
3.5300000e+02		3.5400000e+02		3.5350000e+02		3.2405327e+02		3.1488008e+02		4.1504139e+02		3.2255555e+02		1.8160350e+01		3.0439520e+02
3.5400000e+02		3.5500000e+02		3.5450000e+02		3.4586270e+02		3.3619776e+02		4.4302899e+02		3.4429846e+02		1.9166472e+01		3.2513199e+02
3.5500000e+02		3.5600000e+02		3.5550000e+02		3.2478382e+02		3.1736888e+02		4.1810805e+02		3.2495187e+02		1.7941539e+01		3.0701033e+02
3.5600000e+02		3.5700000e+02		3.5650000e+02		2.8234357e+02		2.7625416e+02		3.6385286e+02		2.8278311e+02		1.5447641e+01		2.6733547e+02
3.5700000e+02		3.5800000e+02		3.5750000e+02		2.4674321e+02		2.4117056e+02		3.1756920e+02		2.4680015e+02		1.3319762e+01		2.3348039e+02
3.5800000e+02		3.5900000e+02		3.5850000e+02		2.1181106e+02		2.0579173e+02		2.7092406e+02		2.1052140e+02		1.1190513e+01		1.9933089e+02
3.5900000e+02		3.6000000e+02		3.5950000e+02		3.0582840e+02		2.9666497e+02		3.9046977e+02		3.0339730e+02		1.5928875e+01		2.8746843e+02
3.6000000e+02		3.6100000e+02		3.6050000e+02		3.0178862e+02		2.9296994e+02		3.8551721e+02		2.9954487e+02		1.5556472e+01		2.8398840e+02
3.6100000e+02		3.6200000e+02		3.6150000e+02		2.8033735e+02		2.7397484e+02		3.6043186e+02		2.8007901e+02		1.4442634e+01		2.6563638e+02
3.6200000e+02		3.6300000e+02		3.6250000e+02		3.1645921e+02		3.0855397e+02		4.0583589e+02		3.1533939e+02		1.6054487e+01		2.9928491e+02
3.6300000e+02		3.6400000e+02		3.6350000e+02		3.0810145e+02		2.9852329e+02		3.9256595e+02		3.0498678e+02		1.5292786e+01		2.8969399e+02
3.6400000e+02		3.6500000e+02		3.6450000e+02		3.2221950e+02		3.1262873e+02		4.1102406e+02		3.1932625e+02		1.5846516e+01		3.0347974e+02
3.6500000e+02		3.6600000e+02		3.6550000e+02		3.6674574e+02		3.5784925e+02		4.7036618e+02		3.6545604e+02		1.7997852e+01		3.4745818e+02
3.6600000e+02		3.6700000e+02		3.6650000e+02		3.9198946e+02		3.8254646e+02		5.0272264e+02		3.9058688e+02		1.9023842e+01		3.7156304e+02
3.6700000e+02		3.6800000e+02		3.6750000e+02		3.7850004e+02		3.7101625e+02		4.8746006e+02		3.7874822e+02		1.8294015e+01		3.6045420e+02
3.6800000e+02		3.6900000e+02		3.6850000e+02		3.4895620e+02		3.4189808e+02		4.4911187e+02		3.4894074e+02		1.6663123e+01		3.3227762e+02
3.6900000e+02		3.7000000e+02		3.6950000e+02		3.8736224e+02		3.7683476e+02		4.9491974e+02		3.8447450e+02		1.8075804e+01		3.6639869e+02
3.7000000e+02		3.7100000e+02		3.7050000e+02		3.6351013e+02		3.4982225e+02		4.5937487e+02		3.5678617e+02		1.6476822e+01		3.4030935e+02
3.7100000e+02		3.7200000e+02		3.7150000e+02		3.7529261e+02		3.6677630e+02		4.8150899e+02		3.7406818e+02		1.7252788e+01		3.5681539e+02
3.7200000e+02		3.7300000e+02		3.7250000e+02		3.1177186e+02		3.0578903e+02		4.0135956e+02		3.1181463e+02		1.4256721e+01		2.9755791e+02
3.7300000e+02		3.7400000e+02		3.7350000e+02		2.7192112e+02		2.6653062e+02		3.4976559e+02		2.7172206e+02		1.2283083e+01		2.5943898e+02
3.7400000e+02		3.7500000e+02		3.7450000e+02		2.7832167e+02		2.7179713e+02		3.5661606e+02		2.7701992e+02		1.2357238e+01		2.6466268e+02
3.7500000e+02		3.7600000e+02		3.7550000e+02		3.1876744e+02		3.0825472e+02		4.0439637e+02		3.1407559e+02		1.3772311e+01		3.0030328e+02
3.7600000e+02		3.7700000e+02		3.7650000e+02		3.3048657e+02		3.2292109e+02		4.2353669e+02		3.2899224e+02		1.4364506e+01		3.1462774e+02
3.7700000e+02		3.7800000e+02		3.7750000e+02		3.8770864e+02		3.8014490e+02		4.9849116e+02		3.8722924e+02		1.6761732e+01		3.7046751e+02
3.7800000e+02		3.7900000e+02		3.7850000e+02		4.0380398e+02		3.9491269e+02		5.1777112e+02		4.0217947e+02		1.7193370e+01		3.8498610e+02
3.7900000e+02		3.8000000e+02		3.7950000e+02		3.2744385e+02		3.2157898e+02		4.2153935e+02		3.2744766e+02		1.3885427e+01		3.1356223e+02
3.8000000e+02		3.8100000e+02		3.8050000e+02		3.5656330e+02		3.5087773e+02		4.5986040e+02		3.5721958e+02		1.5004961e+01		3.4221461e+02
3.8100000e+02		3.8200000e+02		3.8150000e+02		3.2019140e+02		3.1515169e+02		4.1296646e+02		3.2078668e+02		1.3332525e+01		3.0745416e+02
3.8200000e+02		3.8300000e+02		3.8250000e+02		2.2964197e+02		2.2549624e+02		2.9543822e+02		2.2947836e+02		9.4217759e+00		2.2005658e+02
3.8300000e+02		3.8400000e+02		3.8350000e+02		2.0267593e+02		1.9716531e+02		2.5829098e+02		2.0058863e+02		8.0996685e+00		1.9248897e+02
3.8400000e+02		3.8500000e+02		3.8450000e+02		2.7111947e+02		2.6521987e+02		3.4737549e+02		2.6979165e+02		1.0816940e+01		2.5897471e+02
3.8500000e+02		3.8600000e+02		3.8550000e+02		2.8715912e+02		2.8268199e+02		3.7017279e+02		2.8752220e+02		1.1452057e+01		2.7607014e+02
3.8600000e+02		3.8700000e+02		3.8650000e+02		2.8837692e+02		2.8426919e+02		3.7218843e+02		2.8908871e+02		1.1403121e+01		2.7768559e+02
3.8700000e+02		3.8800000e+02		3.8750000e+02		2.8805300e+02		2.8391290e+02		3.7166334e+02		2.8867453e+02		1.1266140e+01		2.7740839e+02
3.8800000e+02		3.8900000e+02		3.8850000e+02		2.9209390e+02		2.8680537e+02		3.7539997e+02		2.9155246e+02		1.1231713e+01		2.8032074e+02
3.8900000e+02		3.9000000e+02		3.8950000e+02		3.5069332e+02		3.4250832e+02		4.4825591e+02		3.4809762e+02		1.3224415e+01		3.3487320e+02
3.9000000e+02		3.9100000e+02		3.9050000e+02		3.6838836e+02		3.6239184e+02		4.7418448e+02		3.6827046e+02		1.3908961e+01		3.5436150e+02
3.9100000e+02		3.9200000e+02		3.9150000e+02		3.9613874e+02		3.9089903e+02		5.1139873e+02		3.9718578e+02		1.4874606e+01		3.8231117e+02
3.9200000e+02		3.9300000e+02		3.9250000e+02		3.0403432e+02		3.0022237e+02		3.9270976e+02		3.0500207e+02		1.1308877e+01		2.9369319e+02
3.9300000e+02		3.9400000e+02		3.9350000e+02		1.8639471e+02		1.8411861e+02		2.4080292e+02		1.8701968e+02		6.8640054e+00		1.8015567e+02
3.9400000e+02		3.9500000e+02		3.9450000e+02		3.0813115e+02		3.0441038e+02		3.9807082e+02		3.0915696e+02		1.1230531e+01		2.9792643e+02
3.9500000e+02		3.9600000e+02		3.9550000e+02		3.7840801e+02		3.7382423e+02		4.8877215e+02		3.7959205e+02		1.3646816e+01		3.6594523e+02
3.9600000e+02		3.9700000e+02		3.9650000e+02		2.6140326e+02		2.5814724e+02		3.3747868e+02		2.6208781e+02		9.3234961e+00		2.5276432e+02
3.9700000e+02		3.9800000e+02		3.9750000e+02		2.9300657e+02		2.8930008e+02		3.7815307e+02		2.9366969e+02		1.0338616e+01		2.8333107e+02
3.9800000e+02		3.9900000e+02		3.9850000e+02		4.5124719e+02		4.4579751e+02		5.8263339e+02		4.5246355e+02		1.5772033e+01		4.3669152e+02
3.9900000e+02		4.0000000e+02		3.9950000e+02		4.9846141e+02		4.9251848e+02		6.4360729e+02		4.9980770e+02		1.7246461e+01		4.8256124e+02
4.0000000e+02		4.0100000e+02		4.0050000e+02		5.1407199e+02		5.0811664e+02		6.6390005e+02		5.1556077e+02		1.7613001e+01		4.9794777e+02
4.0100000e+02		4.0200000e+02		4.0150000e+02		5.3860814e+02		5.3249957e+02		6.9566543e+02		5.4022187e+02		1.8271168e+01		5.2195070e+02
4.0200000e+02		4.0300000e+02		4.0250000e+02		5.4526519e+02		5.3919263e+02		7.0431646e+02		5.4693278e+02		1.8313395e+01		5.2861939e+02
4.0300000e+02		4.0400000e+02		4.0350000e+02		5.2165796e+02		5.1597656e+02		6.7390266e+02		5.2330881e+02		1.7348284e+01		5.0596053e+02
4.0400000e+02		4.0500000e+02		4.0450000e+02		5.1300620e+02		5.0750669e+02		6.6275530e+02		5.1464575e+02		1.6891185e+01		4.9775456e+02
4.0500000e+02		4.0600000e+02		4.0550000e+02		5.1256585e+02		5.0716100e+02		6.6221987e+02		5.1422336e+02		1.6709714e+01		4.9751364e+02
4.0600000e+02		4.0700000e+02		4.0650000e+02		4.9035274e+02		4.8522162e+02		6.3349387e+02		4.9191019e+02		1.5825315e+01		4.7608487e+02
4.0700000e+02		4.0800000e+02		4.0750000e+02		4.9838294e+02		4.9325661e+02		6.4390449e+02		4.9998785e+02		1.5926268e+01		4.8406158e+02
4.0800000e+02		4.0900000e+02		4.0850000e+02		5.2990289e+02		5.2451703e+02		6.8462892e+02		5.3160310e+02		1.6765823e+01		5.1483728e+02
4.0900000e+02		4.1000000e+02		4.0950000e+02		5.2713439e+02		5.2183017e+02		6.8104008e+02		5.2880936e+02		1.6512933e+01		5.1229643e+02
4.1000000e+02		4.1100000e+02		4.1050000e+02		4.8293937e+02		4.7812911e+02		6.2393184e+02		4.8445996e+02		1.4978954e+01		4.6948101e+02
4.1100000e+02		4.1200000e+02		4.1150000e+02		5.5986852e+02		5.5434761e+02		7.2330799e+02		5.6161453e+02		1.7193739e+01		5.4442080e+02
4.1200000e+02		4.1300000e+02		4.1250000e+02		5.4940473e+02		5.4404044e+02		7.0977716e+02		5.5110137e+02		1.6706363e+01		5.3439501e+02
4.1300000e+02		4.1400000e+02		4.1350000e+02		5.2995399e+02		5.2483088e+02		6.8463736e+02		5.3157498e+02		1.5956725e+01		5.1561826e+02
4.1400000e+02		4.1500000e+02		4.1450000e+02		5.3771640e+02		5.3257044e+02		6.9465514e+02		5.3934634e+02		1.6031951e+01		5.2331439e+02
4.1500000e+02		4.1600000e+02		4.1550000e+02		5.3722776e+02		5.3213697e+02		6.9401238e+02		5.3884058e+02		1.5860903e+01		5.2297968e+02
4.1600000e+02		4.1700000e+02		4.1650000e+02		5.5745703e+02		5.5222653e+02		7.2013385e+02		5.5911477e+02		1.6297753e+01		5.4281702e+02
4.1700000e+02		4.1800000e+02		4.1750000e+02		5.0725322e+02		5.0253942e+02		6.5526786e+02		5.0874635e+02		1.4685768e+01		4.9406059e+02
4.1800000e+02		4.1900000e+02		4.1850000e+02		5.2601513e+02		5.2116198e+02		6.7947720e+02		5.2753580e+02		1.5080630e+01		5.1245517e+02
4.1900000e+02		4.2000000e+02		4.1950000e+02		5.3123875e+02		5.2639879e+02		6.8623182e+02		5.3277389e+02		1.5083668e+01		5.1769023e+02
4.2000000e+02		4.2100000e+02		4.2050000e+02		5.3797708e+02		5.3312423e+02		6.9492647e+02		5.3951789e+02		1.5127577e+01		5.2439031e+02
4.2100000e+02		4.2200000e+02		4.2150000e+02		5.2958361e+02		5.2485288e+02		6.8407393e+02		5.3108618e+02		1.4748146e+01		5.1633803e+02
4.2200000e+02		4.2300000e+02		4.2250000e+02		5.0190537e+02		4.9746534e+02		6.4831168e+02		5.0331610e+02		1.3843051e+01		4.8947305e+02
4.2300000e+02		4.2400000e+02		4.2350000e+02		5.3474862e+02		5.3006378e+02		6.9072511e+02		5.3623764e+02		1.4607529e+01		5.2163012e+02
4.2400000e+02		4.2500000e+02		4.2450000e+02		5.5328403e+02		5.4848355e+02		7.1465650e+02		5.5481033e+02		1.4969324e+01		5.3984100e+02
4.2500000e+02		4.2600000e+02		4.2550000e+02		5.3248014e+02		5.2790461e+02		6.8777493e+02		5.3393541e+02		1.4269024e+01		5.1966638e+02
4.2600000e+02		4.2700000e+02		4.2650000e+02		5.3029841e+02		5.2578536e+02		6.8494710e+02		5.3173428e+02		1.4075303e+01		5.1765898e+02
4.2700000e+02		4.2800000e+02		4.2750000e+02		4.9171747e+02		4.8757282e+02		6.3510598e+02		4.9303656e+02		1.2927347e+01		4.8010921e+02
4.2800000e+02		4.2900000e+02		4.2850000e+02		4.9494538e+02		4.9081337e+02		6.3926622e+02		4.9626087e+02		1.2888935e+01		4.8337194e+02
4.2900000e+02		4.3000000e+02		4.2950000e+02		4.6063718e+02		4.5682823e+02		5.9494588e+02		4.6185021e+02		1.1882132e+01		4.4996808e+02
4.3000000e+02		4.3100000e+02		4.3050000e+02		3.7055843e+02		3.6752346e+02		4.7859618e+02		3.7152528e+02		9.4684161e+00		3.6205686e+02
4.3100000e+02		4.3200000e+02		4.3150000e+02		4.5818753e+02		4.5447043e+02		5.9176587e+02		4.5937205e+02		1.1597349e+01		4.4777470e+02
4.3200000e+02		4.3300000e+02		4.3250000e+02		5.1625369e+02		5.1210515e+02		6.6675151e+02		5.1757611e+02		1.2944432e+01		5.0463167e+02
4.3300000e+02		4.3400000e+02		4.3350000e+02		5.6047485e+02		5.5601346e+02		7.2385440e+02		5.6189743e+02		1.3921621e+01		5.4797580e+02
4.3400000e+02		4.3500000e+02		4.3450000e+02		4.7595241e+02		4.7219949e+02		6.1468545e+02		4.7714944e+02		1.1711715e+01		4.6543772e+02
4.3500000e+02		4.3600000e+02		4.3550000e+02		5.3162725e+02		5.2747470e+02		6.8657979e+02		5.3295214e+02		1.2959761e+01		5.1999238e+02
4.3600000e+02		4.3700000e+02		4.3650000e+02		5.9481241e+02		5.9020985e+02		7.6817159e+02		5.9628131e+02		1.4365212e+01		5.8191609e+02
4.3700000e+02		4.3800000e+02		4.3750000e+02		5.2629983e+02		5.2226548e+02		6.7968229e+02		5.2758776e+02		1.2592630e+01		5.1499513e+02
4.3800000e+02		4.3900000e+02		4.3850000e+02		5.1257868e+02		5.0868616e+02		6.6195401e+02		5.1382169e+02		1.2150786e+01		5.0167090e+02
4.3900000e+02		4.4000000e+02		4.3950000e+02		5.7051902e+02		5.6622577e+02		7.3676881e+02		5.7188898e+02		1.3399312e+01		5.5848967e+02
4.4000000e+02		4.4100000e+02		4.4050000e+02		5.4089681e+02		5.3685889e+02		6.9849920e+02		5.4217849e+02		1.2586318e+01		5.2959217e+02
4.4100000e+02		4.4200000e+02		4.4150000e+02		5.9491633e+02		5.9041319e+02		7.6811647e+02		5.9620858e+02		1.3712053e+01		5.8249653e+02
4.4200000e+02		4.4300000e+02		4.4250000e+02		6.2544254e+02		6.2067723e+02		8.0742518e+02		6.2671291e+02		1.4280572e+01		6.1243234e+02
4.4300000e+02		4.4400000e+02		4.4350000e+02		6.0497206e+02		6.0041297e+02		7.8100143e+02		6.0619782e+02		1.3687098e+01		5.9251072e+02
4.4400000e+02		4.4500000e+02		4.4450000e+02		6.2324411e+02		6.1846036e+02		8.0441518e+02		6.2436346e+02		1.3966892e+01		6.1039657e+02
4.4500000e+02		4.4600000e+02		4.4550000e+02		5.7783999e+02		5.7347050e+02		7.4583956e+02		5.7889412e+02		1.2832421e+01		5.6606170e+02
4.4600000e+02		4.4700000e+02		4.4650000e+02		5.8940025e+02		5.8514214e+02		7.6095868e+02		5.9062647e+02		1.2976061e+01		5.7765041e+02
4.4700000e+02		4.4800000e+02		4.4750000e+02		6.3881895e+02		6.3428549e+02		8.2480467e+02		6.4017637e+02		1.3937953e+01		6.2623841e+02
4.4800000e+02		4.4900000e+02		4.4850000e+02		6.2805979e+02		6.2368880e+02		8.1096339e+02		6.2942875e+02		1.3580851e+01		6.1584790e+02
4.4900000e+02		4.5000000e+02		4.4950000e+02		6.3454704e+02		6.3019082e+02		8.1935648e+02		6.3593798e+02		1.3597935e+01		6.2234005e+02
4.5000000e+02		4.5100000e+02		4.5050000e+02		6.7325368e+02		6.6867698e+02		8.6933105e+02		6.7471982e+02		1.4297518e+01		6.6042230e+02
4.5100000e+02		4.5200000e+02		4.5150000e+02		6.7122600e+02		6.6670437e+02		8.6670341e+02		6.7267486e+02		1.4126309e+01		6.5854855e+02
4.5200000e+02		4.5300000e+02		4.5250000e+02		6.3541039e+02		6.3116868e+02		8.2044860e+02		6.3676988e+02		1.3252587e+01		6.2351730e+02
4.5300000e+02		4.5400000e+02		4.5350000e+02		6.0888666e+02		6.0485863e+02		7.8619251e+02		6.1017798e+02		1.2585717e+01		5.9759226e+02
4.5400000e+02		4.5500000e+02		4.5450000e+02		6.4999363e+02		6.4573230e+02		8.3926087e+02		6.5136006e+02		1.3315413e+01		6.3804465e+02
4.5500000e+02		4.5600000e+02		4.5550000e+02		6.4380306e+02		6.3962017e+02		8.3125905e+02		6.4514465e+02		1.3071078e+01		6.3207358e+02
4.5600000e+02		4.5700000e+02		4.5650000e+02		6.6853861e+02		6.6423387e+02		8.6318796e+02		6.6991960e+02		1.3452592e+01		6.5646701e+02
4.5700000e+02		4.5800000e+02		4.5750000e+02		6.7499745e+02		6.7068992e+02		8.7151845e+02		6.7637966e+02		1.3462051e+01		6.6291760e+02
4.5800000e+02		4.5900000e+02		4.5850000e+02		6.3439039e+02		6.3037806e+02		8.1908065e+02		6.3567816e+02		1.2540185e+01		6.2313798e+02
4.5900000e+02		4.6000000e+02		4.5950000e+02		6.5539586e+02		6.5128751e+02		8.4619301e+02		6.5671475e+02		1.2840971e+01		6.4387377e+02
4.6000000e+02		4.6100000e+02		4.6050000e+02		6.4752339e+02		6.4350038e+02		8.3602048e+02		6.4881517e+02		1.2574912e+01		6.3624025e+02
4.6100000e+02		4.6200000e+02		4.6150000e+02		6.6245412e+02		6.5837476e+02		8.5528926e+02		6.6376428e+02		1.2751745e+01		6.5101253e+02
4.6200000e+02		4.6300000e+02		4.6250000e+02		6.6901120e+02		6.6492782e+02		8.6374671e+02		6.7032293e+02		1.2764967e+01		6.5755796e+02
4.6300000e+02		4.6400000e+02		4.6350000e+02		6.4662616e+02		6.4271417e+02		8.3483785e+02		6.4788310e+02		1.2229819e+01		6.3565328e+02
4.6400000e+02		4.6500000e+02		4.6450000e+02		6.5795753e+02		6.5401197e+02		8.4945938e+02		6.5922552e+02		1.2335393e+01		6.4689013e+02
4.6500000e+02		4.6600000e+02		4.6550000e+02		6.3552746e+02		6.3174983e+02		8.2049324e+02		6.3674174e+02		1.1810976e+01		6.2493076e+02
4.6600000e+02		4.6700000e+02		4.6650000e+02		6.3955371e+02		6.3578542e+02		8.2568365e+02		6.4076524e+02		1.1782395e+01		6.2898285e+02
4.6700000e+02		4.6800000e+02		4.6750000e+02		6.4572639e+02		6.4191703e+02		8.3359642e+02		6.4690079e+02		1.1791686e+01		6.3510910e+02
4.6800000e+02		4.6900000e+02		4.6850000e+02		6.3145002e+02		6.2776052e+02		8.1516355e+02		6.3259192e+02		1.1431206e+01		6.2116071e+02
4.6900000e+02		4.7000000e+02		4.6950000e+02		6.4956875e+02		6.4576816e+02		8.3849749e+02		6.5069474e+02		1.1656430e+01		6.3903831e+02
4.7000000e+02		4.7100000e+02		4.7050000e+02		6.1381170e+02		6.1024776e+02		7.9232939e+02		6.1486296e+02		1.0919678e+01		6.0394329e+02
4.7100000e+02		4.7200000e+02		4.7150000e+02		6.4174114e+02		6.3803035e+02		8.2835348e+02		6.4281381e+02		1.1317802e+01		6.3149601e+02
4.7200000e+02		4.7300000e+02		4.7250000e+02		6.5742798e+02		6.5365365e+02		8.4858831e+02		6.5851190e+02		1.1494739e+01		6.4701716e+02
4.7300000e+02		4.7400000e+02		4.7350000e+02		6.4563741e+02		6.4190434e+02		8.3328834e+02		6.4663386e+02		1.1190175e+01		6.3544369e+02
4.7400000e+02		4.7500000e+02		4.7450000e+02		6.6512717e+02		6.6140069e+02		8.5854784e+02		6.6623238e+02		1.1431907e+01		6.5480047e+02
4.7500000e+02		4.7600000e+02		4.7550000e+02		6.6365303e+02		6.6002657e+02		8.5671544e+02		6.6480714e+02		1.1310957e+01		6.5349619e+02
4.7600000e+02		4.7700000e+02		4.7650000e+02		6.3952653e+02		6.3607174e+02		8.2557628e+02		6.4063941e+02		1.0807224e+01		6.2983219e+02
4.7700000e+02		4.7800000e+02		4.7750000e+02		6.6772274e+02		6.6414645e+02		8.6196817e+02		6.6887499e+02		1.1187830e+01		6.5768716e+02
4.7800000e+02		4.7900000e+02		4.7850000e+02		6.6128260e+02		6.5777099e+02		8.5364757e+02		6.6241421e+02		1.0985984e+01		6.5142823e+02
4.7900000e+02		4.8000000e+02		4.7950000e+02		6.6320839e+02		6.5971651e+02		8.5612663e+02		6.6433385e+02		1.0924751e+01		6.5340910e+02
4.8000000e+02		4.8100000e+02		4.8050000e+02		6.6489751e+02		6.6142644e+02		8.5830022e+02		6.6601646e+02		1.0860087e+01		6.5515637e+02
4.8100000e+02		4.8200000e+02		4.8150000e+02		6.6630748e+02		6.6285851e+02		8.6011349e+02		6.6741950e+02		1.0791400e+01		6.5662810e+02
4.8200000e+02		4.8300000e+02		4.8250000e+02		6.6376999e+02		6.6036320e+02		8.5683120e+02		6.6486860e+02		1.0659904e+01		6.5420870e+02
4.8300000e+02		4.8400000e+02		4.8350000e+02		6.5373157e+02		6.5038930e+02		8.4384687e+02		6.5478916e+02		1.0410186e+01		6.4437897e+02
4.8400000e+02		4.8500000e+02		4.8450000e+02		6.4242337e+02		6.3913600e+02		8.2920466e+02		6.4342321e+02		1.0143645e+01		6.3327956e+02
4.8500000e+02		4.8600000e+02		4.8550000e+02		6.0369332e+02		6.0058230e+02		7.7914730e+02		6.0457685e+02		9.4512165e+00		5.9512564e+02
4.8600000e+02		4.8700000e+02		4.8650000e+02		5.2412565e+02		5.2148587e+02		6.7649976e+02		5.2492545e+02		8.1381285e+00		5.1678732e+02
4.8700000e+02		4.8800000e+02		4.8750000e+02		5.9966111e+02		5.9662727e+02		7.7393978e+02		6.0052938e+02		9.2324983e+00		5.9129688e+02
4.8800000e+02		4.8900000e+02		4.8850000e+02		6.3081686e+02		6.2765061e+02		8.1414340e+02		6.3172137e+02		9.6315087e+00		6.2208986e+02
4.8900000e+02		4.9000000e+02		4.8950000e+02		6.1880396e+02		6.1573088e+02		7.9864342e+02		6.1969110e+02		9.3699909e+00		6.1032111e+02
4.9000000e+02		4.9100000e+02		4.9050000e+02		6.5907671e+02		6.5585782e+02		8.5064978e+02		6.6004120e+02		9.8979686e+00		6.5014323e+02
4.9100000e+02		4.9200000e+02		4.9150000e+02		6.2110374e+02		6.1808828e+02		8.0162486e+02		6.2199802e+02		9.2505437e+00		6.1274747e+02
4.9200000e+02		4.9300000e+02		4.9250000e+02		5.9112858e+02		5.8832811e+02		7.6299136e+02		5.9201900e+02		8.7327338e+00		5.8328627e+02
4.9300000e+02		4.9400000e+02		4.9350000e+02		6.2472140e+02		6.2179300e+02		8.0635400e+02		6.2566165e+02		9.1533143e+00		6.1650834e+02
4.9400000e+02		4.9500000e+02		4.9450000e+02		6.4279699e+02		6.3981311e+02		8.2968486e+02		6.4376109e+02		9.3410144e+00		6.3442007e+02
4.9500000e+02		4.9600000e+02		4.9550000e+02		6.3133158e+02		6.2842502e+02		8.1488037e+02		6.3227084e+02		9.0993066e+00		6.2317153e+02
4.9600000e+02		4.9700000e+02		4.9650000e+02		6.3921352e+02		6.3629482e+02		8.2504822e+02		6.4015684e+02		9.1376455e+00		6.3101920e+02
4.9700000e+02		4.9800000e+02		4.9750000e+02		6.5113923e+02		6.4819042e+02		8.4043535e+02		6.5209242e+02		9.2322422e+00		6.4286018e+02
4.9800000e+02		4.9900000e+02		4.9850000e+02		5.9175801e+02		5.8909073e+02		7.6377409e+02		5.9260794e+02		8.3218182e+00		5.8428612e+02
4.9900000e+02		5.0000000e+02		4.9950000e+02		6.3385792e+02		6.3097833e+02		8.1804783e+02		6.3471474e+02		8.8404214e+00		6.2587432e+02
