Left Bin Edge (nm)	Right Bin Edge (nm)	Bin Center (nm)		Top of Atm Intensity (erg/s/nm/cm2)		Total Surface Flux (erg/s/nm/cm2)		Total Intensity at BOA (erg/s/nm/cm2)		Total Surface Intensity (erg/s/nm/cm2)		Total Surface Diffuse Intensity (erg/s/nm/cm2)		Total Surface Direct Intensity (erg/s/nm/cm2)
1.0000000e+02		1.0100000e+02		1.0050000e+02		1.9189487e-02		0.0000000e+00		0.0000000e+00		0.0000000e+00		0.0000000e+00		0.0000000e+00
1.0100000e+02		1.0200000e+02		1.0150000e+02		7.4861701e-02		0.0000000e+00		0.0000000e+00		0.0000000e+00		0.0000000e+00		0.0000000e+00
1.0200000e+02		1.0300000e+02		1.0250000e+02		3.9734366e-01		0.0000000e+00		0.0000000e+00		0.0000000e+00		0.0000000e+00		0.0000000e+00
1.0300000e+02		1.0400000e+02		1.0350000e+02		3.0179545e-01		0.0000000e+00		0.0000000e+00		0.0000000e+00		0.0000000e+00		0.0000000e+00
1.0400000e+02		1.0500000e+02		1.0450000e+02		6.0815352e-02		0.0000000e+00		0.0000000e+00		0.0000000e+00		0.0000000e+00		0.0000000e+00
1.0500000e+02		1.0600000e+02		1.0550000e+02		2.0834600e-02		0.0000000e+00		0.0000000e+00		0.0000000e+00		0.0000000e+00		0.0000000e+00
1.0600000e+02		1.0700000e+02		1.0650000e+02		1.9584792e-02		0.0000000e+00		0.0000000e+00		0.0000000e+00		0.0000000e+00		0.0000000e+00
1.0700000e+02		1.0800000e+02		1.0750000e+02		2.1853879e-02		0.0000000e+00		0.0000000e+00		0.0000000e+00		0.0000000e+00		0.0000000e+00
1.0800000e+02		1.0900000e+02		1.0850000e+02		3.0634999e-02		0.0000000e+00		0.0000000e+00		0.0000000e+00		0.0000000e+00		0.0000000e+00
1.0900000e+02		1.1000000e+02		1.0950000e+02		2.4032561e-02		0.0000000e+00		0.0000000e+00		0.0000000e+00		0.0000000e+00		0.0000000e+00
1.1000000e+02		1.1100000e+02		1.1050000e+02		2.3268893e-02		0.0000000e+00		0.0000000e+00		0.0000000e+00		0.0000000e+00		0.0000000e+00
1.1100000e+02		1.1200000e+02		1.1150000e+02		2.1871272e-02		0.0000000e+00		0.0000000e+00		0.0000000e+00		0.0000000e+00		0.0000000e+00
1.1200000e+02		1.1300000e+02		1.1250000e+02		2.2375602e-02		0.0000000e+00		0.0000000e+00		0.0000000e+00		0.0000000e+00		0.0000000e+00
1.1300000e+02		1.1400000e+02		1.1350000e+02		1.7748133e-02		0.0000000e+00		0.0000000e+00		0.0000000e+00		0.0000000e+00		0.0000000e+00
1.1400000e+02		1.1500000e+02		1.1450000e+02		1.3589480e-02		0.0000000e+00		0.0000000e+00		0.0000000e+00		0.0000000e+00		0.0000000e+00
1.1500000e+02		1.1600000e+02		1.1550000e+02		1.8751615e-02		0.0000000e+00		0.0000000e+00		0.0000000e+00		0.0000000e+00		0.0000000e+00
1.1600000e+02		1.1700000e+02		1.1650000e+02		4.3674487e-02		0.0000000e+00		0.0000000e+00		0.0000000e+00		0.0000000e+00		0.0000000e+00
1.1700000e+02		1.1800000e+02		1.1750000e+02		1.5546757e-01		0.0000000e+00		0.0000000e+00		0.0000000e+00		0.0000000e+00		0.0000000e+00
1.1800000e+02		1.1900000e+02		1.1850000e+02		5.2889236e-02		0.0000000e+00		0.0000000e+00		0.0000000e+00		0.0000000e+00		0.0000000e+00
1.1900000e+02		1.2000000e+02		1.1950000e+02		7.3692884e-02		0.0000000e+00		0.0000000e+00		0.0000000e+00		0.0000000e+00		0.0000000e+00
1.2000000e+02		1.2100000e+02		1.2050000e+02		4.0066072e-01		0.0000000e+00		0.0000000e+00		0.0000000e+00		0.0000000e+00		0.0000000e+00
1.2100000e+02		1.2200000e+02		1.2150000e+02		1.5905289e+01		0.0000000e+00		0.0000000e+00		0.0000000e+00		0.0000000e+00		0.0000000e+00
1.2200000e+02		1.2300000e+02		1.2250000e+02		1.0666543e-01		0.0000000e+00		0.0000000e+00		0.0000000e+00		0.0000000e+00		0.0000000e+00
1.2300000e+02		1.2400000e+02		1.2350000e+02		5.7456553e-02		0.0000000e+00		0.0000000e+00		0.0000000e+00		0.0000000e+00		0.0000000e+00
1.2400000e+02		1.2500000e+02		1.2450000e+02		4.6184197e-02		0.0000000e+00		0.0000000e+00		0.0000000e+00		0.0000000e+00		0.0000000e+00
1.2500000e+02		1.2600000e+02		1.2550000e+02		4.5085118e-02		0.0000000e+00		0.0000000e+00		0.0000000e+00		0.0000000e+00		0.0000000e+00
1.2600000e+02		1.2700000e+02		1.2650000e+02		6.3054464e-02		0.0000000e+00		0.0000000e+00		0.0000000e+00		0.0000000e+00		0.0000000e+00
1.2700000e+02		1.2800000e+02		1.2750000e+02		3.3006429e-02		0.0000000e+00		0.0000000e+00		0.0000000e+00		0.0000000e+00		0.0000000e+00
1.2800000e+02		1.2900000e+02		1.2850000e+02		2.6335196e-02		0.0000000e+00		0.0000000e+00		0.0000000e+00		0.0000000e+00		0.0000000e+00
1.2900000e+02		1.3000000e+02		1.2950000e+02		3.5131240e-02		0.0000000e+00		0.0000000e+00		0.0000000e+00		0.0000000e+00		0.0000000e+00
1.3000000e+02		1.3100000e+02		1.3050000e+02		2.8850634e-01		0.0000000e+00		0.0000000e+00		0.0000000e+00		0.0000000e+00		0.0000000e+00
1.3100000e+02		1.3200000e+02		1.3150000e+02		3.9064855e-02		0.0000000e+00		0.0000000e+00		0.0000000e+00		0.0000000e+00		0.0000000e+00
1.3200000e+02		1.3300000e+02		1.3250000e+02		3.0374778e-02		0.0000000e+00		0.0000000e+00		0.0000000e+00		0.0000000e+00		0.0000000e+00
1.3300000e+02		1.3400000e+02		1.3350000e+02		4.1056606e-01		0.0000000e+00		0.0000000e+00		0.0000000e+00		0.0000000e+00		0.0000000e+00
1.3400000e+02		1.3500000e+02		1.3450000e+02		2.8092500e-02		0.0000000e+00		0.0000000e+00		0.0000000e+00		0.0000000e+00		0.0000000e+00
1.3500000e+02		1.3600000e+02		1.3550000e+02		5.8954708e-02		0.0000000e+00		0.0000000e+00		0.0000000e+00		0.0000000e+00		0.0000000e+00
1.3600000e+02		1.3700000e+02		1.3650000e+02		3.8690656e-02		0.0000000e+00		0.0000000e+00		0.0000000e+00		0.0000000e+00		0.0000000e+00
1.3700000e+02		1.3800000e+02		1.3750000e+02		3.9732879e-02		0.0000000e+00		0.0000000e+00		0.0000000e+00		0.0000000e+00		0.0000000e+00
1.3800000e+02		1.3900000e+02		1.3850000e+02		4.0549866e-02		0.0000000e+00		0.0000000e+00		0.0000000e+00		0.0000000e+00		0.0000000e+00
1.3900000e+02		1.4000000e+02		1.3950000e+02		1.3692187e-01		0.0000000e+00		0.0000000e+00		0.0000000e+00		0.0000000e+00		0.0000000e+00
1.4000000e+02		1.4100000e+02		1.4050000e+02		1.1939088e-01		0.0000000e+00		0.0000000e+00		0.0000000e+00		0.0000000e+00		0.0000000e+00
1.4100000e+02		1.4200000e+02		1.4150000e+02		5.7521948e-02		0.0000000e+00		0.0000000e+00		0.0000000e+00		0.0000000e+00		0.0000000e+00
1.4200000e+02		1.4300000e+02		1.4250000e+02		6.2343151e-02		0.0000000e+00		0.0000000e+00		0.0000000e+00		0.0000000e+00		0.0000000e+00
1.4300000e+02		1.4400000e+02		1.4350000e+02		6.9165895e-02		0.0000000e+00		0.0000000e+00		0.0000000e+00		0.0000000e+00		0.0000000e+00
1.4400000e+02		1.4500000e+02		1.4450000e+02		6.6149126e-02		0.0000000e+00		0.0000000e+00		0.0000000e+00		0.0000000e+00		0.0000000e+00
1.4500000e+02		1.4600000e+02		1.4550000e+02		7.0536262e-02		0.0000000e+00		0.0000000e+00		0.0000000e+00		0.0000000e+00		0.0000000e+00
1.4600000e+02		1.4700000e+02		1.4650000e+02		8.6012655e-02		0.0000000e+00		0.0000000e+00		0.0000000e+00		0.0000000e+00		0.0000000e+00
1.4700000e+02		1.4800000e+02		1.4750000e+02		1.0610345e-01		0.0000000e+00		0.0000000e+00		0.0000000e+00		0.0000000e+00		0.0000000e+00
1.4800000e+02		1.4900000e+02		1.4850000e+02		1.0405386e-01		0.0000000e+00		0.0000000e+00		0.0000000e+00		0.0000000e+00		0.0000000e+00
1.4900000e+02		1.5000000e+02		1.4950000e+02		9.4002421e-02		0.0000000e+00		0.0000000e+00		0.0000000e+00		0.0000000e+00		0.0000000e+00
1.5000000e+02		1.5100000e+02		1.5050000e+02		1.0343288e-01		0.0000000e+00		0.0000000e+00		0.0000000e+00		0.0000000e+00		0.0000000e+00
1.5100000e+02		1.5200000e+02		1.5150000e+02		1.0875212e-01		0.0000000e+00		0.0000000e+00		0.0000000e+00		0.0000000e+00		0.0000000e+00
1.5200000e+02		1.5300000e+02		1.5250000e+02		1.3876638e-01		0.0000000e+00		0.0000000e+00		0.0000000e+00		0.0000000e+00		0.0000000e+00
1.5300000e+02		1.5400000e+02		1.5350000e+02		1.5371418e-01		0.0000000e+00		0.0000000e+00		0.0000000e+00		0.0000000e+00		0.0000000e+00
1.5400000e+02		1.5500000e+02		1.5450000e+02		4.1112511e-01		0.0000000e+00		0.0000000e+00		0.0000000e+00		0.0000000e+00		0.0000000e+00
1.5500000e+02		1.5600000e+02		1.5550000e+02		3.3836363e-01		0.0000000e+00		0.0000000e+00		0.0000000e+00		0.0000000e+00		0.0000000e+00
1.5600000e+02		1.5700000e+02		1.5650000e+02		2.0084632e-01		0.0000000e+00		0.0000000e+00		0.0000000e+00		0.0000000e+00		0.0000000e+00
1.5700000e+02		1.5800000e+02		1.5750000e+02		1.8216796e-01		0.0000000e+00		0.0000000e+00		0.0000000e+00		0.0000000e+00		0.0000000e+00
1.5800000e+02		1.5900000e+02		1.5850000e+02		1.6795176e-01		0.0000000e+00		0.0000000e+00		0.0000000e+00		0.0000000e+00		0.0000000e+00
1.5900000e+02		1.6000000e+02		1.5950000e+02		1.6379377e-01		0.0000000e+00		0.0000000e+00		0.0000000e+00		0.0000000e+00		0.0000000e+00
1.6000000e+02		1.6100000e+02		1.6050000e+02		1.7926410e-01		0.0000000e+00		0.0000000e+00		0.0000000e+00		0.0000000e+00		0.0000000e+00
1.6100000e+02		1.6200000e+02		1.6150000e+02		2.0306941e-01		0.0000000e+00		0.0000000e+00		0.0000000e+00		0.0000000e+00		0.0000000e+00
1.6200000e+02		1.6300000e+02		1.6250000e+02		2.2492895e-01		0.0000000e+00		0.0000000e+00		0.0000000e+00		0.0000000e+00		0.0000000e+00
1.6300000e+02		1.6400000e+02		1.6350000e+02		4.7671727e-01		0.0000000e+00		0.0000000e+00		0.0000000e+00		0.0000000e+00		0.0000000e+00
1.6400000e+02		1.6500000e+02		1.6450000e+02		4.8753270e-01		0.0000000e+00		0.0000000e+00		0.0000000e+00		0.0000000e+00		0.0000000e+00
1.6500000e+02		1.6600000e+02		1.6550000e+02		5.7072689e-01		0.0000000e+00		0.0000000e+00		0.0000000e+00		0.0000000e+00		0.0000000e+00
1.6600000e+02		1.6700000e+02		1.6650000e+02		2.6919628e-01		0.0000000e+00		0.0000000e+00		0.0000000e+00		0.0000000e+00		0.0000000e+00
1.6700000e+02		1.6800000e+02		1.6750000e+02		2.8728373e-01		0.0000000e+00		0.0000000e+00		0.0000000e+00		0.0000000e+00		0.0000000e+00
1.6800000e+02		1.6900000e+02		1.6850000e+02		3.0958866e-01		0.0000000e+00		0.0000000e+00		0.0000000e+00		0.0000000e+00		0.0000000e+00
1.6900000e+02		1.7000000e+02		1.6950000e+02		3.8988989e-01		0.0000000e+00		0.0000000e+00		0.0000000e+00		0.0000000e+00		0.0000000e+00
1.7000000e+02		1.7100000e+02		1.7050000e+02		4.3752516e-01		0.0000000e+00		0.0000000e+00		0.0000000e+00		0.0000000e+00		0.0000000e+00
1.7100000e+02		1.7200000e+02		1.7150000e+02		4.3618394e-01		0.0000000e+00		0.0000000e+00		0.0000000e+00		0.0000000e+00		0.0000000e+00
1.7200000e+02		1.7300000e+02		1.7250000e+02		4.5514763e-01		0.0000000e+00		0.0000000e+00		0.0000000e+00		0.0000000e+00		0.0000000e+00
1.7300000e+02		1.7400000e+02		1.7350000e+02		4.5120572e-01		0.0000000e+00		0.0000000e+00		0.0000000e+00		0.0000000e+00		0.0000000e+00
1.7400000e+02		1.7500000e+02		1.7450000e+02		5.3951828e-01		0.0000000e+00		0.0000000e+00		0.0000000e+00		0.0000000e+00		0.0000000e+00
1.7500000e+02		1.7600000e+02		1.7550000e+02		6.4389120e-01		0.0000000e+00		0.0000000e+00		0.0000000e+00		0.0000000e+00		0.0000000e+00
1.7600000e+02		1.7700000e+02		1.7650000e+02		6.9472845e-01		0.0000000e+00		0.0000000e+00		0.0000000e+00		0.0000000e+00		0.0000000e+00
1.7700000e+02		1.7800000e+02		1.7750000e+02		8.1849614e-01		0.0000000e+00		0.0000000e+00		0.0000000e+00		0.0000000e+00		0.0000000e+00
1.7800000e+02		1.7900000e+02		1.7850000e+02		8.9455089e-01		0.0000000e+00		0.0000000e+00		0.0000000e+00		0.0000000e+00		0.0000000e+00
1.7900000e+02		1.8000000e+02		1.7950000e+02		8.6966614e-01		0.0000000e+00		0.0000000e+00		0.0000000e+00		0.0000000e+00		0.0000000e+00
1.8000000e+02		1.8100000e+02		1.8050000e+02		1.0753674e+00		0.0000000e+00		0.0000000e+00		0.0000000e+00		0.0000000e+00		0.0000000e+00
1.8100000e+02		1.8200000e+02		1.8150000e+02		1.3093431e+00		0.0000000e+00		0.0000000e+00		0.0000000e+00		0.0000000e+00		0.0000000e+00
1.8200000e+02		1.8300000e+02		1.8250000e+02		1.2087370e+00		0.0000000e+00		0.0000000e+00		0.0000000e+00		0.0000000e+00		0.0000000e+00
1.8300000e+02		1.8400000e+02		1.8350000e+02		1.2728289e+00		0.0000000e+00		0.0000000e+00		0.0000000e+00		0.0000000e+00		0.0000000e+00
1.8400000e+02		1.8500000e+02		1.8450000e+02		1.0940339e+00		0.0000000e+00		0.0000000e+00		0.0000000e+00		0.0000000e+00		0.0000000e+00
1.8500000e+02		1.8600000e+02		1.8550000e+02		1.2372281e+00		0.0000000e+00		0.0000000e+00		0.0000000e+00		0.0000000e+00		0.0000000e+00
1.8600000e+02		1.8700000e+02		1.8650000e+02		1.4037992e+00		0.0000000e+00		0.0000000e+00		0.0000000e+00		0.0000000e+00		0.0000000e+00
1.8700000e+02		1.8800000e+02		1.8750000e+02		1.5907538e+00		0.0000000e+00		0.0000000e+00		0.0000000e+00		0.0000000e+00		0.0000000e+00
1.8800000e+02		1.8900000e+02		1.8850000e+02		1.6735993e+00		1.8322350e-222		0.0000000e+00		1.8339139e-222		3.9722720e-225		1.8299416e-222
1.8900000e+02		1.9000000e+02		1.8950000e+02		1.8559600e+00		9.7211438e-153		0.0000000e+00		9.7342490e-153		3.1007120e-155		9.7032418e-153
1.9000000e+02		1.9100000e+02		1.9050000e+02		1.9109940e+00		1.3689497e-104		0.0000000e+00		1.3717236e-104		6.5631044e-107		1.3651605e-104
1.9100000e+02		1.9200000e+02		1.9150000e+02		2.0707336e+00		1.2102820e-77		3.2562711e-75		1.2137107e-77		8.1123820e-80		1.2055983e-77
1.9200000e+02		1.9300000e+02		1.9250000e+02		2.1685186e+00		7.9072993e-59		4.1315172e-57		7.9385976e-59		7.4052485e-61		7.8645451e-59
1.9300000e+02		1.9400000e+02		1.9350000e+02		1.6554009e+00		2.4834372e-47		4.7129634e-46		2.4965237e-47		3.0962956e-49		2.4655608e-47
1.9400000e+02		1.9500000e+02		1.9450000e+02		2.6556632e+00		4.9404491e-41		5.6086573e-40		4.9740772e-41		7.9564941e-43		4.8945122e-41
1.9500000e+02		1.9600000e+02		1.9550000e+02		2.5630279e+00		2.5993609e-35		7.8465830e-34		3.6843534e-35		2.5671199e-35		1.1172335e-35
1.9600000e+02		1.9700000e+02		1.9650000e+02		2.8204934e+00		5.8163800e-31		1.6356099e-29		1.0015530e-30		9.9352965e-31		8.0233882e-33
1.9700000e+02		1.9800000e+02		1.9750000e+02		2.8068384e+00		8.5441576e-29		1.9808244e-27		1.4785745e-28		1.4767755e-28		1.7990483e-31
1.9800000e+02		1.9900000e+02		1.9850000e+02		2.7505577e+00		3.4097527e-16		2.4835531e-15		5.9058648e-16		5.9058647e-16		8.4037069e-24
1.9900000e+02		2.0000000e+02		1.9950000e+02		2.8965557e+00		1.1076811e-06		3.4793999e-06		1.9185599e-06		1.9185599e-06		4.7244575e-18
2.0000000e+02		2.0100000e+02		2.0050000e+02		3.0623388e+00		8.4777085e-07		2.6942654e-06		1.4683822e-06		1.4683822e-06		4.5374537e-18
2.0100000e+02		2.0200000e+02		2.0150000e+02		3.2593670e+00		5.8198373e-05		1.5973274e-04		1.0080254e-04		1.0080254e-04		5.7418791e-17
2.0200000e+02		2.0300000e+02		2.0250000e+02		3.2217937e+00		3.1796749e-06		9.6524418e-06		5.5073585e-06		5.5073585e-06		1.1644777e-17
2.0300000e+02		2.0400000e+02		2.0350000e+02		3.4484145e+00		9.2311991e-06		2.7048185e-05		1.5988906e-05		1.5988906e-05		2.4189322e-17
2.0400000e+02		2.0500000e+02		2.0450000e+02		3.7117169e+00		4.4876053e-04		1.1558324e-03		7.7727603e-04		7.7727603e-04		2.6439858e-16
2.0500000e+02		2.0600000e+02		2.0550000e+02		3.7200399e+00		7.4057066e-06		2.1924898e-05		1.2827060e-05		1.2827060e-05		2.5649579e-17
2.0600000e+02		2.0700000e+02		2.0650000e+02		3.7247532e+00		5.9867486e-05		1.6482813e-04		1.0369353e-04		1.0369353e-04		9.2880530e-17
2.0700000e+02		2.0800000e+02		2.0750000e+02		4.0454145e+00		9.2796103e-04		2.3406228e-03		1.6072756e-03		1.6072756e-03		5.2086329e-16
2.0800000e+02		2.0900000e+02		2.0850000e+02		4.3759554e+00		5.6574147e-05		1.5688290e-04		9.7989297e-05		9.7989297e-05		1.0621488e-16
2.0900000e+02		2.1000000e+02		2.0950000e+02		5.6528678e+00		5.1608350e-03		1.2467880e-02		8.9388284e-03		8.9388284e-03		1.7303403e-15
2.1000000e+02		2.1100000e+02		2.1050000e+02		6.9678423e+00		2.7112562e-04		7.2434038e-04		4.6960336e-04		4.6960336e-04		4.0294175e-16
2.1100000e+02		2.1200000e+02		2.1150000e+02		7.9326445e+00		3.6273051e-03		8.9480895e-03		6.2826767e-03		6.2826767e-03		1.9579197e-15
2.1200000e+02		2.1300000e+02		2.1250000e+02		7.0734222e+00		7.3478598e-03		1.7675182e-02		1.2726866e-02		1.2726866e-02		3.0040380e-15
2.1300000e+02		2.1400000e+02		2.1350000e+02		7.2066449e+00		2.8748807e-03		7.1202665e-03		4.9794394e-03		4.9794394e-03		1.8761177e-15
2.1400000e+02		2.1500000e+02		2.1450000e+02		9.2279181e+00		4.4643595e-02		1.0267562e-01		7.7324975e-02		7.7324975e-02		1.0449592e-14
2.1500000e+02		2.1600000e+02		2.1550000e+02		7.9257408e+00		8.0440183e-03		1.9353521e-02		1.3932648e-02		1.3932648e-02		3.8455458e-15
2.1600000e+02		2.1700000e+02		2.1650000e+02		7.3353469e+00		4.6898807e-02		1.0700761e-01		8.1231117e-02		8.1231117e-02		1.1958333e-14
2.1700000e+02		2.1800000e+02		2.1750000e+02		7.5953881e+00		3.2776066e-02		7.5579162e-02		5.6769811e-02		5.6769811e-02		9.5279787e-15
2.1800000e+02		2.1900000e+02		2.1850000e+02		1.0217230e+01		7.2535493e-02		1.6495699e-01		1.2563516e-01		1.2563516e-01		1.8521272e-14
2.1900000e+02		2.2000000e+02		2.1950000e+02		1.0786519e+01		1.7015040e-01		3.7886038e-01		2.9470913e-01		2.9470913e-01		3.0655210e-14
2.2000000e+02		2.2100000e+02		2.2050000e+02		1.0851638e+01		8.3767511e-02		1.8999829e-01		1.4508959e-01		1.4508959e-01		2.2733616e-14
2.2100000e+02		2.2200000e+02		2.2150000e+02		8.6872371e+00		2.1268329e-01		4.6831128e-01		3.6837827e-01		3.6837827e-01		3.5469965e-14
2.2200000e+02		2.2300000e+02		2.2250000e+02		1.1691346e+01		2.2056616e-01		4.8865028e-01		3.8203179e-01		3.8203179e-01		4.5142489e-14
2.2300000e+02		2.2400000e+02		2.2350000e+02		1.5139682e+01		6.8178985e-01		1.4802258e+00		1.1808947e+00		1.1808947e+00		9.5405050e-14
2.2400000e+02		2.2500000e+02		2.2450000e+02		1.4154944e+01		4.2401603e-01		9.2864071e-01		7.3441730e-01		7.3441730e-01		7.3348391e-14
2.2500000e+02		2.2600000e+02		2.2550000e+02		1.2365614e+01		5.5560161e-01		1.2057450e+00		9.6233021e-01		9.6233021e-01		8.4690428e-14
2.2600000e+02		2.2700000e+02		2.2650000e+02		9.0577089e+00		4.2880440e-01		9.2930747e-01		7.4271100e-01		7.4271100e-01		6.2973440e-14
2.2700000e+02		2.2800000e+02		2.2750000e+02		8.8108381e+00		4.7682691e-01		1.0303184e+00		8.2588843e-01		8.2588843e-01		6.7328571e-14
2.2800000e+02		2.2900000e+02		2.2850000e+02		1.2275156e+01		9.5876550e-01		2.0569275e+00		1.6606306e+00		1.6606306e+00		1.2225484e-13
2.2900000e+02		2.3000000e+02		2.2950000e+02		1.1031259e+01		1.0087374e+00		2.1578205e+00		1.7471845e+00		1.7471845e+00		1.2856195e-13
2.3000000e+02		2.3100000e+02		2.3050000e+02		1.2510180e+01		1.0927297e+00		2.3386840e+00		1.8926634e+00		1.8926634e+00		1.4230437e-13
2.3100000e+02		2.3200000e+02		2.3150000e+02		1.1791833e+01		1.1048393e+00		2.3612920e+00		1.9136378e+00		1.9136378e+00		1.4596140e-13
2.3200000e+02		2.3300000e+02		2.3250000e+02		1.2664003e+01		1.2331020e+00		2.6332444e+00		2.1357953e+00		2.1357953e+00		1.7689235e-13
2.3300000e+02		2.3400000e+02		2.3350000e+02		1.1428554e+01		1.1546037e+00		2.4635217e+00		1.9998322e+00		1.9998322e+00		1.5963494e-13
2.3400000e+02		2.3500000e+02		2.3450000e+02		9.9864853e+00		1.0131054e+00		2.1609719e+00		1.7547501e+00		1.7547501e+00		1.4224810e-13
2.3500000e+02		2.3600000e+02		2.3550000e+02		1.3443360e+01		1.3502762e+00		2.8799353e+00		2.3387471e+00		2.3387471e+00		1.8863186e-13
2.3600000e+02		2.3700000e+02		2.3650000e+02		1.2448020e+01		1.2624239e+00		2.6916694e+00		2.1865823e+00		2.1865823e+00		1.9378231e-13
2.3700000e+02		2.3800000e+02		2.3750000e+02		1.3294723e+01		1.3508660e+00		2.8796025e+00		2.3397685e+00		2.3397685e+00		2.2077109e-13
2.3800000e+02		2.3900000e+02		2.3850000e+02		1.1021422e+01		1.1179725e+00		2.3827765e+00		1.9363852e+00		1.9363852e+00		1.9453235e-13
2.3900000e+02		2.4000000e+02		2.3950000e+02		1.2008577e+01		1.2135436e+00		2.5861361e+00		2.1019192e+00		2.1019192e+00		2.2063790e-13
2.4000000e+02		2.4100000e+02		2.4050000e+02		1.1032163e+01		1.1111093e+00		2.3674534e+00		1.9244977e+00		1.9244977e+00		1.9816817e-13
2.4100000e+02		2.4200000e+02		2.4150000e+02		1.2918879e+01		1.3027418e+00		2.7752193e+00		2.2564150e+00		2.2564150e+00		2.4401887e-13
2.4200000e+02		2.4300000e+02		2.4250000e+02		1.7782729e+01		1.7939889e+00		3.8210019e+00		3.1072800e+00		3.1072800e+00		3.4726440e-13
2.4300000e+02		2.4400000e+02		2.4350000e+02		1.6701989e+01		1.6731404e+00		3.5634124e+00		2.8979641e+00		2.8979641e+00		3.3936905e-13
2.4400000e+02		2.4500000e+02		2.4450000e+02		1.5641720e+01		1.5232981e+00		3.2452949e+00		2.6384297e+00		2.6384297e+00		3.3228611e-13
2.4500000e+02		2.4600000e+02		2.4550000e+02		1.2691134e+01		1.1875414e+00		2.5312641e+00		2.0568821e+00		2.0568821e+00		2.7082788e-13
2.4600000e+02		2.4700000e+02		2.4650000e+02		1.2350906e+01		1.1731826e+00		2.4997076e+00		2.0320118e+00		2.0320118e+00		2.9295902e-13
2.4700000e+02		2.4800000e+02		2.4750000e+02		1.3639226e+01		1.2857560e+00		2.7394320e+00		2.2269947e+00		2.2269947e+00		3.2027578e-13
2.4800000e+02		2.4900000e+02		2.4850000e+02		1.0938846e+01		1.0207465e+00		2.1747937e+00		1.7679848e+00		1.7679848e+00		2.5296415e-13
2.4900000e+02		2.5000000e+02		2.4950000e+02		1.3333262e+01		1.2246952e+00		2.6096597e+00		2.1212343e+00		2.1212343e+00		3.1972445e-13
2.5000000e+02		2.5100000e+02		2.5050000e+02		1.4401571e+01		1.2565255e+00		2.6795583e+00		2.1763659e+00		2.1763659e+00		3.5509767e-13
2.5100000e+02		2.5200000e+02		2.5150000e+02		1.2007424e+01		1.0099561e+00		2.1548710e+00		1.7492952e+00		1.7492952e+00		3.0293117e-13
2.5200000e+02		2.5300000e+02		2.5250000e+02		1.0794009e+01		9.2345325e-01		1.9694105e+00		1.5994680e+00		1.5994680e+00		2.7711715e-13
2.5300000e+02		2.5400000e+02		2.5350000e+02		1.3602371e+01		1.1262128e+00		2.4029522e+00		1.9506578e+00		1.9506578e+00		3.5907322e-13
2.5400000e+02		2.5500000e+02		2.5450000e+02		1.5384114e+01		1.2056750e+00		2.5747380e+00		2.0882904e+00		2.0882904e+00		3.9757731e-13
2.5500000e+02		2.5600000e+02		2.5550000e+02		2.0992062e+01		1.5461033e+00		3.3052392e+00		2.6779295e+00		2.6779295e+00		5.5167574e-13
2.5600000e+02		2.5700000e+02		2.5650000e+02		2.7040612e+01		2.1335634e+00		4.5546828e+00		3.6954402e+00		3.6954402e+00		7.7655060e-13
2.5700000e+02		2.5800000e+02		2.5750000e+02		3.3946512e+01		2.4359847e+00		5.2091028e+00		4.2192493e+00		4.2192493e+00		9.6407347e-13
2.5800000e+02		2.5900000e+02		2.5850000e+02		3.5732434e+01		2.5888307e+00		5.5341131e+00		4.4839863e+00		4.4839863e+00		9.9689244e-13
2.5900000e+02		2.6000000e+02		2.5950000e+02		3.0409976e+01		2.0685732e+00		4.4270207e+00		3.5828739e+00		3.5828739e+00		8.6973633e-13
2.6000000e+02		2.6100000e+02		2.6050000e+02		2.4915606e+01		1.6414683e+00		3.5148686e+00		2.8431065e+00		2.8431065e+00		7.3424511e-13
2.6100000e+02		2.6200000e+02		2.6150000e+02		2.5442742e+01		1.5711122e+00		3.3681779e+00		2.7212462e+00		2.7212462e+00		7.1177003e-13
2.6200000e+02		2.6300000e+02		2.6250000e+02		3.0366547e+01		1.8758568e+00		4.0210315e+00		3.2490792e+00		3.2490792e+00		8.6378859e-13
2.6300000e+02		2.6400000e+02		2.6350000e+02		4.5700096e+01		2.8757408e+00		6.1614817e+00		4.9809291e+00		4.9809291e+00		1.3634095e-12
2.6400000e+02		2.6500000e+02		2.6450000e+02		7.1249372e+01		4.0343941e+00		8.6622562e+00		6.9877756e+00		6.9877756e+00		2.1178797e-12
2.6500000e+02		2.6600000e+02		2.6550000e+02		7.4731454e+01		4.1099715e+00		8.8290120e+00		7.1186795e+00		7.1186795e+00		2.1852916e-12
2.6600000e+02		2.6700000e+02		2.6650000e+02		7.2446611e+01		3.7957408e+00		8.1620546e+00		6.5744159e+00		6.5744159e+00		2.2268532e-12
2.6700000e+02		2.6800000e+02		2.6750000e+02		7.2937204e+01		3.7164570e+00		7.9954687e+00		6.4370924e+00		6.4370924e+00		2.1723042e-12
2.6800000e+02		2.6900000e+02		2.6850000e+02		7.2239021e+01		3.4738739e+00		7.4823853e+00		6.0169261e+00		6.0169261e+00		2.1058050e-12
2.6900000e+02		2.7000000e+02		2.6950000e+02		6.7758000e+01		3.3128385e+00		7.1326420e+00		5.7380046e+00		5.7380046e+00		2.1547274e-12
2.7000000e+02		2.7100000e+02		2.7050000e+02		7.8281462e+01		3.4809908e+00		7.5102031e+00		6.0292530e+00		6.0292530e+00		2.5072982e-12
2.7100000e+02		2.7200000e+02		2.7150000e+02		6.5051220e+01		2.7330012e+00		5.9031921e+00		4.7336969e+00		4.7336969e+00		1.9005097e-12
2.7200000e+02		2.7300000e+02		2.7250000e+02		5.2331568e+01		2.0520777e+00		4.4393582e+00		3.5543029e+00		3.5543029e+00		1.5878762e-12
2.7300000e+02		2.7400000e+02		2.7350000e+02		5.5800645e+01		1.9500192e+00		4.2296615e+00		3.3775323e+00		3.3775323e+00		1.6021692e-12
2.7400000e+02		2.7500000e+02		2.7450000e+02		3.8398649e+01		1.5528948e+00		3.3564990e+00		2.6896928e+00		2.6896928e+00		1.2001163e-12
2.7500000e+02		2.7600000e+02		2.7550000e+02		5.1208696e+01		1.7885969e+00		3.8789658e+00		3.0979407e+00		3.0979407e+00		1.4830688e-12
2.7600000e+02		2.7700000e+02		2.7650000e+02		7.1318275e+01		2.5804936e+00		5.5914547e+00		4.4695460e+00		4.4695460e+00		2.2169398e-12
2.7700000e+02		2.7800000e+02		2.7750000e+02		6.8188493e+01		2.2548901e+00		4.8958273e+00		3.9055842e+00		3.9055842e+00		1.9088212e-12
2.7800000e+02		2.7900000e+02		2.7850000e+02		4.7024496e+01		1.5685637e+00		3.4047267e+00		2.7168321e+00		2.7168321e+00		1.3344349e-12
2.7900000e+02		2.8000000e+02		2.7950000e+02		2.6422560e+01		8.1448944e-01		1.7712572e+00		1.4107371e+00		1.4107371e+00		7.5385912e-13
2.8000000e+02		2.8100000e+02		2.8050000e+02		2.8982131e+01		8.9197522e-01		1.9397681e+00		1.5449464e+00		1.5449464e+00		8.6143086e-13
2.8100000e+02		2.8200000e+02		2.8150000e+02		6.0033324e+01		1.5587748e+00		3.4040088e+00		2.6998771e+00		2.6998771e+00		1.6815656e-12
2.8200000e+02		2.8300000e+02		2.8250000e+02		8.1733762e+01		2.7609504e+00		5.9901087e+00		4.7821065e+00		4.7821065e+00		2.7087357e-12
2.8300000e+02		2.8400000e+02		2.8350000e+02		8.4433091e+01		2.3475291e+00		5.1173126e+00		4.0660397e+00		4.0660397e+00		2.6128842e-12
2.8400000e+02		2.8500000e+02		2.8450000e+02		6.2255376e+01		1.8280846e+00		3.9791788e+00		3.1663355e+00		3.1663355e+00		1.9036638e-12
2.8500000e+02		2.8600000e+02		2.8550000e+02		4.0018063e+01		1.0517464e+00		2.2955026e+00		1.8216783e+00		1.8216783e+00		1.1520869e-12
2.8600000e+02		2.8700000e+02		2.8650000e+02		8.2001717e+01		2.3739804e+00		5.1688363e+00		4.1118547e+00		4.1118547e+00		2.6401869e-12
2.8700000e+02		2.8800000e+02		2.8750000e+02		9.5189148e+01		2.6000701e+00		5.6687967e+00		4.5034535e+00		4.5034535e+00		2.8901804e-12
2.8800000e+02		2.8900000e+02		2.8850000e+02		9.0460934e+01		2.5678458e+00		5.5931026e+00		4.4476394e+00		4.4476394e+00		2.9567984e-12
2.8900000e+02		2.9000000e+02		2.8950000e+02		1.3728321e+02		4.3819878e+00		9.5159247e+00		7.5898254e+00		7.5898254e+00		4.5044832e-12
2.9000000e+02		2.9100000e+02		2.9050000e+02		1.8023325e+02		4.9356409e+00		1.0758619e+01		8.5487808e+00		8.5487808e+00		5.6629695e-12
2.9100000e+02		2.9200000e+02		2.9150000e+02		1.7359450e+02		6.1465124e+00		1.3313661e+01		1.0646072e+01		1.0646072e+01		6.5595332e-12
2.9200000e+02		2.9300000e+02		2.9250000e+02		1.5421676e+02		4.1362301e+00		9.0204681e+00		7.1641607e+00		7.1641607e+00		5.2411670e-12
2.9300000e+02		2.9400000e+02		2.9350000e+02		1.6099986e+02		5.6315419e+00		1.2200739e+01		9.7541167e+00		9.7541167e+00		6.2812375e-12
2.9400000e+02		2.9500000e+02		2.9450000e+02		1.4991794e+02		4.7258567e+00		1.0264020e+01		8.1854240e+00		8.1854240e+00		5.5998295e-12
2.9500000e+02		2.9600000e+02		2.9550000e+02		1.6232431e+02		6.8472735e+00		1.4767265e+01		1.1859826e+01		1.1859826e+01		7.0000278e-12
2.9600000e+02		2.9700000e+02		2.9650000e+02		1.4851381e+02		4.5860103e+00		9.9643262e+00		7.9432029e+00		7.9432029e+00		5.5365801e-12
2.9700000e+02		2.9800000e+02		2.9750000e+02		1.5140866e+02		6.3323270e+00		1.3658607e+01		1.0967912e+01		1.0967912e+01		6.9196289e-12
2.9800000e+02		2.9900000e+02		2.9850000e+02		1.3012850e+02		4.0838275e+00		8.8685520e+00		7.0733968e+00		7.0733968e+00		4.7826659e-12
2.9900000e+02		3.0000000e+02		2.9950000e+02		1.4682541e+02		6.7683826e+00		1.4565379e+01		1.1723182e+01		1.1723182e+01		7.4277146e-12
3.0000000e+02		3.0100000e+02		3.0050000e+02		1.1681452e+02		4.2545918e+00		9.2055173e+00		7.3691692e+00		7.3691692e+00		4.9015128e-12
3.0100000e+02		3.0200000e+02		3.0150000e+02		1.3434477e+02		8.2778531e+00		1.7697575e+01		1.4337662e+01		1.4337662e+01		7.7050735e-12
3.0200000e+02		3.0300000e+02		3.0250000e+02		1.4142283e+02		5.6760589e+00		1.2252108e+01		9.8312224e+00		9.8312224e+00		6.6056907e-12
3.0300000e+02		3.0400000e+02		3.0350000e+02		1.8342160e+02		1.2748519e+01		2.7184766e+01		2.2081083e+01		2.2081083e+01		1.1505900e-11
3.0400000e+02		3.0500000e+02		3.0450000e+02		1.7556728e+02		7.9168240e+00		1.7041075e+01		1.3712341e+01		1.3712341e+01		8.8733046e-12
3.0500000e+02		3.0600000e+02		3.0550000e+02		1.7728071e+02		1.3516526e+01		2.8765753e+01		2.3411310e+01		2.3411310e+01		1.1783066e-11
3.0600000e+02		3.0700000e+02		3.0650000e+02		1.6814926e+02		8.2475551e+00		1.7717625e+01		1.4285184e+01		1.4285184e+01		9.1176588e-12
3.0700000e+02		3.0800000e+02		3.0750000e+02		1.8878816e+02		1.4263763e+01		3.0358628e+01		2.4705562e+01		2.4705562e+01		1.2664435e-11
3.0800000e+02		3.0900000e+02		3.0850000e+02		1.8529086e+02		1.1190133e+01		2.3927482e+01		1.9381879e+01		1.9381879e+01		1.1774150e-11
3.0900000e+02		3.1000000e+02		3.0950000e+02		1.5026991e+02		1.1617627e+01		2.4712387e+01		2.0122320e+01		2.0122320e+01		9.9500675e-12
3.1000000e+02		3.1100000e+02		3.1050000e+02		1.8913229e+02		1.3376387e+01		2.8504309e+01		2.3168582e+01		2.3168582e+01		1.2613083e-11
3.1100000e+02		3.1200000e+02		3.1150000e+02		2.2495083e+02		1.8338075e+01		3.8965227e+01		3.1762477e+01		3.1762477e+01		1.6412236e-11
3.1200000e+02		3.1300000e+02		3.1250000e+02		2.0030306e+02		1.7011532e+01		3.6116416e+01		2.9464838e+01		2.9464838e+01		1.5136240e-11
3.1300000e+02		3.1400000e+02		3.1350000e+02		2.1331645e+02		1.7586981e+01		3.7357535e+01		3.0461545e+01		3.0461545e+01		1.5688190e-11
3.1400000e+02		3.1500000e+02		3.1450000e+02		2.0119548e+02		1.8789327e+01		3.9816046e+01		3.2544069e+01		3.2544069e+01		1.6124821e-11
3.1500000e+02		3.1600000e+02		3.1550000e+02		1.9522773e+02		1.7367915e+01		3.6835642e+01		3.0082112e+01		3.0082112e+01		1.5244274e-11
3.1600000e+02		3.1700000e+02		3.1650000e+02		1.9043254e+02		1.8254938e+01		3.8661704e+01		3.1618480e+01		3.1618480e+01		1.5597330e-11
3.1700000e+02		3.1800000e+02		3.1750000e+02		2.4155434e+02		2.3087820e+01		4.8899046e+01		3.9989278e+01		3.9989278e+01		2.0723857e-11
3.1800000e+02		3.1900000e+02		3.1850000e+02		1.9952276e+02		1.9733525e+01		4.1765700e+01		3.4179468e+01		3.4179468e+01		1.6666715e-11
3.1900000e+02		3.2000000e+02		3.1950000e+02		2.1430874e+02		2.1756503e+01		4.6025144e+01		3.7683369e+01		3.7683369e+01		1.9099072e-11
3.2000000e+02		3.2100000e+02		3.2050000e+02		2.4621307e+02		2.5622136e+01		5.4175984e+01		4.4378841e+01		4.4378841e+01		2.1880180e-11
3.2100000e+02		3.2200000e+02		3.2150000e+02		2.0677326e+02		2.1817094e+01		4.6116619e+01		3.7788315e+01		3.7788315e+01		1.8062674e-11
3.2200000e+02		3.2300000e+02		3.2250000e+02		2.0765168e+02		2.2136722e+01		4.6782323e+01		3.8341927e+01		3.8341927e+01		1.8581111e-11
3.2300000e+02		3.2400000e+02		3.2350000e+02		2.0066974e+02		2.1970150e+01		4.6406571e+01		3.8053416e+01		3.8053416e+01		1.8025527e-11
3.2400000e+02		3.2500000e+02		3.2450000e+02		2.3629853e+02		2.5838088e+01		5.4575018e+01		4.4752881e+01		4.4752881e+01		2.0839702e-11
3.2500000e+02		3.2600000e+02		3.2550000e+02		2.7209498e+02		2.9912505e+01		6.3170678e+01		5.1809979e+01		5.1809979e+01		2.2928913e-11
3.2600000e+02		3.2700000e+02		3.2650000e+02		3.0699214e+02		3.4115979e+01		7.2034887e+01		5.9090608e+01		5.9090608e+01		2.8230413e-11
3.2700000e+02		3.2800000e+02		3.2750000e+02		2.9701525e+02		3.3032998e+01		6.9744562e+01		5.7214831e+01		5.7214831e+01		2.7352777e-11
3.2800000e+02		3.2900000e+02		3.2850000e+02		2.8673370e+02		3.2032777e+01		6.7625112e+01		5.5482398e+01		5.5482398e+01		2.6577733e-11
3.2900000e+02		3.3000000e+02		3.2950000e+02		3.3379807e+02		3.7422221e+01		7.8998257e+01		6.4817189e+01		6.4817189e+01		3.3189733e-11
3.3000000e+02		3.3100000e+02		3.3050000e+02		3.1443449e+02		3.5269150e+01		7.4448089e+01		6.1087960e+01		6.1087960e+01		3.0210935e-11
3.3100000e+02		3.3200000e+02		3.3150000e+02		3.0087994e+02		3.3871380e+01		7.1492758e+01		5.8666952e+01		5.8666952e+01		3.0552150e-11
3.3200000e+02		3.3300000e+02		3.3250000e+02		2.9519831e+02		3.3174821e+01		7.0020185e+01		5.7460476e+01		5.7460476e+01		2.8610379e-11
3.3300000e+02		3.3400000e+02		3.3350000e+02		2.8364288e+02		3.2001172e+01		6.7539398e+01		5.5427655e+01		5.5427655e+01		2.9950267e-11
3.3400000e+02		3.3500000e+02		3.3450000e+02		2.9883003e+02		3.3706353e+01		7.1135533e+01		5.8381116e+01		5.8381116e+01		3.1128715e-11
3.3500000e+02		3.3600000e+02		3.3550000e+02		2.9511053e+02		3.3268545e+01		7.0208878e+01		5.7622810e+01		5.7622810e+01		3.0093478e-11
3.3600000e+02		3.3700000e+02		3.3650000e+02		2.4313126e+02		2.7419216e+01		5.7862654e+01		4.7491475e+01		4.7491475e+01		2.5142930e-11
3.3700000e+02		3.3800000e+02		3.3750000e+02		2.5649874e+02		2.8896659e+01		6.0978381e+01		5.0050481e+01		5.0050481e+01		2.5604317e-11
3.3800000e+02		3.3900000e+02		3.3850000e+02		2.7748673e+02		3.1265476e+01		6.5974640e+01		5.4153393e+01		5.4153393e+01		2.7591618e-11
3.3900000e+02		3.4000000e+02		3.3950000e+02		2.9040264e+02		3.2808951e+01		6.9228315e+01		5.6826770e+01		5.6826770e+01		3.0594607e-11
3.4000000e+02		3.4100000e+02		3.4050000e+02		3.0654056e+02		3.4583611e+01		7.2970431e+01		5.9900571e+01		5.9900571e+01		3.0739719e-11
3.4100000e+02		3.4200000e+02		3.4150000e+02		2.7979685e+02		3.1555696e+01		6.6579350e+01		5.4656068e+01		5.4656068e+01		2.7661711e-11
3.4200000e+02		3.4300000e+02		3.4250000e+02		3.0344565e+02		3.4348816e+01		7.2470267e+01		5.9493894e+01		5.9493894e+01		3.3435923e-11
3.4300000e+02		3.4400000e+02		3.4350000e+02		2.9822260e+02		3.3770469e+01		7.1247788e+01		5.8492169e+01		5.8492169e+01		3.3327660e-11
3.4400000e+02		3.4500000e+02		3.4450000e+02		2.3986676e+02		2.7150205e+01		5.7278873e+01		4.7025535e+01		4.7025535e+01		2.6467183e-11
3.4500000e+02		3.4600000e+02		3.4550000e+02		2.8907088e+02		3.2696517e+01		6.8977805e+01		5.6632029e+01		5.6632029e+01		3.1103953e-11
3.4600000e+02		3.4700000e+02		3.4650000e+02		2.8069735e+02		3.1811921e+01		6.7109614e+01		5.5099864e+01		5.5099864e+01		3.2005624e-11
3.4700000e+02		3.4800000e+02		3.4750000e+02		2.7782009e+02		3.1428126e+01		6.6298132e+01		5.4435111e+01		5.4435111e+01		3.0033489e-11
3.4800000e+02		3.4900000e+02		3.4850000e+02		2.8744416e+02		3.2553348e+01		6.8669742e+01		5.6384052e+01		5.6384052e+01		3.2115337e-11
3.4900000e+02		3.5000000e+02		3.4950000e+02		2.7550877e+02		3.1179678e+01		6.5770211e+01		5.4004787e+01		5.4004787e+01		3.0145917e-11
3.5000000e+02		3.5100000e+02		3.5050000e+02		3.3002358e+02		3.7328936e+01		7.8739226e+01		6.4655614e+01		6.4655614e+01		3.5470389e-11
3.5100000e+02		3.5200000e+02		3.5150000e+02		3.0660572e+02		3.4783620e+01		7.3368222e+01		6.0246997e+01		6.0246997e+01		3.5900343e-11
3.5200000e+02		3.5300000e+02		3.5250000e+02		2.8324198e+02		3.2077611e+01		6.7658574e+01		5.5560052e+01		5.5560052e+01		3.1365553e-11
3.5300000e+02		3.5400000e+02		3.5350000e+02		3.2405327e+02		3.6658946e+01		7.7319734e+01		6.3495157e+01		6.3495157e+01		3.4777677e-11
3.5400000e+02		3.5500000e+02		3.5450000e+02		3.4586270e+02		3.9199535e+01		8.2676074e+01		6.7895586e+01		6.7895586e+01		3.9328213e-11
3.5500000e+02		3.5600000e+02		3.5550000e+02		3.2478382e+02		3.6802056e+01		7.7617357e+01		6.3743031e+01		6.3743031e+01		3.6455923e-11
3.5600000e+02		3.5700000e+02		3.5650000e+02		2.8234357e+02		3.1833896e+01		6.7137519e+01		5.5137926e+01		5.5137926e+01		2.7366492e-11
3.5700000e+02		3.5800000e+02		3.5750000e+02		2.4674321e+02		2.7954904e+01		5.8955292e+01		4.8419314e+01		4.8419314e+01		2.7591301e-11
3.5800000e+02		3.5900000e+02		3.5850000e+02		2.1181106e+02		2.4037670e+01		5.0692945e+01		4.1634466e+01		4.1634466e+01		2.5130751e-11
3.5900000e+02		3.6000000e+02		3.5950000e+02		3.0582840e+02		3.4589584e+01		7.2944106e+01		5.9910917e+01		5.9910917e+01		3.2590408e-11
3.6000000e+02		3.6100000e+02		3.6050000e+02		3.0178862e+02		3.4208360e+01		7.2138410e+01		5.9250617e+01		5.9250617e+01		3.4619622e-11
3.6100000e+02		3.6200000e+02		3.6150000e+02		2.8033735e+02		3.1785766e+01		6.7027885e+01		5.5054561e+01		5.5054561e+01		3.2016348e-11
3.6200000e+02		3.6300000e+02		3.6250000e+02		3.1645921e+02		3.5904151e+01		7.5710795e+01		6.2187814e+01		6.2187814e+01		3.6943229e-11
3.6300000e+02		3.6400000e+02		3.6350000e+02		3.0810145e+02		3.4914923e+01		7.3623321e+01		6.0474421e+01		6.0474421e+01		3.4925652e-11
3.6400000e+02		3.6500000e+02		3.6450000e+02		3.2221950e+02		3.6517942e+01		7.7001739e+01		6.3250932e+01		6.3250932e+01		3.6590341e-11
3.6500000e+02		3.6600000e+02		3.6550000e+02		3.6674574e+02		4.1653388e+01		8.7828174e+01		7.2145785e+01		7.2145785e+01		4.4086422e-11
3.6600000e+02		3.6700000e+02		3.6650000e+02		3.9198946e+02		4.4461991e+01		9.3748180e+01		7.7010428e+01		7.7010428e+01		4.5317814e-11
3.6700000e+02		3.6800000e+02		3.6750000e+02		3.7850004e+02		4.2832883e+01		9.0311079e+01		7.4188730e+01		7.4188730e+01		4.0678547e-11
3.6800000e+02		3.6900000e+02		3.6850000e+02		3.4895620e+02		3.9599181e+01		8.3491206e+01		6.8587794e+01		6.8587794e+01		4.0745630e-11
3.6900000e+02		3.7000000e+02		3.6950000e+02		3.8736224e+02		4.3771999e+01		9.2287536e+01		7.5815327e+01		7.5815327e+01		3.9935233e-11
3.7000000e+02		3.7100000e+02		3.7050000e+02		3.6351013e+02		4.1352790e+01		8.7185534e+01		7.1625134e+01		7.1625134e+01		4.6344367e-11
3.7100000e+02		3.7200000e+02		3.7150000e+02		3.7529261e+02		4.2600154e+01		8.9812977e+01		7.3785632e+01		7.3785632e+01		4.4259025e-11
3.7200000e+02		3.7300000e+02		3.7250000e+02		3.1177186e+02		3.5263817e+01		7.4344324e+01		6.1078722e+01		6.1078722e+01		3.2915492e-11
3.7300000e+02		3.7400000e+02		3.7350000e+02		2.7192112e+02		3.0789436e+01		6.4910015e+01		5.3328868e+01		5.3328868e+01		2.9796908e-11
3.7400000e+02		3.7500000e+02		3.7450000e+02		2.7832167e+02		3.1672610e+01		6.6770706e+01		5.4858570e+01		5.4858570e+01		3.5612453e-11
3.7500000e+02		3.7600000e+02		3.7550000e+02		3.1876744e+02		3.6185047e+01		7.6282450e+01		6.2674341e+01		6.2674341e+01		3.7997490e-11
3.7600000e+02		3.7700000e+02		3.7650000e+02		3.3048657e+02		3.7486223e+01		7.9023634e+01		6.4928043e+01		6.4928043e+01		3.8020322e-11
3.7700000e+02		3.7800000e+02		3.7750000e+02		3.8770864e+02		4.4061810e+01		9.2883557e+01		7.6317293e+01		7.6317293e+01		4.7080489e-11
3.7800000e+02		3.7900000e+02		3.7850000e+02		4.0380398e+02		4.5897150e+01		9.6750815e+01		7.9496196e+01		7.9496196e+01		4.9287575e-11
3.7900000e+02		3.8000000e+02		3.7950000e+02		3.2744385e+02		3.7134620e+01		7.8277902e+01		6.4319048e+01		6.4319048e+01		3.7120595e-11
3.8000000e+02		3.8100000e+02		3.8050000e+02		3.5656330e+02		4.0457056e+01		8.5279818e+01		7.0073677e+01		7.0073677e+01		4.1121642e-11
3.8100000e+02		3.8200000e+02		3.8150000e+02		3.2019140e+02		3.6632844e+01		7.7217342e+01		6.3449947e+01		6.3449947e+01		4.7139826e-11
3.8200000e+02		3.8300000e+02		3.8250000e+02		2.2964197e+02		2.6030021e+01		5.4867039e+01		4.5085318e+01		4.5085318e+01		2.5640825e-11
3.8300000e+02		3.8400000e+02		3.8350000e+02		2.0267593e+02		2.3042054e+01		4.8568241e+01		3.9910009e+01		3.9910009e+01		2.5038263e-11
3.8400000e+02		3.8500000e+02		3.8450000e+02		2.7111947e+02		3.0843213e+01		6.5010327e+01		5.3422012e+01		5.3422012e+01		3.3937386e-11
3.8500000e+02		3.8600000e+02		3.8550000e+02		2.8715912e+02		3.2561904e+01		6.8631590e+01		5.6398872e+01		5.6398872e+01		3.2497016e-11
3.8600000e+02		3.8700000e+02		3.8650000e+02		2.8837692e+02		3.2882999e+01		6.9307177e+01		5.6955024e+01		5.6955024e+01		3.8411910e-11
3.8700000e+02		3.8800000e+02		3.8750000e+02		2.8805300e+02		3.2761123e+01		6.9049170e+01		5.6743929e+01		5.6743929e+01		3.5636373e-11
3.8800000e+02		3.8900000e+02		3.8850000e+02		2.9209390e+02		3.3167247e+01		6.9904120e+01		5.7447358e+01		5.7447358e+01		3.4419140e-11
3.8900000e+02		3.9000000e+02		3.8950000e+02		3.5069332e+02		3.9853429e+01		8.3994931e+01		6.9028165e+01		6.9028165e+01		4.2586167e-11
3.9000000e+02		3.9100000e+02		3.9050000e+02		3.6838836e+02		4.2074398e+01		8.8674168e+01		7.2874995e+01		7.2874995e+01		5.1466062e-11
3.9100000e+02		3.9200000e+02		3.9150000e+02		3.9613874e+02		4.5052938e+01		9.4950010e+01		7.8033978e+01		7.8033978e+01		4.8944607e-11
3.9200000e+02		3.9300000e+02		3.9250000e+02		3.0403432e+02		3.4503847e+01		7.2716442e+01		5.9762416e+01		5.9762416e+01		3.4922861e-11
3.9300000e+02		3.9400000e+02		3.9350000e+02		1.8639471e+02		2.1180227e+01		4.4636391e+01		3.6685229e+01		3.6685229e+01		2.2433488e-11
3.9400000e+02		3.9500000e+02		3.9450000e+02		3.0813115e+02		3.4851921e+01		7.3447779e+01		6.0365298e+01		6.0365298e+01		3.2059343e-11
3.9500000e+02		3.9600000e+02		3.9550000e+02		3.7840801e+02		4.3285972e+01		9.1220556e+01		7.4973503e+01		7.4973503e+01		5.5134066e-11
3.9600000e+02		3.9700000e+02		3.9650000e+02		2.6140326e+02		2.9772287e+01		6.2741142e+01		5.1567113e+01		5.1567113e+01		3.3630951e-11
3.9700000e+02		3.9800000e+02		3.9750000e+02		2.9300657e+02		3.3330655e+01		7.0238961e+01		5.7730387e+01		5.7730387e+01		3.6327138e-11
3.9800000e+02		3.9900000e+02		3.9850000e+02		4.5124719e+02		5.1357788e+01		1.0822696e+02		8.8954298e+01		8.8954298e+01		5.7110650e-11
3.9900000e+02		4.0000000e+02		3.9950000e+02		4.9846141e+02		5.6597190e+01		1.1926666e+02		9.8029208e+01		9.8029208e+01		5.9117911e-11
4.0000000e+02		4.0100000e+02		4.0050000e+02		5.1407199e+02		5.8514462e+01		1.2330443e+02		1.0135002e+02		1.0135002e+02		6.4790643e-11
4.0100000e+02		4.0200000e+02		4.0150000e+02		5.3860814e+02		6.1278912e+01		1.2912779e+02		1.0613819e+02		1.0613819e+02		6.6610022e-11
4.0200000e+02		4.0300000e+02		4.0250000e+02		5.4526519e+02		6.1720710e+01		1.3005699e+02		1.0690341e+02		1.0690341e+02		5.7943701e-11
4.0300000e+02		4.0400000e+02		4.0350000e+02		5.2165796e+02		5.9517739e+01		1.2541324e+02		1.0308775e+02		1.0308775e+02		7.0389231e-11
4.0400000e+02		4.0500000e+02		4.0450000e+02		5.1300620e+02		5.8606503e+01		1.2349150e+02		1.0150944e+02		1.0150944e+02		7.1901218e-11
4.0500000e+02		4.0600000e+02		4.0550000e+02		5.1256585e+02		5.8122601e+01		1.2247026e+02		1.0067130e+02		1.0067130e+02		5.7513542e-11
4.0600000e+02		4.0700000e+02		4.0650000e+02		4.9035274e+02		5.5375664e+01		1.1668068e+02		9.5913463e+01		9.5913463e+01		4.8604859e-11
4.0700000e+02		4.0800000e+02		4.0750000e+02		4.9838294e+02		5.6485071e+01		1.1901678e+02		9.7835014e+01		9.7835014e+01		5.4950688e-11
4.0800000e+02		4.0900000e+02		4.0850000e+02		5.2990289e+02		6.0390560e+01		1.2724424e+02		1.0459952e+02		1.0459952e+02		6.8914891e-11
4.0900000e+02		4.1000000e+02		4.0950000e+02		5.2713439e+02		5.9904804e+01		1.2621918e+02		1.0375816e+02		1.0375816e+02		6.3193926e-11
4.1000000e+02		4.1100000e+02		4.1050000e+02		4.8293937e+02		5.4923163e+01		1.1572147e+02		9.5129708e+01		9.5129708e+01		5.8883015e-11
4.1100000e+02		4.1200000e+02		4.1150000e+02		5.5986852e+02		6.3695840e+01		1.3420363e+02		1.1032443e+02		1.1032443e+02		6.8992628e-11
4.1200000e+02		4.1300000e+02		4.1250000e+02		5.4940473e+02		6.2480368e+01		1.3164113e+02		1.0821917e+02		1.0821917e+02		6.6933292e-11
4.1300000e+02		4.1400000e+02		4.1350000e+02		5.2995399e+02		6.0181381e+01		1.2679586e+02		1.0423721e+02		1.0423721e+02		6.1787454e-11
4.1400000e+02		4.1500000e+02		4.1450000e+02		5.3771640e+02		6.1200469e+01		1.2894148e+02		1.0600232e+02		1.0600232e+02		6.7011986e-11
4.1500000e+02		4.1600000e+02		4.1550000e+02		5.3722776e+02		6.0572958e+01		1.2761793e+02		1.0491544e+02		1.0491544e+02		5.0607706e-11
4.1600000e+02		4.1700000e+02		4.1650000e+02		5.5745703e+02		6.3357104e+01		1.3348219e+02		1.0973772e+02		1.0973772e+02		6.6595359e-11
4.1700000e+02		4.1800000e+02		4.1750000e+02		5.0725322e+02		5.7899186e+01		1.2198198e+02		1.0028433e+02		1.0028433e+02		6.8710104e-11
4.1800000e+02		4.1900000e+02		4.1850000e+02		5.2601513e+02		5.9955409e+01		1.2631276e+02		1.0384581e+02		1.0384581e+02		6.8469546e-11
4.1900000e+02		4.2000000e+02		4.1950000e+02		5.3123875e+02		6.0303834e+01		1.2704530e+02		1.0444930e+02		1.0444930e+02		6.1201700e-11
4.2000000e+02		4.2100000e+02		4.2050000e+02		5.3797708e+02		6.1219426e+01		1.2897283e+02		1.0603516e+02		1.0603516e+02		6.7169681e-11
4.2100000e+02		4.2200000e+02		4.2150000e+02		5.2958361e+02		6.0156888e+01		1.2673300e+02		1.0419479e+02		1.0419479e+02		6.2183588e-11
4.2200000e+02		4.2300000e+02		4.2250000e+02		5.0190537e+02		5.7212595e+01		1.2052897e+02		9.9095121e+01		9.9095121e+01		6.5460714e-11
4.2300000e+02		4.2400000e+02		4.2350000e+02		5.3474862e+02		6.0872176e+01		1.2823723e+02		1.0543370e+02		1.0543370e+02		6.6796306e-11
4.2400000e+02		4.2500000e+02		4.2450000e+02		5.5328403e+02		6.3012896e+01		1.3274565e+02		1.0914154e+02		1.0914154e+02		7.0047653e-11
4.2500000e+02		4.2600000e+02		4.2550000e+02		5.3248014e+02		6.0615335e+01		1.2769355e+02		1.0498884e+02		1.0498884e+02		6.6534948e-11
4.2600000e+02		4.2700000e+02		4.2650000e+02		5.3029841e+02		6.0223499e+01		1.2686684e+02		1.0431016e+02		1.0431016e+02		6.1713998e-11
4.2700000e+02		4.2800000e+02		4.2750000e+02		4.9171747e+02		5.5822989e+01		1.1759556e+02		9.6688254e+01		9.6688254e+01		5.6653802e-11
4.2800000e+02		4.2900000e+02		4.2850000e+02		4.9494538e+02		5.6342932e+01		1.1868970e+02		9.7588821e+01		9.7588821e+01		6.1752112e-11
4.2900000e+02		4.3000000e+02		4.2950000e+02		4.6063718e+02		5.2391106e+01		1.1036388e+02		9.0744057e+01		9.0744057e+01		5.5944154e-11
4.3000000e+02		4.3100000e+02		4.3050000e+02		3.7055843e+02		4.1975559e+01		8.8422292e+01		7.2703801e+01		7.2703801e+01		3.9871577e-11
4.3100000e+02		4.3200000e+02		4.3150000e+02		4.5818753e+02		5.2174191e+01		1.0990487e+02		9.0368350e+01		9.0368350e+01		5.8149716e-11
4.3200000e+02		4.3300000e+02		4.3250000e+02		5.1625369e+02		5.9218255e+01		1.2474202e+02		1.0256903e+02		1.0256903e+02		8.0288073e-11
4.3300000e+02		4.3400000e+02		4.3350000e+02		5.6047485e+02		6.3255257e+01		1.3324465e+02		1.0956132e+02		1.0956132e+02		5.4031994e-11
4.3400000e+02		4.3500000e+02		4.3450000e+02		4.7595241e+02		5.4905879e+01		1.1565598e+02		9.5099772e+01		9.5099772e+01		8.8139503e-11
4.3500000e+02		4.3600000e+02		4.3550000e+02		5.3162725e+02		6.0179461e+01		1.2676333e+02		1.0423388e+02		1.0423388e+02		5.5428375e-11
4.3600000e+02		4.3700000e+02		4.3650000e+02		5.9481241e+02		6.7216087e+01		1.4158418e+02		1.1642168e+02		1.1642168e+02		5.9581183e-11
4.3700000e+02		4.3800000e+02		4.3750000e+02		5.2629983e+02		6.0199909e+01		1.2680417e+02		1.0426930e+02		1.0426930e+02		7.6280379e-11
4.3800000e+02		4.3900000e+02		4.3850000e+02		5.1257868e+02		5.8136619e+01		1.2245702e+02		1.0069558e+02		1.0069558e+02		5.7251172e-11
4.3900000e+02		4.4000000e+02		4.3950000e+02		5.7051902e+02		6.5084194e+01		1.3709000e+02		1.1272913e+02		1.1272913e+02		7.5985905e-11
4.4000000e+02		4.4100000e+02		4.4050000e+02		5.4089681e+02		6.1461682e+01		1.2945869e+02		1.0645476e+02		1.0645476e+02		6.3796260e-11
4.4100000e+02		4.4200000e+02		4.4150000e+02		5.9491633e+02		6.7493711e+01		1.4216400e+02		1.1690254e+02		1.1690254e+02		6.7785232e-11
4.4200000e+02		4.4300000e+02		4.4250000e+02		6.2544254e+02		7.0958956e+01		1.4946247e+02		1.2290452e+02		1.2290452e+02		7.1926097e-11
4.4300000e+02		4.4400000e+02		4.4350000e+02		6.0497206e+02		6.8567629e+01		1.4442429e+02		1.1876262e+02		1.1876262e+02		6.7265101e-11
4.4400000e+02		4.4500000e+02		4.4450000e+02		6.2324411e+02		7.0684589e+01		1.4888335e+02		1.2242930e+02		1.2242930e+02		7.1798575e-11
4.4500000e+02		4.4600000e+02		4.4550000e+02		5.7783999e+02		6.5632037e+01		1.3823975e+02		1.1367802e+02		1.1367802e+02		6.9299918e-11
4.4600000e+02		4.4700000e+02		4.4650000e+02		5.8940025e+02		6.6979370e+01		1.4107487e+02		1.1601167e+02		1.1601167e+02		7.0616727e-11
4.4700000e+02		4.4800000e+02		4.4750000e+02		6.3881895e+02		7.2699238e+01		1.5312070e+02		1.2591877e+02		1.2591877e+02		7.9430644e-11
4.4800000e+02		4.4900000e+02		4.4850000e+02		6.2805979e+02		7.1578185e+01		1.5075789e+02		1.2397705e+02		1.2397705e+02		8.1098815e-11
4.4900000e+02		4.5000000e+02		4.4950000e+02		6.3454704e+02		7.1940960e+01		1.5152061e+02		1.2460540e+02		1.2460540e+02		6.9084602e-11
4.5000000e+02		4.5100000e+02		4.5050000e+02		6.7325368e+02		7.6062651e+01		1.6020039e+02		1.3174438e+02		1.3174438e+02		6.7055685e-11
4.5100000e+02		4.5200000e+02		4.5150000e+02		6.7122600e+02		7.6346174e+01		1.6079634e+02		1.3223545e+02		1.3223545e+02		8.1222027e-11
4.5200000e+02		4.5300000e+02		4.5250000e+02		6.3541039e+02		7.2072284e+01		1.5179378e+02		1.2483286e+02		1.2483286e+02		7.0764387e-11
4.5300000e+02		4.5400000e+02		4.5350000e+02		6.0888666e+02		6.9181486e+01		1.4570432e+02		1.1982585e+02		1.1982585e+02		7.1078216e-11
4.5400000e+02		4.5500000e+02		4.5450000e+02		6.4999363e+02		7.3611900e+01		1.5503418e+02		1.2749955e+02		1.2749955e+02		6.9096737e-11
4.5500000e+02		4.5600000e+02		4.5550000e+02		6.4380306e+02		7.3318916e+01		1.5441603e+02		1.2699209e+02		1.2699209e+02		8.0676476e-11
4.5600000e+02		4.5700000e+02		4.5650000e+02		6.6853861e+02		7.5765863e+01		1.5956839e+02		1.3123032e+02		1.3123032e+02		7.2517463e-11
4.5700000e+02		4.5800000e+02		4.5750000e+02		6.7499745e+02		7.6840359e+01		1.6183023e+02		1.3309141e+02		1.3309141e+02		8.3615544e-11
4.5800000e+02		4.5900000e+02		4.5850000e+02		6.3439039e+02		7.2077604e+01		1.5179855e+02		1.2484207e+02		1.2484207e+02		7.4287979e-11
4.5900000e+02		4.6000000e+02		4.5950000e+02		6.5539586e+02		7.4356975e+01		1.5659794e+02		1.2879006e+02		1.2879006e+02		7.3499972e-11
4.6000000e+02		4.6100000e+02		4.6050000e+02		6.4752339e+02		7.3474768e+01		1.5473895e+02		1.2726203e+02		1.2726203e+02		7.2774445e-11
4.6100000e+02		4.6200000e+02		4.6150000e+02		6.6245412e+02		7.4990497e+01		1.5793005e+02		1.2988735e+02		1.2988735e+02		6.9399280e-11
4.6200000e+02		4.6300000e+02		4.6250000e+02		6.6901120e+02		7.6197373e+01		1.6047068e+02		1.3197772e+02		1.3197772e+02		8.4018722e-11
4.6300000e+02		4.6400000e+02		4.6350000e+02		6.4662616e+02		7.3274544e+01		1.5431424e+02		1.2691523e+02		1.2691523e+02		6.9812983e-11
4.6400000e+02		4.6500000e+02		4.6450000e+02		6.5795753e+02		7.4843517e+01		1.5761744e+02		1.2963277e+02		1.2963277e+02		7.9853103e-11
4.6500000e+02		4.6600000e+02		4.6550000e+02		6.3552746e+02		7.2088421e+01		1.5181436e+02		1.2486081e+02		1.2486081e+02		7.0466925e-11
4.6600000e+02		4.6700000e+02		4.6650000e+02		6.3955371e+02		7.2802870e+01		1.5331798e+02		1.2609827e+02		1.2609827e+02		7.8983883e-11
4.6700000e+02		4.6800000e+02		4.6750000e+02		6.4572639e+02		7.3390681e+01		1.5455530e+02		1.2711639e+02		1.2711639e+02		7.6592450e-11
4.6800000e+02		4.6900000e+02		4.6850000e+02		6.3145002e+02		7.1885447e+01		1.5138442e+02		1.2450925e+02		1.2450925e+02		7.8411148e-11
4.6900000e+02		4.7000000e+02		4.6950000e+02		6.4956875e+02		7.3591794e+01		1.5497728e+02		1.2746473e+02		1.2746473e+02		7.0086154e-11
4.7000000e+02		4.7100000e+02		4.7050000e+02		6.1381170e+02		6.9573647e+01		1.4651460e+02		1.2050509e+02		1.2050509e+02		6.7237466e-11
4.7100000e+02		4.7200000e+02		4.7150000e+02		6.4174114e+02		7.2877931e+01		1.5347232e+02		1.2622828e+02		1.2622828e+02		7.4468467e-11
4.7200000e+02		4.7300000e+02		4.7250000e+02		6.5742798e+02		7.4695367e+01		1.5729875e+02		1.2937617e+02		1.2937617e+02		7.7387007e-11
4.7300000e+02		4.7400000e+02		4.7350000e+02		6.4563741e+02		7.3304119e+01		1.5436865e+02		1.2696646e+02		1.2696646e+02		7.4894084e-11
4.7400000e+02		4.7500000e+02		4.7450000e+02		6.6512717e+02		7.5593867e+01		1.5918875e+02		1.3093242e+02		1.3093242e+02		7.8707280e-11
4.7500000e+02		4.7600000e+02		4.7550000e+02		6.6365303e+02		7.5272283e+01		1.5851003e+02		1.3037542e+02		1.3037542e+02		7.3484186e-11
4.7600000e+02		4.7700000e+02		4.7650000e+02		6.3952653e+02		7.2622488e+01		1.5292907e+02		1.2578584e+02		1.2578584e+02		7.3339640e-11
4.7700000e+02		4.7800000e+02		4.7750000e+02		6.6772274e+02		7.5817750e+01		1.5965679e+02		1.3132020e+02		1.3132020e+02		7.6268627e-11
4.7800000e+02		4.7900000e+02		4.7850000e+02		6.6128260e+02		7.5363534e+01		1.5869943e+02		1.3053347e+02		1.3053347e+02		8.4286097e-11
4.7900000e+02		4.8000000e+02		4.7950000e+02		6.6320839e+02		7.5434404e+01		1.5884780e+02		1.3065622e+02		1.3065622e+02		7.9760133e-11
4.8000000e+02		4.8100000e+02		4.8050000e+02		6.6489751e+02		7.5419421e+01		1.5881539e+02		1.3063027e+02		1.3063027e+02		7.3158077e-11
4.8100000e+02		4.8200000e+02		4.8150000e+02		6.6630748e+02		7.5322851e+01		1.5861119e+02		1.3046300e+02		1.3046300e+02		6.6724075e-11
4.8200000e+02		4.8300000e+02		4.8250000e+02		6.6376999e+02		7.5110264e+01		1.5816270e+02		1.3009479e+02		1.3009479e+02		6.8419695e-11
4.8300000e+02		4.8400000e+02		4.8350000e+02		6.5373157e+02		7.4336482e+01		1.5653266e+02		1.2875456e+02		1.2875456e+02		7.7965437e-11
4.8400000e+02		4.8500000e+02		4.8450000e+02		6.4242337e+02		7.2555771e+01		1.5278248e+02		1.2567028e+02		1.2567028e+02		6.2449047e-11
4.8500000e+02		4.8600000e+02		4.8550000e+02		6.0369332e+02		6.8455190e+01		1.4414753e+02		1.1856787e+02		1.1856787e+02		6.6914939e-11
4.8600000e+02		4.8700000e+02		4.8650000e+02		5.2412565e+02		5.9439335e+01		1.2516162e+02		1.0295195e+02		1.0295195e+02		5.7953012e-11
4.8700000e+02		4.8800000e+02		4.8750000e+02		5.9966111e+02		6.7849139e+01		1.4286985e+02		1.1751816e+02		1.1751816e+02		6.2122935e-11
4.8800000e+02		4.8900000e+02		4.8850000e+02		6.3081686e+02		7.1439748e+01		1.5042986e+02		1.2373727e+02		1.2373727e+02		6.7137185e-11
4.8900000e+02		4.9000000e+02		4.8950000e+02		6.1880396e+02		7.0282091e+01		1.4799139e+02		1.2173215e+02		1.2173215e+02		7.1684741e-11
4.9000000e+02		4.9100000e+02		4.9050000e+02		6.5907671e+02		7.4694590e+01		1.5728164e+02		1.2937483e+02		1.2937483e+02		7.1367652e-11
4.9100000e+02		4.9200000e+02		4.9150000e+02		6.2110374e+02		7.0597575e+01		1.4865407e+02		1.2227859e+02		1.2227859e+02		7.3727811e-11
4.9200000e+02		4.9300000e+02		4.9250000e+02		5.9112858e+02		6.6922232e+01		1.4091393e+02		1.1591271e+02		1.1591271e+02		6.1649202e-11
4.9300000e+02		4.9400000e+02		4.9350000e+02		6.2472140e+02		7.0776445e+01		1.4902873e+02		1.2258840e+02		1.2258840e+02		6.6596993e-11
4.9400000e+02		4.9500000e+02		4.9450000e+02		6.4279699e+02		7.2882738e+01		1.5346304e+02		1.2623660e+02		1.2623660e+02		7.0166135e-11
4.9500000e+02		4.9600000e+02		4.9550000e+02		6.3133158e+02		7.1418805e+01		1.5037987e+02		1.2370100e+02		1.2370100e+02		6.4316183e-11
4.9600000e+02		4.9700000e+02		4.9650000e+02		6.3921352e+02		7.2460374e+01		1.5257231e+02		1.2550505e+02		1.2550505e+02		6.9252508e-11
4.9700000e+02		4.9800000e+02		4.9750000e+02		6.5113923e+02		7.3848722e+01		1.5549491e+02		1.2790974e+02		1.2790974e+02		7.1615590e-11
4.9800000e+02		4.9900000e+02		4.9850000e+02		5.9175801e+02		6.6931930e+01		1.4093046e+02		1.1592950e+02		1.1592950e+02		6.0048681e-11
4.9900000e+02		5.0000000e+02		4.9950000e+02		6.3385792e+02		7.1610997e+01		1.5078241e+02		1.2403389e+02		1.2403389e+02		6.2478063e-11
