Left Bin Edge (nm)	Right Bin Edge (nm)	Bin Center (nm)		Top of Atm Intensity (erg/s/nm/cm2)		Total Surface Flux (erg/s/nm/cm2)		Total Intensity at BOA (erg/s/nm/cm2)		Total Surface Intensity (erg/s/nm/cm2)		Total Surface Diffuse Intensity (erg/s/nm/cm2)		Total Surface Direct Intensity (erg/s/nm/cm2)
1.0000000e+02		1.0100000e+02		1.0050000e+02		1.9189487e-02		0.0000000e+00		0.0000000e+00		0.0000000e+00		0.0000000e+00		0.0000000e+00
1.0100000e+02		1.0200000e+02		1.0150000e+02		7.4861701e-02		0.0000000e+00		0.0000000e+00		0.0000000e+00		0.0000000e+00		0.0000000e+00
1.0200000e+02		1.0300000e+02		1.0250000e+02		3.9734366e-01		0.0000000e+00		0.0000000e+00		0.0000000e+00		0.0000000e+00		0.0000000e+00
1.0300000e+02		1.0400000e+02		1.0350000e+02		3.0179545e-01		0.0000000e+00		0.0000000e+00		0.0000000e+00		0.0000000e+00		0.0000000e+00
1.0400000e+02		1.0500000e+02		1.0450000e+02		6.0815352e-02		0.0000000e+00		0.0000000e+00		0.0000000e+00		0.0000000e+00		0.0000000e+00
1.0500000e+02		1.0600000e+02		1.0550000e+02		2.0834600e-02		0.0000000e+00		0.0000000e+00		0.0000000e+00		0.0000000e+00		0.0000000e+00
1.0600000e+02		1.0700000e+02		1.0650000e+02		1.9584792e-02		0.0000000e+00		0.0000000e+00		0.0000000e+00		0.0000000e+00		0.0000000e+00
1.0700000e+02		1.0800000e+02		1.0750000e+02		2.1853879e-02		0.0000000e+00		0.0000000e+00		0.0000000e+00		0.0000000e+00		0.0000000e+00
1.0800000e+02		1.0900000e+02		1.0850000e+02		3.0634999e-02		0.0000000e+00		0.0000000e+00		0.0000000e+00		0.0000000e+00		0.0000000e+00
1.0900000e+02		1.1000000e+02		1.0950000e+02		2.4032561e-02		0.0000000e+00		0.0000000e+00		0.0000000e+00		0.0000000e+00		0.0000000e+00
1.1000000e+02		1.1100000e+02		1.1050000e+02		2.3268893e-02		0.0000000e+00		0.0000000e+00		0.0000000e+00		0.0000000e+00		0.0000000e+00
1.1100000e+02		1.1200000e+02		1.1150000e+02		2.1871272e-02		0.0000000e+00		0.0000000e+00		0.0000000e+00		0.0000000e+00		0.0000000e+00
1.1200000e+02		1.1300000e+02		1.1250000e+02		2.2375602e-02		0.0000000e+00		0.0000000e+00		0.0000000e+00		0.0000000e+00		0.0000000e+00
1.1300000e+02		1.1400000e+02		1.1350000e+02		1.7748133e-02		0.0000000e+00		0.0000000e+00		0.0000000e+00		0.0000000e+00		0.0000000e+00
1.1400000e+02		1.1500000e+02		1.1450000e+02		1.3589480e-02		0.0000000e+00		0.0000000e+00		0.0000000e+00		0.0000000e+00		0.0000000e+00
1.1500000e+02		1.1600000e+02		1.1550000e+02		1.8751615e-02		0.0000000e+00		0.0000000e+00		0.0000000e+00		0.0000000e+00		0.0000000e+00
1.1600000e+02		1.1700000e+02		1.1650000e+02		4.3674487e-02		0.0000000e+00		0.0000000e+00		0.0000000e+00		0.0000000e+00		0.0000000e+00
1.1700000e+02		1.1800000e+02		1.1750000e+02		1.5546757e-01		0.0000000e+00		0.0000000e+00		0.0000000e+00		0.0000000e+00		0.0000000e+00
1.1800000e+02		1.1900000e+02		1.1850000e+02		5.2889236e-02		0.0000000e+00		0.0000000e+00		0.0000000e+00		0.0000000e+00		0.0000000e+00
1.1900000e+02		1.2000000e+02		1.1950000e+02		7.3692884e-02		0.0000000e+00		0.0000000e+00		0.0000000e+00		0.0000000e+00		0.0000000e+00
1.2000000e+02		1.2100000e+02		1.2050000e+02		4.0066072e-01		0.0000000e+00		0.0000000e+00		0.0000000e+00		0.0000000e+00		0.0000000e+00
1.2100000e+02		1.2200000e+02		1.2150000e+02		1.5905289e+01		0.0000000e+00		0.0000000e+00		0.0000000e+00		0.0000000e+00		0.0000000e+00
1.2200000e+02		1.2300000e+02		1.2250000e+02		1.0666543e-01		0.0000000e+00		0.0000000e+00		0.0000000e+00		0.0000000e+00		0.0000000e+00
1.2300000e+02		1.2400000e+02		1.2350000e+02		5.7456553e-02		0.0000000e+00		0.0000000e+00		0.0000000e+00		0.0000000e+00		0.0000000e+00
1.2400000e+02		1.2500000e+02		1.2450000e+02		4.6184197e-02		0.0000000e+00		0.0000000e+00		0.0000000e+00		0.0000000e+00		0.0000000e+00
1.2500000e+02		1.2600000e+02		1.2550000e+02		4.5085118e-02		0.0000000e+00		0.0000000e+00		0.0000000e+00		0.0000000e+00		0.0000000e+00
1.2600000e+02		1.2700000e+02		1.2650000e+02		6.3054464e-02		0.0000000e+00		0.0000000e+00		0.0000000e+00		0.0000000e+00		0.0000000e+00
1.2700000e+02		1.2800000e+02		1.2750000e+02		3.3006429e-02		0.0000000e+00		0.0000000e+00		0.0000000e+00		0.0000000e+00		0.0000000e+00
1.2800000e+02		1.2900000e+02		1.2850000e+02		2.6335196e-02		0.0000000e+00		0.0000000e+00		0.0000000e+00		0.0000000e+00		0.0000000e+00
1.2900000e+02		1.3000000e+02		1.2950000e+02		3.5131240e-02		0.0000000e+00		0.0000000e+00		0.0000000e+00		0.0000000e+00		0.0000000e+00
1.3000000e+02		1.3100000e+02		1.3050000e+02		2.8850634e-01		0.0000000e+00		0.0000000e+00		0.0000000e+00		0.0000000e+00		0.0000000e+00
1.3100000e+02		1.3200000e+02		1.3150000e+02		3.9064855e-02		0.0000000e+00		0.0000000e+00		0.0000000e+00		0.0000000e+00		0.0000000e+00
1.3200000e+02		1.3300000e+02		1.3250000e+02		3.0374778e-02		0.0000000e+00		0.0000000e+00		0.0000000e+00		0.0000000e+00		0.0000000e+00
1.3300000e+02		1.3400000e+02		1.3350000e+02		4.1056606e-01		0.0000000e+00		0.0000000e+00		0.0000000e+00		0.0000000e+00		0.0000000e+00
1.3400000e+02		1.3500000e+02		1.3450000e+02		2.8092500e-02		0.0000000e+00		0.0000000e+00		0.0000000e+00		0.0000000e+00		0.0000000e+00
1.3500000e+02		1.3600000e+02		1.3550000e+02		5.8954708e-02		0.0000000e+00		0.0000000e+00		0.0000000e+00		0.0000000e+00		0.0000000e+00
1.3600000e+02		1.3700000e+02		1.3650000e+02		3.8690656e-02		0.0000000e+00		0.0000000e+00		0.0000000e+00		0.0000000e+00		0.0000000e+00
1.3700000e+02		1.3800000e+02		1.3750000e+02		3.9732879e-02		0.0000000e+00		0.0000000e+00		0.0000000e+00		0.0000000e+00		0.0000000e+00
1.3800000e+02		1.3900000e+02		1.3850000e+02		4.0549866e-02		0.0000000e+00		0.0000000e+00		0.0000000e+00		0.0000000e+00		0.0000000e+00
1.3900000e+02		1.4000000e+02		1.3950000e+02		1.3692187e-01		0.0000000e+00		0.0000000e+00		0.0000000e+00		0.0000000e+00		0.0000000e+00
1.4000000e+02		1.4100000e+02		1.4050000e+02		1.1939088e-01		0.0000000e+00		0.0000000e+00		0.0000000e+00		0.0000000e+00		0.0000000e+00
1.4100000e+02		1.4200000e+02		1.4150000e+02		5.7521948e-02		0.0000000e+00		0.0000000e+00		0.0000000e+00		0.0000000e+00		0.0000000e+00
1.4200000e+02		1.4300000e+02		1.4250000e+02		6.2343151e-02		0.0000000e+00		0.0000000e+00		0.0000000e+00		0.0000000e+00		0.0000000e+00
1.4300000e+02		1.4400000e+02		1.4350000e+02		6.9165895e-02		0.0000000e+00		0.0000000e+00		0.0000000e+00		0.0000000e+00		0.0000000e+00
1.4400000e+02		1.4500000e+02		1.4450000e+02		6.6149126e-02		0.0000000e+00		0.0000000e+00		0.0000000e+00		0.0000000e+00		0.0000000e+00
1.4500000e+02		1.4600000e+02		1.4550000e+02		7.0536262e-02		0.0000000e+00		0.0000000e+00		0.0000000e+00		0.0000000e+00		0.0000000e+00
1.4600000e+02		1.4700000e+02		1.4650000e+02		8.6012655e-02		0.0000000e+00		0.0000000e+00		0.0000000e+00		0.0000000e+00		0.0000000e+00
1.4700000e+02		1.4800000e+02		1.4750000e+02		1.0610345e-01		0.0000000e+00		0.0000000e+00		0.0000000e+00		0.0000000e+00		0.0000000e+00
1.4800000e+02		1.4900000e+02		1.4850000e+02		1.0405386e-01		0.0000000e+00		0.0000000e+00		0.0000000e+00		0.0000000e+00		0.0000000e+00
1.4900000e+02		1.5000000e+02		1.4950000e+02		9.4002421e-02		0.0000000e+00		0.0000000e+00		0.0000000e+00		0.0000000e+00		0.0000000e+00
1.5000000e+02		1.5100000e+02		1.5050000e+02		1.0343288e-01		0.0000000e+00		0.0000000e+00		0.0000000e+00		0.0000000e+00		0.0000000e+00
1.5100000e+02		1.5200000e+02		1.5150000e+02		1.0875212e-01		0.0000000e+00		0.0000000e+00		0.0000000e+00		0.0000000e+00		0.0000000e+00
1.5200000e+02		1.5300000e+02		1.5250000e+02		1.3876638e-01		0.0000000e+00		0.0000000e+00		0.0000000e+00		0.0000000e+00		0.0000000e+00
1.5300000e+02		1.5400000e+02		1.5350000e+02		1.5371418e-01		0.0000000e+00		0.0000000e+00		0.0000000e+00		0.0000000e+00		0.0000000e+00
1.5400000e+02		1.5500000e+02		1.5450000e+02		4.1112511e-01		0.0000000e+00		0.0000000e+00		0.0000000e+00		0.0000000e+00		0.0000000e+00
1.5500000e+02		1.5600000e+02		1.5550000e+02		3.3836363e-01		0.0000000e+00		0.0000000e+00		0.0000000e+00		0.0000000e+00		0.0000000e+00
1.5600000e+02		1.5700000e+02		1.5650000e+02		2.0084632e-01		0.0000000e+00		0.0000000e+00		0.0000000e+00		0.0000000e+00		0.0000000e+00
1.5700000e+02		1.5800000e+02		1.5750000e+02		1.8216796e-01		0.0000000e+00		0.0000000e+00		0.0000000e+00		0.0000000e+00		0.0000000e+00
1.5800000e+02		1.5900000e+02		1.5850000e+02		1.6795176e-01		0.0000000e+00		0.0000000e+00		0.0000000e+00		0.0000000e+00		0.0000000e+00
1.5900000e+02		1.6000000e+02		1.5950000e+02		1.6379377e-01		0.0000000e+00		0.0000000e+00		0.0000000e+00		0.0000000e+00		0.0000000e+00
1.6000000e+02		1.6100000e+02		1.6050000e+02		1.7926410e-01		0.0000000e+00		0.0000000e+00		0.0000000e+00		0.0000000e+00		0.0000000e+00
1.6100000e+02		1.6200000e+02		1.6150000e+02		2.0306941e-01		0.0000000e+00		0.0000000e+00		0.0000000e+00		0.0000000e+00		0.0000000e+00
1.6200000e+02		1.6300000e+02		1.6250000e+02		2.2492895e-01		0.0000000e+00		0.0000000e+00		0.0000000e+00		0.0000000e+00		0.0000000e+00
1.6300000e+02		1.6400000e+02		1.6350000e+02		4.7671727e-01		0.0000000e+00		0.0000000e+00		0.0000000e+00		0.0000000e+00		0.0000000e+00
1.6400000e+02		1.6500000e+02		1.6450000e+02		4.8753270e-01		0.0000000e+00		0.0000000e+00		0.0000000e+00		0.0000000e+00		0.0000000e+00
1.6500000e+02		1.6600000e+02		1.6550000e+02		5.7072689e-01		0.0000000e+00		0.0000000e+00		0.0000000e+00		0.0000000e+00		0.0000000e+00
1.6600000e+02		1.6700000e+02		1.6650000e+02		2.6919628e-01		0.0000000e+00		0.0000000e+00		0.0000000e+00		0.0000000e+00		0.0000000e+00
1.6700000e+02		1.6800000e+02		1.6750000e+02		2.8728373e-01		0.0000000e+00		0.0000000e+00		0.0000000e+00		0.0000000e+00		0.0000000e+00
1.6800000e+02		1.6900000e+02		1.6850000e+02		3.0958866e-01		0.0000000e+00		0.0000000e+00		0.0000000e+00		0.0000000e+00		0.0000000e+00
1.6900000e+02		1.7000000e+02		1.6950000e+02		3.8988989e-01		0.0000000e+00		0.0000000e+00		0.0000000e+00		0.0000000e+00		0.0000000e+00
1.7000000e+02		1.7100000e+02		1.7050000e+02		4.3752516e-01		0.0000000e+00		0.0000000e+00		0.0000000e+00		0.0000000e+00		0.0000000e+00
1.7100000e+02		1.7200000e+02		1.7150000e+02		4.3618394e-01		0.0000000e+00		0.0000000e+00		0.0000000e+00		0.0000000e+00		0.0000000e+00
1.7200000e+02		1.7300000e+02		1.7250000e+02		4.5514763e-01		0.0000000e+00		0.0000000e+00		0.0000000e+00		0.0000000e+00		0.0000000e+00
1.7300000e+02		1.7400000e+02		1.7350000e+02		4.5120572e-01		0.0000000e+00		0.0000000e+00		0.0000000e+00		0.0000000e+00		0.0000000e+00
1.7400000e+02		1.7500000e+02		1.7450000e+02		5.3951828e-01		0.0000000e+00		0.0000000e+00		0.0000000e+00		0.0000000e+00		0.0000000e+00
1.7500000e+02		1.7600000e+02		1.7550000e+02		6.4389120e-01		0.0000000e+00		0.0000000e+00		0.0000000e+00		0.0000000e+00		0.0000000e+00
1.7600000e+02		1.7700000e+02		1.7650000e+02		6.9472845e-01		0.0000000e+00		0.0000000e+00		0.0000000e+00		0.0000000e+00		0.0000000e+00
1.7700000e+02		1.7800000e+02		1.7750000e+02		8.1849614e-01		0.0000000e+00		0.0000000e+00		0.0000000e+00		0.0000000e+00		0.0000000e+00
1.7800000e+02		1.7900000e+02		1.7850000e+02		8.9455089e-01		0.0000000e+00		0.0000000e+00		0.0000000e+00		0.0000000e+00		0.0000000e+00
1.7900000e+02		1.8000000e+02		1.7950000e+02		8.6966614e-01		0.0000000e+00		0.0000000e+00		0.0000000e+00		0.0000000e+00		0.0000000e+00
1.8000000e+02		1.8100000e+02		1.8050000e+02		1.0753674e+00		0.0000000e+00		0.0000000e+00		0.0000000e+00		0.0000000e+00		0.0000000e+00
1.8100000e+02		1.8200000e+02		1.8150000e+02		1.3093431e+00		0.0000000e+00		0.0000000e+00		0.0000000e+00		0.0000000e+00		0.0000000e+00
1.8200000e+02		1.8300000e+02		1.8250000e+02		1.2087370e+00		0.0000000e+00		0.0000000e+00		0.0000000e+00		0.0000000e+00		0.0000000e+00
1.8300000e+02		1.8400000e+02		1.8350000e+02		1.2728289e+00		0.0000000e+00		0.0000000e+00		0.0000000e+00		0.0000000e+00		0.0000000e+00
1.8400000e+02		1.8500000e+02		1.8450000e+02		1.0940339e+00		0.0000000e+00		0.0000000e+00		0.0000000e+00		0.0000000e+00		0.0000000e+00
1.8500000e+02		1.8600000e+02		1.8550000e+02		1.2372281e+00		0.0000000e+00		0.0000000e+00		0.0000000e+00		0.0000000e+00		0.0000000e+00
1.8600000e+02		1.8700000e+02		1.8650000e+02		1.4037992e+00		0.0000000e+00		0.0000000e+00		0.0000000e+00		0.0000000e+00		0.0000000e+00
1.8700000e+02		1.8800000e+02		1.8750000e+02		1.5907538e+00		0.0000000e+00		0.0000000e+00		0.0000000e+00		0.0000000e+00		0.0000000e+00
1.8800000e+02		1.8900000e+02		1.8850000e+02		1.6735993e+00		5.1688854e-209		0.0000000e+00		5.1736217e-209		1.1206105e-211		5.1624156e-209
1.8900000e+02		1.9000000e+02		1.8950000e+02		1.8559600e+00		2.4324519e-139		0.0000000e+00		2.4357311e-139		7.7586886e-142		2.4279724e-139
1.9000000e+02		1.9100000e+02		1.9050000e+02		1.9109940e+00		3.1395329e-91		8.8785573e-88		3.1458945e-91		1.5051745e-93		3.1308427e-91
1.9100000e+02		1.9200000e+02		1.9150000e+02		2.0707336e+00		2.6073135e-64		7.0149931e-62		2.6147000e-64		1.7476525e-66		2.5972234e-64
1.9200000e+02		1.9300000e+02		1.9250000e+02		2.1685186e+00		1.5052593e-45		7.8648909e-44		1.5112173e-45		1.4096873e-47		1.4971205e-45
1.9300000e+02		1.9400000e+02		1.9350000e+02		1.6554009e+00		4.4628388e-34		8.4693401e-33		4.4863554e-34		5.5640817e-36		4.4307146e-34
1.9400000e+02		1.9500000e+02		1.9450000e+02		2.6556632e+00		8.0576181e-28		9.0180274e-27		8.1087823e-28		1.2105591e-29		7.9877264e-28
1.9500000e+02		1.9600000e+02		1.9550000e+02		2.5630279e+00		1.6814333e-22		1.1821835e-21		1.6945699e-22		3.1081694e-24		1.6634883e-22
1.9600000e+02		1.9700000e+02		1.9650000e+02		2.8204934e+00		1.1345427e-19		6.2589176e-19		1.1445595e-19		2.3699981e-21		1.1208595e-19
1.9700000e+02		1.9800000e+02		1.9750000e+02		2.8068384e+00		2.4244751e-18		1.1912870e-17		2.4470784e-18		5.3479831e-20		2.3935985e-18
1.9800000e+02		1.9900000e+02		1.9850000e+02		2.7505577e+00		1.1027365e-10		2.8018125e-10		1.1216534e-10		4.4757793e-12		1.0768956e-10
1.9900000e+02		2.0000000e+02		1.9950000e+02		2.8965557e+00		7.1927525e-05		1.3922311e-04		8.4767736e-05		3.0380265e-05		5.4387471e-05
2.0000000e+02		2.0100000e+02		2.0050000e+02		3.0623388e+00		6.2051454e-05		1.1903278e-04		7.2199605e-05		2.4010784e-05		4.8188821e-05
2.0100000e+02		2.0200000e+02		2.0150000e+02		3.2593670e+00		1.2393488e-03		2.6248036e-03		1.7082427e-03		1.1094149e-03		5.9882786e-04
2.0200000e+02		2.0300000e+02		2.0250000e+02		3.2217937e+00		1.5497842e-04		3.0403313e-04		1.8796453e-04		7.8045983e-05		1.0991855e-04
2.0300000e+02		2.0400000e+02		2.0350000e+02		3.4484145e+00		3.3292861e-04		6.6808354e-04		4.1978703e-04		2.0550924e-04		2.1427780e-04
2.0400000e+02		2.0500000e+02		2.0450000e+02		3.7117169e+00		6.3932670e-03		1.3925218e-02		9.4862375e-03		7.3180469e-03		2.1681906e-03
2.0500000e+02		2.0600000e+02		2.0550000e+02		3.7200399e+00		2.9616026e-04		5.8679964e-04		3.6728289e-04		1.6827795e-04		1.9900494e-04
2.0600000e+02		2.0700000e+02		2.0650000e+02		3.7247532e+00		1.3426643e-03		2.8023168e-03		1.8230141e-03		1.1365199e-03		6.8649426e-04
2.0700000e+02		2.0800000e+02		2.0750000e+02		4.0454145e+00		1.1842370e-02		2.5843638e-02		1.7908708e-02		1.4353108e-02		3.5555993e-03
2.0800000e+02		2.0900000e+02		2.0850000e+02		4.3759554e+00		1.3530977e-03		2.7981511e-03		1.8133851e-03		1.0890517e-03		7.2433336e-04
2.0900000e+02		2.1000000e+02		2.0950000e+02		5.6528678e+00		5.2775764e-02		1.1567281e-01		8.3193463e-02		7.1969049e-02		1.1224414e-02
2.1000000e+02		2.1100000e+02		2.1050000e+02		6.9678423e+00		5.0085452e-03		1.0572863e-02		7.0200272e-03		4.7592176e-03		2.2608096e-03
2.1100000e+02		2.1200000e+02		2.1150000e+02		7.9326445e+00		4.1493011e-02		9.0502770e-02		6.3914638e-02		5.3050137e-02		1.0864500e-02
2.1200000e+02		2.1300000e+02		2.1250000e+02		7.0734222e+00		7.4051650e-02		1.6169222e-01		1.1675313e-01		1.0103279e-01		1.5720340e-02
2.1300000e+02		2.1400000e+02		2.1350000e+02		7.2066449e+00		3.3773694e-02		7.3409543e-02		5.1673299e-02		4.2350920e-02		9.3223787e-03
2.1400000e+02		2.1500000e+02		2.1450000e+02		9.2279181e+00		3.6526151e-01		7.9152352e-01		5.9588865e-01		5.4566967e-01		5.0218983e-02
2.1500000e+02		2.1600000e+02		2.1550000e+02		7.9257408e+00		8.1715555e-02		1.7789602e-01		1.2843971e-01		1.1055055e-01		1.7889166e-02
2.1600000e+02		2.1700000e+02		2.1650000e+02		7.3353469e+00		3.7087438e-01		8.0045328e-01		6.0721101e-01		5.5917848e-01		4.8032532e-02
2.1700000e+02		2.1800000e+02		2.1750000e+02		7.5953881e+00		2.7295422e-01		5.9059265e-01		4.4350203e-01		4.0352044e-01		3.9981584e-02
2.1800000e+02		2.1900000e+02		2.1850000e+02		1.0217230e+01		5.6740219e-01		1.2221440e+00		9.3003021e-01		8.5798710e-01		7.2043111e-02
2.1900000e+02		2.2000000e+02		2.1950000e+02		1.0786519e+01		1.2063007e+00		2.5779587e+00		2.0025402e+00		1.8839228e+00		1.1861736e-01
2.2000000e+02		2.2100000e+02		2.2050000e+02		1.0851638e+01		6.4958384e-01		1.3963703e+00		1.0652967e+00		9.8358708e-01		8.1709574e-02
2.2100000e+02		2.2200000e+02		2.2150000e+02		8.6872371e+00		1.4279674e+00		3.0344081e+00		2.3831057e+00		2.2598815e+00		1.2322428e-01
2.2200000e+02		2.2300000e+02		2.2250000e+02		1.1691346e+01		1.5321340e+00		3.2622397e+00		2.5465104e+00		2.4000405e+00		1.4646993e-01
2.2300000e+02		2.2400000e+02		2.2350000e+02		1.5139682e+01		4.2142877e+00		8.8915868e+00		7.0816576e+00		6.7842701e+00		2.9738747e-01
2.2400000e+02		2.2500000e+02		2.2450000e+02		1.4154944e+01		2.7794584e+00		5.8851675e+00		4.6464472e+00		4.4173429e+00		2.2910427e-01
2.2500000e+02		2.2600000e+02		2.2550000e+02		1.2365614e+01		3.4422485e+00		7.2558659e+00		5.7811068e+00		5.5337981e+00		2.4730871e-01
2.2600000e+02		2.2700000e+02		2.2650000e+02		9.0577089e+00		2.6399287e+00		5.5599657e+00		4.4358968e+00		4.2493061e+00		1.8659068e-01
2.2700000e+02		2.2800000e+02		2.2750000e+02		8.8108381e+00		2.8787034e+00		6.0528937e+00		4.8435134e+00		4.6487905e+00		1.9472293e-01
2.2800000e+02		2.2900000e+02		2.2850000e+02		1.2275156e+01		5.4414170e+00		1.1400415e+01		9.1884775e+00		8.8656402e+00		3.2283728e-01
2.2900000e+02		2.3000000e+02		2.2950000e+02		1.1031259e+01		5.5586174e+00		1.1626665e+01		9.3984427e+00		9.0851242e+00		3.1331847e-01
2.3000000e+02		2.3100000e+02		2.3050000e+02		1.2510180e+01		6.0850169e+00		1.2727466e+01		1.0282750e+01		9.9319439e+00		3.5080643e-01
2.3100000e+02		2.3200000e+02		2.3150000e+02		1.1791833e+01		6.0736456e+00		1.2691941e+01		1.0268428e+01		9.9249607e+00		3.4346688e-01
2.3200000e+02		2.3300000e+02		2.3250000e+02		1.2664003e+01		6.7294309e+00		1.4051483e+01		1.1377565e+01		1.0997603e+01		3.7996162e-01
2.3300000e+02		2.3400000e+02		2.3350000e+02		1.1428554e+01		6.2629603e+00		1.3070377e+01		1.0592176e+01		1.0243035e+01		3.4914125e-01
2.3400000e+02		2.3500000e+02		2.3450000e+02		9.9864853e+00		5.4974818e+00		1.1468544e+01		9.2966905e+00		8.9890243e+00		3.0766620e-01
2.3500000e+02		2.3600000e+02		2.3550000e+02		1.3443360e+01		7.3531463e+00		1.5336197e+01		1.2432717e+01		1.2018394e+01		4.1432318e-01
2.3600000e+02		2.3700000e+02		2.3650000e+02		1.2448020e+01		6.8637770e+00		1.4307831e+01		1.1602593e+01		1.1212158e+01		3.9043427e-01
2.3700000e+02		2.3800000e+02		2.3750000e+02		1.3294723e+01		7.3473550e+00		1.5309383e+01		1.2417259e+01		1.1995523e+01		4.2173662e-01
2.3800000e+02		2.3900000e+02		2.3850000e+02		1.1021422e+01		6.0870302e+00		1.2678348e+01		1.0284638e+01		9.9316474e+00		3.5299086e-01
2.3900000e+02		2.4000000e+02		2.3950000e+02		1.2008577e+01		6.6182660e+00		1.3780182e+01		1.1179666e+01		1.0792387e+01		3.8727818e-01
2.4000000e+02		2.4100000e+02		2.4050000e+02		1.1032163e+01		6.0724189e+00		1.2640838e+01		1.0256924e+01		9.9006459e+00		3.5627827e-01
2.4100000e+02		2.4200000e+02		2.4150000e+02		1.2918879e+01		7.1233546e+00		1.4823033e+01		1.2029726e+01		1.1608599e+01		4.2112690e-01
2.4200000e+02		2.4300000e+02		2.4250000e+02		1.7782729e+01		9.8171818e+00		2.0421873e+01		1.6576335e+01		1.5992328e+01		5.8400717e-01
2.4300000e+02		2.4400000e+02		2.4350000e+02		1.6701989e+01		9.1759273e+00		1.9082264e+01		1.5489504e+01		1.4938083e+01		5.5142133e-01
2.4400000e+02		2.4500000e+02		2.4450000e+02		1.5641720e+01		8.4068874e+00		1.7479767e+01		1.4183846e+01		1.3668430e+01		5.1541546e-01
2.4500000e+02		2.4600000e+02		2.4550000e+02		1.2691134e+01		6.6116889e+00		1.3746665e+01		1.1148682e+01		1.0734641e+01		4.1404113e-01
2.4600000e+02		2.4700000e+02		2.4650000e+02		1.2350906e+01		6.5135221e+00		1.3535335e+01		1.0981213e+01		1.0570670e+01		4.1054303e-01
2.4700000e+02		2.4800000e+02		2.4750000e+02		1.3639226e+01		7.1570340e+00		1.4869892e+01		1.2064395e+01		1.1610941e+01		4.5345381e-01
2.4800000e+02		2.4900000e+02		2.4850000e+02		1.0938846e+01		5.6996777e+00		1.1840208e+01		9.6062453e+00		9.2430382e+00		3.6320712e-01
2.4900000e+02		2.5000000e+02		2.4950000e+02		1.3333262e+01		6.8639537e+00		1.4255754e+01		1.1564277e+01		1.1121083e+01		4.4319332e-01
2.5000000e+02		2.5100000e+02		2.5050000e+02		1.4401571e+01		7.1142950e+00		1.4775903e+01		1.1976493e+01		1.1504083e+01		4.7240968e-01
2.5100000e+02		2.5200000e+02		2.5150000e+02		1.2007424e+01		5.7603907e+00		1.1963273e+01		9.6913787e+00		9.3008174e+00		3.9056121e-01
2.5200000e+02		2.5300000e+02		2.5250000e+02		1.0794009e+01		5.2547600e+00		1.0909328e+01		8.8415545e+00		8.4864470e+00		3.5510748e-01
2.5300000e+02		2.5400000e+02		2.5350000e+02		1.3602371e+01		6.4503029e+00		1.3390312e+01		1.0846890e+01		1.0402436e+01		4.4445347e-01
2.5400000e+02		2.5500000e+02		2.5450000e+02		1.5384114e+01		6.9793091e+00		1.4490872e+01		1.1727851e+01		1.1235171e+01		4.9268014e-01
2.5500000e+02		2.5600000e+02		2.5550000e+02		2.0992062e+01		9.0506371e+00		1.8794146e+01		1.5193869e+01		1.4535043e+01		6.5882617e-01
2.5600000e+02		2.5700000e+02		2.5650000e+02		2.7040612e+01		1.2344520e+01		2.5613209e+01		2.0735870e+01		1.9854149e+01		8.8172161e-01
2.5700000e+02		2.5800000e+02		2.5750000e+02		3.3946512e+01		1.4333830e+01		2.9752810e+01		2.4045320e+01		2.2977633e+01		1.0676873e+00
2.5800000e+02		2.5900000e+02		2.5850000e+02		3.5732434e+01		1.5223082e+01		3.1592001e+01		2.5540125e+01		2.4410386e+01		1.1297390e+00
2.5900000e+02		2.6000000e+02		2.5950000e+02		3.0409976e+01		1.2295282e+01		2.5519845e+01		2.0606820e+01		1.9665310e+01		9.4150973e-01
2.6000000e+02		2.6100000e+02		2.6050000e+02		2.4915606e+01		9.8105952e+00		2.0361619e+01		1.6432273e+01		1.5667059e+01		7.6521434e-01
2.6100000e+02		2.6200000e+02		2.6150000e+02		2.5442742e+01		9.4960889e+00		1.9715964e+01		1.5892166e+01		1.5133280e+01		7.5888581e-01
2.6200000e+02		2.6300000e+02		2.6250000e+02		3.0366547e+01		1.1343347e+01		2.3546095e+01		1.8981424e+01		1.8071885e+01		9.0953951e-01
2.6300000e+02		2.6400000e+02		2.6350000e+02		4.5700096e+01		1.7343729e+01		3.5986845e+01		2.9023576e+01		2.7634814e+01		1.3887617e+00
2.6400000e+02		2.6500000e+02		2.6450000e+02		7.1249372e+01		2.4738556e+01		5.1357376e+01		4.1330847e+01		3.9257782e+01		2.0730649e+00
2.6500000e+02		2.6600000e+02		2.6550000e+02		7.4731454e+01		2.5329088e+01		5.2586904e+01		4.2298270e+01		4.0149514e+01		2.1487557e+00
2.6600000e+02		2.6700000e+02		2.6650000e+02		7.2446611e+01		2.3559658e+01		4.8914675e+01		3.9304335e+01		3.7252306e+01		2.0520287e+00
2.6700000e+02		2.6800000e+02		2.6750000e+02		7.2937204e+01		2.3179494e+01		4.8130604e+01		3.8655111e+01		3.6615702e+01		2.0394083e+00
2.6800000e+02		2.6900000e+02		2.6850000e+02		7.2239021e+01		2.1859380e+01		4.5402621e+01		3.6420651e+01		3.4452337e+01		1.9683141e+00
2.6900000e+02		2.7000000e+02		2.6950000e+02		6.7758000e+01		2.0793004e+01		4.3166036e+01		3.4639774e+01		3.2761809e+01		1.8779651e+00
2.7000000e+02		2.7100000e+02		2.7050000e+02		7.8281462e+01		2.2143983e+01		4.5991738e+01		3.6829950e+01		3.4747370e+01		2.0825803e+00
2.7100000e+02		2.7200000e+02		2.7150000e+02		6.5051220e+01		1.7543153e+01		3.6454059e+01		2.9158802e+01		2.7482921e+01		1.6758806e+00
2.7200000e+02		2.7300000e+02		2.7250000e+02		5.2331568e+01		1.3294035e+01		2.7630230e+01		2.2065711e+01		2.0754009e+01		1.3117026e+00
2.7300000e+02		2.7400000e+02		2.7350000e+02		5.5800645e+01		1.2835845e+01		2.6698945e+01		2.1265927e+01		1.9945787e+01		1.3201399e+00
2.7400000e+02		2.7500000e+02		2.7450000e+02		3.8398649e+01		1.0026644e+01		2.0827318e+01		1.6647205e+01		1.5664417e+01		9.8278842e-01
2.7500000e+02		2.7600000e+02		2.7550000e+02		5.1208696e+01		1.1783118e+01		2.4501852e+01		1.9518445e+01		1.8301980e+01		1.2164645e+00
2.7600000e+02		2.7700000e+02		2.7650000e+02		7.1318275e+01		1.6920872e+01		3.5164568e+01		2.8036543e+01		2.6299961e+01		1.7365823e+00
2.7700000e+02		2.7800000e+02		2.7750000e+02		6.8188493e+01		1.4976248e+01		3.1147826e+01		2.4784072e+01		2.3205561e+01		1.5785113e+00
2.7800000e+02		2.7900000e+02		2.7850000e+02		4.7024496e+01		1.0409594e+01		2.1645068e+01		1.7227427e+01		1.6131165e+01		1.0962612e+00
2.7900000e+02		2.8000000e+02		2.7950000e+02		2.6422560e+01		5.4607463e+00		1.1358875e+01		9.0235372e+00		8.4296537e+00		5.9388352e-01
2.8000000e+02		2.8100000e+02		2.8050000e+02		2.8982131e+01		5.9816307e+00		1.2439236e+01		9.8816095e+00		9.2274490e+00		6.5416048e-01
2.8100000e+02		2.8200000e+02		2.8150000e+02		6.0033324e+01		1.0683359e+01		2.2241868e+01		1.7595532e+01		1.6354376e+01		1.2411556e+00
2.8200000e+02		2.8300000e+02		2.8250000e+02		8.1733762e+01		1.8297546e+01		3.8005858e+01		3.0261490e+01		2.8306996e+01		1.9544937e+00
2.8300000e+02		2.8400000e+02		2.8350000e+02		8.4433091e+01		1.5953471e+01		3.3180602e+01		2.6295062e+01		2.4468467e+01		1.8265953e+00
2.8400000e+02		2.8500000e+02		2.8450000e+02		6.2255376e+01		1.2346571e+01		2.5668342e+01		2.0371286e+01		1.8986681e+01		1.3846050e+00
2.8500000e+02		2.8600000e+02		2.8550000e+02		4.0018063e+01		7.2067503e+00		1.4994235e+01		1.1868119e+01		1.1028917e+01		8.3920202e-01
2.8600000e+02		2.8700000e+02		2.8650000e+02		8.2001717e+01		1.6065610e+01		3.3389534e+01		2.6491264e+01		2.4667363e+01		1.8239012e+00
2.8700000e+02		2.8800000e+02		2.8750000e+02		9.5189148e+01		1.7736591e+01		3.6878821e+01		2.9220242e+01		2.7170610e+01		2.0496314e+00
2.8800000e+02		2.8900000e+02		2.8850000e+02		9.0460934e+01		1.7428895e+01		3.6217413e+01		2.8723381e+01		2.6723039e+01		2.0003418e+00
2.8900000e+02		2.9000000e+02		2.8950000e+02		1.3728321e+02		2.9324160e+01		6.0885306e+01		4.8431784e+01		4.5209122e+01		3.2226616e+00
2.9000000e+02		2.9100000e+02		2.9050000e+02		1.8023325e+02		3.3680956e+01		6.9999471e+01		5.5473256e+01		5.1561135e+01		3.9121215e+00
2.9100000e+02		2.9200000e+02		2.9150000e+02		1.7359450e+02		4.0576587e+01		8.4137447e+01		6.7096795e+01		6.2747487e+01		4.3493083e+00
2.9200000e+02		2.9300000e+02		2.9250000e+02		1.5421676e+02		2.8295902e+01		5.8786105e+01		4.6562990e+01		4.3220394e+01		3.3425959e+00
2.9300000e+02		2.9400000e+02		2.9350000e+02		1.6099986e+02		3.7247998e+01		7.7217713e+01		6.1564599e+01		5.7533695e+01		4.0309039e+00
2.9400000e+02		2.9500000e+02		2.9450000e+02		1.4991794e+02		3.1688816e+01		6.5737864e+01		5.2281979e+01		4.8723947e+01		3.5580317e+00
2.9500000e+02		2.9600000e+02		2.9550000e+02		1.6232431e+02		4.4202156e+01		9.1481169e+01		7.3268538e+01		6.8771798e+01		4.4967402e+00
2.9600000e+02		2.9700000e+02		2.9650000e+02		1.4851381e+02		3.0849105e+01		6.3992119e+01		5.0872452e+01		4.7375750e+01		3.4967028e+00
2.9700000e+02		2.9800000e+02		2.9750000e+02		1.5140866e+02		4.0926974e+01		8.4676395e+01		6.7807327e+01		6.3599599e+01		4.2077278e+00
2.9800000e+02		2.9900000e+02		2.9850000e+02		1.3012850e+02		2.7435885e+01		5.6898861e+01		4.5256852e+01		4.2164860e+01		3.0919922e+00
2.9900000e+02		3.0000000e+02		2.9950000e+02		1.4682541e+02		4.3170529e+01		8.9221258e+01		7.1611452e+01		6.7291945e+01		4.3195064e+00
3.0000000e+02		3.0100000e+02		3.0050000e+02		1.1681452e+02		2.8038313e+01		5.8059806e+01		4.6348645e+01		4.3322710e+01		3.0259347e+00
3.0100000e+02		3.0200000e+02		3.0150000e+02		1.3434477e+02		5.0669206e+01		1.0448189e+02		8.4414517e+01		7.9842263e+01		4.5722533e+00
3.0200000e+02		3.0300000e+02		3.0250000e+02		1.4142283e+02		3.6928903e+01		7.6385151e+01		6.1120498e+01		5.7237928e+01		3.8825699e+00
3.0300000e+02		3.0400000e+02		3.0350000e+02		1.8342160e+02		7.6603353e+01		1.5778685e+02		1.2781598e+02		1.2117038e+02		6.6456004e+00
3.0400000e+02		3.0500000e+02		3.0450000e+02		1.7556728e+02		5.0722356e+01		1.0479838e+02		8.4090598e+01		7.8950108e+01		5.1404904e+00
3.0500000e+02		3.0600000e+02		3.0550000e+02		1.7728071e+02		8.0043213e+01		1.6473816e+02		1.3371263e+02		1.2698319e+02		6.7294322e+00
3.0600000e+02		3.0700000e+02		3.0650000e+02		1.6814926e+02		5.2240059e+01		1.0783979e+02		8.6703241e+01		8.1540765e+01		5.1624762e+00
3.0700000e+02		3.0800000e+02		3.0750000e+02		1.8878816e+02		8.4637195e+01		1.7417003e+02		1.4135391e+02		1.3419318e+02		7.1607265e+00
3.0800000e+02		3.0900000e+02		3.0850000e+02		1.8529086e+02		6.8770664e+01		1.4170380e+02		1.1446286e+02		1.0810890e+02		6.3539614e+00
3.0900000e+02		3.1000000e+02		3.0950000e+02		1.5026991e+02		6.8731500e+01		1.4140450e+02		1.1482887e+02		1.0906754e+02		5.7613262e+00
3.1000000e+02		3.1100000e+02		3.1050000e+02		1.8913229e+02		8.0280831e+01		1.6522921e+02		1.3393055e+02		1.2693660e+02		6.9939517e+00
3.1100000e+02		3.1200000e+02		3.1150000e+02		2.2495083e+02		1.0751017e+02		2.2103833e+02		1.7969134e+02		1.7078249e+02		8.9088565e+00
3.1200000e+02		3.1300000e+02		3.1250000e+02		2.0030306e+02		9.9048140e+01		2.0356556e+02		1.6562656e+02		1.5752624e+02		8.1003252e+00
3.1300000e+02		3.1400000e+02		3.1350000e+02		2.1331645e+02		1.0296546e+02		2.1164793e+02		1.7211097e+02		1.6360005e+02		8.5109257e+00
3.1400000e+02		3.1500000e+02		3.1450000e+02		2.0119548e+02		1.0760307e+02		2.2098552e+02		1.8014292e+02		1.7163114e+02		8.5117872e+00
3.1500000e+02		3.1600000e+02		3.1550000e+02		1.9522773e+02		1.0036927e+02		2.0617555e+02		1.6792150e+02		1.5983030e+02		8.0912015e+00
3.1600000e+02		3.1700000e+02		3.1650000e+02		1.9043254e+02		1.0408685e+02		2.1369877e+02		1.7430220e+02		1.6613131e+02		8.1708910e+00
3.1700000e+02		3.1800000e+02		3.1750000e+02		2.4155434e+02		1.3169086e+02		2.7032725e+02		2.2047873e+02		2.1007435e+02		1.0404382e+01
3.1800000e+02		3.1900000e+02		3.1850000e+02		1.9952276e+02		1.1192393e+02		2.2971592e+02		1.8749102e+02		1.7879366e+02		8.6973564e+00
3.1900000e+02		3.2000000e+02		3.1950000e+02		2.1430874e+02		1.2275418e+02		2.5186035e+02		2.0566322e+02		1.9616490e+02		9.4983271e+00
3.2000000e+02		3.2100000e+02		3.2050000e+02		2.4621307e+02		1.4393646e+02		2.9527344e+02		2.4123553e+02		2.3021208e+02		1.1023451e+01
3.2100000e+02		3.2200000e+02		3.2150000e+02		2.0677326e+02		1.2229302e+02		2.5085403e+02		2.0500905e+02		1.9570824e+02		9.3008165e+00
3.2200000e+02		3.2300000e+02		3.2250000e+02		2.0765168e+02		1.2384441e+02		2.5399555e+02		2.0761992e+02		1.9821500e+02		9.4049243e+00
3.2300000e+02		3.2400000e+02		3.2350000e+02		2.0066974e+02		1.2230781e+02		2.5079983e+02		2.0511514e+02		1.9592424e+02		9.1908984e+00
3.2400000e+02		3.2500000e+02		3.2450000e+02		2.3629853e+02		1.4393913e+02		2.9515305e+02		2.4139652e+02		2.3058665e+02		1.0809866e+01
3.2500000e+02		3.2600000e+02		3.2550000e+02		2.7209498e+02		1.6658775e+02		3.4160421e+02		2.7943627e+02		2.6700246e+02		1.2433804e+01
3.2600000e+02		3.2700000e+02		3.2650000e+02		3.0699214e+02		1.8947883e+02		3.8842556e+02		3.1778796e+02		3.0358265e+02		1.4205310e+01
3.2700000e+02		3.2800000e+02		3.2750000e+02		2.9701525e+02		1.8347738e+02		3.7609908e+02		3.0771836e+02		2.9395731e+02		1.3761043e+01
3.2800000e+02		3.2900000e+02		3.2850000e+02		2.8673370e+02		1.7779646e+02		3.6442232e+02		2.9819778e+02		2.8487259e+02		1.3325195e+01
3.2900000e+02		3.3000000e+02		3.2950000e+02		3.3379807e+02		2.0747844e+02		4.2516113e+02		3.4791302e+02		3.3227180e+02		1.5641225e+01
3.3000000e+02		3.3100000e+02		3.3050000e+02		3.1443449e+02		1.9563488e+02		4.0090105e+02		3.2808496e+02		3.1338027e+02		1.4704691e+01
3.3100000e+02		3.3200000e+02		3.3150000e+02		3.0087994e+02		1.8769230e+02		3.8454916e+02		3.1471997e+02		3.0055069e+02		1.4169274e+01
3.3200000e+02		3.3300000e+02		3.3250000e+02		2.9519831e+02		1.8401756e+02		3.7704482e+02		3.0859103e+02		2.9474400e+02		1.3847035e+01
3.3300000e+02		3.3400000e+02		3.3350000e+02		2.8364288e+02		1.7726590e+02		3.6311334e+02		2.9719848e+02		2.8376353e+02		1.3434945e+01
3.3400000e+02		3.3500000e+02		3.3450000e+02		2.9883003e+02		1.8678360e+02		3.8260337e+02		3.1316264e+02		2.9901600e+02		1.4146635e+01
3.3500000e+02		3.3600000e+02		3.3550000e+02		2.9511053e+02		1.8445733e+02		3.7783918e+02		3.0927569e+02		2.9532341e+02		1.3952283e+01
3.3600000e+02		3.3700000e+02		3.3650000e+02		2.4313126e+02		1.5203018e+02		3.1138929e+02		2.5489119e+02		2.4337177e+02		1.1519425e+01
3.3700000e+02		3.3800000e+02		3.3750000e+02		2.5649874e+02		1.6033950e+02		3.2842214e+02		2.6884449e+02		2.5672557e+02		1.2118926e+01
3.3800000e+02		3.3900000e+02		3.3850000e+02		2.7748673e+02		1.7352090e+02		3.5540794e+02		2.9094543e+02		2.7782944e+02		1.3115996e+01
3.3900000e+02		3.4000000e+02		3.3950000e+02		2.9040264e+02		1.8193185e+02		3.7256233e+02		3.0499822e+02		2.9117815e+02		1.3820072e+01
3.4000000e+02		3.4100000e+02		3.4050000e+02		3.0654056e+02		1.9194809e+02		3.9310495e+02		3.2182941e+02		3.0730250e+02		1.4526911e+01
3.4100000e+02		3.4200000e+02		3.4150000e+02		2.7979685e+02		1.7521293e+02		3.5882812e+02		2.9377776e+02		2.8052739e+02		1.3250372e+01
3.4200000e+02		3.4300000e+02		3.4250000e+02		3.0344565e+02		1.9042500e+02		3.8985837e+02		3.1918407e+02		3.0464723e+02		1.4536840e+01
3.4300000e+02		3.4400000e+02		3.4350000e+02		2.9822260e+02		1.8722282e+02		3.8327091e+02		3.1379896e+02		2.9948237e+02		1.4316588e+01
3.4400000e+02		3.4500000e+02		3.4450000e+02		2.3986676e+02		1.5058448e+02		3.0826407e+02		2.5239563e+02		2.4088777e+02		1.1507863e+01
3.4500000e+02		3.4600000e+02		3.4550000e+02		2.8907088e+02		1.8144107e+02		3.7143888e+02		3.0413147e+02		2.9028861e+02		1.3842857e+01
3.4600000e+02		3.4700000e+02		3.4650000e+02		2.8069735e+02		1.7640064e+02		3.6105216e+02		2.9563115e+02		2.8210241e+02		1.3528734e+01
3.4700000e+02		3.4800000e+02		3.4750000e+02		2.7782009e+02		1.7445501e+02		3.5710345e+02		2.9240902e+02		2.7908219e+02		1.3326832e+01
3.4800000e+02		3.4900000e+02		3.4850000e+02		2.8744416e+02		1.8063989e+02		3.6971719e+02		3.0274372e+02		2.8890076e+02		1.3842952e+01
3.4900000e+02		3.5000000e+02		3.4950000e+02		2.7550877e+02		1.7310667e+02		3.5430338e+02		2.9013101e+02		2.7688255e+02		1.3248456e+01
3.5000000e+02		3.5100000e+02		3.5050000e+02		3.3002358e+02		2.0733831e+02		4.2436920e+02		3.4751674e+02		3.3166572e+02		1.5851017e+01
3.5100000e+02		3.5200000e+02		3.5150000e+02		3.0660572e+02		1.9296189e+02		3.9484338e+02		3.2334008e+02		3.0847811e+02		1.4861966e+01
3.5200000e+02		3.5300000e+02		3.5250000e+02		2.8324198e+02		1.7813626e+02		3.6454474e+02		2.9854017e+02		2.8487870e+02		1.3661470e+01
3.5300000e+02		3.5400000e+02		3.5350000e+02		3.2405327e+02		2.0371139e+02		4.1690059e+02		3.4142649e+02		3.2583743e+02		1.5589057e+01
3.5400000e+02		3.5500000e+02		3.5450000e+02		3.4586270e+02		2.1767058e+02		4.4538592e+02		3.6475889e+02		3.4801468e+02		1.6744207e+01
3.5500000e+02		3.5600000e+02		3.5550000e+02		3.2478382e+02		2.0442054e+02		4.1827301e+02		3.4256419e+02		3.2685140e+02		1.5712795e+01
3.5600000e+02		3.5700000e+02		3.5650000e+02		2.8234357e+02		1.7727720e+02		3.6285438e+02		2.9719377e+02		2.8372567e+02		1.3468106e+01
3.5700000e+02		3.5800000e+02		3.5750000e+02		2.4674321e+02		1.5533964e+02		3.1782655e+02		2.6031129e+02		2.4836559e+02		1.1945704e+01
3.5800000e+02		3.5900000e+02		3.5850000e+02		2.1181106e+02		1.3347944e+02		2.7304886e+02		2.2363812e+02		2.1331775e+02		1.0320379e+01
3.5900000e+02		3.6000000e+02		3.5950000e+02		3.0582840e+02		1.9241715e+02		3.9370877e+02		3.2247879e+02		3.0772915e+02		1.4749637e+01
3.6000000e+02		3.6100000e+02		3.6050000e+02		3.0178862e+02		1.9012261e+02		3.8892587e+02		3.1856275e+02		3.0389262e+02		1.4670126e+01
3.6100000e+02		3.6200000e+02		3.6150000e+02		2.8033735e+02		1.7667195e+02		3.6140381e+02		2.9602766e+02		2.8239863e+02		1.3629030e+01
3.6200000e+02		3.6300000e+02		3.6250000e+02		3.1645921e+02		1.9952852e+02		4.0812298e+02		3.3430068e+02		3.1887435e+02		1.5426332e+01
3.6300000e+02		3.6400000e+02		3.6350000e+02		3.0810145e+02		1.9416198e+02		3.9716282e+02		3.2533128e+02		3.1034989e+02		1.4981394e+01
3.6400000e+02		3.6500000e+02		3.6450000e+02		3.2221950e+02		2.0310740e+02		4.1544596e+02		3.4031492e+02		3.2463648e+02		1.5678446e+01
3.6500000e+02		3.6600000e+02		3.6550000e+02		3.6674574e+02		2.3146375e+02		4.7336332e+02		3.8776201e+02		3.6980565e+02		1.7956357e+01
3.6600000e+02		3.6700000e+02		3.6650000e+02		3.9198946e+02		2.4726242e+02		5.0570743e+02		4.1426939e+02		3.9514275e+02		1.9126647e+01
3.6700000e+02		3.6800000e+02		3.6750000e+02		3.7850004e+02		2.3850585e+02		4.8787377e+02		3.9967594e+02		3.8133253e+02		1.8343411e+01
3.6800000e+02		3.6900000e+02		3.6850000e+02		3.4895620e+02		2.2023731e+02		4.5039586e+02		3.6897330e+02		3.5191313e+02		1.7060173e+01
3.6900000e+02		3.7000000e+02		3.6950000e+02		3.8736224e+02		2.4396335e+02		4.9906118e+02		4.0885968e+02		3.9014889e+02		1.8710785e+01
3.7000000e+02		3.7100000e+02		3.7050000e+02		3.6351013e+02		2.2975075e+02		4.6971731e+02		3.8480564e+02		3.6686379e+02		1.7941845e+01
3.7100000e+02		3.7200000e+02		3.7150000e+02		3.7529261e+02		2.3698702e+02		4.8459448e+02		3.9701102e+02		3.7862084e+02		1.8390181e+01
3.7200000e+02		3.7300000e+02		3.7250000e+02		3.1177186e+02		1.9653989e+02		4.0198964e+02		3.2935111e+02		3.1423471e+02		1.5116396e+01
3.7300000e+02		3.7400000e+02		3.7350000e+02		2.7192112e+02		1.7153432e+02		3.5080078e+02		2.8741457e+02		2.7417561e+02		1.3238962e+01
3.7400000e+02		3.7500000e+02		3.7450000e+02		2.7832167e+02		1.7604912e+02		3.5988022e+02		2.9484742e+02		2.8107979e+02		1.3767631e+01
3.7500000e+02		3.7600000e+02		3.7550000e+02		3.1876744e+02		2.0138277e+02		4.1173213e+02		3.3733970e+02		3.2167754e+02		1.5662157e+01
3.7600000e+02		3.7700000e+02		3.7650000e+02		3.3048657e+02		2.0874395e+02		4.2681029e+02		3.4970431e+02		3.3351579e+02		1.6188525e+01
3.7700000e+02		3.7800000e+02		3.7750000e+02		3.8770864e+02		2.4517006e+02		5.0120646e+02		4.1066285e+02		3.9156015e+02		1.9102707e+01
3.7800000e+02		3.7900000e+02		3.7850000e+02		4.0380398e+02		2.5539256e+02		5.2208405e+02		4.2777524e+02		4.0786179e+02		1.9913443e+01
3.7900000e+02		3.8000000e+02		3.7950000e+02		3.2744385e+02		2.0688719e+02		4.2299731e+02		3.4660011e+02		3.3056431e+02		1.6035797e+01
3.8000000e+02		3.8100000e+02		3.8050000e+02		3.5656330e+02		2.2537109e+02		4.6075577e+02		3.7754406e+02		3.6004511e+02		1.7498951e+01
3.8100000e+02		3.8200000e+02		3.8150000e+02		3.2019140e+02		2.0328054e+02		4.1532043e+02		3.4029997e+02		3.2419144e+02		1.6108523e+01
3.8200000e+02		3.8300000e+02		3.8250000e+02		2.2964197e+02		1.4510487e+02		2.9666725e+02		2.4309930e+02		2.3185732e+02		1.1241981e+01
3.8300000e+02		3.8400000e+02		3.8350000e+02		2.0267593e+02		1.2827452e+02		2.6218256e+02		2.1483871e+02		2.0481309e+02		1.0025625e+01
3.8400000e+02		3.8500000e+02		3.8450000e+02		2.7111947e+02		1.7167002e+02		3.5085874e+02		2.8750644e+02		2.7407192e+02		1.3434520e+01
3.8500000e+02		3.8600000e+02		3.8550000e+02		2.8715912e+02		1.8154591e+02		3.7113002e+02		3.0413035e+02		2.9003792e+02		1.4092433e+01
3.8600000e+02		3.8700000e+02		3.8650000e+02		2.8837692e+02		1.8286911e+02		3.7366947e+02		3.0620434e+02		2.9181429e+02		1.4390048e+01
3.8700000e+02		3.8800000e+02		3.8750000e+02		2.8805300e+02		1.8243571e+02		3.7284570e+02		3.0553929e+02		2.9126619e+02		1.4273104e+01
3.8800000e+02		3.8900000e+02		3.8850000e+02		2.9209390e+02		1.8485521e+02		3.7782993e+02		3.0963155e+02		2.9522399e+02		1.4407561e+01
3.8900000e+02		3.9000000e+02		3.8950000e+02		3.5069332e+02		2.2205230e+02		4.5381223e+02		3.7190096e+02		3.5454574e+02		1.7355222e+01
3.9000000e+02		3.9100000e+02		3.9050000e+02		3.6838836e+02		2.3389720e+02		4.7783573e+02		3.9158206e+02		3.7308639e+02		1.8495677e+01
3.9100000e+02		3.9200000e+02		3.9150000e+02		3.9613874e+02		2.5099279e+02		5.1291129e+02		4.2034513e+02		4.0069194e+02		1.9653194e+01
3.9200000e+02		3.9300000e+02		3.9250000e+02		3.0403432e+02		1.9244350e+02		3.9333128e+02		3.2235643e+02		3.0737728e+02		1.4979146e+01
3.9300000e+02		3.9400000e+02		3.9350000e+02		1.8639471e+02		1.1806966e+02		2.4128457e+02		1.9774635e+02		1.8851706e+02		9.2292871e+00
3.9400000e+02		3.9500000e+02		3.9450000e+02		3.0813115e+02		1.9473334e+02		3.9809461e+02		3.2627704e+02		3.1123573e+02		1.5041310e+01
3.9500000e+02		3.9600000e+02		3.9550000e+02		3.7840801e+02		2.4057836e+02		4.9137737e+02		4.0270412e+02		3.8359366e+02		1.9110459e+01
3.9600000e+02		3.9700000e+02		3.9650000e+02		2.6140326e+02		1.6582648e+02		3.3880077e+02		2.7767272e+02		2.6463105e+02		1.3041670e+01
3.9700000e+02		3.9800000e+02		3.9750000e+02		2.9300657e+02		1.8576989e+02		3.7957604e+02		3.1109786e+02		2.9652916e+02		1.4568696e+01
3.9800000e+02		3.9900000e+02		3.9850000e+02		4.5124719e+02		2.8618992e+02		5.8471715e+02		4.7923270e+02		4.5674413e+02		2.2488569e+01
3.9900000e+02		4.0000000e+02		3.9950000e+02		4.9846141e+02		3.1575685e+02		6.4522073e+02		5.2883494e+02		5.0414817e+02		2.4686766e+01
4.0000000e+02		4.0100000e+02		4.0050000e+02		5.1407199e+02		3.2613088e+02		6.6630132e+02		5.4611561e+02		5.2048947e+02		2.5626142e+01
4.0100000e+02		4.0200000e+02		4.0150000e+02		5.3860814e+02		3.4165559e+02		6.9804003e+02		5.7214044e+02		5.4533300e+02		2.6807439e+01
4.0200000e+02		4.0300000e+02		4.0250000e+02		5.4526519e+02		3.4498953e+02		7.0511278e+02		5.7796578e+02		5.5122772e+02		2.6738056e+01
4.0300000e+02		4.0400000e+02		4.0350000e+02		5.2165796e+02		3.3145266e+02		6.7701381e+02		5.5490856e+02		5.2870233e+02		2.6206226e+01
4.0400000e+02		4.0500000e+02		4.0450000e+02		5.1300620e+02		3.2619643e+02		6.6619860e+02		5.4604554e+02		5.2016858e+02		2.5876964e+01
4.0500000e+02		4.0600000e+02		4.0550000e+02		5.1256585e+02		3.2468563e+02		6.6348373e+02		5.4385615e+02		5.1856301e+02		2.5293138e+01
4.0600000e+02		4.0700000e+02		4.0650000e+02		4.9035274e+02		3.0997314e+02		6.3360878e+02		5.1938925e+02		4.9548383e+02		2.3905414e+01
4.0700000e+02		4.0800000e+02		4.0750000e+02		4.9838294e+02		3.1566853e+02		6.4506378e+02		5.2877211e+02		5.0420846e+02		2.4563642e+01
4.0800000e+02		4.0900000e+02		4.0850000e+02		5.2990289e+02		3.3663031e+02		6.8759295e+02		5.6361821e+02		5.3705915e+02		2.6559067e+01
4.0900000e+02		4.1000000e+02		4.0950000e+02		5.2713439e+02		3.3440427e+02		6.8317715e+02		5.6001593e+02		5.3380293e+02		2.6213003e+01
4.1000000e+02		4.1100000e+02		4.1050000e+02		4.8293937e+02		3.0651028e+02		6.2615403e+02		5.1327660e+02		4.8921438e+02		2.4062224e+01
4.1100000e+02		4.1200000e+02		4.1150000e+02		5.5986852e+02		3.5543282e+02		7.2606302e+02		5.9518000e+02		5.6724792e+02		2.7932073e+01
4.1200000e+02		4.1300000e+02		4.1250000e+02		5.4940473e+02		3.4874442e+02		7.1240903e+02		5.8399535e+02		5.5660967e+02		2.7385681e+01
4.1300000e+02		4.1400000e+02		4.1350000e+02		5.2995399e+02		3.3617059e+02		6.8679027e+02		5.6300654e+02		5.3669963e+02		2.6306913e+01
4.1400000e+02		4.1500000e+02		4.1450000e+02		5.3771640e+02		3.4152153e+02		6.9759042e+02		5.7185705e+02		5.4497970e+02		2.6877354e+01
4.1500000e+02		4.1600000e+02		4.1550000e+02		5.3722776e+02		3.3956269e+02		6.9407566e+02		5.6901993e+02		5.4290165e+02		2.6118281e+01
4.1600000e+02		4.1700000e+02		4.1650000e+02		5.5745703e+02		3.5384970e+02		7.2282751e+02		5.9256392e+02		5.6480392e+02		2.7760006e+01
4.1700000e+02		4.1800000e+02		4.1750000e+02		5.0725322e+02		3.2272750e+02		6.5902746e+02		5.4025062e+02		5.1466522e+02		2.5585398e+01
4.1800000e+02		4.1900000e+02		4.1850000e+02		5.2601513e+02		3.3443384e+02		6.8299242e+02		5.5990688e+02		5.3347493e+02		2.6431947e+01
4.1900000e+02		4.2000000e+02		4.1950000e+02		5.3123875e+02		3.3706316e+02		6.8856849e+02		5.6450103e+02		5.3812376e+02		2.6377263e+01
4.2000000e+02		4.2100000e+02		4.2050000e+02		5.3797708e+02		3.4183620e+02		6.9816229e+02		5.7236073e+02		5.4542690e+02		2.6933835e+01
4.2100000e+02		4.2200000e+02		4.2150000e+02		5.2958361e+02		3.3618525e+02		6.8672100e+02		5.6299505e+02		5.3663775e+02		2.6357294e+01
4.2200000e+02		4.2300000e+02		4.2250000e+02		5.0190537e+02		3.1922597e+02		6.5189100e+02		5.3443190e+02		5.0918271e+02		2.5249191e+01
4.2300000e+02		4.2400000e+02		4.2350000e+02		5.3474862e+02		3.3988167e+02		6.9413975e+02		5.6907962e+02		5.4228817e+02		2.6791445e+01
4.2400000e+02		4.2500000e+02		4.2450000e+02		5.5328403e+02		3.5177604e+02		7.1839636e+02		5.8896969e+02		5.6120620e+02		2.7763495e+01
4.2500000e+02		4.2600000e+02		4.2550000e+02		5.3248014e+02		3.3849166e+02		6.9128043e+02		5.6674608e+02		5.4005577e+02		2.6690315e+01
4.2600000e+02		4.2700000e+02		4.2650000e+02		5.3029841e+02		3.3671075e+02		6.8776056e+02		5.6387526e+02		5.3747699e+02		2.6398267e+01
4.2700000e+02		4.2800000e+02		4.2750000e+02		4.9171747e+02		3.1217493e+02		6.3765123e+02		5.2279806e+02		4.9833969e+02		2.4458376e+01
4.2800000e+02		4.2900000e+02		4.2850000e+02		4.9494538e+02		3.1469042e+02		6.4264823e+02		5.2688961e+02		5.0206869e+02		2.4820926e+01
4.2900000e+02		4.3000000e+02		4.2950000e+02		4.6063718e+02		2.9276157e+02		5.9789985e+02		4.9020924e+02		4.6716621e+02		2.3043026e+01
4.3000000e+02		4.3100000e+02		4.3050000e+02		3.7055843e+02		2.3503098e+02		4.8014188e+02		3.9367622e+02		3.7535869e+02		1.8317537e+01
4.3100000e+02		4.3200000e+02		4.3150000e+02		4.5818753e+02		2.9141556e+02		5.9506345e+02		4.8788677e+02		4.6485588e+02		2.3030896e+01
4.3200000e+02		4.3300000e+02		4.3250000e+02		5.1625369e+02		3.2962846e+02		6.7273056e+02		5.5154286e+02		5.2505511e+02		2.6487751e+01
4.3300000e+02		4.3400000e+02		4.3350000e+02		5.6047485e+02		3.5486125e+02		7.2511601e+02		5.9456546e+02		5.6714625e+02		2.7419208e+01
4.3400000e+02		4.3500000e+02		4.3450000e+02		4.7595241e+02		3.0482496e+02		6.2180064e+02		5.0977370e+02		4.8491393e+02		2.4859772e+01
4.3500000e+02		4.3600000e+02		4.3550000e+02		5.3162725e+02		3.3717009e+02		6.8881513e+02		5.6479941e+02		5.3857676e+02		2.6222651e+01
4.3600000e+02		4.3700000e+02		4.3650000e+02		5.9481241e+02		3.7691950e+02		7.7008444e+02		6.3144767e+02		6.0222011e+02		2.9227553e+01
4.3700000e+02		4.3800000e+02		4.3750000e+02		5.2629983e+02		3.3564239e+02		6.8508204e+02		5.6170191e+02		5.3486257e+02		2.6839341e+01
4.3800000e+02		4.3900000e+02		4.3850000e+02		5.1257868e+02		3.2547684e+02		6.6478007e+02		5.4509557e+02		5.1962350e+02		2.5472073e+01
4.3900000e+02		4.4000000e+02		4.3950000e+02		5.7051902e+02		3.6337934e+02		7.4184489e+02		6.0826448e+02		5.7940448e+02		2.8860007e+01
4.4000000e+02		4.4100000e+02		4.4050000e+02		5.4089681e+02		3.4382469e+02		7.0213974e+02		5.7573033e+02		5.4869465e+02		2.7035685e+01
4.4100000e+02		4.4200000e+02		4.4150000e+02		5.9491633e+02		3.7782394e+02		7.7163179e+02		6.3271673e+02		6.0308283e+02		2.9633902e+01
4.4200000e+02		4.4300000e+02		4.4250000e+02		6.2544254e+02		3.9720627e+02		8.1118825e+02		6.6515206e+02		6.3396653e+02		3.1185527e+01
4.4300000e+02		4.4400000e+02		4.4350000e+02		6.0497206e+02		3.8402886e+02		7.8433709e+02		6.4314548e+02		6.1307651e+02		3.0068968e+01
4.4400000e+02		4.4500000e+02		4.4450000e+02		6.2324411e+02		3.9573028e+02		8.0815355e+02		6.6266782e+02		6.3158100e+02		3.1086814e+01
4.4500000e+02		4.4600000e+02		4.4550000e+02		5.7783999e+02		3.6721293e+02		7.4982882e+02		6.1484266e+02		5.8589822e+02		2.8944441e+01
4.4600000e+02		4.4700000e+02		4.4650000e+02		5.8940025e+02		3.7475307e+02		7.6521584e+02		6.2747184e+02		5.9793904e+02		2.9532804e+01
4.4700000e+02		4.4800000e+02		4.4750000e+02		6.3881895e+02		4.0651383e+02		8.2997921e+02		6.8057803e+02		6.4844286e+02		3.2135170e+01
4.4800000e+02		4.4900000e+02		4.4850000e+02		6.2805979e+02		4.0000479e+02		8.1659938e+02		6.6960736e+02		6.3788655e+02		3.1720815e+01
4.4900000e+02		4.5000000e+02		4.4950000e+02		6.3454704e+02		4.0307902e+02		8.2323735e+02		6.7508471e+02		6.4357237e+02		3.1512343e+01
4.5000000e+02		4.5100000e+02		4.5050000e+02		6.7325368e+02		4.2688755e+02		8.7204435e+02		7.1512801e+02		6.8198425e+02		3.3143758e+01
4.5100000e+02		4.5200000e+02		4.5150000e+02		6.7122600e+02		4.2713281e+02		8.7210156e+02		7.1514643e+02		6.8144755e+02		3.3698881e+01
4.5200000e+02		4.5300000e+02		4.5250000e+02		6.3541039e+02		4.0377473e+02		8.2457879e+02		6.7619474e+02		6.4455266e+02		3.1642081e+01
4.5300000e+02		4.5400000e+02		4.5350000e+02		6.0888666e+02		3.8728370e+02		7.9079831e+02		6.4849017e+02		6.1802114e+02		3.0469031e+01
4.5400000e+02		4.5500000e+02		4.5450000e+02		6.4999363e+02		4.1274267e+02		8.4297650e+02		6.9129876e+02		6.5907078e+02		3.2227982e+01
4.5500000e+02		4.5600000e+02		4.5550000e+02		6.4380306e+02		4.1002611e+02		8.3706375e+02		6.8642702e+02		6.5397158e+02		3.2455437e+01
4.5600000e+02		4.5700000e+02		4.5650000e+02		6.6853861e+02		4.2472100e+02		8.6737893e+02		7.1131631e+02		6.7809180e+02		3.3224517e+01
4.5700000e+02		4.5800000e+02		4.5750000e+02		6.7499745e+02		4.2984834e+02		8.7753957e+02		7.1963019e+02		6.8563123e+02		3.3998962e+01
4.5800000e+02		4.5900000e+02		4.5850000e+02		6.3439039e+02		4.0360714e+02		8.2408020e+02		6.7580415e+02		6.4402503e+02		3.1779117e+01
4.5900000e+02		4.6000000e+02		4.5950000e+02		6.5539586e+02		4.1665845e+02		8.5081423e+02		6.9773959e+02		6.6504513e+02		3.2694463e+01
4.6000000e+02		4.6100000e+02		4.6050000e+02		6.4752339e+02		4.1170741e+02		8.4069273e+02		6.8944312e+02		6.5712974e+02		3.2313381e+01
4.6100000e+02		4.6200000e+02		4.6150000e+02		6.6245412e+02		4.2069149e+02		8.5918492e+02		7.0462463e+02		6.7179303e+02		3.2831606e+01
4.6200000e+02		4.6300000e+02		4.6250000e+02		6.6901120e+02		4.2623820e+02		8.7009667e+02		7.1354635e+02		6.7977838e+02		3.3767968e+01
4.6300000e+02		4.6400000e+02		4.6350000e+02		6.4662616e+02		4.1089918e+02		8.3910561e+02		6.8816075e+02		6.5600790e+02		3.2152843e+01
4.6400000e+02		4.6500000e+02		4.6450000e+02		6.5795753e+02		4.1894870e+02		8.5527471e+02		7.0140527e+02		6.6829943e+02		3.3105847e+01
4.6500000e+02		4.6600000e+02		4.6550000e+02		6.3552746e+02		4.0409789e+02		8.2514656e+02		6.7671652e+02		6.4502260e+02		3.1693922e+01
4.6600000e+02		4.6700000e+02		4.6650000e+02		6.3955371e+02		4.0742463e+02		8.3169802e+02		6.8207541e+02		6.4983073e+02		3.2244677e+01
4.6700000e+02		4.6800000e+02		4.6750000e+02		6.4572639e+02		4.1101949e+02		8.3911646e+02		6.8816814e+02		6.5574075e+02		3.2427394e+01
4.6800000e+02		4.6900000e+02		4.6850000e+02		6.3145002e+02		4.0229438e+02		8.2119958e+02		6.7347084e+02		6.4161040e+02		3.1860447e+01
4.6900000e+02		4.7000000e+02		4.6950000e+02		6.4956875e+02		4.1279098e+02		8.4292674e+02		6.9131521e+02		6.5899541e+02		3.2319799e+01
4.7000000e+02		4.7100000e+02		4.7050000e+02		6.1381170e+02		3.9017784e+02		7.9671203e+02		6.5341388e+02		6.2282318e+02		3.0590706e+01
4.7100000e+02		4.7200000e+02		4.7150000e+02		6.4174114e+02		4.0835129e+02		8.3369009e+02		6.8373445e+02		6.5156355e+02		3.2170896e+01
4.7200000e+02		4.7300000e+02		4.7250000e+02		6.5742798e+02		4.1844931e+02		8.5426742e+02		7.0061167e+02		6.6760331e+02		3.3008360e+01
4.7300000e+02		4.7400000e+02		4.7350000e+02		6.4563741e+02		4.1078431e+02		8.3864483e+02		6.8780254e+02		6.5543217e+02		3.2370368e+01
4.7400000e+02		4.7500000e+02		4.7450000e+02		6.6512717e+02		4.2346653e+02		8.6448425e+02		7.0899887e+02		6.7557677e+02		3.3422094e+01
4.7500000e+02		4.7600000e+02		4.7550000e+02		6.6365303e+02		4.2211436e+02		8.6186396e+02		7.0686781e+02		6.7373389e+02		3.3133922e+01
4.7600000e+02		4.7700000e+02		4.7650000e+02		6.3952653e+02		4.0704434e+02		8.3101188e+02		6.8156230e+02		6.4951648e+02		3.2045828e+01
4.7700000e+02		4.7800000e+02		4.7750000e+02		6.6772274e+02		4.2498409e+02		8.6763977e+02		7.1160740e+02		6.7815804e+02		3.3449359e+01
4.7800000e+02		4.7900000e+02		4.7850000e+02		6.6128260e+02		4.2171629e+02		8.6071589e+02		7.0591333e+02		6.7241742e+02		3.3495909e+01
4.7900000e+02		4.8000000e+02		4.7950000e+02		6.6320839e+02		4.2252928e+02		8.6249935e+02		7.0738968e+02		6.7398694e+02		3.3402743e+01
4.8000000e+02		4.8100000e+02		4.8050000e+02		6.6489751e+02		4.2300916e+02		8.6367475e+02		7.0837285e+02		6.7517774e+02		3.3195109e+01
4.8100000e+02		4.8200000e+02		4.8150000e+02		6.6630748e+02		4.2315987e+02		8.6418152e+02		7.0880784e+02		6.7585037e+02		3.2957470e+01
4.8200000e+02		4.8300000e+02		4.8250000e+02		6.6376999e+02		4.2178394e+02		8.6130159e+02		7.0644425e+02		6.7351352e+02		3.2930732e+01
4.8300000e+02		4.8400000e+02		4.8350000e+02		6.5373157e+02		4.1647834e+02		8.5014104e+02		6.9726827e+02		6.6435611e+02		3.2912162e+01
4.8400000e+02		4.8500000e+02		4.8450000e+02		6.4242337e+02		4.0782434e+02		8.3291221e+02		6.8317347e+02		6.5148304e+02		3.1690431e+01
4.8500000e+02		4.8600000e+02		4.8550000e+02		6.0369332e+02		3.8403596e+02		7.8405581e+02		6.4308052e+02		6.1290601e+02		3.0174509e+01
4.8600000e+02		4.8700000e+02		4.8650000e+02		5.2412565e+02		3.3346221e+02		6.8080221e+02		5.5839696e+02		5.3220133e+02		2.6195630e+01
4.8700000e+02		4.8800000e+02		4.8750000e+02		5.9966111e+02		3.8105478e+02		7.7809406e+02		6.3820743e+02		6.0842972e+02		2.9777714e+01
4.8800000e+02		4.8900000e+02		4.8850000e+02		6.3081686e+02		4.0105971e+02		8.1888071e+02		6.7166008e+02		6.4024735e+02		3.1412733e+01
4.8900000e+02		4.9000000e+02		4.8950000e+02		6.1880396e+02		3.9403251e+02		8.0435046e+02		6.5973186e+02		6.2865141e+02		3.1080445e+01
4.9000000e+02		4.9100000e+02		4.9050000e+02		6.5907671e+02		4.1922900e+02		8.5592834e+02		7.0205228e+02		6.6916705e+02		3.2885227e+01
4.9100000e+02		4.9200000e+02		4.9150000e+02		6.2110374e+02		3.9570460e+02		8.0770041e+02		6.6248230e+02		6.3120282e+02		3.1279485e+01
4.9200000e+02		4.9300000e+02		4.9250000e+02		5.9112858e+02		3.7583741e+02		7.6740069e+02		6.2945302e+02		6.0006097e+02		2.9392048e+01
4.9300000e+02		4.9400000e+02		4.9350000e+02		6.2472140e+02		3.9736183e+02		8.1129828e+02		6.6545924e+02		6.3432526e+02		3.1133971e+01
4.9400000e+02		4.9500000e+02		4.9450000e+02		6.4279699e+02		4.0905082e+02		8.3510736e+02		6.8498762e+02		6.5287347e+02		3.2114152e+01
4.9500000e+02		4.9600000e+02		4.9550000e+02		6.3133158e+02		4.0127849e+02		8.1937996e+02		6.7210150e+02		6.4077414e+02		3.1327362e+01
4.9600000e+02		4.9700000e+02		4.9650000e+02		6.3921352e+02		4.0674075e+02		8.3039640e+02		6.8113050e+02		6.4921313e+02		3.1917379e+01
4.9700000e+02		4.9800000e+02		4.9750000e+02		6.5113923e+02		4.1445006e+02		8.4609710e+02		6.9400930e+02		6.6144428e+02		3.2565027e+01
4.9800000e+02		4.9900000e+02		4.9850000e+02		5.9175801e+02		3.7612295e+02		7.6800740e+02		6.2997088e+02		6.0061063e+02		2.9360244e+01
4.9900000e+02		5.0000000e+02		4.9950000e+02		6.3385792e+02		4.0262941e+02		8.2218763e+02		6.7441844e+02		6.4305975e+02		3.1358693e+01
