Left Bin Edge (nm)	Right Bin Edge (nm)	Bin Center (nm)		Top of Atm Intensity (erg/s/nm/cm2)		Total Surface Flux (erg/s/nm/cm2)		Total Intensity at BOA (erg/s/nm/cm2)		Total Surface Intensity (erg/s/nm/cm2)		Total Surface Diffuse Intensity (erg/s/nm/cm2)		Total Surface Direct Intensity (erg/s/nm/cm2)
1.0000000e+02		1.0100000e+02		1.0050000e+02		1.9189487e-02		0.0000000e+00		0.0000000e+00		0.0000000e+00		0.0000000e+00		0.0000000e+00
1.0100000e+02		1.0200000e+02		1.0150000e+02		7.4861701e-02		0.0000000e+00		0.0000000e+00		0.0000000e+00		0.0000000e+00		0.0000000e+00
1.0200000e+02		1.0300000e+02		1.0250000e+02		3.9734366e-01		0.0000000e+00		0.0000000e+00		0.0000000e+00		0.0000000e+00		0.0000000e+00
1.0300000e+02		1.0400000e+02		1.0350000e+02		3.0179545e-01		0.0000000e+00		0.0000000e+00		0.0000000e+00		0.0000000e+00		0.0000000e+00
1.0400000e+02		1.0500000e+02		1.0450000e+02		6.0815352e-02		0.0000000e+00		0.0000000e+00		0.0000000e+00		0.0000000e+00		0.0000000e+00
1.0500000e+02		1.0600000e+02		1.0550000e+02		2.0834600e-02		0.0000000e+00		0.0000000e+00		0.0000000e+00		0.0000000e+00		0.0000000e+00
1.0600000e+02		1.0700000e+02		1.0650000e+02		1.9584792e-02		0.0000000e+00		0.0000000e+00		0.0000000e+00		0.0000000e+00		0.0000000e+00
1.0700000e+02		1.0800000e+02		1.0750000e+02		2.1853879e-02		0.0000000e+00		0.0000000e+00		0.0000000e+00		0.0000000e+00		0.0000000e+00
1.0800000e+02		1.0900000e+02		1.0850000e+02		3.0634999e-02		0.0000000e+00		0.0000000e+00		0.0000000e+00		0.0000000e+00		0.0000000e+00
1.0900000e+02		1.1000000e+02		1.0950000e+02		2.4032561e-02		0.0000000e+00		0.0000000e+00		0.0000000e+00		0.0000000e+00		0.0000000e+00
1.1000000e+02		1.1100000e+02		1.1050000e+02		2.3268893e-02		0.0000000e+00		0.0000000e+00		0.0000000e+00		0.0000000e+00		0.0000000e+00
1.1100000e+02		1.1200000e+02		1.1150000e+02		2.1871272e-02		0.0000000e+00		0.0000000e+00		0.0000000e+00		0.0000000e+00		0.0000000e+00
1.1200000e+02		1.1300000e+02		1.1250000e+02		2.2375602e-02		0.0000000e+00		0.0000000e+00		0.0000000e+00		0.0000000e+00		0.0000000e+00
1.1300000e+02		1.1400000e+02		1.1350000e+02		1.7748133e-02		0.0000000e+00		0.0000000e+00		0.0000000e+00		0.0000000e+00		0.0000000e+00
1.1400000e+02		1.1500000e+02		1.1450000e+02		1.3589480e-02		0.0000000e+00		0.0000000e+00		0.0000000e+00		0.0000000e+00		0.0000000e+00
1.1500000e+02		1.1600000e+02		1.1550000e+02		1.8751615e-02		0.0000000e+00		0.0000000e+00		0.0000000e+00		0.0000000e+00		0.0000000e+00
1.1600000e+02		1.1700000e+02		1.1650000e+02		4.3674487e-02		0.0000000e+00		0.0000000e+00		0.0000000e+00		0.0000000e+00		0.0000000e+00
1.1700000e+02		1.1800000e+02		1.1750000e+02		1.5546757e-01		0.0000000e+00		0.0000000e+00		0.0000000e+00		0.0000000e+00		0.0000000e+00
1.1800000e+02		1.1900000e+02		1.1850000e+02		5.2889236e-02		0.0000000e+00		0.0000000e+00		0.0000000e+00		0.0000000e+00		0.0000000e+00
1.1900000e+02		1.2000000e+02		1.1950000e+02		7.3692884e-02		0.0000000e+00		0.0000000e+00		0.0000000e+00		0.0000000e+00		0.0000000e+00
1.2000000e+02		1.2100000e+02		1.2050000e+02		4.0066072e-01		0.0000000e+00		0.0000000e+00		0.0000000e+00		0.0000000e+00		0.0000000e+00
1.2100000e+02		1.2200000e+02		1.2150000e+02		1.5905289e+01		0.0000000e+00		0.0000000e+00		0.0000000e+00		0.0000000e+00		0.0000000e+00
1.2200000e+02		1.2300000e+02		1.2250000e+02		1.0666543e-01		0.0000000e+00		0.0000000e+00		0.0000000e+00		0.0000000e+00		0.0000000e+00
1.2300000e+02		1.2400000e+02		1.2350000e+02		5.7456553e-02		0.0000000e+00		0.0000000e+00		0.0000000e+00		0.0000000e+00		0.0000000e+00
1.2400000e+02		1.2500000e+02		1.2450000e+02		4.6184197e-02		0.0000000e+00		0.0000000e+00		0.0000000e+00		0.0000000e+00		0.0000000e+00
1.2500000e+02		1.2600000e+02		1.2550000e+02		4.5085118e-02		0.0000000e+00		0.0000000e+00		0.0000000e+00		0.0000000e+00		0.0000000e+00
1.2600000e+02		1.2700000e+02		1.2650000e+02		6.3054464e-02		0.0000000e+00		0.0000000e+00		0.0000000e+00		0.0000000e+00		0.0000000e+00
1.2700000e+02		1.2800000e+02		1.2750000e+02		3.3006429e-02		0.0000000e+00		0.0000000e+00		0.0000000e+00		0.0000000e+00		0.0000000e+00
1.2800000e+02		1.2900000e+02		1.2850000e+02		2.6335196e-02		0.0000000e+00		0.0000000e+00		0.0000000e+00		0.0000000e+00		0.0000000e+00
1.2900000e+02		1.3000000e+02		1.2950000e+02		3.5131240e-02		0.0000000e+00		0.0000000e+00		0.0000000e+00		0.0000000e+00		0.0000000e+00
1.3000000e+02		1.3100000e+02		1.3050000e+02		2.8850634e-01		0.0000000e+00		0.0000000e+00		0.0000000e+00		0.0000000e+00		0.0000000e+00
1.3100000e+02		1.3200000e+02		1.3150000e+02		3.9064855e-02		0.0000000e+00		0.0000000e+00		0.0000000e+00		0.0000000e+00		0.0000000e+00
1.3200000e+02		1.3300000e+02		1.3250000e+02		3.0374778e-02		0.0000000e+00		0.0000000e+00		0.0000000e+00		0.0000000e+00		0.0000000e+00
1.3300000e+02		1.3400000e+02		1.3350000e+02		4.1056606e-01		0.0000000e+00		0.0000000e+00		0.0000000e+00		0.0000000e+00		0.0000000e+00
1.3400000e+02		1.3500000e+02		1.3450000e+02		2.8092500e-02		0.0000000e+00		0.0000000e+00		0.0000000e+00		0.0000000e+00		0.0000000e+00
1.3500000e+02		1.3600000e+02		1.3550000e+02		5.8954708e-02		0.0000000e+00		0.0000000e+00		0.0000000e+00		0.0000000e+00		0.0000000e+00
1.3600000e+02		1.3700000e+02		1.3650000e+02		3.8690656e-02		0.0000000e+00		0.0000000e+00		0.0000000e+00		0.0000000e+00		0.0000000e+00
1.3700000e+02		1.3800000e+02		1.3750000e+02		3.9732879e-02		0.0000000e+00		0.0000000e+00		0.0000000e+00		0.0000000e+00		0.0000000e+00
1.3800000e+02		1.3900000e+02		1.3850000e+02		4.0549866e-02		0.0000000e+00		0.0000000e+00		0.0000000e+00		0.0000000e+00		0.0000000e+00
1.3900000e+02		1.4000000e+02		1.3950000e+02		1.3692187e-01		0.0000000e+00		0.0000000e+00		0.0000000e+00		0.0000000e+00		0.0000000e+00
1.4000000e+02		1.4100000e+02		1.4050000e+02		1.1939088e-01		0.0000000e+00		0.0000000e+00		0.0000000e+00		0.0000000e+00		0.0000000e+00
1.4100000e+02		1.4200000e+02		1.4150000e+02		5.7521948e-02		0.0000000e+00		0.0000000e+00		0.0000000e+00		0.0000000e+00		0.0000000e+00
1.4200000e+02		1.4300000e+02		1.4250000e+02		6.2343151e-02		0.0000000e+00		0.0000000e+00		0.0000000e+00		0.0000000e+00		0.0000000e+00
1.4300000e+02		1.4400000e+02		1.4350000e+02		6.9165895e-02		0.0000000e+00		0.0000000e+00		0.0000000e+00		0.0000000e+00		0.0000000e+00
1.4400000e+02		1.4500000e+02		1.4450000e+02		6.6149126e-02		0.0000000e+00		0.0000000e+00		0.0000000e+00		0.0000000e+00		0.0000000e+00
1.4500000e+02		1.4600000e+02		1.4550000e+02		7.0536262e-02		0.0000000e+00		0.0000000e+00		0.0000000e+00		0.0000000e+00		0.0000000e+00
1.4600000e+02		1.4700000e+02		1.4650000e+02		8.6012655e-02		0.0000000e+00		0.0000000e+00		0.0000000e+00		0.0000000e+00		0.0000000e+00
1.4700000e+02		1.4800000e+02		1.4750000e+02		1.0610345e-01		0.0000000e+00		0.0000000e+00		0.0000000e+00		0.0000000e+00		0.0000000e+00
1.4800000e+02		1.4900000e+02		1.4850000e+02		1.0405386e-01		0.0000000e+00		0.0000000e+00		0.0000000e+00		0.0000000e+00		0.0000000e+00
1.4900000e+02		1.5000000e+02		1.4950000e+02		9.4002421e-02		0.0000000e+00		0.0000000e+00		0.0000000e+00		0.0000000e+00		0.0000000e+00
1.5000000e+02		1.5100000e+02		1.5050000e+02		1.0343288e-01		0.0000000e+00		0.0000000e+00		0.0000000e+00		0.0000000e+00		0.0000000e+00
1.5100000e+02		1.5200000e+02		1.5150000e+02		1.0875212e-01		0.0000000e+00		0.0000000e+00		0.0000000e+00		0.0000000e+00		0.0000000e+00
1.5200000e+02		1.5300000e+02		1.5250000e+02		1.3876638e-01		0.0000000e+00		0.0000000e+00		0.0000000e+00		0.0000000e+00		0.0000000e+00
1.5300000e+02		1.5400000e+02		1.5350000e+02		1.5371418e-01		0.0000000e+00		0.0000000e+00		0.0000000e+00		0.0000000e+00		0.0000000e+00
1.5400000e+02		1.5500000e+02		1.5450000e+02		4.1112511e-01		0.0000000e+00		0.0000000e+00		0.0000000e+00		0.0000000e+00		0.0000000e+00
1.5500000e+02		1.5600000e+02		1.5550000e+02		3.3836363e-01		0.0000000e+00		0.0000000e+00		0.0000000e+00		0.0000000e+00		0.0000000e+00
1.5600000e+02		1.5700000e+02		1.5650000e+02		2.0084632e-01		0.0000000e+00		0.0000000e+00		0.0000000e+00		0.0000000e+00		0.0000000e+00
1.5700000e+02		1.5800000e+02		1.5750000e+02		1.8216796e-01		0.0000000e+00		0.0000000e+00		0.0000000e+00		0.0000000e+00		0.0000000e+00
1.5800000e+02		1.5900000e+02		1.5850000e+02		1.6795176e-01		0.0000000e+00		0.0000000e+00		0.0000000e+00		0.0000000e+00		0.0000000e+00
1.5900000e+02		1.6000000e+02		1.5950000e+02		1.6379377e-01		0.0000000e+00		0.0000000e+00		0.0000000e+00		0.0000000e+00		0.0000000e+00
1.6000000e+02		1.6100000e+02		1.6050000e+02		1.7926410e-01		0.0000000e+00		0.0000000e+00		0.0000000e+00		0.0000000e+00		0.0000000e+00
1.6100000e+02		1.6200000e+02		1.6150000e+02		2.0306941e-01		0.0000000e+00		0.0000000e+00		0.0000000e+00		0.0000000e+00		0.0000000e+00
1.6200000e+02		1.6300000e+02		1.6250000e+02		2.2492895e-01		0.0000000e+00		0.0000000e+00		0.0000000e+00		0.0000000e+00		0.0000000e+00
1.6300000e+02		1.6400000e+02		1.6350000e+02		4.7671727e-01		0.0000000e+00		0.0000000e+00		0.0000000e+00		0.0000000e+00		0.0000000e+00
1.6400000e+02		1.6500000e+02		1.6450000e+02		4.8753270e-01		0.0000000e+00		0.0000000e+00		0.0000000e+00		0.0000000e+00		0.0000000e+00
1.6500000e+02		1.6600000e+02		1.6550000e+02		5.7072689e-01		0.0000000e+00		0.0000000e+00		0.0000000e+00		0.0000000e+00		0.0000000e+00
1.6600000e+02		1.6700000e+02		1.6650000e+02		2.6919628e-01		0.0000000e+00		0.0000000e+00		0.0000000e+00		0.0000000e+00		0.0000000e+00
1.6700000e+02		1.6800000e+02		1.6750000e+02		2.8728373e-01		0.0000000e+00		0.0000000e+00		0.0000000e+00		0.0000000e+00		0.0000000e+00
1.6800000e+02		1.6900000e+02		1.6850000e+02		3.0958866e-01		0.0000000e+00		0.0000000e+00		0.0000000e+00		0.0000000e+00		0.0000000e+00
1.6900000e+02		1.7000000e+02		1.6950000e+02		3.8988989e-01		0.0000000e+00		0.0000000e+00		0.0000000e+00		0.0000000e+00		0.0000000e+00
1.7000000e+02		1.7100000e+02		1.7050000e+02		4.3752516e-01		0.0000000e+00		0.0000000e+00		0.0000000e+00		0.0000000e+00		0.0000000e+00
1.7100000e+02		1.7200000e+02		1.7150000e+02		4.3618394e-01		0.0000000e+00		0.0000000e+00		0.0000000e+00		0.0000000e+00		0.0000000e+00
1.7200000e+02		1.7300000e+02		1.7250000e+02		4.5514763e-01		0.0000000e+00		0.0000000e+00		0.0000000e+00		0.0000000e+00		0.0000000e+00
1.7300000e+02		1.7400000e+02		1.7350000e+02		4.5120572e-01		0.0000000e+00		0.0000000e+00		0.0000000e+00		0.0000000e+00		0.0000000e+00
1.7400000e+02		1.7500000e+02		1.7450000e+02		5.3951828e-01		0.0000000e+00		0.0000000e+00		0.0000000e+00		0.0000000e+00		0.0000000e+00
1.7500000e+02		1.7600000e+02		1.7550000e+02		6.4389120e-01		0.0000000e+00		0.0000000e+00		0.0000000e+00		0.0000000e+00		0.0000000e+00
1.7600000e+02		1.7700000e+02		1.7650000e+02		6.9472845e-01		0.0000000e+00		0.0000000e+00		0.0000000e+00		0.0000000e+00		0.0000000e+00
1.7700000e+02		1.7800000e+02		1.7750000e+02		8.1849614e-01		0.0000000e+00		0.0000000e+00		0.0000000e+00		0.0000000e+00		0.0000000e+00
1.7800000e+02		1.7900000e+02		1.7850000e+02		8.9455089e-01		0.0000000e+00		0.0000000e+00		0.0000000e+00		0.0000000e+00		0.0000000e+00
1.7900000e+02		1.8000000e+02		1.7950000e+02		8.6966614e-01		0.0000000e+00		0.0000000e+00		0.0000000e+00		0.0000000e+00		0.0000000e+00
1.8000000e+02		1.8100000e+02		1.8050000e+02		1.0753674e+00		0.0000000e+00		0.0000000e+00		0.0000000e+00		0.0000000e+00		0.0000000e+00
1.8100000e+02		1.8200000e+02		1.8150000e+02		1.3093431e+00		0.0000000e+00		0.0000000e+00		0.0000000e+00		0.0000000e+00		0.0000000e+00
1.8200000e+02		1.8300000e+02		1.8250000e+02		1.2087370e+00		0.0000000e+00		0.0000000e+00		0.0000000e+00		0.0000000e+00		0.0000000e+00
1.8300000e+02		1.8400000e+02		1.8350000e+02		1.2728289e+00		0.0000000e+00		0.0000000e+00		0.0000000e+00		0.0000000e+00		0.0000000e+00
1.8400000e+02		1.8500000e+02		1.8450000e+02		1.0940339e+00		0.0000000e+00		0.0000000e+00		0.0000000e+00		0.0000000e+00		0.0000000e+00
1.8500000e+02		1.8600000e+02		1.8550000e+02		1.2372281e+00		0.0000000e+00		0.0000000e+00		0.0000000e+00		0.0000000e+00		0.0000000e+00
1.8600000e+02		1.8700000e+02		1.8650000e+02		1.4037992e+00		0.0000000e+00		0.0000000e+00		0.0000000e+00		0.0000000e+00		0.0000000e+00
1.8700000e+02		1.8800000e+02		1.8750000e+02		1.5907538e+00		0.0000000e+00		0.0000000e+00		0.0000000e+00		0.0000000e+00		0.0000000e+00
1.8800000e+02		1.8900000e+02		1.8850000e+02		1.6735993e+00		0.0000000e+00		0.0000000e+00		0.0000000e+00		0.0000000e+00		0.0000000e+00
1.8900000e+02		1.9000000e+02		1.8950000e+02		1.8559600e+00		4.7545276e-316		0.0000000e+00		4.7760960e-316		5.1031448e-318		4.7250646e-316
1.9000000e+02		1.9100000e+02		1.9050000e+02		1.9109940e+00		1.8358622e-195		0.0000000e+00		1.8501682e-195		3.3848417e-197		1.8163198e-195
1.9100000e+02		1.9200000e+02		1.9150000e+02		2.0707336e+00		4.9697133e-147		0.0000000e+00		5.0196242e-147		1.1809048e-148		4.9015337e-147
1.9200000e+02		1.9300000e+02		1.9250000e+02		2.1685186e+00		1.2081289e-112		0.0000000e+00		1.2240127e-112		3.7581434e-114		1.1864312e-112
1.9300000e+02		1.9400000e+02		1.9350000e+02		1.6554009e+00		1.6195401e-77		6.0022192e-74		1.6498032e-77		7.1603342e-79		1.5781999e-77
1.9400000e+02		1.9500000e+02		1.9450000e+02		2.6556632e+00		5.2469087e-60		3.2293537e-57		5.3709984e-60		2.9359928e-61		5.0773991e-60
1.9500000e+02		1.9600000e+02		1.9550000e+02		2.5630279e+00		3.8896059e-39		3.2466499e-37		4.0238698e-39		3.1767200e-40		3.7061978e-39
1.9600000e+02		1.9700000e+02		1.9650000e+02		2.8204934e+00		1.4663904e-30		5.2597144e-29		1.5289861e-30		1.4810299e-31		1.3808831e-30
1.9700000e+02		1.9800000e+02		1.9750000e+02		2.8068384e+00		9.1887652e-23		1.5735370e-21		9.6904996e-23		1.1871163e-23		8.5033833e-23
1.9800000e+02		1.9900000e+02		1.9850000e+02		2.7505577e+00		1.4584940e-14		9.0025446e-14		1.5976529e-14		3.2925342e-15		1.2683994e-14
1.9900000e+02		2.0000000e+02		1.9950000e+02		2.8965557e+00		2.6622284e-09		8.4245986e-09		3.2009472e-09		1.2746223e-09		1.9263249e-09
2.0000000e+02		2.0100000e+02		2.0050000e+02		3.0623388e+00		1.6069234e-06		4.4638601e-06		2.1076178e-06		1.1846555e-06		9.2296225e-07
2.0100000e+02		2.0200000e+02		2.0150000e+02		3.2593670e+00		5.9685478e-03		1.6134122e-02		9.7389265e-03		8.9208120e-03		8.1811456e-04
2.0200000e+02		2.0300000e+02		2.0250000e+02		3.2217937e+00		1.8235535e-02		4.8602059e-02		3.0302939e-02		2.8551785e-02		1.7511543e-03
2.0300000e+02		2.0400000e+02		2.0350000e+02		3.4484145e+00		1.2692882e-01		3.3073715e-01		2.1589592e-01		2.1049843e-01		5.3974910e-03
2.0400000e+02		2.0500000e+02		2.0450000e+02		3.7117169e+00		3.2966201e-01		8.4766267e-01		5.6419548e-01		5.5491214e-01		9.2833407e-03
2.0500000e+02		2.0600000e+02		2.0550000e+02		3.7200399e+00		3.7351356e-01		9.5502813e-01		6.3898421e-01		6.2811030e-01		1.0873915e-02
2.0600000e+02		2.0700000e+02		2.0650000e+02		3.7247532e+00		4.1687859e-01		1.0601615e+00		7.1281633e-01		7.0019620e-01		1.2620127e-02
2.0700000e+02		2.0800000e+02		2.0750000e+02		4.0454145e+00		4.9866512e-01		1.2615504e+00		8.5216743e-01		8.3639546e-01		1.5771973e-02
2.0800000e+02		2.0900000e+02		2.0850000e+02		4.3759554e+00		5.8831432e-01		1.4808252e+00		1.0047098e+00		9.8520237e-01		1.9507474e-02
2.0900000e+02		2.1000000e+02		2.0950000e+02		5.6528678e+00		8.2372085e-01		2.0631107e+00		1.4057373e+00		1.3770658e+00		2.8671571e-02
2.1000000e+02		2.1100000e+02		2.1050000e+02		6.9678423e+00		1.0972810e+00		2.7349264e+00		1.8712182e+00		1.8311549e+00		4.0063244e-02
2.1100000e+02		2.1200000e+02		2.1150000e+02		7.9326445e+00		1.3438027e+00		3.3334045e+00		2.2898420e+00		2.2383528e+00		5.1489130e-02
2.1200000e+02		2.1300000e+02		2.1250000e+02		7.0734222e+00		1.2836124e+00		3.1691787e+00		2.1854888e+00		2.1338625e+00		5.1626269e-02
2.1300000e+02		2.1400000e+02		2.1350000e+02		7.2066449e+00		1.3925970e+00		3.4224286e+00		2.3689455e+00		2.3100654e+00		5.8880093e-02
2.1400000e+02		2.1500000e+02		2.1450000e+02		9.2279181e+00		1.8928557e+00		4.6307393e+00		3.2169484e+00		3.1328370e+00		8.4111385e-02
2.1500000e+02		2.1600000e+02		2.1550000e+02		7.9257408e+00		1.7242665e+00		4.1993750e+00		2.9276661e+00		2.8472740e+00		8.0392081e-02
2.1600000e+02		2.1700000e+02		2.1650000e+02		7.3353469e+00		1.6879881e+00		4.0928124e+00		2.8632567e+00		2.7807154e+00		8.2541283e-02
2.1700000e+02		2.1800000e+02		2.1750000e+02		7.5953881e+00		1.8442269e+00		4.4520702e+00		3.1250897e+00		3.0305539e+00		9.4535845e-02
2.1800000e+02		2.1900000e+02		2.1850000e+02		1.0217230e+01		2.6068619e+00		6.2658832e+00		4.4126037e+00		4.2724309e+00		1.4017278e-01
2.1900000e+02		2.2000000e+02		2.1950000e+02		1.0786519e+01		2.8812789e+00		6.8957980e+00		4.8715018e+00		4.7089178e+00		1.6258398e-01
2.2000000e+02		2.2100000e+02		2.2050000e+02		1.0851638e+01		3.0272868e+00		7.2144611e+00		5.1122260e+00		4.9330190e+00		1.7920694e-01
2.2100000e+02		2.2200000e+02		2.2150000e+02		8.6872371e+00		2.5253361e+00		5.9928742e+00		4.2592484e+00		4.1024806e+00		1.5676785e-01
2.2200000e+02		2.2300000e+02		2.2250000e+02		1.1691346e+01		3.5338623e+00		8.3511107e+00		5.9524891e+00		5.7225322e+00		2.2995681e-01
2.2300000e+02		2.2400000e+02		2.2350000e+02		1.5139682e+01		4.7456861e+00		1.1168190e+01		7.9828075e+00		7.6591116e+00		3.2369594e-01
2.2400000e+02		2.2500000e+02		2.2450000e+02		1.4154944e+01		4.5911410e+00		1.0759764e+01		7.7118599e+00		7.3837001e+00		3.2815974e-01
2.2500000e+02		2.2600000e+02		2.2550000e+02		1.2365614e+01		4.1426553e+00		9.6686881e+00		6.9482529e+00		6.6381152e+00		3.1013767e-01
2.2600000e+02		2.2700000e+02		2.2650000e+02		9.0577089e+00		3.1279959e+00		7.2705614e+00		5.2383533e+00		4.9931590e+00		2.4519425e-01
2.2700000e+02		2.2800000e+02		2.2750000e+02		8.8108381e+00		3.1326384e+00		7.2515703e+00		5.2378130e+00		4.9808966e+00		2.5691641e-01
2.2800000e+02		2.2900000e+02		2.2850000e+02		1.2275156e+01		4.4831944e+00		1.0335511e+01		7.4835360e+00		7.0988845e+00		3.8465150e-01
2.2900000e+02		2.3000000e+02		2.2950000e+02		1.1031259e+01		4.1332624e+00		9.4899558e+00		6.8876098e+00		6.5168559e+00		3.7075392e-01
2.3000000e+02		2.3100000e+02		2.3050000e+02		1.2510180e+01		4.8039465e+00		1.0985014e+01		7.9911443e+00		7.5409910e+00		4.5015337e-01
2.3100000e+02		2.3200000e+02		2.3150000e+02		1.1791833e+01		4.6337075e+00		1.0552703e+01		7.6939178e+00		7.2405354e+00		4.5338242e-01
2.3200000e+02		2.3300000e+02		2.3250000e+02		1.2664003e+01		5.0835926e+00		1.1530210e+01		8.4249350e+00		7.9057012e+00		5.1923386e-01
2.3300000e+02		2.3400000e+02		2.3350000e+02		1.1428554e+01		4.6806820e+00		1.0573215e+01		7.7420426e+00		7.2432569e+00		4.9878561e-01
2.3400000e+02		2.3500000e+02		2.3450000e+02		9.9864853e+00		4.1684353e+00		9.3778261e+00		6.8808906e+00		6.4177382e+00		4.6315242e-01
2.3500000e+02		2.3600000e+02		2.3550000e+02		1.3443360e+01		5.7133134e+00		1.2801122e+01		9.4115313e+00		8.7500776e+00		6.6145370e-01
2.3600000e+02		2.3700000e+02		2.3650000e+02		1.2448020e+01		5.3819079e+00		1.2009556e+01		8.8467951e+00		8.1980111e+00		6.4878405e-01
2.3700000e+02		2.3800000e+02		2.3750000e+02		1.3294723e+01		5.8423208e+00		1.2983916e+01		9.5827080e+00		8.8498513e+00		7.3285679e-01
2.3800000e+02		2.3900000e+02		2.3850000e+02		1.1021422e+01		4.9188442e+00		1.0887090e+01		8.0499928e+00		7.4083769e+00		6.4161582e-01
2.3900000e+02		2.4000000e+02		2.3950000e+02		1.2008577e+01		5.4388468e+00		1.1988992e+01		8.8806673e+00		8.1434346e+00		7.3723268e-01
2.4000000e+02		2.4100000e+02		2.4050000e+02		1.1032163e+01		5.0674289e+00		1.1124739e+01		8.2548872e+00		7.5416072e+00		7.1327994e-01
2.4100000e+02		2.4200000e+02		2.4150000e+02		1.2918879e+01		6.0143072e+00		1.3149613e+01		9.7739926e+00		8.8955113e+00		8.7848138e-01
2.4200000e+02		2.4300000e+02		2.4250000e+02		1.7782729e+01		8.3864116e+00		1.8261168e+01		1.3595837e+01		1.2325633e+01		1.2702042e+00
2.4300000e+02		2.4400000e+02		2.4350000e+02		1.6701989e+01		7.9750922e+00		1.7294681e+01		1.2897007e+01		1.1645376e+01		1.2516310e+00
2.4400000e+02		2.4500000e+02		2.4450000e+02		1.5641720e+01		7.5585908e+00		1.6324579e+01		1.2192667e+01		1.0964343e+01		1.2283247e+00
2.4500000e+02		2.4600000e+02		2.4550000e+02		1.2691134e+01		6.2042112e+00		1.3344825e+01		9.9823363e+00		8.9391398e+00		1.0431965e+00
2.4600000e+02		2.4700000e+02		2.4650000e+02		1.2350906e+01		6.1058241e+00		1.3079653e+01		9.7985197e+00		8.7370114e+00		1.0615082e+00
2.4700000e+02		2.4800000e+02		2.4750000e+02		1.3639226e+01		6.8163979e+00		1.4542325e+01		1.0910034e+01		9.6856462e+00		1.2243874e+00
2.4800000e+02		2.4900000e+02		2.4850000e+02		1.0938846e+01		5.5248894e+00		1.1738999e+01		8.8193132e+00		7.7946903e+00		1.0246229e+00
2.4900000e+02		2.5000000e+02		2.4950000e+02		1.3333262e+01		6.8036866e+00		1.4397334e+01		1.0831309e+01		9.5294567e+00		1.3018522e+00
2.5000000e+02		2.5100000e+02		2.5050000e+02		1.4401571e+01		7.4225308e+00		1.5643078e+01		1.1784207e+01		1.0319836e+01		1.4643706e+00
2.5100000e+02		2.5200000e+02		2.5150000e+02		1.2007424e+01		6.2490229e+00		1.3116476e+01		9.8937089e+00		8.6234197e+00		1.2702892e+00
2.5200000e+02		2.5300000e+02		2.5250000e+02		1.0794009e+01		5.6711115e+00		1.1855264e+01		8.9536904e+00		7.7666650e+00		1.1870253e+00
2.5300000e+02		2.5400000e+02		2.5350000e+02		1.3602371e+01		7.2132817e+00		1.5018186e+01		1.1356451e+01		9.8028441e+00		1.5536070e+00
2.5400000e+02		2.5500000e+02		2.5450000e+02		1.5384114e+01		8.2326483e+00		1.7071421e+01		1.2924535e+01		1.1101122e+01		1.8234123e+00
2.5500000e+02		2.5600000e+02		2.5550000e+02		2.0992062e+01		1.1334247e+01		2.3408449e+01		1.7742881e+01		1.5162992e+01		2.5798891e+00
2.5600000e+02		2.5700000e+02		2.5650000e+02		2.7040612e+01		1.4728260e+01		3.0296054e+01		2.2989543e+01		1.9546404e+01		3.4431386e+00
2.5700000e+02		2.5800000e+02		2.5750000e+02		3.3946512e+01		1.8649083e+01		3.8207784e+01		2.9025230e+01		2.4550228e+01		4.4750018e+00
2.5800000e+02		2.5900000e+02		2.5850000e+02		3.5732434e+01		1.9796394e+01		4.0396684e+01		3.0721060e+01		2.5848037e+01		4.8730227e+00
2.5900000e+02		2.6000000e+02		2.5950000e+02		3.0409976e+01		1.6981462e+01		3.4514334e+01		2.6274881e+01		2.1988466e+01		4.2864147e+00
2.6000000e+02		2.6100000e+02		2.6050000e+02		2.4915606e+01		1.4022577e+01		2.8387284e+01		2.1632364e+01		1.8004948e+01		3.6274155e+00
2.6100000e+02		2.6200000e+02		2.6150000e+02		2.5442742e+01		1.4434287e+01		2.9105474e+01		2.2201607e+01		1.8377676e+01		3.8239312e+00
2.6200000e+02		2.6300000e+02		2.6250000e+02		3.0366547e+01		1.7364346e+01		3.4876138e+01		2.6629087e+01		2.1920612e+01		4.7084748e+00
2.6300000e+02		2.6400000e+02		2.6350000e+02		4.5700096e+01		2.6334175e+01		5.2684862e+01		4.0264248e+01		3.2958907e+01		7.3053408e+00
2.6400000e+02		2.6500000e+02		2.6450000e+02		7.1249372e+01		4.1375803e+01		8.2455448e+01		6.3073850e+01		5.1338130e+01		1.1735720e+01
2.6500000e+02		2.6600000e+02		2.6550000e+02		7.4731454e+01		4.3724218e+01		8.6797444e+01		6.6453976e+01		5.3779185e+01		1.2674790e+01
2.6600000e+02		2.6700000e+02		2.6650000e+02		7.2446611e+01		4.2700272e+01		8.4437430e+01		6.4702663e+01		5.2058215e+01		1.2644448e+01
2.6700000e+02		2.6800000e+02		2.6750000e+02		7.2937204e+01		4.3305538e+01		8.5305506e+01		6.5422577e+01		5.2329477e+01		1.3093100e+01
2.6800000e+02		2.6900000e+02		2.6850000e+02		7.2239021e+01		4.3200757e+01		8.4773924e+01		6.5067762e+01		5.1737890e+01		1.3329872e+01
2.6900000e+02		2.7000000e+02		2.6950000e+02		6.7758000e+01		4.0805447e+01		7.9768815e+01		6.1274365e+01		4.8429980e+01		1.2844385e+01
2.7000000e+02		2.7100000e+02		2.7050000e+02		7.8281462e+01		4.7470943e+01		9.2447814e+01		7.1068157e+01		5.5831609e+01		1.5236549e+01
2.7100000e+02		2.7200000e+02		2.7150000e+02		6.5051220e+01		3.9715747e+01		7.7053612e+01		5.9278054e+01		4.6284917e+01		1.2993138e+01
2.7200000e+02		2.7300000e+02		2.7250000e+02		5.2331568e+01		3.2167752e+01		6.2176230e+01		4.7867390e+01		3.7145743e+01		1.0721648e+01
2.7300000e+02		2.7400000e+02		2.7350000e+02		5.5800645e+01		3.4527633e+01		6.6489272e+01		5.1223758e+01		3.9503454e+01		1.1720303e+01
2.7400000e+02		2.7500000e+02		2.7450000e+02		3.8398649e+01		2.3914909e+01		4.5882181e+01		3.5371983e+01		2.7107728e+01		8.2642546e+00
2.7500000e+02		2.7600000e+02		2.7550000e+02		5.1208696e+01		3.2095859e+01		6.1351203e+01		4.7328691e+01		3.6041268e+01		1.1287423e+01
2.7600000e+02		2.7700000e+02		2.7650000e+02		7.1318275e+01		4.4983294e+01		8.5671373e+01		6.6132578e+01		5.0039744e+01		1.6092834e+01
2.7700000e+02		2.7800000e+02		2.7750000e+02		6.8188493e+01		4.3279217e+01		8.2126825e+01		6.3435895e+01		4.7691211e+01		1.5744684e+01
2.7800000e+02		2.7900000e+02		2.7850000e+02		4.7024496e+01		3.0029500e+01		5.6778506e+01		4.3882934e+01		3.2777577e+01		1.1105357e+01
2.7900000e+02		2.8000000e+02		2.7950000e+02		2.6422560e+01		1.6974428e+01		3.1979416e+01		2.4730646e+01		1.8351408e+01		6.3792378e+00
2.8000000e+02		2.8100000e+02		2.8050000e+02		2.8982131e+01		1.8728675e+01		3.5158660e+01		2.7204623e+01		2.0054308e+01		7.1503145e+00
2.8100000e+02		2.8200000e+02		2.8150000e+02		6.0033324e+01		3.9022198e+01		7.2995951e+01		5.6512905e+01		4.1383457e+01		1.5129448e+01
2.8200000e+02		2.8300000e+02		2.8250000e+02		8.1733762e+01		5.3434282e+01		9.9604551e+01		7.7154095e+01		5.6121679e+01		2.1032416e+01
2.8300000e+02		2.8400000e+02		2.8350000e+02		8.4433091e+01		5.5512245e+01		1.0311710e+02		7.9916068e+01		5.7740065e+01		2.2176003e+01
2.8400000e+02		2.8500000e+02		2.8450000e+02		6.2255376e+01		4.1160480e+01		7.6193210e+01		5.9079446e+01		4.2396729e+01		1.6682717e+01
2.8500000e+02		2.8600000e+02		2.8550000e+02		4.0018063e+01		2.6603203e+01		4.9076514e+01		3.8071789e+01		2.7134968e+01		1.0936822e+01
2.8600000e+02		2.8700000e+02		2.8650000e+02		8.2001717e+01		5.4808760e+01		1.0076398e+02		7.8205608e+01		5.5357537e+01		2.2848071e+01
2.8700000e+02		2.8800000e+02		2.8750000e+02		9.5189148e+01		6.3960671e+01		1.1719098e+02		9.0996101e+01		6.3966513e+01		2.7029588e+01
2.8800000e+02		2.8900000e+02		2.8850000e+02		9.0460934e+01		6.1101987e+01		1.1157675e+02		8.6674653e+01		6.0505579e+01		2.6169074e+01
2.8900000e+02		2.9000000e+02		2.8950000e+02		1.3728321e+02		9.3204057e+01		1.6962936e+02		1.3182648e+02		9.1381633e+01		4.0444846e+01
2.9000000e+02		2.9100000e+02		2.9050000e+02		1.8023325e+02		1.2298215e+02		2.2308346e+02		1.7343877e+02		1.1938165e+02		5.4057123e+01
2.9100000e+02		2.9200000e+02		2.9150000e+02		1.7359450e+02		1.1904557e+02		2.1523344e+02		1.6740181e+02		1.1441208e+02		5.2989728e+01
2.9200000e+02		2.9300000e+02		2.9250000e+02		1.5421676e+02		1.0628138e+02		1.9153003e+02		1.4902302e+02		1.0112781e+02		4.7895211e+01
2.9300000e+02		2.9400000e+02		2.9350000e+02		1.6099986e+02		1.1149966e+02		2.0028491e+02		1.5589254e+02		1.0503468e+02		5.0857863e+01
2.9400000e+02		2.9500000e+02		2.9450000e+02		1.4991794e+02		1.0431102e+02		1.8677021e+02		1.4542472e+02		9.7276062e+01		4.8148659e+01
2.9500000e+02		2.9600000e+02		2.9550000e+02		1.6232431e+02		1.1348343e+02		2.0254825e+02		1.5776448e+02		1.0477010e+02		5.2994384e+01
2.9600000e+02		2.9700000e+02		2.9650000e+02		1.4851381e+02		1.0431453e+02		1.8559671e+02		1.4460908e+02		9.5337922e+01		4.9271158e+01
2.9700000e+02		2.9800000e+02		2.9750000e+02		1.5140866e+02		1.0682960e+02		1.8947669e+02		1.4767930e+02		9.6651434e+01		5.1027867e+01
2.9800000e+02		2.9900000e+02		2.9850000e+02		1.3012850e+02		9.2225748e+01		1.6306734e+02		1.2713483e+02		8.2595776e+01		4.4539055e+01
2.9900000e+02		3.0000000e+02		2.9950000e+02		1.4682541e+02		1.0451809e+02		1.8423343e+02		1.4367953e+02		9.2656975e+01		5.1022560e+01
3.0000000e+02		3.0100000e+02		3.0050000e+02		1.1681452e+02		8.3519637e+01		1.4677106e+02		1.1449636e+02		7.3291713e+01		4.1204646e+01
3.0100000e+02		3.0200000e+02		3.0150000e+02		1.3434477e+02		9.6464725e+01		1.6900741e+02		1.3187932e+02		8.3791828e+01		4.8087491e+01
3.0200000e+02		3.0300000e+02		3.0250000e+02		1.4142283e+02		1.0197826e+02		1.7813219e+02		1.3903654e+02		8.7680833e+01		5.1355703e+01
3.0300000e+02		3.0400000e+02		3.0350000e+02		1.8342160e+02		1.3280736e+02		2.3129396e+02		1.8057653e+02		1.1302307e+02		6.7553456e+01
3.0400000e+02		3.0500000e+02		3.0450000e+02		1.7556728e+02		1.2764974e+02		2.2165822e+02		1.7309654e+02		1.0752828e+02		6.5568260e+01
3.0500000e+02		3.0600000e+02		3.0550000e+02		1.7728071e+02		1.2941851e+02		2.2407446e+02		1.7502487e+02		1.0790581e+02		6.7119061e+01
3.0600000e+02		3.0700000e+02		3.0650000e+02		1.6814926e+02		1.2324299e+02		2.1276572e+02		1.6622945e+02		1.0170706e+02		6.4522391e+01
3.0700000e+02		3.0800000e+02		3.0750000e+02		1.8878816e+02		1.3890401e+02		2.3911513e+02		1.8685617e+02		1.1345603e+02		7.3400139e+01
3.0800000e+02		3.0900000e+02		3.0850000e+02		1.8529086e+02		1.3685912e+02		2.3492663e+02		1.8362161e+02		1.1064123e+02		7.2980382e+01
3.0900000e+02		3.1000000e+02		3.0950000e+02		1.5026991e+02		1.1141802e+02		1.9071816e+02		1.4909783e+02		8.9151372e+01		5.9946454e+01
3.1000000e+02		3.1100000e+02		3.1050000e+02		1.8913229e+02		1.4075351e+02		2.4026113e+02		1.8786509e+02		1.1146721e+02		7.6397882e+01
3.1100000e+02		3.1200000e+02		3.1150000e+02		2.2495083e+02		1.6803066e+02		2.8603098e+02		2.2369491e+02		1.3170304e+02		9.1991873e+01
3.1200000e+02		3.1300000e+02		3.1250000e+02		2.0030306e+02		1.5015601e+02		2.5490421e+02		1.9938673e+02		1.1648113e+02		8.2905595e+01
3.1300000e+02		3.1400000e+02		3.1350000e+02		2.1331645e+02		1.6049512e+02		2.7171914e+02		2.1257580e+02		1.2322420e+02		8.9351601e+01
3.1400000e+02		3.1500000e+02		3.1450000e+02		2.0119548e+02		1.5190421e+02		2.5648423e+02		2.0068927e+02		1.1542670e+02		8.5262572e+01
3.1500000e+02		3.1600000e+02		3.1550000e+02		1.9522773e+02		1.4790554e+02		2.4906856e+02		1.9491675e+02		1.1122971e+02		8.3687038e+01
3.1600000e+02		3.1700000e+02		3.1650000e+02		1.9043254e+02		1.4476210e+02		2.4313311e+02		1.9029971e+02		1.0774315e+02		8.2556561e+01
3.1700000e+02		3.1800000e+02		3.1750000e+02		2.4155434e+02		1.8424838e+02		3.0864575e+02		2.4161054e+02		1.3572034e+02		1.0589020e+02
3.1800000e+02		3.1900000e+02		3.1850000e+02		1.9952276e+02		1.5269233e+02		2.5512389e+02		1.9973994e+02		1.1131584e+02		8.8424098e+01
3.1900000e+02		3.2000000e+02		3.1950000e+02		2.1430874e+02		1.6454141e+02		2.7421869e+02		2.1471686e+02		1.1871639e+02		9.6000471e+01
3.2000000e+02		3.2100000e+02		3.2050000e+02		2.4621307e+02		1.8965478e+02		3.1527250e+02		2.4689288e+02		1.3542679e+02		1.1146608e+02
3.2100000e+02		3.2200000e+02		3.2150000e+02		2.0677326e+02		1.5975621e+02		2.6490251e+02		2.0747075e+02		1.1289381e+02		9.4576945e+01
3.2200000e+02		3.2300000e+02		3.2250000e+02		2.0765168e+02		1.6096398e+02		2.6624547e+02		2.0854641e+02		1.1258124e+02		9.5965171e+01
3.2300000e+02		3.2400000e+02		3.2350000e+02		2.0066974e+02		1.5602519e+02		2.5744154e+02		2.0167116e+02		1.0799953e+02		9.3671634e+01
3.2400000e+02		3.2500000e+02		3.2450000e+02		2.3629853e+02		1.8428627e+02		3.0333255e+02		2.3764408e+02		1.2624594e+02		1.1139814e+02
3.2500000e+02		3.2600000e+02		3.2550000e+02		2.7209498e+02		2.1277824e+02		3.4938028e+02		2.7374318e+02		1.4424461e+02		1.2949857e+02
3.2600000e+02		3.2700000e+02		3.2650000e+02		3.0699214e+02		2.4085373e+02		3.9454452e+02		3.0915983e+02		1.6161399e+02		1.4754584e+02
3.2700000e+02		3.2800000e+02		3.2750000e+02		2.9701525e+02		2.3369990e+02		3.8192156e+02		2.9929330e+02		1.5519566e+02		1.4409764e+02
3.2800000e+02		3.2900000e+02		3.2850000e+02		2.8673370e+02		2.2625274e+02		3.6888658e+02		2.8910081e+02		1.4870011e+02		1.4040069e+02
3.2900000e+02		3.3000000e+02		3.2950000e+02		3.3379807e+02		2.6411904e+02		4.2962675e+02		3.3672771e+02		1.7179397e+02		1.6493374e+02
3.3000000e+02		3.3100000e+02		3.3050000e+02		3.1443449e+02		2.4945803e+02		4.0484618e+02		3.1732608e+02		1.6057752e+02		1.5674856e+02
3.3100000e+02		3.3200000e+02		3.3150000e+02		3.0087994e+02		2.3943107e+02		3.8769940e+02		3.0390817e+02		1.5255444e+02		1.5135373e+02
3.3200000e+02		3.3300000e+02		3.3250000e+02		2.9519831e+02		2.3553924e+02		3.8054117e+02		2.9831461e+02		1.4852812e+02		1.4978649e+02
3.3300000e+02		3.3400000e+02		3.3350000e+02		2.8364288e+02		2.2691765e+02		3.6579730e+02		2.8677231e+02		1.4161765e+02		1.4515467e+02
3.3400000e+02		3.3500000e+02		3.3450000e+02		2.9883003e+02		2.3968831e+02		3.8553388e+02		3.0226038e+02		1.4804711e+02		1.5421327e+02
3.3500000e+02		3.3600000e+02		3.3550000e+02		2.9511053e+02		2.3731955e+02		3.8089342e+02		2.9863647e+02		1.4507739e+02		1.5355908e+02
3.3600000e+02		3.3700000e+02		3.3650000e+02		2.4313126e+02		1.9601820e+02		3.1392806e+02		2.4614354e+02		1.1859784e+02		1.2754570e+02
3.3700000e+02		3.3800000e+02		3.3750000e+02		2.5649874e+02		2.0732057e+02		3.3132196e+02		2.5979222e+02		1.2414926e+02		1.3564297e+02
3.3800000e+02		3.3900000e+02		3.3850000e+02		2.7748673e+02		2.2484975e+02		3.5857854e+02		2.8117484e+02		1.3326660e+02		1.4790824e+02
3.3900000e+02		3.4000000e+02		3.3950000e+02		2.9040264e+02		2.3588425e+02		3.7538998e+02		2.9436674e+02		1.3837107e+02		1.5599567e+02
3.4000000e+02		3.4100000e+02		3.4050000e+02		3.0654056e+02		2.4957972e+02		3.9636357e+02		3.1082213e+02		1.4490111e+02		1.6592103e+02
3.4100000e+02		3.4200000e+02		3.4150000e+02		2.7979685e+02		2.2828687e+02		3.6180140e+02		2.8372431e+02		1.3116640e+02		1.5255791e+02
3.4200000e+02		3.4300000e+02		3.4250000e+02		3.0344565e+02		2.4822443e+02		3.9260938e+02		3.0789318e+02		1.4117779e+02		1.6671539e+02
3.4300000e+02		3.4400000e+02		3.4350000e+02		2.9822260e+02		2.4448395e+02		3.8591636e+02		3.0264929e+02		1.3762066e+02		1.6502863e+02
3.4400000e+02		3.4500000e+02		3.4450000e+02		2.3986676e+02		1.9711814e+02		3.1053579e+02		2.4353824e+02		1.0983115e+02		1.3370709e+02
3.4500000e+02		3.4600000e+02		3.4550000e+02		2.8907088e+02		2.3807398e+02		3.7432056e+02		2.9356525e+02		1.3129377e+02		1.6227148e+02
3.4600000e+02		3.4700000e+02		3.4650000e+02		2.8069735e+02		2.3168325e+02		3.6356550e+02		2.8513348e+02		1.2646460e+02		1.5866888e+02
3.4700000e+02		3.4800000e+02		3.4750000e+02		2.7782009e+02		2.2979353e+02		3.5990677e+02		2.8226594e+02		1.2415105e+02		1.5811489e+02
3.4800000e+02		3.4900000e+02		3.4850000e+02		2.8744416e+02		2.3833606e+02		3.7258350e+02		2.9221220e+02		1.2747233e+02		1.6473987e+02
3.4900000e+02		3.5000000e+02		3.4950000e+02		2.7550877e+02		2.2892766e+02		3.5720352e+02		2.8015098e+02		1.2119568e+02		1.5895530e+02
3.5000000e+02		3.5100000e+02		3.5050000e+02		3.3002358e+02		2.7477961e+02		4.2794914e+02		3.3563571e+02		1.4398708e+02		1.9164863e+02
3.5100000e+02		3.5200000e+02		3.5150000e+02		3.0660572e+02		2.5581392e+02		3.9767911e+02		3.1189505e+02		1.3268939e+02		1.7920566e+02
3.5200000e+02		3.5300000e+02		3.5250000e+02		2.8324198e+02		2.3679972e+02		3.6745025e+02		2.8818584e+02		1.2158086e+02		1.6660499e+02
3.5300000e+02		3.5400000e+02		3.5350000e+02		3.2405327e+02		2.7148793e+02		4.2052066e+02		3.2980716e+02		1.3798477e+02		1.9182239e+02
3.5400000e+02		3.5500000e+02		3.5450000e+02		3.4586270e+02		2.9032730e+02		4.4890024e+02		3.5206183e+02		1.4606545e+02		2.0599638e+02
3.5500000e+02		3.5600000e+02		3.5550000e+02		3.2478382e+02		2.7316594e+02		4.2162118e+02		3.3066426e+02		1.3604250e+02		1.9462176e+02
3.5600000e+02		3.5700000e+02		3.5650000e+02		2.8234357e+02		2.3792061e+02		3.6658041e+02		2.8749387e+02		1.1729158e+02		1.7020229e+02
3.5700000e+02		3.5800000e+02		3.5750000e+02		2.4674321e+02		2.0830869e+02		3.2040098e+02		2.5127354e+02		1.0165592e+02		1.4961762e+02
3.5800000e+02		3.5900000e+02		3.5850000e+02		2.1181106e+02		1.7916166e+02		2.7510008e+02		2.1574340e+02		8.6553323e+01		1.2919007e+02
3.5900000e+02		3.6000000e+02		3.5950000e+02		3.0582840e+02		2.5915168e+02		3.9725060e+02		3.1153240e+02		1.2393410e+02		1.8759830e+02
3.6000000e+02		3.6100000e+02		3.6050000e+02		3.0178862e+02		2.5620311e+02		3.9207534e+02		3.0746830e+02		1.2129473e+02		1.8617357e+02
3.6100000e+02		3.6200000e+02		3.6150000e+02		2.8033735e+02		2.3837854e+02		3.6419170e+02		2.8559446e+02		1.1171407e+02		1.7388040e+02
3.6200000e+02		3.6300000e+02		3.6250000e+02		3.1645921e+02		2.6951984e+02		4.1109174e+02		3.2236399e+02		1.2503060e+02		1.9733339e+02
3.6300000e+02		3.6400000e+02		3.6350000e+02		3.0810145e+02		2.6288860e+02		4.0033081e+02		3.1391913e+02		1.2073954e+02		1.9317959e+02
3.6400000e+02		3.6500000e+02		3.6450000e+02		3.2221950e+02		2.7525811e+02		4.1848503e+02		3.2814144e+02		1.2512329e+02		2.0301814e+02
3.6500000e+02		3.6600000e+02		3.6550000e+02		3.6674574e+02		3.1389769e+02		4.7648000e+02		3.7360870e+02		1.4127777e+02		2.3233093e+02
3.6600000e+02		3.6700000e+02		3.6650000e+02		3.9198946e+02		3.3588469e+02		5.0904301e+02		3.9912419e+02		1.4962626e+02		2.4949793e+02
3.6700000e+02		3.6800000e+02		3.6750000e+02		3.7850004e+02		3.2488026e+02		4.9160400e+02		3.8544013e+02		1.4328620e+02		2.4215393e+02
3.6800000e+02		3.6900000e+02		3.6850000e+02		3.4895620e+02		2.9966421e+02		4.5272708e+02		3.5493657e+02		1.3077580e+02		2.2416076e+02
3.6900000e+02		3.7000000e+02		3.6950000e+02		3.8736224e+02		3.3333116e+02		5.0283807e+02		3.9421590e+02		1.4405483e+02		2.5016106e+02
3.7000000e+02		3.7100000e+02		3.7050000e+02		3.6351013e+02		3.1393952e+02		4.7292108e+02		3.7077030e+02		1.3446309e+02		2.3630722e+02
3.7100000e+02		3.7200000e+02		3.7150000e+02		3.7529261e+02		3.2462863e+02		4.8829779e+02		3.8281280e+02		1.3766523e+02		2.4514757e+02
3.7200000e+02		3.7300000e+02		3.7250000e+02		3.1177186e+02		2.7010260e+02		4.0568479e+02		3.1803528e+02		1.1340993e+02		2.0462535e+02
3.7300000e+02		3.7400000e+02		3.7350000e+02		2.7192112e+02		2.3593967e+02		3.5385863e+02		2.7739639e+02		9.8087658e+01		1.7930873e+02
3.7400000e+02		3.7500000e+02		3.7450000e+02		2.7832167e+02		2.4185913e+02		3.6221545e+02		2.8393701e+02		9.9557328e+01		1.8437968e+02
3.7500000e+02		3.7600000e+02		3.7550000e+02		3.1876744e+02		2.7742032e+02		4.1488250e+02		3.2520991e+02		1.1307137e+02		2.1213854e+02
3.7600000e+02		3.7700000e+02		3.7650000e+02		3.3048657e+02		2.8804379e+02		4.3016430e+02		3.3717568e+02		1.1624730e+02		2.2092837e+02
3.7700000e+02		3.7800000e+02		3.7750000e+02		3.8770864e+02		3.3840924e+02		5.0467714e+02		3.9556547e+02		1.3523310e+02		2.6033238e+02
3.7800000e+02		3.7900000e+02		3.7850000e+02		4.0380398e+02		3.5296461e+02		5.2565965e+02		4.1199496e+02		1.3966731e+02		2.7232765e+02
3.7900000e+02		3.8000000e+02		3.7950000e+02		3.2744385e+02		2.8662439e+02		4.2628016e+02		3.3409083e+02		1.1230680e+02		2.2178403e+02
3.8000000e+02		3.8100000e+02		3.8050000e+02		3.5656330e+02		3.1255088e+02		4.6421327e+02		3.6380515e+02		1.2126891e+02		2.4253624e+02
3.8100000e+02		3.8200000e+02		3.8150000e+02		3.2019140e+02		2.8105653e+02		4.1688057e+02		3.2669651e+02		1.0798535e+02		2.1871116e+02
3.8200000e+02		3.8300000e+02		3.8250000e+02		2.2964197e+02		2.0184941e+02		2.9900112e+02		2.3430790e+02		7.6797598e+01		1.5751030e+02
3.8300000e+02		3.8400000e+02		3.8350000e+02		2.0267593e+02		1.7838691e+02		2.6390149e+02		2.0679352e+02		6.7210754e+01		1.3958277e+02
3.8400000e+02		3.8500000e+02		3.8450000e+02		2.7111947e+02		2.3894537e+02		3.5303444e+02		2.7662593e+02		8.9153149e+01		1.8747278e+02
3.8500000e+02		3.8600000e+02		3.8550000e+02		2.8715912e+02		2.5341380e+02		3.7393345e+02		2.9298852e+02		9.3634802e+01		1.9935372e+02
3.8600000e+02		3.8700000e+02		3.8650000e+02		2.8837692e+02		2.5481828e+02		3.7553136e+02		2.9422715e+02		9.3242377e+01		2.0098477e+02
3.8700000e+02		3.8800000e+02		3.8750000e+02		2.8805300e+02		2.5485771e+02		3.7512055e+02		2.9389175e+02		9.2355547e+01		2.0153621e+02
3.8800000e+02		3.8900000e+02		3.8850000e+02		2.9209390e+02		2.5875937e+02		3.8039294e+02		2.9800860e+02		9.2864676e+01		2.0514392e+02
3.8900000e+02		3.9000000e+02		3.8950000e+02		3.5069332e+02		3.1105871e+02		4.5671762e+02		3.5778631e+02		1.1055869e+02		2.4722762e+02
3.9000000e+02		3.9100000e+02		3.9050000e+02		3.6838836e+02		3.2715623e+02		4.7977247e+02		3.7582935e+02		1.1516185e+02		2.6066750e+02
3.9100000e+02		3.9200000e+02		3.9150000e+02		3.9613874e+02		3.5222833e+02		5.1592287e+02		4.0412842e+02		1.2279692e+02		2.8133150e+02
3.9200000e+02		3.9300000e+02		3.9250000e+02		3.0403432e+02		2.7065784e+02		3.9597434e+02		3.1015638e+02		9.3454549e+01		2.1670183e+02
3.9300000e+02		3.9400000e+02		3.9350000e+02		1.8639471e+02		1.6612923e+02		2.4276380e+02		1.9014133e+02		5.6813226e+01		1.3332810e+02
3.9400000e+02		3.9500000e+02		3.9450000e+02		3.0813115e+02		2.7495151e+02		4.0132006e+02		3.1431292e+02		9.3130081e+01		2.2118284e+02
3.9500000e+02		3.9600000e+02		3.9550000e+02		3.7840801e+02		3.3805122e+02		4.9285540e+02		3.8598419e+02		1.1341064e+02		2.7257355e+02
3.9600000e+02		3.9700000e+02		3.9650000e+02		2.6140326e+02		2.3378888e+02		3.4046187e+02		2.6662233e+02		7.7684772e+01		1.8893756e+02
3.9700000e+02		3.9800000e+02		3.9750000e+02		2.9300657e+02		2.6234837e+02		3.8162416e+02		2.9884238e+02		8.6345745e+01		2.1249663e+02
3.9800000e+02		3.9900000e+02		3.9850000e+02		4.5124719e+02		4.0447597e+02		5.8771706e+02		4.6020605e+02		1.3185878e+02		3.2834727e+02
3.9900000e+02		4.0000000e+02		3.9950000e+02		4.9846141e+02		4.4728179e+02		6.4920226e+02		5.0832524e+02		1.4443035e+02		3.6389489e+02
4.0000000e+02		4.0100000e+02		4.0050000e+02		5.1407199e+02		4.6180460e+02		6.6955351e+02		5.2423540e+02		1.4771286e+02		3.7652253e+02
4.0100000e+02		4.0200000e+02		4.0150000e+02		5.3860814e+02		4.8436944e+02		7.0151520e+02		5.4923290e+02		1.5346857e+02		3.9576432e+02
4.0200000e+02		4.0300000e+02		4.0250000e+02		5.4526519e+02		4.9087543e+02		7.1018247e+02		5.5599045e+02		1.5406378e+02		4.0192667e+02
4.0300000e+02		4.0400000e+02		4.0350000e+02		5.2165796e+02		4.7011424e+02		6.7943087e+02		5.3188840e+02		1.4615923e+02		3.8572917e+02
4.0400000e+02		4.0500000e+02		4.0450000e+02		5.1300620e+02		4.6279500e+02		6.6815713e+02		5.2303608e+02		1.4253193e+02		3.8050415e+02
4.0500000e+02		4.0600000e+02		4.0550000e+02		5.1256585e+02		4.6286964e+02		6.6757726e+02		5.2255538e+02		1.4121797e+02		3.8133741e+02
4.0600000e+02		4.0700000e+02		4.0650000e+02		4.9035274e+02		4.4325660e+02		6.3863937e+02		4.9987818e+02		1.3396809e+02		3.6591009e+02
4.0700000e+02		4.0800000e+02		4.0750000e+02		4.9838294e+02		4.5096414e+02		6.4908987e+02		5.0803189e+02		1.3502374e+02		3.7300815e+02
4.0800000e+02		4.0900000e+02		4.0850000e+02		5.2990289e+02		4.7995676e+02		6.9013161e+02		5.4012675e+02		1.4236372e+02		3.9776303e+02
4.0900000e+02		4.1000000e+02		4.0950000e+02		5.2713439e+02		4.7791315e+02		6.8651553e+02		5.3726893e+02		1.4043728e+02		3.9683165e+02
4.1000000e+02		4.1100000e+02		4.1050000e+02		4.8293937e+02		4.3826515e+02		6.2894757e+02		4.9219066e+02		1.2758914e+02		3.6460152e+02
4.1100000e+02		4.1200000e+02		4.1150000e+02		5.5986852e+02		5.0855980e+02		7.2912191e+02		5.7055384e+02		1.4667946e+02		4.2387438e+02
4.1200000e+02		4.1300000e+02		4.1250000e+02		5.4940473e+02		4.9952252e+02		7.1548121e+02		5.5985075e+02		1.4273812e+02		4.1711263e+02
4.1300000e+02		4.1400000e+02		4.1350000e+02		5.2995399e+02		4.8228377e+02		6.9013689e+02		5.3999136e+02		1.3653761e+02		4.0345374e+02
4.1400000e+02		4.1500000e+02		4.1450000e+02		5.3771640e+02		4.8979545e+02		7.0023064e+02		5.4786078e+02		1.3738405e+02		4.1047673e+02
4.1500000e+02		4.1600000e+02		4.1550000e+02		5.3722776e+02		4.8979250e+02		6.9957867e+02		5.4732237e+02		1.3611713e+02		4.1120524e+02
4.1600000e+02		4.1700000e+02		4.1650000e+02		5.5745703e+02		5.0868924e+02		7.2590415e+02		5.6788901e+02		1.4006815e+02		4.2782086e+02
4.1700000e+02		4.1800000e+02		4.1750000e+02		5.0725322e+02		4.6328550e+02		6.6051383e+02		5.1670617e+02		1.2639467e+02		3.9031150e+02
4.1800000e+02		4.1900000e+02		4.1850000e+02		5.2601513e+02		4.8083750e+02		6.8492371e+02		5.3577359e+02		1.2998019e+02		4.0579341e+02
4.1900000e+02		4.2000000e+02		4.1950000e+02		5.3123875e+02		4.8603325e+02		6.9171079e+02		5.4105508e+02		1.3018303e+02		4.1087204e+02
4.2000000e+02		4.2100000e+02		4.2050000e+02		5.3797708e+02		4.9261720e+02		7.0046576e+02		5.4787499e+02		1.3074134e+02		4.1713365e+02
4.2100000e+02		4.2200000e+02		4.2150000e+02		5.2958361e+02		4.8533924e+02		6.8951786e+02		5.3928426e+02		1.2763529e+02		4.1164897e+02
4.2200000e+02		4.2300000e+02		4.2250000e+02		5.0190537e+02		4.6035564e+02		6.5346197e+02		5.1105806e+02		1.1996320e+02		3.9109486e+02
4.2300000e+02		4.2400000e+02		4.2350000e+02		5.3474862e+02		4.9088280e+02		6.9620206e+02		5.4445621e+02		1.2675605e+02		4.1770016e+02
4.2400000e+02		4.2500000e+02		4.2450000e+02		5.5328403e+02		5.0830994e+02		7.2031192e+02		5.6328220e+02		1.3006576e+02		4.3321644e+02
4.2500000e+02		4.2600000e+02		4.2550000e+02		5.3248014e+02		4.8958948e+02		6.9320614e+02		5.4205787e+02		1.2414153e+02		4.1791634e+02
4.2600000e+02		4.2700000e+02		4.2650000e+02		5.3029841e+02		4.8796999e+02		6.9034398e+02		5.3979227e+02		1.2261282e+02		4.1717944e+02
4.2700000e+02		4.2800000e+02		4.2750000e+02		4.9171747e+02		4.5282306e+02		6.4009850e+02		5.0047898e+02		1.1275511e+02		3.8772387e+02
4.2800000e+02		4.2900000e+02		4.2850000e+02		4.9494538e+02		4.5614857e+02		6.4427922e+02		5.0372224e+02		1.1256052e+02		3.9116172e+02
4.2900000e+02		4.3000000e+02		4.2950000e+02		4.6063718e+02		4.2485455e+02		5.9959950e+02		4.6876621e+02		1.0389610e+02		3.6487011e+02
4.3000000e+02		4.3100000e+02		4.3050000e+02		3.7055843e+02		3.4203171e+02		4.8232986e+02		3.7706591e+02		8.2891820e+01		2.9417409e+02
4.3100000e+02		4.3200000e+02		4.3150000e+02		4.5818753e+02		4.2323105e+02		5.9636982e+02		4.6619428e+02		1.0165209e+02		3.6454219e+02
4.3200000e+02		4.3300000e+02		4.3250000e+02		5.1625369e+02		4.7721959e+02		6.7192420e+02		5.2523031e+02		1.1359458e+02		4.1163573e+02
4.3300000e+02		4.3400000e+02		4.3350000e+02		5.6047485e+02		5.1847565e+02		7.2945373e+02		5.7017154e+02		1.2231379e+02		4.4785776e+02
4.3400000e+02		4.3500000e+02		4.3450000e+02		4.7595241e+02		4.4060484e+02		6.1942604e+02		4.8414517e+02		1.0301753e+02		3.8112764e+02
4.3500000e+02		4.3600000e+02		4.3550000e+02		5.3162725e+02		4.9249618e+02		6.9185849e+02		5.4073173e+02		1.1412653e+02		4.2660520e+02
4.3600000e+02		4.3700000e+02		4.3650000e+02		5.9481241e+02		5.5141935e+02		7.7405888e+02		6.0494666e+02		1.2664696e+02		4.7829970e+02
4.3700000e+02		4.3800000e+02		4.3750000e+02		5.2629983e+02		4.8824529e+02		6.8487446e+02		5.3522037e+02		1.1114423e+02		4.2407614e+02
4.3800000e+02		4.3900000e+02		4.3850000e+02		5.1257868e+02		4.7584419e+02		6.6699392e+02		5.2122136e+02		1.0736353e+02		4.1385783e+02
4.3900000e+02		4.4000000e+02		4.3950000e+02		5.7051902e+02		5.2999308e+02		7.4236033e+02		5.8008791e+02		1.1852564e+02		4.6156227e+02
4.4000000e+02		4.4100000e+02		4.4050000e+02		5.4089681e+02		5.0281274e+02		7.0378745e+02		5.4991975e+02		1.1145638e+02		4.3846336e+02
4.4100000e+02		4.4200000e+02		4.4150000e+02		5.9491633e+02		5.5337841e+02		7.7401893e+02		6.0476537e+02		1.2158285e+02		4.8318252e+02
4.4200000e+02		4.4300000e+02		4.4250000e+02		6.2544254e+02		5.8214303e+02		8.1368489e+02		6.3572553e+02		1.2677755e+02		5.0894798e+02
4.4300000e+02		4.4400000e+02		4.4350000e+02		6.0497206e+02		5.6345831e+02		7.8702479e+02		6.1486677e+02		1.2163373e+02		4.9323304e+02
4.4400000e+02		4.4500000e+02		4.4450000e+02		6.2324411e+02		5.8082686e+02		8.1073110e+02		6.3335470e+02		1.2428220e+02		5.0907250e+02
4.4500000e+02		4.4600000e+02		4.4550000e+02		5.7783999e+02		5.3886098e+02		7.5164541e+02		5.8716860e+02		1.1429705e+02		4.7287155e+02
4.4600000e+02		4.4700000e+02		4.4650000e+02		5.8940025e+02		5.5001699e+02		7.6669233e+02		5.9889740e+02		1.1565230e+02		4.8324510e+02
4.4700000e+02		4.4800000e+02		4.4750000e+02		6.3881895e+02		5.9651220e+02		8.3095291e+02		6.4906422e+02		1.2433939e+02		5.2472482e+02
4.4800000e+02		4.4900000e+02		4.4850000e+02		6.2805979e+02		5.8683514e+02		8.1693624e+02		6.3808647e+02		1.2126194e+02		5.1682453e+02
4.4900000e+02		4.5000000e+02		4.4950000e+02		6.3454704e+02		5.9326123e+02		8.2534582e+02		6.4462510e+02		1.2152823e+02		5.2309687e+02
4.5000000e+02		4.5100000e+02		4.5050000e+02		6.7325368e+02		6.2982907e+02		8.7565605e+02		6.8388736e+02		1.2790329e+02		5.5598408e+02
4.5100000e+02		4.5200000e+02		4.5150000e+02		6.7122600e+02		6.2830605e+02		8.7298300e+02		6.8176805e+02		1.2649245e+02		5.5527560e+02
4.5200000e+02		4.5300000e+02		4.5250000e+02		6.3541039e+02		5.9513080e+02		8.2636796e+02		6.4533357e+02		1.1878103e+02		5.2655254e+02
4.5300000e+02		4.5400000e+02		4.5350000e+02		6.0888666e+02		5.7062053e+02		7.9184048e+02		6.1834168e+02		1.1290945e+02		5.0543223e+02
4.5400000e+02		4.5500000e+02		4.5450000e+02		6.4999363e+02		6.0949488e+02		8.4526401e+02		6.6002947e+02		1.1956611e+02		5.4046335e+02
4.5500000e+02		4.5600000e+02		4.5550000e+02		6.4380306e+02		6.0403385e+02		8.3717896e+02		6.5368645e+02		1.1747931e+02		5.3620714e+02
4.5600000e+02		4.5700000e+02		4.5650000e+02		6.6853861e+02		6.2759475e+02		8.6930808e+02		6.7874278e+02		1.2101755e+02		5.5772523e+02
4.5700000e+02		4.5800000e+02		4.5750000e+02		6.7499745e+02		6.3401105e+02		8.7767004e+02		6.8524081e+02		1.2121091e+02		5.6402990e+02
4.5800000e+02		4.5900000e+02		4.5850000e+02		6.3439039e+02		5.9619802e+02		8.2483603e+02		6.4396180e+02		1.1301032e+02		5.3095148e+02
4.5900000e+02		4.6000000e+02		4.5950000e+02		6.5539586e+02		6.1627459e+02		8.5211181e+02		6.6522676e+02		1.1582209e+02		5.4940468e+02
4.6000000e+02		4.6100000e+02		4.6050000e+02		6.4752339e+02		6.0920026e+02		8.4184124e+02		6.5717959e+02		1.1352032e+02		5.4365928e+02
4.6100000e+02		4.6200000e+02		4.6150000e+02		6.6245412e+02		6.2357966e+02		8.6121655e+02		6.7227521e+02		1.1521491e+02		5.5706030e+02
4.6200000e+02		4.6300000e+02		4.6250000e+02		6.6901120e+02		6.3008410e+02		8.6970460e+02		6.7887130e+02		1.1543176e+02		5.6343954e+02
4.6300000e+02		4.6400000e+02		4.6350000e+02		6.4662616e+02		6.0931929e+02		8.4056917e+02		6.5610025e+02		1.1068495e+02		5.4541531e+02
4.6400000e+02		4.6500000e+02		4.6450000e+02		6.5795753e+02		6.2031688e+02		8.5526333e+02		6.6754073e+02		1.1173284e+02		5.5580789e+02
4.6500000e+02		4.6600000e+02		4.6550000e+02		6.3552746e+02		5.9947589e+02		8.2607241e+02		6.4472915e+02		1.0707038e+02		5.3765877e+02
4.6600000e+02		4.6700000e+02		4.6650000e+02		6.3955371e+02		6.0357841e+02		8.3127099e+02		6.4875871e+02		1.0689773e+02		5.4186098e+02
4.6700000e+02		4.6800000e+02		4.6750000e+02		6.4572639e+02		6.0970146e+02		8.3924967e+02		6.5495703e+02		1.0707583e+02		5.4788120e+02
4.6800000e+02		4.6900000e+02		4.6850000e+02		6.3145002e+02		5.9651690e+02		8.2066121e+02		6.4042338e+02		1.0388385e+02		5.3653953e+02
4.6900000e+02		4.7000000e+02		4.6950000e+02		6.4956875e+02		6.1392644e+02		8.4416464e+02		6.5873645e+02		1.0602164e+02		5.5271482e+02
4.7000000e+02		4.7100000e+02		4.7050000e+02		6.1381170e+02		5.8041149e+02		7.9766154e+02		6.2242205e+02		9.9398043e+01		5.2302401e+02
4.7100000e+02		4.7200000e+02		4.7150000e+02		6.4174114e+02		6.0710866e+02		8.3391772e+02		6.5068569e+02		1.0310437e+02		5.4758132e+02
4.7200000e+02		4.7300000e+02		4.7250000e+02		6.5742798e+02		6.2224257e+02		8.5426541e+02		6.6653483e+02		1.0479660e+02		5.6173823e+02
4.7300000e+02		4.7400000e+02		4.7350000e+02		6.4563741e+02		6.1135891e+02		8.3889588e+02		6.5451495e+02		1.0210828e+02		5.5240667e+02
4.7400000e+02		4.7500000e+02		4.7450000e+02		6.6512717e+02		6.3012175e+02		8.6420477e+02		6.7423515e+02		1.0437344e+02		5.6986171e+02
4.7500000e+02		4.7600000e+02		4.7550000e+02		6.6365303e+02		6.2902451e+02		8.6226824e+02		6.7269801e+02		1.0333262e+02		5.6936539e+02
4.7600000e+02		4.7700000e+02		4.7650000e+02		6.3952653e+02		6.0643379e+02		8.3088927e+02		6.4819173e+02		9.8800343e+01		5.4939138e+02
4.7700000e+02		4.7800000e+02		4.7750000e+02		6.6772274e+02		6.3345529e+02		8.6748666e+02		6.7671486e+02		1.0235324e+02		5.7436161e+02
4.7800000e+02		4.7900000e+02		4.7850000e+02		6.6128260e+02		6.2762440e+02		8.5908439e+02		6.7013362e+02		1.0057791e+02		5.6955571e+02
4.7900000e+02		4.8000000e+02		4.7950000e+02		6.6320839e+02		6.2972892e+02		8.6155077e+02		6.7203090e+02		1.0008757e+02		5.7194333e+02
4.8000000e+02		4.8100000e+02		4.8050000e+02		6.6489751e+02		6.3160744e+02		8.6370959e+02		6.7368830e+02		9.9564390e+01		5.7412391e+02
4.8100000e+02		4.8200000e+02		4.8150000e+02		6.6630748e+02		6.3321932e+02		8.6550572e+02		6.7506285e+02		9.9002864e+01		5.7605999e+02
4.8200000e+02		4.8300000e+02		4.8250000e+02		6.6376999e+02		6.3107659e+02		8.6217441e+02		6.7243841e+02		9.7863108e+01		5.7457530e+02
4.8300000e+02		4.8400000e+02		4.8350000e+02		6.5373157e+02		6.2179189e+02		8.4909722e+02		6.6221322e+02		9.5637898e+01		5.6657532e+02
4.8400000e+02		4.8500000e+02		4.8450000e+02		6.4242337e+02		6.1128564e+02		8.3436846e+02		6.5070072e+02		9.3257086e+01		5.5744364e+02
4.8500000e+02		4.8600000e+02		4.8550000e+02		6.0369332e+02		5.7466145e+02		7.8402348e+02		6.1141396e+02		8.6957379e+01		5.2445658e+02
4.8600000e+02		4.8700000e+02		4.8650000e+02		5.2412565e+02		4.9913120e+02		6.8066992e+02		5.3079512e+02		7.4917650e+01		4.5587747e+02
4.8700000e+02		4.8800000e+02		4.8750000e+02		5.9966111e+02		5.7128855e+02		7.7872560e+02		6.0723668e+02		8.5054186e+01		5.2218250e+02
4.8800000e+02		4.8900000e+02		4.8850000e+02		6.3081686e+02		6.0121064e+02		8.1915175e+02		6.3873639e+02		8.8786896e+01		5.4994950e+02
4.8900000e+02		4.9000000e+02		4.8950000e+02		6.1880396e+02		5.8999659e+02		8.0352205e+02		6.2652593e+02		8.6429348e+01		5.4009658e+02
4.9000000e+02		4.9100000e+02		4.9050000e+02		6.5907671e+02		6.2864591e+02		8.5578906e+02		6.6725563e+02		9.1351573e+01		5.7590405e+02
4.9100000e+02		4.9200000e+02		4.9150000e+02		6.2110374e+02		5.9265493e+02		8.0644883e+02		6.2876206e+02		8.5430376e+01		5.4333168e+02
4.9200000e+02		4.9300000e+02		4.9250000e+02		5.9112858e+02		5.6427774e+02		7.6750930e+02		5.9838114e+02		8.0689512e+01		5.1769163e+02
4.9300000e+02		4.9400000e+02		4.9350000e+02		6.2472140e+02		5.9657265e+02		8.1109521e+02		6.3233969e+02		8.4625726e+01		5.4771396e+02
4.9400000e+02		4.9500000e+02		4.9450000e+02		6.4279699e+02		6.1406561e+02		8.3453160e+02		6.5058767e+02		8.6412139e+01		5.6417554e+02
4.9500000e+02		4.9600000e+02		4.9550000e+02		6.3133158e+02		6.0333735e+02		8.1961422e+02		6.3893550e+02		8.4226136e+01		5.5470937e+02
4.9600000e+02		4.9700000e+02		4.9650000e+02		6.3921352e+02		6.1109506e+02		8.2981448e+02		6.4686424e+02		8.4630795e+01		5.6223344e+02
4.9700000e+02		4.9800000e+02		4.9750000e+02		6.5113923e+02		6.2272339e+02		8.4526342e+02		6.5888392e+02		8.5556715e+01		5.7332720e+02
4.9800000e+02		4.9900000e+02		4.9850000e+02		5.9175801e+02		5.6613641e+02		7.6814701e+02		5.9875047e+02		7.7165702e+01		5.2158477e+02
4.9900000e+02		5.0000000e+02		4.9950000e+02		6.3385792e+02		6.0662220e+02		8.2275349e+02		6.4129176e+02		8.2029051e+01		5.5926271e+02
