Left Bin Edge (nm)	Right Bin Edge (nm)	Bin Center (nm)		Top of Atm Intensity (erg/s/nm/cm2)		Total Surface Flux (erg/s/nm/cm2)		Total Intensity at BOA (erg/s/nm/cm2)		Total Surface Intensity (erg/s/nm/cm2)		Total Surface Diffuse Intensity (erg/s/nm/cm2)		Total Surface Direct Intensity (erg/s/nm/cm2)
1.0000000e+02		1.0100000e+02		1.0050000e+02		1.9189487e-02		0.0000000e+00		0.0000000e+00		0.0000000e+00		0.0000000e+00		0.0000000e+00
1.0100000e+02		1.0200000e+02		1.0150000e+02		7.4861701e-02		0.0000000e+00		0.0000000e+00		0.0000000e+00		0.0000000e+00		0.0000000e+00
1.0200000e+02		1.0300000e+02		1.0250000e+02		3.9734366e-01		0.0000000e+00		0.0000000e+00		0.0000000e+00		0.0000000e+00		0.0000000e+00
1.0300000e+02		1.0400000e+02		1.0350000e+02		3.0179545e-01		0.0000000e+00		0.0000000e+00		0.0000000e+00		0.0000000e+00		0.0000000e+00
1.0400000e+02		1.0500000e+02		1.0450000e+02		6.0815352e-02		0.0000000e+00		0.0000000e+00		0.0000000e+00		0.0000000e+00		0.0000000e+00
1.0500000e+02		1.0600000e+02		1.0550000e+02		2.0834600e-02		0.0000000e+00		0.0000000e+00		0.0000000e+00		0.0000000e+00		0.0000000e+00
1.0600000e+02		1.0700000e+02		1.0650000e+02		1.9584792e-02		0.0000000e+00		0.0000000e+00		0.0000000e+00		0.0000000e+00		0.0000000e+00
1.0700000e+02		1.0800000e+02		1.0750000e+02		2.1853879e-02		0.0000000e+00		0.0000000e+00		0.0000000e+00		0.0000000e+00		0.0000000e+00
1.0800000e+02		1.0900000e+02		1.0850000e+02		3.0634999e-02		0.0000000e+00		0.0000000e+00		0.0000000e+00		0.0000000e+00		0.0000000e+00
1.0900000e+02		1.1000000e+02		1.0950000e+02		2.4032561e-02		0.0000000e+00		0.0000000e+00		0.0000000e+00		0.0000000e+00		0.0000000e+00
1.1000000e+02		1.1100000e+02		1.1050000e+02		2.3268893e-02		0.0000000e+00		0.0000000e+00		0.0000000e+00		0.0000000e+00		0.0000000e+00
1.1100000e+02		1.1200000e+02		1.1150000e+02		2.1871272e-02		0.0000000e+00		0.0000000e+00		0.0000000e+00		0.0000000e+00		0.0000000e+00
1.1200000e+02		1.1300000e+02		1.1250000e+02		2.2375602e-02		0.0000000e+00		0.0000000e+00		0.0000000e+00		0.0000000e+00		0.0000000e+00
1.1300000e+02		1.1400000e+02		1.1350000e+02		1.7748133e-02		0.0000000e+00		0.0000000e+00		0.0000000e+00		0.0000000e+00		0.0000000e+00
1.1400000e+02		1.1500000e+02		1.1450000e+02		1.3589480e-02		0.0000000e+00		0.0000000e+00		0.0000000e+00		0.0000000e+00		0.0000000e+00
1.1500000e+02		1.1600000e+02		1.1550000e+02		1.8751615e-02		0.0000000e+00		0.0000000e+00		0.0000000e+00		0.0000000e+00		0.0000000e+00
1.1600000e+02		1.1700000e+02		1.1650000e+02		4.3674487e-02		0.0000000e+00		0.0000000e+00		0.0000000e+00		0.0000000e+00		0.0000000e+00
1.1700000e+02		1.1800000e+02		1.1750000e+02		1.5546757e-01		0.0000000e+00		0.0000000e+00		0.0000000e+00		0.0000000e+00		0.0000000e+00
1.1800000e+02		1.1900000e+02		1.1850000e+02		5.2889236e-02		0.0000000e+00		0.0000000e+00		0.0000000e+00		0.0000000e+00		0.0000000e+00
1.1900000e+02		1.2000000e+02		1.1950000e+02		7.3692884e-02		0.0000000e+00		0.0000000e+00		0.0000000e+00		0.0000000e+00		0.0000000e+00
1.2000000e+02		1.2100000e+02		1.2050000e+02		4.0066072e-01		0.0000000e+00		0.0000000e+00		0.0000000e+00		0.0000000e+00		0.0000000e+00
1.2100000e+02		1.2200000e+02		1.2150000e+02		1.5905289e+01		0.0000000e+00		0.0000000e+00		0.0000000e+00		0.0000000e+00		0.0000000e+00
1.2200000e+02		1.2300000e+02		1.2250000e+02		1.0666543e-01		0.0000000e+00		0.0000000e+00		0.0000000e+00		0.0000000e+00		0.0000000e+00
1.2300000e+02		1.2400000e+02		1.2350000e+02		5.7456553e-02		0.0000000e+00		0.0000000e+00		0.0000000e+00		0.0000000e+00		0.0000000e+00
1.2400000e+02		1.2500000e+02		1.2450000e+02		4.6184197e-02		0.0000000e+00		0.0000000e+00		0.0000000e+00		0.0000000e+00		0.0000000e+00
1.2500000e+02		1.2600000e+02		1.2550000e+02		4.5085118e-02		0.0000000e+00		0.0000000e+00		0.0000000e+00		0.0000000e+00		0.0000000e+00
1.2600000e+02		1.2700000e+02		1.2650000e+02		6.3054464e-02		0.0000000e+00		0.0000000e+00		0.0000000e+00		0.0000000e+00		0.0000000e+00
1.2700000e+02		1.2800000e+02		1.2750000e+02		3.3006429e-02		0.0000000e+00		0.0000000e+00		0.0000000e+00		0.0000000e+00		0.0000000e+00
1.2800000e+02		1.2900000e+02		1.2850000e+02		2.6335196e-02		0.0000000e+00		0.0000000e+00		0.0000000e+00		0.0000000e+00		0.0000000e+00
1.2900000e+02		1.3000000e+02		1.2950000e+02		3.5131240e-02		0.0000000e+00		0.0000000e+00		0.0000000e+00		0.0000000e+00		0.0000000e+00
1.3000000e+02		1.3100000e+02		1.3050000e+02		2.8850634e-01		0.0000000e+00		0.0000000e+00		0.0000000e+00		0.0000000e+00		0.0000000e+00
1.3100000e+02		1.3200000e+02		1.3150000e+02		3.9064855e-02		0.0000000e+00		0.0000000e+00		0.0000000e+00		0.0000000e+00		0.0000000e+00
1.3200000e+02		1.3300000e+02		1.3250000e+02		3.0374778e-02		0.0000000e+00		0.0000000e+00		0.0000000e+00		0.0000000e+00		0.0000000e+00
1.3300000e+02		1.3400000e+02		1.3350000e+02		4.1056606e-01		0.0000000e+00		0.0000000e+00		0.0000000e+00		0.0000000e+00		0.0000000e+00
1.3400000e+02		1.3500000e+02		1.3450000e+02		2.8092500e-02		0.0000000e+00		0.0000000e+00		0.0000000e+00		0.0000000e+00		0.0000000e+00
1.3500000e+02		1.3600000e+02		1.3550000e+02		5.8954708e-02		0.0000000e+00		0.0000000e+00		0.0000000e+00		0.0000000e+00		0.0000000e+00
1.3600000e+02		1.3700000e+02		1.3650000e+02		3.8690656e-02		0.0000000e+00		0.0000000e+00		0.0000000e+00		0.0000000e+00		0.0000000e+00
1.3700000e+02		1.3800000e+02		1.3750000e+02		3.9732879e-02		0.0000000e+00		0.0000000e+00		0.0000000e+00		0.0000000e+00		0.0000000e+00
1.3800000e+02		1.3900000e+02		1.3850000e+02		4.0549866e-02		0.0000000e+00		0.0000000e+00		0.0000000e+00		0.0000000e+00		0.0000000e+00
1.3900000e+02		1.4000000e+02		1.3950000e+02		1.3692187e-01		0.0000000e+00		0.0000000e+00		0.0000000e+00		0.0000000e+00		0.0000000e+00
1.4000000e+02		1.4100000e+02		1.4050000e+02		1.1939088e-01		0.0000000e+00		0.0000000e+00		0.0000000e+00		0.0000000e+00		0.0000000e+00
1.4100000e+02		1.4200000e+02		1.4150000e+02		5.7521948e-02		0.0000000e+00		0.0000000e+00		0.0000000e+00		0.0000000e+00		0.0000000e+00
1.4200000e+02		1.4300000e+02		1.4250000e+02		6.2343151e-02		0.0000000e+00		0.0000000e+00		0.0000000e+00		0.0000000e+00		0.0000000e+00
1.4300000e+02		1.4400000e+02		1.4350000e+02		6.9165895e-02		0.0000000e+00		0.0000000e+00		0.0000000e+00		0.0000000e+00		0.0000000e+00
1.4400000e+02		1.4500000e+02		1.4450000e+02		6.6149126e-02		0.0000000e+00		0.0000000e+00		0.0000000e+00		0.0000000e+00		0.0000000e+00
1.4500000e+02		1.4600000e+02		1.4550000e+02		7.0536262e-02		0.0000000e+00		0.0000000e+00		0.0000000e+00		0.0000000e+00		0.0000000e+00
1.4600000e+02		1.4700000e+02		1.4650000e+02		8.6012655e-02		0.0000000e+00		0.0000000e+00		0.0000000e+00		0.0000000e+00		0.0000000e+00
1.4700000e+02		1.4800000e+02		1.4750000e+02		1.0610345e-01		0.0000000e+00		0.0000000e+00		0.0000000e+00		0.0000000e+00		0.0000000e+00
1.4800000e+02		1.4900000e+02		1.4850000e+02		1.0405386e-01		0.0000000e+00		0.0000000e+00		0.0000000e+00		0.0000000e+00		0.0000000e+00
1.4900000e+02		1.5000000e+02		1.4950000e+02		9.4002421e-02		0.0000000e+00		0.0000000e+00		0.0000000e+00		0.0000000e+00		0.0000000e+00
1.5000000e+02		1.5100000e+02		1.5050000e+02		1.0343288e-01		0.0000000e+00		0.0000000e+00		0.0000000e+00		0.0000000e+00		0.0000000e+00
1.5100000e+02		1.5200000e+02		1.5150000e+02		1.0875212e-01		0.0000000e+00		0.0000000e+00		0.0000000e+00		0.0000000e+00		0.0000000e+00
1.5200000e+02		1.5300000e+02		1.5250000e+02		1.3876638e-01		0.0000000e+00		0.0000000e+00		0.0000000e+00		0.0000000e+00		0.0000000e+00
1.5300000e+02		1.5400000e+02		1.5350000e+02		1.5371418e-01		0.0000000e+00		0.0000000e+00		0.0000000e+00		0.0000000e+00		0.0000000e+00
1.5400000e+02		1.5500000e+02		1.5450000e+02		4.1112511e-01		0.0000000e+00		0.0000000e+00		0.0000000e+00		0.0000000e+00		0.0000000e+00
1.5500000e+02		1.5600000e+02		1.5550000e+02		3.3836363e-01		0.0000000e+00		0.0000000e+00		0.0000000e+00		0.0000000e+00		0.0000000e+00
1.5600000e+02		1.5700000e+02		1.5650000e+02		2.0084632e-01		0.0000000e+00		0.0000000e+00		0.0000000e+00		0.0000000e+00		0.0000000e+00
1.5700000e+02		1.5800000e+02		1.5750000e+02		1.8216796e-01		0.0000000e+00		0.0000000e+00		0.0000000e+00		0.0000000e+00		0.0000000e+00
1.5800000e+02		1.5900000e+02		1.5850000e+02		1.6795176e-01		0.0000000e+00		0.0000000e+00		0.0000000e+00		0.0000000e+00		0.0000000e+00
1.5900000e+02		1.6000000e+02		1.5950000e+02		1.6379377e-01		0.0000000e+00		0.0000000e+00		0.0000000e+00		0.0000000e+00		0.0000000e+00
1.6000000e+02		1.6100000e+02		1.6050000e+02		1.7926410e-01		0.0000000e+00		0.0000000e+00		0.0000000e+00		0.0000000e+00		0.0000000e+00
1.6100000e+02		1.6200000e+02		1.6150000e+02		2.0306941e-01		0.0000000e+00		0.0000000e+00		0.0000000e+00		0.0000000e+00		0.0000000e+00
1.6200000e+02		1.6300000e+02		1.6250000e+02		2.2492895e-01		0.0000000e+00		0.0000000e+00		0.0000000e+00		0.0000000e+00		0.0000000e+00
1.6300000e+02		1.6400000e+02		1.6350000e+02		4.7671727e-01		0.0000000e+00		0.0000000e+00		0.0000000e+00		0.0000000e+00		0.0000000e+00
1.6400000e+02		1.6500000e+02		1.6450000e+02		4.8753270e-01		0.0000000e+00		0.0000000e+00		0.0000000e+00		0.0000000e+00		0.0000000e+00
1.6500000e+02		1.6600000e+02		1.6550000e+02		5.7072689e-01		0.0000000e+00		0.0000000e+00		0.0000000e+00		0.0000000e+00		0.0000000e+00
1.6600000e+02		1.6700000e+02		1.6650000e+02		2.6919628e-01		0.0000000e+00		0.0000000e+00		0.0000000e+00		0.0000000e+00		0.0000000e+00
1.6700000e+02		1.6800000e+02		1.6750000e+02		2.8728373e-01		0.0000000e+00		0.0000000e+00		0.0000000e+00		0.0000000e+00		0.0000000e+00
1.6800000e+02		1.6900000e+02		1.6850000e+02		3.0958866e-01		0.0000000e+00		0.0000000e+00		0.0000000e+00		0.0000000e+00		0.0000000e+00
1.6900000e+02		1.7000000e+02		1.6950000e+02		3.8988989e-01		0.0000000e+00		0.0000000e+00		0.0000000e+00		0.0000000e+00		0.0000000e+00
1.7000000e+02		1.7100000e+02		1.7050000e+02		4.3752516e-01		0.0000000e+00		0.0000000e+00		0.0000000e+00		0.0000000e+00		0.0000000e+00
1.7100000e+02		1.7200000e+02		1.7150000e+02		4.3618394e-01		0.0000000e+00		0.0000000e+00		0.0000000e+00		0.0000000e+00		0.0000000e+00
1.7200000e+02		1.7300000e+02		1.7250000e+02		4.5514763e-01		0.0000000e+00		0.0000000e+00		0.0000000e+00		0.0000000e+00		0.0000000e+00
1.7300000e+02		1.7400000e+02		1.7350000e+02		4.5120572e-01		0.0000000e+00		0.0000000e+00		0.0000000e+00		0.0000000e+00		0.0000000e+00
1.7400000e+02		1.7500000e+02		1.7450000e+02		5.3951828e-01		0.0000000e+00		0.0000000e+00		0.0000000e+00		0.0000000e+00		0.0000000e+00
1.7500000e+02		1.7600000e+02		1.7550000e+02		6.4389120e-01		0.0000000e+00		0.0000000e+00		0.0000000e+00		0.0000000e+00		0.0000000e+00
1.7600000e+02		1.7700000e+02		1.7650000e+02		6.9472845e-01		0.0000000e+00		0.0000000e+00		0.0000000e+00		0.0000000e+00		0.0000000e+00
1.7700000e+02		1.7800000e+02		1.7750000e+02		8.1849614e-01		0.0000000e+00		0.0000000e+00		0.0000000e+00		0.0000000e+00		0.0000000e+00
1.7800000e+02		1.7900000e+02		1.7850000e+02		8.9455089e-01		0.0000000e+00		0.0000000e+00		0.0000000e+00		0.0000000e+00		0.0000000e+00
1.7900000e+02		1.8000000e+02		1.7950000e+02		8.6966614e-01		0.0000000e+00		0.0000000e+00		0.0000000e+00		0.0000000e+00		0.0000000e+00
1.8000000e+02		1.8100000e+02		1.8050000e+02		1.0753674e+00		0.0000000e+00		0.0000000e+00		0.0000000e+00		0.0000000e+00		0.0000000e+00
1.8100000e+02		1.8200000e+02		1.8150000e+02		1.3093431e+00		0.0000000e+00		0.0000000e+00		0.0000000e+00		0.0000000e+00		0.0000000e+00
1.8200000e+02		1.8300000e+02		1.8250000e+02		1.2087370e+00		0.0000000e+00		0.0000000e+00		0.0000000e+00		0.0000000e+00		0.0000000e+00
1.8300000e+02		1.8400000e+02		1.8350000e+02		1.2728289e+00		0.0000000e+00		0.0000000e+00		0.0000000e+00		0.0000000e+00		0.0000000e+00
1.8400000e+02		1.8500000e+02		1.8450000e+02		1.0940339e+00		0.0000000e+00		0.0000000e+00		0.0000000e+00		0.0000000e+00		0.0000000e+00
1.8500000e+02		1.8600000e+02		1.8550000e+02		1.2372281e+00		0.0000000e+00		0.0000000e+00		0.0000000e+00		0.0000000e+00		0.0000000e+00
1.8600000e+02		1.8700000e+02		1.8650000e+02		1.4037992e+00		0.0000000e+00		0.0000000e+00		0.0000000e+00		0.0000000e+00		0.0000000e+00
1.8700000e+02		1.8800000e+02		1.8750000e+02		1.5907538e+00		0.0000000e+00		0.0000000e+00		0.0000000e+00		0.0000000e+00		0.0000000e+00
1.8800000e+02		1.8900000e+02		1.8850000e+02		1.6735993e+00		0.0000000e+00		0.0000000e+00		0.0000000e+00		0.0000000e+00		0.0000000e+00
1.8900000e+02		1.9000000e+02		1.8950000e+02		1.8559600e+00		0.0000000e+00		0.0000000e+00		0.0000000e+00		0.0000000e+00		0.0000000e+00
1.9000000e+02		1.9100000e+02		1.9050000e+02		1.9109940e+00		0.0000000e+00		0.0000000e+00		0.0000000e+00		0.0000000e+00		0.0000000e+00
1.9100000e+02		1.9200000e+02		1.9150000e+02		2.0707336e+00		0.0000000e+00		0.0000000e+00		0.0000000e+00		0.0000000e+00		0.0000000e+00
1.9200000e+02		1.9300000e+02		1.9250000e+02		2.1685186e+00		0.0000000e+00		0.0000000e+00		0.0000000e+00		0.0000000e+00		0.0000000e+00
1.9300000e+02		1.9400000e+02		1.9350000e+02		1.6554009e+00		0.0000000e+00		0.0000000e+00		0.0000000e+00		0.0000000e+00		0.0000000e+00
1.9400000e+02		1.9500000e+02		1.9450000e+02		2.6556632e+00		0.0000000e+00		0.0000000e+00		0.0000000e+00		0.0000000e+00		0.0000000e+00
1.9500000e+02		1.9600000e+02		1.9550000e+02		2.5630279e+00		0.0000000e+00		0.0000000e+00		0.0000000e+00		0.0000000e+00		0.0000000e+00
1.9600000e+02		1.9700000e+02		1.9650000e+02		2.8204934e+00		4.2912806e-284		0.0000000e+00		4.5262400e-284		5.5591992e-285		3.9703201e-284
1.9700000e+02		1.9800000e+02		1.9750000e+02		2.8068384e+00		1.2354597e-208		0.0000000e+00		1.3317523e-208		2.2783073e-209		1.1039216e-208
1.9800000e+02		1.9900000e+02		1.9850000e+02		2.7505577e+00		2.5881589e-135		0.0000000e+00		2.9133482e-135		7.6940628e-136		2.1439419e-135
1.9900000e+02		2.0000000e+02		1.9950000e+02		2.8965557e+00		3.0338003e-92		1.3989030e-88		3.6459259e-92		1.4483048e-92		2.1976212e-92
2.0000000e+02		2.0100000e+02		2.0050000e+02		3.0623388e+00		8.0204108e-66		4.0569093e-63		1.0501369e-65		5.8700104e-66		4.6313587e-66
2.0100000e+02		2.0200000e+02		2.0150000e+02		3.2593670e+00		8.4491402e-32		3.2144321e-30		1.4634029e-31		1.4633605e-31		4.2465969e-36
2.0200000e+02		2.0300000e+02		2.0250000e+02		3.2217937e+00		1.0961508e-27		2.9170002e-26		1.8985880e-27		1.8985868e-27		1.1991342e-33
2.0300000e+02		2.0400000e+02		2.0350000e+02		3.4484145e+00		5.8527294e-18		7.0729054e-17		1.0137225e-17		1.0137225e-17		5.4635143e-29
2.0400000e+02		2.0500000e+02		2.0450000e+02		3.7117169e+00		6.2385594e-11		4.5917670e-10		1.0805502e-10		1.0805502e-10		3.6929763e-26
2.0500000e+02		2.0600000e+02		2.0550000e+02		3.7200399e+00		3.8152947e-14		3.4558529e-13		6.6082843e-14		6.6082843e-14		1.2299233e-26
2.0600000e+02		2.0700000e+02		2.0650000e+02		3.7247532e+00		2.0646685e-12		1.6508113e-11		3.5761107e-12		3.5761107e-12		1.3309397e-25
2.0700000e+02		2.0800000e+02		2.0750000e+02		4.0454145e+00		5.2099553e-10		3.5619922e-09		9.0239073e-10		9.0239073e-10		2.0654550e-24
2.0800000e+02		2.0900000e+02		2.0850000e+02		4.3759554e+00		2.8320773e-12		2.2279625e-11		4.9053018e-12		4.9053018e-12		1.3623679e-24
2.0900000e+02		2.1000000e+02		2.0950000e+02		5.6528678e+00		2.2726586e-08		1.4069707e-07		3.9363602e-08		3.9363602e-08		5.7971922e-23
2.1000000e+02		2.1100000e+02		2.1050000e+02		6.9678423e+00		5.5181148e-11		3.9935540e-10		9.5576552e-11		9.5576552e-11		3.5222838e-23
2.1100000e+02		2.1200000e+02		2.1150000e+02		7.9326445e+00		1.0103922e-08		6.3477290e-08		1.7500506e-08		1.7500506e-08		4.5508976e-22
2.1200000e+02		2.1300000e+02		2.1250000e+02		7.0734222e+00		6.5125417e-08		3.8742908e-07		1.1280053e-07		1.1280053e-07		1.7653028e-21
2.1300000e+02		2.1400000e+02		2.1350000e+02		7.2066449e+00		1.0163479e-08		6.2881560e-08		1.7603662e-08		1.7603662e-08		2.8232890e-21
2.1400000e+02		2.1500000e+02		2.1450000e+02		9.2279181e+00		4.7682686e-06		2.5626468e-05		8.2588834e-06		8.2588834e-06		3.7664258e-20
2.1500000e+02		2.1600000e+02		2.1550000e+02		7.9257408e+00		1.1658859e-07		6.7266209e-07		2.0193736e-07		2.0193736e-07		3.4830904e-20
2.1600000e+02		2.1700000e+02		2.1650000e+02		7.3353469e+00		1.0136890e-05		5.2697187e-05		1.7557608e-05		1.7557608e-05		2.2035532e-19
2.1700000e+02		2.1800000e+02		2.1750000e+02		7.5953881e+00		4.3740974e-06		2.2977329e-05		7.5761590e-06		7.5761590e-06		4.4845957e-19
2.1800000e+02		2.1900000e+02		2.1850000e+02		1.0217230e+01		2.3913447e-05		1.2138626e-04		4.1419305e-05		4.1419305e-05		1.8766997e-18
2.1900000e+02		2.2000000e+02		2.1950000e+02		1.0786519e+01		2.6576921e-04		1.2855649e-03		4.6032577e-04		4.6032577e-04		7.0402737e-18
2.2000000e+02		2.2100000e+02		2.2050000e+02		1.0851638e+01		3.9956301e-05		1.9839271e-04		6.9206344e-05		6.9206344e-05		1.1015629e-17
2.2100000e+02		2.2200000e+02		2.2150000e+02		8.6872371e+00		9.9022172e-04		4.6136787e-03		1.7151143e-03		1.7151143e-03		3.5970906e-17
2.2200000e+02		2.2300000e+02		2.2250000e+02		1.1691346e+01		6.4256116e-04		3.0053317e-03		1.1129486e-03		1.1129486e-03		9.2565196e-17
2.2300000e+02		2.2400000e+02		2.2350000e+02		1.5139682e+01		1.5878548e-02		7.0895354e-02		2.7502453e-02		2.7502453e-02		3.9319044e-16
2.2400000e+02		2.2500000e+02		2.2450000e+02		1.4154944e+01		3.8818017e-03		1.7495504e-02		6.7234778e-03		6.7234778e-03		6.3733807e-16
2.2500000e+02		2.2600000e+02		2.2550000e+02		1.2365614e+01		1.4411501e-02		6.3361907e-02		2.4961451e-02		2.4961451e-02		1.3931105e-15
2.2600000e+02		2.2700000e+02		2.2650000e+02		9.0577089e+00		1.3568077e-02		5.9072580e-02		2.3500599e-02		2.3500599e-02		2.1214423e-15
2.2700000e+02		2.2800000e+02		2.2750000e+02		8.8108381e+00		2.2811269e-02		9.8058957e-02		3.9510276e-02		3.9510276e-02		4.3684126e-15
2.2800000e+02		2.2900000e+02		2.2850000e+02		1.2275156e+01		1.4785102e-01		6.2262164e-01		2.5608548e-01		2.5608548e-01		1.3908692e-14
2.2900000e+02		2.3000000e+02		2.2950000e+02		1.1031259e+01		2.9022970e-01		1.2071816e+00		5.0269259e-01		5.0269259e-01		2.5613023e-14
2.3000000e+02		2.3100000e+02		2.3050000e+02		1.2510180e+01		2.6936197e-01		1.1140163e+00		4.6654862e-01		4.6654862e-01		5.4247542e-14
2.3100000e+02		2.3200000e+02		2.3150000e+02		1.1791833e+01		3.6880011e-01		1.5112155e+00		6.3878052e-01		6.3878052e-01		9.8176702e-14
2.3200000e+02		2.3300000e+02		2.3250000e+02		1.2664003e+01		4.8918966e-01		1.9883883e+00		8.4730135e-01		8.4730135e-01		1.9690576e-13
2.3300000e+02		2.3400000e+02		2.3350000e+02		1.1428554e+01		5.5462975e-01		2.2363064e+00		9.6064691e-01		9.6064691e-01		3.2728288e-13
2.3400000e+02		2.3500000e+02		2.3450000e+02		9.9864853e+00		5.0480314e-01		2.0212906e+00		8.7434469e-01		8.7434469e-01		5.1297366e-13
2.3500000e+02		2.3600000e+02		2.3550000e+02		1.3443360e+01		6.5807895e-01		2.6179519e+00		1.1398262e+00		1.1398262e+00		1.2158916e-12
2.3600000e+02		2.3700000e+02		2.3650000e+02		1.2448020e+01		6.4380408e-01		2.5435571e+00		1.1151014e+00		1.1151014e+00		1.9675401e-12
2.3700000e+02		2.3800000e+02		2.3750000e+02		1.3294723e+01		7.0136727e-01		2.7526361e+00		1.2148037e+00		1.2148037e+00		3.6165288e-12
2.3800000e+02		2.3900000e+02		2.3850000e+02		1.1021422e+01		5.8169906e-01		2.2682575e+00		1.0075323e+00		1.0075323e+00		5.0884240e-12
2.3900000e+02		2.4000000e+02		2.3950000e+02		1.2008577e+01		6.3002513e-01		2.4411134e+00		1.0912355e+00		1.0912355e+00		9.2903616e-12
2.4000000e+02		2.4100000e+02		2.4050000e+02		1.1032163e+01		5.8292542e-01		2.2442805e+00		1.0096564e+00		1.0096564e+00		1.4145480e-11
2.4100000e+02		2.4200000e+02		2.4150000e+02		1.2918879e+01		6.9559997e-01		2.6610790e+00		1.2048145e+00		1.2048145e+00		2.7160835e-11
2.4200000e+02		2.4300000e+02		2.4250000e+02		1.7782729e+01		9.7410212e-01		3.7031308e+00		1.6871944e+00		1.6871944e+00		6.0609293e-11
2.4300000e+02		2.4400000e+02		2.4350000e+02		1.6701989e+01		8.9668242e-01		3.3883763e+00		1.5530995e+00		1.5530995e+00		9.1015890e-11
2.4400000e+02		2.4500000e+02		2.4450000e+02		1.5641720e+01		7.4612721e-01		2.8044219e+00		1.2923302e+00		1.2923302e+00		1.3373979e-10
2.4500000e+02		2.4600000e+02		2.4550000e+02		1.2691134e+01		5.1808502e-01		1.9376068e+00		8.9734957e-01		8.9734957e-01		1.6778868e-10
2.4600000e+02		2.4700000e+02		2.4650000e+02		1.2350906e+01		5.4315295e-01		2.0184009e+00		9.4076850e-01		9.4076850e-01		2.5502482e-10
2.4700000e+02		2.4800000e+02		2.4750000e+02		1.3639226e+01		5.9534289e-01		2.1995466e+00		1.0311641e+00		1.0311641e+00		4.3235527e-10
2.4800000e+02		2.4900000e+02		2.4850000e+02		1.0938846e+01		4.6964971e-01		1.7253442e+00		8.1345716e-01		8.1345716e-01		5.2678849e-10
2.4900000e+02		2.5000000e+02		2.4950000e+02		1.3333262e+01		5.4731275e-01		1.9998033e+00		9.4797349e-01		9.4797349e-01		9.6365743e-10
2.5000000e+02		2.5100000e+02		2.5050000e+02		1.4401571e+01		4.9306433e-01		1.7937826e+00		8.5401247e-01		8.5401247e-01		1.5258930e-09
2.5100000e+02		2.5200000e+02		2.5150000e+02		1.2007424e+01		3.6702815e-01		1.3289909e+00		6.3571140e-01		6.3571140e-01		1.8593978e-09
2.5200000e+02		2.5300000e+02		2.5250000e+02		1.0794009e+01		3.6039463e-01		1.2969239e+00		6.2422181e-01		6.2422181e-01		2.4759860e-09
2.5300000e+02		2.5400000e+02		2.5350000e+02		1.3602371e+01		4.1312376e-01		1.4797058e+00		7.1555133e-01		7.1555133e-01		4.4899267e-09
2.5400000e+02		2.5500000e+02		2.5450000e+02		1.5384114e+01		3.9786065e-01		1.4192842e+00		6.8911485e-01		6.8911484e-01		7.1838648e-09
2.5500000e+02		2.5600000e+02		2.5550000e+02		2.0992062e+01		4.5378067e-01		1.6127471e+00		7.8597117e-01		7.8597116e-01		1.3701163e-08
2.5600000e+02		2.5700000e+02		2.5650000e+02		2.7040612e+01		7.5036536e-01		2.6471215e+00		1.2996709e+00		1.2996709e+00		2.5868575e-08
2.5700000e+02		2.5800000e+02		2.5750000e+02		3.3946512e+01		7.1339005e-01		2.5098931e+00		1.2356278e+00		1.2356277e+00		4.4086254e-08
2.5800000e+02		2.5900000e+02		2.5850000e+02		3.5732434e+01		8.0036638e-01		2.7999340e+00		1.3862752e+00		1.3862751e+00		6.5431830e-08
2.5900000e+02		2.6000000e+02		2.5950000e+02		3.0409976e+01		5.7719237e-01		2.0122185e+00		9.9972645e-01		9.9972637e-01		7.5448964e-08
2.6000000e+02		2.6100000e+02		2.6050000e+02		2.4915606e+01		4.4281309e-01		1.5371019e+00		7.6697470e-01		7.6697462e-01		8.4300056e-08
2.6100000e+02		2.6200000e+02		2.6150000e+02		2.5442742e+01		3.8934620e-01		1.3469752e+00		6.7436731e-01		6.7436720e-01		1.1498646e-07
2.6200000e+02		2.6300000e+02		2.6250000e+02		3.0366547e+01		4.8093706e-01		1.6552426e+00		8.3300729e-01		8.3300710e-01		1.8740182e-07
2.6300000e+02		2.6400000e+02		2.6350000e+02		4.5700096e+01		7.8563096e-01		2.6887334e+00		1.3607525e+00		1.3607521e+00		3.8564104e-07
2.6400000e+02		2.6500000e+02		2.6450000e+02		7.1249372e+01		9.4729602e-01		3.2357641e+00		1.6407643e+00		1.6407635e+00		7.7186218e-07
2.6500000e+02		2.6600000e+02		2.6550000e+02		7.4731454e+01		9.5410328e-01		3.2454582e+00		1.6525546e+00		1.6525535e+00		1.0702740e-06
2.6600000e+02		2.6700000e+02		2.6650000e+02		7.2446611e+01		8.4101214e-01		2.8508874e+00		1.4566748e+00		1.4566734e+00		1.3492680e-06
2.6700000e+02		2.6800000e+02		2.6750000e+02		7.2937204e+01		8.2033437e-01		2.7693594e+00		1.4208595e+00		1.4208577e+00		1.7758003e-06
2.6800000e+02		2.6900000e+02		2.6850000e+02		7.2239021e+01		7.3046869e-01		2.4582589e+00		1.2652072e+00		1.2652050e+00		2.2522228e-06
2.6900000e+02		2.7000000e+02		2.6950000e+02		6.7758000e+01		7.3622245e-01		2.4646310e+00		1.2751726e+00		1.2751699e+00		2.7848396e-06
2.7000000e+02		2.7100000e+02		2.7050000e+02		7.8281462e+01		7.0072813e-01		2.3414403e+00		1.2136938e+00		1.2136898e+00		3.9974655e-06
2.7100000e+02		2.7200000e+02		2.7150000e+02		6.5051220e+01		5.3354057e-01		1.7772978e+00		9.2411630e-01		9.2411212e-01		4.1893795e-06
2.7200000e+02		2.7300000e+02		2.7250000e+02		5.2331568e+01		3.7964554e-01		1.2614864e+00		6.5756229e-01		6.5755810e-01		4.1911834e-06
2.7300000e+02		2.7400000e+02		2.7350000e+02		5.5800645e+01		3.2718910e-01		1.0859972e+00		5.6670418e-01		5.6669878e-01		5.4062078e-06
2.7400000e+02		2.7500000e+02		2.7450000e+02		3.8398649e+01		3.2309546e-01		1.0626921e+00		5.5961402e-01		5.5960891e-01		5.1095279e-06
2.7500000e+02		2.7600000e+02		2.7550000e+02		5.1208696e+01		3.2598396e-01		1.0721201e+00		5.6461489e-01		5.6460686e-01		8.0359470e-06
2.7600000e+02		2.7700000e+02		2.7650000e+02		7.1318275e+01		5.0819002e-01		1.6621153e+00		8.8020039e-01		8.8018600e-01		1.4390206e-05
2.7700000e+02		2.7800000e+02		2.7750000e+02		6.8188493e+01		4.2068049e-01		1.3734743e+00		7.2862787e-01		7.2861132e-01		1.6549690e-05
2.7800000e+02		2.7900000e+02		2.7850000e+02		4.7024496e+01		3.0764512e-01		9.9972938e-01		5.3284647e-01		5.3283211e-01		1.4357749e-05
2.7900000e+02		2.8000000e+02		2.7950000e+02		2.6422560e+01		1.5288252e-01		4.9586642e-01		2.6479322e-01		2.6478357e-01		9.6508379e-06
2.8000000e+02		2.8100000e+02		2.8050000e+02		2.8982131e+01		1.7377982e-01		5.6125590e-01		3.0098588e-01		3.0097275e-01		1.3125040e-05
2.8100000e+02		2.8200000e+02		2.8150000e+02		6.0033324e+01		2.6879050e-01		8.6898352e-01		4.6553630e-01		4.6550557e-01		3.0735111e-05
2.8200000e+02		2.8300000e+02		2.8250000e+02		8.1733762e+01		6.3758368e-01		2.0360427e+00		1.1042841e+00		1.1042250e+00		5.9102651e-05
2.8300000e+02		2.8400000e+02		2.8350000e+02		8.4433091e+01		4.6744492e-01		1.4953770e+00		8.0958883e-01		8.0952120e-01		6.7634573e-05
2.8400000e+02		2.8500000e+02		2.8450000e+02		6.2255376e+01		4.0003907e-01		1.2722281e+00		6.9284204e-01		6.9277927e-01		6.2768727e-05
2.8500000e+02		2.8600000e+02		2.8550000e+02		4.0018063e+01		2.1734283e-01		6.9069697e-01		3.7641491e-01		3.7636857e-01		4.6337099e-05
2.8600000e+02		2.8700000e+02		2.8650000e+02		8.2001717e+01		5.5390702e-01		1.7480527e+00		9.5930648e-01		9.5918543e-01		1.2105409e-04
2.8700000e+02		2.8800000e+02		2.8750000e+02		9.5189148e+01		6.0176281e-01		1.8947032e+00		1.0421631e+00		1.0419983e+00		1.6479651e-04
2.8800000e+02		2.8900000e+02		2.8850000e+02		9.0460934e+01		6.3686007e-01		1.9950114e+00		1.1029332e+00		1.1027410e+00		1.9227478e-04
2.8900000e+02		2.9000000e+02		2.8950000e+02		1.3728321e+02		1.2547340e+00		3.9011699e+00		2.1729901e+00		2.1726173e+00		3.7278696e-04
2.9000000e+02		2.9100000e+02		2.9050000e+02		1.8023325e+02		1.2877840e+00		4.0066869e+00		2.2301122e+00		2.2295724e+00		5.3981521e-04
2.9100000e+02		2.9200000e+02		2.9150000e+02		1.7359450e+02		2.0630778e+00		6.3463123e+00		3.5728372e+00		3.5721290e+00		7.0817523e-04
2.9200000e+02		2.9300000e+02		2.9250000e+02		1.5421676e+02		1.1416317e+00		3.5271829e+00		1.9768911e+00		1.9762450e+00		6.4609312e-04
2.9300000e+02		2.9400000e+02		2.9350000e+02		1.6099986e+02		2.0019097e+00		6.1141124e+00		3.4667370e+00		3.4658188e+00		9.1822687e-04
2.9400000e+02		2.9500000e+02		2.9450000e+02		1.4991794e+02		1.5959992e+00		4.8708731e+00		2.7636514e+00		2.7626950e+00		9.5648144e-04
2.9500000e+02		2.9600000e+02		2.9550000e+02		1.6232431e+02		3.0662282e+00		9.2468069e+00		5.3098262e+00		5.3084099e+00		1.4162862e-03
2.9600000e+02		2.9700000e+02		2.9650000e+02		1.4851381e+02		1.6365500e+00		4.9609315e+00		2.8336395e+00		2.8323441e+00		1.2953955e-03
2.9700000e+02		2.9800000e+02		2.9750000e+02		1.5140866e+02		2.9843919e+00		8.9379621e+00		5.1677967e+00		5.1659910e+00		1.8056214e-03
2.9800000e+02		2.9900000e+02		2.9850000e+02		1.3012850e+02		1.5855150e+00		4.7692849e+00		2.7450471e+00		2.7434825e+00		1.5646716e-03
2.9900000e+02		3.0000000e+02		2.9950000e+02		1.4682541e+02		3.6768782e+00		1.0906130e+01		6.3667127e+00		6.3642168e+00		2.4958621e-03
3.0000000e+02		3.0100000e+02		3.0050000e+02		1.1681452e+02		1.9713443e+00		5.8639744e+00		3.4129690e+00		3.4109205e+00		2.0484620e-03
3.0100000e+02		3.0200000e+02		3.0150000e+02		1.3434477e+02		6.2248583e+00		1.8199699e+01		1.0779184e+01		1.0775649e+01		3.5342239e-03
3.0200000e+02		3.0300000e+02		3.0250000e+02		1.4142283e+02		3.0087883e+00		8.8654509e+00		5.2088257e+00		5.2053443e+00		3.4813729e-03
3.0300000e+02		3.0400000e+02		3.0350000e+02		1.8342160e+02		1.1303897e+01		3.2733509e+01		1.9573958e+01		1.9567173e+01		6.7845995e-03
3.0400000e+02		3.0500000e+02		3.0450000e+02		1.7556728e+02		4.8751591e+00		1.4224459e+01		8.4395830e+00		8.4335175e+00		6.0654492e-03
3.0500000e+02		3.0600000e+02		3.0550000e+02		1.7728071e+02		1.3736140e+01		3.9432469e+01		2.3785100e+01		2.3776095e+01		9.0047122e-03
3.0600000e+02		3.0700000e+02		3.0650000e+02		1.6814926e+02		5.7286956e+00		1.6569660e+01		9.9165825e+00		9.9086467e+00		7.9358218e-03
3.0700000e+02		3.0800000e+02		3.0750000e+02		1.8878816e+02		1.4932740e+01		4.2604035e+01		2.5855143e+01		2.5842682e+01		1.2460894e-02
3.0800000e+02		3.0900000e+02		3.0850000e+02		1.8529086e+02		9.6862157e+00		2.7695049e+01		1.6767831e+01		1.6755282e+01		1.2549115e-02
3.0900000e+02		3.1000000e+02		3.0950000e+02		1.5026991e+02		1.2961331e+01		3.6728738e+01		2.2440194e+01		2.2427231e+01		1.2963142e-02
3.1000000e+02		3.1100000e+02		3.1050000e+02		1.8913229e+02		1.3943417e+01		3.9471162e+01		2.4137711e+01		2.4119959e+01		1.7752835e-02
3.1100000e+02		3.1200000e+02		3.1150000e+02		2.2495083e+02		2.2250268e+01		6.2595396e+01		3.8519976e+01		3.8494542e+01		2.5434083e-02
3.1200000e+02		3.1300000e+02		3.1250000e+02		2.0030306e+02		2.1851146e+01		6.1233525e+01		3.7828252e+01		3.7802237e+01		2.6014579e-02
3.1300000e+02		3.1400000e+02		3.1350000e+02		2.1331645e+02		2.2349366e+01		6.2482242e+01		3.8687683e+01		3.8656873e+01		3.0810112e-02
3.1400000e+02		3.1500000e+02		3.1450000e+02		2.0119548e+02		2.7369383e+01		7.6093026e+01		4.7379955e+01		4.7345521e+01		3.4433673e-02
3.1500000e+02		3.1600000e+02		3.1550000e+02		1.9522773e+02		2.4498714e+01		6.7981163e+01		4.2406132e+01		4.2369406e+01		3.6726260e-02
3.1600000e+02		3.1700000e+02		3.1650000e+02		1.9043254e+02		2.8095491e+01		7.7619217e+01		4.8632526e+01		4.8591147e+01		4.1379808e-02
3.1700000e+02		3.1800000e+02		3.1750000e+02		2.4155434e+02		3.5830626e+01		9.8715250e+01		6.2017605e+01		6.1959056e+01		5.8548489e-02
3.1800000e+02		3.1900000e+02		3.1850000e+02		1.9952276e+02		3.2207420e+01		8.8419831e+01		5.5744811e+01		5.5690064e+01		5.4746351e-02
3.1900000e+02		3.2000000e+02		3.1950000e+02		2.1430874e+02		3.6783873e+01		1.0065373e+02		6.3663129e+01		6.3597001e+01		6.6127348e-02
3.2000000e+02		3.2100000e+02		3.2050000e+02		2.4621307e+02		4.4997632e+01		1.2272933e+02		7.7875735e+01		7.7790426e+01		8.5308997e-02
3.2100000e+02		3.2200000e+02		3.2150000e+02		2.0677326e+02		3.9379875e+01		1.0708312e+02		6.8149409e+01		6.8069448e+01		7.9960903e-02
3.2200000e+02		3.2300000e+02		3.2250000e+02		2.0765168e+02		4.0792776e+01		1.1060390e+02		7.0589795e+01		7.0500505e+01		8.9289955e-02
3.2300000e+02		3.2400000e+02		3.2350000e+02		2.0066974e+02		4.2037462e+01		1.1361630e+02		7.2740419e+01		7.2643978e+01		9.6441047e-02
3.2400000e+02		3.2500000e+02		3.2450000e+02		2.3629853e+02		5.0002828e+01		1.3478566e+02		8.6515681e+01		8.6390338e+01		1.2534307e-01
3.2500000e+02		3.2600000e+02		3.2550000e+02		2.7209498e+02		5.9026381e+01		1.5866847e+02		1.0211991e+02		1.0196038e+02		1.5952878e-01
3.2600000e+02		3.2700000e+02		3.2650000e+02		3.0699214e+02		6.8380354e+01		1.8330497e+02		1.1829279e+02		1.1809408e+02		1.9870251e-01
3.2700000e+02		3.2800000e+02		3.2750000e+02		2.9701525e+02		6.6976995e+01		1.7907365e+02		1.1585288e+02		1.1564158e+02		2.1129789e-01
3.2800000e+02		3.2900000e+02		3.2850000e+02		2.8673370e+02		6.5889417e+01		1.7569832e+02		1.1395971e+02		1.1373554e+02		2.2417085e-01
3.2900000e+02		3.3000000e+02		3.2950000e+02		3.3379807e+02		7.7699236e+01		2.0665518e+02		1.3436965e+02		1.3408363e+02		2.8601775e-01
3.3000000e+02		3.3100000e+02		3.3050000e+02		3.1443449e+02		7.4209982e+01		1.9686743e+02		1.2831956e+02		1.2802464e+02		2.9492308e-01
3.3100000e+02		3.3200000e+02		3.3150000e+02		3.0087994e+02		7.1994974e+01		1.9050381e+02		1.2447313e+02		1.2416465e+02		3.0847878e-01
3.3200000e+02		3.3300000e+02		3.3250000e+02		2.9519831e+02		7.1352160e+01		1.8833030e+02		1.2334391e+02		1.2301380e+02		3.3010763e-01
3.3300000e+02		3.3400000e+02		3.3350000e+02		2.8364288e+02		6.9402440e+01		1.8272516e+02		1.1995552e+02		1.1960987e+02		3.4564634e-01
3.3400000e+02		3.3500000e+02		3.3450000e+02		2.9883003e+02		7.3894449e+01		1.9407038e+02		1.2769893e+02		1.2730278e+02		3.9615447e-01
3.3500000e+02		3.3600000e+02		3.3550000e+02		2.9511053e+02		7.3750569e+01		1.9321606e+02		1.2742858e+02		1.2700353e+02		4.2504735e-01
3.3600000e+02		3.3700000e+02		3.3650000e+02		2.4313126e+02		6.1381711e+01		1.6041874e+02		1.0603811e+02		1.0565818e+02		3.7993342e-01
3.3700000e+02		3.3800000e+02		3.3750000e+02		2.5649874e+02		6.5420346e+01		1.7055845e+02		1.1299341e+02		1.1255908e+02		4.3433029e-01
3.3800000e+02		3.3900000e+02		3.3850000e+02		2.7748673e+02		7.1518298e+01		1.8600589e+02		1.2350104e+02		1.2299249e+02		5.0855089e-01
3.3900000e+02		3.4000000e+02		3.3950000e+02		2.9040264e+02		7.5707063e+01		1.9642521e+02		1.3070721e+02		1.3013175e+02		5.7546490e-01
3.4000000e+02		3.4100000e+02		3.4050000e+02		3.0654056e+02		8.0725682e+01		2.0894599e+02		1.3934089e+02		1.3868507e+02		6.5581795e-01
3.4100000e+02		3.4200000e+02		3.4150000e+02		2.7979685e+02		7.4429021e+01		1.9219024e+02		1.2844230e+02		1.2779679e+02		6.4551265e-01
3.4200000e+02		3.4300000e+02		3.4250000e+02		3.0344565e+02		8.1516671e+01		2.0999451e+02		1.4063903e+02		1.3988501e+02		7.5402436e-01
3.4300000e+02		3.4400000e+02		3.4350000e+02		2.9822260e+02		8.0904963e+01		2.0792838e+02		1.3954787e+02		1.3875061e+02		7.9725888e-01
3.4400000e+02		3.4500000e+02		3.4450000e+02		2.3986676e+02		6.5703090e+01		1.6846380e+02		1.1329663e+02		1.1260753e+02		6.8910010e-01
3.4500000e+02		3.4600000e+02		3.4550000e+02		2.8907088e+02		7.9954780e+01		2.0452728e+02		1.3783314e+02		1.3694166e+02		8.9147624e-01
3.4600000e+02		3.4700000e+02		3.4650000e+02		2.8069735e+02		7.8388761e+01		2.0005571e+02		1.3509379e+02		1.3416555e+02		9.2824601e-01
3.4700000e+02		3.4800000e+02		3.4750000e+02		2.7782009e+02		7.8316933e+01		1.9941033e+02		1.3492851e+02		1.3394443e+02		9.8407888e-01
3.4800000e+02		3.4900000e+02		3.4850000e+02		2.8744416e+02		8.1810082e+01		2.0782438e+02		1.4090163e+02		1.3981210e+02		1.0895257e+00
3.4900000e+02		3.5000000e+02		3.4950000e+02		2.7550877e+02		7.9151595e+01		2.0060927e+02		1.3627740e+02		1.3516111e+02		1.1162921e+00
3.5000000e+02		3.5100000e+02		3.5050000e+02		3.3002358e+02		9.5702830e+01		2.4200312e+02		1.6471683e+02		1.6328888e+02		1.4279511e+00
3.5100000e+02		3.5200000e+02		3.5150000e+02		3.0660572e+02		8.9748443e+01		2.2642836e+02		1.5441277e+02		1.5299745e+02		1.4153274e+00
3.5200000e+02		3.5300000e+02		3.5250000e+02		2.8324198e+02		8.3688777e+01		2.1065975e+02		1.4393305e+02		1.4253948e+02		1.3935703e+00
3.5300000e+02		3.5400000e+02		3.5350000e+02		3.2405327e+02		9.6607229e+01		2.4262642e+02		1.6608592e+02		1.6438834e+02		1.6975792e+00
3.5400000e+02		3.5500000e+02		3.5450000e+02		3.4586270e+02		1.0405374e+02		2.6073667e+02		1.7881538e+02		1.7688794e+02		1.9274450e+00
3.5500000e+02		3.5600000e+02		3.5550000e+02		3.2478382e+02		9.8618564e+01		2.4655904e+02		1.6940404e+02		1.6748024e+02		1.9238006e+00
3.5600000e+02		3.5700000e+02		3.5650000e+02		2.8234357e+02		8.6509914e+01		2.1579853e+02		1.4853950e+02		1.4676357e+02		1.7759245e+00
3.5700000e+02		3.5800000e+02		3.5750000e+02		2.4674321e+02		7.6277484e+01		1.8984602e+02		1.3091111e+02		1.2926454e+02		1.6465688e+00
3.5800000e+02		3.5900000e+02		3.5850000e+02		2.1181106e+02		6.6048703e+01		1.6401899e+02		1.1330294e+02		1.1180472e+02		1.4982162e+00
3.5900000e+02		3.6000000e+02		3.5950000e+02		3.0582840e+02		9.6205464e+01		2.3837216e+02		1.6495555e+02		1.6266446e+02		2.2910950e+00
3.6000000e+02		3.6100000e+02		3.6050000e+02		3.0178862e+02		9.5772579e+01		2.3676869e+02		1.6413153e+02		1.6173902e+02		2.3925110e+00
3.6100000e+02		3.6200000e+02		3.6150000e+02		2.8033735e+02		8.9762965e+01		2.2141576e+02		1.5375363e+02		1.5140353e+02		2.3500946e+00
3.6200000e+02		3.6300000e+02		3.6250000e+02		3.1645921e+02		1.0220091e+02		2.5153369e+02		1.7496540e+02		1.7216263e+02		2.8027698e+00
3.6300000e+02		3.6400000e+02		3.6350000e+02		3.0810145e+02		1.0033925e+02		2.4640160e+02		1.7168400e+02		1.6880350e+02		2.8804999e+00
3.6400000e+02		3.6500000e+02		3.6450000e+02		3.2221950e+02		1.0584115e+02		2.5933376e+02		1.8099596e+02		1.7781819e+02		3.1777761e+00
3.6500000e+02		3.6600000e+02		3.6550000e+02		3.6674574e+02		1.2151478e+02		2.9707494e+02		2.0767877e+02		2.0386619e+02		3.8125793e+00
3.6600000e+02		3.6700000e+02		3.6650000e+02		3.9198946e+02		1.3097760e+02		3.1949741e+02		2.2371789e+02		2.1942588e+02		4.2920114e+00
3.6700000e+02		3.6800000e+02		3.6750000e+02		3.7850004e+02		1.2755031e+02		3.1044569e+02		2.1773044e+02		2.1336848e+02		4.3619554e+00
3.6800000e+02		3.6900000e+02		3.6850000e+02		3.4895620e+02		1.1857328e+02		2.8795554e+02		2.0227881e+02		1.9804941e+02		4.2294027e+00
3.6900000e+02		3.7000000e+02		3.6950000e+02		3.8736224e+02		1.3268394e+02		3.2150812e+02		2.2620354e+02		2.2126976e+02		4.9337859e+00
3.7000000e+02		3.7100000e+02		3.7050000e+02		3.6351013e+02		1.2549595e+02		3.0341604e+02		2.1380613e+02		2.0894414e+02		4.8619886e+00
3.7100000e+02		3.7200000e+02		3.7150000e+02		3.7529261e+02		1.3068514e+02		3.1526082e+02		2.2249628e+02		2.1722750e+02		5.2687838e+00
3.7200000e+02		3.7300000e+02		3.7250000e+02		3.1177186e+02		1.0945878e+02		2.6346911e+02		1.8622755e+02		1.8163688e+02		4.5906734e+00
3.7300000e+02		3.7400000e+02		3.7350000e+02		2.7192112e+02		9.6235056e+01		2.3112546e+02		1.6361205e+02		1.5941567e+02		4.1963743e+00
3.7400000e+02		3.7500000e+02		3.7450000e+02		2.7832167e+02		9.9277324e+01		2.3790296e+02		1.6866020e+02		1.6416165e+02		4.4985495e+00
3.7500000e+02		3.7600000e+02		3.7550000e+02		3.1876744e+02		1.1457418e+02		2.7395020e+02		1.9450073e+02		1.8910826e+02		5.3924752e+00
3.7600000e+02		3.7700000e+02		3.7650000e+02		3.3048657e+02		1.1976096e+02		2.8571641e+02		2.0315047e+02		1.9730170e+02		5.8487727e+00
3.7700000e+02		3.7800000e+02		3.7750000e+02		3.8770864e+02		1.4161227e+02		3.3709751e+02		2.4002849e+02		2.3285527e+02		7.1732117e+00
3.7800000e+02		3.7900000e+02		3.7850000e+02		4.0380398e+02		1.4862738e+02		3.5301067e+02		2.5171636e+02		2.4391115e+02		7.8052126e+00
3.7900000e+02		3.8000000e+02		3.7950000e+02		3.2744385e+02		1.2146745e+02		2.8786116e+02		2.0554981e+02		1.9894101e+02		6.6088055e+00
3.8000000e+02		3.8100000e+02		3.8050000e+02		3.5656330e+02		1.3329155e+02		3.1518059e+02		2.2537018e+02		2.1786038e+02		7.5097955e+00
3.8100000e+02		3.8200000e+02		3.8150000e+02		3.2019140e+02		1.2060693e+02		2.8455245e+02		2.0374875e+02		1.9671567e+02		7.0330829e+00
3.8200000e+02		3.8300000e+02		3.8250000e+02		2.2964197e+02		8.7147569e+01		2.0515305e+02		1.4709532e+02		1.4183791e+02		5.2574141e+00
3.8300000e+02		3.8400000e+02		3.8350000e+02		2.0267593e+02		7.7470950e+01		1.8196728e+02		1.3064548e+02		1.2581229e+02		4.8331905e+00
3.8400000e+02		3.8500000e+02		3.8450000e+02		2.7111947e+02		1.0442146e+02		2.4472374e+02		1.7593534e+02		1.6920365e+02		6.7316882e+00
3.8500000e+02		3.8600000e+02		3.8550000e+02		2.8715912e+02		1.1143675e+02		2.6058306e+02		1.8758255e+02		1.8016290e+02		7.4196485e+00
3.8600000e+02		3.8700000e+02		3.8650000e+02		2.8837692e+02		1.1273526e+02		2.6303171e+02		1.8959028e+02		1.8184093e+02		7.7493459e+00
3.8700000e+02		3.8800000e+02		3.8750000e+02		2.8805300e+02		1.1342895e+02		2.6405973e+02		1.9057455e+02		1.8252846e+02		8.0460948e+00
3.8800000e+02		3.8900000e+02		3.8850000e+02		2.9209390e+02		1.1584037e+02		2.6907119e+02		1.9443638e+02		1.8596015e+02		8.4762257e+00
3.8900000e+02		3.9000000e+02		3.8950000e+02		3.5069332e+02		1.4005879e+02		3.2459802e+02		2.3485346e+02		2.2428659e+02		1.0566868e+01
3.9000000e+02		3.9100000e+02		3.9050000e+02		3.6838836e+02		1.4820344e+02		3.4270655e+02		2.4826180e+02		2.3674062e+02		1.1521181e+01
3.9100000e+02		3.9200000e+02		3.9150000e+02		3.9613874e+02		1.6050839e+02		3.7033055e+02		2.6860019e+02		2.5574795e+02		1.2852237e+01
3.9200000e+02		3.9300000e+02		3.9250000e+02		3.0403432e+02		1.2405672e+02		2.8558736e+02		2.0738544e+02		1.9715786e+02		1.0227579e+01
3.9300000e+02		3.9400000e+02		3.9350000e+02		1.8639471e+02		7.6586395e+01		1.7591243e+02		1.2789452e+02		1.2139632e+02		6.4981985e+00
3.9400000e+02		3.9500000e+02		3.9450000e+02		3.0813115e+02		1.2748211e+02		2.9215932e+02		2.1265957e+02		2.0153205e+02		1.1127523e+01
3.9500000e+02		3.9600000e+02		3.9550000e+02		3.7840801e+02		1.5763226e+02		3.6044632e+02		2.6266932e+02		2.4852036e+02		1.4148957e+01
3.9600000e+02		3.9700000e+02		3.9650000e+02		2.6140326e+02		1.0963051e+02		2.5012196e+02		1.8248079e+02		1.7236562e+02		1.0115171e+01
3.9700000e+02		3.9800000e+02		3.9750000e+02		2.9300657e+02		1.2371446e+02		2.8162083e+02		2.0569380e+02		1.9396521e+02		1.1728589e+01
3.9800000e+02		3.9900000e+02		3.9850000e+02		4.5124719e+02		1.9180360e+02		4.3563736e+02		3.1854141e+02		2.9986486e+02		1.8676546e+01
3.9900000e+02		4.0000000e+02		3.9950000e+02		4.9846141e+02		2.1327835e+02		4.8332419e+02		3.5379984e+02		3.3247742e+02		2.1322421e+01
4.0000000e+02		4.0100000e+02		4.0050000e+02		5.1407199e+02		2.2142718e+02		5.0066073e+02		3.6689200e+02		3.4417347e+02		2.2718536e+01
4.0100000e+02		4.0200000e+02		4.0150000e+02		5.3860814e+02		2.3352306e+02		5.2682183e+02		3.8647964e+02		3.6189916e+02		2.4580477e+01
4.0200000e+02		4.0300000e+02		4.0250000e+02		5.4526519e+02		2.3794907e+02		5.3559856e+02		3.9333615e+02		3.6764979e+02		2.5686364e+01
4.0300000e+02		4.0400000e+02		4.0350000e+02		5.2165796e+02		2.2911854e+02		5.1456070e+02		3.7828307e+02		3.5292707e+02		2.5355999e+01
4.0400000e+02		4.0500000e+02		4.0450000e+02		5.1300620e+02		2.2676331e+02		5.0812408e+02		3.7393846e+02		3.4822015e+02		2.5718306e+01
4.0500000e+02		4.0600000e+02		4.0550000e+02		5.1256585e+02		2.2801016e+02		5.0976669e+02		3.7553135e+02		3.4903890e+02		2.6492453e+01
4.0600000e+02		4.0700000e+02		4.0650000e+02		4.9035274e+02		2.1950536e+02		4.8964616e+02		3.6107368e+02		3.3495423e+02		2.6119448e+01
4.0700000e+02		4.0800000e+02		4.0750000e+02		4.9838294e+02		2.2449749e+02		4.9965289e+02		3.6882050e+02		3.4147191e+02		2.7348591e+01
4.0800000e+02		4.0900000e+02		4.0850000e+02		5.2990289e+02		2.4017880e+02		5.3334848e+02		3.9408085e+02		3.6413615e+02		2.9944698e+01
4.0900000e+02		4.1000000e+02		4.0950000e+02		5.2713439e+02		2.4039674e+02		5.3262830e+02		3.9393144e+02		3.6326701e+02		3.0664437e+01
4.1000000e+02		4.1100000e+02		4.1050000e+02		4.8293937e+02		2.2158878e+02		4.8984939e+02		3.6263998e+02		3.3373073e+02		2.8909256e+01
4.1100000e+02		4.1200000e+02		4.1150000e+02		5.5986852e+02		2.5844511e+02		5.7003584e+02		4.2240261e+02		3.8792763e+02		3.4474986e+01
4.1200000e+02		4.1300000e+02		4.1250000e+02		5.4940473e+02		2.5514147e+02		5.6147950e+02		4.1645140e+02		3.8166338e+02		3.4788017e+01
4.1300000e+02		4.1400000e+02		4.1350000e+02		5.2995399e+02		2.4757835e+02		5.4360631e+02		4.0356697e+02		3.6907306e+02		3.4493916e+01
4.1400000e+02		4.1500000e+02		4.1450000e+02		5.3771640e+02		2.5269296e+02		5.5358462e+02		4.1134916e+02		3.7538460e+02		3.5964564e+01
4.1500000e+02		4.1600000e+02		4.1550000e+02		5.3722776e+02		2.5394713e+02		5.5507710e+02		4.1282900e+02		3.7591853e+02		3.6910465e+01
4.1600000e+02		4.1700000e+02		4.1650000e+02		5.5745703e+02		2.6504579e+02		5.7802973e+02		4.3028104e+02		3.9095080e+02		3.9330239e+01
4.1700000e+02		4.1800000e+02		4.1750000e+02		5.0725322e+02		2.4257084e+02		5.2782182e+02		3.9325061e+02		3.5651217e+02		3.6738446e+01
4.1800000e+02		4.1900000e+02		4.1850000e+02		5.2601513e+02		2.5298357e+02		5.4923847e+02		4.0956014e+02		3.7046413e+02		3.9096002e+01
4.1900000e+02		4.2000000e+02		4.1950000e+02		5.3123875e+02		2.5695269e+02		5.5659796e+02		4.1540218e+02		3.7489551e+02		4.0506671e+01
4.2000000e+02		4.2100000e+02		4.2050000e+02		5.3797708e+02		2.6168116e+02		5.6556330e+02		4.2244824e+02		3.8037900e+02		4.2069239e+01
4.2100000e+02		4.2200000e+02		4.2150000e+02		5.2958361e+02		2.5904103e+02		5.5859631e+02		4.1759045e+02		3.7513196e+02		4.2458488e+01
4.2200000e+02		4.2300000e+02		4.2250000e+02		5.0190537e+02		2.4686622e+02		5.3114412e+02		3.9739303e+02		3.5615023e+02		4.1242791e+01
4.2300000e+02		4.2400000e+02		4.2350000e+02		5.3474862e+02		2.6446969e+02		5.6773846e+02		4.2511531e+02		3.8009161e+02		4.5023701e+01
4.2400000e+02		4.2500000e+02		4.2450000e+02		5.5328403e+02		2.7513225e+02		5.8929961e+02		4.4161153e+02		3.9389422e+02		4.7717312e+01
4.2500000e+02		4.2600000e+02		4.2550000e+02		5.3248014e+02		2.6622248e+02		5.6893448e+02		4.2668525e+02		3.7965898e+02		4.7026264e+01
4.2600000e+02		4.2700000e+02		4.2650000e+02		5.3029841e+02		2.6655728e+02		5.6837061e+02		4.2659273e+02		3.7864794e+02		4.7944786e+01
4.2700000e+02		4.2800000e+02		4.2750000e+02		4.9171747e+02		2.4848252e+02		5.2864139e+02		3.9707712e+02		3.5157860e+02		4.5498522e+01
4.2800000e+02		4.2900000e+02		4.2850000e+02		4.9494538e+02		2.5143670e+02		5.3372681e+02		4.0119916e+02		3.5434178e+02		4.6857372e+01
4.2900000e+02		4.3000000e+02		4.2950000e+02		4.6063718e+02		2.3523551e+02		4.9821764e+02		3.7478558e+02		3.3017901e+02		4.4606568e+01
4.3000000e+02		4.3100000e+02		4.3050000e+02		3.7055843e+02		1.9021928e+02		4.0197357e+02		3.0260743e+02		2.6591322e+02		3.6694213e+01
4.3100000e+02		4.3200000e+02		4.3150000e+02		4.5818753e+02		2.3641587e+02		4.9847946e+02		3.7552880e+02		3.2914473e+02		4.6384068e+01
4.3200000e+02		4.3300000e+02		4.3250000e+02		5.1625369e+02		2.6774029e+02		5.6326538e+02		4.2463769e+02		3.7122325e+02		5.3414443e+01
4.3300000e+02		4.3400000e+02		4.3350000e+02		5.6047485e+02		2.9214987e+02		6.1324605e+02		4.6264239e+02		4.0338963e+02		5.9252762e+01
4.3400000e+02		4.3500000e+02		4.3450000e+02		4.7595241e+02		2.4934121e+02		5.2222053e+02		3.9424437e+02		3.4284456e+02		5.1399807e+01
4.3500000e+02		4.3600000e+02		4.3550000e+02		5.3162725e+02		2.7989863e+02		5.8491484e+02		4.4187644e+02		3.8324361e+02		5.8632831e+01
4.3600000e+02		4.3700000e+02		4.3650000e+02		5.9481241e+02		3.1471595e+02		6.5621145e+02		4.9607172e+02		4.2909235e+02		6.6979368e+01
4.3700000e+02		4.3800000e+02		4.3750000e+02		5.2629983e+02		2.7983335e+02		5.8218226e+02		4.4040063e+02		3.7990627e+02		6.0494367e+01
4.3800000e+02		4.3900000e+02		4.3850000e+02		5.1257868e+02		2.7386512e+02		5.6850197e+02		4.3033348e+02		3.7020811e+02		6.0125365e+01
4.3900000e+02		4.4000000e+02		4.3950000e+02		5.7051902e+02		3.0629401e+02		6.3441127e+02		4.8053403e+02		4.1225632e+02		6.8277710e+01
4.4000000e+02		4.4100000e+02		4.4050000e+02		5.4089681e+02		2.9178057e+02		6.0301393e+02		4.5704248e+02		3.9101389e+02		6.6028598e+01
4.4100000e+02		4.4200000e+02		4.4150000e+02		5.9491633e+02		3.2242449e+02		6.6487471e+02		5.0424161e+02		4.3018394e+02		7.4057672e+01
4.4200000e+02		4.4300000e+02		4.4250000e+02		6.2544254e+02		3.4055065e+02		7.0070556e+02		5.3174197e+02		4.5236352e+02		7.9378449e+01
4.4300000e+02		4.4400000e+02		4.4350000e+02		6.0497206e+02		3.3094533e+02		6.7944313e+02		5.1592078e+02		4.3765661e+02		7.8264171e+01
4.4400000e+02		4.4500000e+02		4.4450000e+02		6.2324411e+02		3.4249462e+02		7.0161070e+02		5.3306924e+02		4.5090439e+02		8.2164848e+01
4.4500000e+02		4.4600000e+02		4.4550000e+02		5.7783999e+02		3.1900793e+02		6.5206376e+02		4.9571816e+02		4.1810089e+02		7.7617269e+01
4.4600000e+02		4.4700000e+02		4.4650000e+02		5.8940025e+02		3.2690465e+02		6.6674015e+02		5.0717537e+02		4.2652509e+02		8.0650277e+01
4.4700000e+02		4.4800000e+02		4.4750000e+02		6.3881895e+02		3.5592295e+02		7.2433772e+02		5.5130600e+02		4.6228124e+02		8.9024752e+01
4.4800000e+02		4.4900000e+02		4.4850000e+02		6.2805979e+02		3.5150520e+02		7.1378637e+02		5.4358365e+02		4.5446250e+02		8.9121149e+01
4.4900000e+02		4.5000000e+02		4.4950000e+02		6.3454704e+02		3.5671742e+02		7.2279351e+02		5.5075021e+02		4.5908651e+02		9.1663698e+01
4.5000000e+02		4.5100000e+02		4.5050000e+02		6.7325368e+02		3.8014453e+02		7.6858891e+02		5.8596659e+02		4.8698023e+02		9.8986363e+01
4.5100000e+02		4.5200000e+02		4.5150000e+02		6.7122600e+02		3.8065501e+02		7.6795246e+02		5.8579783e+02		4.8537313e+02		1.0042470e+02
4.5200000e+02		4.5300000e+02		4.5250000e+02		6.3541039e+02		3.6190452e+02		7.2854472e+02		5.5603331e+02		4.5931364e+02		9.6719667e+01
4.5300000e+02		4.5400000e+02		4.5350000e+02		6.0888666e+02		3.4828707e+02		6.9961808e+02		5.3423619e+02		4.3996034e+02		9.4275853e+01
4.5400000e+02		4.5500000e+02		4.5450000e+02		6.4999363e+02		3.7338390e+02		7.4841556e+02		5.7179366e+02		4.6944255e+02		1.0235111e+02
4.5500000e+02		4.5600000e+02		4.5550000e+02		6.4380306e+02		3.7138950e+02		7.4281820e+02		5.6780592e+02		4.6472624e+02		1.0307969e+02
4.5600000e+02		4.5700000e+02		4.5650000e+02		6.6853861e+02		3.8727354e+02		7.7292721e+02		5.9111703e+02		4.8229888e+02		1.0881815e+02
4.5700000e+02		4.5800000e+02		4.5750000e+02		6.7499745e+02		3.9263857e+02		7.8195869e+02		5.9831909e+02		4.8664533e+02		1.1167376e+02
4.5800000e+02		4.5900000e+02		4.5850000e+02		6.3439039e+02		3.7053719e+02		7.3636813e+02		5.6370894e+02		4.5704928e+02		1.0665966e+02
4.5900000e+02		4.6000000e+02		4.5950000e+02		6.5539586e+02		3.8436892e+02		7.6223008e+02		5.8378600e+02		4.7182587e+02		1.1196013e+02
4.6000000e+02		4.6100000e+02		4.6050000e+02		6.4752339e+02		3.8128921e+02		7.5451748e+02		5.7815108e+02		4.6578018e+02		1.1237090e+02
4.6100000e+02		4.6200000e+02		4.6150000e+02		6.6245412e+02		3.9164679e+02		7.7337248e+02		5.9287348e+02		4.7610746e+02		1.1676602e+02
4.6200000e+02		4.6300000e+02		4.6250000e+02		6.6901120e+02		3.9709756e+02		7.8247978e+02		6.0012896e+02		4.8037745e+02		1.1975151e+02
4.6300000e+02		4.6400000e+02		4.6350000e+02		6.4662616e+02		3.8532539e+02		7.5768337e+02		5.8137221e+02		4.6385176e+02		1.1752045e+02
4.6400000e+02		4.6500000e+02		4.6450000e+02		6.5795753e+02		3.9361200e+02		7.7235180e+02		5.9288940e+02		4.7149538e+02		1.2139402e+02
4.6500000e+02		4.6600000e+02		4.6550000e+02		6.3552746e+02		3.8166875e+02		7.4734764e+02		5.7394486e+02		4.5493016e+02		1.1901470e+02
4.6600000e+02		4.6700000e+02		4.6650000e+02		6.3955371e+02		3.8556440e+02		7.5339857e+02		5.7883968e+02		4.5729422e+02		1.2154546e+02
4.6700000e+02		4.6800000e+02		4.6750000e+02		6.4572639e+02		3.9076309e+02		7.6196658e+02		5.8566824e+02		4.6115053e+02		1.2451770e+02
4.6800000e+02		4.6900000e+02		4.6850000e+02		6.3145002e+02		3.8356981e+02		7.4638656e+02		5.7393113e+02		4.5039972e+02		1.2353141e+02
4.6900000e+02		4.7000000e+02		4.6950000e+02		6.4956875e+02		3.9604815e+02		7.6907234e+02		5.9161562e+02		4.6271759e+02		1.2889803e+02
4.7000000e+02		4.7100000e+02		4.7050000e+02		6.1381170e+02		3.7563790e+02		7.2793229e+02		5.6019314e+02		4.3666239e+02		1.2353075e+02
4.7100000e+02		4.7200000e+02		4.7150000e+02		6.4174114e+02		3.9417493e+02		7.6228212e+02		5.8685906e+02		4.5589554e+02		1.3096352e+02
4.7200000e+02		4.7300000e+02		4.7250000e+02		6.5742798e+02		4.0528568e+02		7.8216046e+02		6.0239686e+02		4.6637005e+02		1.3602681e+02
4.7300000e+02		4.7400000e+02		4.7350000e+02		6.4563741e+02		3.9944851e+02		7.6931856e+02		5.9273143e+02		4.5731230e+02		1.3541914e+02
4.7400000e+02		4.7500000e+02		4.7450000e+02		6.6512717e+02		4.1300346e+02		7.9380221e+02		6.1182788e+02		4.7042364e+02		1.4140424e+02
4.7500000e+02		4.7600000e+02		4.7550000e+02		6.6365303e+02		4.1356899e+02		7.9327312e+02		6.1164818e+02		4.6866039e+02		1.4298779e+02
4.7600000e+02		4.7700000e+02		4.7650000e+02		6.3952653e+02		3.9994445e+02		7.6558532e+02		5.9051492e+02		4.5089458e+02		1.3962034e+02
4.7700000e+02		4.7800000e+02		4.7750000e+02		6.6772274e+02		4.1904085e+02		8.0052034e+02		6.1768230e+02		4.6999073e+02		1.4769157e+02
4.7800000e+02		4.7900000e+02		4.7850000e+02		6.6128260e+02		4.1644105e+02		7.9395256e+02		6.1283038e+02		4.6466215e+02		1.4816823e+02
4.7900000e+02		4.8000000e+02		4.7950000e+02		6.6320839e+02		4.1909257e+02		7.9740499e+02		6.1570841e+02		4.6519807e+02		1.5051034e+02
4.8000000e+02		4.8100000e+02		4.8050000e+02		6.6489751e+02		4.2159509e+02		8.0056293e+02		6.1835733e+02		4.6554446e+02		1.5281287e+02
4.8100000e+02		4.8200000e+02		4.8150000e+02		6.6630748e+02		4.2391999e+02		8.0337401e+02		6.2073644e+02		4.6567271e+02		1.5506373e+02
4.8200000e+02		4.8300000e+02		4.8250000e+02		6.6376999e+02		4.2372373e+02		8.0140793e+02		6.1942123e+02		4.6302525e+02		1.5639598e+02
4.8300000e+02		4.8400000e+02		4.8350000e+02		6.5373157e+02		4.1870208e+02		7.9034372e+02		6.1106684e+02		4.5513993e+02		1.5592692e+02
4.8400000e+02		4.8500000e+02		4.8450000e+02		6.4242337e+02		4.1281174e+02		7.7768922e+02		6.0147330e+02		4.4637804e+02		1.5509526e+02
4.8500000e+02		4.8600000e+02		4.8550000e+02		6.0369332e+02		3.8918481e+02		7.3173896e+02		5.6611056e+02		4.1861081e+02		1.4749975e+02
4.8600000e+02		4.8700000e+02		4.8650000e+02		5.2412565e+02		3.3899433e+02		6.3612423e+02		4.9229061e+02		3.6270288e+02		1.2958773e+02
4.8700000e+02		4.8800000e+02		4.8750000e+02		5.9966111e+02		3.8908978e+02		7.2870510e+02		5.6410742e+02		4.1409617e+02		1.5001125e+02
4.8800000e+02		4.8900000e+02		4.8850000e+02		6.3081686e+02		4.1061126e+02		7.6751771e+02		5.9432963e+02		4.3468232e+02		1.5964731e+02
4.8900000e+02		4.9000000e+02		4.8950000e+02		6.1880396e+02		4.0406794e+02		7.5382523e+02		5.8389744e+02		4.2548116e+02		1.5841628e+02
4.9000000e+02		4.9100000e+02		4.9050000e+02		6.5907671e+02		4.3172117e+02		8.0386201e+02		6.2283431e+02		4.5217855e+02		1.7065576e+02
4.9100000e+02		4.9200000e+02		4.9150000e+02		6.2110374e+02		4.0811173e+02		7.5844201e+02		5.8780821e+02		4.2516644e+02		1.6264177e+02
4.9200000e+02		4.9300000e+02		4.9250000e+02		5.9112858e+02		3.8962319e+02		7.2269724e+02		5.6026171e+02		4.0373509e+02		1.5652662e+02
4.9300000e+02		4.9400000e+02		4.9350000e+02		6.2472140e+02		4.1302559e+02		7.6464553e+02		5.9294304e+02		4.2568927e+02		1.6725377e+02
4.9400000e+02		4.9500000e+02		4.9450000e+02		6.4279699e+02		4.2626573e+02		7.8765940e+02		6.1095247e+02		4.3697352e+02		1.7397895e+02
4.9500000e+02		4.9600000e+02		4.9550000e+02		6.3133158e+02		4.1992150e+02		7.7446941e+02		6.0087927e+02		4.2815069e+02		1.7272858e+02
4.9600000e+02		4.9700000e+02		4.9650000e+02		6.3921352e+02		4.2643178e+02		7.8499543e+02		6.0920301e+02		4.3244138e+02		1.7676164e+02
4.9700000e+02		4.9800000e+02		4.9750000e+02		6.5113923e+02		4.3567195e+02		8.0050097e+02		6.2139353e+02		4.3942199e+02		1.8197154e+02
4.9800000e+02		4.9900000e+02		4.9850000e+02		5.9175801e+02		3.9709935e+02		7.2826503e+02		5.6546028e+02		3.9834622e+02		1.6711405e+02
4.9900000e+02		5.0000000e+02		4.9950000e+02		6.3385792e+02		4.2657784e+02		7.8087214e+02		6.0645372e+02		4.2559089e+02		1.8086283e+02
