Left Bin Edge (nm)	Right Bin Edge (nm)	Bin Center (nm)		Top of Atm Intensity (erg/s/nm/cm2)		Total Surface Flux (erg/s/nm/cm2)		Total Intensity at BOA (erg/s/nm/cm2)		Total Surface Intensity (erg/s/nm/cm2)		Total Surface Diffuse Intensity (erg/s/nm/cm2)		Total Surface Direct Intensity (erg/s/nm/cm2)
1.0000000e+02		1.0100000e+02		1.0050000e+02		1.9189487e-02		0.0000000e+00		0.0000000e+00		0.0000000e+00		0.0000000e+00		0.0000000e+00
1.0100000e+02		1.0200000e+02		1.0150000e+02		7.4861701e-02		0.0000000e+00		0.0000000e+00		0.0000000e+00		0.0000000e+00		0.0000000e+00
1.0200000e+02		1.0300000e+02		1.0250000e+02		3.9734366e-01		0.0000000e+00		0.0000000e+00		0.0000000e+00		0.0000000e+00		0.0000000e+00
1.0300000e+02		1.0400000e+02		1.0350000e+02		3.0179545e-01		0.0000000e+00		0.0000000e+00		0.0000000e+00		0.0000000e+00		0.0000000e+00
1.0400000e+02		1.0500000e+02		1.0450000e+02		6.0815352e-02		0.0000000e+00		0.0000000e+00		0.0000000e+00		0.0000000e+00		0.0000000e+00
1.0500000e+02		1.0600000e+02		1.0550000e+02		2.0834600e-02		0.0000000e+00		0.0000000e+00		0.0000000e+00		0.0000000e+00		0.0000000e+00
1.0600000e+02		1.0700000e+02		1.0650000e+02		1.9584792e-02		0.0000000e+00		0.0000000e+00		0.0000000e+00		0.0000000e+00		0.0000000e+00
1.0700000e+02		1.0800000e+02		1.0750000e+02		2.1853879e-02		0.0000000e+00		0.0000000e+00		0.0000000e+00		0.0000000e+00		0.0000000e+00
1.0800000e+02		1.0900000e+02		1.0850000e+02		3.0634999e-02		0.0000000e+00		0.0000000e+00		0.0000000e+00		0.0000000e+00		0.0000000e+00
1.0900000e+02		1.1000000e+02		1.0950000e+02		2.4032561e-02		0.0000000e+00		0.0000000e+00		0.0000000e+00		0.0000000e+00		0.0000000e+00
1.1000000e+02		1.1100000e+02		1.1050000e+02		2.3268893e-02		0.0000000e+00		0.0000000e+00		0.0000000e+00		0.0000000e+00		0.0000000e+00
1.1100000e+02		1.1200000e+02		1.1150000e+02		2.1871272e-02		0.0000000e+00		0.0000000e+00		0.0000000e+00		0.0000000e+00		0.0000000e+00
1.1200000e+02		1.1300000e+02		1.1250000e+02		2.2375602e-02		0.0000000e+00		0.0000000e+00		0.0000000e+00		0.0000000e+00		0.0000000e+00
1.1300000e+02		1.1400000e+02		1.1350000e+02		1.7748133e-02		0.0000000e+00		0.0000000e+00		0.0000000e+00		0.0000000e+00		0.0000000e+00
1.1400000e+02		1.1500000e+02		1.1450000e+02		1.3589480e-02		0.0000000e+00		0.0000000e+00		0.0000000e+00		0.0000000e+00		0.0000000e+00
1.1500000e+02		1.1600000e+02		1.1550000e+02		1.8751615e-02		0.0000000e+00		0.0000000e+00		0.0000000e+00		0.0000000e+00		0.0000000e+00
1.1600000e+02		1.1700000e+02		1.1650000e+02		4.3674487e-02		0.0000000e+00		0.0000000e+00		0.0000000e+00		0.0000000e+00		0.0000000e+00
1.1700000e+02		1.1800000e+02		1.1750000e+02		1.5546757e-01		0.0000000e+00		0.0000000e+00		0.0000000e+00		0.0000000e+00		0.0000000e+00
1.1800000e+02		1.1900000e+02		1.1850000e+02		5.2889236e-02		0.0000000e+00		0.0000000e+00		0.0000000e+00		0.0000000e+00		0.0000000e+00
1.1900000e+02		1.2000000e+02		1.1950000e+02		7.3692884e-02		0.0000000e+00		0.0000000e+00		0.0000000e+00		0.0000000e+00		0.0000000e+00
1.2000000e+02		1.2100000e+02		1.2050000e+02		4.0066072e-01		0.0000000e+00		0.0000000e+00		0.0000000e+00		0.0000000e+00		0.0000000e+00
1.2100000e+02		1.2200000e+02		1.2150000e+02		1.5905289e+01		0.0000000e+00		0.0000000e+00		0.0000000e+00		0.0000000e+00		0.0000000e+00
1.2200000e+02		1.2300000e+02		1.2250000e+02		1.0666543e-01		0.0000000e+00		0.0000000e+00		0.0000000e+00		0.0000000e+00		0.0000000e+00
1.2300000e+02		1.2400000e+02		1.2350000e+02		5.7456553e-02		0.0000000e+00		0.0000000e+00		0.0000000e+00		0.0000000e+00		0.0000000e+00
1.2400000e+02		1.2500000e+02		1.2450000e+02		4.6184197e-02		0.0000000e+00		0.0000000e+00		0.0000000e+00		0.0000000e+00		0.0000000e+00
1.2500000e+02		1.2600000e+02		1.2550000e+02		4.5085118e-02		0.0000000e+00		0.0000000e+00		0.0000000e+00		0.0000000e+00		0.0000000e+00
1.2600000e+02		1.2700000e+02		1.2650000e+02		6.3054464e-02		0.0000000e+00		0.0000000e+00		0.0000000e+00		0.0000000e+00		0.0000000e+00
1.2700000e+02		1.2800000e+02		1.2750000e+02		3.3006429e-02		0.0000000e+00		0.0000000e+00		0.0000000e+00		0.0000000e+00		0.0000000e+00
1.2800000e+02		1.2900000e+02		1.2850000e+02		2.6335196e-02		0.0000000e+00		0.0000000e+00		0.0000000e+00		0.0000000e+00		0.0000000e+00
1.2900000e+02		1.3000000e+02		1.2950000e+02		3.5131240e-02		0.0000000e+00		0.0000000e+00		0.0000000e+00		0.0000000e+00		0.0000000e+00
1.3000000e+02		1.3100000e+02		1.3050000e+02		2.8850634e-01		0.0000000e+00		0.0000000e+00		0.0000000e+00		0.0000000e+00		0.0000000e+00
1.3100000e+02		1.3200000e+02		1.3150000e+02		3.9064855e-02		0.0000000e+00		0.0000000e+00		0.0000000e+00		0.0000000e+00		0.0000000e+00
1.3200000e+02		1.3300000e+02		1.3250000e+02		3.0374778e-02		0.0000000e+00		0.0000000e+00		0.0000000e+00		0.0000000e+00		0.0000000e+00
1.3300000e+02		1.3400000e+02		1.3350000e+02		4.1056606e-01		0.0000000e+00		0.0000000e+00		0.0000000e+00		0.0000000e+00		0.0000000e+00
1.3400000e+02		1.3500000e+02		1.3450000e+02		2.8092500e-02		0.0000000e+00		0.0000000e+00		0.0000000e+00		0.0000000e+00		0.0000000e+00
1.3500000e+02		1.3600000e+02		1.3550000e+02		5.8954708e-02		0.0000000e+00		0.0000000e+00		0.0000000e+00		0.0000000e+00		0.0000000e+00
1.3600000e+02		1.3700000e+02		1.3650000e+02		3.8690656e-02		0.0000000e+00		0.0000000e+00		0.0000000e+00		0.0000000e+00		0.0000000e+00
1.3700000e+02		1.3800000e+02		1.3750000e+02		3.9732879e-02		0.0000000e+00		0.0000000e+00		0.0000000e+00		0.0000000e+00		0.0000000e+00
1.3800000e+02		1.3900000e+02		1.3850000e+02		4.0549866e-02		0.0000000e+00		0.0000000e+00		0.0000000e+00		0.0000000e+00		0.0000000e+00
1.3900000e+02		1.4000000e+02		1.3950000e+02		1.3692187e-01		0.0000000e+00		0.0000000e+00		0.0000000e+00		0.0000000e+00		0.0000000e+00
1.4000000e+02		1.4100000e+02		1.4050000e+02		1.1939088e-01		0.0000000e+00		0.0000000e+00		0.0000000e+00		0.0000000e+00		0.0000000e+00
1.4100000e+02		1.4200000e+02		1.4150000e+02		5.7521948e-02		0.0000000e+00		0.0000000e+00		0.0000000e+00		0.0000000e+00		0.0000000e+00
1.4200000e+02		1.4300000e+02		1.4250000e+02		6.2343151e-02		0.0000000e+00		0.0000000e+00		0.0000000e+00		0.0000000e+00		0.0000000e+00
1.4300000e+02		1.4400000e+02		1.4350000e+02		6.9165895e-02		0.0000000e+00		0.0000000e+00		0.0000000e+00		0.0000000e+00		0.0000000e+00
1.4400000e+02		1.4500000e+02		1.4450000e+02		6.6149126e-02		0.0000000e+00		0.0000000e+00		0.0000000e+00		0.0000000e+00		0.0000000e+00
1.4500000e+02		1.4600000e+02		1.4550000e+02		7.0536262e-02		0.0000000e+00		0.0000000e+00		0.0000000e+00		0.0000000e+00		0.0000000e+00
1.4600000e+02		1.4700000e+02		1.4650000e+02		8.6012655e-02		0.0000000e+00		0.0000000e+00		0.0000000e+00		0.0000000e+00		0.0000000e+00
1.4700000e+02		1.4800000e+02		1.4750000e+02		1.0610345e-01		0.0000000e+00		0.0000000e+00		0.0000000e+00		0.0000000e+00		0.0000000e+00
1.4800000e+02		1.4900000e+02		1.4850000e+02		1.0405386e-01		0.0000000e+00		0.0000000e+00		0.0000000e+00		0.0000000e+00		0.0000000e+00
1.4900000e+02		1.5000000e+02		1.4950000e+02		9.4002421e-02		0.0000000e+00		0.0000000e+00		0.0000000e+00		0.0000000e+00		0.0000000e+00
1.5000000e+02		1.5100000e+02		1.5050000e+02		1.0343288e-01		0.0000000e+00		0.0000000e+00		0.0000000e+00		0.0000000e+00		0.0000000e+00
1.5100000e+02		1.5200000e+02		1.5150000e+02		1.0875212e-01		0.0000000e+00		0.0000000e+00		0.0000000e+00		0.0000000e+00		0.0000000e+00
1.5200000e+02		1.5300000e+02		1.5250000e+02		1.3876638e-01		0.0000000e+00		0.0000000e+00		0.0000000e+00		0.0000000e+00		0.0000000e+00
1.5300000e+02		1.5400000e+02		1.5350000e+02		1.5371418e-01		0.0000000e+00		0.0000000e+00		0.0000000e+00		0.0000000e+00		0.0000000e+00
1.5400000e+02		1.5500000e+02		1.5450000e+02		4.1112511e-01		0.0000000e+00		0.0000000e+00		0.0000000e+00		0.0000000e+00		0.0000000e+00
1.5500000e+02		1.5600000e+02		1.5550000e+02		3.3836363e-01		0.0000000e+00		0.0000000e+00		0.0000000e+00		0.0000000e+00		0.0000000e+00
1.5600000e+02		1.5700000e+02		1.5650000e+02		2.0084632e-01		0.0000000e+00		0.0000000e+00		0.0000000e+00		0.0000000e+00		0.0000000e+00
1.5700000e+02		1.5800000e+02		1.5750000e+02		1.8216796e-01		0.0000000e+00		0.0000000e+00		0.0000000e+00		0.0000000e+00		0.0000000e+00
1.5800000e+02		1.5900000e+02		1.5850000e+02		1.6795176e-01		0.0000000e+00		0.0000000e+00		0.0000000e+00		0.0000000e+00		0.0000000e+00
1.5900000e+02		1.6000000e+02		1.5950000e+02		1.6379377e-01		0.0000000e+00		0.0000000e+00		0.0000000e+00		0.0000000e+00		0.0000000e+00
1.6000000e+02		1.6100000e+02		1.6050000e+02		1.7926410e-01		0.0000000e+00		0.0000000e+00		0.0000000e+00		0.0000000e+00		0.0000000e+00
1.6100000e+02		1.6200000e+02		1.6150000e+02		2.0306941e-01		0.0000000e+00		0.0000000e+00		0.0000000e+00		0.0000000e+00		0.0000000e+00
1.6200000e+02		1.6300000e+02		1.6250000e+02		2.2492895e-01		0.0000000e+00		0.0000000e+00		0.0000000e+00		0.0000000e+00		0.0000000e+00
1.6300000e+02		1.6400000e+02		1.6350000e+02		4.7671727e-01		0.0000000e+00		0.0000000e+00		0.0000000e+00		0.0000000e+00		0.0000000e+00
1.6400000e+02		1.6500000e+02		1.6450000e+02		4.8753270e-01		0.0000000e+00		0.0000000e+00		0.0000000e+00		0.0000000e+00		0.0000000e+00
1.6500000e+02		1.6600000e+02		1.6550000e+02		5.7072689e-01		0.0000000e+00		0.0000000e+00		0.0000000e+00		0.0000000e+00		0.0000000e+00
1.6600000e+02		1.6700000e+02		1.6650000e+02		2.6919628e-01		0.0000000e+00		0.0000000e+00		0.0000000e+00		0.0000000e+00		0.0000000e+00
1.6700000e+02		1.6800000e+02		1.6750000e+02		2.8728373e-01		0.0000000e+00		0.0000000e+00		0.0000000e+00		0.0000000e+00		0.0000000e+00
1.6800000e+02		1.6900000e+02		1.6850000e+02		3.0958866e-01		0.0000000e+00		0.0000000e+00		0.0000000e+00		0.0000000e+00		0.0000000e+00
1.6900000e+02		1.7000000e+02		1.6950000e+02		3.8988989e-01		0.0000000e+00		0.0000000e+00		0.0000000e+00		0.0000000e+00		0.0000000e+00
1.7000000e+02		1.7100000e+02		1.7050000e+02		4.3752516e-01		0.0000000e+00		0.0000000e+00		0.0000000e+00		0.0000000e+00		0.0000000e+00
1.7100000e+02		1.7200000e+02		1.7150000e+02		4.3618394e-01		0.0000000e+00		0.0000000e+00		0.0000000e+00		0.0000000e+00		0.0000000e+00
1.7200000e+02		1.7300000e+02		1.7250000e+02		4.5514763e-01		0.0000000e+00		0.0000000e+00		0.0000000e+00		0.0000000e+00		0.0000000e+00
1.7300000e+02		1.7400000e+02		1.7350000e+02		4.5120572e-01		0.0000000e+00		0.0000000e+00		0.0000000e+00		0.0000000e+00		0.0000000e+00
1.7400000e+02		1.7500000e+02		1.7450000e+02		5.3951828e-01		0.0000000e+00		0.0000000e+00		0.0000000e+00		0.0000000e+00		0.0000000e+00
1.7500000e+02		1.7600000e+02		1.7550000e+02		6.4389120e-01		0.0000000e+00		0.0000000e+00		0.0000000e+00		0.0000000e+00		0.0000000e+00
1.7600000e+02		1.7700000e+02		1.7650000e+02		6.9472845e-01		0.0000000e+00		0.0000000e+00		0.0000000e+00		0.0000000e+00		0.0000000e+00
1.7700000e+02		1.7800000e+02		1.7750000e+02		8.1849614e-01		0.0000000e+00		0.0000000e+00		0.0000000e+00		0.0000000e+00		0.0000000e+00
1.7800000e+02		1.7900000e+02		1.7850000e+02		8.9455089e-01		0.0000000e+00		0.0000000e+00		0.0000000e+00		0.0000000e+00		0.0000000e+00
1.7900000e+02		1.8000000e+02		1.7950000e+02		8.6966614e-01		0.0000000e+00		0.0000000e+00		0.0000000e+00		0.0000000e+00		0.0000000e+00
1.8000000e+02		1.8100000e+02		1.8050000e+02		1.0753674e+00		0.0000000e+00		0.0000000e+00		0.0000000e+00		0.0000000e+00		0.0000000e+00
1.8100000e+02		1.8200000e+02		1.8150000e+02		1.3093431e+00		0.0000000e+00		0.0000000e+00		0.0000000e+00		0.0000000e+00		0.0000000e+00
1.8200000e+02		1.8300000e+02		1.8250000e+02		1.2087370e+00		0.0000000e+00		0.0000000e+00		0.0000000e+00		0.0000000e+00		0.0000000e+00
1.8300000e+02		1.8400000e+02		1.8350000e+02		1.2728289e+00		0.0000000e+00		0.0000000e+00		0.0000000e+00		0.0000000e+00		0.0000000e+00
1.8400000e+02		1.8500000e+02		1.8450000e+02		1.0940339e+00		0.0000000e+00		0.0000000e+00		0.0000000e+00		0.0000000e+00		0.0000000e+00
1.8500000e+02		1.8600000e+02		1.8550000e+02		1.2372281e+00		0.0000000e+00		0.0000000e+00		0.0000000e+00		0.0000000e+00		0.0000000e+00
1.8600000e+02		1.8700000e+02		1.8650000e+02		1.4037992e+00		0.0000000e+00		0.0000000e+00		0.0000000e+00		0.0000000e+00		0.0000000e+00
1.8700000e+02		1.8800000e+02		1.8750000e+02		1.5907538e+00		0.0000000e+00		0.0000000e+00		0.0000000e+00		0.0000000e+00		0.0000000e+00
1.8800000e+02		1.8900000e+02		1.8850000e+02		1.6735993e+00		0.0000000e+00		0.0000000e+00		0.0000000e+00		0.0000000e+00		0.0000000e+00
1.8900000e+02		1.9000000e+02		1.8950000e+02		1.8559600e+00		1.6761258e-316		0.0000000e+00		1.6771558e-316		2.4369788e-319		1.6747188e-316
1.9000000e+02		1.9100000e+02		1.9050000e+02		1.9109940e+00		1.5353096e-289		0.0000000e+00		1.5363209e-289		2.3927204e-292		1.5339282e-289
1.9100000e+02		1.9200000e+02		1.9150000e+02		2.0707336e+00		1.1029848e-276		0.0000000e+00		1.1037288e-276		1.7601646e-279		1.1019686e-276
1.9200000e+02		1.9300000e+02		1.9250000e+02		2.1685186e+00		2.4389802e-259		0.0000000e+00		2.4406999e-259		4.0689320e-262		2.4366310e-259
1.9300000e+02		1.9400000e+02		1.9350000e+02		1.6554009e+00		6.7090629e-250		0.0000000e+00		6.7138699e-250		1.1373533e-252		6.7024964e-250
1.9400000e+02		1.9500000e+02		1.9450000e+02		2.6556632e+00		1.9574010e-257		0.0000000e+00		1.9587266e-257		3.1365115e-260		1.9555901e-257
1.9500000e+02		1.9600000e+02		1.9550000e+02		2.5630279e+00		1.0648394e-268		0.0000000e+00		1.0655124e-268		1.5923939e-271		1.0639200e-268
1.9600000e+02		1.9700000e+02		1.9650000e+02		2.8204934e+00		5.7551723e-267		0.0000000e+00		5.7587492e-267		8.4631382e-270		5.7502861e-267
1.9700000e+02		1.9800000e+02		1.9750000e+02		2.8068384e+00		3.3148111e-254		0.0000000e+00		3.3169312e-254		5.0163486e-257		3.3119149e-254
1.9800000e+02		1.9900000e+02		1.9850000e+02		2.7505577e+00		2.5073811e-239		0.0000000e+00		2.5090522e-239		3.9537270e-242		2.5050984e-239
1.9900000e+02		2.0000000e+02		1.9950000e+02		2.8965557e+00		1.3299506e-234		0.0000000e+00		1.3308352e-234		2.0929563e-237		1.3287422e-234
2.0000000e+02		2.0100000e+02		2.0050000e+02		3.0623388e+00		1.5756490e-236		0.0000000e+00		1.5766642e-236		2.4019770e-239		1.5742622e-236
2.0100000e+02		2.0200000e+02		2.0150000e+02		3.2593670e+00		2.8667545e-228		0.0000000e+00		2.8686297e-228		4.4369205e-231		2.8641928e-228
2.0200000e+02		2.0300000e+02		2.0250000e+02		3.2217937e+00		1.6442482e-211		0.0000000e+00		1.6453891e-211		2.6996034e-214		1.6426895e-211
2.0300000e+02		2.0400000e+02		2.0350000e+02		3.4484145e+00		6.8759424e-193		0.0000000e+00		6.8810943e-193		1.2189556e-195		6.8689048e-193
2.0400000e+02		2.0500000e+02		2.0450000e+02		3.7117169e+00		4.8397265e-176		0.0000000e+00		4.8436416e-176		9.2633868e-179		4.8343782e-176
2.0500000e+02		2.0600000e+02		2.0550000e+02		3.7200399e+00		2.9217539e-161		0.0000000e+00		2.9242984e-161		6.0203590e-164		2.9182781e-161
2.0600000e+02		2.0700000e+02		2.0650000e+02		3.7247532e+00		1.1479406e-148		0.0000000e+00		1.1490103e-148		2.5308817e-151		1.1464794e-148
2.0700000e+02		2.0800000e+02		2.0750000e+02		4.0454145e+00		7.8547636e-138		0.0000000e+00		7.8625495e-138		1.8421635e-140		7.8441279e-138
2.0800000e+02		2.0900000e+02		2.0850000e+02		4.3759554e+00		1.8474704e-128		0.0000000e+00		1.8494091e-128		4.5869887e-131		1.8448221e-128
2.0900000e+02		2.1000000e+02		2.0950000e+02		5.6528678e+00		7.7510873e-120		0.0000000e+00		7.7596876e-120		2.0348578e-122		7.7393390e-120
2.1000000e+02		2.1100000e+02		2.1050000e+02		6.9678423e+00		1.6736269e-111		0.0000000e+00		1.6755970e-111		4.6614477e-114		1.6709356e-111
2.1100000e+02		2.1200000e+02		2.1150000e+02		7.9326445e+00		7.3828144e-104		0.0000000e+00		7.3920404e-104		2.1828964e-106		7.3702114e-104
2.1200000e+02		2.1300000e+02		2.1250000e+02		7.0734222e+00		8.1396418e-97		1.3028549e-93		8.1504506e-97		2.5573692e-99		8.1248769e-97
2.1300000e+02		2.1400000e+02		2.1350000e+02		7.2066449e+00		1.5753372e-90		1.4585921e-87		1.5775529e-90		5.2425382e-93		1.5723104e-90
2.1400000e+02		2.1500000e+02		2.1450000e+02		9.2279181e+00		1.6318520e-84		9.0213686e-82		1.6342872e-84		5.7618548e-87		1.6285254e-84
2.1500000e+02		2.1600000e+02		2.1550000e+02		7.9257408e+00		1.1311118e-78		3.7338920e-76		1.1329156e-78		4.2676254e-81		1.1286479e-78
2.1600000e+02		2.1700000e+02		2.1650000e+02		7.3353469e+00		4.8464732e-73		9.8045186e-71		4.8547597e-73		1.9606022e-75		4.8351537e-73
2.1700000e+02		2.1800000e+02		2.1750000e+02		7.5953881e+00		1.0223831e-67		1.2972525e-65		1.0242652e-67		4.4532741e-70		1.0198120e-67
2.1800000e+02		2.1900000e+02		2.1850000e+02		1.0217230e+01		9.3127340e-63		7.7675691e-61		9.3311750e-63		4.3631753e-65		9.2875432e-63
2.1900000e+02		2.2000000e+02		2.1950000e+02		1.0786519e+01		2.0819670e-58		1.1895494e-56		2.0863976e-58		1.0482998e-60		2.0759146e-58
2.2000000e+02		2.2100000e+02		2.2050000e+02		1.0851638e+01		2.5181366e-54		1.0099566e-52		2.5239110e-54		1.3662288e-56		2.5102487e-54
2.2100000e+02		2.2200000e+02		2.2150000e+02		8.6872371e+00		1.3007972e-50		3.7437281e-49		1.3040217e-50		7.6294422e-53		1.2963923e-50
2.2200000e+02		2.2300000e+02		2.2250000e+02		1.1691346e+01		6.7477181e-47		1.4232260e-45		6.7658647e-47		4.2935271e-49		6.7229294e-47
2.2300000e+02		2.2400000e+02		2.2350000e+02		1.5139682e+01		1.5333814e-43		2.4393793e-42		1.5378581e-43		1.0591865e-45		1.5272662e-43
2.2400000e+02		2.2500000e+02		2.2450000e+02		1.4154944e+01		1.3009647e-40		1.5986931e-39		1.3051140e-40		9.8172065e-43		1.2952968e-40
2.2500000e+02		2.2600000e+02		2.2550000e+02		1.2365614e+01		7.0098078e-38		6.8927653e-37		7.0392021e-38		6.9547567e-40		6.9696545e-38
2.2600000e+02		2.2700000e+02		2.2650000e+02		9.0577089e+00		1.7231263e-35		1.9065342e-34		1.7761573e-35		1.2547287e-36		1.6506845e-35
2.2700000e+02		2.2800000e+02		2.2750000e+02		8.8108381e+00		9.1272330e-33		2.2712656e-31		1.2808034e-32		8.7088699e-33		4.0991646e-33
2.2800000e+02		2.2900000e+02		2.2850000e+02		1.2275156e+01		1.9681730e-29		5.0514259e-28		3.3507990e-29		3.2713281e-29		7.9470902e-31
2.2900000e+02		2.3000000e+02		2.2950000e+02		1.1031259e+01		2.7432135e-26		5.3685152e-25		4.7461867e-26		4.7390854e-26		7.1012789e-29
2.3000000e+02		2.3100000e+02		2.3050000e+02		1.2510180e+01		3.4596807e-23		5.1164336e-22		5.9919208e-23		5.9913445e-23		5.7630162e-27
2.3100000e+02		2.3200000e+02		2.3150000e+02		1.1791833e+01		1.8270455e-20		2.0976246e-19		3.1645160e-20		3.1644891e-20		2.6929633e-25
2.3200000e+02		2.3300000e+02		2.3250000e+02		1.2664003e+01		4.5705515e-18		4.2222140e-17		7.9164211e-18		7.9164123e-18		8.7465327e-24
2.3300000e+02		2.3400000e+02		2.3350000e+02		1.1428554e+01		5.3892636e-16		4.1000126e-15		9.3344772e-16		9.3344757e-16		1.4884046e-22
2.3400000e+02		2.3500000e+02		2.3450000e+02		9.9864853e+00		3.7477593e-14		2.3967434e-13		6.4913094e-14		6.4913092e-14		1.8612699e-21
2.3500000e+02		2.3600000e+02		2.3550000e+02		1.3443360e+01		2.5898779e-12		1.4176744e-11		4.4858000e-12		4.4858000e-12		2.6588823e-20
2.3600000e+02		2.3700000e+02		2.3650000e+02		1.2448020e+01		8.6493039e-11		4.1146767e-10		1.4981034e-10		1.4981034e-10		2.3392210e-19
2.3700000e+02		2.3800000e+02		2.3750000e+02		1.3294723e+01		2.1972743e-09		9.2430262e-09		3.8057907e-09		3.8057907e-09		1.7758306e-18
2.3800000e+02		2.3900000e+02		2.3850000e+02		1.1021422e+01		2.9793837e-08		1.1259129e-07		5.1604439e-08		5.1604439e-08		8.3042273e-18
2.3900000e+02		2.4000000e+02		2.3950000e+02		1.2008577e+01		3.7134582e-07		1.2798234e-06		6.4318983e-07		6.4318983e-07		4.0256787e-17
2.4000000e+02		2.4100000e+02		2.4050000e+02		1.1032163e+01		2.9203059e-06		9.2926550e-06		5.0581183e-06		5.0581183e-06		1.2971170e-16
2.4100000e+02		2.4200000e+02		2.4150000e+02		1.2918879e+01		2.1793512e-05		6.4840936e-05		3.7747470e-05		3.7747470e-05		4.7762438e-16
2.4200000e+02		2.4300000e+02		2.4250000e+02		1.7782729e+01		1.5513758e-04		4.3548047e-04		2.6870617e-04		2.6870617e-04		1.7919056e-15
2.4300000e+02		2.4400000e+02		2.4350000e+02		1.6701989e+01		5.9503072e-04		1.5912895e-03		1.0306234e-03		1.0306234e-03		4.0160087e-15
2.4400000e+02		2.4500000e+02		2.4450000e+02		1.5641720e+01		1.8615265e-03		4.7815576e-03		3.2242586e-03		3.2242586e-03		8.0587566e-15
2.4500000e+02		2.4600000e+02		2.4550000e+02		1.2691134e+01		4.3962076e-03		1.0907196e-02		7.6144550e-03		7.6144550e-03		1.2456847e-14
2.4600000e+02		2.4700000e+02		2.4650000e+02		1.2350906e+01		1.0606662e-02		2.5577265e-02		1.8371277e-02		1.8371277e-02		2.2695348e-14
2.4700000e+02		2.4800000e+02		2.4750000e+02		1.3639226e+01		2.5755493e-02		6.0630744e-02		4.4609823e-02		4.4609823e-02		3.9296966e-14
2.4800000e+02		2.4900000e+02		2.4850000e+02		1.0938846e+01		4.0747730e-02		9.4013954e-02		7.0577138e-02		7.0577138e-02		4.6104810e-14
2.4900000e+02		2.5000000e+02		2.4950000e+02		1.3333262e+01		8.7912339e-02		1.9955036e-01		1.5226864e-01		1.5226864e-01		8.1249711e-14
2.5000000e+02		2.5100000e+02		2.5050000e+02		1.4401571e+01		1.5246313e-01		3.4157188e-01		2.6407389e-01		2.6407389e-01		1.2040624e-13
2.5100000e+02		2.5200000e+02		2.5150000e+02		1.2007424e+01		1.8659864e-01		4.1376708e-01		3.2319833e-01		3.2319833e-01		1.2915606e-13
2.5200000e+02		2.5300000e+02		2.5250000e+02		1.0794009e+01		2.3164717e-01		5.0936231e-01		4.0122467e-01		4.0122467e-01		1.3998644e-13
2.5300000e+02		2.5400000e+02		2.5350000e+02		1.3602371e+01		3.8346954e-01		8.3745415e-01		6.6418873e-01		6.6418873e-01		2.1279360e-13
2.5400000e+02		2.5500000e+02		2.5450000e+02		1.5384114e+01		5.4515788e-01		1.1839501e+00		9.4424114e-01		9.4424114e-01		2.7181190e-13
2.5500000e+02		2.5600000e+02		2.5550000e+02		2.0992062e+01		9.0440289e-01		1.9551994e+00		1.5664718e+00		1.5664718e+00		4.2789622e-13
2.5600000e+02		2.5700000e+02		2.5650000e+02		2.7040612e+01		1.3785275e+00		2.9689343e+00		2.3876796e+00		2.3876796e+00		6.3490749e-13
2.5700000e+02		2.5800000e+02		2.5750000e+02		3.3946512e+01		1.9958719e+00		4.2850990e+00		3.4569515e+00		3.4569515e+00		8.7973316e-13
2.5800000e+02		2.5900000e+02		2.5850000e+02		3.5732434e+01		2.3721205e+00		5.0795948e+00		4.1086332e+00		4.1086332e+00		9.5829179e-13
2.5900000e+02		2.6000000e+02		2.5950000e+02		3.0409976e+01		1.4823775e+00		3.1946513e+00		2.5675532e+00		2.5675532e+00		7.4252843e-13
2.6000000e+02		2.6100000e+02		2.6050000e+02		2.4915606e+01		9.3902547e-01		2.0352913e+00		1.6264398e+00		1.6264398e+00		5.5850130e-13
2.6100000e+02		2.6200000e+02		2.6150000e+02		2.5442742e+01		1.0120908e+00		2.1906372e+00		1.7529927e+00		1.7529927e+00		5.7349883e-13
2.6200000e+02		2.6300000e+02		2.6250000e+02		3.0366547e+01		1.3081096e+00		2.8259498e+00		2.2657122e+00		2.2657122e+00		7.2448371e-13
2.6300000e+02		2.6400000e+02		2.6350000e+02		4.5700096e+01		1.9371582e+00		4.1861119e+00		3.3552564e+00		3.3552564e+00		1.1242148e-12
2.6400000e+02		2.6500000e+02		2.6450000e+02		7.1249372e+01		3.5834120e+00		7.7135790e+00		6.2066516e+00		6.2066516e+00		1.9992717e-12
2.6500000e+02		2.6600000e+02		2.6550000e+02		7.4731454e+01		3.8456266e+00		8.2729848e+00		6.6608207e+00		6.6608207e+00		2.1156570e-12
2.6600000e+02		2.6700000e+02		2.6650000e+02		7.2446611e+01		3.7331505e+00		8.0303706e+00		6.4660064e+00		6.4660064e+00		2.2087257e-12
2.6700000e+02		2.6800000e+02		2.6750000e+02		7.2937204e+01		4.1377441e+00		8.8812897e+00		7.1667830e+00		7.1667830e+00		2.2887642e-12
2.6800000e+02		2.6900000e+02		2.6850000e+02		7.2239021e+01		4.4310986e+00		9.4944505e+00		7.6748878e+00		7.6748878e+00		2.3700055e-12
2.6900000e+02		2.7000000e+02		2.6950000e+02		6.7758000e+01		4.0460775e+00		8.6739222e+00		7.0080118e+00		7.0080118e+00		2.3750950e-12
2.7000000e+02		2.7100000e+02		2.7050000e+02		7.8281462e+01		4.8086952e+00		1.0302106e+01		8.3289044e+00		8.3289044e+00		2.9382723e-12
2.7100000e+02		2.7200000e+02		2.7150000e+02		6.5051220e+01		3.7999897e+00		8.1484623e+00		6.5817752e+00		6.5817752e+00		2.2382564e-12
2.7200000e+02		2.7300000e+02		2.7250000e+02		5.2331568e+01		3.4282432e+00		7.3335234e+00		5.9378914e+00		5.9378914e+00		2.0462333e-12
2.7300000e+02		2.7400000e+02		2.7350000e+02		5.5800645e+01		3.7155257e+00		7.9446722e+00		6.4354793e+00		6.4354793e+00		2.2097866e-12
2.7400000e+02		2.7500000e+02		2.7450000e+02		3.8398649e+01		2.5908710e+00		5.5379337e+00		4.4875202e+00		4.4875202e+00		1.5437126e-12
2.7500000e+02		2.7600000e+02		2.7550000e+02		5.1208696e+01		3.2131289e+00		6.8775947e+00		5.5653025e+00		5.5653025e+00		1.9907162e-12
2.7600000e+02		2.7700000e+02		2.7650000e+02		7.1318275e+01		4.6222735e+00		9.8866649e+00		8.0060125e+00		8.0060125e+00		2.9669221e-12
2.7700000e+02		2.7800000e+02		2.7750000e+02		6.8188493e+01		4.7595164e+00		1.0163595e+01		8.2437242e+00		8.2437242e+00		2.7729768e-12
2.7800000e+02		2.7900000e+02		2.7850000e+02		4.7024496e+01		3.3322156e+00		7.1129723e+00		5.7715668e+00		5.7715668e+00		1.9435976e-12
2.7900000e+02		2.8000000e+02		2.7950000e+02		2.6422560e+01		1.7990500e+00		3.8431529e+00		3.1160461e+00		3.1160461e+00		1.1247226e-12
2.8000000e+02		2.8100000e+02		2.8050000e+02		2.8982131e+01		1.8976710e+00		4.0568462e+00		3.2868626e+00		3.2868626e+00		1.2634839e-12
2.8100000e+02		2.8200000e+02		2.8150000e+02		6.0033324e+01		4.0855646e+00		8.7267280e+00		7.0764055e+00		7.0764055e+00		2.7543636e-12
2.8200000e+02		2.8300000e+02		2.8250000e+02		8.1733762e+01		5.7040211e+00		1.2176764e+01		9.8796544e+00		9.8796544e+00		3.8967679e-12
2.8300000e+02		2.8400000e+02		2.8350000e+02		8.4433091e+01		5.9864676e+00		1.2774958e+01		1.0368866e+01		1.0368866e+01		4.2057175e-12
2.8400000e+02		2.8500000e+02		2.8450000e+02		6.2255376e+01		4.5820806e+00		9.7696822e+00		7.9363964e+00		7.9363964e+00		3.0264821e-12
2.8500000e+02		2.8600000e+02		2.8550000e+02		4.0018063e+01		2.9100433e+00		6.2056629e+00		5.0403428e+00		5.0403428e+00		1.9350982e-12
2.8600000e+02		2.8700000e+02		2.8650000e+02		8.2001717e+01		6.1233685e+00		1.3050722e+01		1.0605985e+01		1.0605985e+01		4.2608697e-12
2.8700000e+02		2.8800000e+02		2.8750000e+02		9.5189148e+01		6.9409376e+00		1.4798852e+01		1.2022057e+01		1.2022057e+01		4.7625212e-12
2.8800000e+02		2.8900000e+02		2.8850000e+02		9.0460934e+01		6.5736269e+00		1.4016157e+01		1.1385856e+01		1.1385856e+01		4.7661089e-12
2.8900000e+02		2.9000000e+02		2.8950000e+02		1.3728321e+02		9.5629801e+00		2.0405120e+01		1.6563567e+01		1.6563567e+01		6.6831157e-12
2.9000000e+02		2.9100000e+02		2.9050000e+02		1.8023325e+02		1.2109127e+01		2.5856009e+01		2.0973623e+01		2.0973623e+01		8.9781520e-12
2.9100000e+02		2.9200000e+02		2.9150000e+02		1.7359450e+02		1.1769081e+01		2.5124342e+01		2.0384646e+01		2.0384646e+01		9.0976876e-12
2.9200000e+02		2.9300000e+02		2.9250000e+02		1.5421676e+02		1.0948903e+01		2.3350642e+01		1.8964056e+01		1.8964056e+01		8.6305903e-12
2.9300000e+02		2.9400000e+02		2.9350000e+02		1.6099986e+02		1.2234304e+01		2.6054710e+01		2.1190437e+01		2.1190437e+01		9.2478504e-12
2.9400000e+02		2.9500000e+02		2.9450000e+02		1.4991794e+02		9.9326850e+00		2.1210717e+01		1.7203915e+01		1.7203915e+01		8.1807212e-12
2.9500000e+02		2.9600000e+02		2.9550000e+02		1.6232431e+02		1.2026989e+01		2.5622776e+01		2.0831357e+01		2.0831357e+01		9.2348693e-12
2.9600000e+02		2.9700000e+02		2.9650000e+02		1.4851381e+02		1.1863390e+01		2.5235525e+01		2.0547994e+01		2.0547994e+01		8.9202549e-12
2.9700000e+02		2.9800000e+02		2.9750000e+02		1.5140866e+02		1.1541519e+01		2.4572613e+01		1.9990497e+01		1.9990497e+01		9.2938205e-12
2.9800000e+02		2.9900000e+02		2.9850000e+02		1.3012850e+02		9.6279526e+00		2.0508534e+01		1.6676103e+01		1.6676103e+01		7.3790165e-12
2.9900000e+02		3.0000000e+02		2.9950000e+02		1.4682541e+02		1.0649838e+01		2.2694806e+01		1.8446060e+01		1.8446060e+01		9.2757965e-12
3.0000000e+02		3.0100000e+02		3.0050000e+02		1.1681452e+02		8.8455391e+00		1.8831657e+01		1.5320923e+01		1.5320923e+01		7.0611828e-12
3.0100000e+02		3.0200000e+02		3.0150000e+02		1.3434477e+02		1.0051576e+01		2.1403746e+01		1.7409841e+01		1.7409841e+01		8.4451442e-12
3.0200000e+02		3.0300000e+02		3.0250000e+02		1.4142283e+02		1.0907122e+01		2.3210436e+01		1.8891690e+01		1.8891690e+01		9.1210733e-12
3.0300000e+02		3.0400000e+02		3.0350000e+02		1.8342160e+02		1.3171161e+01		2.8067326e+01		2.2813120e+01		2.2813120e+01		1.1682749e-11
3.0400000e+02		3.0500000e+02		3.0450000e+02		1.7556728e+02		1.3897817e+01		2.9556472e+01		2.4071726e+01		2.4071726e+01		1.1672190e-11
3.0500000e+02		3.0600000e+02		3.0550000e+02		1.7728071e+02		1.4471926e+01		3.0757684e+01		2.5066112e+01		2.5066112e+01		1.2153818e-11
3.0600000e+02		3.0700000e+02		3.0650000e+02		1.6814926e+02		1.4161312e+01		3.0078004e+01		2.4528112e+01		2.4528112e+01		1.1815224e-11
3.0700000e+02		3.0800000e+02		3.0750000e+02		1.8878816e+02		1.4495899e+01		3.0842788e+01		2.5107633e+01		2.5107633e+01		1.2758460e-11
3.0800000e+02		3.0900000e+02		3.0850000e+02		1.8529086e+02		1.4615752e+01		3.1080702e+01		2.5315225e+01		2.5315225e+01		1.3356995e-11
3.0900000e+02		3.1000000e+02		3.0950000e+02		1.5026991e+02		1.2535737e+01		2.6625674e+01		2.1712533e+01		2.1712533e+01		1.0297977e-11
3.1000000e+02		3.1100000e+02		3.1050000e+02		1.8913229e+02		1.5060416e+01		3.2016575e+01		2.6085406e+01		2.6085406e+01		1.3323004e-11
3.1100000e+02		3.1200000e+02		3.1150000e+02		2.2495083e+02		1.8492285e+01		3.9286513e+01		3.2029578e+01		3.2029578e+01		1.6473965e-11
3.1200000e+02		3.1300000e+02		3.1250000e+02		2.0030306e+02		1.5240202e+01		3.2425697e+01		2.6396805e+01		2.6396805e+01		1.4400542e-11
3.1300000e+02		3.1400000e+02		3.1350000e+02		2.1331645e+02		1.8179580e+01		3.8591607e+01		3.1487956e+01		3.1487956e+01		1.5922152e-11
3.1400000e+02		3.1500000e+02		3.1450000e+02		2.0119548e+02		1.6234410e+01		3.4498099e+01		2.8118824e+01		2.8118824e+01		1.5115197e-11
3.1500000e+02		3.1600000e+02		3.1550000e+02		1.9522773e+02		1.4898923e+01		3.1693665e+01		2.5805692e+01		2.5805692e+01		1.4227483e-11
3.1600000e+02		3.1700000e+02		3.1650000e+02		1.9043254e+02		1.3844552e+01		2.9478659e+01		2.3979467e+01		2.3979467e+01		1.3778716e-11
3.1700000e+02		3.1800000e+02		3.1750000e+02		2.4155434e+02		1.8450212e+01		3.9245748e+01		3.1956705e+01		3.1956705e+01		1.8753711e-11
3.1800000e+02		3.1900000e+02		3.1850000e+02		1.9952276e+02		1.4950944e+01		3.1812305e+01		2.5895794e+01		2.5895794e+01		1.4733712e-11
3.1900000e+02		3.2000000e+02		3.1950000e+02		2.1430874e+02		1.5561625e+01		3.3132740e+01		2.6953525e+01		2.6953525e+01		1.6453616e-11
3.2000000e+02		3.2100000e+02		3.2050000e+02		2.4621307e+02		1.9160973e+01		4.0737150e+01		3.3187779e+01		3.3187779e+01		1.9264960e-11
3.2100000e+02		3.2200000e+02		3.2150000e+02		2.0677326e+02		1.2547861e+01		2.6814028e+01		2.1733532e+01		2.1733532e+01		1.4048714e-11
3.2200000e+02		3.2300000e+02		3.2250000e+02		2.0765168e+02		1.6424055e+01		3.4904154e+01		2.8447298e+01		2.8447298e+01		1.6317291e-11
3.2300000e+02		3.2400000e+02		3.2350000e+02		2.0066974e+02		1.4779689e+01		3.1453200e+01		2.5599171e+01		2.5599171e+01		1.5149244e-11
3.2400000e+02		3.2500000e+02		3.2450000e+02		2.3629853e+02		1.7410588e+01		3.7049911e+01		3.0156023e+01		3.0156023e+01		1.7526361e-11
3.2500000e+02		3.2600000e+02		3.2550000e+02		2.7209498e+02		1.2778021e+01		2.7457247e+01		2.2132182e+01		2.2132182e+01		1.5407610e-11
3.2600000e+02		3.2700000e+02		3.2650000e+02		3.0699214e+02		2.3858560e+01		5.0714013e+01		4.1324239e+01		4.1324239e+01		2.4172690e-11
3.2700000e+02		3.2800000e+02		3.2750000e+02		2.9701525e+02		2.2330976e+01		4.7496867e+01		3.8678386e+01		3.8678386e+01		2.3056123e-11
3.2800000e+02		3.2900000e+02		3.2850000e+02		2.8673370e+02		2.0854895e+01		4.4385817e+01		3.6121738e+01		3.6121738e+01		2.2016559e-11
3.2900000e+02		3.3000000e+02		3.2950000e+02		3.3379807e+02		2.2114372e+01		4.7158488e+01		3.8303215e+01		3.8303215e+01		2.6254083e-11
3.3000000e+02		3.3100000e+02		3.3050000e+02		3.1443449e+02		1.6888890e+01		3.6177650e+01		2.9252415e+01		2.9252415e+01		2.1541852e-11
3.3100000e+02		3.3200000e+02		3.3150000e+02		3.0087994e+02		2.6359768e+01		5.5892655e+01		4.5656457e+01		4.5656457e+01		2.7463868e-11
3.3200000e+02		3.3300000e+02		3.3250000e+02		2.9519831e+02		2.4614845e+01		5.2239311e+01		4.2634162e+01		4.2634162e+01		2.5173448e-11
3.3300000e+02		3.3400000e+02		3.3350000e+02		2.8364288e+02		2.2772903e+01		4.8367400e+01		3.9443825e+01		3.9443825e+01		2.5855910e-11
3.3400000e+02		3.3500000e+02		3.3450000e+02		2.9883003e+02		2.2648275e+01		4.8156315e+01		3.9227963e+01		3.9227963e+01		2.6169230e-11
3.3500000e+02		3.3600000e+02		3.3550000e+02		2.9511053e+02		2.2499253e+01		4.7831414e+01		3.8969850e+01		3.8969850e+01		2.5374568e-11
3.3600000e+02		3.3700000e+02		3.3650000e+02		2.4313126e+02		1.8417904e+01		3.9158954e+01		3.1900745e+01		3.1900745e+01		2.1132219e-11
3.3700000e+02		3.3800000e+02		3.3750000e+02		2.5649874e+02		2.0098634e+01		4.2701006e+01		3.4811856e+01		3.4811856e+01		2.1870015e-11
3.3800000e+02		3.3900000e+02		3.3850000e+02		2.7748673e+02		2.3169418e+01		4.9161589e+01		4.0130610e+01		4.0130610e+01		2.4259628e-11
3.3900000e+02		3.4000000e+02		3.3950000e+02		2.9040264e+02		2.2968478e+01		4.8787799e+01		3.9782571e+01		3.9782571e+01		2.6209568e-11
3.4000000e+02		3.4100000e+02		3.4050000e+02		3.0654056e+02		2.1993608e+01		4.6806717e+01		3.8094047e+01		3.8094047e+01		2.5177781e-11
3.4100000e+02		3.4200000e+02		3.4150000e+02		2.7979685e+02		1.3019804e+01		2.7972438e+01		2.2550961e+01		2.2550961e+01		1.8262555e-11
3.4200000e+02		3.4300000e+02		3.4250000e+02		3.0344565e+02		2.1163470e+01		4.5066964e+01		3.6656205e+01		3.6656205e+01		2.6972443e-11
3.4300000e+02		3.4400000e+02		3.4350000e+02		2.9822260e+02		1.6709942e+01		3.5750897e+01		2.8942468e+01		2.8942468e+01		2.4139399e-11
3.4400000e+02		3.4500000e+02		3.4450000e+02		2.3986676e+02		1.6703714e+01		3.5569104e+01		2.8931682e+01		2.8931682e+01		2.1333627e-11
3.4500000e+02		3.4600000e+02		3.4550000e+02		2.8907088e+02		1.8267853e+01		3.8978188e+01		3.1640849e+01		3.1640849e+01		2.3927021e-11
3.4600000e+02		3.4700000e+02		3.4650000e+02		2.8069735e+02		1.6876161e+01		3.6048262e+01		2.9230369e+01		2.9230369e+01		2.3997021e-11
3.4700000e+02		3.4800000e+02		3.4750000e+02		2.7782009e+02		1.4826351e+01		3.1751435e+01		2.5679994e+01		2.5679994e+01		2.1228912e-11
3.4800000e+02		3.4900000e+02		3.4850000e+02		2.8744416e+02		2.5313291e+01		5.3643426e+01		4.3843906e+01		4.3843906e+01		2.8846255e-11
3.4900000e+02		3.5000000e+02		3.4950000e+02		2.7550877e+02		2.4660227e+01		5.2241018e+01		4.2712766e+01		4.2712766e+01		2.7282259e-11
3.5000000e+02		3.5100000e+02		3.5050000e+02		3.3002358e+02		2.5683307e+01		5.4556047e+01		4.4484792e+01		4.4484792e+01		3.0130758e-11
3.5100000e+02		3.5200000e+02		3.5150000e+02		3.0660572e+02		2.4634503e+01		5.2296529e+01		4.2668212e+01		4.2668212e+01		3.0904410e-11
3.5200000e+02		3.5300000e+02		3.5250000e+02		2.8324198e+02		2.2212477e+01		4.7174742e+01		3.8473139e+01		3.8473139e+01		2.6721215e-11
3.5300000e+02		3.5400000e+02		3.5350000e+02		3.2405327e+02		2.9792287e+01		6.3073659e+01		5.1601754e+01		5.1601754e+01		3.1851762e-11
3.5400000e+02		3.5500000e+02		3.5450000e+02		3.4586270e+02		3.0392341e+01		6.4400393e+01		5.2641079e+01		5.2641079e+01		3.5273245e-11
3.5500000e+02		3.5600000e+02		3.5550000e+02		3.2478382e+02		2.8390351e+01		6.0162440e+01		4.9173531e+01		4.9173531e+01		3.2623009e-11
3.5600000e+02		3.5700000e+02		3.5650000e+02		2.8234357e+02		2.2975622e+01		4.8750218e+01		3.9794944e+01		3.9794944e+01		2.3761785e-11
3.5700000e+02		3.5800000e+02		3.5750000e+02		2.4674321e+02		1.8700036e+01		3.9738015e+01		3.2389413e+01		3.2389413e+01		2.3125803e-11
3.5800000e+02		3.5900000e+02		3.5850000e+02		2.1181106e+02		1.7433903e+01		3.6986585e+01		3.0196406e+01		3.0196406e+01		2.1866215e-11
3.5900000e+02		3.6000000e+02		3.5950000e+02		3.0582840e+02		2.2668784e+01		4.8189802e+01		3.9263485e+01		3.9263485e+01		2.7052193e-11
3.6000000e+02		3.6100000e+02		3.6050000e+02		3.0178862e+02		2.3589041e+01		5.0093140e+01		4.0857417e+01		4.0857417e+01		2.9427550e-11
3.6100000e+02		3.6200000e+02		3.6150000e+02		2.8033735e+02		1.6011176e+01		3.4227396e+01		2.7732171e+01		2.7732171e+01		2.3370368e-11
3.6200000e+02		3.6300000e+02		3.6250000e+02		3.1645921e+02		1.3097734e+01		2.8207861e+01		2.2685940e+01		2.2685940e+01		2.2814334e-11
3.6300000e+02		3.6400000e+02		3.6350000e+02		3.0810145e+02		1.4972247e+01		3.2122151e+01		2.5932692e+01		2.5932692e+01		2.3478109e-11
3.6400000e+02		3.6500000e+02		3.6450000e+02		3.2221950e+02		6.5598363e+00		1.4381791e+01		1.1361970e+01		1.1361970e+01		1.5292385e-11
3.6500000e+02		3.6600000e+02		3.6550000e+02		3.6674574e+02		1.0377523e+01		2.2559411e+01		1.7974397e+01		1.7974397e+01		2.2123920e-11
3.6600000e+02		3.6700000e+02		3.6650000e+02		3.9198946e+02		4.8097840e+00		1.0690053e+01		8.3307903e+00		8.3307903e+00		1.4170899e-11
3.6700000e+02		3.6800000e+02		3.6750000e+02		3.7850004e+02		4.9437090e+00		1.0967810e+01		8.5627552e+00		8.5627552e+00		1.3205262e-11
3.6800000e+02		3.6900000e+02		3.6850000e+02		3.4895620e+02		8.1431005e-01		1.8990651e+00		1.4104264e+00		1.4104264e+00		4.8374302e-12
3.6900000e+02		3.7000000e+02		3.6950000e+02		3.8736224e+02		1.7159000e+00		3.9253898e+00		2.9720260e+00		2.9720260e+00		6.9220475e-12
3.7000000e+02		3.7100000e+02		3.7050000e+02		3.6351013e+02		4.0717931e+01		8.5870233e+01		7.0525525e+01		7.0525525e+01		4.6051365e-11
3.7100000e+02		3.7200000e+02		3.7150000e+02		3.7529261e+02		4.2608144e+01		8.9829559e+01		7.3799470e+01		7.3799470e+01		4.4262043e-11
3.7200000e+02		3.7300000e+02		3.7250000e+02		3.1177186e+02		3.5267538e+01		7.4352059e+01		6.1085169e+01		6.1085169e+01		3.2916639e-11
3.7300000e+02		3.7400000e+02		3.7350000e+02		2.7192112e+02		3.0793288e+01		6.4918016e+01		5.3335539e+01		5.3335539e+01		2.9798186e-11
3.7400000e+02		3.7500000e+02		3.7450000e+02		2.7832167e+02		3.1679515e+01		6.6785031e+01		5.4870529e+01		5.4870529e+01		3.5615336e-11
3.7500000e+02		3.7600000e+02		3.7550000e+02		3.1876744e+02		3.6201628e+01		7.6316822e+01		6.2703059e+01		6.2703059e+01		3.8004296e-11
3.7600000e+02		3.7700000e+02		3.7650000e+02		3.3048657e+02		3.7494179e+01		7.9040139e+01		6.4941822e+01		6.4941822e+01		3.8023317e-11
3.7700000e+02		3.7800000e+02		3.7750000e+02		3.8770864e+02		4.4067661e+01		9.2895706e+01		7.6327427e+01		7.6327427e+01		4.7082675e-11
3.7800000e+02		3.7900000e+02		3.7850000e+02		4.0380398e+02		4.5906248e+01		9.6769690e+01		7.9511954e+01		7.9511954e+01		4.9291185e-11
3.7900000e+02		3.8000000e+02		3.7950000e+02		3.2744385e+02		3.7138372e+01		7.8285698e+01		6.4325547e+01		6.4325547e+01		3.7121844e-11
3.8000000e+02		3.8100000e+02		3.8050000e+02		3.5656330e+02		4.0459344e+01		8.5284582e+01		7.0077639e+01		7.0077639e+01		4.1122281e-11
3.8100000e+02		3.8200000e+02		3.8150000e+02		3.2019140e+02		3.6634860e+01		7.7221542e+01		6.3453440e+01		6.3453440e+01		4.7140535e-11
3.8200000e+02		3.8300000e+02		3.8250000e+02		2.2964197e+02		2.6033021e+01		5.4873270e+01		4.5090516e+01		4.5090516e+01		2.5641843e-11
3.8300000e+02		3.8400000e+02		3.8350000e+02		2.0267593e+02		2.3049976e+01		4.8584662e+01		3.9923729e+01		3.9923729e+01		2.5041599e-11
3.8400000e+02		3.8500000e+02		3.8450000e+02		2.7111947e+02		3.0849789e+01		6.5023966e+01		5.3433402e+01		5.3433402e+01		3.3940099e-11
3.8500000e+02		3.8600000e+02		3.8550000e+02		2.8715912e+02		3.2564030e+01		6.8636015e+01		5.6402555e+01		5.6402555e+01		3.2497650e-11
3.8600000e+02		3.8700000e+02		3.8650000e+02		2.8837692e+02		3.2884173e+01		6.9309630e+01		5.6957059e+01		5.6957059e+01		3.8412199e-11
3.8700000e+02		3.8800000e+02		3.8750000e+02		2.8805300e+02		3.2762504e+01		6.9052051e+01		5.6746322e+01		5.6746322e+01		3.5636738e-11
3.8800000e+02		3.8900000e+02		3.8850000e+02		2.9209390e+02		3.3171784e+01		6.9913536e+01		5.7455216e+01		5.7455216e+01		3.4420827e-11
3.8900000e+02		3.9000000e+02		3.8950000e+02		3.5069332e+02		3.9864137e+01		8.4017129e+01		6.9046711e+01		6.9046711e+01		4.2590555e-11
3.9000000e+02		3.9100000e+02		3.9050000e+02		3.6838836e+02		4.2078536e+01		8.8682762e+01		7.2882162e+01		7.2882162e+01		5.1467784e-11
3.9100000e+02		3.9200000e+02		3.9150000e+02		3.9613874e+02		4.5054154e+01		9.4952554e+01		7.8036083e+01		7.8036083e+01		4.8944818e-11
3.9200000e+02		3.9300000e+02		3.9250000e+02		3.0403432e+02		3.4504305e+01		7.2717410e+01		5.9763209e+01		5.9763209e+01		3.4922818e-11
3.9300000e+02		3.9400000e+02		3.9350000e+02		1.8639471e+02		2.1180404e+01		4.4636769e+01		3.6685536e+01		3.6685536e+01		2.2433416e-11
3.9400000e+02		3.9500000e+02		3.9450000e+02		3.0813115e+02		3.4852202e+01		7.3448380e+01		6.0365784e+01		6.0365784e+01		3.2059239e-11
3.9500000e+02		3.9600000e+02		3.9550000e+02		3.7840801e+02		4.3286488e+01		9.1221650e+01		7.4974397e+01		7.4974397e+01		5.5133979e-11
3.9600000e+02		3.9700000e+02		3.9650000e+02		2.6140326e+02		2.9772940e+01		6.2742511e+01		5.1568244e+01		5.1568244e+01		3.3631038e-11
3.9700000e+02		3.9800000e+02		3.9750000e+02		2.9300657e+02		3.3331630e+01		7.0241000e+01		5.7732077e+01		5.7732077e+01		3.6327343e-11
3.9800000e+02		3.9900000e+02		3.9850000e+02		4.5124719e+02		5.1358638e+01		1.0822875e+02		8.8955770e+01		8.8955770e+01		5.7110678e-11
3.9900000e+02		4.0000000e+02		3.9950000e+02		4.9846141e+02		5.6597985e+01		1.1926834e+02		9.8030586e+01		9.8030586e+01		5.9117885e-11
4.0000000e+02		4.0100000e+02		4.0050000e+02		5.1407199e+02		5.8515177e+01		1.2330594e+02		1.0135126e+02		1.0135126e+02		6.4790569e-11
4.0100000e+02		4.0200000e+02		4.0150000e+02		5.3860814e+02		6.1279534e+01		1.2912911e+02		1.0613927e+02		1.0613927e+02		6.6609893e-11
4.0200000e+02		4.0300000e+02		4.0250000e+02		5.4526519e+02		6.1721196e+01		1.3005803e+02		1.0690425e+02		1.0690425e+02		5.7943539e-11
4.0300000e+02		4.0400000e+02		4.0350000e+02		5.2165796e+02		5.9518010e+01		1.2541384e+02		1.0308822e+02		1.0308822e+02		7.0388942e-11
4.0400000e+02		4.0500000e+02		4.0450000e+02		5.1300620e+02		5.8606682e+01		1.2349190e+02		1.0150975e+02		1.0150975e+02		7.1900883e-11
4.0500000e+02		4.0600000e+02		4.0550000e+02		5.1256585e+02		5.8122682e+01		1.2247045e+02		1.0067144e+02		1.0067144e+02		5.7513238e-11
4.0600000e+02		4.0700000e+02		4.0650000e+02		4.9035274e+02		5.5375775e+01		1.1668094e+02		9.5913655e+01		9.5913655e+01		4.8604617e-11
4.0700000e+02		4.0800000e+02		4.0750000e+02		4.9838294e+02		5.6485083e+01		1.1901683e+02		9.7835034e+01		9.7835034e+01		5.4950377e-11
4.0800000e+02		4.0900000e+02		4.0850000e+02		5.2990289e+02		6.0390545e+01		1.2724424e+02		1.0459949e+02		1.0459949e+02		6.8914492e-11
4.0900000e+02		4.1000000e+02		4.0950000e+02		5.2713439e+02		5.9904789e+01		1.2621918e+02		1.0375814e+02		1.0375814e+02		6.3193564e-11
4.1000000e+02		4.1100000e+02		4.1050000e+02		4.8293937e+02		5.4923147e+01		1.1572147e+02		9.5129681e+01		9.5129681e+01		5.8882680e-11
4.1100000e+02		4.1200000e+02		4.1150000e+02		5.5986852e+02		6.3695822e+01		1.3420362e+02		1.1032440e+02		1.1032440e+02		6.8992239e-11
4.1200000e+02		4.1300000e+02		4.1250000e+02		5.4940473e+02		6.2480351e+01		1.3164113e+02		1.0821914e+02		1.0821914e+02		6.6932919e-11
4.1300000e+02		4.1400000e+02		4.1350000e+02		5.2995399e+02		6.0181365e+01		1.2679586e+02		1.0423718e+02		1.0423718e+02		6.1787113e-11
4.1400000e+02		4.1500000e+02		4.1450000e+02		5.3771640e+02		6.1200451e+01		1.2894147e+02		1.0600229e+02		1.0600229e+02		6.7011619e-11
4.1500000e+02		4.1600000e+02		4.1550000e+02		5.3722776e+02		6.0572940e+01		1.2761792e+02		1.0491541e+02		1.0491541e+02		5.0607431e-11
4.1600000e+02		4.1700000e+02		4.1650000e+02		5.5745703e+02		6.3357085e+01		1.3348218e+02		1.0973769e+02		1.0973769e+02		6.6595001e-11
4.1700000e+02		4.1800000e+02		4.1750000e+02		5.0725322e+02		5.7899168e+01		1.2198197e+02		1.0028430e+02		1.0028430e+02		6.8709737e-11
4.1800000e+02		4.1900000e+02		4.1850000e+02		5.2601513e+02		5.9955391e+01		1.2631275e+02		1.0384578e+02		1.0384578e+02		6.8469185e-11
4.1900000e+02		4.2000000e+02		4.1950000e+02		5.3123875e+02		6.0303817e+01		1.2704529e+02		1.0444927e+02		1.0444927e+02		6.1201380e-11
4.2000000e+02		4.2100000e+02		4.2050000e+02		5.3797708e+02		6.1219408e+01		1.2897282e+02		1.0603513e+02		1.0603513e+02		6.7169333e-11
4.2100000e+02		4.2200000e+02		4.2150000e+02		5.2958361e+02		6.0156871e+01		1.2673299e+02		1.0419476e+02		1.0419476e+02		6.2183269e-11
4.2200000e+02		4.2300000e+02		4.2250000e+02		5.0190537e+02		5.7212578e+01		1.2052896e+02		9.9095092e+01		9.9095092e+01		6.5460381e-11
4.2300000e+02		4.2400000e+02		4.2350000e+02		5.3474862e+02		6.0872159e+01		1.2823722e+02		1.0543367e+02		1.0543367e+02		6.6795969e-11
4.2400000e+02		4.2500000e+02		4.2450000e+02		5.5328403e+02		6.3012878e+01		1.3274564e+02		1.0914151e+02		1.0914151e+02		7.0047304e-11
4.2500000e+02		4.2600000e+02		4.2550000e+02		5.3248014e+02		6.0615318e+01		1.2769354e+02		1.0498881e+02		1.0498881e+02		6.6534619e-11
4.2600000e+02		4.2700000e+02		4.2650000e+02		5.3029841e+02		6.0223483e+01		1.2686683e+02		1.0431013e+02		1.0431013e+02		6.1713696e-11
4.2700000e+02		4.2800000e+02		4.2750000e+02		4.9171747e+02		5.5822974e+01		1.1759555e+02		9.6688227e+01		9.6688227e+01		5.6653527e-11
4.2800000e+02		4.2900000e+02		4.2850000e+02		4.9494538e+02		5.6342917e+01		1.1868969e+02		9.7588795e+01		9.7588795e+01		6.1751815e-11
4.2900000e+02		4.3000000e+02		4.2950000e+02		4.6063718e+02		5.2391092e+01		1.1036388e+02		9.0744033e+01		9.0744033e+01		5.5943887e-11
4.3000000e+02		4.3100000e+02		4.3050000e+02		3.7055843e+02		4.1975548e+01		8.8422286e+01		7.2703782e+01		7.2703782e+01		3.9871389e-11
4.3100000e+02		4.3200000e+02		4.3150000e+02		4.5818753e+02		5.2174177e+01		1.0990486e+02		9.0368326e+01		9.0368326e+01		5.8149444e-11
4.3200000e+02		4.3300000e+02		4.3250000e+02		5.1625369e+02		5.9218239e+01		1.2474201e+02		1.0256900e+02		1.0256900e+02		8.0287701e-11
4.3300000e+02		4.3400000e+02		4.3350000e+02		5.6047485e+02		6.3255240e+01		1.3324465e+02		1.0956129e+02		1.0956129e+02		5.4031747e-11
4.3400000e+02		4.3500000e+02		4.3450000e+02		4.7595241e+02		5.4905865e+01		1.1565597e+02		9.5099747e+01		9.5099747e+01		8.8139102e-11
4.3500000e+02		4.3600000e+02		4.3550000e+02		5.3162725e+02		6.0179446e+01		1.2676332e+02		1.0423386e+02		1.0423386e+02		5.5428126e-11
4.3600000e+02		4.3700000e+02		4.3650000e+02		5.9481241e+02		6.7216071e+01		1.4158417e+02		1.1642165e+02		1.1642165e+02		5.9580917e-11
4.3700000e+02		4.3800000e+02		4.3750000e+02		5.2629983e+02		6.0199894e+01		1.2680416e+02		1.0426927e+02		1.0426927e+02		7.6280041e-11
4.3800000e+02		4.3900000e+02		4.3850000e+02		5.1257868e+02		5.8136605e+01		1.2245702e+02		1.0069555e+02		1.0069555e+02		5.7250921e-11
4.3900000e+02		4.4000000e+02		4.3950000e+02		5.7051902e+02		6.5084178e+01		1.3708999e+02		1.1272910e+02		1.1272910e+02		7.5985575e-11
4.4000000e+02		4.4100000e+02		4.4050000e+02		5.4089681e+02		6.1461667e+01		1.2945868e+02		1.0645473e+02		1.0645473e+02		6.3795985e-11
4.4100000e+02		4.4200000e+02		4.4150000e+02		5.9491633e+02		6.7493692e+01		1.4216399e+02		1.1690250e+02		1.1690250e+02		6.7784942e-11
4.4200000e+02		4.4300000e+02		4.4250000e+02		6.2544254e+02		7.0958934e+01		1.4946245e+02		1.2290448e+02		1.2290448e+02		7.1925791e-11
4.4300000e+02		4.4400000e+02		4.4350000e+02		6.0497206e+02		6.8567608e+01		1.4442427e+02		1.1876258e+02		1.1876258e+02		6.7264817e-11
4.4400000e+02		4.4500000e+02		4.4450000e+02		6.2324411e+02		7.0684564e+01		1.4888333e+02		1.2242926e+02		1.2242926e+02		7.1798273e-11
4.4500000e+02		4.4600000e+02		4.4550000e+02		5.7783999e+02		6.5632014e+01		1.3823973e+02		1.1367798e+02		1.1367798e+02		6.9299630e-11
4.4600000e+02		4.4700000e+02		4.4650000e+02		5.8940025e+02		6.6979352e+01		1.4107486e+02		1.1601164e+02		1.1601164e+02		7.0616438e-11
4.4700000e+02		4.4800000e+02		4.4750000e+02		6.3881895e+02		7.2699220e+01		1.5312069e+02		1.2591874e+02		1.2591874e+02		7.9430322e-11
4.4800000e+02		4.4900000e+02		4.4850000e+02		6.2805979e+02		7.1578168e+01		1.5075788e+02		1.2397702e+02		1.2397702e+02		8.1098490e-11
4.4900000e+02		4.5000000e+02		4.4950000e+02		6.3454704e+02		7.1940944e+01		1.5152060e+02		1.2460537e+02		1.2460537e+02		6.9084327e-11
4.5000000e+02		4.5100000e+02		4.5050000e+02		6.7325368e+02		7.6062634e+01		1.6020038e+02		1.3174435e+02		1.3174435e+02		6.7055421e-11
4.5100000e+02		4.5200000e+02		4.5150000e+02		6.7122600e+02		7.6346158e+01		1.6079634e+02		1.3223542e+02		1.3223542e+02		8.1221710e-11
4.5200000e+02		4.5300000e+02		4.5250000e+02		6.3541039e+02		7.2072269e+01		1.5179377e+02		1.2483283e+02		1.2483283e+02		7.0764114e-11
4.5300000e+02		4.5400000e+02		4.5350000e+02		6.0888666e+02		6.9181471e+01		1.4570431e+02		1.1982582e+02		1.1982582e+02		7.1077944e-11
4.5400000e+02		4.5500000e+02		4.5450000e+02		6.4999363e+02		7.3611884e+01		1.5503417e+02		1.2749952e+02		1.2749952e+02		6.9096474e-11
4.5500000e+02		4.5600000e+02		4.5550000e+02		6.4380306e+02		7.3318900e+01		1.5441602e+02		1.2699206e+02		1.2699206e+02		8.0676173e-11
4.5600000e+02		4.5700000e+02		4.5650000e+02		6.6853861e+02		7.5765847e+01		1.5956838e+02		1.3123030e+02		1.3123030e+02		7.2517193e-11
4.5700000e+02		4.5800000e+02		4.5750000e+02		6.7499745e+02		7.6840343e+01		1.6183022e+02		1.3309138e+02		1.3309138e+02		8.3615235e-11
4.5800000e+02		4.5900000e+02		4.5850000e+02		6.3439039e+02		7.2077590e+01		1.5179855e+02		1.2484205e+02		1.2484205e+02		7.4287707e-11
4.5900000e+02		4.6000000e+02		4.5950000e+02		6.5539586e+02		7.4356960e+01		1.5659793e+02		1.2879003e+02		1.2879003e+02		7.3499705e-11
4.6000000e+02		4.6100000e+02		4.6050000e+02		6.4752339e+02		7.3474753e+01		1.5473894e+02		1.2726201e+02		1.2726201e+02		7.2774183e-11
4.6100000e+02		4.6200000e+02		4.6150000e+02		6.6245412e+02		7.4990482e+01		1.5793004e+02		1.2988732e+02		1.2988732e+02		6.9399032e-11
4.6200000e+02		4.6300000e+02		4.6250000e+02		6.6901120e+02		7.6197358e+01		1.6047067e+02		1.3197770e+02		1.3197770e+02		8.4018425e-11
4.6300000e+02		4.6400000e+02		4.6350000e+02		6.4662616e+02		7.3274530e+01		1.5431423e+02		1.2691521e+02		1.2691521e+02		6.9812738e-11
4.6400000e+02		4.6500000e+02		4.6450000e+02		6.5795753e+02		7.4843503e+01		1.5761743e+02		1.2963275e+02		1.2963275e+02		7.9852825e-11
4.6500000e+02		4.6600000e+02		4.6550000e+02		6.3552746e+02		7.2088407e+01		1.5181435e+02		1.2486078e+02		1.2486078e+02		7.0466681e-11
4.6600000e+02		4.6700000e+02		4.6650000e+02		6.3955371e+02		7.2802856e+01		1.5331798e+02		1.2609825e+02		1.2609825e+02		7.8983613e-11
4.6700000e+02		4.6800000e+02		4.6750000e+02		6.4572639e+02		7.3390666e+01		1.5455529e+02		1.2711636e+02		1.2711636e+02		7.6592189e-11
4.6800000e+02		4.6900000e+02		4.6850000e+02		6.3145002e+02		7.1885432e+01		1.5138441e+02		1.2450922e+02		1.2450922e+02		7.8410884e-11
4.6900000e+02		4.7000000e+02		4.6950000e+02		6.4956875e+02		7.3591779e+01		1.5497727e+02		1.2746470e+02		1.2746470e+02		7.0085920e-11
4.7000000e+02		4.7100000e+02		4.7050000e+02		6.1381170e+02		6.9573633e+01		1.4651459e+02		1.2050507e+02		1.2050507e+02		6.7237243e-11
4.7100000e+02		4.7200000e+02		4.7150000e+02		6.4174114e+02		7.2877915e+01		1.5347231e+02		1.2622825e+02		1.2622825e+02		7.4468222e-11
4.7200000e+02		4.7300000e+02		4.7250000e+02		6.5742798e+02		7.4695351e+01		1.5729874e+02		1.2937614e+02		1.2937614e+02		7.7386755e-11
4.7300000e+02		4.7400000e+02		4.7350000e+02		6.4563741e+02		7.3304101e+01		1.5436863e+02		1.2696643e+02		1.2696643e+02		7.4893841e-11
4.7400000e+02		4.7500000e+02		4.7450000e+02		6.6512717e+02		7.5593851e+01		1.5918874e+02		1.3093239e+02		1.3093239e+02		7.8707027e-11
4.7500000e+02		4.7600000e+02		4.7550000e+02		6.6365303e+02		7.5272270e+01		1.5851002e+02		1.3037540e+02		1.3037540e+02		7.3483953e-11
4.7600000e+02		4.7700000e+02		4.7650000e+02		6.3952653e+02		7.2622475e+01		1.5292906e+02		1.2578582e+02		1.2578582e+02		7.3339409e-11
4.7700000e+02		4.7800000e+02		4.7750000e+02		6.6772274e+02		7.5817737e+01		1.5965678e+02		1.3132017e+02		1.3132017e+02		7.6268390e-11
4.7800000e+02		4.7900000e+02		4.7850000e+02		6.6128260e+02		7.5363521e+01		1.5869942e+02		1.3053345e+02		1.3053345e+02		8.4285836e-11
4.7900000e+02		4.8000000e+02		4.7950000e+02		6.6320839e+02		7.5434392e+01		1.5884779e+02		1.3065620e+02		1.3065620e+02		7.9759889e-11
4.8000000e+02		4.8100000e+02		4.8050000e+02		6.6489751e+02		7.5419408e+01		1.5881539e+02		1.3063025e+02		1.3063025e+02		7.3157855e-11
4.8100000e+02		4.8200000e+02		4.8150000e+02		6.6630748e+02		7.5322838e+01		1.5861119e+02		1.3046298e+02		1.3046298e+02		6.6723874e-11
4.8200000e+02		4.8300000e+02		4.8250000e+02		6.6376999e+02		7.5110251e+01		1.5816270e+02		1.3009477e+02		1.3009477e+02		6.8419490e-11
4.8300000e+02		4.8400000e+02		4.8350000e+02		6.5373157e+02		7.4336469e+01		1.5653265e+02		1.2875454e+02		1.2875454e+02		7.7965206e-11
4.8400000e+02		4.8500000e+02		4.8450000e+02		6.4242337e+02		7.2555757e+01		1.5278247e+02		1.2567026e+02		1.2567026e+02		6.2448863e-11
4.8500000e+02		4.8600000e+02		4.8550000e+02		6.0369332e+02		6.8455176e+01		1.4414752e+02		1.1856784e+02		1.1856784e+02		6.6914743e-11
4.8600000e+02		4.8700000e+02		4.8650000e+02		5.2412565e+02		5.9439325e+01		1.2516162e+02		1.0295193e+02		1.0295193e+02		5.7952844e-11
4.8700000e+02		4.8800000e+02		4.8750000e+02		5.9966111e+02		6.7849126e+01		1.4286984e+02		1.1751813e+02		1.1751813e+02		6.2122756e-11
4.8800000e+02		4.8900000e+02		4.8850000e+02		6.3081686e+02		7.1439734e+01		1.5042985e+02		1.2373725e+02		1.2373725e+02		6.7136993e-11
4.8900000e+02		4.9000000e+02		4.8950000e+02		6.1880396e+02		7.0282078e+01		1.4799138e+02		1.2173213e+02		1.2173213e+02		7.1684538e-11
4.9000000e+02		4.9100000e+02		4.9050000e+02		6.5907671e+02		7.4694577e+01		1.5728163e+02		1.2937480e+02		1.2937480e+02		7.1367451e-11
4.9100000e+02		4.9200000e+02		4.9150000e+02		6.2110374e+02		7.0597562e+01		1.4865406e+02		1.2227856e+02		1.2227856e+02		7.3727605e-11
4.9200000e+02		4.9300000e+02		4.9250000e+02		5.9112858e+02		6.6922221e+01		1.4091392e+02		1.1591269e+02		1.1591269e+02		6.1649032e-11
4.9300000e+02		4.9400000e+02		4.9350000e+02		6.2472140e+02		7.0776434e+01		1.4902873e+02		1.2258838e+02		1.2258838e+02		6.6596811e-11
4.9400000e+02		4.9500000e+02		4.9450000e+02		6.4279699e+02		7.2882727e+01		1.5346303e+02		1.2623659e+02		1.2623659e+02		7.0165945e-11
4.9500000e+02		4.9600000e+02		4.9550000e+02		6.3133158e+02		7.1418795e+01		1.5037986e+02		1.2370098e+02		1.2370098e+02		6.4316010e-11
4.9600000e+02		4.9700000e+02		4.9650000e+02		6.3921352e+02		7.2460363e+01		1.5257230e+02		1.2550503e+02		1.2550503e+02		6.9252323e-11
4.9700000e+02		4.9800000e+02		4.9750000e+02		6.5113923e+02		7.3848712e+01		1.5549490e+02		1.2790972e+02		1.2790972e+02		7.1615401e-11
4.9800000e+02		4.9900000e+02		4.9850000e+02		5.9175801e+02		6.6931920e+01		1.4093046e+02		1.1592949e+02		1.1592949e+02		6.0048523e-11
4.9900000e+02		5.0000000e+02		4.9950000e+02		6.3385792e+02		7.1610986e+01		1.5078240e+02		1.2403387e+02		1.2403387e+02		6.2477900e-11
