Left Bin Edge (nm)	Right Bin Edge (nm)	Bin Center (nm)		Top of Atm Intensity (erg/s/nm/cm2)		Total Surface Flux (erg/s/nm/cm2)		Total Intensity at BOA (erg/s/nm/cm2)		Total Surface Intensity (erg/s/nm/cm2)		Total Surface Diffuse Intensity (erg/s/nm/cm2)		Total Surface Direct Intensity (erg/s/nm/cm2)
1.0000000e+02		1.0100000e+02		1.0050000e+02		1.9189487e-02		0.0000000e+00		0.0000000e+00		0.0000000e+00		0.0000000e+00		0.0000000e+00
1.0100000e+02		1.0200000e+02		1.0150000e+02		7.4861701e-02		0.0000000e+00		0.0000000e+00		0.0000000e+00		0.0000000e+00		0.0000000e+00
1.0200000e+02		1.0300000e+02		1.0250000e+02		3.9734366e-01		0.0000000e+00		0.0000000e+00		0.0000000e+00		0.0000000e+00		0.0000000e+00
1.0300000e+02		1.0400000e+02		1.0350000e+02		3.0179545e-01		0.0000000e+00		0.0000000e+00		0.0000000e+00		0.0000000e+00		0.0000000e+00
1.0400000e+02		1.0500000e+02		1.0450000e+02		6.0815352e-02		0.0000000e+00		0.0000000e+00		0.0000000e+00		0.0000000e+00		0.0000000e+00
1.0500000e+02		1.0600000e+02		1.0550000e+02		2.0834600e-02		0.0000000e+00		0.0000000e+00		0.0000000e+00		0.0000000e+00		0.0000000e+00
1.0600000e+02		1.0700000e+02		1.0650000e+02		1.9584792e-02		0.0000000e+00		0.0000000e+00		0.0000000e+00		0.0000000e+00		0.0000000e+00
1.0700000e+02		1.0800000e+02		1.0750000e+02		2.1853879e-02		0.0000000e+00		0.0000000e+00		0.0000000e+00		0.0000000e+00		0.0000000e+00
1.0800000e+02		1.0900000e+02		1.0850000e+02		3.0634999e-02		0.0000000e+00		0.0000000e+00		0.0000000e+00		0.0000000e+00		0.0000000e+00
1.0900000e+02		1.1000000e+02		1.0950000e+02		2.4032561e-02		0.0000000e+00		0.0000000e+00		0.0000000e+00		0.0000000e+00		0.0000000e+00
1.1000000e+02		1.1100000e+02		1.1050000e+02		2.3268893e-02		0.0000000e+00		0.0000000e+00		0.0000000e+00		0.0000000e+00		0.0000000e+00
1.1100000e+02		1.1200000e+02		1.1150000e+02		2.1871272e-02		0.0000000e+00		0.0000000e+00		0.0000000e+00		0.0000000e+00		0.0000000e+00
1.1200000e+02		1.1300000e+02		1.1250000e+02		2.2375602e-02		0.0000000e+00		0.0000000e+00		0.0000000e+00		0.0000000e+00		0.0000000e+00
1.1300000e+02		1.1400000e+02		1.1350000e+02		1.7748133e-02		0.0000000e+00		0.0000000e+00		0.0000000e+00		0.0000000e+00		0.0000000e+00
1.1400000e+02		1.1500000e+02		1.1450000e+02		1.3589480e-02		0.0000000e+00		0.0000000e+00		0.0000000e+00		0.0000000e+00		0.0000000e+00
1.1500000e+02		1.1600000e+02		1.1550000e+02		1.8751615e-02		0.0000000e+00		0.0000000e+00		0.0000000e+00		0.0000000e+00		0.0000000e+00
1.1600000e+02		1.1700000e+02		1.1650000e+02		4.3674487e-02		0.0000000e+00		0.0000000e+00		0.0000000e+00		0.0000000e+00		0.0000000e+00
1.1700000e+02		1.1800000e+02		1.1750000e+02		1.5546757e-01		0.0000000e+00		0.0000000e+00		0.0000000e+00		0.0000000e+00		0.0000000e+00
1.1800000e+02		1.1900000e+02		1.1850000e+02		5.2889236e-02		0.0000000e+00		0.0000000e+00		0.0000000e+00		0.0000000e+00		0.0000000e+00
1.1900000e+02		1.2000000e+02		1.1950000e+02		7.3692884e-02		0.0000000e+00		0.0000000e+00		0.0000000e+00		0.0000000e+00		0.0000000e+00
1.2000000e+02		1.2100000e+02		1.2050000e+02		4.0066072e-01		0.0000000e+00		0.0000000e+00		0.0000000e+00		0.0000000e+00		0.0000000e+00
1.2100000e+02		1.2200000e+02		1.2150000e+02		1.5905289e+01		0.0000000e+00		0.0000000e+00		0.0000000e+00		0.0000000e+00		0.0000000e+00
1.2200000e+02		1.2300000e+02		1.2250000e+02		1.0666543e-01		0.0000000e+00		0.0000000e+00		0.0000000e+00		0.0000000e+00		0.0000000e+00
1.2300000e+02		1.2400000e+02		1.2350000e+02		5.7456553e-02		0.0000000e+00		0.0000000e+00		0.0000000e+00		0.0000000e+00		0.0000000e+00
1.2400000e+02		1.2500000e+02		1.2450000e+02		4.6184197e-02		0.0000000e+00		0.0000000e+00		0.0000000e+00		0.0000000e+00		0.0000000e+00
1.2500000e+02		1.2600000e+02		1.2550000e+02		4.5085118e-02		0.0000000e+00		0.0000000e+00		0.0000000e+00		0.0000000e+00		0.0000000e+00
1.2600000e+02		1.2700000e+02		1.2650000e+02		6.3054464e-02		0.0000000e+00		0.0000000e+00		0.0000000e+00		0.0000000e+00		0.0000000e+00
1.2700000e+02		1.2800000e+02		1.2750000e+02		3.3006429e-02		0.0000000e+00		0.0000000e+00		0.0000000e+00		0.0000000e+00		0.0000000e+00
1.2800000e+02		1.2900000e+02		1.2850000e+02		2.6335196e-02		0.0000000e+00		0.0000000e+00		0.0000000e+00		0.0000000e+00		0.0000000e+00
1.2900000e+02		1.3000000e+02		1.2950000e+02		3.5131240e-02		0.0000000e+00		0.0000000e+00		0.0000000e+00		0.0000000e+00		0.0000000e+00
1.3000000e+02		1.3100000e+02		1.3050000e+02		2.8850634e-01		0.0000000e+00		0.0000000e+00		0.0000000e+00		0.0000000e+00		0.0000000e+00
1.3100000e+02		1.3200000e+02		1.3150000e+02		3.9064855e-02		0.0000000e+00		0.0000000e+00		0.0000000e+00		0.0000000e+00		0.0000000e+00
1.3200000e+02		1.3300000e+02		1.3250000e+02		3.0374778e-02		0.0000000e+00		0.0000000e+00		0.0000000e+00		0.0000000e+00		0.0000000e+00
1.3300000e+02		1.3400000e+02		1.3350000e+02		4.1056606e-01		0.0000000e+00		0.0000000e+00		0.0000000e+00		0.0000000e+00		0.0000000e+00
1.3400000e+02		1.3500000e+02		1.3450000e+02		2.8092500e-02		0.0000000e+00		0.0000000e+00		0.0000000e+00		0.0000000e+00		0.0000000e+00
1.3500000e+02		1.3600000e+02		1.3550000e+02		5.8954708e-02		0.0000000e+00		0.0000000e+00		0.0000000e+00		0.0000000e+00		0.0000000e+00
1.3600000e+02		1.3700000e+02		1.3650000e+02		3.8690656e-02		0.0000000e+00		0.0000000e+00		0.0000000e+00		0.0000000e+00		0.0000000e+00
1.3700000e+02		1.3800000e+02		1.3750000e+02		3.9732879e-02		0.0000000e+00		0.0000000e+00		0.0000000e+00		0.0000000e+00		0.0000000e+00
1.3800000e+02		1.3900000e+02		1.3850000e+02		4.0549866e-02		0.0000000e+00		0.0000000e+00		0.0000000e+00		0.0000000e+00		0.0000000e+00
1.3900000e+02		1.4000000e+02		1.3950000e+02		1.3692187e-01		0.0000000e+00		0.0000000e+00		0.0000000e+00		0.0000000e+00		0.0000000e+00
1.4000000e+02		1.4100000e+02		1.4050000e+02		1.1939088e-01		0.0000000e+00		0.0000000e+00		0.0000000e+00		0.0000000e+00		0.0000000e+00
1.4100000e+02		1.4200000e+02		1.4150000e+02		5.7521948e-02		0.0000000e+00		0.0000000e+00		0.0000000e+00		0.0000000e+00		0.0000000e+00
1.4200000e+02		1.4300000e+02		1.4250000e+02		6.2343151e-02		0.0000000e+00		0.0000000e+00		0.0000000e+00		0.0000000e+00		0.0000000e+00
1.4300000e+02		1.4400000e+02		1.4350000e+02		6.9165895e-02		0.0000000e+00		0.0000000e+00		0.0000000e+00		0.0000000e+00		0.0000000e+00
1.4400000e+02		1.4500000e+02		1.4450000e+02		6.6149126e-02		0.0000000e+00		0.0000000e+00		0.0000000e+00		0.0000000e+00		0.0000000e+00
1.4500000e+02		1.4600000e+02		1.4550000e+02		7.0536262e-02		0.0000000e+00		0.0000000e+00		0.0000000e+00		0.0000000e+00		0.0000000e+00
1.4600000e+02		1.4700000e+02		1.4650000e+02		8.6012655e-02		0.0000000e+00		0.0000000e+00		0.0000000e+00		0.0000000e+00		0.0000000e+00
1.4700000e+02		1.4800000e+02		1.4750000e+02		1.0610345e-01		0.0000000e+00		0.0000000e+00		0.0000000e+00		0.0000000e+00		0.0000000e+00
1.4800000e+02		1.4900000e+02		1.4850000e+02		1.0405386e-01		0.0000000e+00		0.0000000e+00		0.0000000e+00		0.0000000e+00		0.0000000e+00
1.4900000e+02		1.5000000e+02		1.4950000e+02		9.4002421e-02		0.0000000e+00		0.0000000e+00		0.0000000e+00		0.0000000e+00		0.0000000e+00
1.5000000e+02		1.5100000e+02		1.5050000e+02		1.0343288e-01		0.0000000e+00		0.0000000e+00		0.0000000e+00		0.0000000e+00		0.0000000e+00
1.5100000e+02		1.5200000e+02		1.5150000e+02		1.0875212e-01		0.0000000e+00		0.0000000e+00		0.0000000e+00		0.0000000e+00		0.0000000e+00
1.5200000e+02		1.5300000e+02		1.5250000e+02		1.3876638e-01		0.0000000e+00		0.0000000e+00		0.0000000e+00		0.0000000e+00		0.0000000e+00
1.5300000e+02		1.5400000e+02		1.5350000e+02		1.5371418e-01		0.0000000e+00		0.0000000e+00		0.0000000e+00		0.0000000e+00		0.0000000e+00
1.5400000e+02		1.5500000e+02		1.5450000e+02		4.1112511e-01		0.0000000e+00		0.0000000e+00		0.0000000e+00		0.0000000e+00		0.0000000e+00
1.5500000e+02		1.5600000e+02		1.5550000e+02		3.3836363e-01		0.0000000e+00		0.0000000e+00		0.0000000e+00		0.0000000e+00		0.0000000e+00
1.5600000e+02		1.5700000e+02		1.5650000e+02		2.0084632e-01		0.0000000e+00		0.0000000e+00		0.0000000e+00		0.0000000e+00		0.0000000e+00
1.5700000e+02		1.5800000e+02		1.5750000e+02		1.8216796e-01		0.0000000e+00		0.0000000e+00		0.0000000e+00		0.0000000e+00		0.0000000e+00
1.5800000e+02		1.5900000e+02		1.5850000e+02		1.6795176e-01		0.0000000e+00		0.0000000e+00		0.0000000e+00		0.0000000e+00		0.0000000e+00
1.5900000e+02		1.6000000e+02		1.5950000e+02		1.6379377e-01		0.0000000e+00		0.0000000e+00		0.0000000e+00		0.0000000e+00		0.0000000e+00
1.6000000e+02		1.6100000e+02		1.6050000e+02		1.7926410e-01		0.0000000e+00		0.0000000e+00		0.0000000e+00		0.0000000e+00		0.0000000e+00
1.6100000e+02		1.6200000e+02		1.6150000e+02		2.0306941e-01		0.0000000e+00		0.0000000e+00		0.0000000e+00		0.0000000e+00		0.0000000e+00
1.6200000e+02		1.6300000e+02		1.6250000e+02		2.2492895e-01		0.0000000e+00		0.0000000e+00		0.0000000e+00		0.0000000e+00		0.0000000e+00
1.6300000e+02		1.6400000e+02		1.6350000e+02		4.7671727e-01		0.0000000e+00		0.0000000e+00		0.0000000e+00		0.0000000e+00		0.0000000e+00
1.6400000e+02		1.6500000e+02		1.6450000e+02		4.8753270e-01		0.0000000e+00		0.0000000e+00		0.0000000e+00		0.0000000e+00		0.0000000e+00
1.6500000e+02		1.6600000e+02		1.6550000e+02		5.7072689e-01		0.0000000e+00		0.0000000e+00		0.0000000e+00		0.0000000e+00		0.0000000e+00
1.6600000e+02		1.6700000e+02		1.6650000e+02		2.6919628e-01		0.0000000e+00		0.0000000e+00		0.0000000e+00		0.0000000e+00		0.0000000e+00
1.6700000e+02		1.6800000e+02		1.6750000e+02		2.8728373e-01		0.0000000e+00		0.0000000e+00		0.0000000e+00		0.0000000e+00		0.0000000e+00
1.6800000e+02		1.6900000e+02		1.6850000e+02		3.0958866e-01		0.0000000e+00		0.0000000e+00		0.0000000e+00		0.0000000e+00		0.0000000e+00
1.6900000e+02		1.7000000e+02		1.6950000e+02		3.8988989e-01		0.0000000e+00		0.0000000e+00		0.0000000e+00		0.0000000e+00		0.0000000e+00
1.7000000e+02		1.7100000e+02		1.7050000e+02		4.3752516e-01		0.0000000e+00		0.0000000e+00		0.0000000e+00		0.0000000e+00		0.0000000e+00
1.7100000e+02		1.7200000e+02		1.7150000e+02		4.3618394e-01		0.0000000e+00		0.0000000e+00		0.0000000e+00		0.0000000e+00		0.0000000e+00
1.7200000e+02		1.7300000e+02		1.7250000e+02		4.5514763e-01		0.0000000e+00		0.0000000e+00		0.0000000e+00		0.0000000e+00		0.0000000e+00
1.7300000e+02		1.7400000e+02		1.7350000e+02		4.5120572e-01		0.0000000e+00		0.0000000e+00		0.0000000e+00		0.0000000e+00		0.0000000e+00
1.7400000e+02		1.7500000e+02		1.7450000e+02		5.3951828e-01		0.0000000e+00		0.0000000e+00		0.0000000e+00		0.0000000e+00		0.0000000e+00
1.7500000e+02		1.7600000e+02		1.7550000e+02		6.4389120e-01		0.0000000e+00		0.0000000e+00		0.0000000e+00		0.0000000e+00		0.0000000e+00
1.7600000e+02		1.7700000e+02		1.7650000e+02		6.9472845e-01		0.0000000e+00		0.0000000e+00		0.0000000e+00		0.0000000e+00		0.0000000e+00
1.7700000e+02		1.7800000e+02		1.7750000e+02		8.1849614e-01		0.0000000e+00		0.0000000e+00		0.0000000e+00		0.0000000e+00		0.0000000e+00
1.7800000e+02		1.7900000e+02		1.7850000e+02		8.9455089e-01		0.0000000e+00		0.0000000e+00		0.0000000e+00		0.0000000e+00		0.0000000e+00
1.7900000e+02		1.8000000e+02		1.7950000e+02		8.6966614e-01		0.0000000e+00		0.0000000e+00		0.0000000e+00		0.0000000e+00		0.0000000e+00
1.8000000e+02		1.8100000e+02		1.8050000e+02		1.0753674e+00		0.0000000e+00		0.0000000e+00		0.0000000e+00		0.0000000e+00		0.0000000e+00
1.8100000e+02		1.8200000e+02		1.8150000e+02		1.3093431e+00		0.0000000e+00		0.0000000e+00		0.0000000e+00		0.0000000e+00		0.0000000e+00
1.8200000e+02		1.8300000e+02		1.8250000e+02		1.2087370e+00		0.0000000e+00		0.0000000e+00		0.0000000e+00		0.0000000e+00		0.0000000e+00
1.8300000e+02		1.8400000e+02		1.8350000e+02		1.2728289e+00		0.0000000e+00		0.0000000e+00		0.0000000e+00		0.0000000e+00		0.0000000e+00
1.8400000e+02		1.8500000e+02		1.8450000e+02		1.0940339e+00		0.0000000e+00		0.0000000e+00		0.0000000e+00		0.0000000e+00		0.0000000e+00
1.8500000e+02		1.8600000e+02		1.8550000e+02		1.2372281e+00		0.0000000e+00		0.0000000e+00		0.0000000e+00		0.0000000e+00		0.0000000e+00
1.8600000e+02		1.8700000e+02		1.8650000e+02		1.4037992e+00		0.0000000e+00		0.0000000e+00		0.0000000e+00		0.0000000e+00		0.0000000e+00
1.8700000e+02		1.8800000e+02		1.8750000e+02		1.5907538e+00		0.0000000e+00		0.0000000e+00		0.0000000e+00		0.0000000e+00		0.0000000e+00
1.8800000e+02		1.8900000e+02		1.8850000e+02		1.6735993e+00		3.8110839e-221		0.0000000e+00		3.8143623e-221		7.7568994e-224		3.8066054e-221
1.8900000e+02		1.9000000e+02		1.8950000e+02		1.8559600e+00		1.0011998e-152		0.0000000e+00		1.0024187e-152		2.8838861e-155		9.9953480e-153
1.9000000e+02		1.9100000e+02		1.9050000e+02		1.9109940e+00		2.9465161e-106		0.0000000e+00		2.9515599e-106		1.1933835e-108		2.9396261e-106
1.9100000e+02		1.9200000e+02		1.9150000e+02		2.0707336e+00		1.0571919e-80		1.3415288e-77		1.0595226e-80		5.5144343e-83		1.0540081e-80
1.9200000e+02		1.9300000e+02		1.9250000e+02		2.1685186e+00		2.7558322e-62		6.9918431e-60		2.7635371e-62		1.8230079e-64		2.7453071e-62
1.9300000e+02		1.9400000e+02		1.9350000e+02		1.6554009e+00		8.4255737e-51		7.7464619e-49		8.4539203e-51		6.7068675e-53		8.3868516e-51
1.9400000e+02		1.9500000e+02		1.9450000e+02		2.6556632e+00		1.5313278e-45		9.0485244e-44		1.5369254e-45		1.3244113e-47		1.5236813e-45
1.9500000e+02		1.9600000e+02		1.9550000e+02		2.5630279e+00		3.8830848e-42		1.7013767e-40		3.8980911e-42		3.5505394e-44		3.8625857e-42
1.9600000e+02		1.9700000e+02		1.9650000e+02		2.8204934e+00		1.4686642e-39		5.1548218e-38		1.4745694e-39		1.3971916e-41		1.4605975e-39
1.9700000e+02		1.9800000e+02		1.9750000e+02		2.8068384e+00		1.6090535e-36		4.3286002e-35		1.6159096e-36		1.6221809e-38		1.5996878e-36
1.9800000e+02		1.9900000e+02		1.9850000e+02		2.7505577e+00		5.8424291e-29		8.1121435e-28		5.8732513e-29		7.2926098e-31		5.8003252e-29
1.9900000e+02		2.0000000e+02		1.9950000e+02		2.8965557e+00		3.3987575e-23		2.8587796e-22		3.4207315e-23		5.1991028e-25		3.3687405e-23
2.0000000e+02		2.0100000e+02		2.0050000e+02		3.0623388e+00		3.9386035e-23		3.3009081e-22		3.9635331e-23		5.8984102e-25		3.9045490e-23
2.0100000e+02		2.0200000e+02		2.0150000e+02		3.2593670e+00		5.0841909e-22		3.8761512e-21		5.1172321e-22		7.8176516e-24		5.0390556e-22
2.0200000e+02		2.0300000e+02		2.0250000e+02		3.2217937e+00		2.5237031e-20		1.6587506e-19		2.5411142e-20		4.1194916e-22		2.4999192e-20
2.0300000e+02		2.0400000e+02		2.0350000e+02		3.4484145e+00		2.1272834e-18		1.1851788e-17		2.1431523e-18		3.7546287e-20		2.1056060e-18
2.0400000e+02		2.0500000e+02		2.0450000e+02		3.7117169e+00		1.1352106e-16		5.4565814e-16		1.1443571e-16		2.1640760e-18		1.1227163e-16
2.0500000e+02		2.0600000e+02		2.0550000e+02		3.7200399e+00		3.4414589e-15		1.4542812e-14		3.4713002e-15		7.0605203e-17		3.4006950e-15
2.0600000e+02		2.0700000e+02		2.0650000e+02		3.7247532e+00		6.3030884e-14		2.3869071e-13		6.3615502e-14		1.3832215e-15		6.2232280e-14
2.0700000e+02		2.0800000e+02		2.0750000e+02		4.0454145e+00		8.2560735e-13		2.8466124e-12		8.3375082e-13		1.9267651e-14		8.1448317e-13
2.0800000e+02		2.0900000e+02		2.0850000e+02		4.3759554e+00		7.7504604e-12		2.4637264e-11		7.8313693e-12		1.9143258e-13		7.6399368e-12
2.0900000e+02		2.1000000e+02		2.0950000e+02		5.6528678e+00		7.1476342e-11		2.1106462e-10		7.2265073e-11		1.8661574e-12		7.0398916e-11
2.1000000e+02		2.1100000e+02		2.1050000e+02		6.9678423e+00		5.8561844e-10		1.6111781e-09		5.9247237e-10		1.6216580e-11		5.7625579e-10
2.1100000e+02		2.1200000e+02		2.1150000e+02		7.9326445e+00		3.8617245e-09		9.9522313e-09		3.9096901e-09		1.1348781e-10		3.7962023e-09
2.1200000e+02		2.1300000e+02		2.1250000e+02		7.0734222e+00		1.7704971e-08		4.2946370e-08		1.7938596e-08		5.5276357e-10		1.7385833e-08
2.1300000e+02		2.1400000e+02		2.1350000e+02		7.2066449e+00		7.6939977e-08		1.7694141e-07		7.8015258e-08		2.5441400e-09		7.5471118e-08
2.1400000e+02		2.1500000e+02		2.1450000e+02		9.2279181e+00		3.8649963e-07		8.4564405e-07		3.9223171e-07		1.3562240e-08		3.7866947e-07
2.1500000e+02		2.1600000e+02		2.1550000e+02		7.9257408e+00		1.3021078e-06		2.7120249e-06		1.3227583e-06		4.8859444e-08		1.2738988e-06
2.1600000e+02		2.1700000e+02		2.1650000e+02		7.3353469e+00		4.4206262e-06		8.7922319e-06		4.4959292e-06		1.7816863e-07		4.3177605e-06
2.1700000e+02		2.1800000e+02		2.1750000e+02		7.5953881e+00		1.5766369e-05		3.0033674e-05		1.6056589e-05		6.8666695e-07		1.5369922e-05
2.1800000e+02		2.1900000e+02		2.1850000e+02		1.0217230e+01		6.4654936e-05		1.1857391e-04		6.5942915e-05		3.0473889e-06		6.2895526e-05
2.1900000e+02		2.2000000e+02		2.1950000e+02		1.0786519e+01		1.8657185e-04		3.3094481e-04		1.9060435e-04		9.5409885e-06		1.8106336e-04
2.2000000e+02		2.2100000e+02		2.2050000e+02		1.0851638e+01		4.8162095e-04		8.2893694e-04		4.9299747e-04		2.6917133e-05		4.6608034e-04
2.2100000e+02		2.2200000e+02		2.2150000e+02		8.6872371e+00		9.3373410e-04		1.5641464e-03		9.5806110e-04		5.7558307e-05		9.0050280e-04
2.2200000e+02		2.2300000e+02		2.2250000e+02		1.1691346e+01		2.8822499e-03		4.7136486e-03		2.9659265e-03		1.9798097e-04		2.7679456e-03
2.2300000e+02		2.2400000e+02		2.2350000e+02		1.5139682e+01		7.9404004e-03		1.2724119e-02		8.1990108e-03		6.1187894e-04		7.5871319e-03
2.2400000e+02		2.2500000e+02		2.2450000e+02		1.4154944e+01		1.4861429e-02		2.3410294e-02		1.5408559e-02		1.2945219e-03		1.4114037e-02
2.2500000e+02		2.2600000e+02		2.2550000e+02		1.2365614e+01		2.4858421e-02		3.8601548e-02		2.5901337e-02		2.4675661e-03		2.3433771e-02
2.2600000e+02		2.2700000e+02		2.2650000e+02		9.0577089e+00		3.2998535e-02		5.0665210e-02		3.4583079e-02		3.7490729e-03		3.0834006e-02
2.2700000e+02		2.2800000e+02		2.2750000e+02		8.8108381e+00		5.6698756e-02		8.6282282e-02		5.9839761e-02		7.4316981e-03		5.2408063e-02
2.2800000e+02		2.2900000e+02		2.2850000e+02		1.2275156e+01		1.3056244e-01		1.9746829e-01		1.3884307e-01		1.9592181e-02		1.1925089e-01
2.2900000e+02		2.3000000e+02		2.2950000e+02		1.1031259e+01		1.8806006e-01		2.8328923e-01		2.0171895e-01		3.2317268e-02		1.6940168e-01
2.3000000e+02		2.3100000e+02		2.3050000e+02		1.2510180e+01		3.3462653e-01		5.0308863e-01		3.6252410e-01		6.6006359e-02		2.9651774e-01
2.3100000e+02		2.3200000e+02		2.3150000e+02		1.1791833e+01		4.7488860e-01		7.1380746e-01		5.1992042e-01		1.0654643e-01		4.1337399e-01
2.3200000e+02		2.3300000e+02		2.3250000e+02		1.2664003e+01		7.2759025e-01		1.0947378e+00		8.0483215e-01		1.8275630e-01		6.2207585e-01
2.3300000e+02		2.3400000e+02		2.3350000e+02		1.1428554e+01		9.0408209e-01		1.3631958e+00		1.0106615e+00		2.5216961e-01		7.5849190e-01
2.3400000e+02		2.3500000e+02		2.3450000e+02		9.9864853e+00		1.0553572e+00		1.5957500e+00		1.1921656e+00		3.2369220e-01		8.6847340e-01
2.3500000e+02		2.3600000e+02		2.3550000e+02		1.3443360e+01		1.8473740e+00		2.8027094e+00		2.1085819e+00		6.1802459e-01		1.4905574e+00
2.3600000e+02		2.3700000e+02		2.3650000e+02		1.2448020e+01		2.1770940e+00		3.3145931e+00		2.5098653e+00		7.8734551e-01		1.7225198e+00
2.3700000e+02		2.3800000e+02		2.3750000e+02		1.3294723e+01		2.8827608e+00		4.4052088e+00		3.3551738e+00		1.1177414e+00		2.2374325e+00
2.3800000e+02		2.3900000e+02		2.3850000e+02		1.1021422e+01		2.8933469e+00		4.4377143e+00		3.3976365e+00		1.1931621e+00		2.2044744e+00
2.3900000e+02		2.4000000e+02		2.3950000e+02		1.2008577e+01		3.7299846e+00		5.7414697e+00		4.4162714e+00		1.6237720e+00		2.7924994e+00
2.4000000e+02		2.4100000e+02		2.4050000e+02		1.1032163e+01		3.9792053e+00		6.1471452e+00		4.7480862e+00		1.8191917e+00		2.9288945e+00
2.4100000e+02		2.4200000e+02		2.4150000e+02		1.2918879e+01		5.3074742e+00		8.2248532e+00		6.3760958e+00		2.5283858e+00		3.8477100e+00
2.4200000e+02		2.4300000e+02		2.4250000e+02		1.7782729e+01		8.2080956e+00		1.2758145e+01		9.9229369e+00		4.0573582e+00		5.8655787e+00
2.4300000e+02		2.4400000e+02		2.4350000e+02		1.6701989e+01		8.5255095e+00		1.3286576e+01		1.0363420e+01		4.3485436e+00		6.0148767e+00
2.4400000e+02		2.4500000e+02		2.4450000e+02		1.5641720e+01		8.7102720e+00		1.3605438e+01		1.0638363e+01		4.5619121e+00		6.0764508e+00
2.4500000e+02		2.4600000e+02		2.4550000e+02		1.2691134e+01		7.6380435e+00		1.1956394e+01		9.3697417e+00		4.0972420e+00		5.2724997e+00
2.4600000e+02		2.4700000e+02		2.4650000e+02		1.2350906e+01		7.9444132e+00		1.2455776e+01		9.7794568e+00		4.3417598e+00		5.4376970e+00
2.4700000e+02		2.4800000e+02		2.4750000e+02		1.3639226e+01		9.2981111e+00		1.4602011e+01		1.1483802e+01		5.1713993e+00		6.3124023e+00
2.4800000e+02		2.4900000e+02		2.4850000e+02		1.0938846e+01		7.8425020e+00		1.2333057e+01		9.7135361e+00		4.4269143e+00		5.2866218e+00
2.4900000e+02		2.5000000e+02		2.4950000e+02		1.3333262e+01		9.9738618e+00		1.5699163e+01		1.2379671e+01		5.6922049e+00		6.6874658e+00
2.5000000e+02		2.5100000e+02		2.5050000e+02		1.4401571e+01		1.1159461e+01		1.7575825e+01		1.3873360e+01		6.4211550e+00		7.4522053e+00
2.5100000e+02		2.5200000e+02		2.5150000e+02		1.2007424e+01		9.5737674e+00		1.5083368e+01		1.1915540e+01		5.5406924e+00		6.3748472e+00
2.5200000e+02		2.5300000e+02		2.5250000e+02		1.0794009e+01		8.8144113e+00		1.3889950e+01		1.0980202e+01		5.1243163e+00		5.8558859e+00
2.5300000e+02		2.5400000e+02		2.5350000e+02		1.3602371e+01		1.1331994e+01		1.7856117e+01		1.4123284e+01		6.6042629e+00		7.5190207e+00
2.5400000e+02		2.5500000e+02		2.5450000e+02		1.5384114e+01		1.3030984e+01		2.0531299e+01		1.6246762e+01		7.6086126e+00		8.6381495e+00
2.5500000e+02		2.5600000e+02		2.5550000e+02		2.0992062e+01		1.8031510e+01		2.8400361e+01		2.2482016e+01		1.0530010e+01		1.1952006e+01
2.5600000e+02		2.5700000e+02		2.5650000e+02		2.7040612e+01		2.3504381e+01		3.7002645e+01		2.9300520e+01		1.3713811e+01		1.5586709e+01
2.5700000e+02		2.5800000e+02		2.5750000e+02		3.3946512e+01		2.9802728e+01		4.6895569e+01		3.7143717e+01		1.7368967e+01		1.9774750e+01
2.5800000e+02		2.5900000e+02		2.5850000e+02		3.5732434e+01		3.1636982e+01		4.9763130e+01		3.9424069e+01		1.8424447e+01		2.0999622e+01
2.5900000e+02		2.6000000e+02		2.5950000e+02		3.0409976e+01		2.6455563e+01		4.1528994e+01		3.2881590e+01		1.5204145e+01		1.7677445e+01
2.6000000e+02		2.6100000e+02		2.6050000e+02		2.4915606e+01		2.1345975e+01		3.3446524e+01		2.6468617e+01		1.2120300e+01		1.4348317e+01
2.6100000e+02		2.6200000e+02		2.6150000e+02		2.5442742e+01		2.1899894e+01		3.4295976e+01		2.7144028e+01		1.2407753e+01		1.4736275e+01
2.6200000e+02		2.6300000e+02		2.6250000e+02		3.0366547e+01		2.6302008e+01		4.1166889e+01		3.2586978e+01		1.4870397e+01		1.7716580e+01
2.6300000e+02		2.6400000e+02		2.6350000e+02		4.5700096e+01		3.9585420e+01		6.1899276e+01		4.8996161e+01		2.2266053e+01		2.6730108e+01
2.6400000e+02		2.6500000e+02		2.6450000e+02		7.1249372e+01		6.2453266e+01		9.7626030e+01		7.7299240e+01		3.5125952e+01		4.2173288e+01
2.6500000e+02		2.6600000e+02		2.6550000e+02		7.4731454e+01		6.5668839e+01		1.0258548e+02		8.1229689e+01		3.6817368e+01		4.4412321e+01
2.6600000e+02		2.6700000e+02		2.6650000e+02		7.2446611e+01		6.3730124e+01		9.9461697e+01		7.8754002e+01		3.5546877e+01		4.3207125e+01
2.6700000e+02		2.6800000e+02		2.6750000e+02		7.2937204e+01		6.4608499e+01		1.0079871e+02		7.9827393e+01		3.6008289e+01		4.3819104e+01
2.6800000e+02		2.6900000e+02		2.6850000e+02		7.2239021e+01		6.4356320e+01		1.0035840e+02		7.9489659e+01		3.5805865e+01		4.3683794e+01
2.6900000e+02		2.7000000e+02		2.6950000e+02		6.7758000e+01		6.0323913e+01		9.3973555e+01		7.4426337e+01		3.3366693e+01		4.1059644e+01
2.7000000e+02		2.7100000e+02		2.7050000e+02		7.8281462e+01		6.9876267e+01		1.0877167e+02		8.6148591e+01		3.8500734e+01		4.7647858e+01
2.7100000e+02		2.7200000e+02		2.7150000e+02		6.5051220e+01		5.7948173e+01		9.0148054e+01		7.1393747e+01		3.1812571e+01		3.9581176e+01
2.7200000e+02		2.7300000e+02		2.7250000e+02		5.2331568e+01		4.6978770e+01		7.3045379e+01		5.7859045e+01		2.5743008e+01		3.2116037e+01
2.7300000e+02		2.7400000e+02		2.7350000e+02		5.5800645e+01		5.0186752e+01		7.7986360e+01		6.1774291e+01		2.7416413e+01		3.4357878e+01
2.7400000e+02		2.7500000e+02		2.7450000e+02		3.8398649e+01		3.4592712e+01		5.3721463e+01		4.2554371e+01		1.8837487e+01		2.3716884e+01
2.7500000e+02		2.7600000e+02		2.7550000e+02		5.1208696e+01		4.5976244e+01		7.1339304e+01		5.6502544e+01		2.4905491e+01		3.1597052e+01
2.7600000e+02		2.7700000e+02		2.7650000e+02		7.1318275e+01		6.4207054e+01		9.9559955e+01		7.8856504e+01		3.4660971e+01		4.4195533e+01
2.7700000e+02		2.7800000e+02		2.7750000e+02		6.8188493e+01		6.1709754e+01		9.5671384e+01		7.5788067e+01		3.3309646e+01		4.2478421e+01
2.7800000e+02		2.7900000e+02		2.7850000e+02		4.7024496e+01		4.2628735e+01		6.6051928e+01		5.2325382e+01		2.2942514e+01		2.9382868e+01
2.7900000e+02		2.8000000e+02		2.7950000e+02		2.6422560e+01		2.3916113e+01		3.7025727e+01		2.9328486e+01		1.2805811e+01		1.6522675e+01
2.8000000e+02		2.8100000e+02		2.8050000e+02		2.8982131e+01		2.6193158e+01		4.0517592e+01		3.2091504e+01		1.3955636e+01		1.8135868e+01
2.8100000e+02		2.8200000e+02		2.8150000e+02		6.0033324e+01		5.4420666e+01		8.4136716e+01		6.6642825e+01		2.8917940e+01		3.7724885e+01
2.8200000e+02		2.8300000e+02		2.8250000e+02		8.1733762e+01		7.4256540e+01		1.1474048e+02		9.0885916e+01		3.9345525e+01		5.1540391e+01
2.8300000e+02		2.8400000e+02		2.8350000e+02		8.4433091e+01		7.6835510e+01		1.1865384e+02		9.3986325e+01		4.0579264e+01		5.3407062e+01
2.8400000e+02		2.8500000e+02		2.8450000e+02		6.2255376e+01		5.6817929e+01		8.7717646e+01		6.9487026e+01		2.9975404e+01		3.9511621e+01
2.8500000e+02		2.8600000e+02		2.8550000e+02		4.0018063e+01		3.6524174e+01		5.6356418e+01		4.4642560e+01		1.9208308e+01		2.5434252e+01
2.8600000e+02		2.8700000e+02		2.8650000e+02		8.2001717e+01		7.5006607e+01		1.1566209e+02		9.1622624e+01		3.9313917e+01		5.2308707e+01
2.8700000e+02		2.8800000e+02		2.8750000e+02		9.5189148e+01		8.7013297e+01		1.3411310e+02		1.0623518e+02		4.5479467e+01		6.0755715e+01
2.8800000e+02		2.8900000e+02		2.8850000e+02		9.0460934e+01		8.2729435e+01		1.2742430e+02		1.0093325e+02		4.3070693e+01		5.7862559e+01
2.8900000e+02		2.9000000e+02		2.8950000e+02		1.3728321e+02		1.2533351e+02		1.9296767e+02		1.5284259e+02		6.5087194e+01		8.7755397e+01
2.9000000e+02		2.9100000e+02		2.9050000e+02		1.8023325e+02		1.6430402e+02		2.5278721e+02		2.0020614e+02		8.4945340e+01		1.1526080e+02
2.9100000e+02		2.9200000e+02		2.9150000e+02		1.7359450e+02		1.5843396e+02		2.4361145e+02		1.9293690e+02		8.1634837e+01		1.1130207e+02
2.9200000e+02		2.9300000e+02		2.9250000e+02		1.5421676e+02		1.4121241e+02		2.1703095e+02		1.7189491e+02		7.2595571e+01		9.9299341e+01
2.9300000e+02		2.9400000e+02		2.9350000e+02		1.6099986e+02		1.4809022e+02		2.2755043e+02		1.8024707e+02		7.6083910e+01		1.0416316e+02
2.9400000e+02		2.9500000e+02		2.9450000e+02		1.4991794e+02		1.3689426e+02		2.1015912e+02		1.6642977e+02		6.9881769e+01		9.6547999e+01
2.9500000e+02		2.9600000e+02		2.9550000e+02		1.6232431e+02		1.4927625e+02		2.2915489e+02		1.8150799e+02		7.6261118e+01		1.0524688e+02
2.9600000e+02		2.9700000e+02		2.9650000e+02		1.4851381e+02		1.3723675e+02		2.1061664e+02		1.6684306e+02		7.0049264e+01		9.6793792e+01
2.9700000e+02		2.9800000e+02		2.9750000e+02		1.5140866e+02		1.3962297e+02		2.1412889e+02		1.6960765e+02		7.0944518e+01		9.8663133e+01
2.9800000e+02		2.9900000e+02		2.9850000e+02		1.3012850e+02		1.1986910e+02		1.8378376e+02		1.4556802e+02		6.0804295e+01		8.4763723e+01
2.9900000e+02		3.0000000e+02		2.9950000e+02		1.4682541e+02		1.3516358e+02		2.0705476e+02		1.6398463e+02		6.8191344e+01		9.5793287e+01
3.0000000e+02		3.0100000e+02		3.0050000e+02		1.1681452e+02		1.0786413e+02		1.6522734e+02		1.3087063e+02		5.4433965e+01		7.6436666e+01
3.0100000e+02		3.0200000e+02		3.0150000e+02		1.3434477e+02		1.2403172e+02		1.8988340e+02		1.5039275e+02		6.2370883e+01		8.8021870e+01
3.0200000e+02		3.0300000e+02		3.0250000e+02		1.4142283e+02		1.3085958e+02		2.0026972e+02		1.5862534e+02		6.5694505e+01		9.2930839e+01
3.0300000e+02		3.0400000e+02		3.0350000e+02		1.8342160e+02		1.6911881e+02		2.5865201e+02		2.0483940e+02		8.4515819e+01		1.2032358e+02
3.0400000e+02		3.0500000e+02		3.0450000e+02		1.7556728e+02		1.6285856e+02		2.4905771e+02		1.9727281e+02		8.1425004e+01		1.1584781e+02
3.0500000e+02		3.0600000e+02		3.0550000e+02		1.7728071e+02		1.6481340e+02		2.5196474e+02		1.9958298e+02		8.2265706e+01		1.1731727e+02
3.0600000e+02		3.0700000e+02		3.0650000e+02		1.6814926e+02		1.5667102e+02		2.3944411e+02		1.8967303e+02		7.8083575e+01		1.1158945e+02
3.0700000e+02		3.0800000e+02		3.0750000e+02		1.8878816e+02		1.7508308e+02		2.6741560e+02		2.1179615e+02		8.6864064e+01		1.2493209e+02
3.0800000e+02		3.0900000e+02		3.0850000e+02		1.8529086e+02		1.7217822e+02		2.6286066e+02		2.0819163e+02		8.5208637e+01		1.2298299e+02
3.0900000e+02		3.1000000e+02		3.0950000e+02		1.5026991e+02		1.4014238e+02		2.1396994e+02		1.6948991e+02		6.9437000e+01		1.0005291e+02
3.1000000e+02		3.1100000e+02		3.1050000e+02		1.8913229e+02		1.7600938e+02		2.6856214e+02		2.1271100e+02		8.6836964e+01		1.2587404e+02
3.1100000e+02		3.1200000e+02		3.1150000e+02		2.2495083e+02		2.0980727e+02		3.2002890e+02		2.5348353e+02		1.0333913e+02		1.5014439e+02
3.1200000e+02		3.1300000e+02		3.1250000e+02		2.0030306e+02		1.8609130e+02		2.8368021e+02		2.2466066e+02		9.1256083e+01		1.3340457e+02
3.1300000e+02		3.1400000e+02		3.1350000e+02		2.1331645e+02		1.9952911e+02		3.0418361e+02		2.4094416e+02		9.7989055e+01		1.4295510e+02
3.1400000e+02		3.1500000e+02		3.1450000e+02		2.0119548e+02		1.8770339e+02		2.8599047e+02		2.2650824e+02		9.1813246e+01		1.3469499e+02
3.1500000e+02		3.1600000e+02		3.1550000e+02		1.9522773e+02		1.8164482e+02		2.7663475e+02		2.1907715e+02		8.8565844e+01		1.3051130e+02
3.1600000e+02		3.1700000e+02		3.1650000e+02		1.9043254e+02		1.7676670e+02		2.6907178e+02		2.1306736e+02		8.5888278e+01		1.2717908e+02
3.1700000e+02		3.1800000e+02		3.1750000e+02		2.4155434e+02		2.2493995e+02		3.4229137e+02		2.7106211e+02		1.0912622e+02		1.6193589e+02
3.1800000e+02		3.1900000e+02		3.1850000e+02		1.9952276e+02		1.8567804e+02		2.8248862e+02		2.2369997e+02		8.9960842e+01		1.3373912e+02
3.1900000e+02		3.2000000e+02		3.1950000e+02		2.1430874e+02		1.9915255e+02		3.0281638e+02		2.3977682e+02		9.6118065e+01		1.4365876e+02
3.2000000e+02		3.2100000e+02		3.2050000e+02		2.4621307e+02		2.2979662e+02		3.4939853e+02		2.7669434e+02		1.1096120e+02		1.6573314e+02
3.2100000e+02		3.2200000e+02		3.2150000e+02		2.0677326e+02		1.9028772e+02		2.8905622e+02		2.2881071e+02		9.1146391e+01		1.3766432e+02
3.2200000e+02		3.2300000e+02		3.2250000e+02		2.0765168e+02		1.9413284e+02		2.9502631e+02		2.3364018e+02		9.3475364e+01		1.4016481e+02
3.2300000e+02		3.2400000e+02		3.2350000e+02		2.0066974e+02		1.8692054e+02		2.8393783e+02		2.2483133e+02		8.9697899e+01		1.3513344e+02
3.2400000e+02		3.2500000e+02		3.2450000e+02		2.3629853e+02		2.2019683e+02		3.3441789e+02		2.6480413e+02		1.0554200e+02		1.5926213e+02
3.2500000e+02		3.2600000e+02		3.2550000e+02		2.7209498e+02		2.4686434e+02		3.7437295e+02		2.9620803e+02		1.1674843e+02		1.7945960e+02
3.2600000e+02		3.2700000e+02		3.2650000e+02		3.0699214e+02		2.8714194e+02		4.3587458e+02		3.4516259e+02		1.3727833e+02		2.0788426e+02
3.2700000e+02		3.2800000e+02		3.2750000e+02		2.9701525e+02		2.7738648e+02		4.2091712e+02		3.3329734e+02		1.3228651e+02		2.0101083e+02
3.2800000e+02		3.2900000e+02		3.2850000e+02		2.8673370e+02		2.6737003e+02		4.0557162e+02		3.2112567e+02		1.2718722e+02		1.9393845e+02
3.2900000e+02		3.3000000e+02		3.2950000e+02		3.3379807e+02		3.0966486e+02		4.6937113e+02		3.7156666e+02		1.4646124e+02		2.2510542e+02
3.3000000e+02		3.3100000e+02		3.3050000e+02		3.1443449e+02		2.8814276e+02		4.3641972e+02		3.4535571e+02		1.3536729e+02		2.0998842e+02
3.3100000e+02		3.3200000e+02		3.3150000e+02		3.0087994e+02		2.8376871e+02		4.3022703e+02		3.4073298e+02		1.3477890e+02		2.0595408e+02
3.3200000e+02		3.3300000e+02		3.3250000e+02		2.9519831e+02		2.7775432e+02		4.2102018e+02		3.3342015e+02		1.3170678e+02		2.0171338e+02
3.3300000e+02		3.3400000e+02		3.3350000e+02		2.8364288e+02		2.6639479e+02		4.0354540e+02		3.1954637e+02		1.2575799e+02		1.9378838e+02
3.3400000e+02		3.3500000e+02		3.3450000e+02		2.9883003e+02		2.7983905e+02		4.2376639e+02		3.3552639e+02		1.3175766e+02		2.0376873e+02
3.3500000e+02		3.3600000e+02		3.3550000e+02		2.9511053e+02		2.7653772e+02		4.1871106e+02		3.3152876e+02		1.3011019e+02		2.0141857e+02
3.3600000e+02		3.3700000e+02		3.3650000e+02		2.4313126e+02		2.2781348e+02		3.4483598e+02		2.7302931e+02		1.0698181e+02		1.6604750e+02
3.3700000e+02		3.3800000e+02		3.3750000e+02		2.5649874e+02		2.4087698e+02		3.6461209e+02		2.8870741e+02		1.1316801e+02		1.7553940e+02
3.3800000e+02		3.3900000e+02		3.3850000e+02		2.7748673e+02		2.6158978e+02		3.9595669e+02		3.1355885e+02		1.2296014e+02		1.9059871e+02
3.3900000e+02		3.4000000e+02		3.3950000e+02		2.9040264e+02		2.7301069e+02		4.1300941e+02		3.2702260e+02		1.2779355e+02		1.9922905e+02
3.4000000e+02		3.4100000e+02		3.4050000e+02		3.0654056e+02		2.8668041e+02		4.3355545e+02		3.4324120e+02		1.3382427e+02		2.0941693e+02
3.4100000e+02		3.4200000e+02		3.4150000e+02		2.7979685e+02		2.5497786e+02		3.8505162e+02		3.0460504e+02		1.1741916e+02		1.8718588e+02
3.4200000e+02		3.4300000e+02		3.4250000e+02		3.0344565e+02		2.8346478e+02		4.2834250e+02		3.3907868e+02		1.3158389e+02		2.0749479e+02
3.4300000e+02		3.4400000e+02		3.4350000e+02		2.9822260e+02		2.7504475e+02		4.1524468e+02		3.2857904e+02		1.2666349e+02		2.0191555e+02
3.4400000e+02		3.4500000e+02		3.4450000e+02		2.3986676e+02		2.2417388e+02		3.3861036e+02		2.6804259e+02		1.0379449e+02		1.6424810e+02
3.4500000e+02		3.4600000e+02		3.4550000e+02		2.8907088e+02		2.6869586e+02		4.0570288e+02		3.2110080e+02		1.2399142e+02		1.9710938e+02
3.4600000e+02		3.4700000e+02		3.4650000e+02		2.8069735e+02		2.6019411e+02		3.9265367e+02		3.1073492e+02		1.1958085e+02		1.9115407e+02
3.4700000e+02		3.4800000e+02		3.4750000e+02		2.7782009e+02		2.5574126e+02		3.8579680e+02		3.0524965e+02		1.1713810e+02		1.8811154e+02
3.4800000e+02		3.4900000e+02		3.4850000e+02		2.8744416e+02		2.7249300e+02		4.1153813e+02		3.2589173e+02		1.2634275e+02		1.9954898e+02
3.4900000e+02		3.5000000e+02		3.4950000e+02		2.7550877e+02		2.6147711e+02		3.9487589e+02		3.1270711e+02		1.2121147e+02		1.9149564e+02
3.5000000e+02		3.5100000e+02		3.5050000e+02		3.3002358e+02		3.1088408e+02		4.6925379e+02		3.7152416e+02		1.4347596e+02		2.2804820e+02
3.5100000e+02		3.5200000e+02		3.5150000e+02		3.0660572e+02		2.8939977e+02		4.3665582e+02		3.4571745e+02		1.3324907e+02		2.1246838e+02
3.5200000e+02		3.5300000e+02		3.5250000e+02		2.8324198e+02		2.6705742e+02		4.0292822e+02		3.1900864e+02		1.2291789e+02		1.9609074e+02
3.5300000e+02		3.5400000e+02		3.5350000e+02		3.2405327e+02		3.0829716e+02		4.6532575e+02		3.6851028e+02		1.4246578e+02		2.2604450e+02
3.5400000e+02		3.5500000e+02		3.5450000e+02		3.4586270e+02		3.2830996e+02		4.9528465e+02		3.9219436e+02		1.5115213e+02		2.4104223e+02
3.5500000e+02		3.5600000e+02		3.5550000e+02		3.2478382e+02		3.0828606e+02		4.6501522e+02		3.6822305e+02		1.4181245e+02		2.2641060e+02
3.5600000e+02		3.5700000e+02		3.5650000e+02		2.8234357e+02		2.6702633e+02		4.0284115e+02		3.1897483e+02		1.2291148e+02		1.9606335e+02
3.5700000e+02		3.5800000e+02		3.5750000e+02		2.4674321e+02		2.3245937e+02		3.5039012e+02		2.7738958e+02		1.0630602e+02		1.7108355e+02
3.5800000e+02		3.5900000e+02		3.5850000e+02		2.1181106e+02		2.0051298e+02		3.0219257e+02		2.3925823e+02		9.1672244e+01		1.4758598e+02
3.5900000e+02		3.6000000e+02		3.5950000e+02		3.0582840e+02		2.8789377e+02		4.3385795e+02		3.4346024e+02		1.3147166e+02		2.1198858e+02
3.6000000e+02		3.6100000e+02		3.6050000e+02		3.0178862e+02		2.8499319e+02		4.2936723e+02		3.3992127e+02		1.2996124e+02		2.0996003e+02
3.6100000e+02		3.6200000e+02		3.6150000e+02		2.8033735e+02		2.5996506e+02		3.9125671e+02		3.0958081e+02		1.1739213e+02		1.9218868e+02
3.6200000e+02		3.6300000e+02		3.6250000e+02		3.1645921e+02		2.8767267e+02		4.3243751e+02		3.4195665e+02		1.2843728e+02		2.1351938e+02
3.6300000e+02		3.6400000e+02		3.6350000e+02		3.0810145e+02		2.8299720e+02		4.2559789e+02		3.3665256e+02		1.2694994e+02		2.0970262e+02
3.6400000e+02		3.6500000e+02		3.6450000e+02		3.2221950e+02		2.7962232e+02		4.1933130e+02		3.3113900e+02		1.2188978e+02		2.0924923e+02
3.6500000e+02		3.6600000e+02		3.6550000e+02		3.6674574e+02		3.2540646e+02		4.8832327e+02		3.8585757e+02		1.4302887e+02		2.4282870e+02
3.6600000e+02		3.6700000e+02		3.6650000e+02		3.9198946e+02		3.2877543e+02		4.9210459e+02		3.8821051e+02		1.4062491e+02		2.4758560e+02
3.6700000e+02		3.6800000e+02		3.6750000e+02		3.7850004e+02		3.1890217e+02		4.7747385e+02		3.7672776e+02		1.3681682e+02		2.3991094e+02
3.6800000e+02		3.6900000e+02		3.6850000e+02		3.4895620e+02		2.6125969e+02		3.8903850e+02		3.0589441e+02		1.0560689e+02		2.0028752e+02
3.6900000e+02		3.7000000e+02		3.6950000e+02		3.8736224e+02		3.0314808e+02		4.5237086e+02		3.5616076e+02		1.2542935e+02		2.3073141e+02
3.7000000e+02		3.7100000e+02		3.7050000e+02		3.6351013e+02		3.5059550e+02		5.2775367e+02		4.1801122e+02		1.5950730e+02		2.5850392e+02
3.7100000e+02		3.7200000e+02		3.7150000e+02		3.7529261e+02		3.6228084e+02		5.4544333e+02		4.3204657e+02		1.6506748e+02		2.6697909e+02
3.7200000e+02		3.7300000e+02		3.7250000e+02		3.1177186e+02		3.0097539e+02		4.5325933e+02		3.5904426e+02		1.3739241e+02		2.2165185e+02
3.7300000e+02		3.7400000e+02		3.7350000e+02		2.7192112e+02		2.6255920e+02		3.9530049e+02		3.1312610e+02		1.1964258e+02		1.9348352e+02
3.7400000e+02		3.7500000e+02		3.7450000e+02		2.7832167e+02		2.6883710e+02		4.0447986e+02		3.2037337e+02		1.2193613e+02		1.9843724e+02
3.7500000e+02		3.7600000e+02		3.7550000e+02		3.1876744e+02		3.0793338e+02		4.6336069e+02		3.6702139e+02		1.3980374e+02		2.2721766e+02
3.7600000e+02		3.7700000e+02		3.7650000e+02		3.3048657e+02		3.1929988e+02		4.8046802e+02		3.8057706e+02		1.4498335e+02		2.3559370e+02
3.7700000e+02		3.7800000e+02		3.7750000e+02		3.8770864e+02		3.7467545e+02		5.6362011e+02		4.4642909e+02		1.6977094e+02		2.7665815e+02
3.7800000e+02		3.7900000e+02		3.7850000e+02		4.0380398e+02		3.9029783e+02		5.8703963e+02		4.6497643e+02		1.7669145e+02		2.8828498e+02
3.7900000e+02		3.8000000e+02		3.7950000e+02		3.2744385e+02		3.1651823e+02		4.7613836e+02		3.7714659e+02		1.4344824e+02		2.3369836e+02
3.8000000e+02		3.8100000e+02		3.8050000e+02		3.5656330e+02		3.4472399e+02		5.1847299e+02		4.1067469e+02		1.5604102e+02		2.5463367e+02
3.8100000e+02		3.8200000e+02		3.8150000e+02		3.2019140e+02		3.0970782e+02		4.6535656e+02		3.6855966e+02		1.3924496e+02		2.2931470e+02
3.8200000e+02		3.8300000e+02		3.8250000e+02		2.2964197e+02		2.2208107e+02		3.3397793e+02		2.6454126e+02		1.0046188e+02		1.6407938e+02
3.8300000e+02		3.8400000e+02		3.8350000e+02		2.0267593e+02		1.9605577e+02		2.9470005e+02		2.3341781e+02		8.8399538e+01		1.4501827e+02
3.8400000e+02		3.8500000e+02		3.8450000e+02		2.7111947e+02		2.6230813e+02		3.9422482e+02		3.1224372e+02		1.1814886e+02		1.9409485e+02
3.8500000e+02		3.8600000e+02		3.8550000e+02		2.8715912e+02		2.7783199e+02		4.1765726e+02		3.3081746e+02		1.2536495e+02		2.0545251e+02
3.8600000e+02		3.8700000e+02		3.8650000e+02		2.8837692e+02		2.7911214e+02		4.1929770e+02		3.3209106e+02		1.2534948e+02		2.0674158e+02
3.8700000e+02		3.8800000e+02		3.8750000e+02		2.8805300e+02		2.7880989e+02		4.1890540e+02		3.3179035e+02		1.2535312e+02		2.0643723e+02
3.8800000e+02		3.8900000e+02		3.8850000e+02		2.9209390e+02		2.8274788e+02		4.2485192e+02		3.3650692e+02		1.2719526e+02		2.0931167e+02
3.8900000e+02		3.9000000e+02		3.8950000e+02		3.5069332e+02		3.3953215e+02		5.1006673e+02		4.0399496e+02		1.5252064e+02		2.5147432e+02
3.9000000e+02		3.9100000e+02		3.9050000e+02		3.6838836e+02		3.5678124e+02		5.3566219e+02		4.2423920e+02		1.5960726e+02		2.6463194e+02
3.9100000e+02		3.9200000e+02		3.9150000e+02		3.9613874e+02		3.8364346e+02		5.7617866e+02		4.5635185e+02		1.7202991e+02		2.8432194e+02
3.9200000e+02		3.9300000e+02		3.9250000e+02		3.0403432e+02		2.9446670e+02		4.4232255e+02		3.5034487e+02		1.3220917e+02		2.1813570e+02
3.9300000e+02		3.9400000e+02		3.9350000e+02		1.8639471e+02		1.8055803e+02		2.7114359e+02		2.1475565e+02		8.0912423e+01		1.3384323e+02
3.9400000e+02		3.9500000e+02		3.9450000e+02		3.0813115e+02		2.9847523e+02		4.4841041e+02		3.5518077e+02		1.3416676e+02		2.2101401e+02
3.9500000e+02		3.9600000e+02		3.9550000e+02		3.7840801e+02		3.6675377e+02		5.5028097e+02		4.3580218e+02		1.6337027e+02		2.7243190e+02
3.9600000e+02		3.9700000e+02		3.9650000e+02		2.6140326e+02		2.5332938e+02		3.8022708e+02		3.0114166e+02		1.1312509e+02		1.8801657e+02
3.9700000e+02		3.9800000e+02		3.9750000e+02		2.9300657e+02		2.8397647e+02		4.2624168e+02		3.3759017e+02		1.2685139e+02		2.1073879e+02
3.9800000e+02		3.9900000e+02		3.9850000e+02		4.5124719e+02		4.3737161e+02		6.5637208e+02		5.1984937e+02		1.9514447e+02		3.2470490e+02
3.9900000e+02		4.0000000e+02		3.9950000e+02		4.9846141e+02		4.8311490e+02		7.2511487e+02		5.7430810e+02		2.1576543e+02		3.5854267e+02
4.0000000e+02		4.0100000e+02		4.0050000e+02		5.1407199e+02		4.9843778e+02		7.4789511e+02		5.9233574e+02		2.2216497e+02		3.7017077e+02
4.0100000e+02		4.0200000e+02		4.0150000e+02		5.3860814e+02		5.2231022e+02		7.8370178e+02		6.2069972e+02		2.3279207e+02		3.8790765e+02
4.0200000e+02		4.0300000e+02		4.0250000e+02		5.4526519e+02		5.2872613e+02		7.9368215e+02		6.2864664e+02		2.3641446e+02		3.9223218e+02
4.0300000e+02		4.0400000e+02		4.0350000e+02		5.2165796e+02		5.0604471e+02		7.5892642e+02		6.0104950e+02		2.2478375e+02		3.7626576e+02
4.0400000e+02		4.0500000e+02		4.0450000e+02		5.1300620e+02		4.9773260e+02		7.4629517e+02		5.9103378e+02		2.2075297e+02		3.7028081e+02
4.0500000e+02		4.0600000e+02		4.0550000e+02		5.1256585e+02		4.9722467e+02		7.4605766e+02		5.9090530e+02		2.2165077e+02		3.6925453e+02
4.0600000e+02		4.0700000e+02		4.0650000e+02		4.9035274e+02		4.7565702e+02		7.1394977e+02		5.6550579e+02		2.1258445e+02		3.5292133e+02
4.0700000e+02		4.0800000e+02		4.0750000e+02		4.9838294e+02		4.8356822e+02		7.2549306e+02		5.7461931e+02		2.1542918e+02		3.5919012e+02
4.0800000e+02		4.0900000e+02		4.0850000e+02		5.2990289e+02		5.1431568e+02		7.7110992e+02		6.1070123e+02		2.2805065e+02		3.8265058e+02
4.0900000e+02		4.1000000e+02		4.0950000e+02		5.2713439e+02		5.1162673e+02		7.6723419e+02		6.0765290e+02		2.2720036e+02		3.8045253e+02
4.1000000e+02		4.1100000e+02		4.1050000e+02		4.8293937e+02		4.6880085e+02		7.0291959e+02		5.5671021e+02		2.0799579e+02		3.4871443e+02
4.1100000e+02		4.1200000e+02		4.1150000e+02		5.5986852e+02		5.4354423e+02		8.1489555e+02		6.4539011e+02		2.4096994e+02		4.0442017e+02
4.1200000e+02		4.1300000e+02		4.1250000e+02		5.4940473e+02		5.3343329e+02		7.9970668e+02		6.3336243e+02		2.3643487e+02		3.9692756e+02
4.1300000e+02		4.1400000e+02		4.1350000e+02		5.2995399e+02		5.1457468e+02		7.7149624e+02		6.1103110e+02		2.2821832e+02		3.8281277e+02
4.1400000e+02		4.1500000e+02		4.1450000e+02		5.3771640e+02		5.2221057e+02		7.8270125e+02		6.1988488e+02		2.3109989e+02		3.8878499e+02
4.1500000e+02		4.1600000e+02		4.1550000e+02		5.3722776e+02		5.2160127e+02		7.8250169e+02		6.1980596e+02		2.3235481e+02		3.8745116e+02
4.1600000e+02		4.1700000e+02		4.1650000e+02		5.5745703e+02		5.4146192e+02		8.1155637e+02		6.4274724e+02		2.3964364e+02		4.0310361e+02
4.1700000e+02		4.1800000e+02		4.1750000e+02		5.0725322e+02		4.9282859e+02		7.3828306e+02		5.8467980e+02		2.1732230e+02		3.6735750e+02
4.1800000e+02		4.1900000e+02		4.1850000e+02		5.2601513e+02		5.1106468e+02		7.6565240e+02		6.0636408e+02		2.2548080e+02		3.8088328e+02
4.1900000e+02		4.2000000e+02		4.1950000e+02		5.3123875e+02		5.1612260e+02		7.7350867e+02		6.1261984e+02		2.2831492e+02		3.8430492e+02
4.2000000e+02		4.2100000e+02		4.2050000e+02		5.3797708e+02		5.2277106e+02		7.8319290e+02		6.2026494e+02		2.3067299e+02		3.8959195e+02
4.2100000e+02		4.2200000e+02		4.2150000e+02		5.2958361e+02		5.1462935e+02		7.7111325e+02		6.1071479e+02		2.2734060e+02		3.8337419e+02
4.2200000e+02		4.2300000e+02		4.2250000e+02		5.0190537e+02		4.8784380e+02		7.3065615e+02		5.7864346e+02		2.1483430e+02		3.6380916e+02
4.2300000e+02		4.2400000e+02		4.2350000e+02		5.3474862e+02		5.1978650e+02		7.7856410e+02		6.1659533e+02		2.2905215e+02		3.8754318e+02
4.2400000e+02		4.2500000e+02		4.2450000e+02		5.5328403e+02		5.3786346e+02		8.0554952e+02		6.3796157e+02		2.3683467e+02		4.0112690e+02
4.2500000e+02		4.2600000e+02		4.2550000e+02		5.3248014e+02		5.1767678e+02		7.7530066e+02		6.1400817e+02		2.2792252e+02		3.8608565e+02
4.2600000e+02		4.2700000e+02		4.2650000e+02		5.3029841e+02		5.1555619e+02		7.7226979e+02		6.1162700e+02		2.2730599e+02		3.8432102e+02
4.2700000e+02		4.2800000e+02		4.2750000e+02		4.9171747e+02		4.7808232e+02		7.1611471e+02		5.6715435e+02		2.1074669e+02		3.5640767e+02
4.2800000e+02		4.2900000e+02		4.2850000e+02		4.9494538e+02		4.8131317e+02		7.2070574e+02		5.7076805e+02		2.1165252e+02		3.5911553e+02
4.2900000e+02		4.3000000e+02		4.2950000e+02		4.6063718e+02		4.4797433e+02		6.7080767e+02		5.3125664e+02		1.9704808e+02		3.3420856e+02
4.3000000e+02		4.3100000e+02		4.3050000e+02		3.7055843e+02		3.6034826e+02		5.3979330e+02		4.2752126e+02		1.5893301e+02		2.6858825e+02
4.3100000e+02		4.3200000e+02		4.3150000e+02		4.5818753e+02		4.4567683e+02		6.6717105e+02		5.2836256e+02		1.9563654e+02		3.3272602e+02
4.3200000e+02		4.3300000e+02		4.3250000e+02		5.1625369e+02		5.0235411e+02		7.5144221e+02		5.9504418e+02		2.1930707e+02		3.7573711e+02
4.3300000e+02		4.3400000e+02		4.3350000e+02		5.6047485e+02		5.4508838e+02		8.1669718e+02		6.4686102e+02		2.4079664e+02		4.0606438e+02
4.3400000e+02		4.3500000e+02		4.3450000e+02		4.7595241e+02		4.6330226e+02		6.9250391e+02		5.4832446e+02		2.0116469e+02		3.4715977e+02
4.3500000e+02		4.3600000e+02		4.3550000e+02		5.3162725e+02		5.1718882e+02		7.7460249e+02		6.1349668e+02		2.2786684e+02		3.8562984e+02
4.3600000e+02		4.3700000e+02		4.3650000e+02		5.9481241e+02		5.7864954e+02		8.6671104e+02		6.8645806e+02		2.5507768e+02		4.3138038e+02
4.3700000e+02		4.3800000e+02		4.3750000e+02		5.2629983e+02		5.1226348e+02		7.6621659e+02		6.0675624e+02		2.2357227e+02		3.8318397e+02
4.3800000e+02		4.3900000e+02		4.3850000e+02		5.1257868e+02		4.9879951e+02		7.4673839e+02		5.9140433e+02		2.1910536e+02		3.7229898e+02
4.3900000e+02		4.4000000e+02		4.3950000e+02		5.7051902e+02		5.5533871e+02		8.3080938e+02		6.5793084e+02		2.4273559e+02		4.1519525e+02
4.4000000e+02		4.4100000e+02		4.4050000e+02		5.4089681e+02		5.2646723e+02		7.8791943e+02		6.2400067e+02		2.3076658e+02		3.9323409e+02
4.4100000e+02		4.4200000e+02		4.4150000e+02		5.9491633e+02		5.7894151e+02		8.6650212e+02		6.8624057e+02		2.5387231e+02		4.3236827e+02
4.4200000e+02		4.4300000e+02		4.4250000e+02		6.2544254e+02		6.0861351e+02		9.1082623e+02		7.2133629e+02		2.6670497e+02		4.5463132e+02
4.4300000e+02		4.4400000e+02		4.4350000e+02		6.0497206e+02		5.8872785e+02		8.8112891e+02		6.9782786e+02		2.5813338e+02		4.3969448e+02
4.4400000e+02		4.4500000e+02		4.4450000e+02		6.2324411e+02		6.0642758e+02		9.0744405e+02		7.1864994e+02		2.6552095e+02		4.5312899e+02
4.4500000e+02		4.4600000e+02		4.4550000e+02		5.7783999e+02		5.6234952e+02		8.4132478e+02		6.6627419e+02		2.4588841e+02		4.2038578e+02
4.4600000e+02		4.4700000e+02		4.4650000e+02		5.8940025e+02		5.7382239e+02		8.5845959e+02		6.7984938e+02		2.5086254e+02		4.2898684e+02
4.4700000e+02		4.4800000e+02		4.4750000e+02		6.3881895e+02		6.2205596e+02		9.3045275e+02		7.3685134e+02		2.7160877e+02		4.6524257e+02
4.4800000e+02		4.4900000e+02		4.4850000e+02		6.2805979e+02		6.1170288e+02		9.1480089e+02		7.2444388e+02		2.6674807e+02		4.5769581e+02
4.4900000e+02		4.5000000e+02		4.4950000e+02		6.3454704e+02		6.1798490e+02		9.2473280e+02		7.3236979e+02		2.7063755e+02		4.6173224e+02
4.5000000e+02		4.5100000e+02		4.5050000e+02		6.7325368e+02		6.5561354e+02		9.8127607e+02		7.7717972e+02		2.8762869e+02		4.8955103e+02
4.5100000e+02		4.5200000e+02		4.5150000e+02		6.7122600e+02		6.5386009e+02		9.7793631e+02		7.7446330e+02		2.8535025e+02		4.8911304e+02
4.5200000e+02		4.5300000e+02		4.5250000e+02		6.3541039e+02		6.1894715e+02		9.2594873e+02		7.3332007e+02		2.7060924e+02		4.6271083e+02
4.5300000e+02		4.5400000e+02		4.5350000e+02		6.0888666e+02		5.9319204e+02		8.8723261e+02		7.0264198e+02		2.5896134e+02		4.4368064e+02
4.5400000e+02		4.5500000e+02		4.5450000e+02		6.4999363e+02		6.3319628e+02		9.4733248e+02		7.5026939e+02		2.7699796e+02		4.7327143e+02
4.5500000e+02		4.5600000e+02		4.5550000e+02		6.4380306e+02		6.2734005e+02		9.3797961e+02		7.4280345e+02		2.7318932e+02		4.6961412e+02
4.5600000e+02		4.5700000e+02		4.5650000e+02		6.6853861e+02		6.5136447e+02		9.7435624e+02		7.7166224e+02		2.8462758e+02		4.8703466e+02
4.5700000e+02		4.5800000e+02		4.5750000e+02		6.7499745e+02		6.5780983e+02		9.8348789e+02		7.7884423e+02		2.8637046e+02		4.9247377e+02
4.5800000e+02		4.5900000e+02		4.5850000e+02		6.3439039e+02		6.1823019e+02		9.2445613e+02		7.3211414e+02		2.6945231e+02		4.6266182e+02
4.5900000e+02		4.6000000e+02		4.5950000e+02		6.5539586e+02		6.3869960e+02		9.5516643e+02		7.5644892e+02		2.7859789e+02		4.7785103e+02
4.6000000e+02		4.6100000e+02		4.6050000e+02		6.4752339e+02		6.3107318e+02		9.4371609e+02		7.4737930e+02		2.7518325e+02		4.7219605e+02
4.6100000e+02		4.6200000e+02		4.6150000e+02		6.6245412e+02		6.4560267e+02		9.6564191e+02		7.6476768e+02		2.8194745e+02		4.8282023e+02
4.6200000e+02		4.6300000e+02		4.6250000e+02		6.6901120e+02		6.5218378e+02		9.7481465e+02		7.7196510e+02		2.8340563e+02		4.8855946e+02
4.6300000e+02		4.6400000e+02		4.6350000e+02		6.4662616e+02		6.3027682e+02		9.4253813e+02		7.4645737e+02		2.7488613e+02		4.7157124e+02
4.6400000e+02		4.6500000e+02		4.6450000e+02		6.5795753e+02		6.4144487e+02		9.5879329e+02		7.5928718e+02		2.7881791e+02		4.8046928e+02
4.6500000e+02		4.6600000e+02		4.6550000e+02		6.3552746e+02		6.1955881e+02		9.2634981e+02		7.3362605e+02		2.6988597e+02		4.6374007e+02
4.6600000e+02		4.6700000e+02		4.6650000e+02		6.3955371e+02		6.2359761e+02		9.3198761e+02		7.3805178e+02		2.7080147e+02		4.6725031e+02
4.6700000e+02		4.6800000e+02		4.6750000e+02		6.4572639e+02		6.2956972e+02		9.4100391e+02		7.4520325e+02		2.7359188e+02		4.7161138e+02
4.6800000e+02		4.6900000e+02		4.6850000e+02		6.3145002e+02		6.1572940e+02		9.2013294e+02		7.2865869e+02		2.6719357e+02		4.6146512e+02
4.6900000e+02		4.7000000e+02		4.6950000e+02		6.4956875e+02		6.3327518e+02		9.4678730e+02		7.4981391e+02		2.7573359e+02		4.7408032e+02
4.7000000e+02		4.7100000e+02		4.7050000e+02		6.1381170e+02		5.9845334e+02		8.9464159e+02		7.0851056e+02		2.6039818e+02		4.4811238e+02
4.7100000e+02		4.7200000e+02		4.7150000e+02		6.4174114e+02		6.2574692e+02		9.3521493e+02		7.4062088e+02		2.7179472e+02		4.6882617e+02
4.7200000e+02		4.7300000e+02		4.7250000e+02		6.5742798e+02		6.4108255e+02		9.5804874e+02		7.5869724e+02		2.7827935e+02		4.8041789e+02
4.7300000e+02		4.7400000e+02		4.7350000e+02		6.4563741e+02		6.2953874e+02		9.4080551e+02		7.4504384e+02		2.7328800e+02		4.7175584e+02
4.7400000e+02		4.7500000e+02		4.7450000e+02		6.6512717e+02		6.4869783e+02		9.6934181e+02		7.6763795e+02		2.8141534e+02		4.8622261e+02
4.7500000e+02		4.7600000e+02		4.7550000e+02		6.6365303e+02		6.4730605e+02		9.6745906e+02		7.6617249e+02		2.8124101e+02		4.8493148e+02
4.7600000e+02		4.7700000e+02		4.7650000e+02		6.3952653e+02		6.2384385e+02		9.3224189e+02		7.3826966e+02		2.7073437e+02		4.6753529e+02
4.7700000e+02		4.7800000e+02		4.7750000e+02		6.6772274e+02		6.5137994e+02		9.7337017e+02		7.7084100e+02		2.8264790e+02		4.8819310e+02
4.7800000e+02		4.7900000e+02		4.7850000e+02		6.6128260e+02		6.4521977e+02		9.6375278e+02		7.6318403e+02		2.7910644e+02		4.8407759e+02
4.7900000e+02		4.8000000e+02		4.7950000e+02		6.6320839e+02		6.4708317e+02		9.6670274e+02		7.6554034e+02		2.8027268e+02		4.8526766e+02
4.8000000e+02		4.8100000e+02		4.8050000e+02		6.6489751e+02		6.4870443e+02		9.6940791e+02		7.6771512e+02		2.8158233e+02		4.8613279e+02
4.8100000e+02		4.8200000e+02		4.8150000e+02		6.6630748e+02		6.5001493e+02		9.7164757e+02		7.6952112e+02		2.8275468e+02		4.8676644e+02
4.8200000e+02		4.8300000e+02		4.8250000e+02		6.6376999e+02		6.4759584e+02		9.6789944e+02		7.6654142e+02		2.8142828e+02		4.8511314e+02
4.8300000e+02		4.8400000e+02		4.8350000e+02		6.5373157e+02		6.3793526e+02		9.5293209e+02		7.5463421e+02		2.7611269e+02		4.7852152e+02
4.8400000e+02		4.8500000e+02		4.8450000e+02		6.4242337e+02		6.2674337e+02		9.3687103e+02		7.4198613e+02		2.7266730e+02		4.6931884e+02
4.8500000e+02		4.8600000e+02		4.8550000e+02		6.0369332e+02		5.8901573e+02		8.8002097e+02		6.9691482e+02		2.5529199e+02		4.4162283e+02
4.8600000e+02		4.8700000e+02		4.8650000e+02		5.2412565e+02		5.1144936e+02		7.6411715e+02		6.0512876e+02		2.2164782e+02		3.8348093e+02
4.8700000e+02		4.8800000e+02		4.8750000e+02		5.9966111e+02		5.8509237e+02		8.7431390e+02		6.9241627e+02		2.5393107e+02		4.3848520e+02
4.8800000e+02		4.8900000e+02		4.8850000e+02		6.3081686e+02		6.1554011e+02		9.1969483e+02		7.2834580e+02		2.6690115e+02		4.6144466e+02
4.8900000e+02		4.9000000e+02		4.8950000e+02		6.1880396e+02		6.0391892e+02		9.0202983e+02		7.1432688e+02		2.6122806e+02		4.5309883e+02
4.9000000e+02		4.9100000e+02		4.9050000e+02		6.5907671e+02		6.4322891e+02		9.6094858e+02		7.6101009e+02		2.7867326e+02		4.8233682e+02
4.9100000e+02		4.9200000e+02		4.9150000e+02		6.2110374e+02		6.0625375e+02		9.0538058e+02		7.1697109e+02		2.6196003e+02		4.5501106e+02
4.9200000e+02		4.9300000e+02		4.9250000e+02		5.9112858e+02		5.7698435e+02		8.6204915e+02		6.8270055e+02		2.5012723e+02		4.3257333e+02
4.9300000e+02		4.9400000e+02		4.9350000e+02		6.2472140e+02		6.0982167e+02		9.1100981e+02		7.2146685e+02		2.6415532e+02		4.5731153e+02
4.9400000e+02		4.9500000e+02		4.9450000e+02		6.4279699e+02		6.2751736e+02		9.3733842e+02		7.4230869e+02		2.7159921e+02		4.7070948e+02
4.9500000e+02		4.9600000e+02		4.9550000e+02		6.3133158e+02		6.1629539e+02		9.2077510e+02		7.2921487e+02		2.6717035e+02		4.6204452e+02
4.9600000e+02		4.9700000e+02		4.9650000e+02		6.3921352e+02		6.2406387e+02		9.3214874e+02		7.3819994e+02		2.7004884e+02		4.6815110e+02
4.9700000e+02		4.9800000e+02		4.9750000e+02		6.5113923e+02		6.3574426e+02		9.4951593e+02		7.5194742e+02		2.7493963e+02		4.7700779e+02
4.9800000e+02		4.9900000e+02		4.9850000e+02		5.9175801e+02		5.7772067e+02		8.6307754e+02		6.8351971e+02		2.5032321e+02		4.3319650e+02
4.9900000e+02		5.0000000e+02		4.9950000e+02		6.3385792e+02		6.1876907e+02		9.2446585e+02		7.3214403e+02		2.6824802e+02		4.6389601e+02
