Left Bin Edge (nm)	Right Bin Edge (nm)	Bin Center (nm)		Top of Atm Intensity (erg/s/nm/cm2)		Total Surface Flux (erg/s/nm/cm2)		Total Intensity at BOA (erg/s/nm/cm2)		Total Surface Intensity (erg/s/nm/cm2)		Total Surface Diffuse Intensity (erg/s/nm/cm2)		Total Surface Direct Intensity (erg/s/nm/cm2)
1.0000000e+02		1.0100000e+02		1.0050000e+02		1.9189487e-02		0.0000000e+00		0.0000000e+00		0.0000000e+00		0.0000000e+00		0.0000000e+00
1.0100000e+02		1.0200000e+02		1.0150000e+02		7.4861701e-02		0.0000000e+00		0.0000000e+00		0.0000000e+00		0.0000000e+00		0.0000000e+00
1.0200000e+02		1.0300000e+02		1.0250000e+02		3.9734366e-01		0.0000000e+00		0.0000000e+00		0.0000000e+00		0.0000000e+00		0.0000000e+00
1.0300000e+02		1.0400000e+02		1.0350000e+02		3.0179545e-01		0.0000000e+00		0.0000000e+00		0.0000000e+00		0.0000000e+00		0.0000000e+00
1.0400000e+02		1.0500000e+02		1.0450000e+02		6.0815352e-02		0.0000000e+00		0.0000000e+00		0.0000000e+00		0.0000000e+00		0.0000000e+00
1.0500000e+02		1.0600000e+02		1.0550000e+02		2.0834600e-02		0.0000000e+00		0.0000000e+00		0.0000000e+00		0.0000000e+00		0.0000000e+00
1.0600000e+02		1.0700000e+02		1.0650000e+02		1.9584792e-02		0.0000000e+00		0.0000000e+00		0.0000000e+00		0.0000000e+00		0.0000000e+00
1.0700000e+02		1.0800000e+02		1.0750000e+02		2.1853879e-02		0.0000000e+00		0.0000000e+00		0.0000000e+00		0.0000000e+00		0.0000000e+00
1.0800000e+02		1.0900000e+02		1.0850000e+02		3.0634999e-02		0.0000000e+00		0.0000000e+00		0.0000000e+00		0.0000000e+00		0.0000000e+00
1.0900000e+02		1.1000000e+02		1.0950000e+02		2.4032561e-02		0.0000000e+00		0.0000000e+00		0.0000000e+00		0.0000000e+00		0.0000000e+00
1.1000000e+02		1.1100000e+02		1.1050000e+02		2.3268893e-02		0.0000000e+00		0.0000000e+00		0.0000000e+00		0.0000000e+00		0.0000000e+00
1.1100000e+02		1.1200000e+02		1.1150000e+02		2.1871272e-02		0.0000000e+00		0.0000000e+00		0.0000000e+00		0.0000000e+00		0.0000000e+00
1.1200000e+02		1.1300000e+02		1.1250000e+02		2.2375602e-02		0.0000000e+00		0.0000000e+00		0.0000000e+00		0.0000000e+00		0.0000000e+00
1.1300000e+02		1.1400000e+02		1.1350000e+02		1.7748133e-02		0.0000000e+00		0.0000000e+00		0.0000000e+00		0.0000000e+00		0.0000000e+00
1.1400000e+02		1.1500000e+02		1.1450000e+02		1.3589480e-02		0.0000000e+00		0.0000000e+00		0.0000000e+00		0.0000000e+00		0.0000000e+00
1.1500000e+02		1.1600000e+02		1.1550000e+02		1.8751615e-02		0.0000000e+00		0.0000000e+00		0.0000000e+00		0.0000000e+00		0.0000000e+00
1.1600000e+02		1.1700000e+02		1.1650000e+02		4.3674487e-02		0.0000000e+00		0.0000000e+00		0.0000000e+00		0.0000000e+00		0.0000000e+00
1.1700000e+02		1.1800000e+02		1.1750000e+02		1.5546757e-01		0.0000000e+00		0.0000000e+00		0.0000000e+00		0.0000000e+00		0.0000000e+00
1.1800000e+02		1.1900000e+02		1.1850000e+02		5.2889236e-02		0.0000000e+00		0.0000000e+00		0.0000000e+00		0.0000000e+00		0.0000000e+00
1.1900000e+02		1.2000000e+02		1.1950000e+02		7.3692884e-02		0.0000000e+00		0.0000000e+00		0.0000000e+00		0.0000000e+00		0.0000000e+00
1.2000000e+02		1.2100000e+02		1.2050000e+02		4.0066072e-01		0.0000000e+00		0.0000000e+00		0.0000000e+00		0.0000000e+00		0.0000000e+00
1.2100000e+02		1.2200000e+02		1.2150000e+02		1.5905289e+01		0.0000000e+00		0.0000000e+00		0.0000000e+00		0.0000000e+00		0.0000000e+00
1.2200000e+02		1.2300000e+02		1.2250000e+02		1.0666543e-01		0.0000000e+00		0.0000000e+00		0.0000000e+00		0.0000000e+00		0.0000000e+00
1.2300000e+02		1.2400000e+02		1.2350000e+02		5.7456553e-02		0.0000000e+00		0.0000000e+00		0.0000000e+00		0.0000000e+00		0.0000000e+00
1.2400000e+02		1.2500000e+02		1.2450000e+02		4.6184197e-02		0.0000000e+00		0.0000000e+00		0.0000000e+00		0.0000000e+00		0.0000000e+00
1.2500000e+02		1.2600000e+02		1.2550000e+02		4.5085118e-02		0.0000000e+00		0.0000000e+00		0.0000000e+00		0.0000000e+00		0.0000000e+00
1.2600000e+02		1.2700000e+02		1.2650000e+02		6.3054464e-02		0.0000000e+00		0.0000000e+00		0.0000000e+00		0.0000000e+00		0.0000000e+00
1.2700000e+02		1.2800000e+02		1.2750000e+02		3.3006429e-02		0.0000000e+00		0.0000000e+00		0.0000000e+00		0.0000000e+00		0.0000000e+00
1.2800000e+02		1.2900000e+02		1.2850000e+02		2.6335196e-02		0.0000000e+00		0.0000000e+00		0.0000000e+00		0.0000000e+00		0.0000000e+00
1.2900000e+02		1.3000000e+02		1.2950000e+02		3.5131240e-02		0.0000000e+00		0.0000000e+00		0.0000000e+00		0.0000000e+00		0.0000000e+00
1.3000000e+02		1.3100000e+02		1.3050000e+02		2.8850634e-01		0.0000000e+00		0.0000000e+00		0.0000000e+00		0.0000000e+00		0.0000000e+00
1.3100000e+02		1.3200000e+02		1.3150000e+02		3.9064855e-02		0.0000000e+00		0.0000000e+00		0.0000000e+00		0.0000000e+00		0.0000000e+00
1.3200000e+02		1.3300000e+02		1.3250000e+02		3.0374778e-02		0.0000000e+00		0.0000000e+00		0.0000000e+00		0.0000000e+00		0.0000000e+00
1.3300000e+02		1.3400000e+02		1.3350000e+02		4.1056606e-01		0.0000000e+00		0.0000000e+00		0.0000000e+00		0.0000000e+00		0.0000000e+00
1.3400000e+02		1.3500000e+02		1.3450000e+02		2.8092500e-02		0.0000000e+00		0.0000000e+00		0.0000000e+00		0.0000000e+00		0.0000000e+00
1.3500000e+02		1.3600000e+02		1.3550000e+02		5.8954708e-02		0.0000000e+00		0.0000000e+00		0.0000000e+00		0.0000000e+00		0.0000000e+00
1.3600000e+02		1.3700000e+02		1.3650000e+02		3.8690656e-02		0.0000000e+00		0.0000000e+00		0.0000000e+00		0.0000000e+00		0.0000000e+00
1.3700000e+02		1.3800000e+02		1.3750000e+02		3.9732879e-02		0.0000000e+00		0.0000000e+00		0.0000000e+00		0.0000000e+00		0.0000000e+00
1.3800000e+02		1.3900000e+02		1.3850000e+02		4.0549866e-02		0.0000000e+00		0.0000000e+00		0.0000000e+00		0.0000000e+00		0.0000000e+00
1.3900000e+02		1.4000000e+02		1.3950000e+02		1.3692187e-01		0.0000000e+00		0.0000000e+00		0.0000000e+00		0.0000000e+00		0.0000000e+00
1.4000000e+02		1.4100000e+02		1.4050000e+02		1.1939088e-01		0.0000000e+00		0.0000000e+00		0.0000000e+00		0.0000000e+00		0.0000000e+00
1.4100000e+02		1.4200000e+02		1.4150000e+02		5.7521948e-02		0.0000000e+00		0.0000000e+00		0.0000000e+00		0.0000000e+00		0.0000000e+00
1.4200000e+02		1.4300000e+02		1.4250000e+02		6.2343151e-02		0.0000000e+00		0.0000000e+00		0.0000000e+00		0.0000000e+00		0.0000000e+00
1.4300000e+02		1.4400000e+02		1.4350000e+02		6.9165895e-02		0.0000000e+00		0.0000000e+00		0.0000000e+00		0.0000000e+00		0.0000000e+00
1.4400000e+02		1.4500000e+02		1.4450000e+02		6.6149126e-02		0.0000000e+00		0.0000000e+00		0.0000000e+00		0.0000000e+00		0.0000000e+00
1.4500000e+02		1.4600000e+02		1.4550000e+02		7.0536262e-02		0.0000000e+00		0.0000000e+00		0.0000000e+00		0.0000000e+00		0.0000000e+00
1.4600000e+02		1.4700000e+02		1.4650000e+02		8.6012655e-02		0.0000000e+00		0.0000000e+00		0.0000000e+00		0.0000000e+00		0.0000000e+00
1.4700000e+02		1.4800000e+02		1.4750000e+02		1.0610345e-01		0.0000000e+00		0.0000000e+00		0.0000000e+00		0.0000000e+00		0.0000000e+00
1.4800000e+02		1.4900000e+02		1.4850000e+02		1.0405386e-01		0.0000000e+00		0.0000000e+00		0.0000000e+00		0.0000000e+00		0.0000000e+00
1.4900000e+02		1.5000000e+02		1.4950000e+02		9.4002421e-02		0.0000000e+00		0.0000000e+00		0.0000000e+00		0.0000000e+00		0.0000000e+00
1.5000000e+02		1.5100000e+02		1.5050000e+02		1.0343288e-01		0.0000000e+00		0.0000000e+00		0.0000000e+00		0.0000000e+00		0.0000000e+00
1.5100000e+02		1.5200000e+02		1.5150000e+02		1.0875212e-01		0.0000000e+00		0.0000000e+00		0.0000000e+00		0.0000000e+00		0.0000000e+00
1.5200000e+02		1.5300000e+02		1.5250000e+02		1.3876638e-01		0.0000000e+00		0.0000000e+00		0.0000000e+00		0.0000000e+00		0.0000000e+00
1.5300000e+02		1.5400000e+02		1.5350000e+02		1.5371418e-01		0.0000000e+00		0.0000000e+00		0.0000000e+00		0.0000000e+00		0.0000000e+00
1.5400000e+02		1.5500000e+02		1.5450000e+02		4.1112511e-01		0.0000000e+00		0.0000000e+00		0.0000000e+00		0.0000000e+00		0.0000000e+00
1.5500000e+02		1.5600000e+02		1.5550000e+02		3.3836363e-01		0.0000000e+00		0.0000000e+00		0.0000000e+00		0.0000000e+00		0.0000000e+00
1.5600000e+02		1.5700000e+02		1.5650000e+02		2.0084632e-01		0.0000000e+00		0.0000000e+00		0.0000000e+00		0.0000000e+00		0.0000000e+00
1.5700000e+02		1.5800000e+02		1.5750000e+02		1.8216796e-01		0.0000000e+00		0.0000000e+00		0.0000000e+00		0.0000000e+00		0.0000000e+00
1.5800000e+02		1.5900000e+02		1.5850000e+02		1.6795176e-01		0.0000000e+00		0.0000000e+00		0.0000000e+00		0.0000000e+00		0.0000000e+00
1.5900000e+02		1.6000000e+02		1.5950000e+02		1.6379377e-01		0.0000000e+00		0.0000000e+00		0.0000000e+00		0.0000000e+00		0.0000000e+00
1.6000000e+02		1.6100000e+02		1.6050000e+02		1.7926410e-01		0.0000000e+00		0.0000000e+00		0.0000000e+00		0.0000000e+00		0.0000000e+00
1.6100000e+02		1.6200000e+02		1.6150000e+02		2.0306941e-01		0.0000000e+00		0.0000000e+00		0.0000000e+00		0.0000000e+00		0.0000000e+00
1.6200000e+02		1.6300000e+02		1.6250000e+02		2.2492895e-01		0.0000000e+00		0.0000000e+00		0.0000000e+00		0.0000000e+00		0.0000000e+00
1.6300000e+02		1.6400000e+02		1.6350000e+02		4.7671727e-01		0.0000000e+00		0.0000000e+00		0.0000000e+00		0.0000000e+00		0.0000000e+00
1.6400000e+02		1.6500000e+02		1.6450000e+02		4.8753270e-01		0.0000000e+00		0.0000000e+00		0.0000000e+00		0.0000000e+00		0.0000000e+00
1.6500000e+02		1.6600000e+02		1.6550000e+02		5.7072689e-01		0.0000000e+00		0.0000000e+00		0.0000000e+00		0.0000000e+00		0.0000000e+00
1.6600000e+02		1.6700000e+02		1.6650000e+02		2.6919628e-01		0.0000000e+00		0.0000000e+00		0.0000000e+00		0.0000000e+00		0.0000000e+00
1.6700000e+02		1.6800000e+02		1.6750000e+02		2.8728373e-01		0.0000000e+00		0.0000000e+00		0.0000000e+00		0.0000000e+00		0.0000000e+00
1.6800000e+02		1.6900000e+02		1.6850000e+02		3.0958866e-01		0.0000000e+00		0.0000000e+00		0.0000000e+00		0.0000000e+00		0.0000000e+00
1.6900000e+02		1.7000000e+02		1.6950000e+02		3.8988989e-01		0.0000000e+00		0.0000000e+00		0.0000000e+00		0.0000000e+00		0.0000000e+00
1.7000000e+02		1.7100000e+02		1.7050000e+02		4.3752516e-01		0.0000000e+00		0.0000000e+00		0.0000000e+00		0.0000000e+00		0.0000000e+00
1.7100000e+02		1.7200000e+02		1.7150000e+02		4.3618394e-01		0.0000000e+00		0.0000000e+00		0.0000000e+00		0.0000000e+00		0.0000000e+00
1.7200000e+02		1.7300000e+02		1.7250000e+02		4.5514763e-01		0.0000000e+00		0.0000000e+00		0.0000000e+00		0.0000000e+00		0.0000000e+00
1.7300000e+02		1.7400000e+02		1.7350000e+02		4.5120572e-01		0.0000000e+00		0.0000000e+00		0.0000000e+00		0.0000000e+00		0.0000000e+00
1.7400000e+02		1.7500000e+02		1.7450000e+02		5.3951828e-01		0.0000000e+00		0.0000000e+00		0.0000000e+00		0.0000000e+00		0.0000000e+00
1.7500000e+02		1.7600000e+02		1.7550000e+02		6.4389120e-01		0.0000000e+00		0.0000000e+00		0.0000000e+00		0.0000000e+00		0.0000000e+00
1.7600000e+02		1.7700000e+02		1.7650000e+02		6.9472845e-01		0.0000000e+00		0.0000000e+00		0.0000000e+00		0.0000000e+00		0.0000000e+00
1.7700000e+02		1.7800000e+02		1.7750000e+02		8.1849614e-01		0.0000000e+00		0.0000000e+00		0.0000000e+00		0.0000000e+00		0.0000000e+00
1.7800000e+02		1.7900000e+02		1.7850000e+02		8.9455089e-01		0.0000000e+00		0.0000000e+00		0.0000000e+00		0.0000000e+00		0.0000000e+00
1.7900000e+02		1.8000000e+02		1.7950000e+02		8.6966614e-01		0.0000000e+00		0.0000000e+00		0.0000000e+00		0.0000000e+00		0.0000000e+00
1.8000000e+02		1.8100000e+02		1.8050000e+02		1.0753674e+00		0.0000000e+00		0.0000000e+00		0.0000000e+00		0.0000000e+00		0.0000000e+00
1.8100000e+02		1.8200000e+02		1.8150000e+02		1.3093431e+00		0.0000000e+00		0.0000000e+00		0.0000000e+00		0.0000000e+00		0.0000000e+00
1.8200000e+02		1.8300000e+02		1.8250000e+02		1.2087370e+00		0.0000000e+00		0.0000000e+00		0.0000000e+00		0.0000000e+00		0.0000000e+00
1.8300000e+02		1.8400000e+02		1.8350000e+02		1.2728289e+00		0.0000000e+00		0.0000000e+00		0.0000000e+00		0.0000000e+00		0.0000000e+00
1.8400000e+02		1.8500000e+02		1.8450000e+02		1.0940339e+00		0.0000000e+00		0.0000000e+00		0.0000000e+00		0.0000000e+00		0.0000000e+00
1.8500000e+02		1.8600000e+02		1.8550000e+02		1.2372281e+00		0.0000000e+00		0.0000000e+00		0.0000000e+00		0.0000000e+00		0.0000000e+00
1.8600000e+02		1.8700000e+02		1.8650000e+02		1.4037992e+00		0.0000000e+00		0.0000000e+00		0.0000000e+00		0.0000000e+00		0.0000000e+00
1.8700000e+02		1.8800000e+02		1.8750000e+02		1.5907538e+00		0.0000000e+00		0.0000000e+00		0.0000000e+00		0.0000000e+00		0.0000000e+00
1.8800000e+02		1.8900000e+02		1.8850000e+02		1.6735993e+00		7.8881494e-221		0.0000000e+00		7.8954349e-221		1.7237652e-223		7.8781972e-221
1.8900000e+02		1.9000000e+02		1.8950000e+02		1.8559600e+00		4.5181928e-151		0.0000000e+00		4.5243588e-151		1.4588821e-153		4.5097700e-151
1.9000000e+02		1.9100000e+02		1.9050000e+02		1.9109940e+00		2.0680903e-102		0.0000000e+00		2.0723860e-102		1.0163651e-104		2.0622223e-102
1.9100000e+02		1.9200000e+02		1.9150000e+02		2.0707336e+00		1.9972937e-75		4.4260514e-73		2.0031613e-75		1.3882693e-77		1.9892786e-75
1.9200000e+02		1.9300000e+02		1.9250000e+02		2.1685186e+00		7.9488240e-57		3.4862251e-55		7.9818063e-57		7.8036991e-59		7.9037693e-57
1.9300000e+02		1.9400000e+02		1.9350000e+02		1.6554009e+00		4.3828111e-45		6.8363721e-44		4.4076665e-45		5.8808478e-47		4.3488580e-45
1.9400000e+02		1.9500000e+02		1.9450000e+02		2.6556632e+00		2.3605463e-38		2.9317535e-37		2.4270156e-38		1.5726823e-39		2.2697474e-38
1.9500000e+02		1.9600000e+02		1.9550000e+02		2.5630279e+00		1.1432488e-31		3.3976383e-30		1.9608233e-31		1.9344022e-31		2.6421167e-33
1.9600000e+02		1.9700000e+02		1.9650000e+02		2.8204934e+00		2.5093884e-27		5.0844133e-26		4.3454089e-27		4.3440713e-27		1.3376091e-30
1.9700000e+02		1.9800000e+02		1.9750000e+02		2.8068384e+00		4.3367667e-24		6.5202361e-23		7.5114033e-24		7.5112707e-24		1.3259105e-28
1.9800000e+02		1.9900000e+02		1.9850000e+02		2.7505577e+00		6.4473052e-13		3.4890474e-12		1.1167060e-12		1.1167060e-12		7.8849410e-22
1.9900000e+02		2.0000000e+02		1.9950000e+02		2.8965557e+00		5.7314918e-03		1.3565352e-02		9.9272351e-03		9.9272351e-03		6.7917287e-16
2.0000000e+02		2.0100000e+02		2.0050000e+02		3.0623388e+00		1.7707397e-02		4.0669987e-02		3.0670112e-02		3.0670112e-02		1.4380156e-15
2.0100000e+02		2.0200000e+02		2.0150000e+02		3.2593670e+00		6.7615817e-02		1.5033375e-01		1.1711403e-01		1.1711403e-01		3.1034647e-15
2.0200000e+02		2.0300000e+02		2.0250000e+02		3.2217937e+00		8.2179096e-02		1.8179092e-01		1.4233837e-01		1.4233837e-01		3.8330766e-15
2.0300000e+02		2.0400000e+02		2.0350000e+02		3.4484145e+00		1.1624001e-01		2.5547960e-01		2.0133360e-01		2.0133360e-01		5.0854056e-15
2.0400000e+02		2.0500000e+02		2.0450000e+02		3.7117169e+00		1.4611418e-01		3.1998016e-01		2.5307719e-01		2.5307719e-01		6.4721927e-15
2.0500000e+02		2.0600000e+02		2.0550000e+02		3.7200399e+00		1.5865570e-01		3.4674353e-01		2.7479973e-01		2.7479973e-01		7.2265065e-15
2.0600000e+02		2.0700000e+02		2.0650000e+02		3.7247532e+00		1.7027496e-01		3.7147599e-01		2.9492488e-01		2.9492488e-01		7.9567751e-15
2.0700000e+02		2.0800000e+02		2.0750000e+02		4.0454145e+00		1.9669920e-01		4.2844738e-01		3.4069301e-01		3.4069301e-01		9.7915832e-15
2.0800000e+02		2.0900000e+02		2.0850000e+02		4.3759554e+00		2.2395963e-01		4.8713500e-01		3.8790946e-01		3.8790946e-01		1.0959179e-14
2.0900000e+02		2.1000000e+02		2.0950000e+02		5.6528678e+00		3.0408159e-01		6.6053863e-01		5.2668476e-01		5.2668476e-01		1.5433067e-14
2.1000000e+02		2.1100000e+02		2.1050000e+02		6.9678423e+00		3.9457802e-01		8.5603067e-01		6.8342917e-01		6.8342917e-01		2.3024434e-14
2.1100000e+02		2.1200000e+02		2.1150000e+02		7.9326445e+00		4.6920130e-01		1.0167068e+00		8.1268049e-01		8.1268049e-01		2.7291918e-14
2.1200000e+02		2.1300000e+02		2.1250000e+02		7.0734222e+00		4.3663190e-01		9.4506208e-01		7.5626863e-01		7.5626863e-01		2.6673121e-14
2.1300000e+02		2.1400000e+02		2.1350000e+02		7.2066449e+00		4.6217920e-01		9.9931954e-01		8.0051786e-01		8.0051786e-01		2.9497065e-14
2.1400000e+02		2.1500000e+02		2.1450000e+02		9.2279181e+00		6.1327797e-01		1.3247114e+00		1.0622286e+00		1.0622286e+00		4.0123230e-14
2.1500000e+02		2.1600000e+02		2.1550000e+02		7.9257408e+00		5.4586218e-01		1.1779361e+00		9.4546103e-01		9.4546103e-01		3.6564904e-14
2.1600000e+02		2.1700000e+02		2.1650000e+02		7.3353469e+00		5.2493468e-01		1.1317133e+00		9.0921354e-01		9.0921354e-01		4.0730099e-14
2.1700000e+02		2.1800000e+02		2.1750000e+02		7.5953881e+00		5.6024781e-01		1.2067568e+00		9.7037767e-01		9.7037767e-01		4.1038814e-14
2.1800000e+02		2.1900000e+02		2.1850000e+02		1.0217230e+01		7.7757134e-01		1.6734624e+00		1.3467931e+00		1.3467931e+00		6.1262065e-14
2.1900000e+02		2.2000000e+02		2.1950000e+02		1.0786519e+01		8.4290318e-01		1.8126506e+00		1.4599511e+00		1.4599511e+00		6.6270083e-14
2.2000000e+02		2.2100000e+02		2.2050000e+02		1.0851638e+01		8.7133079e-01		1.8723897e+00		1.5091892e+00		1.5091892e+00		7.3655208e-14
2.2100000e+02		2.2200000e+02		2.2150000e+02		8.6872371e+00		7.1476072e-01		1.5348481e+00		1.2380019e+00		1.2380019e+00		6.2277387e-14
2.2200000e+02		2.2300000e+02		2.2250000e+02		1.1691346e+01		9.8550267e-01		2.1147946e+00		1.7069407e+00		1.7069407e+00		9.1893193e-14
2.2300000e+02		2.2400000e+02		2.2350000e+02		1.5139682e+01		1.3037687e+00		2.7959820e+00		2.2581936e+00		2.2581936e+00		1.2631894e-13
2.2400000e+02		2.2500000e+02		2.2450000e+02		1.4154944e+01		1.2415077e+00		2.6608578e+00		2.1503545e+00		2.1503545e+00		1.1953844e-13
2.2500000e+02		2.2600000e+02		2.2550000e+02		1.2365614e+01		1.1060619e+00		2.3692021e+00		1.9157554e+00		1.9157554e+00		1.1409179e-13
2.2600000e+02		2.2700000e+02		2.2650000e+02		9.0577089e+00		8.2258775e-01		1.7610391e+00		1.4247638e+00		1.4247638e+00		8.3303523e-14
2.2700000e+02		2.2800000e+02		2.2750000e+02		8.8108381e+00		8.1309436e-01		1.7398033e+00		1.4083208e+00		1.4083208e+00		8.4291159e-14
2.2800000e+02		2.2900000e+02		2.2850000e+02		1.2275156e+01		1.1515036e+00		2.4627068e+00		1.9944627e+00		1.9944627e+00		1.3144604e-13
2.2900000e+02		2.3000000e+02		2.2950000e+02		1.1031259e+01		1.0507334e+00		2.2461418e+00		1.8199236e+00		1.8199236e+00		1.3059139e-13
2.3000000e+02		2.3100000e+02		2.3050000e+02		1.2510180e+01		1.2052711e+00		2.5753349e+00		2.0875908e+00		2.0875908e+00		1.4781265e-13
2.3100000e+02		2.3200000e+02		2.3150000e+02		1.1791833e+01		1.1501376e+00		2.4564837e+00		1.9920967e+00		1.9920967e+00		1.4822007e-13
2.3200000e+02		2.3300000e+02		2.3250000e+02		1.2664003e+01		1.2506752e+00		2.6701558e+00		2.1662330e+00		2.1662330e+00		1.7784510e-13
2.3300000e+02		2.3400000e+02		2.3350000e+02		1.1428554e+01		1.1373263e+00		2.4272485e+00		1.9699069e+00		1.9699069e+00		1.5873096e-13
2.3400000e+02		2.3500000e+02		2.3450000e+02		9.9864853e+00		1.0015936e+00		2.1368109e+00		1.7348110e+00		1.7348110e+00		1.4163729e-13
2.3500000e+02		2.3600000e+02		2.3550000e+02		1.3443360e+01		1.3565752e+00		2.8931521e+00		2.3496572e+00		2.3496572e+00		1.8896370e-13
2.3600000e+02		2.3700000e+02		2.3650000e+02		1.2448020e+01		1.2677795e+00		2.7029034e+00		2.1958586e+00		2.1958586e+00		1.9409224e-13
2.3700000e+02		2.3800000e+02		2.3750000e+02		1.3294723e+01		1.3638203e+00		2.9067679e+00		2.3622061e+00		2.3622061e+00		2.2156857e-13
2.3800000e+02		2.3900000e+02		2.3850000e+02		1.1021422e+01		1.1381716e+00		2.4251236e+00		1.9713711e+00		1.9713711e+00		1.9585517e-13
2.3900000e+02		2.4000000e+02		2.3950000e+02		1.2008577e+01		1.2468016e+00		2.6558445e+00		2.1595238e+00		2.1595238e+00		2.2291202e-13
2.4000000e+02		2.4100000e+02		2.4050000e+02		1.1032163e+01		1.1486764e+00		2.4461748e+00		1.9895658e+00		1.9895658e+00		2.0068692e-13
2.4100000e+02		2.4200000e+02		2.4150000e+02		1.2918879e+01		1.3513814e+00		2.8771180e+00		2.3406612e+00		2.3406612e+00		2.4744457e-13
2.4200000e+02		2.4300000e+02		2.4250000e+02		1.7782729e+01		1.8672672e+00		3.9744819e+00		3.2342017e+00		3.2342017e+00		3.5259943e-13
2.4300000e+02		2.4400000e+02		2.4350000e+02		1.6701989e+01		1.7603239e+00		3.7459808e+00		3.0489705e+00		3.0489705e+00		3.4601833e-13
2.4400000e+02		2.4500000e+02		2.4450000e+02		1.5641720e+01		1.6548811e+00		3.5208118e+00		2.8663382e+00		2.8663382e+00		3.4305434e-13
2.4500000e+02		2.4600000e+02		2.4550000e+02		1.2691134e+01		1.3459823e+00		2.8630030e+00		2.3313098e+00		2.3313098e+00		2.8433722e-13
2.4600000e+02		2.4700000e+02		2.4650000e+02		1.2350906e+01		1.3161689e+00		2.7990078e+00		2.2796714e+00		2.2796714e+00		3.0633882e-13
2.4700000e+02		2.4800000e+02		2.4750000e+02		1.3639226e+01		1.4550472e+00		3.0937318e+00		2.5202157e+00		2.5202157e+00		3.3607875e-13
2.4800000e+02		2.4900000e+02		2.4850000e+02		1.0938846e+01		1.1677955e+00		2.4824951e+00		2.0226812e+00		2.0226812e+00		2.6661871e-13
2.4900000e+02		2.5000000e+02		2.4950000e+02		1.3333262e+01		1.4266102e+00		3.0321161e+00		2.4709614e+00		2.4709614e+00		3.3946187e-13
2.5000000e+02		2.5100000e+02		2.5050000e+02		1.4401571e+01		1.5448435e+00		3.2828164e+00		2.6757475e+00		2.6757475e+00		3.8546721e-13
2.5100000e+02		2.5200000e+02		2.5150000e+02		1.2007424e+01		1.2904569e+00		2.7417622e+00		2.2351369e+00		2.2351369e+00		3.3419478e-13
2.5200000e+02		2.5300000e+02		2.5250000e+02		1.0794009e+01		1.1611860e+00		2.4666894e+00		2.0112331e+00		2.0112331e+00		3.0370658e-13
2.5300000e+02		2.5400000e+02		2.5350000e+02		1.3602371e+01		1.4659375e+00		3.1135557e+00		2.5390783e+00		2.5390783e+00		3.9933749e-13
2.5400000e+02		2.5500000e+02		2.5450000e+02		1.5384114e+01		1.6587351e+00		3.5224808e+00		2.8730135e+00		2.8730135e+00		4.5281823e-13
2.5500000e+02		2.5600000e+02		2.5550000e+02		2.0992062e+01		2.2674544e+00		4.8144024e+00		3.9273463e+00		3.9273463e+00		6.4622542e-13
2.5600000e+02		2.5700000e+02		2.5650000e+02		2.7040612e+01		2.9273198e+00		6.2145248e+00		5.0702667e+00		5.0702667e+00		8.8369505e-13
2.5700000e+02		2.5800000e+02		2.5750000e+02		3.3946512e+01		3.6794211e+00		7.8100317e+00		6.3729444e+00		6.3729444e+00		1.1446400e-12
2.5800000e+02		2.5900000e+02		2.5850000e+02		3.5732434e+01		3.8714865e+00		8.2165238e+00		6.7056113e+00		6.7056113e+00		1.1785545e-12
2.5900000e+02		2.6000000e+02		2.5950000e+02		3.0409976e+01		3.2995220e+00		7.0017007e+00		5.7149397e+00		5.7149397e+00		1.0587787e-12
2.6000000e+02		2.6100000e+02		2.6050000e+02		2.4915606e+01		2.7066305e+00		5.7428115e+00		4.6880215e+00		4.6880215e+00		9.0774637e-13
2.6100000e+02		2.6200000e+02		2.6150000e+02		2.5442742e+01		2.7623377e+00		5.8602174e+00		4.7845092e+00		4.7845092e+00		9.0673145e-13
2.6200000e+02		2.6300000e+02		2.6250000e+02		3.0366547e+01		3.2993257e+00		6.9984922e+00		5.7145998e+00		5.7145998e+00		1.1008464e-12
2.6300000e+02		2.6400000e+02		2.6350000e+02		4.5700096e+01		4.9725248e+00		1.0546313e+01		8.6126656e+00		8.6126656e+00		1.7242629e-12
2.6400000e+02		2.6500000e+02		2.6450000e+02		7.1249372e+01		7.7657030e+00		1.6468281e+01		1.3450592e+01		1.3450592e+01		2.8185980e-12
2.6500000e+02		2.6600000e+02		2.6550000e+02		7.4731454e+01		8.1457817e+00		1.7272155e+01		1.4108908e+01		1.4108908e+01		2.9503049e-12
2.6600000e+02		2.6700000e+02		2.6650000e+02		7.2446611e+01		7.9163774e+00		1.6783704e+01		1.3711568e+01		1.3711568e+01		3.0829239e-12
2.6700000e+02		2.6800000e+02		2.6750000e+02		7.2937204e+01		7.9670361e+00		1.6889074e+01		1.3799311e+01		1.3799311e+01		3.0490366e-12
2.6800000e+02		2.6900000e+02		2.6850000e+02		7.2239021e+01		7.8942284e+00		1.6732765e+01		1.3673205e+01		1.3673205e+01		3.0432278e-12
2.6900000e+02		2.7000000e+02		2.6950000e+02		6.7758000e+01		7.4239255e+00		1.5734122e+01		1.2858616e+01		1.2858616e+01		3.0935889e-12
2.7000000e+02		2.7100000e+02		2.7050000e+02		7.8281462e+01		8.5938086e+00		1.8211511e+01		1.4884913e+01		1.4884913e+01		3.7805322e-12
2.7100000e+02		2.7200000e+02		2.7150000e+02		6.5051220e+01		7.1263592e+00		1.5100142e+01		1.2343216e+01		1.2343216e+01		2.9472641e-12
2.7200000e+02		2.7300000e+02		2.7250000e+02		5.2331568e+01		5.7484006e+00		1.2179034e+01		9.9565218e+00		9.9565218e+00		2.5560764e-12
2.7300000e+02		2.7400000e+02		2.7350000e+02		5.5800645e+01		6.1302699e+00		1.2986727e+01		1.0617939e+01		1.0617939e+01		2.7401879e-12
2.7400000e+02		2.7500000e+02		2.7450000e+02		3.8398649e+01		4.2206732e+00		8.9404019e+00		7.3104203e+00		7.3104203e+00		1.9032999e-12
2.7500000e+02		2.7600000e+02		2.7550000e+02		5.1208696e+01		5.6284433e+00		1.1921213e+01		9.7487498e+00		9.7487498e+00		2.5397774e-12
2.7600000e+02		2.7700000e+02		2.7650000e+02		7.1318275e+01		7.8524404e+00		1.6630050e+01		1.3600826e+01		1.3600826e+01		3.7317403e-12
2.7700000e+02		2.7800000e+02		2.7750000e+02		6.8188493e+01		7.4953815e+00		1.5872299e+01		1.2982382e+01		1.2982382e+01		3.3673987e-12
2.7800000e+02		2.7900000e+02		2.7850000e+02		4.7024496e+01		5.1711595e+00		1.0949457e+01		8.9567110e+00		8.9567110e+00		2.3447081e-12
2.7900000e+02		2.8000000e+02		2.7950000e+02		2.6422560e+01		2.9103199e+00		6.1617657e+00		5.0408219e+00		5.0408219e+00		1.3833565e-12
2.8000000e+02		2.8100000e+02		2.8050000e+02		2.8982131e+01		3.1967172e+00		6.7675156e+00		5.5368766e+00		5.5368766e+00		1.5840041e-12
2.8100000e+02		2.8200000e+02		2.8150000e+02		6.0033324e+01		6.6297913e+00		1.4034132e+01		1.1483135e+01		1.1483135e+01		3.3938085e-12
2.8200000e+02		2.8300000e+02		2.8250000e+02		8.1733762e+01		9.0348393e+00		1.9123512e+01		1.5648801e+01		1.5648801e+01		4.7485358e-12
2.8300000e+02		2.8400000e+02		2.8350000e+02		8.4433091e+01		9.3455651e+00		1.9779491e+01		1.6186994e+01		1.6186994e+01		5.0915343e-12
2.8400000e+02		2.8500000e+02		2.8450000e+02		6.2255376e+01		6.8817649e+00		1.4563716e+01		1.1919566e+01		1.1919566e+01		3.5998164e-12
2.8500000e+02		2.8600000e+02		2.8550000e+02		4.0018063e+01		4.4239428e+00		9.3615083e+00		7.6624937e+00		7.6624937e+00		2.3147728e-12
2.8600000e+02		2.8700000e+02		2.8650000e+02		8.2001717e+01		9.0836384e+00		1.9220314e+01		1.5733323e+01		1.5733323e+01		5.0408520e-12
2.8700000e+02		2.8800000e+02		2.8750000e+02		9.5189148e+01		1.0535999e+01		2.2291625e+01		1.8248886e+01		1.8248886e+01		5.6944425e-12
2.8800000e+02		2.8900000e+02		2.8850000e+02		9.0460934e+01		1.0030947e+01		2.1221389e+01		1.7374110e+01		1.7374110e+01		5.7132959e-12
2.8900000e+02		2.9000000e+02		2.8950000e+02		1.3728321e+02		1.5194097e+01		3.2142049e+01		2.6316948e+01		2.6316948e+01		8.1630963e-12
2.9000000e+02		2.9100000e+02		2.9050000e+02		1.8023325e+02		1.9974506e+01		4.2251497e+01		3.4596859e+01		3.4596859e+01		1.1162097e-11
2.9100000e+02		2.9200000e+02		2.9150000e+02		1.7359450e+02		1.9268432e+01		4.0754919e+01		3.3373904e+01		3.3373904e+01		1.1272629e-11
2.9200000e+02		2.9300000e+02		2.9250000e+02		1.5421676e+02		1.7144506e+01		3.6259891e+01		2.9695155e+01		2.9695155e+01		1.0475133e-11
2.9300000e+02		2.9400000e+02		2.9350000e+02		1.6099986e+02		1.7897429e+01		3.7849525e+01		3.0999256e+01		3.0999256e+01		1.0879616e-11
2.9400000e+02		2.9500000e+02		2.9450000e+02		1.4991794e+02		1.6670743e+01		3.5252937e+01		2.8874573e+01		2.8874573e+01		1.0260074e-11
2.9500000e+02		2.9600000e+02		2.9550000e+02		1.6232431e+02		1.8046701e+01		3.8159894e+01		3.1257803e+01		3.1257803e+01		1.0993400e-11
2.9600000e+02		2.9700000e+02		2.9650000e+02		1.4851381e+02		1.6525152e+01		3.4940142e+01		2.8622403e+01		2.8622403e+01		1.0266884e-11
2.9700000e+02		2.9800000e+02		2.9750000e+02		1.5140866e+02		1.6871261e+01		3.5669593e+01		2.9221881e+01		2.9221881e+01		1.0934230e-11
2.9800000e+02		2.9900000e+02		2.9850000e+02		1.3012850e+02		1.4469077e+01		3.0588855e+01		2.5061177e+01		2.5061177e+01		8.7928160e-12
2.9900000e+02		3.0000000e+02		2.9950000e+02		1.4682541e+02		1.6389912e+01		3.4647449e+01		2.8388161e+01		2.8388161e+01		1.1176892e-11
3.0000000e+02		3.0100000e+02		3.0050000e+02		1.1681452e+02		1.3013319e+01		2.7507736e+01		2.2539730e+01		2.2539730e+01		8.3339469e-12
3.0100000e+02		3.0200000e+02		3.0150000e+02		1.3434477e+02		1.4987428e+01		3.1678677e+01		2.5958988e+01		2.5958988e+01		1.0030049e-11
3.0200000e+02		3.0300000e+02		3.0250000e+02		1.4142283e+02		1.5786152e+01		3.3364870e+01		2.7342418e+01		2.7342418e+01		1.0687022e-11
3.0300000e+02		3.0400000e+02		3.0350000e+02		1.8342160e+02		2.0486893e+01		4.3297599e+01		3.5484340e+01		3.5484340e+01		1.4152326e-11
3.0400000e+02		3.0500000e+02		3.0450000e+02		1.7556728e+02		1.9609095e+01		4.1439913e+01		3.3963948e+01		3.3963948e+01		1.3520829e-11
3.0500000e+02		3.0600000e+02		3.0550000e+02		1.7728071e+02		1.9815492e+01		4.1873643e+01		3.4321439e+01		3.4321439e+01		1.3890475e-11
3.0600000e+02		3.0700000e+02		3.0650000e+02		1.6814926e+02		1.8803513e+01		3.9732868e+01		3.2568640e+01		3.2568640e+01		1.3320177e-11
3.0700000e+02		3.0800000e+02		3.0750000e+02		1.8878816e+02		2.1111871e+01		4.4608141e+01		3.6566832e+01		3.6566832e+01		1.4997674e-11
3.0800000e+02		3.0900000e+02		3.0850000e+02		1.8529086e+02		2.0757595e+01		4.3857146e+01		3.5953209e+01		3.5953209e+01		1.5523390e-11
3.0900000e+02		3.1000000e+02		3.0950000e+02		1.5026991e+02		1.6792822e+01		3.5478321e+01		2.9086021e+01		2.9086021e+01		1.1657328e-11
3.1000000e+02		3.1100000e+02		3.1050000e+02		1.8913229e+02		2.1172057e+01		4.4728030e+01		3.6671078e+01		3.6671078e+01		1.5414105e-11
3.1100000e+02		3.1200000e+02		3.1150000e+02		2.2495083e+02		2.5203272e+01		5.3241554e+01		4.3653347e+01		4.3653347e+01		1.8795922e-11
3.1200000e+02		3.1300000e+02		3.1250000e+02		2.0030306e+02		2.2449344e+01		4.7421560e+01		3.8883405e+01		3.8883405e+01		1.7023046e-11
3.1300000e+02		3.1400000e+02		3.1350000e+02		2.1331645e+02		2.3903806e+01		5.0491278e+01		4.1402606e+01		4.1402606e+01		1.7879007e-11
3.1400000e+02		3.1500000e+02		3.1450000e+02		2.0119548e+02		2.2568406e+01		4.7668240e+01		3.9089626e+01		3.9089626e+01		1.7403623e-11
3.1500000e+02		3.1600000e+02		3.1550000e+02		1.9522773e+02		2.1895814e+01		4.6245409e+01		3.7924662e+01		3.7924662e+01		1.6804044e-11
3.1600000e+02		3.1700000e+02		3.1650000e+02		1.9043254e+02		2.1369153e+01		4.5130946e+01		3.7012459e+01		3.7012459e+01		1.6650250e-11
3.1700000e+02		3.1800000e+02		3.1750000e+02		2.4155434e+02		2.7152375e+01		5.7342164e+01		4.7029294e+01		4.7029294e+01		2.2167655e-11
3.1800000e+02		3.1900000e+02		3.1850000e+02		1.9952276e+02		2.2395225e+01		4.7293525e+01		3.8789667e+01		3.8789667e+01		1.7559764e-11
3.1900000e+02		3.2000000e+02		3.1950000e+02		2.1430874e+02		2.4099536e+01		5.0890349e+01		4.1741621e+01		4.1741621e+01		1.9918548e-11
3.2000000e+02		3.2100000e+02		3.2050000e+02		2.4621307e+02		2.7677721e+01		5.8443605e+01		4.7939219e+01		4.7939219e+01		2.2581426e-11
3.2100000e+02		3.2200000e+02		3.2150000e+02		2.0677326e+02		2.3219987e+01		4.9028845e+01		4.0218197e+01		4.0218197e+01		1.8527505e-11
3.2200000e+02		3.2300000e+02		3.2250000e+02		2.0765168e+02		2.3342363e+01		4.9284840e+01		4.0430158e+01		4.0430158e+01		1.8986585e-11
3.2300000e+02		3.2400000e+02		3.2350000e+02		2.0066974e+02		2.2551619e+01		4.7613307e+01		3.9060550e+01		3.9060550e+01		1.8217210e-11
3.2400000e+02		3.2500000e+02		3.2450000e+02		2.3629853e+02		2.6540368e+01		5.6032411e+01		4.5969266e+01		4.5969266e+01		2.1067344e-11
3.2500000e+02		3.2600000e+02		3.2550000e+02		2.7209498e+02		3.0493996e+01		6.4377316e+01		5.2817150e+01		5.2817150e+01		2.3108253e-11
3.2600000e+02		3.2700000e+02		3.2650000e+02		3.0699214e+02		3.4522975e+01		7.2879361e+01		5.9795547e+01		5.9795547e+01		2.8366049e-11
3.2700000e+02		3.2800000e+02		3.2750000e+02		2.9701525e+02		3.3401983e+01		7.0510129e+01		5.7853931e+01		5.7853931e+01		2.7475882e-11
3.2800000e+02		3.2900000e+02		3.2850000e+02		2.8673370e+02		3.2251776e+01		6.8079460e+01		5.5861715e+01		5.5861715e+01		2.6651000e-11
3.2900000e+02		3.3000000e+02		3.2950000e+02		3.3379807e+02		3.7630203e+01		7.9429725e+01		6.5177423e+01		6.5177423e+01		3.3264163e-11
3.3000000e+02		3.3100000e+02		3.3050000e+02		3.1443449e+02		3.5395313e+01		7.4709808e+01		6.1306481e+01		6.1306481e+01		3.0254565e-11
3.3100000e+02		3.3200000e+02		3.3150000e+02		3.0087994e+02		3.3952450e+01		7.1660922e+01		5.8807368e+01		5.8807368e+01		3.0581683e-11
3.3200000e+02		3.3300000e+02		3.3250000e+02		2.9519831e+02		3.3259256e+01		7.0195325e+01		5.7606722e+01		5.7606722e+01		2.8639794e-11
3.3300000e+02		3.3400000e+02		3.3350000e+02		2.8364288e+02		3.2048581e+01		6.7637732e+01		5.5509771e+01		5.5509771e+01		2.9968204e-11
3.3400000e+02		3.3500000e+02		3.3450000e+02		2.9883003e+02		3.3749736e+01		7.1225512e+01		5.8456258e+01		5.8456258e+01		3.1144917e-11
3.3500000e+02		3.3600000e+02		3.3550000e+02		2.9511053e+02		3.3305734e+01		7.0286008e+01		5.7687224e+01		5.7687224e+01		3.0107085e-11
3.3600000e+02		3.3700000e+02		3.3650000e+02		2.4313126e+02		2.7450118e+01		5.7926741e+01		4.7544998e+01		4.7544998e+01		2.5154396e-11
3.3700000e+02		3.3800000e+02		3.3750000e+02		2.5649874e+02		2.8929415e+01		6.1046311e+01		5.0107216e+01		5.0107216e+01		2.5616063e-11
3.3800000e+02		3.3900000e+02		3.3850000e+02		2.7748673e+02		3.1296018e+01		6.6037976e+01		5.4206293e+01		5.4206293e+01		2.7602529e-11
3.3900000e+02		3.4000000e+02		3.3950000e+02		2.9040264e+02		3.2811669e+01		6.9233950e+01		5.6831477e+01		5.6831477e+01		3.0595637e-11
3.4000000e+02		3.4100000e+02		3.4050000e+02		3.0654056e+02		3.4579346e+01		7.2961587e+01		5.9893184e+01		5.9893184e+01		3.0738187e-11
3.4100000e+02		3.4200000e+02		3.4150000e+02		2.7979685e+02		3.1531361e+01		6.6528891e+01		5.4613919e+01		5.4613919e+01		2.7653069e-11
3.4200000e+02		3.4300000e+02		3.4250000e+02		3.0344565e+02		3.4339264e+01		7.2450461e+01		5.9477349e+01		5.9477349e+01		3.3432158e-11
3.4300000e+02		3.4400000e+02		3.4350000e+02		2.9822260e+02		3.3750695e+01		7.1206788e+01		5.8457919e+01		5.8457919e+01		3.3319749e-11
3.4400000e+02		3.4500000e+02		3.4450000e+02		2.3986676e+02		2.7142701e+01		5.7263314e+01		4.7012537e+01		4.7012537e+01		2.6464219e-11
3.4500000e+02		3.4600000e+02		3.4550000e+02		2.8907088e+02		3.2682003e+01		6.8947714e+01		5.6606890e+01		5.6606890e+01		3.1098355e-11
3.4600000e+02		3.4700000e+02		3.4650000e+02		2.8069735e+02		3.1795168e+01		6.7074882e+01		5.5070846e+01		5.5070846e+01		3.1998786e-11
3.4700000e+02		3.4800000e+02		3.4750000e+02		2.7782009e+02		3.1409741e+01		6.6260019e+01		5.4403267e+01		5.4403267e+01		3.0026360e-11
3.4800000e+02		3.4900000e+02		3.4850000e+02		2.8744416e+02		3.2551100e+01		6.8665081e+01		5.6380159e+01		5.6380159e+01		3.2114440e-11
3.4900000e+02		3.5000000e+02		3.4950000e+02		2.7550877e+02		3.1178757e+01		6.5768301e+01		5.4003191e+01		5.4003191e+01		3.0145558e-11
3.5000000e+02		3.5100000e+02		3.5050000e+02		3.3002358e+02		3.7322241e+01		7.8725348e+01		6.4644018e+01		6.4644018e+01		3.5467808e-11
3.5100000e+02		3.5200000e+02		3.5150000e+02		3.0660572e+02		3.4776808e+01		7.3354101e+01		6.0235198e+01		6.0235198e+01		3.5897490e-11
3.5200000e+02		3.5300000e+02		3.5250000e+02		2.8324198e+02		3.2067849e+01		6.7638340e+01		5.5543144e+01		5.5543144e+01		3.1361677e-11
3.5300000e+02		3.5400000e+02		3.5350000e+02		3.2405327e+02		3.6659914e+01		7.7321741e+01		6.3496833e+01		6.3496833e+01		3.4778054e-11
3.5400000e+02		3.5500000e+02		3.5450000e+02		3.4586270e+02		3.9198407e+01		8.2673737e+01		6.7893633e+01		6.7893633e+01		3.9327757e-11
3.5500000e+02		3.5600000e+02		3.5550000e+02		3.2478382e+02		3.6796344e+01		7.7605519e+01		6.3733138e+01		6.3733138e+01		3.6453625e-11
3.5600000e+02		3.5700000e+02		3.5650000e+02		2.8234357e+02		3.1825769e+01		6.7120675e+01		5.5123849e+01		5.5123849e+01		2.7363654e-11
3.5700000e+02		3.5800000e+02		3.5750000e+02		2.4674321e+02		2.7946186e+01		5.8937224e+01		4.8404213e+01		4.8404213e+01		2.7587803e-11
3.5800000e+02		3.5900000e+02		3.5850000e+02		2.1181106e+02		2.4035962e+01		5.0689404e+01		4.1631507e+01		4.1631507e+01		2.5130026e-11
3.5900000e+02		3.6000000e+02		3.5950000e+02		3.0582840e+02		3.4584616e+01		7.2933811e+01		5.9902312e+01		5.9902312e+01		3.2588506e-11
3.6000000e+02		3.6100000e+02		3.6050000e+02		3.0178862e+02		3.4204984e+01		7.2131413e+01		5.9244769e+01		5.9244769e+01		3.4618234e-11
3.6100000e+02		3.6200000e+02		3.6150000e+02		2.8033735e+02		3.1765785e+01		6.6986480e+01		5.5019953e+01		5.5019953e+01		3.2008154e-11
3.6200000e+02		3.6300000e+02		3.6250000e+02		3.1645921e+02		3.5869051e+01		7.5638062e+01		6.2127018e+01		6.2127018e+01		3.6928515e-11
3.6300000e+02		3.6400000e+02		3.6350000e+02		3.0810145e+02		3.4893489e+01		7.3578906e+01		6.0437296e+01		6.0437296e+01		3.4916918e-11
3.6400000e+02		3.6500000e+02		3.6450000e+02		3.2221950e+02		3.6451980e+01		7.6865063e+01		6.3136682e+01		6.3136682e+01		3.6563390e-11
3.6500000e+02		3.6600000e+02		3.6550000e+02		3.6674574e+02		4.1591359e+01		8.7699650e+01		7.2038347e+01		7.2038347e+01		4.4059647e-11
3.6600000e+02		3.6700000e+02		3.6650000e+02		3.9198946e+02		4.4344356e+01		9.3504448e+01		7.6806678e+01		7.6806678e+01		4.5268882e-11
3.6700000e+02		3.6800000e+02		3.6750000e+02		3.7850004e+02		4.2719127e+01		9.0075389e+01		7.3991699e+01		7.3991699e+01		4.0634460e-11
3.6800000e+02		3.6900000e+02		3.6850000e+02		3.4895620e+02		3.9397526e+01		8.3073406e+01		6.8238517e+01		6.8238517e+01		4.0660810e-11
3.6900000e+02		3.7000000e+02		3.6950000e+02		3.8736224e+02		4.3597067e+01		9.1925110e+01		7.5512335e+01		7.5512335e+01		3.9870034e-11
3.7000000e+02		3.7100000e+02		3.7050000e+02		3.6351013e+02		4.1375086e+01		8.7231723e+01		7.1663751e+01		7.1663751e+01		4.6354564e-11
3.7100000e+02		3.7200000e+02		3.7150000e+02		3.7529261e+02		4.2608164e+01		8.9829570e+01		7.3799506e+01		7.3799506e+01		4.4262423e-11
3.7200000e+02		3.7300000e+02		3.7250000e+02		3.1177186e+02		3.5267555e+01		7.4352068e+01		6.1085197e+01		6.1085197e+01		3.2916918e-11
3.7300000e+02		3.7400000e+02		3.7350000e+02		2.7192112e+02		3.0793302e+01		6.4918023e+01		5.3335564e+01		5.3335564e+01		2.9798437e-11
3.7400000e+02		3.7500000e+02		3.7450000e+02		2.7832167e+02		3.1679529e+01		6.6785039e+01		5.4870554e+01		5.4870554e+01		3.5615632e-11
3.7500000e+02		3.7600000e+02		3.7550000e+02		3.1876744e+02		3.6201645e+01		7.6316831e+01		6.2703088e+01		6.2703088e+01		3.8004608e-11
3.7600000e+02		3.7700000e+02		3.7650000e+02		3.3048657e+02		3.7494196e+01		7.9040148e+01		6.4941852e+01		6.4941852e+01		3.8023626e-11
3.7700000e+02		3.7800000e+02		3.7750000e+02		3.8770864e+02		4.4067680e+01		9.2895717e+01		7.6327461e+01		7.6327461e+01		4.7083054e-11
3.7800000e+02		3.7900000e+02		3.7850000e+02		4.0380398e+02		4.5906268e+01		9.6769701e+01		7.9511989e+01		7.9511989e+01		4.9291578e-11
3.7900000e+02		3.8000000e+02		3.7950000e+02		3.2744385e+02		3.7138388e+01		7.8285707e+01		6.4325575e+01		6.4325575e+01		3.7122136e-11
3.8000000e+02		3.8100000e+02		3.8050000e+02		3.5656330e+02		4.0459361e+01		8.5284592e+01		7.0077669e+01		7.0077669e+01		4.1122602e-11
3.8100000e+02		3.8200000e+02		3.8150000e+02		3.2019140e+02		3.6634876e+01		7.7221551e+01		6.3453467e+01		6.3453467e+01		4.7140899e-11
3.8200000e+02		3.8300000e+02		3.8250000e+02		2.2964197e+02		2.6033032e+01		5.4873276e+01		4.5090535e+01		4.5090535e+01		2.5642039e-11
3.8300000e+02		3.8400000e+02		3.8350000e+02		2.0267593e+02		2.3049985e+01		4.8584667e+01		3.9923746e+01		3.9923746e+01		2.5041788e-11
3.8400000e+02		3.8500000e+02		3.8450000e+02		2.7111947e+02		3.0849802e+01		6.5023973e+01		5.3433424e+01		5.3433424e+01		3.3940352e-11
3.8500000e+02		3.8600000e+02		3.8550000e+02		2.8715912e+02		3.2564044e+01		6.8636022e+01		5.6402579e+01		5.6402579e+01		3.2497891e-11
3.8600000e+02		3.8700000e+02		3.8650000e+02		2.8837692e+02		3.2884187e+01		6.9309637e+01		5.6957082e+01		5.6957082e+01		3.8412480e-11
3.8700000e+02		3.8800000e+02		3.8750000e+02		2.8805300e+02		3.2762517e+01		6.9052058e+01		5.6746345e+01		5.6746345e+01		3.5636996e-11
3.8800000e+02		3.8900000e+02		3.8850000e+02		2.9209390e+02		3.3171798e+01		6.9913543e+01		5.7455239e+01		5.7455239e+01		3.4421074e-11
3.8900000e+02		3.9000000e+02		3.8950000e+02		3.5069332e+02		3.9864153e+01		8.4017137e+01		6.9046738e+01		6.9046738e+01		4.2590858e-11
3.9000000e+02		3.9100000e+02		3.9050000e+02		3.6838836e+02		4.2078552e+01		8.8682771e+01		7.2882190e+01		7.2882190e+01		5.1468146e-11
3.9100000e+02		3.9200000e+02		3.9150000e+02		3.9613874e+02		4.5054171e+01		9.4952563e+01		7.8036114e+01		7.8036114e+01		4.8945159e-11
3.9200000e+02		3.9300000e+02		3.9250000e+02		3.0403432e+02		3.4504318e+01		7.2717417e+01		5.9763232e+01		5.9763232e+01		3.4923058e-11
3.9300000e+02		3.9400000e+02		3.9350000e+02		1.8639471e+02		2.1180412e+01		4.4636774e+01		3.6685550e+01		3.6685550e+01		2.2433569e-11
3.9400000e+02		3.9500000e+02		3.9450000e+02		3.0813115e+02		3.4852215e+01		7.3448386e+01		6.0365807e+01		6.0365807e+01		3.2059455e-11
3.9500000e+02		3.9600000e+02		3.9550000e+02		3.7840801e+02		4.3286505e+01		9.1221659e+01		7.4974426e+01		7.4974426e+01		5.5134347e-11
3.9600000e+02		3.9700000e+02		3.9650000e+02		2.6140326e+02		2.9772951e+01		6.2742518e+01		5.1568264e+01		5.1568264e+01		3.3631260e-11
3.9700000e+02		3.9800000e+02		3.9750000e+02		2.9300657e+02		3.3331643e+01		7.0241008e+01		5.7732099e+01		5.7732099e+01		3.6327581e-11
3.9800000e+02		3.9900000e+02		3.9850000e+02		4.5124719e+02		5.1358658e+01		1.0822877e+02		8.8955806e+01		8.8955806e+01		5.7111049e-11
3.9900000e+02		4.0000000e+02		3.9950000e+02		4.9846141e+02		5.6598008e+01		1.1926836e+02		9.8030626e+01		9.8030626e+01		5.9118265e-11
4.0000000e+02		4.0100000e+02		4.0050000e+02		5.1407199e+02		5.8515199e+01		1.2330595e+02		1.0135130e+02		1.0135130e+02		6.4790981e-11
4.0100000e+02		4.0200000e+02		4.0150000e+02		5.3860814e+02		6.1279555e+01		1.2912912e+02		1.0613930e+02		1.0613930e+02		6.6610312e-11
4.0200000e+02		4.0300000e+02		4.0250000e+02		5.4526519e+02		6.1721218e+01		1.3005804e+02		1.0690428e+02		1.0690428e+02		5.7943900e-11
4.0300000e+02		4.0400000e+02		4.0350000e+02		5.2165796e+02		5.9518031e+01		1.2541385e+02		1.0308825e+02		1.0308825e+02		7.0389376e-11
4.0400000e+02		4.0500000e+02		4.0450000e+02		5.1300620e+02		5.8606702e+01		1.2349191e+02		1.0150979e+02		1.0150979e+02		7.1901322e-11
4.0500000e+02		4.0600000e+02		4.0550000e+02		5.1256585e+02		5.8122701e+01		1.2247046e+02		1.0067147e+02		1.0067147e+02		5.7513586e-11
4.0600000e+02		4.0700000e+02		4.0650000e+02		4.9035274e+02		5.5375793e+01		1.1668095e+02		9.5913687e+01		9.5913687e+01		4.8604908e-11
4.0700000e+02		4.0800000e+02		4.0750000e+02		4.9838294e+02		5.6485102e+01		1.1901684e+02		9.7835066e+01		9.7835066e+01		5.4950703e-11
4.0800000e+02		4.0900000e+02		4.0850000e+02		5.2990289e+02		6.0390565e+01		1.2724425e+02		1.0459953e+02		1.0459953e+02		6.8914896e-11
4.0900000e+02		4.1000000e+02		4.0950000e+02		5.2713439e+02		5.9904808e+01		1.2621919e+02		1.0375817e+02		1.0375817e+02		6.3193932e-11
4.1000000e+02		4.1100000e+02		4.1050000e+02		4.8293937e+02		5.4923165e+01		1.1572148e+02		9.5129712e+01		9.5129712e+01		5.8883019e-11
4.1100000e+02		4.1200000e+02		4.1150000e+02		5.5986852e+02		6.3695842e+01		1.3420363e+02		1.1032444e+02		1.1032444e+02		6.8992632e-11
4.1200000e+02		4.1300000e+02		4.1250000e+02		5.4940473e+02		6.2480371e+01		1.3164114e+02		1.0821918e+02		1.0821918e+02		6.6933296e-11
4.1300000e+02		4.1400000e+02		4.1350000e+02		5.2995399e+02		6.0181384e+01		1.2679587e+02		1.0423721e+02		1.0423721e+02		6.1787459e-11
4.1400000e+02		4.1500000e+02		4.1450000e+02		5.3771640e+02		6.1200470e+01		1.2894148e+02		1.0600232e+02		1.0600232e+02		6.7011990e-11
4.1500000e+02		4.1600000e+02		4.1550000e+02		5.3722776e+02		6.0572959e+01		1.2761793e+02		1.0491544e+02		1.0491544e+02		5.0607709e-11
4.1600000e+02		4.1700000e+02		4.1650000e+02		5.5745703e+02		6.3357104e+01		1.3348219e+02		1.0973772e+02		1.0973772e+02		6.6595362e-11
4.1700000e+02		4.1800000e+02		4.1750000e+02		5.0725322e+02		5.7899186e+01		1.2198198e+02		1.0028433e+02		1.0028433e+02		6.8710107e-11
4.1800000e+02		4.1900000e+02		4.1850000e+02		5.2601513e+02		5.9955409e+01		1.2631276e+02		1.0384581e+02		1.0384581e+02		6.8469550e-11
4.1900000e+02		4.2000000e+02		4.1950000e+02		5.3123875e+02		6.0303835e+01		1.2704530e+02		1.0444931e+02		1.0444931e+02		6.1201703e-11
4.2000000e+02		4.2100000e+02		4.2050000e+02		5.3797708e+02		6.1219426e+01		1.2897283e+02		1.0603516e+02		1.0603516e+02		6.7169684e-11
4.2100000e+02		4.2200000e+02		4.2150000e+02		5.2958361e+02		6.0156888e+01		1.2673300e+02		1.0419479e+02		1.0419479e+02		6.2183591e-11
4.2200000e+02		4.2300000e+02		4.2250000e+02		5.0190537e+02		5.7212595e+01		1.2052897e+02		9.9095121e+01		9.9095121e+01		6.5460717e-11
4.2300000e+02		4.2400000e+02		4.2350000e+02		5.3474862e+02		6.0872176e+01		1.2823723e+02		1.0543370e+02		1.0543370e+02		6.6796309e-11
4.2400000e+02		4.2500000e+02		4.2450000e+02		5.5328403e+02		6.3012896e+01		1.3274565e+02		1.0914154e+02		1.0914154e+02		7.0047657e-11
4.2500000e+02		4.2600000e+02		4.2550000e+02		5.3248014e+02		6.0615335e+01		1.2769355e+02		1.0498884e+02		1.0498884e+02		6.6534951e-11
4.2600000e+02		4.2700000e+02		4.2650000e+02		5.3029841e+02		6.0223499e+01		1.2686684e+02		1.0431016e+02		1.0431016e+02		6.1714001e-11
4.2700000e+02		4.2800000e+02		4.2750000e+02		4.9171747e+02		5.5822989e+01		1.1759556e+02		9.6688254e+01		9.6688254e+01		5.6653805e-11
4.2800000e+02		4.2900000e+02		4.2850000e+02		4.9494538e+02		5.6342932e+01		1.1868970e+02		9.7588822e+01		9.7588822e+01		6.1752114e-11
4.2900000e+02		4.3000000e+02		4.2950000e+02		4.6063718e+02		5.2391106e+01		1.1036388e+02		9.0744057e+01		9.0744057e+01		5.5944156e-11
4.3000000e+02		4.3100000e+02		4.3050000e+02		3.7055843e+02		4.1975559e+01		8.8422292e+01		7.2703801e+01		7.2703801e+01		3.9871579e-11
4.3100000e+02		4.3200000e+02		4.3150000e+02		4.5818753e+02		5.2174191e+01		1.0990487e+02		9.0368350e+01		9.0368350e+01		5.8149718e-11
4.3200000e+02		4.3300000e+02		4.3250000e+02		5.1625369e+02		5.9218255e+01		1.2474202e+02		1.0256903e+02		1.0256903e+02		8.0288076e-11
4.3300000e+02		4.3400000e+02		4.3350000e+02		5.6047485e+02		6.3255257e+01		1.3324465e+02		1.0956132e+02		1.0956132e+02		5.4031997e-11
4.3400000e+02		4.3500000e+02		4.3450000e+02		4.7595241e+02		5.4905879e+01		1.1565598e+02		9.5099772e+01		9.5099772e+01		8.8139507e-11
4.3500000e+02		4.3600000e+02		4.3550000e+02		5.3162725e+02		6.0179461e+01		1.2676333e+02		1.0423388e+02		1.0423388e+02		5.5428378e-11
4.3600000e+02		4.3700000e+02		4.3650000e+02		5.9481241e+02		6.7216088e+01		1.4158418e+02		1.1642168e+02		1.1642168e+02		5.9581186e-11
4.3700000e+02		4.3800000e+02		4.3750000e+02		5.2629983e+02		6.0199909e+01		1.2680417e+02		1.0426930e+02		1.0426930e+02		7.6280382e-11
4.3800000e+02		4.3900000e+02		4.3850000e+02		5.1257868e+02		5.8136619e+01		1.2245702e+02		1.0069558e+02		1.0069558e+02		5.7251174e-11
4.3900000e+02		4.4000000e+02		4.3950000e+02		5.7051902e+02		6.5084194e+01		1.3709000e+02		1.1272913e+02		1.1272913e+02		7.5985908e-11
4.4000000e+02		4.4100000e+02		4.4050000e+02		5.4089681e+02		6.1461682e+01		1.2945869e+02		1.0645476e+02		1.0645476e+02		6.3796262e-11
4.4100000e+02		4.4200000e+02		4.4150000e+02		5.9491633e+02		6.7493711e+01		1.4216400e+02		1.1690254e+02		1.1690254e+02		6.7785235e-11
4.4200000e+02		4.4300000e+02		4.4250000e+02		6.2544254e+02		7.0958956e+01		1.4946247e+02		1.2290452e+02		1.2290452e+02		7.1926100e-11
4.4300000e+02		4.4400000e+02		4.4350000e+02		6.0497206e+02		6.8567629e+01		1.4442429e+02		1.1876262e+02		1.1876262e+02		6.7265103e-11
4.4400000e+02		4.4500000e+02		4.4450000e+02		6.2324411e+02		7.0684589e+01		1.4888335e+02		1.2242930e+02		1.2242930e+02		7.1798577e-11
4.4500000e+02		4.4600000e+02		4.4550000e+02		5.7783999e+02		6.5632037e+01		1.3823975e+02		1.1367802e+02		1.1367802e+02		6.9299920e-11
4.4600000e+02		4.4700000e+02		4.4650000e+02		5.8940025e+02		6.6979371e+01		1.4107488e+02		1.1601167e+02		1.1601167e+02		7.0616729e-11
4.4700000e+02		4.4800000e+02		4.4750000e+02		6.3881895e+02		7.2699238e+01		1.5312071e+02		1.2591877e+02		1.2591877e+02		7.9430647e-11
4.4800000e+02		4.4900000e+02		4.4850000e+02		6.2805979e+02		7.1578185e+01		1.5075789e+02		1.2397705e+02		1.2397705e+02		8.1098818e-11
4.4900000e+02		4.5000000e+02		4.4950000e+02		6.3454704e+02		7.1940960e+01		1.5152061e+02		1.2460540e+02		1.2460540e+02		6.9084604e-11
4.5000000e+02		4.5100000e+02		4.5050000e+02		6.7325368e+02		7.6062651e+01		1.6020039e+02		1.3174438e+02		1.3174438e+02		6.7055688e-11
4.5100000e+02		4.5200000e+02		4.5150000e+02		6.7122600e+02		7.6346175e+01		1.6079634e+02		1.3223545e+02		1.3223545e+02		8.1222030e-11
4.5200000e+02		4.5300000e+02		4.5250000e+02		6.3541039e+02		7.2072285e+01		1.5179378e+02		1.2483286e+02		1.2483286e+02		7.0764390e-11
4.5300000e+02		4.5400000e+02		4.5350000e+02		6.0888666e+02		6.9181486e+01		1.4570432e+02		1.1982585e+02		1.1982585e+02		7.1078218e-11
4.5400000e+02		4.5500000e+02		4.5450000e+02		6.4999363e+02		7.3611900e+01		1.5503418e+02		1.2749955e+02		1.2749955e+02		6.9096739e-11
4.5500000e+02		4.5600000e+02		4.5550000e+02		6.4380306e+02		7.3318916e+01		1.5441603e+02		1.2699209e+02		1.2699209e+02		8.0676479e-11
4.5600000e+02		4.5700000e+02		4.5650000e+02		6.6853861e+02		7.5765863e+01		1.5956839e+02		1.3123032e+02		1.3123032e+02		7.2517466e-11
4.5700000e+02		4.5800000e+02		4.5750000e+02		6.7499745e+02		7.6840359e+01		1.6183023e+02		1.3309141e+02		1.3309141e+02		8.3615547e-11
4.5800000e+02		4.5900000e+02		4.5850000e+02		6.3439039e+02		7.2077605e+01		1.5179855e+02		1.2484207e+02		1.2484207e+02		7.4287982e-11
4.5900000e+02		4.6000000e+02		4.5950000e+02		6.5539586e+02		7.4356975e+01		1.5659794e+02		1.2879006e+02		1.2879006e+02		7.3499974e-11
4.6000000e+02		4.6100000e+02		4.6050000e+02		6.4752339e+02		7.3474768e+01		1.5473895e+02		1.2726203e+02		1.2726203e+02		7.2774447e-11
4.6100000e+02		4.6200000e+02		4.6150000e+02		6.6245412e+02		7.4990497e+01		1.5793005e+02		1.2988735e+02		1.2988735e+02		6.9399282e-11
4.6200000e+02		4.6300000e+02		4.6250000e+02		6.6901120e+02		7.6197374e+01		1.6047068e+02		1.3197772e+02		1.3197772e+02		8.4018725e-11
4.6300000e+02		4.6400000e+02		4.6350000e+02		6.4662616e+02		7.3274544e+01		1.5431424e+02		1.2691523e+02		1.2691523e+02		6.9812985e-11
4.6400000e+02		4.6500000e+02		4.6450000e+02		6.5795753e+02		7.4843517e+01		1.5761744e+02		1.2963277e+02		1.2963277e+02		7.9853106e-11
4.6500000e+02		4.6600000e+02		4.6550000e+02		6.3552746e+02		7.2088421e+01		1.5181436e+02		1.2486081e+02		1.2486081e+02		7.0466927e-11
4.6600000e+02		4.6700000e+02		4.6650000e+02		6.3955371e+02		7.2802870e+01		1.5331798e+02		1.2609827e+02		1.2609827e+02		7.8983885e-11
4.6700000e+02		4.6800000e+02		4.6750000e+02		6.4572639e+02		7.3390681e+01		1.5455530e+02		1.2711639e+02		1.2711639e+02		7.6592452e-11
4.6800000e+02		4.6900000e+02		4.6850000e+02		6.3145002e+02		7.1885447e+01		1.5138442e+02		1.2450925e+02		1.2450925e+02		7.8411150e-11
4.6900000e+02		4.7000000e+02		4.6950000e+02		6.4956875e+02		7.3591795e+01		1.5497728e+02		1.2746473e+02		1.2746473e+02		7.0086156e-11
4.7000000e+02		4.7100000e+02		4.7050000e+02		6.1381170e+02		6.9573648e+01		1.4651460e+02		1.2050509e+02		1.2050509e+02		6.7237468e-11
4.7100000e+02		4.7200000e+02		4.7150000e+02		6.4174114e+02		7.2877931e+01		1.5347232e+02		1.2622828e+02		1.2622828e+02		7.4468470e-11
4.7200000e+02		4.7300000e+02		4.7250000e+02		6.5742798e+02		7.4695367e+01		1.5729875e+02		1.2937617e+02		1.2937617e+02		7.7387009e-11
4.7300000e+02		4.7400000e+02		4.7350000e+02		6.4563741e+02		7.3304119e+01		1.5436865e+02		1.2696646e+02		1.2696646e+02		7.4894086e-11
4.7400000e+02		4.7500000e+02		4.7450000e+02		6.6512717e+02		7.5593867e+01		1.5918875e+02		1.3093242e+02		1.3093242e+02		7.8707282e-11
4.7500000e+02		4.7600000e+02		4.7550000e+02		6.6365303e+02		7.5272283e+01		1.5851003e+02		1.3037542e+02		1.3037542e+02		7.3484188e-11
4.7600000e+02		4.7700000e+02		4.7650000e+02		6.3952653e+02		7.2622488e+01		1.5292907e+02		1.2578584e+02		1.2578584e+02		7.3339642e-11
4.7700000e+02		4.7800000e+02		4.7750000e+02		6.6772274e+02		7.5817751e+01		1.5965679e+02		1.3132020e+02		1.3132020e+02		7.6268629e-11
4.7800000e+02		4.7900000e+02		4.7850000e+02		6.6128260e+02		7.5363534e+01		1.5869943e+02		1.3053347e+02		1.3053347e+02		8.4286099e-11
4.7900000e+02		4.8000000e+02		4.7950000e+02		6.6320839e+02		7.5434405e+01		1.5884780e+02		1.3065622e+02		1.3065622e+02		7.9760135e-11
4.8000000e+02		4.8100000e+02		4.8050000e+02		6.6489751e+02		7.5419421e+01		1.5881539e+02		1.3063027e+02		1.3063027e+02		7.3158079e-11
4.8100000e+02		4.8200000e+02		4.8150000e+02		6.6630748e+02		7.5322851e+01		1.5861119e+02		1.3046300e+02		1.3046300e+02		6.6724077e-11
4.8200000e+02		4.8300000e+02		4.8250000e+02		6.6376999e+02		7.5110264e+01		1.5816270e+02		1.3009479e+02		1.3009479e+02		6.8419697e-11
4.8300000e+02		4.8400000e+02		4.8350000e+02		6.5373157e+02		7.4336482e+01		1.5653266e+02		1.2875456e+02		1.2875456e+02		7.7965439e-11
4.8400000e+02		4.8500000e+02		4.8450000e+02		6.4242337e+02		7.2555771e+01		1.5278248e+02		1.2567028e+02		1.2567028e+02		6.2449049e-11
4.8500000e+02		4.8600000e+02		4.8550000e+02		6.0369332e+02		6.8455190e+01		1.4414753e+02		1.1856787e+02		1.1856787e+02		6.6914941e-11
4.8600000e+02		4.8700000e+02		4.8650000e+02		5.2412565e+02		5.9439336e+01		1.2516162e+02		1.0295195e+02		1.0295195e+02		5.7953013e-11
4.8700000e+02		4.8800000e+02		4.8750000e+02		5.9966111e+02		6.7849139e+01		1.4286985e+02		1.1751816e+02		1.1751816e+02		6.2122936e-11
4.8800000e+02		4.8900000e+02		4.8850000e+02		6.3081686e+02		7.1439748e+01		1.5042986e+02		1.2373727e+02		1.2373727e+02		6.7137186e-11
4.8900000e+02		4.9000000e+02		4.8950000e+02		6.1880396e+02		7.0282091e+01		1.4799139e+02		1.2173215e+02		1.2173215e+02		7.1684743e-11
4.9000000e+02		4.9100000e+02		4.9050000e+02		6.5907671e+02		7.4694590e+01		1.5728164e+02		1.2937483e+02		1.2937483e+02		7.1367653e-11
4.9100000e+02		4.9200000e+02		4.9150000e+02		6.2110374e+02		7.0597575e+01		1.4865407e+02		1.2227859e+02		1.2227859e+02		7.3727812e-11
4.9200000e+02		4.9300000e+02		4.9250000e+02		5.9112858e+02		6.6922232e+01		1.4091393e+02		1.1591271e+02		1.1591271e+02		6.1649204e-11
4.9300000e+02		4.9400000e+02		4.9350000e+02		6.2472140e+02		7.0776445e+01		1.4902873e+02		1.2258840e+02		1.2258840e+02		6.6596995e-11
4.9400000e+02		4.9500000e+02		4.9450000e+02		6.4279699e+02		7.2882738e+01		1.5346304e+02		1.2623660e+02		1.2623660e+02		7.0166136e-11
4.9500000e+02		4.9600000e+02		4.9550000e+02		6.3133158e+02		7.1418805e+01		1.5037987e+02		1.2370100e+02		1.2370100e+02		6.4316184e-11
4.9600000e+02		4.9700000e+02		4.9650000e+02		6.3921352e+02		7.2460374e+01		1.5257231e+02		1.2550505e+02		1.2550505e+02		6.9252509e-11
4.9700000e+02		4.9800000e+02		4.9750000e+02		6.5113923e+02		7.3848723e+01		1.5549491e+02		1.2790974e+02		1.2790974e+02		7.1615592e-11
4.9800000e+02		4.9900000e+02		4.9850000e+02		5.9175801e+02		6.6931930e+01		1.4093046e+02		1.1592950e+02		1.1592950e+02		6.0048682e-11
4.9900000e+02		5.0000000e+02		4.9950000e+02		6.3385792e+02		7.1610998e+01		1.5078241e+02		1.2403389e+02		1.2403389e+02		6.2478065e-11
