Left Bin Edge (nm)	Right Bin Edge (nm)	Bin Center (nm)		Top of Atm Intensity (erg/s/nm/cm2)		Total Surface Flux (erg/s/nm/cm2)		Total Intensity at BOA (erg/s/nm/cm2)		Total Surface Intensity (erg/s/nm/cm2)		Total Surface Diffuse Intensity (erg/s/nm/cm2)		Total Surface Direct Intensity (erg/s/nm/cm2)
1.0000000e+02		1.0100000e+02		1.0050000e+02		1.9189487e-02		0.0000000e+00		0.0000000e+00		0.0000000e+00		0.0000000e+00		0.0000000e+00
1.0100000e+02		1.0200000e+02		1.0150000e+02		7.4861701e-02		0.0000000e+00		0.0000000e+00		0.0000000e+00		0.0000000e+00		0.0000000e+00
1.0200000e+02		1.0300000e+02		1.0250000e+02		3.9734366e-01		0.0000000e+00		0.0000000e+00		0.0000000e+00		0.0000000e+00		0.0000000e+00
1.0300000e+02		1.0400000e+02		1.0350000e+02		3.0179545e-01		0.0000000e+00		0.0000000e+00		0.0000000e+00		0.0000000e+00		0.0000000e+00
1.0400000e+02		1.0500000e+02		1.0450000e+02		6.0815352e-02		0.0000000e+00		0.0000000e+00		0.0000000e+00		0.0000000e+00		0.0000000e+00
1.0500000e+02		1.0600000e+02		1.0550000e+02		2.0834600e-02		0.0000000e+00		0.0000000e+00		0.0000000e+00		0.0000000e+00		0.0000000e+00
1.0600000e+02		1.0700000e+02		1.0650000e+02		1.9584792e-02		0.0000000e+00		0.0000000e+00		0.0000000e+00		0.0000000e+00		0.0000000e+00
1.0700000e+02		1.0800000e+02		1.0750000e+02		2.1853879e-02		0.0000000e+00		0.0000000e+00		0.0000000e+00		0.0000000e+00		0.0000000e+00
1.0800000e+02		1.0900000e+02		1.0850000e+02		3.0634999e-02		0.0000000e+00		0.0000000e+00		0.0000000e+00		0.0000000e+00		0.0000000e+00
1.0900000e+02		1.1000000e+02		1.0950000e+02		2.4032561e-02		0.0000000e+00		0.0000000e+00		0.0000000e+00		0.0000000e+00		0.0000000e+00
1.1000000e+02		1.1100000e+02		1.1050000e+02		2.3268893e-02		0.0000000e+00		0.0000000e+00		0.0000000e+00		0.0000000e+00		0.0000000e+00
1.1100000e+02		1.1200000e+02		1.1150000e+02		2.1871272e-02		0.0000000e+00		0.0000000e+00		0.0000000e+00		0.0000000e+00		0.0000000e+00
1.1200000e+02		1.1300000e+02		1.1250000e+02		2.2375602e-02		0.0000000e+00		0.0000000e+00		0.0000000e+00		0.0000000e+00		0.0000000e+00
1.1300000e+02		1.1400000e+02		1.1350000e+02		1.7748133e-02		0.0000000e+00		0.0000000e+00		0.0000000e+00		0.0000000e+00		0.0000000e+00
1.1400000e+02		1.1500000e+02		1.1450000e+02		1.3589480e-02		0.0000000e+00		0.0000000e+00		0.0000000e+00		0.0000000e+00		0.0000000e+00
1.1500000e+02		1.1600000e+02		1.1550000e+02		1.8751615e-02		0.0000000e+00		0.0000000e+00		0.0000000e+00		0.0000000e+00		0.0000000e+00
1.1600000e+02		1.1700000e+02		1.1650000e+02		4.3674487e-02		0.0000000e+00		0.0000000e+00		0.0000000e+00		0.0000000e+00		0.0000000e+00
1.1700000e+02		1.1800000e+02		1.1750000e+02		1.5546757e-01		0.0000000e+00		0.0000000e+00		0.0000000e+00		0.0000000e+00		0.0000000e+00
1.1800000e+02		1.1900000e+02		1.1850000e+02		5.2889236e-02		0.0000000e+00		0.0000000e+00		0.0000000e+00		0.0000000e+00		0.0000000e+00
1.1900000e+02		1.2000000e+02		1.1950000e+02		7.3692884e-02		0.0000000e+00		0.0000000e+00		0.0000000e+00		0.0000000e+00		0.0000000e+00
1.2000000e+02		1.2100000e+02		1.2050000e+02		4.0066072e-01		0.0000000e+00		0.0000000e+00		0.0000000e+00		0.0000000e+00		0.0000000e+00
1.2100000e+02		1.2200000e+02		1.2150000e+02		1.5905289e+01		0.0000000e+00		0.0000000e+00		0.0000000e+00		0.0000000e+00		0.0000000e+00
1.2200000e+02		1.2300000e+02		1.2250000e+02		1.0666543e-01		0.0000000e+00		0.0000000e+00		0.0000000e+00		0.0000000e+00		0.0000000e+00
1.2300000e+02		1.2400000e+02		1.2350000e+02		5.7456553e-02		0.0000000e+00		0.0000000e+00		0.0000000e+00		0.0000000e+00		0.0000000e+00
1.2400000e+02		1.2500000e+02		1.2450000e+02		4.6184197e-02		0.0000000e+00		0.0000000e+00		0.0000000e+00		0.0000000e+00		0.0000000e+00
1.2500000e+02		1.2600000e+02		1.2550000e+02		4.5085118e-02		0.0000000e+00		0.0000000e+00		0.0000000e+00		0.0000000e+00		0.0000000e+00
1.2600000e+02		1.2700000e+02		1.2650000e+02		6.3054464e-02		0.0000000e+00		0.0000000e+00		0.0000000e+00		0.0000000e+00		0.0000000e+00
1.2700000e+02		1.2800000e+02		1.2750000e+02		3.3006429e-02		0.0000000e+00		0.0000000e+00		0.0000000e+00		0.0000000e+00		0.0000000e+00
1.2800000e+02		1.2900000e+02		1.2850000e+02		2.6335196e-02		0.0000000e+00		0.0000000e+00		0.0000000e+00		0.0000000e+00		0.0000000e+00
1.2900000e+02		1.3000000e+02		1.2950000e+02		3.5131240e-02		0.0000000e+00		0.0000000e+00		0.0000000e+00		0.0000000e+00		0.0000000e+00
1.3000000e+02		1.3100000e+02		1.3050000e+02		2.8850634e-01		0.0000000e+00		0.0000000e+00		0.0000000e+00		0.0000000e+00		0.0000000e+00
1.3100000e+02		1.3200000e+02		1.3150000e+02		3.9064855e-02		0.0000000e+00		0.0000000e+00		0.0000000e+00		0.0000000e+00		0.0000000e+00
1.3200000e+02		1.3300000e+02		1.3250000e+02		3.0374778e-02		0.0000000e+00		0.0000000e+00		0.0000000e+00		0.0000000e+00		0.0000000e+00
1.3300000e+02		1.3400000e+02		1.3350000e+02		4.1056606e-01		0.0000000e+00		0.0000000e+00		0.0000000e+00		0.0000000e+00		0.0000000e+00
1.3400000e+02		1.3500000e+02		1.3450000e+02		2.8092500e-02		0.0000000e+00		0.0000000e+00		0.0000000e+00		0.0000000e+00		0.0000000e+00
1.3500000e+02		1.3600000e+02		1.3550000e+02		5.8954708e-02		0.0000000e+00		0.0000000e+00		0.0000000e+00		0.0000000e+00		0.0000000e+00
1.3600000e+02		1.3700000e+02		1.3650000e+02		3.8690656e-02		0.0000000e+00		0.0000000e+00		0.0000000e+00		0.0000000e+00		0.0000000e+00
1.3700000e+02		1.3800000e+02		1.3750000e+02		3.9732879e-02		0.0000000e+00		0.0000000e+00		0.0000000e+00		0.0000000e+00		0.0000000e+00
1.3800000e+02		1.3900000e+02		1.3850000e+02		4.0549866e-02		0.0000000e+00		0.0000000e+00		0.0000000e+00		0.0000000e+00		0.0000000e+00
1.3900000e+02		1.4000000e+02		1.3950000e+02		1.3692187e-01		0.0000000e+00		0.0000000e+00		0.0000000e+00		0.0000000e+00		0.0000000e+00
1.4000000e+02		1.4100000e+02		1.4050000e+02		1.1939088e-01		0.0000000e+00		0.0000000e+00		0.0000000e+00		0.0000000e+00		0.0000000e+00
1.4100000e+02		1.4200000e+02		1.4150000e+02		5.7521948e-02		0.0000000e+00		0.0000000e+00		0.0000000e+00		0.0000000e+00		0.0000000e+00
1.4200000e+02		1.4300000e+02		1.4250000e+02		6.2343151e-02		0.0000000e+00		0.0000000e+00		0.0000000e+00		0.0000000e+00		0.0000000e+00
1.4300000e+02		1.4400000e+02		1.4350000e+02		6.9165895e-02		0.0000000e+00		0.0000000e+00		0.0000000e+00		0.0000000e+00		0.0000000e+00
1.4400000e+02		1.4500000e+02		1.4450000e+02		6.6149126e-02		0.0000000e+00		0.0000000e+00		0.0000000e+00		0.0000000e+00		0.0000000e+00
1.4500000e+02		1.4600000e+02		1.4550000e+02		7.0536262e-02		0.0000000e+00		0.0000000e+00		0.0000000e+00		0.0000000e+00		0.0000000e+00
1.4600000e+02		1.4700000e+02		1.4650000e+02		8.6012655e-02		0.0000000e+00		0.0000000e+00		0.0000000e+00		0.0000000e+00		0.0000000e+00
1.4700000e+02		1.4800000e+02		1.4750000e+02		1.0610345e-01		0.0000000e+00		0.0000000e+00		0.0000000e+00		0.0000000e+00		0.0000000e+00
1.4800000e+02		1.4900000e+02		1.4850000e+02		1.0405386e-01		0.0000000e+00		0.0000000e+00		0.0000000e+00		0.0000000e+00		0.0000000e+00
1.4900000e+02		1.5000000e+02		1.4950000e+02		9.4002421e-02		0.0000000e+00		0.0000000e+00		0.0000000e+00		0.0000000e+00		0.0000000e+00
1.5000000e+02		1.5100000e+02		1.5050000e+02		1.0343288e-01		0.0000000e+00		0.0000000e+00		0.0000000e+00		0.0000000e+00		0.0000000e+00
1.5100000e+02		1.5200000e+02		1.5150000e+02		1.0875212e-01		0.0000000e+00		0.0000000e+00		0.0000000e+00		0.0000000e+00		0.0000000e+00
1.5200000e+02		1.5300000e+02		1.5250000e+02		1.3876638e-01		0.0000000e+00		0.0000000e+00		0.0000000e+00		0.0000000e+00		0.0000000e+00
1.5300000e+02		1.5400000e+02		1.5350000e+02		1.5371418e-01		0.0000000e+00		0.0000000e+00		0.0000000e+00		0.0000000e+00		0.0000000e+00
1.5400000e+02		1.5500000e+02		1.5450000e+02		4.1112511e-01		0.0000000e+00		0.0000000e+00		0.0000000e+00		0.0000000e+00		0.0000000e+00
1.5500000e+02		1.5600000e+02		1.5550000e+02		3.3836363e-01		0.0000000e+00		0.0000000e+00		0.0000000e+00		0.0000000e+00		0.0000000e+00
1.5600000e+02		1.5700000e+02		1.5650000e+02		2.0084632e-01		0.0000000e+00		0.0000000e+00		0.0000000e+00		0.0000000e+00		0.0000000e+00
1.5700000e+02		1.5800000e+02		1.5750000e+02		1.8216796e-01		0.0000000e+00		0.0000000e+00		0.0000000e+00		0.0000000e+00		0.0000000e+00
1.5800000e+02		1.5900000e+02		1.5850000e+02		1.6795176e-01		0.0000000e+00		0.0000000e+00		0.0000000e+00		0.0000000e+00		0.0000000e+00
1.5900000e+02		1.6000000e+02		1.5950000e+02		1.6379377e-01		0.0000000e+00		0.0000000e+00		0.0000000e+00		0.0000000e+00		0.0000000e+00
1.6000000e+02		1.6100000e+02		1.6050000e+02		1.7926410e-01		0.0000000e+00		0.0000000e+00		0.0000000e+00		0.0000000e+00		0.0000000e+00
1.6100000e+02		1.6200000e+02		1.6150000e+02		2.0306941e-01		0.0000000e+00		0.0000000e+00		0.0000000e+00		0.0000000e+00		0.0000000e+00
1.6200000e+02		1.6300000e+02		1.6250000e+02		2.2492895e-01		0.0000000e+00		0.0000000e+00		0.0000000e+00		0.0000000e+00		0.0000000e+00
1.6300000e+02		1.6400000e+02		1.6350000e+02		4.7671727e-01		0.0000000e+00		0.0000000e+00		0.0000000e+00		0.0000000e+00		0.0000000e+00
1.6400000e+02		1.6500000e+02		1.6450000e+02		4.8753270e-01		0.0000000e+00		0.0000000e+00		0.0000000e+00		0.0000000e+00		0.0000000e+00
1.6500000e+02		1.6600000e+02		1.6550000e+02		5.7072689e-01		0.0000000e+00		0.0000000e+00		0.0000000e+00		0.0000000e+00		0.0000000e+00
1.6600000e+02		1.6700000e+02		1.6650000e+02		2.6919628e-01		0.0000000e+00		0.0000000e+00		0.0000000e+00		0.0000000e+00		0.0000000e+00
1.6700000e+02		1.6800000e+02		1.6750000e+02		2.8728373e-01		0.0000000e+00		0.0000000e+00		0.0000000e+00		0.0000000e+00		0.0000000e+00
1.6800000e+02		1.6900000e+02		1.6850000e+02		3.0958866e-01		0.0000000e+00		0.0000000e+00		0.0000000e+00		0.0000000e+00		0.0000000e+00
1.6900000e+02		1.7000000e+02		1.6950000e+02		3.8988989e-01		0.0000000e+00		0.0000000e+00		0.0000000e+00		0.0000000e+00		0.0000000e+00
1.7000000e+02		1.7100000e+02		1.7050000e+02		4.3752516e-01		0.0000000e+00		0.0000000e+00		0.0000000e+00		0.0000000e+00		0.0000000e+00
1.7100000e+02		1.7200000e+02		1.7150000e+02		4.3618394e-01		0.0000000e+00		0.0000000e+00		0.0000000e+00		0.0000000e+00		0.0000000e+00
1.7200000e+02		1.7300000e+02		1.7250000e+02		4.5514763e-01		0.0000000e+00		0.0000000e+00		0.0000000e+00		0.0000000e+00		0.0000000e+00
1.7300000e+02		1.7400000e+02		1.7350000e+02		4.5120572e-01		0.0000000e+00		0.0000000e+00		0.0000000e+00		0.0000000e+00		0.0000000e+00
1.7400000e+02		1.7500000e+02		1.7450000e+02		5.3951828e-01		0.0000000e+00		0.0000000e+00		0.0000000e+00		0.0000000e+00		0.0000000e+00
1.7500000e+02		1.7600000e+02		1.7550000e+02		6.4389120e-01		0.0000000e+00		0.0000000e+00		0.0000000e+00		0.0000000e+00		0.0000000e+00
1.7600000e+02		1.7700000e+02		1.7650000e+02		6.9472845e-01		0.0000000e+00		0.0000000e+00		0.0000000e+00		0.0000000e+00		0.0000000e+00
1.7700000e+02		1.7800000e+02		1.7750000e+02		8.1849614e-01		0.0000000e+00		0.0000000e+00		0.0000000e+00		0.0000000e+00		0.0000000e+00
1.7800000e+02		1.7900000e+02		1.7850000e+02		8.9455089e-01		0.0000000e+00		0.0000000e+00		0.0000000e+00		0.0000000e+00		0.0000000e+00
1.7900000e+02		1.8000000e+02		1.7950000e+02		8.6966614e-01		0.0000000e+00		0.0000000e+00		0.0000000e+00		0.0000000e+00		0.0000000e+00
1.8000000e+02		1.8100000e+02		1.8050000e+02		1.0753674e+00		0.0000000e+00		0.0000000e+00		0.0000000e+00		0.0000000e+00		0.0000000e+00
1.8100000e+02		1.8200000e+02		1.8150000e+02		1.3093431e+00		0.0000000e+00		0.0000000e+00		0.0000000e+00		0.0000000e+00		0.0000000e+00
1.8200000e+02		1.8300000e+02		1.8250000e+02		1.2087370e+00		0.0000000e+00		0.0000000e+00		0.0000000e+00		0.0000000e+00		0.0000000e+00
1.8300000e+02		1.8400000e+02		1.8350000e+02		1.2728289e+00		0.0000000e+00		0.0000000e+00		0.0000000e+00		0.0000000e+00		0.0000000e+00
1.8400000e+02		1.8500000e+02		1.8450000e+02		1.0940339e+00		0.0000000e+00		0.0000000e+00		0.0000000e+00		0.0000000e+00		0.0000000e+00
1.8500000e+02		1.8600000e+02		1.8550000e+02		1.2372281e+00		0.0000000e+00		0.0000000e+00		0.0000000e+00		0.0000000e+00		0.0000000e+00
1.8600000e+02		1.8700000e+02		1.8650000e+02		1.4037992e+00		0.0000000e+00		0.0000000e+00		0.0000000e+00		0.0000000e+00		0.0000000e+00
1.8700000e+02		1.8800000e+02		1.8750000e+02		1.5907538e+00		0.0000000e+00		0.0000000e+00		0.0000000e+00		0.0000000e+00		0.0000000e+00
1.8800000e+02		1.8900000e+02		1.8850000e+02		1.6735993e+00		0.0000000e+00		0.0000000e+00		0.0000000e+00		0.0000000e+00		0.0000000e+00
1.8900000e+02		1.9000000e+02		1.8950000e+02		1.8559600e+00		1.7185387e-317		0.0000000e+00		1.7263054e-317		1.8376278e-319		1.7079291e-317
1.9000000e+02		1.9100000e+02		1.9050000e+02		1.9109940e+00		4.2884736e-197		0.0000000e+00		4.3188505e-197		7.1872680e-199		4.2469779e-197
1.9100000e+02		1.9200000e+02		1.9150000e+02		2.0707336e+00		8.7495747e-149		0.0000000e+00		8.8365699e-149		2.0583294e-150		8.6307370e-149
1.9200000e+02		1.9300000e+02		1.9250000e+02		2.1685186e+00		2.0738315e-114		0.0000000e+00		2.1007313e-114		6.3645458e-116		2.0370858e-114
1.9300000e+02		1.9400000e+02		1.9350000e+02		1.6554009e+00		2.6538074e-79		1.1508078e-75		2.7024239e-79		1.1502780e-80		2.5873961e-79
1.9400000e+02		1.9500000e+02		1.9450000e+02		2.6556632e+00		6.4561139e-62		4.6989829e-59		6.6046785e-62		3.5150761e-63		6.2531709e-62
1.9500000e+02		1.9600000e+02		1.9550000e+02		2.5630279e+00		3.4442558e-41		3.4387631e-39		3.5580679e-41		2.6928233e-42		3.2887856e-41
1.9600000e+02		1.9700000e+02		1.9650000e+02		2.8204934e+00		1.2718620e-32		5.4544567e-31		1.3232303e-32		1.2153883e-33		1.2016915e-32
1.9700000e+02		1.9800000e+02		1.9750000e+02		2.8068384e+00		9.8715070e-25		2.0004426e-23		1.0374411e-24		1.1898830e-25		9.1845278e-25
1.9800000e+02		1.9900000e+02		1.9850000e+02		2.7505577e+00		1.8227474e-16		1.3114366e-15		1.9770356e-16		3.6504981e-17		1.6119858e-16
1.9900000e+02		2.0000000e+02		1.9950000e+02		2.8965557e+00		3.0556754e-11		1.0957701e-10		3.5434685e-11		1.1541309e-11		2.3893376e-11
2.0000000e+02		2.0100000e+02		2.0050000e+02		3.0623388e+00		1.5603438e-08		4.7086482e-08		1.9015782e-08		8.0736926e-09		1.0942090e-08
2.0100000e+02		2.0200000e+02		2.0150000e+02		3.2593670e+00		2.4227779e-05		6.5465709e-05		3.3639205e-05		2.2267675e-05		1.1371530e-05
2.0200000e+02		2.0300000e+02		2.0250000e+02		3.2217937e+00		8.1752390e-05		2.1834775e-04		1.1670195e-04		8.2691537e-05		3.4010409e-05
2.0300000e+02		2.0400000e+02		2.0350000e+02		3.4484145e+00		4.6532032e-04		1.2341901e-03		6.9471615e-04		5.4275635e-04		1.5195979e-04
2.0400000e+02		2.0500000e+02		2.0450000e+02		3.7117169e+00		1.3125741e-03		3.4565679e-03		2.0056969e-03		1.6399463e-03		3.6575064e-04
2.0500000e+02		2.0600000e+02		2.0550000e+02		3.7200399e+00		2.2208737e-03		5.8010755e-03		3.4251321e-03		2.8493058e-03		5.7582627e-04
2.0600000e+02		2.0700000e+02		2.0650000e+02		3.7247532e+00		3.5313234e-03		9.1506630e-03		5.4870293e-03		4.6272499e-03		8.5977943e-04
2.0700000e+02		2.0800000e+02		2.0750000e+02		4.0454145e+00		5.7781452e-03		1.4856101e-02		9.0321220e-03		7.6989917e-03		1.3331303e-03
2.0800000e+02		2.0900000e+02		2.0850000e+02		4.3759554e+00		9.0213365e-03		2.3018031e-02		1.4169982e-02		1.2181827e-02		1.9881557e-03
2.0900000e+02		2.1000000e+02		2.0950000e+02		5.6528678e+00		1.6388781e-02		4.1507014e-02		2.5850435e-02		2.2386512e-02		3.4639226e-03
2.1000000e+02		2.1100000e+02		2.1050000e+02		6.9678423e+00		2.8148165e-02		7.0780997e-02		4.4580189e-02		3.8878587e-02		5.7016023e-03
2.1100000e+02		2.1200000e+02		2.1150000e+02		7.9326445e+00		4.3836343e-02		1.0946943e-01		6.9682239e-02		6.1152045e-02		8.5301935e-03
2.1200000e+02		2.1300000e+02		2.1250000e+02		7.0734222e+00		5.2596311e-02		1.3046855e-01		8.3886263e-02		7.4032821e-02		9.8534421e-03
2.1300000e+02		2.1400000e+02		2.1350000e+02		7.2066449e+00		7.0190451e-02		1.7298281e-01		1.1224848e-01		9.9510361e-02		1.2738117e-02
2.1400000e+02		2.1500000e+02		2.1450000e+02		9.2279181e+00		1.1631192e-01		2.8485373e-01		1.8646814e-01		1.6599140e-01		2.0476747e-02
2.1500000e+02		2.1600000e+02		2.1550000e+02		7.9257408e+00		1.2936315e-01		3.1491766e-01		2.0794131e-01		1.8591792e-01		2.2023388e-02
2.1600000e+02		2.1700000e+02		2.1650000e+02		7.3353469e+00		1.5355077e-01		3.7164333e-01		2.4744090e-01		2.2214642e-01		2.5294480e-02
2.1700000e+02		2.1800000e+02		2.1750000e+02		7.5953881e+00		2.0217588e-01		4.8662060e-01		3.2658101e-01		2.9434569e-01		3.2235321e-02
2.1800000e+02		2.1900000e+02		2.1850000e+02		1.0217230e+01		3.3937087e-01		8.1245363e-01		5.4929047e-01		4.9667509e-01		5.2615378e-02
2.1900000e+02		2.2000000e+02		2.1950000e+02		1.0786519e+01		4.3954725e-01		1.0468031e+00		7.1260091e-01		6.4605190e-01		6.6549011e-02
2.2000000e+02		2.2100000e+02		2.2050000e+02		1.0851638e+01		5.3708097e-01		1.2726705e+00		8.7202155e-01		7.9247793e-01		7.9543619e-02
2.2100000e+02		2.2200000e+02		2.2150000e+02		8.6872371e+00		5.1746217e-01		1.2202551e+00		8.4131038e-01		7.6623308e-01		7.5077298e-02
2.2200000e+02		2.2300000e+02		2.2250000e+02		1.1691346e+01		8.3073012e-01		1.9498587e+00		1.3523006e+00		1.2340491e+00		1.1825153e-01
2.2300000e+02		2.2400000e+02		2.2350000e+02		1.5139682e+01		1.2670737e+00		2.9605679e+00		2.0646517e+00		1.8870896e+00		1.7756202e-01
2.2400000e+02		2.2500000e+02		2.2450000e+02		1.4154944e+01		1.3807911e+00		3.2121008e+00		2.2517785e+00		2.0607783e+00		1.9100025e-01
2.2500000e+02		2.2600000e+02		2.2550000e+02		1.2365614e+01		1.3947024e+00		3.2306564e+00		2.2760505e+00		2.0852919e+00		1.9075857e-01
2.2600000e+02		2.2700000e+02		2.2650000e+02		9.0577089e+00		1.1695667e+00		2.6979224e+00		1.9096391e+00		1.7510299e+00		1.5860915e-01
2.2700000e+02		2.2800000e+02		2.2750000e+02		8.8108381e+00		1.2960414e+00		2.9776888e+00		2.1171705e+00		1.9428124e+00		1.7435819e-01
2.2800000e+02		2.2900000e+02		2.2850000e+02		1.2275156e+01		2.0306645e+00		4.6470379e+00		3.3179096e+00		3.0456547e+00		2.7225497e-01
2.2900000e+02		2.3000000e+02		2.2950000e+02		1.1031259e+01		2.0395753e+00		4.6494138e+00		3.3328609e+00		3.0599464e+00		2.7291446e-01
2.3000000e+02		2.3100000e+02		2.3050000e+02		1.2510180e+01		2.5737466e+00		5.8450985e+00		4.2060824e+00		3.8621480e+00		3.4393437e-01
2.3100000e+02		2.3200000e+02		2.3150000e+02		1.1791833e+01		2.6761360e+00		6.0551131e+00		4.3729845e+00		4.0147868e+00		3.5819773e-01
2.3200000e+02		2.3300000e+02		2.3250000e+02		1.2664003e+01		3.1349866e+00		7.0670036e+00		5.1208917e+00		4.6987019e+00		4.2218986e-01
2.3300000e+02		2.3400000e+02		2.3350000e+02		1.1428554e+01		3.0628358e+00		6.8788936e+00		5.0003663e+00		4.5842463e+00		4.1612002e-01
2.3400000e+02		2.3500000e+02		2.3450000e+02		9.9864853e+00		2.8778213e+00		6.4396356e+00		4.6950889e+00		4.2997012e+00		3.9538769e-01
2.3500000e+02		2.3600000e+02		2.3550000e+02		1.3443360e+01		4.1403193e+00		9.2308025e+00		6.7492404e+00		6.1727736e+00		5.7646682e-01
2.3600000e+02		2.3700000e+02		2.3650000e+02		1.2448020e+01		4.0761147e+00		9.0545367e+00		6.6382957e+00		6.0621854e+00		5.7611027e-01
2.3700000e+02		2.3800000e+02		2.3750000e+02		1.3294723e+01		4.6013610e+00		1.0183941e+01		7.4854645e+00		6.8238621e+00		6.6160238e-01
2.3800000e+02		2.3900000e+02		2.3850000e+02		1.1021422e+01		4.0100718e+00		8.8426948e+00		6.5154182e+00		5.9277131e+00		5.8770503e-01
2.3900000e+02		2.4000000e+02		2.3950000e+02		1.2008577e+01		4.5694281e+00		1.0038914e+01		7.4138526e+00		6.7299807e+00		6.8387197e-01
2.4000000e+02		2.4100000e+02		2.4050000e+02		1.1032163e+01		4.3715364e+00		9.5684892e+00		7.0819461e+00		6.4128981e+00		6.6904794e-01
2.4100000e+02		2.4200000e+02		2.4150000e+02		1.2918879e+01		5.3074744e+00		1.1573580e+01		8.5838216e+00		7.7519207e+00		8.3190089e-01
2.4200000e+02		2.4300000e+02		2.4250000e+02		1.7782729e+01		7.5503027e+00		1.6402412e+01		1.2189496e+01		1.0976450e+01		1.2130463e+00
2.4300000e+02		2.4400000e+02		2.4350000e+02		1.6701989e+01		7.3031597e+00		1.5805347e+01		1.1768095e+01		1.0564150e+01		1.2039447e+00
2.4400000e+02		2.4500000e+02		2.4450000e+02		1.5641720e+01		7.0225428e+00		1.5139977e+01		1.1293131e+01		1.0104321e+01		1.1888104e+00
2.4500000e+02		2.4600000e+02		2.4550000e+02		1.2691134e+01		5.8377747e+00		1.2537462e+01		9.3681900e+00		8.3530524e+00		1.0151376e+00
2.4600000e+02		2.4700000e+02		2.4650000e+02		1.2350906e+01		5.8065649e+00		1.2422278e+01		9.2976178e+00		8.2599198e+00		1.0376980e+00
2.4700000e+02		2.4800000e+02		2.4750000e+02		1.3639226e+01		6.5418910e+00		1.3941136e+01		1.0451186e+01		9.2494919e+00		1.2016944e+00
2.4800000e+02		2.4900000e+02		2.4850000e+02		1.0938846e+01		5.3437838e+00		1.1343561e+01		8.5170159e+00		7.5079476e+00		1.0090682e+00
2.4900000e+02		2.5000000e+02		2.4950000e+02		1.3333262e+01		6.6229619e+00		1.4003921e+01		1.0530089e+01		9.2443618e+00		1.2857271e+00
2.5000000e+02		2.5100000e+02		2.5050000e+02		1.4401571e+01		7.2630793e+00		1.5297028e+01		1.1518847e+01		1.0069254e+01		1.4495929e+00
2.5100000e+02		2.5200000e+02		2.5150000e+02		1.2007424e+01		6.1400983e+00		1.2880803e+01		9.7127204e+00		8.4529148e+00		1.2598056e+00
2.5200000e+02		2.5300000e+02		2.5250000e+02		1.0794009e+01		5.5911708e+00		1.1682831e+01		8.8210760e+00		7.6420377e+00		1.1790383e+00
2.5300000e+02		2.5400000e+02		2.5350000e+02		1.3602371e+01		7.1312780e+00		1.4841846e+01		1.1220640e+01		9.6755345e+00		1.5451055e+00
2.5400000e+02		2.5500000e+02		2.5450000e+02		1.5384114e+01		8.1573683e+00		1.6910036e+01		1.2800071e+01		1.0984753e+01		1.8153181e+00
2.5500000e+02		2.5600000e+02		2.5550000e+02		2.0992062e+01		1.1251211e+01		2.3230986e+01		1.7605834e+01		1.5035200e+01		2.5706345e+00
2.5600000e+02		2.5700000e+02		2.5650000e+02		2.7040612e+01		1.4642442e+01		3.0113210e+01		2.2848155e+01		1.9414925e+01		3.4332295e+00
2.5700000e+02		2.5800000e+02		2.5750000e+02		3.3946512e+01		1.8563295e+01		3.8025570e+01		2.8884149e+01		2.4419404e+01		4.4647457e+00
2.5800000e+02		2.5900000e+02		2.5850000e+02		3.5732434e+01		1.9725420e+01		4.0246401e+01		3.0604558e+01		2.5740315e+01		4.8642424e+00
2.5900000e+02		2.6000000e+02		2.5950000e+02		3.0409976e+01		1.6878187e+01		3.4296349e+01		2.6105693e+01		2.1832515e+01		4.2731781e+00
2.6000000e+02		2.6100000e+02		2.6050000e+02		2.4915606e+01		1.3907064e+01		2.8144240e+01		2.1443507e+01		1.7831417e+01		3.6120900e+00
2.6100000e+02		2.6200000e+02		2.6150000e+02		2.5442742e+01		1.4323083e+01		2.8872223e+01		2.2020152e+01		1.8211459e+01		3.8086923e+00
2.6200000e+02		2.6300000e+02		2.6250000e+02		3.0366547e+01		1.7243158e+01		3.4622735e+01		2.6431730e+01		2.1740396e+01		4.6913347e+00
2.6300000e+02		2.6400000e+02		2.6350000e+02		4.5700096e+01		2.6147901e+01		5.2296581e+01		3.9961514e+01		3.2683360e+01		7.2781549e+00
2.6400000e+02		2.6500000e+02		2.6450000e+02		7.1249372e+01		4.1142517e+01		8.1970666e+01		6.2695469e+01		5.0994831e+01		1.1700637e+01
2.6500000e+02		2.6600000e+02		2.6550000e+02		7.4731454e+01		4.3487468e+01		8.6306996e+01		6.6070771e+01		5.3432669e+01		1.2638103e+01
2.6600000e+02		2.6700000e+02		2.6650000e+02		7.2446611e+01		4.2470324e+01		8.3962552e+01		6.4331247e+01		5.1723500e+01		1.2607747e+01
2.6700000e+02		2.6800000e+02		2.6750000e+02		7.2937204e+01		4.3106458e+01		8.4895649e+01		6.5101695e+01		5.2041288e+01		1.3060407e+01
2.6800000e+02		2.6900000e+02		2.6850000e+02		7.2239021e+01		4.3028933e+01		8.4421274e+01		6.4791400e+01		5.1490548e+01		1.3300852e+01
2.6900000e+02		2.7000000e+02		2.6950000e+02		6.7758000e+01		4.0635262e+01		7.9420615e+01		6.1001233e+01		4.8186406e+01		1.2814828e+01
2.7000000e+02		2.7100000e+02		2.7050000e+02		7.8281462e+01		4.7283569e+01		9.2065633e+01		7.0768095e+01		5.5564984e+01		1.5203110e+01
2.7100000e+02		2.7200000e+02		2.7150000e+02		6.5051220e+01		3.9545942e+01		7.6708345e+01		5.9006732e+01		4.6044724e+01		1.2962008e+01
2.7200000e+02		2.7300000e+02		2.7250000e+02		5.2331568e+01		3.2057332e+01		6.1952400e+01		4.7691343e+01		3.6990467e+01		1.0700876e+01
2.7300000e+02		2.7400000e+02		2.7350000e+02		5.5800645e+01		3.4413864e+01		6.6259367e+01		5.1042778e+01		3.9344433e+01		1.1698345e+01
2.7400000e+02		2.7500000e+02		2.7450000e+02		3.8398649e+01		2.3838764e+01		4.5728783e+01		3.5251129e+01		2.7001945e+01		8.2491836e+00
2.7500000e+02		2.7600000e+02		2.7550000e+02		5.1208696e+01		3.1977884e+01		6.1114275e+01		4.7141879e+01		3.5878397e+01		1.1263482e+01
2.7600000e+02		2.7700000e+02		2.7650000e+02		7.1318275e+01		4.4828692e+01		8.5361841e+01		6.5888328e+01		4.9827635e+01		1.6060693e+01
2.7700000e+02		2.7800000e+02		2.7750000e+02		6.8188493e+01		4.3154091e+01		8.1877075e+01		6.3238667e+01		4.7520616e+01		1.5718051e+01
2.7800000e+02		2.7900000e+02		2.7850000e+02		4.7024496e+01		2.9946204e+01		5.6612759e+01		4.3751946e+01		3.2664736e+01		1.1087210e+01
2.7900000e+02		2.8000000e+02		2.7950000e+02		2.6422560e+01		1.6922851e+01		3.1877101e+01		2.4649729e+01		1.8281991e+01		6.3677388e+00
2.8000000e+02		2.8100000e+02		2.8050000e+02		2.8982131e+01		1.8666943e+01		3.5036578e+01		2.7108006e+01		1.9971769e+01		7.1362370e+00
2.8100000e+02		2.8200000e+02		2.8150000e+02		6.0033324e+01		3.8904193e+01		7.2763293e+01		5.6328652e+01		4.1226712e+01		1.5101940e+01
2.8200000e+02		2.8300000e+02		2.8250000e+02		8.1733762e+01		5.3282250e+01		9.9305717e+01		7.6917277e+01		5.5921073e+01		2.0996204e+01
2.8300000e+02		2.8400000e+02		2.8350000e+02		8.4433091e+01		5.5360510e+01		1.0281976e+02		7.9680279e+01		5.7541192e+01		2.2139087e+01
2.8400000e+02		2.8500000e+02		2.8450000e+02		6.2255376e+01		4.1058993e+01		7.5994938e+01		5.8922120e+01		4.2264612e+01		1.6657508e+01
2.8500000e+02		2.8600000e+02		2.8550000e+02		4.0018063e+01		2.6535891e+01		4.8945409e+01		3.7967696e+01		2.7047941e+01		1.0919755e+01
2.8600000e+02		2.8700000e+02		2.8650000e+02		8.2001717e+01		5.4679426e+01		1.0051283e+02		7.8006085e+01		5.5191469e+01		2.2814616e+01
2.8700000e+02		2.8800000e+02		2.8750000e+02		9.5189148e+01		6.3801204e+01		1.1688225e+02		9.0750695e+01		6.3763182e+01		2.6987514e+01
2.8800000e+02		2.8900000e+02		2.8850000e+02		9.0460934e+01		6.0948399e+01		1.1128030e+02		8.6438877e+01		6.0311119e+01		2.6127758e+01
2.8900000e+02		2.9000000e+02		2.8950000e+02		1.3728321e+02		9.2947084e+01		1.6913485e+02		1.3143297e+02		9.1058588e+01		4.0374384e+01
2.9000000e+02		2.9100000e+02		2.9050000e+02		1.8023325e+02		1.2261530e+02		2.2237962e+02		1.7287840e+02		1.1892377e+02		5.3954625e+01
2.9100000e+02		2.9200000e+02		2.9150000e+02		1.7359450e+02		1.1869796e+02		2.1456849e+02		1.6687213e+02		1.1398132e+02		5.2890808e+01
2.9200000e+02		2.9300000e+02		2.9250000e+02		1.5421676e+02		1.0600248e+02		1.9099811e+02		1.4859911e+02		1.0078469e+02		4.7814414e+01
2.9300000e+02		2.9400000e+02		2.9350000e+02		1.6099986e+02		1.1125549e+02		1.9982058e+02		1.5552231e+02		1.0473644e+02		5.0785875e+01
2.9400000e+02		2.9500000e+02		2.9450000e+02		1.4991794e+02		1.0399458e+02		1.8617028e+02		1.4494615e+02		9.6892454e+01		4.8053699e+01
2.9500000e+02		2.9600000e+02		2.9550000e+02		1.6232431e+02		1.1321977e+02		2.0204985e+02		1.5736672e+02		1.0445280e+02		5.2913924e+01
2.9600000e+02		2.9700000e+02		2.9650000e+02		1.4851381e+02		1.0412003e+02		1.8523010e+02		1.4431638e+02		9.5105566e+01		4.9210810e+01
2.9700000e+02		2.9800000e+02		2.9750000e+02		1.5140866e+02		1.0660057e+02		1.8904627e+02		1.4733550e+02		9.6379883e+01		5.0955616e+01
2.9800000e+02		2.9900000e+02		2.9850000e+02		1.3012850e+02		9.2013651e+01		1.6266990e+02		1.2681725e+02		8.2346201e+01		4.4471050e+01
2.9900000e+02		3.0000000e+02		2.9950000e+02		1.4682541e+02		1.0426377e+02		1.8375826e+02		1.4329970e+02		9.2359988e+01		5.0939707e+01
3.0000000e+02		3.0100000e+02		3.0050000e+02		1.1681452e+02		8.3339869e+01		1.4643615e+02		1.1422854e+02		7.3083371e+01		4.1145165e+01
3.0100000e+02		3.0200000e+02		3.0150000e+02		1.3434477e+02		9.6250321e+01		1.6860912e+02		1.3156070e+02		8.3545247e+01		4.8015450e+01
3.0200000e+02		3.0300000e+02		3.0250000e+02		1.4142283e+02		1.0177045e+02		1.7774726e+02		1.3872850e+02		8.7443673e+01		5.1284823e+01
3.0300000e+02		3.0400000e+02		3.0350000e+02		1.8342160e+02		1.3248149e+02		2.3069207e+02		1.8009470e+02		1.1265407e+02		6.7440628e+01
3.0400000e+02		3.0500000e+02		3.0450000e+02		1.7556728e+02		1.2741065e+02		2.2121787e+02		1.7274390e+02		1.0725962e+02		6.5484283e+01
3.0500000e+02		3.0600000e+02		3.0550000e+02		1.7728071e+02		1.2919932e+02		2.2367187e+02		1.7470239e+02		1.0766142e+02		6.7040965e+01
3.0600000e+02		3.0700000e+02		3.0650000e+02		1.6814926e+02		1.2305646e+02		2.1242410e+02		1.6595571e+02		1.0150072e+02		6.4454995e+01
3.0700000e+02		3.0800000e+02		3.0750000e+02		1.8878816e+02		1.3862185e+02		2.3859982e+02		1.8644314e+02		1.1314639e+02		7.3296753e+01
3.0800000e+02		3.0900000e+02		3.0850000e+02		1.8529086e+02		1.3660184e+02		2.3445806e+02		1.8324594e+02		1.1036111e+02		7.2884825e+01
3.0900000e+02		3.1000000e+02		3.0950000e+02		1.5026991e+02		1.1124597e+02		1.9040568e+02		1.4884723e+02		8.8965530e+01		5.9881700e+01
3.1000000e+02		3.1100000e+02		3.1050000e+02		1.8913229e+02		1.4049910e+02		2.3980034e+02		1.8749547e+02		1.1119462e+02		7.6300854e+01
3.1100000e+02		3.1200000e+02		3.1150000e+02		2.2495083e+02		1.6775712e+02		2.8553691e+02		2.2329848e+02		1.3141228e+02		9.1886199e+01
3.1200000e+02		3.1300000e+02		3.1250000e+02		2.0030306e+02		1.4984726e+02		2.5434808e+02		1.9894041e+02		1.1615563e+02		8.2784778e+01
3.1300000e+02		3.1400000e+02		3.1350000e+02		2.1331645e+02		1.6026734e+02		2.7130995e+02		2.1224732e+02		1.2298596e+02		8.9261364e+01
3.1400000e+02		3.1500000e+02		3.1450000e+02		2.0119548e+02		1.5164313e+02		2.5601652e+02		2.0031373e+02		1.1515587e+02		8.5157859e+01
3.1500000e+02		3.1600000e+02		3.1550000e+02		1.9522773e+02		1.4760670e+02		2.4853463e+02		1.9448796e+02		1.1092225e+02		8.3565707e+01
3.1600000e+02		3.1700000e+02		3.1650000e+02		1.9043254e+02		1.4443083e+02		2.4254284e+02		1.8982559e+02		1.0740514e+02		8.2420446e+01
3.1700000e+02		3.1800000e+02		3.1750000e+02		2.4155434e+02		1.8387729e+02		3.0798627e+02		2.4108072e+02		1.3534478e+02		1.0573594e+02
3.1800000e+02		3.1900000e+02		3.1850000e+02		1.9952276e+02		1.5237094e+02		2.5455425e+02		1.9928221e+02		1.1099326e+02		8.8288952e+01
3.1900000e+02		3.2000000e+02		3.1950000e+02		2.1430874e+02		1.6416571e+02		2.7355455e+02		2.1418311e+02		1.1834242e+02		9.5840683e+01
3.2000000e+02		3.2100000e+02		3.2050000e+02		2.4621307e+02		1.8929613e+02		3.1464014e+02		2.4638457e+02		1.3507271e+02		1.1131186e+02
3.2100000e+02		3.2200000e+02		3.2150000e+02		2.0677326e+02		1.5923233e+02		2.6398130e+02		2.0673017e+02		1.1238108e+02		9.4349083e+01
3.2200000e+02		3.2300000e+02		3.2250000e+02		2.0765168e+02		1.6067576e+02		2.6573992e+02		2.0813992e+02		1.1230140e+02		9.5838517e+01
3.2300000e+02		3.2400000e+02		3.2350000e+02		2.0066974e+02		1.5568645e+02		2.5684892e+02		2.0119459e+02		1.0767342e+02		9.3521175e+01
3.2400000e+02		3.2500000e+02		3.2450000e+02		2.3629853e+02		1.8388846e+02		3.0263836e+02		2.3708576e+02		1.2586617e+02		1.1121959e+02
3.2500000e+02		3.2600000e+02		3.2550000e+02		2.7209498e+02		2.1177184e+02		3.4762882e+02		2.7233440e+02		1.4329257e+02		1.2904183e+02
3.2600000e+02		3.2700000e+02		3.2650000e+02		3.0699214e+02		2.4040482e+02		3.9376512e+02		3.0853282e+02		1.6119258e+02		1.4734025e+02
3.2700000e+02		3.2800000e+02		3.2750000e+02		2.9701525e+02		2.3322406e+02		3.8109749e+02		2.9863027e+02		1.5475275e+02		1.4387752e+02
3.2800000e+02		3.2900000e+02		3.2850000e+02		2.8673370e+02		2.2575271e+02		3.6802275e+02		2.8840572e+02		1.4823863e+02		1.4016709e+02
3.2900000e+02		3.3000000e+02		3.2950000e+02		3.3379807e+02		2.6339855e+02		4.2838521e+02		3.3572860e+02		1.7113476e+02		1.6459385e+02
3.3000000e+02		3.3100000e+02		3.3050000e+02		3.1443449e+02		2.4848536e+02		4.0317433e+02		3.1598059e+02		1.5969543e+02		1.5628516e+02
3.3100000e+02		3.3200000e+02		3.3150000e+02		3.0087994e+02		2.3913596e+02		3.8719331e+02		3.0350081e+02		1.5228888e+02		1.5121193e+02
3.3200000e+02		3.3300000e+02		3.3250000e+02		2.9519831e+02		2.3519209e+02		3.7994731e+02		2.9783657e+02		1.4821843e+02		1.4961815e+02
3.3300000e+02		3.3400000e+02		3.3350000e+02		2.8364288e+02		2.2653628e+02		3.6514646e+02		2.8624837e+02		1.4128034e+02		1.4496803e+02
3.3400000e+02		3.3500000e+02		3.3450000e+02		2.9883003e+02		2.3921479e+02		3.8472775e+02		3.0161139e+02		1.4763193e+02		1.5397946e+02
3.3500000e+02		3.3600000e+02		3.3550000e+02		2.9511053e+02		2.3686033e+02		3.8011349e+02		2.9800853e+02		1.4467819e+02		1.5333034e+02
3.3600000e+02		3.3700000e+02		3.3650000e+02		2.4313126e+02		1.9563293e+02		3.1327528e+02		2.4561794e+02		1.1826581e+02		1.2735214e+02
3.3700000e+02		3.3800000e+02		3.3750000e+02		2.5649874e+02		2.0695188e+02		3.3069871e+02		2.5929037e+02		1.2383422e+02		1.3545616e+02
3.3800000e+02		3.3900000e+02		3.3850000e+02		2.7748673e+02		2.2452414e+02		3.5802939e+02		2.8073265e+02		1.3299075e+02		1.4774190e+02
3.3900000e+02		3.4000000e+02		3.3950000e+02		2.9040264e+02		2.3547608e+02		3.7470320e+02		2.9381369e+02		1.3802828e+02		1.5578541e+02
3.4000000e+02		3.4100000e+02		3.4050000e+02		3.0654056e+02		2.4902454e+02		3.9543162e+02		3.1007163e+02		1.4443895e+02		1.6563268e+02
3.4100000e+02		3.4200000e+02		3.4150000e+02		2.7979685e+02		2.2723566e+02		3.6004107e+02		2.8230673e+02		1.3029955e+02		1.5200719e+02
3.4200000e+02		3.4300000e+02		3.4250000e+02		3.0344565e+02		2.4763370e+02		3.9162226e+02		3.0709821e+02		1.4069454e+02		1.6640367e+02
3.4300000e+02		3.4400000e+02		3.4350000e+02		2.9822260e+02		2.4361360e+02		3.8446536e+02		3.0148073e+02		1.3691509e+02		1.6456564e+02
3.4400000e+02		3.4500000e+02		3.4450000e+02		2.3986676e+02		1.9664983e+02		3.0975674e+02		2.4291081e+02		1.0945466e+02		1.3345615e+02
3.4500000e+02		3.4600000e+02		3.4550000e+02		2.8907088e+02		2.3738803e+02		3.7318202e+02		2.9264829e+02		1.3074719e+02		1.6190110e+02
3.4600000e+02		3.4700000e+02		3.4650000e+02		2.8069735e+02		2.3095253e+02		3.6235534e+02		2.8415883e+02		1.2588746e+02		1.5827137e+02
3.4700000e+02		3.4800000e+02		3.4750000e+02		2.7782009e+02		2.2892294e+02		3.5846817e+02		2.8110732e+02		1.2346957e+02		1.5763775e+02
3.4800000e+02		3.4900000e+02		3.4850000e+02		2.8744416e+02		2.3805680e+02		3.7212297e+02		2.9184128e+02		1.2725545e+02		1.6458582e+02
3.4900000e+02		3.5000000e+02		3.4950000e+02		2.7550877e+02		2.2867885e+02		3.5679408e+02		2.7982121e+02		1.2100413e+02		1.5881708e+02
3.5000000e+02		3.5100000e+02		3.5050000e+02		3.3002358e+02		2.7429302e+02		4.2715017e+02		3.3499221e+02		1.4361582e+02		1.9137639e+02
3.5100000e+02		3.5200000e+02		3.5150000e+02		3.0660572e+02		2.5539887e+02		3.9699905e+02		3.1134733e+02		1.3237547e+02		1.7897186e+02
3.5200000e+02		3.5300000e+02		3.5250000e+02		2.8324198e+02		2.3638998e+02		3.6678029e+02		2.8764626e+02		1.2127366e+02		1.6637260e+02
3.5300000e+02		3.5400000e+02		3.5350000e+02		3.2405327e+02		2.7123058e+02		4.2010073e+02		3.2946895e+02		1.3779347e+02		1.9167548e+02
3.5400000e+02		3.5500000e+02		3.5450000e+02		3.4586270e+02		2.8998745e+02		4.4834686e+02		3.5161615e+02		1.4581505e+02		2.0580109e+02
3.5500000e+02		3.5600000e+02		3.5550000e+02		3.2478382e+02		2.7284042e+02		4.2109223e+02		3.3023827e+02		1.3580477e+02		1.9443350e+02
3.5600000e+02		3.5700000e+02		3.5650000e+02		2.8234357e+02		2.3756109e+02		3.6599740e+02		2.8702436e+02		1.1703134e+02		1.6999302e+02
3.5700000e+02		3.5800000e+02		3.5750000e+02		2.4674321e+02		2.0791620e+02		3.1976581e+02		2.5076204e+02		1.0137434e+02		1.4938770e+02
3.5800000e+02		3.5900000e+02		3.5850000e+02		2.1181106e+02		1.7889599e+02		2.7467101e+02		2.1539787e+02		8.6364373e+01		1.2903350e+02
3.5900000e+02		3.6000000e+02		3.5950000e+02		3.0582840e+02		2.5863868e+02		3.9642372e+02		3.1086657e+02		1.2357250e+02		1.8729407e+02
3.6000000e+02		3.6100000e+02		3.6050000e+02		3.0178862e+02		2.5576152e+02		3.9136495e+02		3.0689628e+02		1.2098616e+02		1.8591012e+02
3.6100000e+02		3.6200000e+02		3.6150000e+02		2.8033735e+02		2.3758555e+02		3.6291865e+02		2.8456946e+02		1.1116513e+02		1.7340433e+02
3.6200000e+02		3.6300000e+02		3.6250000e+02		3.1645921e+02		2.6815142e+02		4.0889944e+02		3.2059897e+02		1.2409226e+02		1.9650672e+02
3.6300000e+02		3.6400000e+02		3.6350000e+02		3.0810145e+02		2.6179024e+02		3.9857446e+02		3.1250514e+02		1.1999275e+02		1.9251239e+02
3.6400000e+02		3.6500000e+02		3.6450000e+02		3.2221950e+02		2.7274551e+02		4.1447619e+02		3.2491448e+02		1.2343311e+02		2.0148137e+02
3.6500000e+02		3.6600000e+02		3.6550000e+02		3.6674574e+02		3.1163510e+02		4.7287646e+02		3.7070803e+02		1.3976805e+02		2.3093998e+02
3.6600000e+02		3.6700000e+02		3.6650000e+02		3.9198946e+02		3.3182374e+02		5.0258947e+02		3.9393018e+02		1.4694543e+02		2.4698475e+02
3.6700000e+02		3.6800000e+02		3.6750000e+02		3.7850004e+02		3.2108544e+02		4.8558450e+02		3.8059568e+02		1.4080273e+02		2.3979295e+02
3.6800000e+02		3.6900000e+02		3.6850000e+02		3.4895620e+02		2.9309075e+02		4.4232617e+02		3.4656810e+02		1.2652877e+02		2.2003933e+02
3.6900000e+02		3.7000000e+02		3.6950000e+02		3.8736224e+02		3.2731395e+02		4.9333237e+02		3.8656759e+02		1.4019561e+02		2.4637198e+02
3.7000000e+02		3.7100000e+02		3.7050000e+02		3.6351013e+02		3.1391809e+02		4.7288728e+02		3.7074310e+02		1.3444939e+02		2.3629370e+02
3.7100000e+02		3.7200000e+02		3.7150000e+02		3.7529261e+02		3.2462862e+02		4.8829779e+02		3.8281280e+02		1.3766525e+02		2.4514756e+02
3.7200000e+02		3.7300000e+02		3.7250000e+02		3.1177186e+02		2.7010259e+02		4.0568479e+02		3.1803528e+02		1.1340994e+02		2.0462533e+02
3.7300000e+02		3.7400000e+02		3.7350000e+02		2.7192112e+02		2.3593966e+02		3.5385863e+02		2.7739639e+02		9.8087671e+01		1.7930872e+02
3.7400000e+02		3.7500000e+02		3.7450000e+02		2.7832167e+02		2.4185913e+02		3.6221545e+02		2.8393701e+02		9.9557341e+01		1.8437967e+02
3.7500000e+02		3.7600000e+02		3.7550000e+02		3.1876744e+02		2.7742032e+02		4.1488250e+02		3.2520991e+02		1.1307138e+02		2.1213852e+02
3.7600000e+02		3.7700000e+02		3.7650000e+02		3.3048657e+02		2.8804378e+02		4.3016429e+02		3.3717568e+02		1.1624732e+02		2.2092836e+02
3.7700000e+02		3.7800000e+02		3.7750000e+02		3.8770864e+02		3.3840924e+02		5.0467714e+02		3.9556547e+02		1.3523311e+02		2.6033236e+02
3.7800000e+02		3.7900000e+02		3.7850000e+02		4.0380398e+02		3.5296460e+02		5.2565965e+02		4.1199496e+02		1.3966733e+02		2.7232763e+02
3.7900000e+02		3.8000000e+02		3.7950000e+02		3.2744385e+02		2.8662438e+02		4.2628016e+02		3.3409083e+02		1.1230682e+02		2.2178401e+02
3.8000000e+02		3.8100000e+02		3.8050000e+02		3.5656330e+02		3.1255087e+02		4.6421327e+02		3.6380515e+02		1.2126893e+02		2.4253622e+02
3.8100000e+02		3.8200000e+02		3.8150000e+02		3.2019140e+02		2.8105652e+02		4.1688057e+02		3.2669651e+02		1.0798536e+02		2.1871114e+02
3.8200000e+02		3.8300000e+02		3.8250000e+02		2.2964197e+02		2.0184941e+02		2.9900112e+02		2.3430790e+02		7.6797608e+01		1.5751029e+02
3.8300000e+02		3.8400000e+02		3.8350000e+02		2.0267593e+02		1.7838691e+02		2.6390149e+02		2.0679352e+02		6.7210763e+01		1.3958276e+02
3.8400000e+02		3.8500000e+02		3.8450000e+02		2.7111947e+02		2.3894537e+02		3.5303444e+02		2.7662593e+02		8.9153161e+01		1.8747277e+02
3.8500000e+02		3.8600000e+02		3.8550000e+02		2.8715912e+02		2.5341379e+02		3.7393345e+02		2.9298852e+02		9.3634814e+01		1.9935370e+02
3.8600000e+02		3.8700000e+02		3.8650000e+02		2.8837692e+02		2.5481828e+02		3.7553136e+02		2.9422715e+02		9.3242389e+01		2.0098476e+02
3.8700000e+02		3.8800000e+02		3.8750000e+02		2.8805300e+02		2.5485770e+02		3.7512055e+02		2.9389175e+02		9.2355560e+01		2.0153619e+02
3.8800000e+02		3.8900000e+02		3.8850000e+02		2.9209390e+02		2.5875936e+02		3.8039294e+02		2.9800860e+02		9.2864689e+01		2.0514391e+02
3.8900000e+02		3.9000000e+02		3.8950000e+02		3.5069332e+02		3.1105870e+02		4.5671762e+02		3.5778631e+02		1.1055871e+02		2.4722760e+02
3.9000000e+02		3.9100000e+02		3.9050000e+02		3.6838836e+02		3.2715622e+02		4.7977247e+02		3.7582935e+02		1.1516186e+02		2.6066749e+02
3.9100000e+02		3.9200000e+02		3.9150000e+02		3.9613874e+02		3.5222832e+02		5.1592287e+02		4.0412842e+02		1.2279694e+02		2.8133148e+02
3.9200000e+02		3.9300000e+02		3.9250000e+02		3.0403432e+02		2.7065783e+02		3.9597434e+02		3.1015638e+02		9.3454562e+01		2.1670182e+02
3.9300000e+02		3.9400000e+02		3.9350000e+02		1.8639471e+02		1.6612923e+02		2.4276380e+02		1.9014133e+02		5.6813234e+01		1.3332810e+02
3.9400000e+02		3.9500000e+02		3.9450000e+02		3.0813115e+02		2.7495151e+02		4.0132006e+02		3.1431292e+02		9.3130094e+01		2.2118282e+02
3.9500000e+02		3.9600000e+02		3.9550000e+02		3.7840801e+02		3.3805121e+02		4.9285540e+02		3.8598419e+02		1.1341065e+02		2.7257354e+02
3.9600000e+02		3.9700000e+02		3.9650000e+02		2.6140326e+02		2.3378888e+02		3.4046187e+02		2.6662233e+02		7.7684783e+01		1.8893755e+02
3.9700000e+02		3.9800000e+02		3.9750000e+02		2.9300657e+02		2.6234837e+02		3.8162416e+02		2.9884238e+02		8.6345758e+01		2.1249662e+02
3.9800000e+02		3.9900000e+02		3.9850000e+02		4.5124719e+02		4.0447596e+02		5.8771706e+02		4.6020605e+02		1.3185880e+02		3.2834725e+02
3.9900000e+02		4.0000000e+02		3.9950000e+02		4.9846141e+02		4.4728178e+02		6.4920226e+02		5.0832524e+02		1.4443037e+02		3.6389487e+02
4.0000000e+02		4.0100000e+02		4.0050000e+02		5.1407199e+02		4.6180459e+02		6.6955351e+02		5.2423540e+02		1.4771288e+02		3.7652251e+02
4.0100000e+02		4.0200000e+02		4.0150000e+02		5.3860814e+02		4.8436944e+02		7.0151520e+02		5.4923290e+02		1.5346860e+02		3.9576430e+02
4.0200000e+02		4.0300000e+02		4.0250000e+02		5.4526519e+02		4.9087542e+02		7.1018247e+02		5.5599045e+02		1.5406380e+02		4.0192665e+02
4.0300000e+02		4.0400000e+02		4.0350000e+02		5.2165796e+02		4.7011423e+02		6.7943087e+02		5.3188840e+02		1.4615925e+02		3.8572915e+02
4.0400000e+02		4.0500000e+02		4.0450000e+02		5.1300620e+02		4.6279499e+02		6.6815713e+02		5.2303608e+02		1.4253195e+02		3.8050413e+02
4.0500000e+02		4.0600000e+02		4.0550000e+02		5.1256585e+02		4.6286963e+02		6.6757726e+02		5.2255538e+02		1.4121799e+02		3.8133739e+02
4.0600000e+02		4.0700000e+02		4.0650000e+02		4.9035274e+02		4.4325659e+02		6.3863937e+02		4.9987818e+02		1.3396811e+02		3.6591007e+02
4.0700000e+02		4.0800000e+02		4.0750000e+02		4.9838294e+02		4.5096413e+02		6.4908987e+02		5.0803189e+02		1.3502376e+02		3.7300813e+02
4.0800000e+02		4.0900000e+02		4.0850000e+02		5.2990289e+02		4.7995675e+02		6.9013161e+02		5.4012675e+02		1.4236374e+02		3.9776301e+02
4.0900000e+02		4.1000000e+02		4.0950000e+02		5.2713439e+02		4.7791314e+02		6.8651553e+02		5.3726893e+02		1.4043730e+02		3.9683163e+02
4.1000000e+02		4.1100000e+02		4.1050000e+02		4.8293937e+02		4.3826514e+02		6.2894757e+02		4.9219066e+02		1.2758916e+02		3.6460150e+02
4.1100000e+02		4.1200000e+02		4.1150000e+02		5.5986852e+02		5.0855979e+02		7.2912191e+02		5.7055384e+02		1.4667948e+02		4.2387436e+02
4.1200000e+02		4.1300000e+02		4.1250000e+02		5.4940473e+02		4.9952251e+02		7.1548121e+02		5.5985075e+02		1.4273814e+02		4.1711261e+02
4.1300000e+02		4.1400000e+02		4.1350000e+02		5.2995399e+02		4.8228376e+02		6.9013689e+02		5.3999136e+02		1.3653763e+02		4.0345372e+02
4.1400000e+02		4.1500000e+02		4.1450000e+02		5.3771640e+02		4.8979544e+02		7.0023064e+02		5.4786078e+02		1.3738407e+02		4.1047671e+02
4.1500000e+02		4.1600000e+02		4.1550000e+02		5.3722776e+02		4.8979249e+02		6.9957867e+02		5.4732237e+02		1.3611715e+02		4.1120522e+02
4.1600000e+02		4.1700000e+02		4.1650000e+02		5.5745703e+02		5.0868924e+02		7.2590415e+02		5.6788901e+02		1.4006817e+02		4.2782084e+02
4.1700000e+02		4.1800000e+02		4.1750000e+02		5.0725322e+02		4.6328549e+02		6.6051383e+02		5.1670617e+02		1.2639469e+02		3.9031148e+02
4.1800000e+02		4.1900000e+02		4.1850000e+02		5.2601513e+02		4.8083750e+02		6.8492371e+02		5.3577360e+02		1.2998021e+02		4.0579339e+02
4.1900000e+02		4.2000000e+02		4.1950000e+02		5.3123875e+02		4.8603324e+02		6.9171079e+02		5.4105508e+02		1.3018305e+02		4.1087202e+02
4.2000000e+02		4.2100000e+02		4.2050000e+02		5.3797708e+02		4.9261719e+02		7.0046576e+02		5.4787500e+02		1.3074136e+02		4.1713363e+02
4.2100000e+02		4.2200000e+02		4.2150000e+02		5.2958361e+02		4.8533923e+02		6.8951786e+02		5.3928426e+02		1.2763531e+02		4.1164895e+02
4.2200000e+02		4.2300000e+02		4.2250000e+02		5.0190537e+02		4.6035564e+02		6.5346197e+02		5.1105806e+02		1.1996321e+02		3.9109484e+02
4.2300000e+02		4.2400000e+02		4.2350000e+02		5.3474862e+02		4.9088279e+02		6.9620206e+02		5.4445621e+02		1.2675607e+02		4.1770014e+02
4.2400000e+02		4.2500000e+02		4.2450000e+02		5.5328403e+02		5.0830993e+02		7.2031192e+02		5.6328220e+02		1.3006578e+02		4.3321642e+02
4.2500000e+02		4.2600000e+02		4.2550000e+02		5.3248014e+02		4.8958948e+02		6.9320615e+02		5.4205787e+02		1.2414154e+02		4.1791632e+02
4.2600000e+02		4.2700000e+02		4.2650000e+02		5.3029841e+02		4.8796998e+02		6.9034398e+02		5.3979227e+02		1.2261284e+02		4.1717943e+02
4.2700000e+02		4.2800000e+02		4.2750000e+02		4.9171747e+02		4.5282305e+02		6.4009850e+02		5.0047898e+02		1.1275513e+02		3.8772385e+02
4.2800000e+02		4.2900000e+02		4.2850000e+02		4.9494538e+02		4.5614856e+02		6.4427922e+02		5.0372224e+02		1.1256054e+02		3.9116171e+02
4.2900000e+02		4.3000000e+02		4.2950000e+02		4.6063718e+02		4.2485454e+02		5.9959950e+02		4.6876621e+02		1.0389612e+02		3.6487009e+02
4.3000000e+02		4.3100000e+02		4.3050000e+02		3.7055843e+02		3.4203170e+02		4.8232986e+02		3.7706591e+02		8.2891833e+01		2.9417408e+02
4.3100000e+02		4.3200000e+02		4.3150000e+02		4.5818753e+02		4.2323104e+02		5.9636982e+02		4.6619428e+02		1.0165210e+02		3.6454218e+02
4.3200000e+02		4.3300000e+02		4.3250000e+02		5.1625369e+02		4.7721959e+02		6.7192420e+02		5.2523031e+02		1.1359460e+02		4.1163571e+02
4.3300000e+02		4.3400000e+02		4.3350000e+02		5.6047485e+02		5.1847565e+02		7.2945373e+02		5.7017154e+02		1.2231381e+02		4.4785774e+02
4.3400000e+02		4.3500000e+02		4.3450000e+02		4.7595241e+02		4.4060484e+02		6.1942604e+02		4.8414517e+02		1.0301754e+02		3.8112763e+02
4.3500000e+02		4.3600000e+02		4.3550000e+02		5.3162725e+02		4.9249617e+02		6.9185849e+02		5.4073173e+02		1.1412655e+02		4.2660518e+02
4.3600000e+02		4.3700000e+02		4.3650000e+02		5.9481241e+02		5.5141935e+02		7.7405888e+02		6.0494666e+02		1.2664698e+02		4.7829968e+02
4.3700000e+02		4.3800000e+02		4.3750000e+02		5.2629983e+02		4.8824529e+02		6.8487446e+02		5.3522037e+02		1.1114424e+02		4.2407613e+02
4.3800000e+02		4.3900000e+02		4.3850000e+02		5.1257868e+02		4.7584419e+02		6.6699392e+02		5.2122136e+02		1.0736355e+02		4.1385781e+02
4.3900000e+02		4.4000000e+02		4.3950000e+02		5.7051902e+02		5.2999307e+02		7.4236033e+02		5.8008791e+02		1.1852566e+02		4.6156225e+02
4.4000000e+02		4.4100000e+02		4.4050000e+02		5.4089681e+02		5.0281273e+02		7.0378745e+02		5.4991975e+02		1.1145640e+02		4.3846335e+02
4.4100000e+02		4.4200000e+02		4.4150000e+02		5.9491633e+02		5.5337841e+02		7.7401893e+02		6.0476537e+02		1.2158287e+02		4.8318251e+02
4.4200000e+02		4.4300000e+02		4.4250000e+02		6.2544254e+02		5.8214302e+02		8.1368489e+02		6.3572553e+02		1.2677757e+02		5.0894796e+02
4.4300000e+02		4.4400000e+02		4.4350000e+02		6.0497206e+02		5.6345830e+02		7.8702480e+02		6.1486678e+02		1.2163375e+02		4.9323302e+02
4.4400000e+02		4.4500000e+02		4.4450000e+02		6.2324411e+02		5.8082685e+02		8.1073110e+02		6.3335470e+02		1.2428222e+02		5.0907248e+02
4.4500000e+02		4.4600000e+02		4.4550000e+02		5.7783999e+02		5.3886097e+02		7.5164541e+02		5.8716860e+02		1.1429706e+02		4.7287153e+02
4.4600000e+02		4.4700000e+02		4.4650000e+02		5.8940025e+02		5.5001698e+02		7.6669233e+02		5.9889740e+02		1.1565232e+02		4.8324508e+02
4.4700000e+02		4.4800000e+02		4.4750000e+02		6.3881895e+02		5.9651220e+02		8.3095291e+02		6.4906422e+02		1.2433941e+02		5.2472480e+02
4.4800000e+02		4.4900000e+02		4.4850000e+02		6.2805979e+02		5.8683513e+02		8.1693624e+02		6.3808647e+02		1.2126196e+02		5.1682451e+02
4.4900000e+02		4.5000000e+02		4.4950000e+02		6.3454704e+02		5.9326122e+02		8.2534582e+02		6.4462510e+02		1.2152825e+02		5.2309685e+02
4.5000000e+02		4.5100000e+02		4.5050000e+02		6.7325368e+02		6.2982907e+02		8.7565605e+02		6.8388736e+02		1.2790331e+02		5.5598406e+02
4.5100000e+02		4.5200000e+02		4.5150000e+02		6.7122600e+02		6.2830604e+02		8.7298300e+02		6.8176805e+02		1.2649247e+02		5.5527558e+02
4.5200000e+02		4.5300000e+02		4.5250000e+02		6.3541039e+02		5.9513079e+02		8.2636796e+02		6.4533357e+02		1.1878105e+02		5.2655252e+02
4.5300000e+02		4.5400000e+02		4.5350000e+02		6.0888666e+02		5.7062052e+02		7.9184048e+02		6.1834168e+02		1.1290947e+02		5.0543221e+02
4.5400000e+02		4.5500000e+02		4.5450000e+02		6.4999363e+02		6.0949487e+02		8.4526401e+02		6.6002947e+02		1.1956613e+02		5.4046334e+02
4.5500000e+02		4.5600000e+02		4.5550000e+02		6.4380306e+02		6.0403385e+02		8.3717896e+02		6.5368645e+02		1.1747933e+02		5.3620712e+02
4.5600000e+02		4.5700000e+02		4.5650000e+02		6.6853861e+02		6.2759474e+02		8.6930808e+02		6.7874278e+02		1.2101757e+02		5.5772522e+02
4.5700000e+02		4.5800000e+02		4.5750000e+02		6.7499745e+02		6.3401104e+02		8.7767004e+02		6.8524081e+02		1.2121093e+02		5.6402988e+02
4.5800000e+02		4.5900000e+02		4.5850000e+02		6.3439039e+02		5.9619802e+02		8.2483603e+02		6.4396180e+02		1.1301034e+02		5.3095147e+02
4.5900000e+02		4.6000000e+02		4.5950000e+02		6.5539586e+02		6.1627458e+02		8.5211181e+02		6.6522676e+02		1.1582210e+02		5.4940466e+02
4.6000000e+02		4.6100000e+02		4.6050000e+02		6.4752339e+02		6.0920026e+02		8.4184124e+02		6.5717960e+02		1.1352034e+02		5.4365926e+02
4.6100000e+02		4.6200000e+02		4.6150000e+02		6.6245412e+02		6.2357965e+02		8.6121655e+02		6.7227521e+02		1.1521493e+02		5.5706028e+02
4.6200000e+02		4.6300000e+02		4.6250000e+02		6.6901120e+02		6.3008410e+02		8.6970460e+02		6.7887130e+02		1.1543178e+02		5.6343953e+02
4.6300000e+02		4.6400000e+02		4.6350000e+02		6.4662616e+02		6.0931928e+02		8.4056917e+02		6.5610025e+02		1.1068496e+02		5.4541529e+02
4.6400000e+02		4.6500000e+02		4.6450000e+02		6.5795753e+02		6.2031687e+02		8.5526333e+02		6.6754073e+02		1.1173286e+02		5.5580787e+02
4.6500000e+02		4.6600000e+02		4.6550000e+02		6.3552746e+02		5.9947588e+02		8.2607241e+02		6.4472915e+02		1.0707040e+02		5.3765875e+02
4.6600000e+02		4.6700000e+02		4.6650000e+02		6.3955371e+02		6.0357841e+02		8.3127099e+02		6.4875871e+02		1.0689775e+02		5.4186096e+02
4.6700000e+02		4.6800000e+02		4.6750000e+02		6.4572639e+02		6.0970145e+02		8.3924967e+02		6.5495703e+02		1.0707585e+02		5.4788118e+02
4.6800000e+02		4.6900000e+02		4.6850000e+02		6.3145002e+02		5.9651689e+02		8.2066121e+02		6.4042338e+02		1.0388386e+02		5.3653951e+02
4.6900000e+02		4.7000000e+02		4.6950000e+02		6.4956875e+02		6.1392643e+02		8.4416464e+02		6.5873645e+02		1.0602165e+02		5.5271480e+02
4.7000000e+02		4.7100000e+02		4.7050000e+02		6.1381170e+02		5.8041149e+02		7.9766154e+02		6.2242205e+02		9.9398059e+01		5.2302399e+02
4.7100000e+02		4.7200000e+02		4.7150000e+02		6.4174114e+02		6.0710865e+02		8.3391772e+02		6.5068569e+02		1.0310438e+02		5.4758131e+02
4.7200000e+02		4.7300000e+02		4.7250000e+02		6.5742798e+02		6.2224257e+02		8.5426541e+02		6.6653483e+02		1.0479662e+02		5.6173821e+02
4.7300000e+02		4.7400000e+02		4.7350000e+02		6.4563741e+02		6.1135891e+02		8.3889588e+02		6.5451495e+02		1.0210830e+02		5.5240665e+02
4.7400000e+02		4.7500000e+02		4.7450000e+02		6.6512717e+02		6.3012174e+02		8.6420477e+02		6.7423515e+02		1.0437346e+02		5.6986169e+02
4.7500000e+02		4.7600000e+02		4.7550000e+02		6.6365303e+02		6.2902450e+02		8.6226824e+02		6.7269802e+02		1.0333264e+02		5.6936538e+02
4.7600000e+02		4.7700000e+02		4.7650000e+02		6.3952653e+02		6.0643378e+02		8.3088927e+02		6.4819173e+02		9.8800359e+01		5.4939137e+02
4.7700000e+02		4.7800000e+02		4.7750000e+02		6.6772274e+02		6.3345528e+02		8.6748666e+02		6.7671486e+02		1.0235326e+02		5.7436160e+02
4.7800000e+02		4.7900000e+02		4.7850000e+02		6.6128260e+02		6.2762439e+02		8.5908439e+02		6.7013362e+02		1.0057793e+02		5.6955570e+02
4.7900000e+02		4.8000000e+02		4.7950000e+02		6.6320839e+02		6.2972891e+02		8.6155077e+02		6.7203090e+02		1.0008759e+02		5.7194331e+02
4.8000000e+02		4.8100000e+02		4.8050000e+02		6.6489751e+02		6.3160743e+02		8.6370959e+02		6.7368830e+02		9.9564406e+01		5.7412390e+02
4.8100000e+02		4.8200000e+02		4.8150000e+02		6.6630748e+02		6.3321931e+02		8.6550572e+02		6.7506285e+02		9.9002881e+01		5.7605997e+02
4.8200000e+02		4.8300000e+02		4.8250000e+02		6.6376999e+02		6.3107658e+02		8.6217442e+02		6.7243841e+02		9.7863124e+01		5.7457528e+02
4.8300000e+02		4.8400000e+02		4.8350000e+02		6.5373157e+02		6.2179188e+02		8.4909722e+02		6.6221322e+02		9.5637914e+01		5.6657531e+02
4.8400000e+02		4.8500000e+02		4.8450000e+02		6.4242337e+02		6.1128564e+02		8.3436846e+02		6.5070072e+02		9.3257101e+01		5.5744362e+02
4.8500000e+02		4.8600000e+02		4.8550000e+02		6.0369332e+02		5.7466145e+02		7.8402349e+02		6.1141396e+02		8.6957394e+01		5.2445657e+02
4.8600000e+02		4.8700000e+02		4.8650000e+02		5.2412565e+02		4.9913119e+02		6.8066992e+02		5.3079512e+02		7.4917663e+01		4.5587746e+02
4.8700000e+02		4.8800000e+02		4.8750000e+02		5.9966111e+02		5.7128855e+02		7.7872560e+02		6.0723668e+02		8.5054200e+01		5.2218248e+02
4.8800000e+02		4.8900000e+02		4.8850000e+02		6.3081686e+02		6.0121063e+02		8.1915176e+02		6.3873640e+02		8.8786911e+01		5.4994948e+02
4.8900000e+02		4.9000000e+02		4.8950000e+02		6.1880396e+02		5.8999658e+02		8.0352205e+02		6.2652593e+02		8.6429362e+01		5.4009657e+02
4.9000000e+02		4.9100000e+02		4.9050000e+02		6.5907671e+02		6.2864590e+02		8.5578906e+02		6.6725563e+02		9.1351588e+01		5.7590404e+02
4.9100000e+02		4.9200000e+02		4.9150000e+02		6.2110374e+02		5.9265493e+02		8.0644883e+02		6.2876206e+02		8.5430390e+01		5.4333167e+02
4.9200000e+02		4.9300000e+02		4.9250000e+02		5.9112858e+02		5.6427773e+02		7.6750930e+02		5.9838114e+02		8.0689525e+01		5.1769161e+02
4.9300000e+02		4.9400000e+02		4.9350000e+02		6.2472140e+02		5.9657264e+02		8.1109521e+02		6.3233969e+02		8.4625740e+01		5.4771395e+02
4.9400000e+02		4.9500000e+02		4.9450000e+02		6.4279699e+02		6.1406560e+02		8.3453160e+02		6.5058768e+02		8.6412153e+01		5.6417552e+02
4.9500000e+02		4.9600000e+02		4.9550000e+02		6.3133158e+02		6.0333735e+02		8.1961422e+02		6.3893551e+02		8.4226150e+01		5.5470935e+02
4.9600000e+02		4.9700000e+02		4.9650000e+02		6.3921352e+02		6.1109505e+02		8.2981448e+02		6.4686424e+02		8.4630809e+01		5.6223343e+02
4.9700000e+02		4.9800000e+02		4.9750000e+02		6.5113923e+02		6.2272339e+02		8.4526342e+02		6.5888392e+02		8.5556729e+01		5.7332719e+02
4.9800000e+02		4.9900000e+02		4.9850000e+02		5.9175801e+02		5.6613640e+02		7.6814701e+02		5.9875047e+02		7.7165715e+01		5.2158476e+02
4.9900000e+02		5.0000000e+02		4.9950000e+02		6.3385792e+02		6.0662220e+02		8.2275349e+02		6.4129176e+02		8.2029065e+01		5.5926269e+02
