Left Bin Edge (nm)	Right Bin Edge (nm)	Bin Center (nm)		Top of Atm Intensity (erg/s/nm/cm2)		Total Surface Flux (erg/s/nm/cm2)		Total Intensity at BOA (erg/s/nm/cm2)		Total Surface Intensity (erg/s/nm/cm2)		Total Surface Diffuse Intensity (erg/s/nm/cm2)		Total Surface Direct Intensity (erg/s/nm/cm2)
1.0000000e+02		1.0100000e+02		1.0050000e+02		1.9189487e-02		0.0000000e+00		0.0000000e+00		0.0000000e+00		0.0000000e+00		0.0000000e+00
1.0100000e+02		1.0200000e+02		1.0150000e+02		7.4861701e-02		0.0000000e+00		0.0000000e+00		0.0000000e+00		0.0000000e+00		0.0000000e+00
1.0200000e+02		1.0300000e+02		1.0250000e+02		3.9734366e-01		0.0000000e+00		0.0000000e+00		0.0000000e+00		0.0000000e+00		0.0000000e+00
1.0300000e+02		1.0400000e+02		1.0350000e+02		3.0179545e-01		0.0000000e+00		0.0000000e+00		0.0000000e+00		0.0000000e+00		0.0000000e+00
1.0400000e+02		1.0500000e+02		1.0450000e+02		6.0815352e-02		0.0000000e+00		0.0000000e+00		0.0000000e+00		0.0000000e+00		0.0000000e+00
1.0500000e+02		1.0600000e+02		1.0550000e+02		2.0834600e-02		0.0000000e+00		0.0000000e+00		0.0000000e+00		0.0000000e+00		0.0000000e+00
1.0600000e+02		1.0700000e+02		1.0650000e+02		1.9584792e-02		0.0000000e+00		0.0000000e+00		0.0000000e+00		0.0000000e+00		0.0000000e+00
1.0700000e+02		1.0800000e+02		1.0750000e+02		2.1853879e-02		0.0000000e+00		0.0000000e+00		0.0000000e+00		0.0000000e+00		0.0000000e+00
1.0800000e+02		1.0900000e+02		1.0850000e+02		3.0634999e-02		0.0000000e+00		0.0000000e+00		0.0000000e+00		0.0000000e+00		0.0000000e+00
1.0900000e+02		1.1000000e+02		1.0950000e+02		2.4032561e-02		0.0000000e+00		0.0000000e+00		0.0000000e+00		0.0000000e+00		0.0000000e+00
1.1000000e+02		1.1100000e+02		1.1050000e+02		2.3268893e-02		0.0000000e+00		0.0000000e+00		0.0000000e+00		0.0000000e+00		0.0000000e+00
1.1100000e+02		1.1200000e+02		1.1150000e+02		2.1871272e-02		0.0000000e+00		0.0000000e+00		0.0000000e+00		0.0000000e+00		0.0000000e+00
1.1200000e+02		1.1300000e+02		1.1250000e+02		2.2375602e-02		0.0000000e+00		0.0000000e+00		0.0000000e+00		0.0000000e+00		0.0000000e+00
1.1300000e+02		1.1400000e+02		1.1350000e+02		1.7748133e-02		0.0000000e+00		0.0000000e+00		0.0000000e+00		0.0000000e+00		0.0000000e+00
1.1400000e+02		1.1500000e+02		1.1450000e+02		1.3589480e-02		0.0000000e+00		0.0000000e+00		0.0000000e+00		0.0000000e+00		0.0000000e+00
1.1500000e+02		1.1600000e+02		1.1550000e+02		1.8751615e-02		0.0000000e+00		0.0000000e+00		0.0000000e+00		0.0000000e+00		0.0000000e+00
1.1600000e+02		1.1700000e+02		1.1650000e+02		4.3674487e-02		0.0000000e+00		0.0000000e+00		0.0000000e+00		0.0000000e+00		0.0000000e+00
1.1700000e+02		1.1800000e+02		1.1750000e+02		1.5546757e-01		0.0000000e+00		0.0000000e+00		0.0000000e+00		0.0000000e+00		0.0000000e+00
1.1800000e+02		1.1900000e+02		1.1850000e+02		5.2889236e-02		0.0000000e+00		0.0000000e+00		0.0000000e+00		0.0000000e+00		0.0000000e+00
1.1900000e+02		1.2000000e+02		1.1950000e+02		7.3692884e-02		0.0000000e+00		0.0000000e+00		0.0000000e+00		0.0000000e+00		0.0000000e+00
1.2000000e+02		1.2100000e+02		1.2050000e+02		4.0066072e-01		0.0000000e+00		0.0000000e+00		0.0000000e+00		0.0000000e+00		0.0000000e+00
1.2100000e+02		1.2200000e+02		1.2150000e+02		1.5905289e+01		0.0000000e+00		0.0000000e+00		0.0000000e+00		0.0000000e+00		0.0000000e+00
1.2200000e+02		1.2300000e+02		1.2250000e+02		1.0666543e-01		0.0000000e+00		0.0000000e+00		0.0000000e+00		0.0000000e+00		0.0000000e+00
1.2300000e+02		1.2400000e+02		1.2350000e+02		5.7456553e-02		0.0000000e+00		0.0000000e+00		0.0000000e+00		0.0000000e+00		0.0000000e+00
1.2400000e+02		1.2500000e+02		1.2450000e+02		4.6184197e-02		0.0000000e+00		0.0000000e+00		0.0000000e+00		0.0000000e+00		0.0000000e+00
1.2500000e+02		1.2600000e+02		1.2550000e+02		4.5085118e-02		0.0000000e+00		0.0000000e+00		0.0000000e+00		0.0000000e+00		0.0000000e+00
1.2600000e+02		1.2700000e+02		1.2650000e+02		6.3054464e-02		0.0000000e+00		0.0000000e+00		0.0000000e+00		0.0000000e+00		0.0000000e+00
1.2700000e+02		1.2800000e+02		1.2750000e+02		3.3006429e-02		0.0000000e+00		0.0000000e+00		0.0000000e+00		0.0000000e+00		0.0000000e+00
1.2800000e+02		1.2900000e+02		1.2850000e+02		2.6335196e-02		0.0000000e+00		0.0000000e+00		0.0000000e+00		0.0000000e+00		0.0000000e+00
1.2900000e+02		1.3000000e+02		1.2950000e+02		3.5131240e-02		0.0000000e+00		0.0000000e+00		0.0000000e+00		0.0000000e+00		0.0000000e+00
1.3000000e+02		1.3100000e+02		1.3050000e+02		2.8850634e-01		0.0000000e+00		0.0000000e+00		0.0000000e+00		0.0000000e+00		0.0000000e+00
1.3100000e+02		1.3200000e+02		1.3150000e+02		3.9064855e-02		0.0000000e+00		0.0000000e+00		0.0000000e+00		0.0000000e+00		0.0000000e+00
1.3200000e+02		1.3300000e+02		1.3250000e+02		3.0374778e-02		0.0000000e+00		0.0000000e+00		0.0000000e+00		0.0000000e+00		0.0000000e+00
1.3300000e+02		1.3400000e+02		1.3350000e+02		4.1056606e-01		0.0000000e+00		0.0000000e+00		0.0000000e+00		0.0000000e+00		0.0000000e+00
1.3400000e+02		1.3500000e+02		1.3450000e+02		2.8092500e-02		0.0000000e+00		0.0000000e+00		0.0000000e+00		0.0000000e+00		0.0000000e+00
1.3500000e+02		1.3600000e+02		1.3550000e+02		5.8954708e-02		0.0000000e+00		0.0000000e+00		0.0000000e+00		0.0000000e+00		0.0000000e+00
1.3600000e+02		1.3700000e+02		1.3650000e+02		3.8690656e-02		0.0000000e+00		0.0000000e+00		0.0000000e+00		0.0000000e+00		0.0000000e+00
1.3700000e+02		1.3800000e+02		1.3750000e+02		3.9732879e-02		0.0000000e+00		0.0000000e+00		0.0000000e+00		0.0000000e+00		0.0000000e+00
1.3800000e+02		1.3900000e+02		1.3850000e+02		4.0549866e-02		0.0000000e+00		0.0000000e+00		0.0000000e+00		0.0000000e+00		0.0000000e+00
1.3900000e+02		1.4000000e+02		1.3950000e+02		1.3692187e-01		0.0000000e+00		0.0000000e+00		0.0000000e+00		0.0000000e+00		0.0000000e+00
1.4000000e+02		1.4100000e+02		1.4050000e+02		1.1939088e-01		0.0000000e+00		0.0000000e+00		0.0000000e+00		0.0000000e+00		0.0000000e+00
1.4100000e+02		1.4200000e+02		1.4150000e+02		5.7521948e-02		0.0000000e+00		0.0000000e+00		0.0000000e+00		0.0000000e+00		0.0000000e+00
1.4200000e+02		1.4300000e+02		1.4250000e+02		6.2343151e-02		0.0000000e+00		0.0000000e+00		0.0000000e+00		0.0000000e+00		0.0000000e+00
1.4300000e+02		1.4400000e+02		1.4350000e+02		6.9165895e-02		0.0000000e+00		0.0000000e+00		0.0000000e+00		0.0000000e+00		0.0000000e+00
1.4400000e+02		1.4500000e+02		1.4450000e+02		6.6149126e-02		0.0000000e+00		0.0000000e+00		0.0000000e+00		0.0000000e+00		0.0000000e+00
1.4500000e+02		1.4600000e+02		1.4550000e+02		7.0536262e-02		0.0000000e+00		0.0000000e+00		0.0000000e+00		0.0000000e+00		0.0000000e+00
1.4600000e+02		1.4700000e+02		1.4650000e+02		8.6012655e-02		0.0000000e+00		0.0000000e+00		0.0000000e+00		0.0000000e+00		0.0000000e+00
1.4700000e+02		1.4800000e+02		1.4750000e+02		1.0610345e-01		0.0000000e+00		0.0000000e+00		0.0000000e+00		0.0000000e+00		0.0000000e+00
1.4800000e+02		1.4900000e+02		1.4850000e+02		1.0405386e-01		0.0000000e+00		0.0000000e+00		0.0000000e+00		0.0000000e+00		0.0000000e+00
1.4900000e+02		1.5000000e+02		1.4950000e+02		9.4002421e-02		0.0000000e+00		0.0000000e+00		0.0000000e+00		0.0000000e+00		0.0000000e+00
1.5000000e+02		1.5100000e+02		1.5050000e+02		1.0343288e-01		0.0000000e+00		0.0000000e+00		0.0000000e+00		0.0000000e+00		0.0000000e+00
1.5100000e+02		1.5200000e+02		1.5150000e+02		1.0875212e-01		0.0000000e+00		0.0000000e+00		0.0000000e+00		0.0000000e+00		0.0000000e+00
1.5200000e+02		1.5300000e+02		1.5250000e+02		1.3876638e-01		0.0000000e+00		0.0000000e+00		0.0000000e+00		0.0000000e+00		0.0000000e+00
1.5300000e+02		1.5400000e+02		1.5350000e+02		1.5371418e-01		0.0000000e+00		0.0000000e+00		0.0000000e+00		0.0000000e+00		0.0000000e+00
1.5400000e+02		1.5500000e+02		1.5450000e+02		4.1112511e-01		0.0000000e+00		0.0000000e+00		0.0000000e+00		0.0000000e+00		0.0000000e+00
1.5500000e+02		1.5600000e+02		1.5550000e+02		3.3836363e-01		0.0000000e+00		0.0000000e+00		0.0000000e+00		0.0000000e+00		0.0000000e+00
1.5600000e+02		1.5700000e+02		1.5650000e+02		2.0084632e-01		0.0000000e+00		0.0000000e+00		0.0000000e+00		0.0000000e+00		0.0000000e+00
1.5700000e+02		1.5800000e+02		1.5750000e+02		1.8216796e-01		0.0000000e+00		0.0000000e+00		0.0000000e+00		0.0000000e+00		0.0000000e+00
1.5800000e+02		1.5900000e+02		1.5850000e+02		1.6795176e-01		0.0000000e+00		0.0000000e+00		0.0000000e+00		0.0000000e+00		0.0000000e+00
1.5900000e+02		1.6000000e+02		1.5950000e+02		1.6379377e-01		0.0000000e+00		0.0000000e+00		0.0000000e+00		0.0000000e+00		0.0000000e+00
1.6000000e+02		1.6100000e+02		1.6050000e+02		1.7926410e-01		0.0000000e+00		0.0000000e+00		0.0000000e+00		0.0000000e+00		0.0000000e+00
1.6100000e+02		1.6200000e+02		1.6150000e+02		2.0306941e-01		0.0000000e+00		0.0000000e+00		0.0000000e+00		0.0000000e+00		0.0000000e+00
1.6200000e+02		1.6300000e+02		1.6250000e+02		2.2492895e-01		0.0000000e+00		0.0000000e+00		0.0000000e+00		0.0000000e+00		0.0000000e+00
1.6300000e+02		1.6400000e+02		1.6350000e+02		4.7671727e-01		0.0000000e+00		0.0000000e+00		0.0000000e+00		0.0000000e+00		0.0000000e+00
1.6400000e+02		1.6500000e+02		1.6450000e+02		4.8753270e-01		0.0000000e+00		0.0000000e+00		0.0000000e+00		0.0000000e+00		0.0000000e+00
1.6500000e+02		1.6600000e+02		1.6550000e+02		5.7072689e-01		0.0000000e+00		0.0000000e+00		0.0000000e+00		0.0000000e+00		0.0000000e+00
1.6600000e+02		1.6700000e+02		1.6650000e+02		2.6919628e-01		0.0000000e+00		0.0000000e+00		0.0000000e+00		0.0000000e+00		0.0000000e+00
1.6700000e+02		1.6800000e+02		1.6750000e+02		2.8728373e-01		0.0000000e+00		0.0000000e+00		0.0000000e+00		0.0000000e+00		0.0000000e+00
1.6800000e+02		1.6900000e+02		1.6850000e+02		3.0958866e-01		0.0000000e+00		0.0000000e+00		0.0000000e+00		0.0000000e+00		0.0000000e+00
1.6900000e+02		1.7000000e+02		1.6950000e+02		3.8988989e-01		0.0000000e+00		0.0000000e+00		0.0000000e+00		0.0000000e+00		0.0000000e+00
1.7000000e+02		1.7100000e+02		1.7050000e+02		4.3752516e-01		0.0000000e+00		0.0000000e+00		0.0000000e+00		0.0000000e+00		0.0000000e+00
1.7100000e+02		1.7200000e+02		1.7150000e+02		4.3618394e-01		0.0000000e+00		0.0000000e+00		0.0000000e+00		0.0000000e+00		0.0000000e+00
1.7200000e+02		1.7300000e+02		1.7250000e+02		4.5514763e-01		0.0000000e+00		0.0000000e+00		0.0000000e+00		0.0000000e+00		0.0000000e+00
1.7300000e+02		1.7400000e+02		1.7350000e+02		4.5120572e-01		0.0000000e+00		0.0000000e+00		0.0000000e+00		0.0000000e+00		0.0000000e+00
1.7400000e+02		1.7500000e+02		1.7450000e+02		5.3951828e-01		0.0000000e+00		0.0000000e+00		0.0000000e+00		0.0000000e+00		0.0000000e+00
1.7500000e+02		1.7600000e+02		1.7550000e+02		6.4389120e-01		0.0000000e+00		0.0000000e+00		0.0000000e+00		0.0000000e+00		0.0000000e+00
1.7600000e+02		1.7700000e+02		1.7650000e+02		6.9472845e-01		0.0000000e+00		0.0000000e+00		0.0000000e+00		0.0000000e+00		0.0000000e+00
1.7700000e+02		1.7800000e+02		1.7750000e+02		8.1849614e-01		0.0000000e+00		0.0000000e+00		0.0000000e+00		0.0000000e+00		0.0000000e+00
1.7800000e+02		1.7900000e+02		1.7850000e+02		8.9455089e-01		0.0000000e+00		0.0000000e+00		0.0000000e+00		0.0000000e+00		0.0000000e+00
1.7900000e+02		1.8000000e+02		1.7950000e+02		8.6966614e-01		0.0000000e+00		0.0000000e+00		0.0000000e+00		0.0000000e+00		0.0000000e+00
1.8000000e+02		1.8100000e+02		1.8050000e+02		1.0753674e+00		0.0000000e+00		0.0000000e+00		0.0000000e+00		0.0000000e+00		0.0000000e+00
1.8100000e+02		1.8200000e+02		1.8150000e+02		1.3093431e+00		0.0000000e+00		0.0000000e+00		0.0000000e+00		0.0000000e+00		0.0000000e+00
1.8200000e+02		1.8300000e+02		1.8250000e+02		1.2087370e+00		0.0000000e+00		0.0000000e+00		0.0000000e+00		0.0000000e+00		0.0000000e+00
1.8300000e+02		1.8400000e+02		1.8350000e+02		1.2728289e+00		0.0000000e+00		0.0000000e+00		0.0000000e+00		0.0000000e+00		0.0000000e+00
1.8400000e+02		1.8500000e+02		1.8450000e+02		1.0940339e+00		0.0000000e+00		0.0000000e+00		0.0000000e+00		0.0000000e+00		0.0000000e+00
1.8500000e+02		1.8600000e+02		1.8550000e+02		1.2372281e+00		0.0000000e+00		0.0000000e+00		0.0000000e+00		0.0000000e+00		0.0000000e+00
1.8600000e+02		1.8700000e+02		1.8650000e+02		1.4037992e+00		0.0000000e+00		0.0000000e+00		0.0000000e+00		0.0000000e+00		0.0000000e+00
1.8700000e+02		1.8800000e+02		1.8750000e+02		1.5907538e+00		0.0000000e+00		0.0000000e+00		0.0000000e+00		0.0000000e+00		0.0000000e+00
1.8800000e+02		1.8900000e+02		1.8850000e+02		1.6735993e+00		0.0000000e+00		0.0000000e+00		0.0000000e+00		0.0000000e+00		0.0000000e+00
1.8900000e+02		1.9000000e+02		1.8950000e+02		1.8559600e+00		0.0000000e+00		0.0000000e+00		0.0000000e+00		0.0000000e+00		0.0000000e+00
1.9000000e+02		1.9100000e+02		1.9050000e+02		1.9109940e+00		0.0000000e+00		0.0000000e+00		0.0000000e+00		0.0000000e+00		0.0000000e+00
1.9100000e+02		1.9200000e+02		1.9150000e+02		2.0707336e+00		0.0000000e+00		0.0000000e+00		0.0000000e+00		0.0000000e+00		0.0000000e+00
1.9200000e+02		1.9300000e+02		1.9250000e+02		2.1685186e+00		0.0000000e+00		0.0000000e+00		0.0000000e+00		0.0000000e+00		0.0000000e+00
1.9300000e+02		1.9400000e+02		1.9350000e+02		1.6554009e+00		0.0000000e+00		0.0000000e+00		0.0000000e+00		0.0000000e+00		0.0000000e+00
1.9400000e+02		1.9500000e+02		1.9450000e+02		2.6556632e+00		0.0000000e+00		0.0000000e+00		0.0000000e+00		0.0000000e+00		0.0000000e+00
1.9500000e+02		1.9600000e+02		1.9550000e+02		2.5630279e+00		0.0000000e+00		0.0000000e+00		0.0000000e+00		0.0000000e+00		0.0000000e+00
1.9600000e+02		1.9700000e+02		1.9650000e+02		2.8204934e+00		0.0000000e+00		0.0000000e+00		0.0000000e+00		0.0000000e+00		0.0000000e+00
1.9700000e+02		1.9800000e+02		1.9750000e+02		2.8068384e+00		0.0000000e+00		0.0000000e+00		0.0000000e+00		0.0000000e+00		0.0000000e+00
1.9800000e+02		1.9900000e+02		1.9850000e+02		2.7505577e+00		0.0000000e+00		0.0000000e+00		0.0000000e+00		0.0000000e+00		0.0000000e+00
1.9900000e+02		2.0000000e+02		1.9950000e+02		2.8965557e+00		0.0000000e+00		0.0000000e+00		0.0000000e+00		0.0000000e+00		0.0000000e+00
2.0000000e+02		2.0100000e+02		2.0050000e+02		3.0623388e+00		0.0000000e+00		0.0000000e+00		0.0000000e+00		0.0000000e+00		0.0000000e+00
2.0100000e+02		2.0200000e+02		2.0150000e+02		3.2593670e+00		0.0000000e+00		0.0000000e+00		0.0000000e+00		0.0000000e+00		0.0000000e+00
2.0200000e+02		2.0300000e+02		2.0250000e+02		3.2217937e+00		0.0000000e+00		0.0000000e+00		0.0000000e+00		0.0000000e+00		0.0000000e+00
2.0300000e+02		2.0400000e+02		2.0350000e+02		3.4484145e+00		0.0000000e+00		0.0000000e+00		0.0000000e+00		0.0000000e+00		0.0000000e+00
2.0400000e+02		2.0500000e+02		2.0450000e+02		3.7117169e+00		0.0000000e+00		0.0000000e+00		0.0000000e+00		0.0000000e+00		0.0000000e+00
2.0500000e+02		2.0600000e+02		2.0550000e+02		3.7200399e+00		0.0000000e+00		0.0000000e+00		0.0000000e+00		0.0000000e+00		0.0000000e+00
2.0600000e+02		2.0700000e+02		2.0650000e+02		3.7247532e+00		0.0000000e+00		0.0000000e+00		0.0000000e+00		0.0000000e+00		0.0000000e+00
2.0700000e+02		2.0800000e+02		2.0750000e+02		4.0454145e+00		0.0000000e+00		0.0000000e+00		0.0000000e+00		0.0000000e+00		0.0000000e+00
2.0800000e+02		2.0900000e+02		2.0850000e+02		4.3759554e+00		0.0000000e+00		0.0000000e+00		0.0000000e+00		0.0000000e+00		0.0000000e+00
2.0900000e+02		2.1000000e+02		2.0950000e+02		5.6528678e+00		0.0000000e+00		0.0000000e+00		0.0000000e+00		0.0000000e+00		0.0000000e+00
2.1000000e+02		2.1100000e+02		2.1050000e+02		6.9678423e+00		0.0000000e+00		0.0000000e+00		0.0000000e+00		0.0000000e+00		0.0000000e+00
2.1100000e+02		2.1200000e+02		2.1150000e+02		7.9326445e+00		0.0000000e+00		0.0000000e+00		0.0000000e+00		0.0000000e+00		0.0000000e+00
2.1200000e+02		2.1300000e+02		2.1250000e+02		7.0734222e+00		0.0000000e+00		0.0000000e+00		0.0000000e+00		0.0000000e+00		0.0000000e+00
2.1300000e+02		2.1400000e+02		2.1350000e+02		7.2066449e+00		0.0000000e+00		0.0000000e+00		0.0000000e+00		0.0000000e+00		0.0000000e+00
2.1400000e+02		2.1500000e+02		2.1450000e+02		9.2279181e+00		0.0000000e+00		0.0000000e+00		0.0000000e+00		0.0000000e+00		0.0000000e+00
2.1500000e+02		2.1600000e+02		2.1550000e+02		7.9257408e+00		0.0000000e+00		0.0000000e+00		0.0000000e+00		0.0000000e+00		0.0000000e+00
2.1600000e+02		2.1700000e+02		2.1650000e+02		7.3353469e+00		0.0000000e+00		0.0000000e+00		0.0000000e+00		0.0000000e+00		0.0000000e+00
2.1700000e+02		2.1800000e+02		2.1750000e+02		7.5953881e+00		0.0000000e+00		0.0000000e+00		0.0000000e+00		0.0000000e+00		0.0000000e+00
2.1800000e+02		2.1900000e+02		2.1850000e+02		1.0217230e+01		0.0000000e+00		0.0000000e+00		0.0000000e+00		0.0000000e+00		0.0000000e+00
2.1900000e+02		2.2000000e+02		2.1950000e+02		1.0786519e+01		0.0000000e+00		0.0000000e+00		0.0000000e+00		0.0000000e+00		0.0000000e+00
2.2000000e+02		2.2100000e+02		2.2050000e+02		1.0851638e+01		0.0000000e+00		0.0000000e+00		0.0000000e+00		0.0000000e+00		0.0000000e+00
2.2100000e+02		2.2200000e+02		2.2150000e+02		8.6872371e+00		0.0000000e+00		0.0000000e+00		0.0000000e+00		0.0000000e+00		0.0000000e+00
2.2200000e+02		2.2300000e+02		2.2250000e+02		1.1691346e+01		0.0000000e+00		0.0000000e+00		0.0000000e+00		0.0000000e+00		0.0000000e+00
2.2300000e+02		2.2400000e+02		2.2350000e+02		1.5139682e+01		0.0000000e+00		0.0000000e+00		0.0000000e+00		0.0000000e+00		0.0000000e+00
2.2400000e+02		2.2500000e+02		2.2450000e+02		1.4154944e+01		0.0000000e+00		0.0000000e+00		0.0000000e+00		0.0000000e+00		0.0000000e+00
2.2500000e+02		2.2600000e+02		2.2550000e+02		1.2365614e+01		0.0000000e+00		0.0000000e+00		0.0000000e+00		0.0000000e+00		0.0000000e+00
2.2600000e+02		2.2700000e+02		2.2650000e+02		9.0577089e+00		0.0000000e+00		0.0000000e+00		0.0000000e+00		0.0000000e+00		0.0000000e+00
2.2700000e+02		2.2800000e+02		2.2750000e+02		8.8108381e+00		0.0000000e+00		0.0000000e+00		0.0000000e+00		0.0000000e+00		0.0000000e+00
2.2800000e+02		2.2900000e+02		2.2850000e+02		1.2275156e+01		0.0000000e+00		0.0000000e+00		0.0000000e+00		0.0000000e+00		0.0000000e+00
2.2900000e+02		2.3000000e+02		2.2950000e+02		1.1031259e+01		0.0000000e+00		0.0000000e+00		0.0000000e+00		0.0000000e+00		0.0000000e+00
2.3000000e+02		2.3100000e+02		2.3050000e+02		1.2510180e+01		0.0000000e+00		0.0000000e+00		0.0000000e+00		0.0000000e+00		0.0000000e+00
2.3100000e+02		2.3200000e+02		2.3150000e+02		1.1791833e+01		0.0000000e+00		0.0000000e+00		0.0000000e+00		0.0000000e+00		0.0000000e+00
2.3200000e+02		2.3300000e+02		2.3250000e+02		1.2664003e+01		0.0000000e+00		0.0000000e+00		0.0000000e+00		0.0000000e+00		0.0000000e+00
2.3300000e+02		2.3400000e+02		2.3350000e+02		1.1428554e+01		0.0000000e+00		0.0000000e+00		0.0000000e+00		0.0000000e+00		0.0000000e+00
2.3400000e+02		2.3500000e+02		2.3450000e+02		9.9864853e+00		0.0000000e+00		0.0000000e+00		0.0000000e+00		0.0000000e+00		0.0000000e+00
2.3500000e+02		2.3600000e+02		2.3550000e+02		1.3443360e+01		0.0000000e+00		0.0000000e+00		0.0000000e+00		0.0000000e+00		0.0000000e+00
2.3600000e+02		2.3700000e+02		2.3650000e+02		1.2448020e+01		0.0000000e+00		0.0000000e+00		0.0000000e+00		0.0000000e+00		0.0000000e+00
2.3700000e+02		2.3800000e+02		2.3750000e+02		1.3294723e+01		0.0000000e+00		0.0000000e+00		0.0000000e+00		0.0000000e+00		0.0000000e+00
2.3800000e+02		2.3900000e+02		2.3850000e+02		1.1021422e+01		0.0000000e+00		0.0000000e+00		0.0000000e+00		0.0000000e+00		0.0000000e+00
2.3900000e+02		2.4000000e+02		2.3950000e+02		1.2008577e+01		0.0000000e+00		0.0000000e+00		0.0000000e+00		0.0000000e+00		0.0000000e+00
2.4000000e+02		2.4100000e+02		2.4050000e+02		1.1032163e+01		1.6304166e-322		0.0000000e+00		1.6304166e-322		0.0000000e+00		1.6304166e-322
2.4100000e+02		2.4200000e+02		2.4150000e+02		1.2918879e+01		2.1121096e-274		0.0000000e+00		2.1125962e-274		1.1511920e-277		2.1114450e-274
2.4200000e+02		2.4300000e+02		2.4250000e+02		1.7782729e+01		9.7130685e-232		0.0000000e+00		9.7156685e-232		6.1516228e-235		9.7095168e-232
2.4300000e+02		2.4400000e+02		2.4350000e+02		1.6701989e+01		1.7270769e-195		0.0000000e+00		1.7276151e-195		1.2733135e-198		1.7263418e-195
2.4400000e+02		2.4500000e+02		2.4450000e+02		1.5641720e+01		1.5170945e-164		0.0000000e+00		1.5176460e-164		1.3050504e-167		1.5163410e-164
2.4500000e+02		2.4600000e+02		2.4550000e+02		1.2691134e+01		2.9355884e-137		0.0000000e+00		2.9368456e-137		2.9746951e-140		2.9338709e-137
2.4600000e+02		2.4700000e+02		2.4650000e+02		1.2350906e+01		3.4224786e-114		0.0000000e+00		3.4242092e-114		4.0944855e-117		3.4201147e-114
2.4700000e+02		2.4800000e+02		2.4750000e+02		1.3639226e+01		4.2023759e-94		1.8506320e-90		4.2049073e-94		5.9891796e-97		4.1989181e-94
2.4800000e+02		2.4900000e+02		2.4850000e+02		1.0938846e+01		5.2114354e-77		5.0966441e-74		5.2152071e-77		8.9241036e-80		5.2062830e-77
2.4900000e+02		2.5000000e+02		2.4950000e+02		1.3333262e+01		1.2117009e-62		3.3950377e-60		1.2127584e-62		2.5021718e-65		1.2102563e-62
2.5000000e+02		2.5100000e+02		2.5050000e+02		1.4401571e+01		6.5131489e-51		6.5555707e-49		6.5200126e-51		1.6239611e-53		6.5037730e-51
2.5100000e+02		2.5200000e+02		2.5150000e+02		1.2007424e+01		1.2233795e-41		5.4312007e-40		1.2249301e-41		3.6686135e-44		1.2212615e-41
2.5200000e+02		2.5300000e+02		2.5250000e+02		1.0794009e+01		6.0539611e-34		1.3652111e-32		6.0632166e-34		2.1898831e-36		6.0413178e-34
2.5300000e+02		2.5400000e+02		2.5350000e+02		1.3602371e+01		1.7986287e-27		2.3226674e-26		1.8019538e-27		7.8671303e-30		1.7940866e-27
2.5400000e+02		2.5500000e+02		2.5450000e+02		1.5384114e+01		3.4818377e-22		2.8449892e-21		3.4896399e-22		1.8460329e-24		3.4711796e-22
2.5500000e+02		2.5600000e+02		2.5550000e+02		2.0992062e+01		9.7362883e-18		5.4576348e-17		9.7628342e-18		6.2808313e-20		9.7000259e-18
2.5600000e+02		2.5700000e+02		2.5650000e+02		2.7040612e+01		4.8561002e-14		1.9900381e-13		4.8723260e-14		3.8390810e-16		4.8339352e-14
2.5700000e+02		2.5800000e+02		2.5750000e+02		3.3946512e+01		5.5968435e-11		1.7719951e-10		5.6199302e-11		5.4623530e-13		5.5653066e-11
2.5800000e+02		2.5900000e+02		2.5850000e+02		3.5732434e+01		1.7647992e-08		4.5095722e-08		1.7739032e-08		2.1540403e-10		1.7523628e-08
2.5900000e+02		2.6000000e+02		2.5950000e+02		3.0409976e+01		4.7840516e-15		2.1496329e-14		4.7982163e-15		3.3514040e-17		4.7647022e-15
2.6000000e+02		2.6100000e+02		2.6050000e+02		2.4915606e+01		6.9947134e-21		5.1932613e-20		7.0095980e-21		3.5217460e-23		6.9743806e-21
2.6100000e+02		2.6200000e+02		2.6150000e+02		2.5442742e+01		1.1702996e-19		7.8133786e-19		1.1728964e-19		6.1442747e-22		1.1667522e-19
2.6200000e+02		2.6300000e+02		2.6250000e+02		3.0366547e+01		7.7825820e-18		4.4604451e-17		7.8011788e-18		4.4000489e-20		7.7571783e-18
2.6300000e+02		2.6400000e+02		2.6350000e+02		4.5700096e+01		4.5694888e-18		2.7140752e-17		4.5799953e-18		2.4858668e-20		4.5551366e-18
2.6400000e+02		2.6500000e+02		2.6450000e+02		7.1249372e+01		3.5936348e-14		1.5446115e-13		3.6037545e-14		2.3943430e-16		3.5798111e-14
2.6500000e+02		2.6600000e+02		2.6550000e+02		7.4731454e+01		1.1400451e-13		4.6985818e-13		1.1433070e-13		7.7178154e-16		1.1355892e-13
2.6600000e+02		2.6700000e+02		2.6650000e+02		7.2446611e+01		1.0106207e-13		4.1791988e-13		1.0134579e-13		6.7128917e-16		1.0067450e-13
2.6700000e+02		2.6800000e+02		2.6750000e+02		7.2937204e+01		1.1427167e-11		3.9517064e-11		1.1463859e-11		8.6813025e-14		1.1377046e-11
2.6800000e+02		2.6900000e+02		2.6850000e+02		7.2239021e+01		4.6891716e-10		1.4087640e-09		4.7061638e-10		4.0203915e-12		4.6659599e-10
2.6900000e+02		2.7000000e+02		2.6950000e+02		6.7758000e+01		1.0421986e-10		3.3057388e-10		1.0457148e-10		8.3195072e-13		1.0373953e-10
2.7000000e+02		2.7100000e+02		2.7050000e+02		7.8281462e+01		4.1710497e-10		1.2623575e-09		4.1855715e-10		3.4359062e-12		4.1512125e-10
2.7100000e+02		2.7200000e+02		2.7150000e+02		6.5051220e+01		3.3435540e-11		1.1052318e-10		3.3540494e-11		2.4832297e-13		3.3292171e-11
2.7200000e+02		2.7300000e+02		2.7250000e+02		5.2331568e+01		5.5807975e-09		1.5086796e-08		5.6021196e-09		5.0448459e-11		5.5516711e-09
2.7300000e+02		2.7400000e+02		2.7350000e+02		5.5800645e+01		1.2537868e-08		3.2957215e-08		1.2586630e-08		1.1537180e-10		1.2471258e-08
2.7400000e+02		2.7500000e+02		2.7450000e+02		3.8398649e+01		1.5445079e-08		3.9720207e-08		1.5505831e-08		1.4374090e-10		1.5362090e-08
2.7500000e+02		2.7600000e+02		2.7550000e+02		5.1208696e+01		6.5018483e-10		1.9037959e-09		6.5234950e-10		5.1216612e-12		6.4722783e-10
2.7600000e+02		2.7700000e+02		2.7650000e+02		7.1318275e+01		3.8316566e-09		1.0625904e-08		3.8449948e-09		3.1558600e-11		3.8134362e-09
2.7700000e+02		2.7800000e+02		2.7750000e+02		6.8188493e+01		1.2825370e-07		3.1128810e-07		1.2877286e-07		1.2283611e-09		1.2754450e-07
2.7800000e+02		2.7900000e+02		2.7850000e+02		4.7024496e+01		1.7282612e-07		4.0910693e-07		1.7353934e-07		1.6874971e-09		1.7185185e-07
2.7900000e+02		2.8000000e+02		2.7950000e+02		2.6422560e+01		1.3739334e-08		3.4983664e-08		1.3789932e-08		1.1971694e-10		1.3670215e-08
2.8000000e+02		2.8100000e+02		2.8050000e+02		2.8982131e+01		2.1867296e-09		5.9858474e-09		2.1939900e-09		1.7178313e-11		2.1768117e-09
2.8100000e+02		2.8200000e+02		2.8150000e+02		6.0033324e+01		2.6174865e-08		6.7081480e-08		2.6267556e-08		2.1930895e-10		2.6048247e-08
2.8200000e+02		2.8300000e+02		2.8250000e+02		8.1733762e+01		1.0954155e-07		2.6917398e-07		1.0994507e-07		9.5472403e-10		1.0899034e-07
2.8300000e+02		2.8400000e+02		2.8350000e+02		8.4433091e+01		2.2013566e-07		5.2764386e-07		2.2096189e-07		1.9548865e-09		2.1900701e-07
2.8400000e+02		2.8500000e+02		2.8450000e+02		6.2255376e+01		9.6964208e-07		2.1747254e-06		9.7359527e-07		9.3533641e-09		9.6424191e-07
2.8500000e+02		2.8600000e+02		2.8550000e+02		4.0018063e+01		3.5181914e-07		8.0589473e-07		3.5318688e-07		3.2361049e-09		3.4995077e-07
2.8600000e+02		2.8700000e+02		2.8650000e+02		8.2001717e+01		2.2108014e-06		4.8583539e-06		2.2198340e-06		2.1371180e-08		2.1984628e-06
2.8700000e+02		2.8800000e+02		2.8750000e+02		9.5189148e+01		8.7847975e-07		2.0084172e-06		8.8180289e-07		7.8626261e-09		8.7394026e-07
2.8800000e+02		2.8900000e+02		2.8850000e+02		9.0460934e+01		6.4636643e-07		1.4917774e-06		6.4874127e-07		5.6189295e-09		6.4312234e-07
2.8900000e+02		2.9000000e+02		2.8950000e+02		1.3728321e+02		1.4700293e-07		3.6411088e-07		1.4748489e-07		1.1403133e-09		1.4634457e-07
2.9000000e+02		2.9100000e+02		2.9050000e+02		1.8023325e+02		3.2305253e-08		8.5556985e-08		3.2401125e-08		2.2683624e-10		3.2174289e-08
2.9100000e+02		2.9200000e+02		2.9150000e+02		1.7359450e+02		4.3861436e-08		1.1467051e-07		4.3991727e-08		3.0827301e-10		4.3683454e-08
2.9200000e+02		2.9300000e+02		2.9250000e+02		1.5421676e+02		3.1588518e-07		7.6359018e-07		3.1690886e-07		2.4220671e-09		3.1448679e-07
2.9300000e+02		2.9400000e+02		2.9350000e+02		1.6099986e+02		7.7508656e-06		1.6665517e-05		7.7804491e-06		6.9995436e-08		7.7104537e-06
2.9400000e+02		2.9500000e+02		2.9450000e+02		1.4991794e+02		1.1174070e-08		3.0580806e-08		1.1204143e-08		7.1153076e-11		1.1132990e-08
2.9500000e+02		2.9600000e+02		2.9550000e+02		1.6232431e+02		2.3738200e-06		5.3328401e-06		2.3820134e-06		1.9385873e-08		2.3626275e-06
2.9600000e+02		2.9700000e+02		2.9650000e+02		1.4851381e+02		6.5882713e-05		1.3061215e-04		6.6163242e-05		6.6373806e-07		6.5499504e-05
2.9700000e+02		2.9800000e+02		2.9750000e+02		1.5140866e+02		7.3034191e-06		1.5698631e-05		7.3297299e-06		6.2252013e-08		7.2674778e-06
2.9800000e+02		2.9900000e+02		2.9850000e+02		1.3012850e+02		1.7301406e-06		3.8998459e-06		1.7358286e-06		1.3458090e-08		1.7223705e-06
2.9900000e+02		3.0000000e+02		2.9950000e+02		1.4682541e+02		6.3386589e-07		1.4897323e-06		6.3579607e-07		4.5668540e-09		6.3122922e-07
3.0000000e+02		3.0100000e+02		3.0050000e+02		1.1681452e+02		4.1036861e-06		8.9227887e-06		4.1175747e-06		3.2860741e-08		4.0847139e-06
3.0100000e+02		3.0200000e+02		3.0150000e+02		1.3434477e+02		2.5076157e-06		5.5810335e-06		2.5156716e-06		1.9060458e-08		2.4966111e-06
3.0200000e+02		3.0300000e+02		3.0250000e+02		1.4142283e+02		1.0413779e-05		2.2032807e-05		1.0449676e-05		8.4934255e-08		1.0364742e-05
3.0300000e+02		3.0400000e+02		3.0350000e+02		1.8342160e+02		4.6469403e-07		1.1138418e-06		4.6599407e-07		3.0759333e-09		4.6291814e-07
3.0400000e+02		3.0500000e+02		3.0450000e+02		1.7556728e+02		4.1169735e-05		8.3485105e-05		4.1319089e-05		3.5337533e-07		4.0965713e-05
3.0500000e+02		3.0600000e+02		3.0550000e+02		1.7728071e+02		1.6255420e-04		3.1377183e-04		1.6320056e-04		1.5293094e-06		1.6167125e-04
3.0600000e+02		3.0700000e+02		3.0650000e+02		1.6814926e+02		6.1567264e-04		1.1313371e-03		6.1841552e-04		6.4897187e-06		6.1192580e-04
3.0700000e+02		3.0800000e+02		3.0750000e+02		1.8878816e+02		1.0068933e-05		2.1551643e-05		1.0100640e-05		7.5021537e-08		1.0025619e-05
3.0800000e+02		3.0900000e+02		3.0850000e+02		1.8529086e+02		3.1347873e-05		6.4315613e-05		3.1453010e-05		2.4875486e-07		3.1204255e-05
3.0900000e+02		3.1000000e+02		3.0950000e+02		1.5026991e+02		3.6474720e-04		6.7988256e-04		3.6624610e-04		3.5464283e-06		3.6269967e-04
3.1000000e+02		3.1100000e+02		3.1050000e+02		1.8913229e+02		5.0642047e-05		1.0216583e-04		5.0812847e-05		4.0411737e-07		5.0408730e-05
3.1100000e+02		3.1200000e+02		3.1150000e+02		2.2495083e+02		2.4697201e-04		4.7348745e-04		2.4789116e-04		2.1747259e-06		2.4571643e-04
3.1200000e+02		3.1300000e+02		3.1250000e+02		2.0030306e+02		6.1022686e-06		1.3330862e-05		6.1195989e-06		4.1004032e-08		6.0785949e-06
3.1300000e+02		3.1400000e+02		3.1350000e+02		2.1331645e+02		1.1782370e-03		2.1331744e-03		1.1832356e-03		1.1826847e-05		1.1714088e-03
3.1400000e+02		3.1500000e+02		3.1450000e+02		2.0119548e+02		8.8124430e-05		1.7460398e-04		8.8416683e-05		6.9147835e-07		8.7725205e-05
3.1500000e+02		3.1600000e+02		3.1550000e+02		1.9522773e+02		6.5097925e-06		1.4171909e-05		6.5276445e-06		4.2238205e-08		6.4854063e-06
3.1600000e+02		3.1700000e+02		3.1650000e+02		1.9043254e+02		6.2975444e-07		1.4937838e-06		6.3124888e-07		3.5358779e-09		6.2771300e-07
3.1700000e+02		3.1800000e+02		3.1750000e+02		2.4155434e+02		7.4502600e-06		1.6265073e-05		7.4700559e-06		4.6837605e-08		7.4232183e-06
3.1800000e+02		3.1900000e+02		3.1850000e+02		1.9952276e+02		2.6784111e-06		6.0299701e-06		2.6850961e-06		1.5816751e-08		2.6692793e-06
3.1900000e+02		3.2000000e+02		3.1950000e+02		2.1430874e+02		5.9261465e-07		1.4149814e-06		5.9395311e-07		3.1668299e-09		5.9078628e-07
3.2000000e+02		3.2100000e+02		3.2050000e+02		2.4621307e+02		1.7822963e-05		3.7701006e-05		1.7870994e-05		1.1364156e-07		1.7757352e-05
3.2100000e+02		3.2200000e+02		3.2150000e+02		2.0677326e+02		9.9257222e-11		3.2839279e-10		9.9407902e-11		3.5651282e-13		9.9051389e-11
3.2200000e+02		3.2300000e+02		3.2250000e+02		2.0765168e+02		3.1623131e-05		6.5087463e-05		3.1710431e-05		2.0655385e-07		3.1503877e-05
3.2300000e+02		3.2400000e+02		3.2350000e+02		2.0066974e+02		1.0958248e-06		2.5505217e-06		1.0982595e-06		5.7606091e-09		1.0924989e-06
3.2400000e+02		3.2500000e+02		3.2450000e+02		2.3629853e+02		1.3444447e-06		3.1242711e-06		1.3473997e-06		6.9915791e-09		1.3404081e-06
3.2500000e+02		3.2600000e+02		3.2550000e+02		2.7209498e+02		2.9402955e-16		1.5932706e-15		2.9431885e-16		6.8448839e-19		2.9363436e-16
3.2600000e+02		3.2700000e+02		3.2650000e+02		3.0699214e+02		1.9938392e-05		4.2334185e-05		1.9987733e-05		1.1674064e-07		1.9870992e-05
3.2700000e+02		3.2800000e+02		3.2750000e+02		2.9701525e+02		4.0628717e-06		9.1375593e-06		4.0718943e-06		2.1347763e-08		4.0505465e-06
3.2800000e+02		3.2900000e+02		3.2850000e+02		2.8673370e+02		8.0577486e-07		1.9222014e-06		8.0739424e-07		3.8315071e-09		8.0356274e-07
3.2900000e+02		3.3000000e+02		3.2950000e+02		3.3379807e+02		9.3009454e-09		2.6387765e-08		9.3158281e-09		3.5212899e-11		9.2806152e-09
3.3000000e+02		3.3100000e+02		3.3050000e+02		3.1443449e+02		2.6226123e-13		1.1039868e-12		2.6254996e-13		6.8315288e-16		2.6186681e-13
3.3100000e+02		3.3200000e+02		3.3150000e+02		3.0087994e+02		3.9583125e-03		6.9475408e-03		3.9732819e-03		3.5417768e-05		3.9378641e-03
3.3200000e+02		3.3300000e+02		3.3250000e+02		2.9519831e+02		4.4209430e-04		8.3736098e-04		4.4338590e-04		3.0559615e-06		4.4032994e-04
3.3300000e+02		3.3400000e+02		3.3350000e+02		2.8364288e+02		6.4874923e-05		1.3150730e-04		6.5035131e-05		3.7905637e-07		6.4656075e-05
3.3400000e+02		3.3500000e+02		3.3450000e+02		2.9883003e+02		4.7005842e-06		1.0515168e-05		4.7102096e-06		2.2774118e-08		4.6874355e-06
3.3500000e+02		3.3600000e+02		3.3550000e+02		2.9511053e+02		6.3258324e-06		1.3988805e-05		6.3388607e-06		3.0825276e-08		6.3080354e-06
3.3600000e+02		3.3700000e+02		3.3650000e+02		2.4313126e+02		3.7660458e-06		8.4288874e-06		3.7735598e-06		1.7778333e-08		3.7557815e-06
3.3700000e+02		3.3800000e+02		3.3750000e+02		2.5649874e+02		2.0322042e-05		4.2818920e-05		2.0366373e-05		1.0488754e-07		2.0261485e-05
3.3800000e+02		3.3900000e+02		3.3850000e+02		2.7748673e+02		4.1398318e-04		7.8403690e-04		4.1510700e-04		2.6589806e-06		4.1244802e-04
3.3900000e+02		3.4000000e+02		3.3950000e+02		2.9040264e+02		3.2421486e-05		6.7454338e-05		3.2492103e-05		1.6708024e-07		3.2325022e-05
3.4000000e+02		3.4100000e+02		3.4050000e+02		3.0654056e+02		3.6798855e-07		9.0595922e-07		3.6859716e-07		1.4399778e-09		3.6715718e-07
3.4100000e+02		3.4200000e+02		3.4150000e+02		2.7979685e+02		1.1675308e-16		6.5583934e-16		1.1684477e-16		2.1694732e-19		1.1662782e-16
3.4200000e+02		3.4300000e+02		3.4250000e+02		3.0344565e+02		7.8806741e-08		2.0549237e-07		7.8924880e-08		2.7952041e-10		7.8645359e-08
3.4300000e+02		3.4400000e+02		3.4350000e+02		2.9822260e+02		1.4545598e-12		5.7251354e-12		1.4559945e-12		3.3944841e-15		1.4526000e-12
3.4400000e+02		3.4500000e+02		3.4450000e+02		2.3986676e+02		5.7496408e-08		1.5037087e-07		5.7580204e-08		1.9826371e-10		5.7381941e-08
3.4500000e+02		3.4600000e+02		3.4550000e+02		2.8907088e+02		6.1971332e-10		1.9365689e-09		6.2044667e-10		1.7351337e-12		6.1871154e-10
3.4600000e+02		3.4700000e+02		3.4650000e+02		2.8069735e+02		4.5132819e-11		1.5557812e-10		4.5180888e-11		1.1373173e-13		4.5067156e-11
3.4700000e+02		3.4800000e+02		3.4750000e+02		2.7782009e+02		1.1505996e-13		4.9728691e-13		1.1516046e-13		2.3777898e-16		1.1492268e-13
3.4800000e+02		3.4900000e+02		3.4850000e+02		2.8744416e+02		3.9117899e-03		6.8527687e-03		3.9240748e-03		2.9066383e-05		3.8950084e-03
3.4900000e+02		3.5000000e+02		3.4950000e+02		2.7550877e+02		8.0333425e-03		1.3712367e-02		8.0615835e-03		6.6818985e-05		7.9947645e-03
3.5000000e+02		3.5100000e+02		3.5050000e+02		3.3002358e+02		1.5960617e-05		3.4234550e-05		1.5989397e-05		6.8093810e-08		1.5921303e-05
3.5100000e+02		3.5200000e+02		3.5150000e+02		3.0660572e+02		5.7079863e-05		1.1651594e-04		5.7191424e-05		2.6395688e-07		5.6927467e-05
3.5200000e+02		3.5300000e+02		3.5250000e+02		2.8324198e+02		1.8489660e-05		3.9221260e-05		1.8522861e-05		7.8553757e-08		1.8444307e-05
3.5300000e+02		3.5400000e+02		3.5350000e+02		3.2405327e+02		3.1616423e-02		5.1852953e-02		3.1753418e-02		3.2413437e-04		3.1429284e-02
3.5400000e+02		3.5500000e+02		3.5450000e+02		3.4586270e+02		4.0673680e-03		7.1596159e-03		4.0790941e-03		2.7744176e-05		4.0513499e-03
3.5500000e+02		3.5600000e+02		3.5550000e+02		3.2478382e+02		3.0531537e-03		5.4159011e-03		3.0615881e-03		1.9955819e-05		3.0416323e-03
3.5600000e+02		3.5700000e+02		3.5650000e+02		2.8234357e+02		1.2599493e-04		2.4907631e-04		1.2624367e-04		5.8851021e-07		1.2565516e-04
3.5700000e+02		3.5800000e+02		3.5750000e+02		2.4674321e+02		3.1077461e-06		7.0056309e-06		3.1124988e-06		1.1244835e-08		3.1012539e-06
3.5800000e+02		3.5900000e+02		3.5850000e+02		2.1181106e+02		1.1627202e-04		2.2813987e-04		1.1650021e-04		5.3990213e-07		1.1596031e-04
3.5900000e+02		3.6000000e+02		3.5950000e+02		3.0582840e+02		1.4351655e-06		3.3562546e-06		1.4371942e-06		4.7999947e-09		1.4323942e-06
3.6000000e+02		3.6100000e+02		3.6050000e+02		3.0178862e+02		1.5655945e-05		3.3486903e-05		1.5681166e-05		5.9672757e-08		1.5621493e-05
3.6100000e+02		3.6200000e+02		3.6150000e+02		2.8033735e+02		3.0389309e-12		1.1601501e-11		3.0414106e-12		5.8671063e-15		3.0355435e-12
3.6200000e+02		3.6300000e+02		3.6250000e+02		3.1645921e+02		1.5737604e-19		1.1416123e-18		1.5745896e-19		1.9618060e-22		1.5726278e-19
3.6300000e+02		3.6400000e+02		3.6350000e+02		3.0810145e+02		8.0450007e-16		4.2142610e-15		8.0500846e-16		1.2028589e-18		8.0380560e-16
3.6400000e+02		3.6500000e+02		3.6450000e+02		3.2221950e+02		1.1754428e-36		3.8205600e-35		1.1757772e-36		7.9122576e-40		1.1749860e-36
3.6500000e+02		3.6600000e+02		3.6550000e+02		3.6674574e+02		1.4342854e-28		2.3082772e-27		1.4347958e-28		1.2077077e-31		1.4335881e-28
3.6600000e+02		3.6700000e+02		3.6650000e+02		3.9198946e+02		2.6872727e-49		2.6610987e-47		2.6878335e-49		1.3269851e-52		2.6865065e-49
3.6700000e+02		3.6800000e+02		3.6750000e+02		3.7850004e+02		1.1429411e-47		9.8007497e-46		1.1431848e-47		5.7657953e-51		1.1426082e-47
3.6800000e+02		3.6900000e+02		3.6850000e+02		3.4895620e+02		7.6657095e-92		3.1328724e-88		7.6665628e-92		2.0188137e-95		7.6645440e-92
3.6900000e+02		3.7000000e+02		3.6950000e+02		3.8736224e+02		3.4007288e-75		3.2488895e-72		3.4011838e-75		1.0766698e-78		3.4001072e-75
3.7000000e+02		3.7100000e+02		3.7050000e+02		3.6351013e+02		1.6316188e+02		2.3876684e+02		1.8509515e+02		5.1894670e+01		1.3320048e+02
3.7100000e+02		3.7200000e+02		3.7150000e+02		3.7529261e+02		3.6216324e+02		5.4539622e+02		4.3201226e+02		1.6526455e+02		2.6674770e+02
3.7200000e+02		3.7300000e+02		3.7250000e+02		3.1177186e+02		3.0087871e+02		4.5322045e+02		3.5901592e+02		1.3755412e+02		2.2146180e+02
3.7300000e+02		3.7400000e+02		3.7350000e+02		2.7192112e+02		2.6247575e+02		3.9526700e+02		3.1310171e+02		1.1978231e+02		1.9331940e+02
3.7400000e+02		3.7500000e+02		3.7450000e+02		2.7832167e+02		2.6875257e+02		4.0444615e+02		3.2034887e+02		1.2207817e+02		1.9827070e+02
3.7500000e+02		3.7600000e+02		3.7550000e+02		3.1876744e+02		3.0783756e+02		4.6332238e+02		3.6699354e+02		1.3996455e+02		2.2702899e+02
3.7600000e+02		3.7700000e+02		3.7650000e+02		3.3048657e+02		3.1920155e+02		4.8042867e+02		3.8054844e+02		1.4514830e+02		2.3540015e+02
3.7700000e+02		3.7800000e+02		3.7750000e+02		3.8770864e+02		3.7456127e+02		5.6357453e+02		4.4639597e+02		1.6996272e+02		2.7643325e+02
3.7800000e+02		3.7900000e+02		3.7850000e+02		4.0380398e+02		3.9018014e+02		5.8699267e+02		4.6494232e+02		1.7688923e+02		2.8805310e+02
3.7900000e+02		3.8000000e+02		3.7950000e+02		3.2744385e+02		3.1642377e+02		4.7610057e+02		3.7711913e+02		1.4360678e+02		2.3351235e+02
3.8000000e+02		3.8100000e+02		3.8050000e+02		3.5656330e+02		3.4462218e+02		5.1843232e+02		4.1064514e+02		1.5621201e+02		2.5443313e+02
3.8100000e+02		3.8200000e+02		3.8150000e+02		3.2019140e+02		3.0961731e+02		4.6532075e+02		3.6853373e+02		1.3939775e+02		2.2913598e+02
3.8200000e+02		3.8300000e+02		3.8250000e+02		2.2964197e+02		2.2201682e+02		3.3395225e+02		2.6452261e+02		1.0056976e+02		1.6395284e+02
3.8300000e+02		3.8400000e+02		3.8350000e+02		2.0267593e+02		1.9599963e+02		2.9467771e+02		2.3340160e+02		8.8494014e+01		1.4490759e+02
3.8400000e+02		3.8500000e+02		3.8450000e+02		2.7111947e+02		2.6223380e+02		3.9419526e+02		3.1222229e+02		1.1827404e+02		1.9394825e+02
3.8500000e+02		3.8600000e+02		3.8550000e+02		2.8715912e+02		2.7775406e+02		4.1762616e+02		3.3079489e+02		1.2549596e+02		2.0529893e+02
3.8600000e+02		3.8700000e+02		3.8650000e+02		2.8837692e+02		2.7903466e+02		4.1926698e+02		3.3206883e+02		1.2548019e+02		2.0658863e+02
3.8700000e+02		3.8800000e+02		3.8750000e+02		2.8805300e+02		2.7873327e+02		4.1887495e+02		3.3176830e+02		1.2548222e+02		2.0628608e+02
3.8800000e+02		3.8900000e+02		3.8850000e+02		2.9209390e+02		2.8267097e+02		4.2482130e+02		3.3648474e+02		1.2732476e+02		2.0915998e+02
3.8900000e+02		3.9000000e+02		3.8950000e+02		3.5069332e+02		3.3944073e+02		5.1003039e+02		4.0396865e+02		1.5267470e+02		2.5129394e+02
3.9000000e+02		3.9100000e+02		3.9050000e+02		3.6838836e+02		3.5668615e+02		5.3562461e+02		4.2421204e+02		1.5976798e+02		2.6444406e+02
3.9100000e+02		3.9200000e+02		3.9150000e+02		3.9613874e+02		3.8354223e+02		5.7613849e+02		4.5632278e+02		1.7220064e+02		2.8412214e+02
3.9200000e+02		3.9300000e+02		3.9250000e+02		3.0403432e+02		2.9438977e+02		4.4229194e+02		3.5032270e+02		1.3233874e+02		2.1798397e+02
3.9300000e+02		3.9400000e+02		3.9350000e+02		1.8639471e+02		1.8051134e+02		2.7112505e+02		2.1474224e+02		8.0991169e+01		1.3375107e+02
3.9400000e+02		3.9500000e+02		3.9450000e+02		3.0813115e+02		2.9839880e+02		4.4837990e+02		3.5515867e+02		1.3429529e+02		2.2086337e+02
3.9500000e+02		3.9600000e+02		3.9550000e+02		3.7840801e+02		3.6666083e+02		5.5024436e+02		4.3577576e+02		1.6352769e+02		2.7224808e+02
3.9600000e+02		3.9700000e+02		3.9650000e+02		2.6140326e+02		2.5326564e+02		3.8020166e+02		3.0112328e+02		1.1323239e+02		1.8789089e+02
3.9700000e+02		3.9800000e+02		3.9750000e+02		2.9300657e+02		2.8390568e+02		4.2621337e+02		3.3756968e+02		1.2697039e+02		2.1059929e+02
3.9800000e+02		3.9900000e+02		3.9850000e+02		4.5124719e+02		4.3726330e+02		6.5632836e+02		5.1981769e+02		1.9532579e+02		3.2449190e+02
3.9900000e+02		4.0000000e+02		3.9950000e+02		4.9846141e+02		4.8299603e+02		7.2506632e+02		5.7427284e+02		2.1596327e+02		3.5830957e+02
4.0000000e+02		4.0100000e+02		4.0050000e+02		5.1407199e+02		4.9831728e+02		7.4784711e+02		5.9230105e+02		2.2236798e+02		3.6993307e+02
4.0100000e+02		4.0200000e+02		4.0150000e+02		5.3860814e+02		5.2218549e+02		7.8365243e+02		6.2066409e+02		2.3300288e+02		3.8766121e+02
4.0200000e+02		4.0300000e+02		4.0250000e+02		5.4526519e+02		5.2860109e+02		7.9363240e+02		6.2861066e+02		2.3662520e+02		3.9198547e+02
4.0300000e+02		4.0400000e+02		4.0350000e+02		5.2165796e+02		5.0592624e+02		7.5887972e+02		6.0101585e+02		2.2498442e+02		3.7603142e+02
4.0400000e+02		4.0500000e+02		4.0450000e+02		5.1300620e+02		4.9761721e+02		7.4624978e+02		5.9100108e+02		2.2094862e+02		3.7005247e+02
4.0500000e+02		4.0600000e+02		4.0550000e+02		5.1256585e+02		4.9711049e+02		7.4601237e+02		5.9087259e+02		2.2184352e+02		3.6902907e+02
4.0600000e+02		4.0700000e+02		4.0650000e+02		4.9035274e+02		4.7554884e+02		7.1390667e+02		5.6547461e+02		2.1276666e+02		3.5270796e+02
4.0700000e+02		4.0800000e+02		4.0750000e+02		4.9838294e+02		4.8345932e+02		7.2544985e+02		5.7458811e+02		2.1561303e+02		3.5897508e+02
4.0800000e+02		4.0900000e+02		4.0850000e+02		5.2990289e+02		5.1420100e+02		7.7106472e+02		6.1066867e+02		2.2824495e+02		3.8242371e+02
4.0900000e+02		4.1000000e+02		4.0950000e+02		5.2713439e+02		5.1151373e+02		7.6718953e+02		6.0762070e+02		2.2739152e+02		3.8022918e+02
4.1000000e+02		4.1100000e+02		4.1050000e+02		4.8293937e+02		4.6869831e+02		7.0287910e+02		5.5668103e+02		2.0816934e+02		3.4851168e+02
4.1100000e+02		4.1200000e+02		4.1150000e+02		5.5986852e+02		5.4342648e+02		8.1484908e+02		6.4535663e+02		2.4116931e+02		4.0418732e+02
4.1200000e+02		4.1300000e+02		4.1250000e+02		5.4940473e+02		5.3331885e+02		7.9966150e+02		6.3332988e+02		2.3662865e+02		3.9670123e+02
4.1300000e+02		4.1400000e+02		4.1350000e+02		5.2995399e+02		5.1446533e+02		7.7145301e+02		6.1099994e+02		2.2840334e+02		3.8259660e+02
4.1400000e+02		4.1500000e+02		4.1450000e+02		5.3771640e+02		5.2210066e+02		7.8265792e+02		6.1985368e+02		2.3128613e+02		3.8856755e+02
4.1500000e+02		4.1600000e+02		4.1550000e+02		5.3722776e+02		5.2149249e+02		7.8245836e+02		6.1977466e+02		2.3253811e+02		3.8723655e+02
4.1600000e+02		4.1700000e+02		4.1650000e+02		5.5745703e+02		5.4135011e+02		8.1151223e+02		6.4271546e+02		2.3983301e+02		4.0288246e+02
4.1700000e+02		4.1800000e+02		4.1750000e+02		5.0725322e+02		4.9272778e+02		7.3824345e+02		5.8465133e+02		2.1749345e+02		3.6715788e+02
4.1800000e+02		4.1900000e+02		4.1850000e+02		5.2601513e+02		5.1096096e+02		7.6561140e+02		6.0633458e+02		2.2565640e+02		3.8067818e+02
4.1900000e+02		4.2000000e+02		4.1950000e+02		5.3123875e+02		5.1601900e+02		7.7346774e+02		6.1259037e+02		2.2849032e+02		3.8410005e+02
4.2000000e+02		4.2100000e+02		4.2050000e+02		5.3797708e+02		5.2266714e+02		7.8315198e+02		6.2023551e+02		2.3084926e+02		3.8938626e+02
4.2100000e+02		4.2200000e+02		4.2150000e+02		5.2958361e+02		5.1452799e+02		7.7107326e+02		6.1068602e+02		2.2751235e+02		3.8317368e+02
4.2200000e+02		4.2300000e+02		4.2250000e+02		5.0190537e+02		4.8774863e+02		7.3061876e+02		5.7861660e+02		2.1499592e+02		3.6362068e+02
4.2300000e+02		4.2400000e+02		4.2350000e+02		5.3474862e+02		5.1968604e+02		7.7852458e+02		6.1656692e+02		2.2922264e+02		3.8734428e+02
4.2400000e+02		4.2500000e+02		4.2450000e+02		5.5328403e+02		5.3776047e+02		8.0550904e+02		6.3793248e+02		2.3700952e+02		4.0092296e+02
4.2500000e+02		4.2600000e+02		4.2550000e+02		5.3248014e+02		5.1757857e+02		7.7526204e+02		6.1398042e+02		2.2808922e+02		3.8589120e+02
4.2600000e+02		4.2700000e+02		4.2650000e+02		5.3029841e+02		5.1545929e+02		7.7223159e+02		6.1159954e+02		2.2747027e+02		3.8412927e+02
4.2700000e+02		4.2800000e+02		4.2750000e+02		4.9171747e+02		4.7799330e+02		7.1607960e+02		5.6712912e+02		2.1089761e+02		3.5623150e+02
4.2800000e+02		4.2900000e+02		4.2850000e+02		4.9494538e+02		4.8122438e+02		7.2067084e+02		5.7074300e+02		2.1180332e+02		3.5893967e+02
4.2900000e+02		4.3000000e+02		4.2950000e+02		4.6063718e+02		4.4789244e+02		6.7077546e+02		5.3123351e+02		1.9718709e+02		3.3404642e+02
4.3000000e+02		4.3100000e+02		4.3050000e+02		3.7055843e+02		3.6028299e+02		5.3976751e+02		4.2750270e+02		1.5904355e+02		2.6845915e+02
4.3100000e+02		4.3200000e+02		4.3150000e+02		4.5818753e+02		4.4559686e+02		6.6713967e+02		5.2834005e+02		1.9577248e+02		3.3256757e+02
4.3200000e+02		4.3300000e+02		4.3250000e+02		5.1625369e+02		5.0226481e+02		7.5140743e+02		5.9501930e+02		2.1945948e+02		3.7555982e+02
4.3300000e+02		4.3400000e+02		4.3350000e+02		5.6047485e+02		5.4499232e+02		8.1665909e+02		6.4683359e+02		2.4095904e+02		4.0587455e+02
4.3400000e+02		4.3500000e+02		4.3450000e+02		4.7595241e+02		4.6322142e+02		6.9247266e+02		5.4830217e+02		2.0130320e+02		3.4699896e+02
4.3500000e+02		4.3600000e+02		4.3550000e+02		5.3162725e+02		5.1709933e+02		7.7456711e+02		6.1347124e+02		2.2801839e+02		3.8545285e+02
4.3600000e+02		4.3700000e+02		4.3650000e+02		5.9481241e+02		5.7855033e+02		8.6667178e+02		6.8642982e+02		2.5524561e+02		4.3118420e+02
4.3700000e+02		4.3800000e+02		4.3750000e+02		5.2629983e+02		5.1217648e+02		7.6618266e+02		6.0673196e+02		2.2372066e+02		3.8301130e+02
4.3800000e+02		4.3900000e+02		4.3850000e+02		5.1257868e+02		4.9871554e+02		7.4670530e+02		5.9138058e+02		2.1924784e+02		3.7213274e+02
4.3900000e+02		4.4000000e+02		4.3950000e+02		5.7051902e+02		5.5524606e+02		8.3077313e+02		6.5790487e+02		2.4289335e+02		4.1501152e+02
4.4000000e+02		4.4100000e+02		4.4050000e+02		5.4089681e+02		5.2638011e+02		7.8788510e+02		6.2397603e+02		2.3091441e+02		3.9306162e+02
4.4100000e+02		4.4200000e+02		4.4150000e+02		5.9491633e+02		5.7884528e+02		8.6646264e+02		6.8621204e+02		2.5403247e+02		4.3217956e+02
4.4200000e+02		4.4300000e+02		4.4250000e+02		6.2544254e+02		6.0851232e+02		9.1078366e+02		7.2130539e+02		2.6687127e+02		4.5443412e+02
4.4300000e+02		4.4400000e+02		4.4350000e+02		6.0497206e+02		5.8863094e+02		8.8108820e+02		6.9779832e+02		2.5829279e+02		4.3950553e+02
4.4400000e+02		4.4500000e+02		4.4450000e+02		6.2324411e+02		6.0632703e+02		9.0740002e+02		7.1861777e+02		2.6568274e+02		4.5293503e+02
4.4500000e+02		4.4600000e+02		4.4550000e+02		5.7783999e+02		5.6225743e+02		8.4128487e+02		6.6624509e+02		2.4603746e+02		4.2020763e+02
4.4600000e+02		4.4700000e+02		4.4650000e+02		5.8940025e+02		5.7373122e+02		8.5842232e+02		6.7982247e+02		2.5101460e+02		4.2880787e+02
4.4700000e+02		4.4800000e+02		4.4750000e+02		6.3881895e+02		6.2195850e+02		9.3041355e+02		7.3682312e+02		2.7177261e+02		4.6505051e+02
4.4800000e+02		4.4900000e+02		4.4850000e+02		6.2805979e+02		6.1160846e+02		9.1476363e+02		7.2441717e+02		2.6690828e+02		4.5750889e+02
4.4900000e+02		4.5000000e+02		4.4950000e+02		6.3454704e+02		6.1789057e+02		9.2469560e+02		7.3234310e+02		2.7079760e+02		4.6154550e+02
4.5000000e+02		4.5100000e+02		4.5050000e+02		6.7325368e+02		6.5551438e+02		9.8123692e+02		7.7715161e+02		2.8779679e+02		4.8935482e+02
4.5100000e+02		4.5200000e+02		4.5150000e+02		6.7122600e+02		6.5376209e+02		9.7789790e+02		7.7443580e+02		2.8551706e+02		4.8891873e+02
4.5200000e+02		4.5300000e+02		4.5250000e+02		6.3541039e+02		6.1885518e+02		9.2591258e+02		7.3329416e+02		2.7076553e+02		4.6252863e+02
4.5300000e+02		4.5400000e+02		4.5350000e+02		6.0888666e+02		5.9310467e+02		8.8719833e+02		7.0261743e+02		2.5910997e+02		4.4350746e+02
4.5400000e+02		4.5500000e+02		4.5450000e+02		6.4999363e+02		6.3310382e+02		9.4729608e+02		7.5024329e+02		2.7715496e+02		4.7308833e+02
4.5500000e+02		4.5600000e+02		4.5550000e+02		6.4380306e+02		6.2724927e+02		9.3794410e+02		7.4277804e+02		2.7334402e+02		4.6943402e+02
4.5600000e+02		4.5700000e+02		4.5650000e+02		6.6853861e+02		6.5127101e+02		9.7431948e+02		7.7163590e+02		2.8478638e+02		4.8684952e+02
4.5700000e+02		4.5800000e+02		4.5750000e+02		6.7499745e+02		6.5771628e+02		9.8345129e+02		7.7881805e+02		2.8652986e+02		4.9228819e+02
4.5800000e+02		4.5900000e+02		4.5850000e+02		6.3439039e+02		6.1814302e+02		9.2442195e+02		7.3208967e+02		2.6960067e+02		4.6248900e+02
4.5900000e+02		4.6000000e+02		4.5950000e+02		6.5539586e+02		6.3861032e+02		9.5513138e+02		7.5642382e+02		2.7874975e+02		4.7767408e+02
4.6000000e+02		4.6100000e+02		4.6050000e+02		6.4752339e+02		6.3098572e+02		9.4368176e+02		7.4735472e+02		2.7533202e+02		4.7202270e+02
4.6100000e+02		4.6200000e+02		4.6150000e+02		6.6245412e+02		6.4551396e+02		9.6560700e+02		7.6474267e+02		2.8209815e+02		4.8264452e+02
4.6200000e+02		4.6300000e+02		4.6250000e+02		6.6901120e+02		6.5209495e+02		9.7477994e+02		7.7194029e+02		2.8355710e+02		4.8838319e+02
4.6300000e+02		4.6400000e+02		4.6350000e+02		6.4662616e+02		6.3019169e+02		9.4250467e+02		7.4643341e+02		2.7503085e+02		4.7140256e+02
4.6400000e+02		4.6500000e+02		4.6450000e+02		6.5795753e+02		6.4135899e+02		9.5875970e+02		7.5926317e+02		2.7896428e+02		4.8029889e+02
4.6500000e+02		4.6600000e+02		4.6550000e+02		6.3552746e+02		6.1947656e+02		9.2631752e+02		7.3360294e+02		2.7002591e+02		4.6357703e+02
4.6600000e+02		4.6700000e+02		4.6650000e+02		6.3955371e+02		6.2351554e+02		9.3195553e+02		7.3802886e+02		2.7094142e+02		4.6708744e+02
4.6700000e+02		4.6800000e+02		4.6750000e+02		6.4572639e+02		6.2948709e+02		9.4097102e+02		7.4517966e+02		2.7373157e+02		4.7144809e+02
4.6800000e+02		4.6900000e+02		4.6850000e+02		6.3145002e+02		6.1564931e+02		9.2010117e+02		7.2863593e+02		2.6732919e+02		4.6130673e+02
4.6900000e+02		4.7000000e+02		4.6950000e+02		6.4956875e+02		6.3319302e+02		9.4675398e+02		7.4978992e+02		2.7587122e+02		4.7391869e+02
4.7000000e+02		4.7100000e+02		4.7050000e+02		6.1381170e+02		5.9837630e+02		8.9461032e+02		7.0848804e+02		2.6052717e+02		4.4796087e+02
4.7100000e+02		4.7200000e+02		4.7150000e+02		6.4174114e+02		6.2566685e+02		9.3518225e+02		7.4059734e+02		2.7192847e+02		4.6866887e+02
4.7200000e+02		4.7300000e+02		4.7250000e+02		6.5742798e+02		6.4100114e+02		9.5801545e+02		7.5867326e+02		2.7841524e+02		4.8025802e+02
4.7300000e+02		4.7400000e+02		4.7350000e+02		6.4563741e+02		6.2945874e+02		9.4077195e+02		7.4501955e+02		2.7341983e+02		4.7159973e+02
4.7400000e+02		4.7500000e+02		4.7450000e+02		6.6512717e+02		6.4861715e+02		9.6930922e+02		7.6761452e+02		2.8155080e+02		4.8606372e+02
4.7500000e+02		4.7600000e+02		4.7550000e+02		6.6365303e+02		6.4722696e+02		9.6742791e+02		7.6615019e+02		2.8137539e+02		4.8477480e+02
4.7600000e+02		4.7700000e+02		4.7650000e+02		6.3952653e+02		6.2376838e+02		9.3221235e+02		7.3824854e+02		2.7086297e+02		4.6738557e+02
4.7700000e+02		4.7800000e+02		4.7750000e+02		6.6772274e+02		6.5130180e+02		9.7333958e+02		7.7081914e+02		2.8278107e+02		4.8803807e+02
4.7800000e+02		4.7900000e+02		4.7850000e+02		6.6128260e+02		6.4514302e+02		9.6372287e+02		7.6316269e+02		2.7923754e+02		4.8392515e+02
4.7900000e+02		4.8000000e+02		4.7950000e+02		6.6320839e+02		6.4700683e+02		9.6667291e+02		7.6551905e+02		2.8040293e+02		4.8511612e+02
4.8000000e+02		4.8100000e+02		4.8050000e+02		6.6489751e+02		6.4862851e+02		9.6937815e+02		7.6769385e+02		2.8171162e+02		4.8598223e+02
4.8100000e+02		4.8200000e+02		4.8150000e+02		6.6630748e+02		6.4993949e+02		9.7161790e+02		7.6949989e+02		2.8288295e+02		4.8661694e+02
4.8200000e+02		4.8300000e+02		4.8250000e+02		6.6376999e+02		6.4752129e+02		9.6787016e+02		7.6652048e+02		2.8155509e+02		4.8496539e+02
4.8300000e+02		4.8400000e+02		4.8350000e+02		6.5373157e+02		6.3786225e+02		9.5290335e+02		7.5461367e+02		2.7623682e+02		4.7837685e+02
4.8400000e+02		4.8500000e+02		4.8450000e+02		6.4242337e+02		6.2667184e+02		9.3684221e+02		7.4196541e+02		2.7278752e+02		4.6917789e+02
4.8500000e+02		4.8600000e+02		4.8550000e+02		6.0369332e+02		5.8894847e+02		8.7999331e+02		6.9689489e+02		2.5540396e+02		4.4149093e+02
4.8600000e+02		4.8700000e+02		4.8650000e+02		5.2412565e+02		5.1139191e+02		7.6409409e+02		6.0511220e+02		2.2174458e+02		3.8336762e+02
4.8700000e+02		4.8800000e+02		4.8750000e+02		5.9966111e+02		5.8502670e+02		8.7428691e+02		6.9239681e+02		2.5404041e+02		4.3835640e+02
4.8800000e+02		4.8900000e+02		4.8850000e+02		6.3081686e+02		6.1547156e+02		9.1966667e+02		7.2832551e+02		2.6701530e+02		4.6131021e+02
4.8900000e+02		4.9000000e+02		4.8950000e+02		6.1880396e+02		6.0385231e+02		9.0200265e+02		7.1430733e+02		2.6133939e+02		4.5296794e+02
4.9000000e+02		4.9100000e+02		4.9050000e+02		6.5907671e+02		6.4315887e+02		9.6092031e+02		7.6098979e+02		2.7879096e+02		4.8219883e+02
4.9100000e+02		4.9200000e+02		4.9150000e+02		6.2110374e+02		6.0618819e+02		9.0535411e+02		7.1695209e+02		2.6207020e+02		4.5488189e+02
4.9200000e+02		4.9300000e+02		4.9250000e+02		5.9112858e+02		5.7692301e+02		8.6202493e+02		6.8268323e+02		2.5023136e+02		4.3245187e+02
4.9300000e+02		4.9400000e+02		4.9350000e+02		6.2472140e+02		6.0975745e+02		9.1098458e+02		7.2144882e+02		2.6426460e+02		4.5718421e+02
4.9400000e+02		4.9500000e+02		4.9450000e+02		6.4279699e+02		6.2745187e+02		9.3731278e+02		7.4229038e+02		2.7171085e+02		4.7057953e+02
4.9500000e+02		4.9600000e+02		4.9550000e+02		6.3133158e+02		6.1623158e+02		9.2075006e+02		7.2919697e+02		2.6727898e+02		4.6191799e+02
4.9600000e+02		4.9700000e+02		4.9650000e+02		6.3921352e+02		6.2399977e+02		9.3212364e+02		7.3818202e+02		2.7015810e+02		4.6802392e+02
4.9700000e+02		4.9800000e+02		4.9750000e+02		6.5113923e+02		6.3567948e+02		9.4949058e+02		7.5192933e+02		2.7505008e+02		4.7687924e+02
4.9800000e+02		4.9900000e+02		4.9850000e+02		5.9175801e+02		5.7766216e+02		8.6305444e+02		6.8350318e+02		2.5042256e+02		4.3308062e+02
4.9900000e+02		5.0000000e+02		4.9950000e+02		6.3385792e+02		6.1870633e+02		9.2444039e+02		7.3212572e+02		2.6835316e+02		4.6377256e+02
