# Formed from form_atmospheric_profiles_paper_model.py
# Z (cm)	T (K)	DEN (cm**-3)	P (bar)
0.0000000e+00	2.1000000e+02	6.8980464e+19	2.0000070e+00
1.0679921e+04	2.0945649e+02	6.8471295e+19	1.9801062e+00
2.1332201e+04	2.0891439e+02	6.7965886e+19	1.9604034e+00
3.1956912e+04	2.0837368e+02	6.7464208e+19	1.9408966e+00
4.2554124e+04	2.0783438e+02	6.6966233e+19	1.9215840e+00
5.3123909e+04	2.0729648e+02	6.6471936e+19	1.9024636e+00
6.3666338e+04	2.0675996e+02	6.5981287e+19	1.8835335e+00
7.4181481e+04	2.0622484e+02	6.5494261e+19	1.8647917e+00
8.4669410e+04	2.0569110e+02	6.5010831e+19	1.8462365e+00
9.5130195e+04	2.0515874e+02	6.4530969e+19	1.8278659e+00
1.0556391e+05	2.0462776e+02	6.4054650e+19	1.8096781e+00
1.1597061e+05	2.0409815e+02	6.3581847e+19	1.7916713e+00
1.2635038e+05	2.0356992e+02	6.3112534e+19	1.7738437e+00
1.3670329e+05	2.0304305e+02	6.2646687e+19	1.7561934e+00
1.4702941e+05	2.0251755e+02	6.2184277e+19	1.7387188e+00
1.5732879e+05	2.0199340e+02	6.1725282e+19	1.7214181e+00
1.6760153e+05	2.0147061e+02	6.1269675e+19	1.7042896e+00
1.7784767e+05	2.0094918e+02	6.0817431e+19	1.6873315e+00
1.8806730e+05	2.0042909e+02	6.0368525e+19	1.6705422e+00
1.9826787e+05	2.0025163e+02	5.9820815e+19	1.6539200e+00
2.0846201e+05	2.0012512e+02	5.9263026e+19	1.6374632e+00
2.1864970e+05	1.9999877e+02	5.8710416e+19	1.6211701e+00
2.2883097e+05	1.9987258e+02	5.8162935e+19	1.6050392e+00
2.3900581e+05	1.9974655e+02	5.7620536e+19	1.5890688e+00
2.4917424e+05	1.9962068e+02	5.7083173e+19	1.5732573e+00
2.5933626e+05	1.9949496e+02	5.6550799e+19	1.5576031e+00
2.6949189e+05	1.9936941e+02	5.6023367e+19	1.5421046e+00
2.7964113e+05	1.9924401e+02	5.5500833e+19	1.5267604e+00
2.8978398e+05	1.9911877e+02	5.4983151e+19	1.5115689e+00
2.9992046e+05	1.9899369e+02	5.4470276e+19	1.4965285e+00
3.1005058e+05	1.9886877e+02	5.3962164e+19	1.4816378e+00
3.2017434e+05	1.9874400e+02	5.3458770e+19	1.4668952e+00
3.3029175e+05	1.9861939e+02	5.2960052e+19	1.4522994e+00
3.4040281e+05	1.9849493e+02	5.2465965e+19	1.4378488e+00
3.5050755e+05	1.9837063e+02	5.1976468e+19	1.4235419e+00
3.6060596e+05	1.9824649e+02	5.1491517e+19	1.4093774e+00
3.7069805e+05	1.9812250e+02	5.1011071e+19	1.3953539e+00
3.8078383e+05	1.9799867e+02	5.0535088e+19	1.3814699e+00
3.9086330e+05	1.9787499e+02	5.0063527e+19	1.3677240e+00
4.0093649e+05	1.9775146e+02	4.9596347e+19	1.3541149e+00
4.1100339e+05	1.9762809e+02	4.9133508e+19	1.3406412e+00
4.2106401e+05	1.9750488e+02	4.8674968e+19	1.3273016e+00
4.3111836e+05	1.9738181e+02	4.8220690e+19	1.3140947e+00
4.4116644e+05	1.9725891e+02	4.7770632e+19	1.3010192e+00
4.5120827e+05	1.9713615e+02	4.7324757e+19	1.2880739e+00
4.6124386e+05	1.9701354e+02	4.6883025e+19	1.2752573e+00
4.7127320e+05	1.9689109e+02	4.6445399e+19	1.2625683e+00
4.8129631e+05	1.9676879e+02	4.6011839e+19	1.2500055e+00
4.9131320e+05	1.9664665e+02	4.5582309e+19	1.2375677e+00
5.0132388e+05	1.9652465e+02	4.5156772e+19	1.2252537e+00
5.1132834e+05	1.9640281e+02	4.4735190e+19	1.2130622e+00
5.2132660e+05	1.9628111e+02	4.4317527e+19	1.2009921e+00
5.3131867e+05	1.9615957e+02	4.3903746e+19	1.1890420e+00
5.4130456e+05	1.9603818e+02	4.3493812e+19	1.1772108e+00
5.5128426e+05	1.9591693e+02	4.3087690e+19	1.1654974e+00
5.6125780e+05	1.9579584e+02	4.2685343e+19	1.1539005e+00
5.7122518e+05	1.9567490e+02	4.2286737e+19	1.1424190e+00
5.8118640e+05	1.9555410e+02	4.1891837e+19	1.1310517e+00
5.9114147e+05	1.9543346e+02	4.1500609e+19	1.1197975e+00
6.0109040e+05	1.9531296e+02	4.1113019e+19	1.1086553e+00
6.1103320e+05	1.9519262e+02	4.0729034e+19	1.0976240e+00
6.2096987e+05	1.9507242e+02	4.0348620e+19	1.0867025e+00
6.3090043e+05	1.9495237e+02	3.9971743e+19	1.0758896e+00
6.4082488e+05	1.9483246e+02	3.9598372e+19	1.0651843e+00
6.5074323e+05	1.9471271e+02	3.9228474e+19	1.0545856e+00
6.6065548e+05	1.9459310e+02	3.8862016e+19	1.0440922e+00
6.7056164e+05	1.9447363e+02	3.8498967e+19	1.0337033e+00
6.8046173e+05	1.9435432e+02	3.8139295e+19	1.0234178e+00
6.9035574e+05	1.9423515e+02	3.7782970e+19	1.0132346e+00
7.0024369e+05	1.9411613e+02	3.7429959e+19	1.0031528e+00
7.1012558e+05	1.9399725e+02	3.7080232e+19	9.9317124e-01
7.2000142e+05	1.9387852e+02	3.6733760e+19	9.8328901e-01
7.2987122e+05	1.9375993e+02	3.6390511e+19	9.7350512e-01
7.3973499e+05	1.9364149e+02	3.6050456e+19	9.6381857e-01
7.4959272e+05	1.9352319e+02	3.5713566e+19	9.5422841e-01
7.5944444e+05	1.9340504e+02	3.5379810e+19	9.4473368e-01
7.6929014e+05	1.9328703e+02	3.5049161e+19	9.3533341e-01
7.7912984e+05	1.9316917e+02	3.4721588e+19	9.2602668e-01
7.8896354e+05	1.9305145e+02	3.4397065e+19	9.1681256e-01
7.9879125e+05	1.9293387e+02	3.4075562e+19	9.0769012e-01
8.0861297e+05	1.9281643e+02	3.3757051e+19	8.9865845e-01
8.1842872e+05	1.9269914e+02	3.3441505e+19	8.8971664e-01
8.2823850e+05	1.9258199e+02	3.3128897e+19	8.8086381e-01
8.3804231e+05	1.9246499e+02	3.2819198e+19	8.7209906e-01
8.4784017e+05	1.9234812e+02	3.2512383e+19	8.6342153e-01
8.5763209e+05	1.9223140e+02	3.2208424e+19	8.5483033e-01
8.6741806e+05	1.9211482e+02	3.1907296e+19	8.4632462e-01
8.7719810e+05	1.9199838e+02	3.1608971e+19	8.3790355e-01
8.8697222e+05	1.9188208e+02	3.1313423e+19	8.2956627e-01
8.9674042e+05	1.9176592e+02	3.1020628e+19	8.2131194e-01
9.0650270e+05	1.9164991e+02	3.0730559e+19	8.1313975e-01
9.1625908e+05	1.9153403e+02	3.0443192e+19	8.0504887e-01
9.2600957e+05	1.9141829e+02	3.0158500e+19	7.9703849e-01
9.3575416e+05	1.9130270e+02	2.9876461e+19	7.8910782e-01
9.4549287e+05	1.9118724e+02	2.9597047e+19	7.8125606e-01
9.5522571e+05	1.9107192e+02	2.9320237e+19	7.7348243e-01
9.6495267e+05	1.9095674e+02	2.9046005e+19	7.6578615e-01
9.7467378e+05	1.9084170e+02	2.8774327e+19	7.5816645e-01
9.8438903e+05	1.9072680e+02	2.8505180e+19	7.5062256e-01
9.9409843e+05	1.9061203e+02	2.8238540e+19	7.4315374e-01
1.0038020e+06	1.9049741e+02	2.7974384e+19	7.3575923e-01
1.0134997e+06	1.9038292e+02	2.7712689e+19	7.2843830e-01
1.0231916e+06	1.9026857e+02	2.7453433e+19	7.2119022e-01
1.0328777e+06	1.9015436e+02	2.7196592e+19	7.1401425e-01
1.0425580e+06	1.9004028e+02	2.6942144e+19	7.0690969e-01
1.0522324e+06	1.8992634e+02	2.6690067e+19	6.9987582e-01
1.0619011e+06	1.8981254e+02	2.6440339e+19	6.9291193e-01
1.0715640e+06	1.8969887e+02	2.6192939e+19	6.8601734e-01
1.0812211e+06	1.8958534e+02	2.5947844e+19	6.7919135e-01
1.0908724e+06	1.8947195e+02	2.5705033e+19	6.7243328e-01
1.1005179e+06	1.8935869e+02	2.5464485e+19	6.6574246e-01
1.1101577e+06	1.8924557e+02	2.5226179e+19	6.5911821e-01
1.1197917e+06	1.8913258e+02	2.4990095e+19	6.5255987e-01
1.1294200e+06	1.8901972e+02	2.4756211e+19	6.4606679e-01
1.1390425e+06	1.8890701e+02	2.4524507e+19	6.3963831e-01
1.1486593e+06	1.8879442e+02	2.4294964e+19	6.3327380e-01
1.1582704e+06	1.8868197e+02	2.4067560e+19	6.2697262e-01
1.1678757e+06	1.8856965e+02	2.3842276e+19	6.2073414e-01
1.1774753e+06	1.8845747e+02	2.3619093e+19	6.1455772e-01
1.1870692e+06	1.8834542e+02	2.3397990e+19	6.0844277e-01
1.1966574e+06	1.8823350e+02	2.3178949e+19	6.0238866e-01
1.2062399e+06	1.8812172e+02	2.2961951e+19	5.9639479e-01
1.2158168e+06	1.8801007e+02	2.2746976e+19	5.9046056e-01
1.2253879e+06	1.8789855e+02	2.2534006e+19	5.8458538e-01
1.2349534e+06	1.8778716e+02	2.2323022e+19	5.7876866e-01
1.2445132e+06	1.8767591e+02	2.2114005e+19	5.7300981e-01
1.2540673e+06	1.8756479e+02	2.1906938e+19	5.6730827e-01
1.2636158e+06	1.8745380e+02	2.1701803e+19	5.6166345e-01
1.2731586e+06	1.8734294e+02	2.1498580e+19	5.5607481e-01
1.2826958e+06	1.8723221e+02	2.1297253e+19	5.5054177e-01
1.2922274e+06	1.8712161e+02	2.1097805e+19	5.4506378e-01
1.3017533e+06	1.8701114e+02	2.0900216e+19	5.3964031e-01
1.3112736e+06	1.8690081e+02	2.0704471e+19	5.3427079e-01
1.3207883e+06	1.8679060e+02	2.0510552e+19	5.2895471e-01
1.3302974e+06	1.8668052e+02	2.0318443e+19	5.2369152e-01
1.3398008e+06	1.8657058e+02	2.0128125e+19	5.1848070e-01
1.3492987e+06	1.8646076e+02	1.9939584e+19	5.1332173e-01
1.3587910e+06	1.8635107e+02	1.9752802e+19	5.0821409e-01
1.3682777e+06	1.8624151e+02	1.9567762e+19	5.0315727e-01
1.3777589e+06	1.8613208e+02	1.9384449e+19	4.9815077e-01
1.3872344e+06	1.8602278e+02	1.9202847e+19	4.9319409e-01
1.3967044e+06	1.8591360e+02	1.9022940e+19	4.8828673e-01
1.4061689e+06	1.8580456e+02	1.8844712e+19	4.8342819e-01
1.4156278e+06	1.8569564e+02	1.8668147e+19	4.7861800e-01
1.4250811e+06	1.8558685e+02	1.8493230e+19	4.7385567e-01
1.4345289e+06	1.8547818e+02	1.8319946e+19	4.6914072e-01
1.4439712e+06	1.8536965e+02	1.8148279e+19	4.6447269e-01
1.4534080e+06	1.8526124e+02	1.7978215e+19	4.5985111e-01
1.4628392e+06	1.8515296e+02	1.7809738e+19	4.5527552e-01
1.4722650e+06	1.8504480e+02	1.7642834e+19	4.5074545e-01
1.4816852e+06	1.8493677e+02	1.7477488e+19	4.4626045e-01
1.4910999e+06	1.8482887e+02	1.7313686e+19	4.4182009e-01
1.5005092e+06	1.8472109e+02	1.7151413e+19	4.3742390e-01
1.5099129e+06	1.8461344e+02	1.6990656e+19	4.3307146e-01
1.5193112e+06	1.8450591e+02	1.6831399e+19	4.2876233e-01
1.5287040e+06	1.8439851e+02	1.6673630e+19	4.2449607e-01
1.5380914e+06	1.8429123e+02	1.6517333e+19	4.2027226e-01
1.5474732e+06	1.8418408e+02	1.6362497e+19	4.1609048e-01
1.5568497e+06	1.8407706e+02	1.6209106e+19	4.1195031e-01
1.5662206e+06	1.8397015e+02	1.6057148e+19	4.0785134e-01
1.5755862e+06	1.8386337e+02	1.5906609e+19	4.0379315e-01
1.5849463e+06	1.8375672e+02	1.5757476e+19	3.9977534e-01
1.5943010e+06	1.8365019e+02	1.5609736e+19	3.9579750e-01
1.6036502e+06	1.8354378e+02	1.5463376e+19	3.9185925e-01
1.6129941e+06	1.8343750e+02	1.5318383e+19	3.8796019e-01
1.6223325e+06	1.8333133e+02	1.5174745e+19	3.8409992e-01
1.6316655e+06	1.8322530e+02	1.5032448e+19	3.8027806e-01
1.6409931e+06	1.8311938e+02	1.4891481e+19	3.7649423e-01
1.6503154e+06	1.8301359e+02	1.4751831e+19	3.7274805e-01
1.6596322e+06	1.8290791e+02	1.4613486e+19	3.6903914e-01
1.6689437e+06	1.8280236e+02	1.4476433e+19	3.6536714e-01
1.6782498e+06	1.8269694e+02	1.4340661e+19	3.6173167e-01
1.6875506e+06	1.8259163e+02	1.4206157e+19	3.5813238e-01
1.6968460e+06	1.8248645e+02	1.4072910e+19	3.5456891e-01
1.7061360e+06	1.8238138e+02	1.3940909e+19	3.5104089e-01
1.7154207e+06	1.8227644e+02	1.3810141e+19	3.4754797e-01
1.7247000e+06	1.8217162e+02	1.3680595e+19	3.4408981e-01
1.7339740e+06	1.8206691e+02	1.3552260e+19	3.4066606e-01
1.7432427e+06	1.8196233e+02	1.3425124e+19	3.3727637e-01
1.7525060e+06	1.8185787e+02	1.3299177e+19	3.3392042e-01
1.7617641e+06	1.8175353e+02	1.3174406e+19	3.3059785e-01
1.7710168e+06	1.8164931e+02	1.3050803e+19	3.2730835e-01
1.7802642e+06	1.8154521e+02	1.2928354e+19	3.2405157e-01
1.7895064e+06	1.8144122e+02	1.2807050e+19	3.2082721e-01
1.7987432e+06	1.8133736e+02	1.2686880e+19	3.1763492e-01
1.8079747e+06	1.8123361e+02	1.2567834e+19	3.1447440e-01
1.8172010e+06	1.8112999e+02	1.2449901e+19	3.1134533e-01
1.8264220e+06	1.8102648e+02	1.2333070e+19	3.0824739e-01
1.8356377e+06	1.8092309e+02	1.2217331e+19	3.0518028e-01
1.8448482e+06	1.8081982e+02	1.2102675e+19	3.0214368e-01
1.8540534e+06	1.8071666e+02	1.1989091e+19	2.9913730e-01
1.8632533e+06	1.8061363e+02	1.1876569e+19	2.9616083e-01
1.8724481e+06	1.8051071e+02	1.1765099e+19	2.9321398e-01
1.8816375e+06	1.8040790e+02	1.1654672e+19	2.9029646e-01
1.8908218e+06	1.8030522e+02	1.1545277e+19	2.8740796e-01
1.9000008e+06	1.8020265e+02	1.1436906e+19	2.8454820e-01
1.9091746e+06	1.8010020e+02	1.1329548e+19	2.8171690e-01
1.9183432e+06	1.7999787e+02	1.1223194e+19	2.7891377e-01
1.9275066e+06	1.7989565e+02	1.1117835e+19	2.7613853e-01
1.9366647e+06	1.7979354e+02	1.1013462e+19	2.7339090e-01
1.9458177e+06	1.7969156e+02	1.0910065e+19	2.7067062e-01
1.9549655e+06	1.7958969e+02	1.0807635e+19	2.6797740e-01
1.9641081e+06	1.7948793e+02	1.0706163e+19	2.6531098e-01
1.9732455e+06	1.7938629e+02	1.0605641e+19	2.6267109e-01
1.9823778e+06	1.7928476e+02	1.0506059e+19	2.6005747e-01
1.9915048e+06	1.7918335e+02	1.0407409e+19	2.5746985e-01
2.0006268e+06	1.7908206e+02	1.0309681e+19	2.5490798e-01
2.0097435e+06	1.7898088e+02	1.0212869e+19	2.5237161e-01
2.0188552e+06	1.7887981e+02	1.0116962e+19	2.4986047e-01
2.0279616e+06	1.7877886e+02	1.0021952e+19	2.4737431e-01
2.0370630e+06	1.7867802e+02	9.9278320e+18	2.4491290e-01
2.0461592e+06	1.7857729e+02	9.8345924e+18	2.4247597e-01
2.0552502e+06	1.7847668e+02	9.7422254e+18	2.4006330e-01
2.0643362e+06	1.7837618e+02	9.6507229e+18	2.3767463e-01
2.0734170e+06	1.7827580e+02	9.5600768e+18	2.3530972e-01
2.0824928e+06	1.7817552e+02	9.4702790e+18	2.3296835e-01
2.0915634e+06	1.7807536e+02	9.3813218e+18	2.3065028e-01
2.1006289e+06	1.7797532e+02	9.2931972e+18	2.2835527e-01
2.1096894e+06	1.7787538e+02	9.2058976e+18	2.2608310e-01
2.1187447e+06	1.7777556e+02	9.1194151e+18	2.2383353e-01
2.1277950e+06	1.7767585e+02	9.0337423e+18	2.2160635e-01
2.1368402e+06	1.7757625e+02	8.9488715e+18	2.1940133e-01
2.1458803e+06	1.7747676e+02	8.8647952e+18	2.1721825e-01
2.1549154e+06	1.7737738e+02	8.7815061e+18	2.1505689e-01
2.1639454e+06	1.7727812e+02	8.6989968e+18	2.1291704e-01
2.1729704e+06	1.7717897e+02	8.6172601e+18	2.1079848e-01
2.1819903e+06	1.7707992e+02	8.5362887e+18	2.0870100e-01
2.1910051e+06	1.7698099e+02	8.4560755e+18	2.0662439e-01
2.2000150e+06	1.7688217e+02	8.3766134e+18	2.0456844e-01
2.2090198e+06	1.7678346e+02	8.2978955e+18	2.0253295e-01
2.2180196e+06	1.7668486e+02	8.2199147e+18	2.0051772e-01
2.2270143e+06	1.7658636e+02	8.1426642e+18	1.9852253e-01
2.2360041e+06	1.7648798e+02	8.0661373e+18	1.9654720e-01
2.2449888e+06	1.7638971e+02	7.9903270e+18	1.9459152e-01
2.2539686e+06	1.7629155e+02	7.9152268e+18	1.9265530e-01
2.2629433e+06	1.7619349e+02	7.8408301e+18	1.9073835e-01
2.2719131e+06	1.7609555e+02	7.7671302e+18	1.8884047e-01
2.2808778e+06	1.7599771e+02	7.6941207e+18	1.8696148e-01
2.2898376e+06	1.7589999e+02	7.6217951e+18	1.8510118e-01
2.2987924e+06	1.7580237e+02	7.5501470e+18	1.8325939e-01
2.3077423e+06	1.7570486e+02	7.4791702e+18	1.8143593e-01
2.3166872e+06	1.7560745e+02	7.4088583e+18	1.7963061e-01
2.3256271e+06	1.7551016e+02	7.3392052e+18	1.7784326e-01
2.3345621e+06	1.7541297e+02	7.2702046e+18	1.7607369e-01
2.3434921e+06	1.7531589e+02	7.2018506e+18	1.7432172e-01
2.3524172e+06	1.7521892e+02	7.1341371e+18	1.7258719e-01
2.3613374e+06	1.7512206e+02	7.0670580e+18	1.7086992e-01
2.3702526e+06	1.7502530e+02	7.0006075e+18	1.6916974e-01
2.3791629e+06	1.7492865e+02	6.9347798e+18	1.6748647e-01
2.3880683e+06	1.7483211e+02	6.8695689e+18	1.6581995e-01
2.3969687e+06	1.7473567e+02	6.8049691e+18	1.6417002e-01
2.4058643e+06	1.7463934e+02	6.7409748e+18	1.6253650e-01
2.4147550e+06	1.7454311e+02	6.6775803e+18	1.6091923e-01
2.4236407e+06	1.7444700e+02	6.6147799e+18	1.5931806e-01
2.4325216e+06	1.7435098e+02	6.5525682e+18	1.5773282e-01
2.4413976e+06	1.7425507e+02	6.4909396e+18	1.5616335e-01
2.4502687e+06	1.7415927e+02	6.4298887e+18	1.5460950e-01
2.4591349e+06	1.7406358e+02	6.3694101e+18	1.5307111e-01
2.4679962e+06	1.7396798e+02	6.3094984e+18	1.5154802e-01
2.4768527e+06	1.7387250e+02	6.2501484e+18	1.5004010e-01
2.4857044e+06	1.7377712e+02	6.1913548e+18	1.4854717e-01
2.4945511e+06	1.7368184e+02	6.1331124e+18	1.4706910e-01
2.5033931e+06	1.7358667e+02	6.0754160e+18	1.4560574e-01
2.5122301e+06	1.7349160e+02	6.0182607e+18	1.4415694e-01
2.5210624e+06	1.7339663e+02	5.9616412e+18	1.4272255e-01
2.5298898e+06	1.7330177e+02	5.9055526e+18	1.4130244e-01
2.5387124e+06	1.7320702e+02	5.8499900e+18	1.3989646e-01
2.5475301e+06	1.7311236e+02	5.7949484e+18	1.3850446e-01
2.5563431e+06	1.7301781e+02	5.7404230e+18	1.3712632e-01
2.5651512e+06	1.7292337e+02	5.6864089e+18	1.3576189e-01
2.5739545e+06	1.7282902e+02	5.6329014e+18	1.3441104e-01
2.5827531e+06	1.7273478e+02	5.5798957e+18	1.3307363e-01
2.5915468e+06	1.7264064e+02	5.5273872e+18	1.3174952e-01
2.6003357e+06	1.7254661e+02	5.4753711e+18	1.3043859e-01
2.6091199e+06	1.7245267e+02	5.4238430e+18	1.2914071e-01
2.6178992e+06	1.7235884e+02	5.3727982e+18	1.2785573e-01
2.6266738e+06	1.7226511e+02	5.3222321e+18	1.2658355e-01
2.6354436e+06	1.7217149e+02	5.2721405e+18	1.2532402e-01
2.6442087e+06	1.7207796e+02	5.2225187e+18	1.2407703e-01
2.6529690e+06	1.7198454e+02	5.1733625e+18	1.2284244e-01
2.6617245e+06	1.7189122e+02	5.1246674e+18	1.2162014e-01
2.6704753e+06	1.7179800e+02	5.0764292e+18	1.2041000e-01
2.6792214e+06	1.7170488e+02	5.0286436e+18	1.1921190e-01
2.6879627e+06	1.7161186e+02	4.9813063e+18	1.1802572e-01
2.6966993e+06	1.7151894e+02	4.9344132e+18	1.1685134e-01
2.7054311e+06	1.7142612e+02	4.8879601e+18	1.1568865e-01
2.7141582e+06	1.7133340e+02	4.8419429e+18	1.1453753e-01
2.7228806e+06	1.7124079e+02	4.7963575e+18	1.1339786e-01
2.7315983e+06	1.7114827e+02	4.7511999e+18	1.1226953e-01
2.7403113e+06	1.7105585e+02	4.7064660e+18	1.1115243e-01
2.7490196e+06	1.7096353e+02	4.6621520e+18	1.1004645e-01
2.7577232e+06	1.7087132e+02	4.6182539e+18	1.0895147e-01
2.7664220e+06	1.7077920e+02	4.5747678e+18	1.0786738e-01
2.7751162e+06	1.7068718e+02	4.5316899e+18	1.0679408e-01
2.7838057e+06	1.7059526e+02	4.4890163e+18	1.0573147e-01
2.7924906e+06	1.7050344e+02	4.4467432e+18	1.0467942e-01
2.8011707e+06	1.7041172e+02	4.4048670e+18	1.0363784e-01
2.8098462e+06	1.7032009e+02	4.3633839e+18	1.0260663e-01
2.8185171e+06	1.7022857e+02	4.3222901e+18	1.0158568e-01
2.8271832e+06	1.7013714e+02	4.2815822e+18	1.0057488e-01
2.8358448e+06	1.7008478e+02	4.2402848e+18	9.9574144e-02
2.8445059e+06	1.7008478e+02	4.1980933e+18	9.8583365e-02
2.8531671e+06	1.7008478e+02	4.1563215e+18	9.7602444e-02
2.8618283e+06	1.7008478e+02	4.1149654e+18	9.6631283e-02
2.8704895e+06	1.7008478e+02	4.0740209e+18	9.5669786e-02
2.8791506e+06	1.7008478e+02	4.0334837e+18	9.4717856e-02
2.8878118e+06	1.7008478e+02	3.9933498e+18	9.3775397e-02
2.8964730e+06	1.7008478e+02	3.9536153e+18	9.2842317e-02
2.9051342e+06	1.7008478e+02	3.9142762e+18	9.1918520e-02
2.9137953e+06	1.7008478e+02	3.8753285e+18	9.1003916e-02
2.9224565e+06	1.7008478e+02	3.8367684e+18	9.0098411e-02
2.9311177e+06	1.7008478e+02	3.7985919e+18	8.9201917e-02
2.9397789e+06	1.7008478e+02	3.7607952e+18	8.8314343e-02
2.9484401e+06	1.7008478e+02	3.7233747e+18	8.7435601e-02
2.9571012e+06	1.7008478e+02	3.6863265e+18	8.6565602e-02
2.9657624e+06	1.7008478e+02	3.6496470e+18	8.5704260e-02
2.9744236e+06	1.7008478e+02	3.6133324e+18	8.4851488e-02
2.9830848e+06	1.7008478e+02	3.5773791e+18	8.4007202e-02
2.9917459e+06	1.7008478e+02	3.5417836e+18	8.3171316e-02
3.0004071e+06	1.7008478e+02	3.5065422e+18	8.2343748e-02
3.0090683e+06	1.7008478e+02	3.4716516e+18	8.1524414e-02
3.0177295e+06	1.7008478e+02	3.4371081e+18	8.0713233e-02
3.0263907e+06	1.7008478e+02	3.4029083e+18	7.9910122e-02
3.0350518e+06	1.7008478e+02	3.3690488e+18	7.9115003e-02
3.0437130e+06	1.7008478e+02	3.3355262e+18	7.8327796e-02
3.0523742e+06	1.7008478e+02	3.3023371e+18	7.7548421e-02
3.0610354e+06	1.7008478e+02	3.2694783e+18	7.6776802e-02
3.0696965e+06	1.7008478e+02	3.2369465e+18	7.6012860e-02
3.0783577e+06	1.7008478e+02	3.2047383e+18	7.5256519e-02
3.0870189e+06	1.7008478e+02	3.1728506e+18	7.4507704e-02
3.0956801e+06	1.7008478e+02	3.1412802e+18	7.3766340e-02
3.1043413e+06	1.7008478e+02	3.1100240e+18	7.3032353e-02
3.1130024e+06	1.7008478e+02	3.0790787e+18	7.2305669e-02
3.1216636e+06	1.7008478e+02	3.0484414e+18	7.1586215e-02
3.1303248e+06	1.7008478e+02	3.0181089e+18	7.0873921e-02
3.1389860e+06	1.7008478e+02	2.9880782e+18	7.0168713e-02
3.1476471e+06	1.7008478e+02	2.9583463e+18	6.9470523e-02
3.1563083e+06	1.7008478e+02	2.9289103e+18	6.8779280e-02
3.1649695e+06	1.7008478e+02	2.8997671e+18	6.8094915e-02
3.1736307e+06	1.7008478e+02	2.8709140e+18	6.7417359e-02
3.1822918e+06	1.7008478e+02	2.8423479e+18	6.6746545e-02
3.1909530e+06	1.7008478e+02	2.8140661e+18	6.6082406e-02
3.1996142e+06	1.7008478e+02	2.7860656e+18	6.5424875e-02
3.2082754e+06	1.7008478e+02	2.7583438e+18	6.4773886e-02
3.2169366e+06	1.7008478e+02	2.7308978e+18	6.4129375e-02
3.2255977e+06	1.7008478e+02	2.7037250e+18	6.3491277e-02
3.2342589e+06	1.7008478e+02	2.6768224e+18	6.2859529e-02
3.2429201e+06	1.7008478e+02	2.6501876e+18	6.2234066e-02
3.2515813e+06	1.7008478e+02	2.6238178e+18	6.1614827e-02
3.2602424e+06	1.7008478e+02	2.5977104e+18	6.1001749e-02
3.2689036e+06	1.7008478e+02	2.5718627e+18	6.0394771e-02
3.2775648e+06	1.7008478e+02	2.5462723e+18	5.9793833e-02
3.2862260e+06	1.7008478e+02	2.5209364e+18	5.9198875e-02
3.2948872e+06	1.7008478e+02	2.4958527e+18	5.8609836e-02
3.3035483e+06	1.7008478e+02	2.4710186e+18	5.8026658e-02
3.3122095e+06	1.7008478e+02	2.4464315e+18	5.7449284e-02
3.3208707e+06	1.7008478e+02	2.4220891e+18	5.6877654e-02
3.3295319e+06	1.7008478e+02	2.3979889e+18	5.6311712e-02
3.3381930e+06	1.7008478e+02	2.3741285e+18	5.5751401e-02
3.3468542e+06	1.7008478e+02	2.3505056e+18	5.5196665e-02
3.3555154e+06	1.7008478e+02	2.3271176e+18	5.4647449e-02
3.3641766e+06	1.7008478e+02	2.3039624e+18	5.4103698e-02
3.3728378e+06	1.7008478e+02	2.2810376e+18	5.3565357e-02
3.3814989e+06	1.7008478e+02	2.2583409e+18	5.3032373e-02
3.3901601e+06	1.7008478e+02	2.2358701e+18	5.2504692e-02
3.3988213e+06	1.7008478e+02	2.2136228e+18	5.1982261e-02
3.4074825e+06	1.7008478e+02	2.1915969e+18	5.1465029e-02
3.4161436e+06	1.7008478e+02	2.1697901e+18	5.0952944e-02
3.4248048e+06	1.7008478e+02	2.1482003e+18	5.0445953e-02
3.4334660e+06	1.7008478e+02	2.1268254e+18	4.9944008e-02
3.4421272e+06	1.7008478e+02	2.1056631e+18	4.9447057e-02
3.4507883e+06	1.7008478e+02	2.0847114e+18	4.8955050e-02
3.4594495e+06	1.7008478e+02	2.0639682e+18	4.8467939e-02
3.4681107e+06	1.7008478e+02	2.0434314e+18	4.7985675e-02
3.4767719e+06	1.7008478e+02	2.0230989e+18	4.7508210e-02
3.4854331e+06	1.7008478e+02	2.0029687e+18	4.7035495e-02
3.4940942e+06	1.7008478e+02	1.9830388e+18	4.6567484e-02
3.5027554e+06	1.7008478e+02	1.9633073e+18	4.6104130e-02
3.5114166e+06	1.7008478e+02	1.9437720e+18	4.5645386e-02
3.5200778e+06	1.7008478e+02	1.9244312e+18	4.5191207e-02
3.5287389e+06	1.7008478e+02	1.9052828e+18	4.4741547e-02
3.5374001e+06	1.7008478e+02	1.8863249e+18	4.4296361e-02
3.5460613e+06	1.7008478e+02	1.8675557e+18	4.3855605e-02
3.5547225e+06	1.7008478e+02	1.8489732e+18	4.3419234e-02
3.5633837e+06	1.7008478e+02	1.8305756e+18	4.2987206e-02
3.5720448e+06	1.7008478e+02	1.8123610e+18	4.2559476e-02
3.5807060e+06	1.7008478e+02	1.7943277e+18	4.2136002e-02
3.5893672e+06	1.7008478e+02	1.7764739e+18	4.1716742e-02
3.5980284e+06	1.7008478e+02	1.7587977e+18	4.1301653e-02
3.6066895e+06	1.7008478e+02	1.7412973e+18	4.0890695e-02
3.6153507e+06	1.7008478e+02	1.7239711e+18	4.0483826e-02
3.6240119e+06	1.7008478e+02	1.7068173e+18	4.0081005e-02
3.6326731e+06	1.7008478e+02	1.6898342e+18	3.9682192e-02
3.6413343e+06	1.7008478e+02	1.6730201e+18	3.9287348e-02
3.6499954e+06	1.7008478e+02	1.6563733e+18	3.8896432e-02
3.6586566e+06	1.7008478e+02	1.6398921e+18	3.8509406e-02
3.6673178e+06	1.7008478e+02	1.6235749e+18	3.8126231e-02
3.6759790e+06	1.7008478e+02	1.6074200e+18	3.7746869e-02
3.6846401e+06	1.7008478e+02	1.5914259e+18	3.7371281e-02
3.6933013e+06	1.7008478e+02	1.5755910e+18	3.6999431e-02
3.7019625e+06	1.7008478e+02	1.5599136e+18	3.6631281e-02
3.7106237e+06	1.7008478e+02	1.5443922e+18	3.6266793e-02
3.7192848e+06	1.7008478e+02	1.5290252e+18	3.5905933e-02
3.7279460e+06	1.7008478e+02	1.5138112e+18	3.5548663e-02
3.7366072e+06	1.7008478e+02	1.4987485e+18	3.5194947e-02
3.7452684e+06	1.7008478e+02	1.4838357e+18	3.4844752e-02
3.7539296e+06	1.7008478e+02	1.4690713e+18	3.4498041e-02
3.7625907e+06	1.7008478e+02	1.4544538e+18	3.4154780e-02
3.7712519e+06	1.7008478e+02	1.4399817e+18	3.3814934e-02
3.7799131e+06	1.7008478e+02	1.4256537e+18	3.3478470e-02
3.7885743e+06	1.7008478e+02	1.4114682e+18	3.3145353e-02
3.7972354e+06	1.7008478e+02	1.3974239e+18	3.2815551e-02
3.8058966e+06	1.7008478e+02	1.3835193e+18	3.2489031e-02
3.8145578e+06	1.7008478e+02	1.3697530e+18	3.2165760e-02
3.8232190e+06	1.7008478e+02	1.3561237e+18	3.1845705e-02
3.8318802e+06	1.7008478e+02	1.3426301e+18	3.1528835e-02
3.8405413e+06	1.7008478e+02	1.3292707e+18	3.1215118e-02
3.8492025e+06	1.7008478e+02	1.3160442e+18	3.0904523e-02
3.8578637e+06	1.7008478e+02	1.3029494e+18	3.0597017e-02
3.8665249e+06	1.7008478e+02	1.2899848e+18	3.0292572e-02
3.8751860e+06	1.7008478e+02	1.2771492e+18	2.9991156e-02
3.8838472e+06	1.7008478e+02	1.2644414e+18	2.9692739e-02
3.8925084e+06	1.7008478e+02	1.2518600e+18	2.9397291e-02
3.9011696e+06	1.7008478e+02	1.2394038e+18	2.9104783e-02
3.9098308e+06	1.7008478e+02	1.2270715e+18	2.8815186e-02
3.9184919e+06	1.7008478e+02	1.2148619e+18	2.8528470e-02
3.9271531e+06	1.7008478e+02	1.2027739e+18	2.8244607e-02
3.9358143e+06	1.7008478e+02	1.1908061e+18	2.7963568e-02
3.9444755e+06	1.7008478e+02	1.1789573e+18	2.7685326e-02
3.9531366e+06	1.7008478e+02	1.1672265e+18	2.7409853e-02
3.9617978e+06	1.7008478e+02	1.1556124e+18	2.7137120e-02
3.9704590e+06	1.7008478e+02	1.1441139e+18	2.6867101e-02
3.9791202e+06	1.7008478e+02	1.1327298e+18	2.6599769e-02
3.9877813e+06	1.7008478e+02	1.1214589e+18	2.6335097e-02
3.9964425e+06	1.7008478e+02	1.1103002e+18	2.6073058e-02
4.0051037e+06	1.7008478e+02	1.0992525e+18	2.5813627e-02
4.0137649e+06	1.7008478e+02	1.0883148e+18	2.5556777e-02
4.0224261e+06	1.7008478e+02	1.0774859e+18	2.5302483e-02
4.0310872e+06	1.7008478e+02	1.0667647e+18	2.5050719e-02
4.0397484e+06	1.7008478e+02	1.0561502e+18	2.4801460e-02
4.0484096e+06	1.7008478e+02	1.0456414e+18	2.4554682e-02
4.0570708e+06	1.7008478e+02	1.0352371e+18	2.4310358e-02
4.0657319e+06	1.7008478e+02	1.0249363e+18	2.4068466e-02
4.0743931e+06	1.7008478e+02	1.0147380e+18	2.3828981e-02
4.0830543e+06	1.7008478e+02	1.0046412e+18	2.3591879e-02
4.0917155e+06	1.7008478e+02	9.9464483e+17	2.3357136e-02
4.1003767e+06	1.7008478e+02	9.8474795e+17	2.3124728e-02
4.1090378e+06	1.7008478e+02	9.7494954e+17	2.2894633e-02
4.1176990e+06	1.7008478e+02	9.6524863e+17	2.2666828e-02
4.1263602e+06	1.7008478e+02	9.5564425e+17	2.2441289e-02
4.1350214e+06	1.7008478e+02	9.4613543e+17	2.2217995e-02
4.1436825e+06	1.7008478e+02	9.3672122e+17	2.1996922e-02
4.1523437e+06	1.7008478e+02	9.2740069e+17	2.1778049e-02
4.1610049e+06	1.7008478e+02	9.1817290e+17	2.1561354e-02
4.1696661e+06	1.7008478e+02	9.0903693e+17	2.1346815e-02
4.1783273e+06	1.7008478e+02	8.9999186e+17	2.1134410e-02
4.1869884e+06	1.7008478e+02	8.9103679e+17	2.0924119e-02
4.1956496e+06	1.7008478e+02	8.8217082e+17	2.0715921e-02
4.2043108e+06	1.7008478e+02	8.7339308e+17	2.0509794e-02
4.2129720e+06	1.7008478e+02	8.6470267e+17	2.0305718e-02
4.2216331e+06	1.7008478e+02	8.5609874e+17	2.0103673e-02
4.2302943e+06	1.7008478e+02	8.4758041e+17	1.9903638e-02
4.2389555e+06	1.7008478e+02	8.3914685e+17	1.9705594e-02
4.2476167e+06	1.7008478e+02	8.3079720e+17	1.9509520e-02
4.2562778e+06	1.7008478e+02	8.2253062e+17	1.9315397e-02
4.2649390e+06	1.7008478e+02	8.1434631e+17	1.9123205e-02
4.2736002e+06	1.7008478e+02	8.0624343e+17	1.8932926e-02
4.2822614e+06	1.7008478e+02	7.9822117e+17	1.8744540e-02
4.2909226e+06	1.7008478e+02	7.9027874e+17	1.8558029e-02
4.2995837e+06	1.7008478e+02	7.8241533e+17	1.8373374e-02
4.3082449e+06	1.7008478e+02	7.7463017e+17	1.8190556e-02
4.3169061e+06	1.7008478e+02	7.6692247e+17	1.8009557e-02
4.3255673e+06	1.7008478e+02	7.5929147e+17	1.7830358e-02
4.3342284e+06	1.7008478e+02	7.5173639e+17	1.7652943e-02
4.3428896e+06	1.7008478e+02	7.4425649e+17	1.7477294e-02
4.3515508e+06	1.7008478e+02	7.3685101e+17	1.7303392e-02
4.3602120e+06	1.7008478e+02	7.2951922e+17	1.7131220e-02
4.3688732e+06	1.7008478e+02	7.2226038e+17	1.6960762e-02
4.3775343e+06	1.7008478e+02	7.1507377e+17	1.6791999e-02
4.3861955e+06	1.7008478e+02	7.0795867e+17	1.6624916e-02
4.3948567e+06	1.7008478e+02	7.0091436e+17	1.6459495e-02
4.4035179e+06	1.7008478e+02	6.9394015e+17	1.6295721e-02
4.4121790e+06	1.7008478e+02	6.8703533e+17	1.6133575e-02
4.4208402e+06	1.7008478e+02	6.8019921e+17	1.5973044e-02
4.4295014e+06	1.7008478e+02	6.7343112e+17	1.5814109e-02
4.4381626e+06	1.7008478e+02	6.6673037e+17	1.5656756e-02
4.4468238e+06	1.7008478e+02	6.6009629e+17	1.5500969e-02
4.4554849e+06	1.7008478e+02	6.5352822e+17	1.5346732e-02
4.4641461e+06	1.7008478e+02	6.4702551e+17	1.5194029e-02
4.4728073e+06	1.7008478e+02	6.4058749e+17	1.5042846e-02
4.4814685e+06	1.7008478e+02	6.3421354e+17	1.4893167e-02
4.4901296e+06	1.7008478e+02	6.2790301e+17	1.4744978e-02
4.4987908e+06	1.7008478e+02	6.2165527e+17	1.4598263e-02
4.5074520e+06	1.7008478e+02	6.1546970e+17	1.4453008e-02
4.5161132e+06	1.7008478e+02	6.0934567e+17	1.4309198e-02
4.5247744e+06	1.7008478e+02	6.0328258e+17	1.4166819e-02
4.5334355e+06	1.7008478e+02	5.9727982e+17	1.4025857e-02
4.5420967e+06	1.7008478e+02	5.9133679e+17	1.3886297e-02
4.5507579e+06	1.7008478e+02	5.8545289e+17	1.3748126e-02
4.5594191e+06	1.7008478e+02	5.7962753e+17	1.3611330e-02
4.5680802e+06	1.7008478e+02	5.7386014e+17	1.3475895e-02
4.5767414e+06	1.7008478e+02	5.6815014e+17	1.3341808e-02
4.5854026e+06	1.7008478e+02	5.6249695e+17	1.3209054e-02
4.5940638e+06	1.7008478e+02	5.5690001e+17	1.3077622e-02
4.6027249e+06	1.7008478e+02	5.5135877e+17	1.2947498e-02
4.6113861e+06	1.7008478e+02	5.4587266e+17	1.2818668e-02
4.6200473e+06	1.7008478e+02	5.4044113e+17	1.2691120e-02
4.6287085e+06	1.7008478e+02	5.3506365e+17	1.2564841e-02
4.6373697e+06	1.7008478e+02	5.2973968e+17	1.2439819e-02
4.6460308e+06	1.7008478e+02	5.2446868e+17	1.2316041e-02
4.6546920e+06	1.7008478e+02	5.1925013e+17	1.2193494e-02
4.6633532e+06	1.7008478e+02	5.1408351e+17	1.2072167e-02
4.6720144e+06	1.7008478e+02	5.0896829e+17	1.1952047e-02
4.6806755e+06	1.7008478e+02	5.0390397e+17	1.1833122e-02
4.6893367e+06	1.7008478e+02	4.9889004e+17	1.1715380e-02
4.6979979e+06	1.7008478e+02	4.9392600e+17	1.1598810e-02
4.7066591e+06	1.7008478e+02	4.8901136e+17	1.1483400e-02
4.7153203e+06	1.7008478e+02	4.8414561e+17	1.1369138e-02
4.7239814e+06	1.7008478e+02	4.7932828e+17	1.1256014e-02
4.7326426e+06	1.7008478e+02	4.7455889e+17	1.1144014e-02
4.7413038e+06	1.7008478e+02	4.6983695e+17	1.1033130e-02
4.7499650e+06	1.7008478e+02	4.6516199e+17	1.0923348e-02
4.7586261e+06	1.7008478e+02	4.6053355e+17	1.0814659e-02
4.7672873e+06	1.7008478e+02	4.5595117e+17	1.0707051e-02
4.7759485e+06	1.7008478e+02	4.5141438e+17	1.0600514e-02
4.7846097e+06	1.7008478e+02	4.4692273e+17	1.0495038e-02
4.7932709e+06	1.7008478e+02	4.4247577e+17	1.0390610e-02
4.8019320e+06	1.7008478e+02	4.3807307e+17	1.0287222e-02
4.8105932e+06	1.7008478e+02	4.3371417e+17	1.0184862e-02
4.8192544e+06	1.7008478e+02	4.2939864e+17	1.0083521e-02
4.8279156e+06	1.7008478e+02	4.2512605e+17	9.9831886e-03
4.8365767e+06	1.7008478e+02	4.2089598e+17	9.8838542e-03
4.8452379e+06	1.7008478e+02	4.1670799e+17	9.7855082e-03
4.8538991e+06	1.7008478e+02	4.1256168e+17	9.6881407e-03
4.8625603e+06	1.7008478e+02	4.0845662e+17	9.5917421e-03
4.8712214e+06	1.7008478e+02	4.0439241e+17	9.4963027e-03
4.8798826e+06	1.7008478e+02	4.0036864e+17	9.4018129e-03
4.8885438e+06	1.7008478e+02	3.9638490e+17	9.3082633e-03
4.8972050e+06	1.7008478e+02	3.9244081e+17	9.2156445e-03
4.9058662e+06	1.7008478e+02	3.8853596e+17	9.1239474e-03
4.9145273e+06	1.7008478e+02	3.8466996e+17	9.0331626e-03
4.9231885e+06	1.7008478e+02	3.8084243e+17	8.9432811e-03
4.9318497e+06	1.7008478e+02	3.7705298e+17	8.8542940e-03
4.9405109e+06	1.7008478e+02	3.7330124e+17	8.7661923e-03
4.9491720e+06	1.7008478e+02	3.6958683e+17	8.6789672e-03
4.9578332e+06	1.7008478e+02	3.6590938e+17	8.5926100e-03
4.9664944e+06	1.7008478e+02	3.6226852e+17	8.5071121e-03
4.9751556e+06	1.7008478e+02	3.5866389e+17	8.4224649e-03
4.9838168e+06	1.7008478e+02	3.5509513e+17	8.3386600e-03
4.9924779e+06	1.7008478e+02	3.5156187e+17	8.2556890e-03
5.0011391e+06	1.7008478e+02	3.4806377e+17	8.1735435e-03
5.0098003e+06	1.7008478e+02	3.4460048e+17	8.0922154e-03
5.0184615e+06	1.7008478e+02	3.4117165e+17	8.0116965e-03
5.0271226e+06	1.7008478e+02	3.3777693e+17	7.9319788e-03
5.0357838e+06	1.7008478e+02	3.3441600e+17	7.8530543e-03
5.0444450e+06	1.7008478e+02	3.3108850e+17	7.7749151e-03
5.0531062e+06	1.7008478e+02	3.2779412e+17	7.6975534e-03
5.0617674e+06	1.7008478e+02	3.2453251e+17	7.6209614e-03
5.0704285e+06	1.7008478e+02	3.2130336e+17	7.5451316e-03
5.0790897e+06	1.7008478e+02	3.1810634e+17	7.4700563e-03
5.0877509e+06	1.7008478e+02	3.1494112e+17	7.3957280e-03
5.0964121e+06	1.7008478e+02	3.1180741e+17	7.3221393e-03
5.1050732e+06	1.7008478e+02	3.0870487e+17	7.2492828e-03
5.1137344e+06	1.7008478e+02	3.0563321e+17	7.1771512e-03
5.1223956e+06	1.7008478e+02	3.0259211e+17	7.1057373e-03
5.1310568e+06	1.7008478e+02	2.9958126e+17	7.0350341e-03
5.1397179e+06	1.7008478e+02	2.9660038e+17	6.9650343e-03
5.1483791e+06	1.7008478e+02	2.9364916e+17	6.8957311e-03
5.1570403e+06	1.7008478e+02	2.9072730e+17	6.8271174e-03
5.1657015e+06	1.7008478e+02	2.8783452e+17	6.7591864e-03
5.1743627e+06	1.7008478e+02	2.8497051e+17	6.6919314e-03
5.1830238e+06	1.7008478e+02	2.8213501e+17	6.6253456e-03
5.1916850e+06	1.7008478e+02	2.7932772e+17	6.5594223e-03
5.2003462e+06	1.7008478e+02	2.7654836e+17	6.4941550e-03
5.2090074e+06	1.7008478e+02	2.7379666e+17	6.4295370e-03
5.2176685e+06	1.7008478e+02	2.7107234e+17	6.3655621e-03
5.2263297e+06	1.7008478e+02	2.6837512e+17	6.3022237e-03
5.2349909e+06	1.7008478e+02	2.6570475e+17	6.2395155e-03
5.2436521e+06	1.7008478e+02	2.6306094e+17	6.1774313e-03
5.2523133e+06	1.7008478e+02	2.6044344e+17	6.1159648e-03
5.2609744e+06	1.7008478e+02	2.5785198e+17	6.0551099e-03
5.2696356e+06	1.7008478e+02	2.5528631e+17	5.9948606e-03
5.2782968e+06	1.7008478e+02	2.5274617e+17	5.9352107e-03
5.2869580e+06	1.7008478e+02	2.5023131e+17	5.8761544e-03
5.2956191e+06	1.7008478e+02	2.4774146e+17	5.8176857e-03
5.3042803e+06	1.7008478e+02	2.4527639e+17	5.7597987e-03
5.3129415e+06	1.7008478e+02	2.4283585e+17	5.7024878e-03
5.3216027e+06	1.7008478e+02	2.4041960e+17	5.6457471e-03
5.3302639e+06	1.7008478e+02	2.3802738e+17	5.5895710e-03
5.3389250e+06	1.7008478e+02	2.3565897e+17	5.5339538e-03
5.3475862e+06	1.7008478e+02	2.3331412e+17	5.4788900e-03
5.3562474e+06	1.7008478e+02	2.3099261e+17	5.4243742e-03
5.3649086e+06	1.7008478e+02	2.2869419e+17	5.3704008e-03
5.3735697e+06	1.7008478e+02	2.2641865e+17	5.3169644e-03
5.3822309e+06	1.7008478e+02	2.2416575e+17	5.2640597e-03
5.3908921e+06	1.7008478e+02	2.2193526e+17	5.2116814e-03
5.3995533e+06	1.7008478e+02	2.1972697e+17	5.1598243e-03
5.4082144e+06	1.7008478e+02	2.1754065e+17	5.1084832e-03
5.4168756e+06	1.7008478e+02	2.1537608e+17	5.0576530e-03
5.4255368e+06	1.7008478e+02	2.1323305e+17	5.0073285e-03
5.4341980e+06	1.7008478e+02	2.1111135e+17	4.9575047e-03
5.4428592e+06	1.7008478e+02	2.0901076e+17	4.9081767e-03
5.4515203e+06	1.7008478e+02	2.0693106e+17	4.8593396e-03
5.4601815e+06	1.7008478e+02	2.0487207e+17	4.8109883e-03
5.4688427e+06	1.7008478e+02	2.0283355e+17	4.7631182e-03
5.4775039e+06	1.7008478e+02	2.0081533e+17	4.7157244e-03
5.4861650e+06	1.7008478e+02	1.9881718e+17	4.6688021e-03
5.4948262e+06	1.7008478e+02	1.9683892e+17	4.6223468e-03
5.5034874e+06	1.7008478e+02	1.9488034e+17	4.5763536e-03
5.5121486e+06	1.7008478e+02	1.9294125e+17	4.5308182e-03
5.5208098e+06	1.7008478e+02	1.9102145e+17	4.4857358e-03
5.5294709e+06	1.7008478e+02	1.8912075e+17	4.4411020e-03
5.5381321e+06	1.7008478e+02	1.8723897e+17	4.3969123e-03
5.5467933e+06	1.7008478e+02	1.8537591e+17	4.3531622e-03
5.5554545e+06	1.7008478e+02	1.8353139e+17	4.3098476e-03
5.5641156e+06	1.7008478e+02	1.8170522e+17	4.2669639e-03
5.5727768e+06	1.7008478e+02	1.7989723e+17	4.2245069e-03
5.5814380e+06	1.7008478e+02	1.7810722e+17	4.1824723e-03
5.5900992e+06	1.7008478e+02	1.7633502e+17	4.1408560e-03
5.5987604e+06	1.7008478e+02	1.7458046e+17	4.0996538e-03
5.6074215e+06	1.7008478e+02	1.7284335e+17	4.0588616e-03
5.6160827e+06	1.7008478e+02	1.7112353e+17	4.0184752e-03
5.6247439e+06	1.7008478e+02	1.6942083e+17	3.9784907e-03
5.6334051e+06	1.7008478e+02	1.6773506e+17	3.9389041e-03
5.6420662e+06	1.7008478e+02	1.6606607e+17	3.8997113e-03
5.6507274e+06	1.7008478e+02	1.6441368e+17	3.8609086e-03
5.6593886e+06	1.7008478e+02	1.6277774e+17	3.8224919e-03
5.6680498e+06	1.7008478e+02	1.6115808e+17	3.7844574e-03
5.6767109e+06	1.7008478e+02	1.5955453e+17	3.7468015e-03
5.6853721e+06	1.7008478e+02	1.5796693e+17	3.7095202e-03
5.6940333e+06	1.7008478e+02	1.5639513e+17	3.6726098e-03
5.7026945e+06	1.7008478e+02	1.5483898e+17	3.6360667e-03
5.7113557e+06	1.7008478e+02	1.5329830e+17	3.5998873e-03
5.7200168e+06	1.7008478e+02	1.5177296e+17	3.5640678e-03
5.7286780e+06	1.7008478e+02	1.5026279e+17	3.5286047e-03
5.7373392e+06	1.7008478e+02	1.4876765e+17	3.4934945e-03
5.7460004e+06	1.7008478e+02	1.4728739e+17	3.4587337e-03
5.7546615e+06	1.7008478e+02	1.4582186e+17	3.4243187e-03
5.7633227e+06	1.7008478e+02	1.4437090e+17	3.3902462e-03
5.7719839e+06	1.7008478e+02	1.4293439e+17	3.3565127e-03
5.7806451e+06	1.7008478e+02	1.4151217e+17	3.3231148e-03
5.7893063e+06	1.7008478e+02	1.4010410e+17	3.2900492e-03
5.7979674e+06	1.7008478e+02	1.3871004e+17	3.2573127e-03
5.8066286e+06	1.7008478e+02	1.3732985e+17	3.2249019e-03
5.8152898e+06	1.7008478e+02	1.3596340e+17	3.1928136e-03
5.8239510e+06	1.7008478e+02	1.3461054e+17	3.1610446e-03
5.8326121e+06	1.7008478e+02	1.3327114e+17	3.1295917e-03
5.8412733e+06	1.7008478e+02	1.3194507e+17	3.0984517e-03
5.8499345e+06	1.7008478e+02	1.3063220e+17	3.0676216e-03
5.8585957e+06	1.7008478e+02	1.2933238e+17	3.0370982e-03
5.8672569e+06	1.7008478e+02	1.2804551e+17	3.0068786e-03
5.8759180e+06	1.7008478e+02	1.2677143e+17	2.9769597e-03
5.8845792e+06	1.7008478e+02	1.2551004e+17	2.9473384e-03
5.8932404e+06	1.7008478e+02	1.2426119e+17	2.9180119e-03
5.9019016e+06	1.7008478e+02	1.2302477e+17	2.8889772e-03
5.9105627e+06	1.7008478e+02	1.2180065e+17	2.8602314e-03
5.9192239e+06	1.7008478e+02	1.2058872e+17	2.8317716e-03
5.9278851e+06	1.7008478e+02	1.1938884e+17	2.8035950e-03
5.9365463e+06	1.7008478e+02	1.1820090e+17	2.7756988e-03
5.9452074e+06	1.7008478e+02	1.1702478e+17	2.7480801e-03
5.9538686e+06	1.7008478e+02	1.1586036e+17	2.7207363e-03
5.9625298e+06	1.7008478e+02	1.1470754e+17	2.6936645e-03
5.9711910e+06	1.7008478e+02	1.1356618e+17	2.6668621e-03
5.9798522e+06	1.7008478e+02	1.1243617e+17	2.6403264e-03
5.9885133e+06	1.7008478e+02	1.1131742e+17	2.6140547e-03
5.9971745e+06	1.7008478e+02	1.1020979e+17	2.5880444e-03
6.0058357e+06	1.7008478e+02	1.0911318e+17	2.5622929e-03
6.0144969e+06	1.7008478e+02	1.0802749e+17	2.5367977e-03
6.0231580e+06	1.7008478e+02	1.0695260e+17	2.5115561e-03
6.0318192e+06	1.7008478e+02	1.0588840e+17	2.4865657e-03
6.0404804e+06	1.7008478e+02	1.0483479e+17	2.4618240e-03
6.0491416e+06	1.7008478e+02	1.0379167e+17	2.4373284e-03
6.0578028e+06	1.7008478e+02	1.0275893e+17	2.4130766e-03
6.0664639e+06	1.7008478e+02	1.0173646e+17	2.3890661e-03
6.0751251e+06	1.7008478e+02	1.0072416e+17	2.3652945e-03
6.0837863e+06	1.7008478e+02	9.9721940e+16	2.3417594e-03
6.0924475e+06	1.7008478e+02	9.8729690e+16	2.3184585e-03
6.1011086e+06	1.7008478e+02	9.7747314e+16	2.2953895e-03
6.1097698e+06	1.7008478e+02	9.6774712e+16	2.2725500e-03
6.1184310e+06	1.7008478e+02	9.5811787e+16	2.2499377e-03
6.1270922e+06	1.7008478e+02	9.4858444e+16	2.2275505e-03
6.1357534e+06	1.7008478e+02	9.3914587e+16	2.2053860e-03
6.1444145e+06	1.7008478e+02	9.2980121e+16	2.1834420e-03
6.1530757e+06	1.7008478e+02	9.2054953e+16	2.1617164e-03
6.1617369e+06	1.7008478e+02	9.1138991e+16	2.1402070e-03
6.1703981e+06	1.7008478e+02	9.0232143e+16	2.1189115e-03
6.1790592e+06	1.7008478e+02	8.9334318e+16	2.0978280e-03
6.1877204e+06	1.7008478e+02	8.8445427e+16	2.0769543e-03
6.1963816e+06	1.7008478e+02	8.7565380e+16	2.0562882e-03
6.2050428e+06	1.7008478e+02	8.6694090e+16	2.0358278e-03
6.2137039e+06	1.7008478e+02	8.5831469e+16	2.0155710e-03
6.2223651e+06	1.7008478e+02	8.4977432e+16	1.9955157e-03
6.2310263e+06	1.7008478e+02	8.4131892e+16	1.9756600e-03
6.2396875e+06	1.7008478e+02	8.3294766e+16	1.9560019e-03
6.2483487e+06	1.7008478e+02	8.2465969e+16	1.9365393e-03
6.2570098e+06	1.7008478e+02	8.1645419e+16	1.9172705e-03
6.2656710e+06	1.7008478e+02	8.0833034e+16	1.8981933e-03
6.2743322e+06	1.7008478e+02	8.0028732e+16	1.8793060e-03
6.2829934e+06	1.7008478e+02	7.9232432e+16	1.8606065e-03
6.2916545e+06	1.7008478e+02	7.8444057e+16	1.8420932e-03
6.3003157e+06	1.7008478e+02	7.7663525e+16	1.8237641e-03
6.3089769e+06	1.7008478e+02	7.6890760e+16	1.8056173e-03
6.3176381e+06	1.7008478e+02	7.6125684e+16	1.7876511e-03
6.3262993e+06	1.7008478e+02	7.5368221e+16	1.7698637e-03
6.3349604e+06	1.7008478e+02	7.4618295e+16	1.7522533e-03
6.3436216e+06	1.7008478e+02	7.3875830e+16	1.7348180e-03
6.3522828e+06	1.7008478e+02	7.3140754e+16	1.7175563e-03
6.3609440e+06	1.7008478e+02	7.2412991e+16	1.7004663e-03
6.3696051e+06	1.7008478e+02	7.1692470e+16	1.6835464e-03
6.3782663e+06	1.7008478e+02	7.0979118e+16	1.6667949e-03
6.3869275e+06	1.7008478e+02	7.0272864e+16	1.6502100e-03
6.3955887e+06	1.7008478e+02	6.9573637e+16	1.6337901e-03
6.4042499e+06	1.7008478e+02	6.8881368e+16	1.6175336e-03
6.4129110e+06	1.7008478e+02	6.8195987e+16	1.6014389e-03
6.4215722e+06	1.7008478e+02	6.7517425e+16	1.5855043e-03
6.4302334e+06	1.7008478e+02	6.6845616e+16	1.5697283e-03
6.4388946e+06	1.7008478e+02	6.6180491e+16	1.5541092e-03
6.4475557e+06	1.7008478e+02	6.5521984e+16	1.5386456e-03
6.4562169e+06	1.7008478e+02	6.4870029e+16	1.5233358e-03
6.4648781e+06	1.7008478e+02	6.4224562e+16	1.5081784e-03
6.4735393e+06	1.7008478e+02	6.3585516e+16	1.4931717e-03
6.4822004e+06	1.7008478e+02	6.2952830e+16	1.4783144e-03
6.4908616e+06	1.7008478e+02	6.2326439e+16	1.4636049e-03
6.4995228e+06	1.7008478e+02	6.1706280e+16	1.4490418e-03
6.5081840e+06	1.7008478e+02	6.1092293e+16	1.4346236e-03
6.5168452e+06	1.7008478e+02	6.0484414e+16	1.4203489e-03
6.5255063e+06	1.7008478e+02	5.9882584e+16	1.4062162e-03
6.5341675e+06	1.7008478e+02	5.9286743e+16	1.3922241e-03
6.5428287e+06	1.7008478e+02	5.8696830e+16	1.3783712e-03
6.5514899e+06	1.7008478e+02	5.8112786e+16	1.3646562e-03
6.5601510e+06	1.7008478e+02	5.7534555e+16	1.3510777e-03
6.5688122e+06	1.7008478e+02	5.6962076e+16	1.3376342e-03
6.5774734e+06	1.7008478e+02	5.6395294e+16	1.3243245e-03
6.5861346e+06	1.7008478e+02	5.5834151e+16	1.3111473e-03
6.5947958e+06	1.7008478e+02	5.5278592e+16	1.2981011e-03
6.6034569e+06	1.7008478e+02	5.4728561e+16	1.2851848e-03
6.6121181e+06	1.7008478e+02	5.4184003e+16	1.2723970e-03
6.6207793e+06	1.7008478e+02	5.3644863e+16	1.2597365e-03
6.6294405e+06	1.7008478e+02	5.3111088e+16	1.2472019e-03
6.6381016e+06	1.7008478e+02	5.2582624e+16	1.2347920e-03
6.6467628e+06	1.7008478e+02	5.2059418e+16	1.2225056e-03
6.6554240e+06	1.7008478e+02	5.1541418e+16	1.2103415e-03
6.6640852e+06	1.7008478e+02	5.1028572e+16	1.1982984e-03
6.6727464e+06	1.7008478e+02	5.0520829e+16	1.1863751e-03
6.6814075e+06	1.7008478e+02	5.0018139e+16	1.1745705e-03
6.6900687e+06	1.7008478e+02	4.9520450e+16	1.1628833e-03
6.6987299e+06	1.7008478e+02	4.9027713e+16	1.1513124e-03
6.7073911e+06	1.7008478e+02	4.8539879e+16	1.1398567e-03
6.7160522e+06	1.7008478e+02	4.8056900e+16	1.1285149e-03
6.7247134e+06	1.7008478e+02	4.7578725e+16	1.1172860e-03
6.7333746e+06	1.7008478e+02	4.7105309e+16	1.1061688e-03
6.7420358e+06	1.7008478e+02	4.6636604e+16	1.0951623e-03
6.7506969e+06	1.7008478e+02	4.6172562e+16	1.0842652e-03
6.7593581e+06	1.7008478e+02	4.5713137e+16	1.0734766e-03
6.7680193e+06	1.7008478e+02	4.5258284e+16	1.0627953e-03
6.7766805e+06	1.7008478e+02	4.4807956e+16	1.0522203e-03
6.7853417e+06	1.7008478e+02	4.4362110e+16	1.0417506e-03
6.7940028e+06	1.7008478e+02	4.3920699e+16	1.0313850e-03
6.8026640e+06	1.7008478e+02	4.3483681e+16	1.0211225e-03
6.8113252e+06	1.7008478e+02	4.3051011e+16	1.0109622e-03
6.8199864e+06	1.7008478e+02	4.2622646e+16	1.0009029e-03
6.8286475e+06	1.7008478e+02	4.2198544e+16	9.9094379e-04
6.8373087e+06	1.7008478e+02	4.1778661e+16	9.8108374e-04
6.8459699e+06	1.7008478e+02	4.1362957e+16	9.7132179e-04
6.8546311e+06	1.7008478e+02	4.0951388e+16	9.6165698e-04
6.8632923e+06	1.7008478e+02	4.0543915e+16	9.5208833e-04
6.8719534e+06	1.7008478e+02	4.0140497e+16	9.4261489e-04
6.8806146e+06	1.7008478e+02	3.9741092e+16	9.3323572e-04
6.8892758e+06	1.7008478e+02	3.9345662e+16	9.2394987e-04
6.8979370e+06	1.7008478e+02	3.8954166e+16	9.1475641e-04
6.9065981e+06	1.7008478e+02	3.8566565e+16	9.0565443e-04
6.9152593e+06	1.7008478e+02	3.8182822e+16	8.9664302e-04
6.9239205e+06	1.7008478e+02	3.7802896e+16	8.8772127e-04
6.9325817e+06	1.7008478e+02	3.7426751e+16	8.7888830e-04
6.9412429e+06	1.7008478e+02	3.7054349e+16	8.7014321e-04
6.9499040e+06	1.7008478e+02	3.6685652e+16	8.6148515e-04
6.9585652e+06	1.7008478e+02	3.6320623e+16	8.5291322e-04
6.9672264e+06	1.7008478e+02	3.5959227e+16	8.4442660e-04
6.9758876e+06	1.7008478e+02	3.5601427e+16	8.3602441e-04
6.9845487e+06	1.7008478e+02	3.5247187e+16	8.2770583e-04
6.9932099e+06	1.7008478e+02	3.4896471e+16	8.1947002e-04
7.0018711e+06	1.7008478e+02	3.4549246e+16	8.1131616e-04
7.0105323e+06	1.7008478e+02	3.4205475e+16	8.0324343e-04
7.0191934e+06	1.7008478e+02	3.3865125e+16	7.9525102e-04
7.0278546e+06	1.7008478e+02	3.3528161e+16	7.8733814e-04
7.0365158e+06	1.7008478e+02	3.3194550e+16	7.7950399e-04
7.0451770e+06	1.7008478e+02	3.2864259e+16	7.7174780e-04
7.0538382e+06	1.7008478e+02	3.2537254e+16	7.6406878e-04
7.0624993e+06	1.7008478e+02	3.2213503e+16	7.5646617e-04
7.0711605e+06	1.7008478e+02	3.1892973e+16	7.4893921e-04
7.0798217e+06	1.7008478e+02	3.1575633e+16	7.4148714e-04
7.0884829e+06	1.7008478e+02	3.1261450e+16	7.3410922e-04
7.0971440e+06	1.7008478e+02	3.0950394e+16	7.2680471e-04
7.1058052e+06	1.7008478e+02	3.0642432e+16	7.1957288e-04
7.1144664e+06	1.7008478e+02	3.0337535e+16	7.1241301e-04
7.1231276e+06	1.7008478e+02	3.0035671e+16	7.0532438e-04
7.1317888e+06	1.7008478e+02	2.9736811e+16	6.9830629e-04
7.1404499e+06	1.7008478e+02	2.9440925e+16	6.9135802e-04
7.1491111e+06	1.7008478e+02	2.9147983e+16	6.8447890e-04
7.1577723e+06	1.7008478e+02	2.8857956e+16	6.7766822e-04
7.1664335e+06	1.7008478e+02	2.8570814e+16	6.7092531e-04
7.1750946e+06	1.7008478e+02	2.8286530e+16	6.6424949e-04
7.1837558e+06	1.7008478e+02	2.8005074e+16	6.5764009e-04
7.1924170e+06	1.7008478e+02	2.7726419e+16	6.5109647e-04
7.2010782e+06	1.7008478e+02	2.7450537e+16	6.4461795e-04
7.2097394e+06	1.7008478e+02	2.7177399e+16	6.3820389e-04
7.2184005e+06	1.7008478e+02	2.6906980e+16	6.3185366e-04
7.2270617e+06	1.7008478e+02	2.6639251e+16	6.2556661e-04
7.2357229e+06	1.7008478e+02	2.6374186e+16	6.1934212e-04
7.2443841e+06	1.7008478e+02	2.6111758e+16	6.1317956e-04
7.2530452e+06	1.7008478e+02	2.5851942e+16	6.0707832e-04
7.2617064e+06	1.7008478e+02	2.5594711e+16	6.0103779e-04
7.2703676e+06	1.7008478e+02	2.5340039e+16	5.9505737e-04
7.2790288e+06	1.7008478e+02	2.5087901e+16	5.8913645e-04
7.2876899e+06	1.7008478e+02	2.4838273e+16	5.8327444e-04
7.2963511e+06	1.7008478e+02	2.4591128e+16	5.7747076e-04
7.3050123e+06	1.7008478e+02	2.4346442e+16	5.7172483e-04
7.3136735e+06	1.7008478e+02	2.4104191e+16	5.6603608e-04
7.3223347e+06	1.7008478e+02	2.3864350e+16	5.6040392e-04
7.3309958e+06	1.7008478e+02	2.3626896e+16	5.5482781e-04
7.3396570e+06	1.7008478e+02	2.3391804e+16	5.4930718e-04
7.3483182e+06	1.7008478e+02	2.3159052e+16	5.4384148e-04
7.3569794e+06	1.7008478e+02	2.2928616e+16	5.3843017e-04
7.3656405e+06	1.7008478e+02	2.2700472e+16	5.3307270e-04
7.3743017e+06	1.7008478e+02	2.2474599e+16	5.2776854e-04
7.3829629e+06	1.7008478e+02	2.2250973e+16	5.2251715e-04
7.3916241e+06	1.7008478e+02	2.2029572e+16	5.1731802e-04
7.4002853e+06	1.7008478e+02	2.1810374e+16	5.1217062e-04
7.4089464e+06	1.7008478e+02	2.1593357e+16	5.0707444e-04
7.4176076e+06	1.7008478e+02	2.1378499e+16	5.0202896e-04
7.4262688e+06	1.7008478e+02	2.1165780e+16	4.9703369e-04
7.4349300e+06	1.7008478e+02	2.0955177e+16	4.9208812e-04
7.4435911e+06	1.7008478e+02	2.0746669e+16	4.8719176e-04
7.4522523e+06	1.7008478e+02	2.0540236e+16	4.8234413e-04
7.4609135e+06	1.7008478e+02	2.0335858e+16	4.7754472e-04
7.4695747e+06	1.7008478e+02	2.0133513e+16	4.7279307e-04
7.4782359e+06	1.7008478e+02	1.9933181e+16	4.6808870e-04
7.4868970e+06	1.7008478e+02	1.9734842e+16	4.6343114e-04
7.4955582e+06	1.7008478e+02	1.9538477e+16	4.5881993e-04
7.5042194e+06	1.7008478e+02	1.9344066e+16	4.5425459e-04
7.5128806e+06	1.7008478e+02	1.9151590e+16	4.4973468e-04
7.5215417e+06	1.7008478e+02	1.8961028e+16	4.4525975e-04
7.5302029e+06	1.7008478e+02	1.8772363e+16	4.4082934e-04
7.5388641e+06	1.7008478e+02	1.8585575e+16	4.3644301e-04
7.5475253e+06	1.7008478e+02	1.8400645e+16	4.3210033e-04
7.5561864e+06	1.7008478e+02	1.8217555e+16	4.2780086e-04
7.5648476e+06	1.7008478e+02	1.8036288e+16	4.2354417e-04
7.5735088e+06	1.7008478e+02	1.7856824e+16	4.1932984e-04
7.5821700e+06	1.7008478e+02	1.7679145e+16	4.1515744e-04
7.5908312e+06	1.7008478e+02	1.7503235e+16	4.1102655e-04
7.5994923e+06	1.7008478e+02	1.7329075e+16	4.0693677e-04
7.6081535e+06	1.7008478e+02	1.7156648e+16	4.0288768e-04
7.6168147e+06	1.7008478e+02	1.6985936e+16	3.9887888e-04
7.6254759e+06	1.7008478e+02	1.6816923e+16	3.9490997e-04
7.6341370e+06	1.7008478e+02	1.6649592e+16	3.9098055e-04
7.6427982e+06	1.7008478e+02	1.6483926e+16	3.8709023e-04
7.6514594e+06	1.7008478e+02	1.6319908e+16	3.8323862e-04
7.6601206e+06	1.7008478e+02	1.6157522e+16	3.7942533e-04
7.6687818e+06	1.7008478e+02	1.5996752e+16	3.7564998e-04
7.6774429e+06	1.7008478e+02	1.5837582e+16	3.7191220e-04
7.6861041e+06	1.7008478e+02	1.5679995e+16	3.6821161e-04
7.6947653e+06	1.7008478e+02	1.5523977e+16	3.6454785e-04
7.7034265e+06	1.7008478e+02	1.5369511e+16	3.6092054e-04
7.7120876e+06	1.7008478e+02	1.5216581e+16	3.5732932e-04
7.7207488e+06	1.7008478e+02	1.5065174e+16	3.5377383e-04
7.7294100e+06	1.7008478e+02	1.4915273e+16	3.5025372e-04
7.7380712e+06	1.7008478e+02	1.4766863e+16	3.4676864e-04
7.7467324e+06	1.7008478e+02	1.4619931e+16	3.4331823e-04
7.7553935e+06	1.7008478e+02	1.4474460e+16	3.3990216e-04
7.7640547e+06	1.7008478e+02	1.4330437e+16	3.3652008e-04
7.7727159e+06	1.7008478e+02	1.4187846e+16	3.3317165e-04
7.7813771e+06	1.7008478e+02	1.4046675e+16	3.2985653e-04
7.7900382e+06	1.7008478e+02	1.3906908e+16	3.2657441e-04
7.7986994e+06	1.7008478e+02	1.3768532e+16	3.2332494e-04
7.8073606e+06	1.7008478e+02	1.3631533e+16	3.2010780e-04
7.8160218e+06	1.7008478e+02	1.3495897e+16	3.1692267e-04
7.8246829e+06	1.7008478e+02	1.3361611e+16	3.1376924e-04
7.8333441e+06	1.7008478e+02	1.3228660e+16	3.1064718e-04
7.8420053e+06	1.7008478e+02	1.3097033e+16	3.0755619e-04
7.8506665e+06	1.7008478e+02	1.2966715e+16	3.0449596e-04
7.8593277e+06	1.7008478e+02	1.2837694e+16	3.0146617e-04
7.8679888e+06	1.7008478e+02	1.2709957e+16	2.9846653e-04
7.8766500e+06	1.7008478e+02	1.2583491e+16	2.9549674e-04
7.8853112e+06	1.7008478e+02	1.2458283e+16	2.9255650e-04
7.8939724e+06	1.7008478e+02	1.2334321e+16	2.8964551e-04
7.9026335e+06	1.7008478e+02	1.2211593e+16	2.8676349e-04
7.9112947e+06	1.7008478e+02	1.2090085e+16	2.8391015e-04
7.9199559e+06	1.7008478e+02	1.1969787e+16	2.8108520e-04
7.9286171e+06	1.7008478e+02	1.1850686e+16	2.7828835e-04
7.9372783e+06	1.7008478e+02	1.1732769e+16	2.7551934e-04
7.9459394e+06	1.7008478e+02	1.1616026e+16	2.7277787e-04
7.9546006e+06	1.7008478e+02	1.1500445e+16	2.7006369e-04
7.9632618e+06	1.7008478e+02	1.1386013e+16	2.6737651e-04
7.9719230e+06	1.7008478e+02	1.1272721e+16	2.6471607e-04
7.9805841e+06	1.7008478e+02	1.1160555e+16	2.6208210e-04
7.9892453e+06	1.7008478e+02	1.1049506e+16	2.5947434e-04
7.9979065e+06	1.7008478e+02	1.0939562e+16	2.5689253e-04
8.0065677e+06	1.7008478e+02	1.0830711e+16	2.5433640e-04
8.0152289e+06	1.7008478e+02	1.0722944e+16	2.5180571e-04
8.0238900e+06	1.7008478e+02	1.0616249e+16	2.4930021e-04
8.0325512e+06	1.7008478e+02	1.0510615e+16	2.4681963e-04
8.0412124e+06	1.7008478e+02	1.0406033e+16	2.4436373e-04
8.0498736e+06	1.7008478e+02	1.0302491e+16	2.4193227e-04
8.0585347e+06	1.7008478e+02	1.0199980e+16	2.3952500e-04
8.0671959e+06	1.7008478e+02	1.0098488e+16	2.3714169e-04
8.0758571e+06	1.7008478e+02	9.9980064e+15	2.3478209e-04
8.0845183e+06	1.7008478e+02	9.8985246e+15	2.3244597e-04
8.0931795e+06	1.7008478e+02	9.8000326e+15	2.3013309e-04
8.1018406e+06	1.7008478e+02	9.7025207e+15	2.2784323e-04
8.1105018e+06	1.7008478e+02	9.6059790e+15	2.2557615e-04
8.1191630e+06	1.7008478e+02	9.5103979e+15	2.2333163e-04
8.1278242e+06	1.7008478e+02	9.4157679e+15	2.2110945e-04
8.1364853e+06	1.7008478e+02	9.3220794e+15	2.1890937e-04
8.1451465e+06	1.7008478e+02	9.2293232e+15	2.1673119e-04
8.1538077e+06	1.7008478e+02	9.1374899e+15	2.1457468e-04
8.1624689e+06	1.7008478e+02	9.0465703e+15	2.1243962e-04
8.1711300e+06	1.7008478e+02	8.9565554e+15	2.1032581e-04
8.1797912e+06	1.7008478e+02	8.8674362e+15	2.0823303e-04
8.1884524e+06	1.7008478e+02	8.7792038e+15	2.0616108e-04
8.1971136e+06	1.7008478e+02	8.6918492e+15	2.0410974e-04
8.2057748e+06	1.7008478e+02	8.6053639e+15	2.0207882e-04
8.2144359e+06	1.7008478e+02	8.5197391e+15	2.0006810e-04
8.2230971e+06	1.7008478e+02	8.4349663e+15	1.9807739e-04
8.2317583e+06	1.7008478e+02	8.3510369e+15	1.9610649e-04
8.2404195e+06	1.7008478e+02	8.2679427e+15	1.9415519e-04
8.2490806e+06	1.7008478e+02	8.1856753e+15	1.9222332e-04
8.2577418e+06	1.7008478e+02	8.1042265e+15	1.9031066e-04
8.2664030e+06	1.7008478e+02	8.0235881e+15	1.8841704e-04
8.2750642e+06	1.7008478e+02	7.9437521e+15	1.8654226e-04
8.2837254e+06	1.7008478e+02	7.8647104e+15	1.8468613e-04
8.2923865e+06	1.7008478e+02	7.7864552e+15	1.8284848e-04
8.3010477e+06	1.7008478e+02	7.7089787e+15	1.8102910e-04
8.3097089e+06	1.7008478e+02	7.6322731e+15	1.7922783e-04
8.3183701e+06	1.7008478e+02	7.5563307e+15	1.7744449e-04
8.3270312e+06	1.7008478e+02	7.4811440e+15	1.7567889e-04
8.3356924e+06	1.7008478e+02	7.4067053e+15	1.7393085e-04
8.3443536e+06	1.7008478e+02	7.3330074e+15	1.7220021e-04
8.3530148e+06	1.7008478e+02	7.2600427e+15	1.7048679e-04
8.3616760e+06	1.7008478e+02	7.1878041e+15	1.6879042e-04
8.3703371e+06	1.7008478e+02	7.1162843e+15	1.6711092e-04
8.3789983e+06	1.7008478e+02	7.0454761e+15	1.6544814e-04
8.3876595e+06	1.7008478e+02	6.9753724e+15	1.6380191e-04
8.3963207e+06	1.7008478e+02	6.9059663e+15	1.6217205e-04
8.4049818e+06	1.7008478e+02	6.8372508e+15	1.6055841e-04
8.4136430e+06	1.7008478e+02	6.7692190e+15	1.5896083e-04
8.4223042e+06	1.7008478e+02	6.7018641e+15	1.5737914e-04
8.4309654e+06	1.7008478e+02	6.6351795e+15	1.5581319e-04
8.4396265e+06	1.7008478e+02	6.5691583e+15	1.5426283e-04
8.4482877e+06	1.7008478e+02	6.5037941e+15	1.5272789e-04
8.4569489e+06	1.7008478e+02	6.4390803e+15	1.5120822e-04
8.4656101e+06	1.7008478e+02	6.3750104e+15	1.4970367e-04
8.4742713e+06	1.7008478e+02	6.3115779e+15	1.4821409e-04
8.4829324e+06	1.7008478e+02	6.2487767e+15	1.4673934e-04
8.4915936e+06	1.7008478e+02	6.1866003e+15	1.4527926e-04
8.5002548e+06	1.7008478e+02	6.1250426e+15	1.4383371e-04
8.5089160e+06	1.7008478e+02	6.0640974e+15	1.4240254e-04
8.5175771e+06	1.7008478e+02	6.0037587e+15	1.4098561e-04
8.5262383e+06	1.7008478e+02	5.9440203e+15	1.3958278e-04
8.5348995e+06	1.7008478e+02	5.8848763e+15	1.3819391e-04
8.5435607e+06	1.7008478e+02	5.8263208e+15	1.3681885e-04
8.5522219e+06	1.7008478e+02	5.7683479e+15	1.3545748e-04
8.5608830e+06	1.7008478e+02	5.7109519e+15	1.3410966e-04
8.5695442e+06	1.7008478e+02	5.6541270e+15	1.3277525e-04
8.5782054e+06	1.7008478e+02	5.5978675e+15	1.3145411e-04
8.5868666e+06	1.7008478e+02	5.5421678e+15	1.3014612e-04
8.5955277e+06	1.7008478e+02	5.4870223e+15	1.2885114e-04
8.6041889e+06	1.7008478e+02	5.4324255e+15	1.2756905e-04
8.6128501e+06	1.7008478e+02	5.3783719e+15	1.2629972e-04
8.6215113e+06	1.7008478e+02	5.3248563e+15	1.2504302e-04
8.6301725e+06	1.7008478e+02	5.2718730e+15	1.2379882e-04
8.6388336e+06	1.7008478e+02	5.2194170e+15	1.2256700e-04
8.6474948e+06	1.7008478e+02	5.1674830e+15	1.2134744e-04
8.6561560e+06	1.7008478e+02	5.1160657e+15	1.2014001e-04
8.6648172e+06	1.7008478e+02	5.0651599e+15	1.1894460e-04
8.6734783e+06	1.7008478e+02	5.0147608e+15	1.1776108e-04
8.6821395e+06	1.7008478e+02	4.9648631e+15	1.1658934e-04
8.6908007e+06	1.7008478e+02	4.9154618e+15	1.1542925e-04
8.6994619e+06	1.7008478e+02	4.8665522e+15	1.1428071e-04
8.7081230e+06	1.7008478e+02	4.8181292e+15	1.1314360e-04
8.7167842e+06	1.7008478e+02	4.7701880e+15	1.1201780e-04
8.7254454e+06	1.7008478e+02	4.7227238e+15	1.1090321e-04
8.7341066e+06	1.7008478e+02	4.6757319e+15	1.0979970e-04
8.7427678e+06	1.7008478e+02	4.6292076e+15	1.0870718e-04
8.7514289e+06	1.7008478e+02	4.5831462e+15	1.0762552e-04
8.7600901e+06	1.7008478e+02	4.5375432e+15	1.0655463e-04
8.7687513e+06	1.7008478e+02	4.4923939e+15	1.0549439e-04
8.7774125e+06	1.7008478e+02	4.4476938e+15	1.0444471e-04
8.7860736e+06	1.7008478e+02	4.4034385e+15	1.0340546e-04
8.7947348e+06	1.7008478e+02	4.3596236e+15	1.0237656e-04
8.8033960e+06	1.7008478e+02	4.3162446e+15	1.0135790e-04
8.8120572e+06	1.7008478e+02	4.2732972e+15	1.0034937e-04
8.8207184e+06	1.7008478e+02	4.2307772e+15	9.9350879e-05
8.8293795e+06	1.7008478e+02	4.1886803e+15	9.8362321e-05
8.8380407e+06	1.7008478e+02	4.1470022e+15	9.7383599e-05
8.8467019e+06	1.7008478e+02	4.1057389e+15	9.6414616e-05
8.8553631e+06	1.7008478e+02	4.0648861e+15	9.5455275e-05
8.8640242e+06	1.7008478e+02	4.0244398e+15	9.4505479e-05
8.8726854e+06	1.7008478e+02	3.9843959e+15	9.3565134e-05
8.8813466e+06	1.7008478e+02	3.9447505e+15	9.2634145e-05
8.8900078e+06	1.7008478e+02	3.9054996e+15	9.1712420e-05
8.8986690e+06	1.7008478e+02	3.8666392e+15	9.0799866e-05
8.9073301e+06	1.7008478e+02	3.8281655e+15	8.9896393e-05
8.9159913e+06	1.7008478e+02	3.7900747e+15	8.9001908e-05
8.9246525e+06	1.7008478e+02	3.7523628e+15	8.8116325e-05
8.9333137e+06	1.7008478e+02	3.7150261e+15	8.7239553e-05
8.9419748e+06	1.7008478e+02	3.6780610e+15	8.6371505e-05
8.9506360e+06	1.7008478e+02	3.6414637e+15	8.5512094e-05
8.9592972e+06	1.7008478e+02	3.6052305e+15	8.4661234e-05
8.9679584e+06	1.7008478e+02	3.5693579e+15	8.3818841e-05
8.9766195e+06	1.7008478e+02	3.5338422e+15	8.2984829e-05
