# Formed from form_atmospheric_profiles_paper_model.py
# Z (cm)	T (K)	DEN (cm**-3)	P (bar)
0.0000000e+00	2.5000000e+02	5.7965413e+19	2.0007603e+00
1.2715405e+04	2.4940056e+02	5.7525535e+19	1.9808163e+00
2.5400322e+04	2.4880256e+02	5.7089041e+19	1.9610727e+00
3.8054824e+04	2.4820599e+02	5.6655905e+19	1.9415275e+00
5.0678983e+04	2.4761085e+02	5.6226097e+19	1.9221785e+00
6.3272872e+04	2.4701714e+02	5.5799590e+19	1.9030237e+00
7.5836564e+04	2.4642485e+02	5.5376356e+19	1.8840611e+00
8.8370131e+04	2.4583398e+02	5.4956370e+19	1.8652887e+00
1.0087365e+05	2.4524453e+02	5.4539603e+19	1.8467045e+00
1.1334718e+05	2.4465649e+02	5.4126029e+19	1.8283066e+00
1.2579081e+05	2.4406986e+02	5.3715623e+19	1.8100930e+00
1.3820459e+05	2.4348464e+02	5.3308359e+19	1.7920618e+00
1.5058862e+05	2.4290082e+02	5.2904210e+19	1.7742113e+00
1.6294295e+05	2.4231840e+02	5.2503152e+19	1.7565394e+00
1.7526765e+05	2.4173738e+02	5.2105160e+19	1.7390443e+00
1.8756281e+05	2.4115775e+02	5.1710208e+19	1.7217244e+00
1.9982848e+05	2.4057951e+02	5.1318274e+19	1.7045777e+00
2.1206475e+05	2.4000266e+02	5.0929331e+19	1.6876024e+00
2.2427167e+05	2.3942719e+02	5.0543357e+19	1.6707969e+00
2.3644933e+05	2.3885310e+02	5.0160327e+19	1.6541594e+00
2.4859778e+05	2.3828039e+02	4.9780218e+19	1.6376882e+00
2.6071711e+05	2.3770905e+02	4.9403007e+19	1.6213815e+00
2.7280738e+05	2.3713908e+02	4.9028671e+19	1.6052378e+00
2.8486866e+05	2.3657048e+02	4.8657188e+19	1.5892553e+00
2.9690101e+05	2.3600324e+02	4.8288533e+19	1.5734324e+00
3.0890452e+05	2.3543736e+02	4.7922686e+19	1.5577675e+00
3.2087925e+05	2.3487283e+02	4.7559624e+19	1.5422590e+00
3.3282526e+05	2.3430966e+02	4.7199326e+19	1.5269053e+00
3.4474263e+05	2.3374784e+02	4.6841768e+19	1.5117049e+00
3.5663142e+05	2.3318737e+02	4.6486931e+19	1.4966561e+00
3.6849171e+05	2.3262825e+02	4.6134792e+19	1.4817575e+00
3.8032356e+05	2.3207046e+02	4.5785331e+19	1.4670075e+00
3.9212704e+05	2.3151401e+02	4.5438527e+19	1.4524046e+00
4.0390222e+05	2.3095889e+02	4.5094358e+19	1.4379474e+00
4.1564916e+05	2.3040511e+02	4.4752805e+19	1.4236344e+00
4.2736794e+05	2.2985265e+02	4.4413847e+19	1.4094641e+00
4.3905862e+05	2.2930152e+02	4.4077464e+19	1.3954351e+00
4.5072127e+05	2.2875171e+02	4.3743636e+19	1.3815460e+00
4.6235595e+05	2.2820322e+02	4.3412343e+19	1.3677953e+00
4.7396273e+05	2.2765604e+02	4.3083566e+19	1.3541817e+00
4.8554169e+05	2.2711017e+02	4.2757285e+19	1.3407037e+00
4.9709288e+05	2.2656562e+02	4.2433480e+19	1.3273601e+00
5.0861638e+05	2.2602237e+02	4.2112134e+19	1.3141495e+00
5.2011224e+05	2.2548042e+02	4.1793226e+19	1.3010705e+00
5.3158054e+05	2.2493977e+02	4.1476737e+19	1.2881219e+00
5.4302134e+05	2.2440042e+02	4.1162651e+19	1.2753022e+00
5.5443471e+05	2.2386236e+02	4.0850947e+19	1.2626103e+00
5.6582071e+05	2.2332559e+02	4.0541607e+19	1.2500448e+00
5.7717942e+05	2.2279011e+02	4.0234614e+19	1.2376044e+00
5.8851088e+05	2.2225591e+02	3.9929949e+19	1.2252880e+00
5.9981518e+05	2.2172299e+02	3.9627594e+19	1.2130943e+00
6.1109237e+05	2.2119136e+02	3.9327532e+19	1.2010220e+00
6.2234252e+05	2.2066099e+02	3.9029746e+19	1.1890699e+00
6.3356570e+05	2.2013190e+02	3.8734217e+19	1.1772369e+00
6.4476196e+05	2.1960407e+02	3.8440928e+19	1.1655217e+00
6.5593138e+05	2.1907752e+02	3.8149863e+19	1.1539232e+00
6.6707402e+05	2.1855222e+02	3.7861004e+19	1.1424402e+00
6.7818994e+05	2.1802818e+02	3.7574335e+19	1.1310715e+00
6.8927920e+05	2.1750540e+02	3.7289838e+19	1.1198160e+00
7.0034188e+05	2.1698388e+02	3.7007497e+19	1.1086726e+00
7.1137803e+05	2.1646360e+02	3.6727296e+19	1.0976401e+00
7.2238772e+05	2.1594457e+02	3.6449219e+19	1.0867174e+00
7.3337101e+05	2.1542679e+02	3.6173248e+19	1.0759035e+00
7.4432797e+05	2.1491025e+02	3.5899369e+19	1.0651973e+00
7.5525865e+05	2.1439494e+02	3.5627564e+19	1.0545976e+00
7.6616313e+05	2.1388088e+02	3.5357819e+19	1.0441035e+00
7.7704146e+05	2.1336804e+02	3.5090118e+19	1.0337138e+00
7.8789370e+05	2.1285643e+02	3.4824445e+19	1.0234275e+00
7.9871992e+05	2.1234605e+02	3.4560784e+19	1.0132437e+00
8.0952019e+05	2.1183690e+02	3.4299121e+19	1.0031612e+00
8.2029456e+05	2.1132896e+02	3.4039440e+19	9.9317903e-01
8.3104309e+05	2.1082225e+02	3.3781726e+19	9.8329625e-01
8.4176585e+05	2.1031675e+02	3.3525963e+19	9.7351184e-01
8.5246290e+05	2.0981246e+02	3.3272139e+19	9.6382481e-01
8.6313431e+05	2.0930938e+02	3.3020236e+19	9.5423419e-01
8.7378012e+05	2.0880750e+02	3.2770242e+19	9.4473904e-01
8.8440041e+05	2.0830683e+02	3.2522141e+19	9.3533838e-01
8.9499523e+05	2.0780736e+02	3.2275919e+19	9.2603128e-01
9.0556465e+05	2.0730909e+02	3.2031562e+19	9.1681682e-01
9.1610873e+05	2.0681201e+02	3.1789055e+19	9.0769405e-01
9.2662752e+05	2.0631612e+02	3.1548385e+19	8.9866208e-01
9.3712109e+05	2.0582143e+02	3.1309538e+19	8.8972000e-01
9.4758951e+05	2.0532792e+02	3.1072499e+19	8.8086691e-01
9.5803282e+05	2.0483559e+02	3.0837255e+19	8.7210192e-01
9.6845109e+05	2.0434444e+02	3.0603793e+19	8.6342416e-01
9.7884438e+05	2.0385447e+02	3.0372099e+19	8.5483276e-01
9.8921274e+05	2.0336568e+02	3.0142159e+19	8.4632686e-01
9.9955625e+05	2.0287806e+02	2.9913960e+19	8.3790561e-01
1.0098750e+06	2.0239160e+02	2.9687489e+19	8.2956816e-01
1.0201689e+06	2.0190631e+02	2.9462734e+19	8.2131367e-01
1.0304382e+06	2.0142219e+02	2.9239680e+19	8.1314134e-01
1.0406829e+06	2.0093923e+02	2.9018314e+19	8.0505032e-01
1.0509030e+06	2.0045742e+02	2.8798626e+19	7.9703982e-01
1.0610986e+06	1.9997677e+02	2.8580600e+19	7.8910904e-01
1.0712697e+06	1.9949728e+02	2.8364225e+19	7.8125717e-01
1.0814164e+06	1.9901893e+02	2.8149489e+19	7.7348344e-01
1.0915389e+06	1.9854173e+02	2.7936379e+19	7.6578707e-01
1.1016370e+06	1.9806567e+02	2.7724882e+19	7.5816728e-01
1.1117110e+06	1.9759076e+02	2.7514986e+19	7.5062331e-01
1.1217608e+06	1.9711698e+02	2.7306680e+19	7.4315442e-01
1.1317864e+06	1.9664435e+02	2.7099951e+19	7.3575984e-01
1.1417881e+06	1.9617284e+02	2.6894787e+19	7.2843885e-01
1.1517658e+06	1.9570246e+02	2.6691177e+19	7.2119071e-01
1.1617195e+06	1.9523321e+02	2.6489108e+19	7.1401469e-01
1.1716494e+06	1.9476509e+02	2.6288568e+19	7.0691007e-01
1.1815555e+06	1.9429809e+02	2.6089548e+19	6.9987616e-01
1.1914378e+06	1.9383221e+02	2.5892034e+19	6.9291223e-01
1.2012964e+06	1.9336745e+02	2.5696015e+19	6.8601760e-01
1.2111314e+06	1.9290380e+02	2.5501481e+19	6.7919158e-01
1.2209428e+06	1.9244126e+02	2.5308419e+19	6.7243347e-01
1.2307306e+06	1.9197983e+02	2.5116819e+19	6.6574262e-01
1.2404951e+06	1.9151951e+02	2.4926670e+19	6.5911834e-01
1.2502360e+06	1.9106029e+02	2.4737960e+19	6.5255998e-01
1.2599537e+06	1.9060217e+02	2.4550679e+19	6.4606687e-01
1.2696480e+06	1.9014516e+02	2.4364816e+19	6.3963837e-01
1.2793191e+06	1.8968923e+02	2.4180360e+19	6.3327384e-01
1.2889670e+06	1.8923440e+02	2.3997300e+19	6.2697264e-01
1.2985918e+06	1.8878066e+02	2.3815627e+19	6.2073414e-01
1.3081935e+06	1.8845747e+02	2.3619093e+19	6.1455772e-01
1.3177874e+06	1.8834542e+02	2.3397990e+19	6.0844277e-01
1.3273756e+06	1.8823350e+02	2.3178949e+19	6.0238866e-01
1.3369581e+06	1.8812172e+02	2.2961951e+19	5.9639479e-01
1.3465349e+06	1.8801007e+02	2.2746976e+19	5.9046056e-01
1.3561061e+06	1.8789855e+02	2.2534006e+19	5.8458538e-01
1.3656715e+06	1.8778716e+02	2.2323022e+19	5.7876866e-01
1.3752313e+06	1.8767591e+02	2.2114005e+19	5.7300981e-01
1.3847855e+06	1.8756479e+02	2.1906938e+19	5.6730827e-01
1.3943339e+06	1.8745380e+02	2.1701803e+19	5.6166345e-01
1.4038768e+06	1.8734294e+02	2.1498580e+19	5.5607481e-01
1.4134140e+06	1.8723221e+02	2.1297253e+19	5.5054177e-01
1.4229455e+06	1.8712161e+02	2.1097805e+19	5.4506378e-01
1.4324714e+06	1.8701114e+02	2.0900216e+19	5.3964031e-01
1.4419918e+06	1.8690081e+02	2.0704471e+19	5.3427079e-01
1.4515064e+06	1.8679060e+02	2.0510552e+19	5.2895471e-01
1.4610155e+06	1.8668052e+02	2.0318443e+19	5.2369152e-01
1.4705190e+06	1.8657058e+02	2.0128125e+19	5.1848070e-01
1.4800169e+06	1.8646076e+02	1.9939584e+19	5.1332173e-01
1.4895092e+06	1.8635107e+02	1.9752802e+19	5.0821409e-01
1.4989959e+06	1.8624151e+02	1.9567762e+19	5.0315727e-01
1.5084770e+06	1.8613208e+02	1.9384449e+19	4.9815077e-01
1.5179526e+06	1.8602278e+02	1.9202847e+19	4.9319409e-01
1.5274226e+06	1.8591360e+02	1.9022940e+19	4.8828673e-01
1.5368870e+06	1.8580456e+02	1.8844712e+19	4.8342819e-01
1.5463459e+06	1.8569564e+02	1.8668147e+19	4.7861800e-01
1.5557993e+06	1.8558685e+02	1.8493230e+19	4.7385567e-01
1.5652471e+06	1.8547818e+02	1.8319946e+19	4.6914072e-01
1.5746894e+06	1.8536965e+02	1.8148279e+19	4.6447269e-01
1.5841262e+06	1.8526124e+02	1.7978215e+19	4.5985111e-01
1.5935574e+06	1.8515296e+02	1.7809738e+19	4.5527552e-01
1.6029831e+06	1.8504480e+02	1.7642834e+19	4.5074545e-01
1.6124034e+06	1.8493677e+02	1.7477488e+19	4.4626045e-01
1.6218181e+06	1.8482887e+02	1.7313686e+19	4.4182009e-01
1.6312273e+06	1.8472109e+02	1.7151413e+19	4.3742390e-01
1.6406311e+06	1.8461344e+02	1.6990656e+19	4.3307146e-01
1.6500294e+06	1.8450591e+02	1.6831399e+19	4.2876233e-01
1.6594222e+06	1.8439851e+02	1.6673630e+19	4.2449607e-01
1.6688095e+06	1.8429123e+02	1.6517333e+19	4.2027226e-01
1.6781914e+06	1.8418408e+02	1.6362497e+19	4.1609048e-01
1.6875678e+06	1.8407706e+02	1.6209106e+19	4.1195031e-01
1.6969388e+06	1.8397015e+02	1.6057148e+19	4.0785134e-01
1.7063043e+06	1.8386337e+02	1.5906609e+19	4.0379315e-01
1.7156645e+06	1.8375672e+02	1.5757476e+19	3.9977534e-01
1.7250191e+06	1.8365019e+02	1.5609736e+19	3.9579750e-01
1.7343684e+06	1.8354378e+02	1.5463376e+19	3.9185925e-01
1.7437122e+06	1.8343750e+02	1.5318383e+19	3.8796019e-01
1.7530507e+06	1.8333133e+02	1.5174745e+19	3.8409992e-01
1.7623837e+06	1.8322530e+02	1.5032448e+19	3.8027806e-01
1.7717113e+06	1.8311938e+02	1.4891481e+19	3.7649423e-01
1.7810336e+06	1.8301359e+02	1.4751831e+19	3.7274805e-01
1.7903504e+06	1.8290791e+02	1.4613486e+19	3.6903914e-01
1.7996619e+06	1.8280236e+02	1.4476433e+19	3.6536714e-01
1.8089680e+06	1.8269694e+02	1.4340661e+19	3.6173167e-01
1.8182687e+06	1.8259163e+02	1.4206157e+19	3.5813238e-01
1.8275641e+06	1.8248645e+02	1.4072910e+19	3.5456891e-01
1.8368541e+06	1.8238138e+02	1.3940909e+19	3.5104089e-01
1.8461388e+06	1.8227644e+02	1.3810141e+19	3.4754797e-01
1.8554182e+06	1.8217162e+02	1.3680595e+19	3.4408981e-01
1.8646922e+06	1.8206691e+02	1.3552260e+19	3.4066606e-01
1.8739608e+06	1.8196233e+02	1.3425124e+19	3.3727637e-01
1.8832242e+06	1.8185787e+02	1.3299177e+19	3.3392042e-01
1.8924822e+06	1.8175353e+02	1.3174406e+19	3.3059785e-01
1.9017350e+06	1.8164931e+02	1.3050803e+19	3.2730835e-01
1.9109824e+06	1.8154521e+02	1.2928354e+19	3.2405157e-01
1.9202245e+06	1.8144122e+02	1.2807050e+19	3.2082721e-01
1.9294613e+06	1.8133736e+02	1.2686880e+19	3.1763492e-01
1.9386929e+06	1.8123361e+02	1.2567834e+19	3.1447440e-01
1.9479192e+06	1.8112999e+02	1.2449901e+19	3.1134533e-01
1.9571402e+06	1.8102648e+02	1.2333070e+19	3.0824739e-01
1.9663559e+06	1.8092309e+02	1.2217331e+19	3.0518028e-01
1.9755663e+06	1.8081982e+02	1.2102675e+19	3.0214368e-01
1.9847716e+06	1.8071666e+02	1.1989091e+19	2.9913730e-01
1.9939715e+06	1.8061363e+02	1.1876569e+19	2.9616083e-01
2.0031662e+06	1.8051071e+02	1.1765099e+19	2.9321398e-01
2.0123557e+06	1.8040790e+02	1.1654672e+19	2.9029646e-01
2.0215399e+06	1.8030522e+02	1.1545277e+19	2.8740796e-01
2.0307190e+06	1.8020265e+02	1.1436906e+19	2.8454820e-01
2.0398928e+06	1.8010020e+02	1.1329548e+19	2.8171690e-01
2.0490613e+06	1.7999787e+02	1.1223194e+19	2.7891377e-01
2.0582247e+06	1.7989565e+02	1.1117835e+19	2.7613853e-01
2.0673829e+06	1.7979354e+02	1.1013462e+19	2.7339090e-01
2.0765359e+06	1.7969156e+02	1.0910065e+19	2.7067062e-01
2.0856837e+06	1.7958969e+02	1.0807635e+19	2.6797740e-01
2.0948263e+06	1.7948793e+02	1.0706163e+19	2.6531098e-01
2.1039637e+06	1.7938629e+02	1.0605641e+19	2.6267109e-01
2.1130959e+06	1.7928476e+02	1.0506059e+19	2.6005747e-01
2.1222230e+06	1.7918335e+02	1.0407409e+19	2.5746985e-01
2.1313449e+06	1.7908206e+02	1.0309681e+19	2.5490798e-01
2.1404617e+06	1.7898088e+02	1.0212869e+19	2.5237161e-01
2.1495733e+06	1.7887981e+02	1.0116962e+19	2.4986047e-01
2.1586798e+06	1.7877886e+02	1.0021952e+19	2.4737431e-01
2.1677811e+06	1.7867802e+02	9.9278320e+18	2.4491290e-01
2.1768773e+06	1.7857729e+02	9.8345924e+18	2.4247597e-01
2.1859684e+06	1.7847668e+02	9.7422254e+18	2.4006330e-01
2.1950544e+06	1.7837618e+02	9.6507229e+18	2.3767463e-01
2.2041352e+06	1.7827580e+02	9.5600768e+18	2.3530972e-01
2.2132109e+06	1.7817552e+02	9.4702790e+18	2.3296835e-01
2.2222816e+06	1.7807536e+02	9.3813218e+18	2.3065028e-01
2.2313471e+06	1.7797532e+02	9.2931972e+18	2.2835527e-01
2.2404075e+06	1.7787538e+02	9.2058976e+18	2.2608310e-01
2.2494629e+06	1.7777556e+02	9.1194151e+18	2.2383353e-01
2.2585132e+06	1.7767585e+02	9.0337423e+18	2.2160635e-01
2.2675584e+06	1.7757625e+02	8.9488715e+18	2.1940133e-01
2.2765985e+06	1.7747676e+02	8.8647952e+18	2.1721825e-01
2.2856336e+06	1.7737738e+02	8.7815061e+18	2.1505689e-01
2.2946636e+06	1.7727812e+02	8.6989968e+18	2.1291704e-01
2.3036885e+06	1.7717897e+02	8.6172601e+18	2.1079848e-01
2.3127084e+06	1.7707992e+02	8.5362887e+18	2.0870100e-01
2.3217233e+06	1.7698099e+02	8.4560755e+18	2.0662439e-01
2.3307331e+06	1.7688217e+02	8.3766134e+18	2.0456844e-01
2.3397379e+06	1.7678346e+02	8.2978955e+18	2.0253295e-01
2.3487377e+06	1.7668486e+02	8.2199147e+18	2.0051772e-01
2.3577325e+06	1.7658636e+02	8.1426642e+18	1.9852253e-01
2.3667222e+06	1.7648798e+02	8.0661373e+18	1.9654720e-01
2.3757070e+06	1.7638971e+02	7.9903270e+18	1.9459152e-01
2.3846867e+06	1.7629155e+02	7.9152268e+18	1.9265530e-01
2.3936615e+06	1.7619349e+02	7.8408301e+18	1.9073835e-01
2.4026312e+06	1.7609555e+02	7.7671302e+18	1.8884047e-01
2.4115960e+06	1.7599771e+02	7.6941207e+18	1.8696148e-01
2.4205558e+06	1.7589999e+02	7.6217951e+18	1.8510118e-01
2.4295106e+06	1.7580237e+02	7.5501470e+18	1.8325939e-01
2.4384605e+06	1.7570486e+02	7.4791702e+18	1.8143593e-01
2.4474053e+06	1.7560745e+02	7.4088583e+18	1.7963061e-01
2.4563453e+06	1.7551016e+02	7.3392052e+18	1.7784326e-01
2.4652802e+06	1.7541297e+02	7.2702046e+18	1.7607369e-01
2.4742103e+06	1.7531589e+02	7.2018506e+18	1.7432172e-01
2.4831354e+06	1.7521892e+02	7.1341371e+18	1.7258719e-01
2.4920555e+06	1.7512206e+02	7.0670580e+18	1.7086992e-01
2.5009707e+06	1.7502530e+02	7.0006075e+18	1.6916974e-01
2.5098810e+06	1.7492865e+02	6.9347798e+18	1.6748647e-01
2.5187864e+06	1.7483211e+02	6.8695689e+18	1.6581995e-01
2.5276869e+06	1.7473567e+02	6.8049691e+18	1.6417002e-01
2.5365825e+06	1.7463934e+02	6.7409748e+18	1.6253650e-01
2.5454731e+06	1.7454311e+02	6.6775803e+18	1.6091923e-01
2.5543589e+06	1.7444700e+02	6.6147799e+18	1.5931806e-01
2.5632397e+06	1.7435098e+02	6.5525682e+18	1.5773282e-01
2.5721157e+06	1.7425507e+02	6.4909396e+18	1.5616335e-01
2.5809868e+06	1.7415927e+02	6.4298887e+18	1.5460950e-01
2.5898531e+06	1.7406358e+02	6.3694101e+18	1.5307111e-01
2.5987144e+06	1.7396798e+02	6.3094984e+18	1.5154802e-01
2.6075709e+06	1.7387250e+02	6.2501484e+18	1.5004010e-01
2.6164225e+06	1.7377712e+02	6.1913548e+18	1.4854717e-01
2.6252693e+06	1.7368184e+02	6.1331124e+18	1.4706910e-01
2.6341112e+06	1.7358667e+02	6.0754160e+18	1.4560574e-01
2.6429483e+06	1.7349160e+02	6.0182607e+18	1.4415694e-01
2.6517805e+06	1.7339663e+02	5.9616412e+18	1.4272255e-01
2.6606080e+06	1.7330177e+02	5.9055526e+18	1.4130244e-01
2.6694305e+06	1.7320702e+02	5.8499900e+18	1.3989646e-01
2.6782483e+06	1.7311236e+02	5.7949484e+18	1.3850446e-01
2.6870612e+06	1.7301781e+02	5.7404230e+18	1.3712632e-01
2.6958694e+06	1.7292337e+02	5.6864089e+18	1.3576189e-01
2.7046727e+06	1.7282902e+02	5.6329014e+18	1.3441104e-01
2.7134712e+06	1.7273478e+02	5.5798957e+18	1.3307363e-01
2.7222649e+06	1.7264064e+02	5.5273872e+18	1.3174952e-01
2.7310539e+06	1.7254661e+02	5.4753711e+18	1.3043859e-01
2.7398380e+06	1.7245267e+02	5.4238430e+18	1.2914071e-01
2.7486174e+06	1.7235884e+02	5.3727982e+18	1.2785573e-01
2.7573920e+06	1.7226511e+02	5.3222321e+18	1.2658355e-01
2.7661618e+06	1.7217149e+02	5.2721405e+18	1.2532402e-01
2.7749269e+06	1.7207796e+02	5.2225187e+18	1.2407703e-01
2.7836872e+06	1.7198454e+02	5.1733625e+18	1.2284244e-01
2.7924427e+06	1.7189122e+02	5.1246674e+18	1.2162014e-01
2.8011935e+06	1.7179800e+02	5.0764292e+18	1.2041000e-01
2.8099395e+06	1.7170488e+02	5.0286436e+18	1.1921190e-01
2.8186809e+06	1.7161186e+02	4.9813063e+18	1.1802572e-01
2.8274174e+06	1.7151894e+02	4.9344132e+18	1.1685134e-01
2.8361493e+06	1.7142612e+02	4.8879601e+18	1.1568865e-01
2.8448764e+06	1.7133340e+02	4.8419429e+18	1.1453753e-01
2.8535988e+06	1.7124079e+02	4.7963575e+18	1.1339786e-01
2.8623165e+06	1.7114827e+02	4.7511999e+18	1.1226953e-01
2.8710295e+06	1.7105585e+02	4.7064660e+18	1.1115243e-01
2.8797377e+06	1.7096353e+02	4.6621520e+18	1.1004645e-01
2.8884413e+06	1.7087132e+02	4.6182539e+18	1.0895147e-01
2.8971402e+06	1.7077920e+02	4.5747678e+18	1.0786738e-01
2.9058344e+06	1.7068718e+02	4.5316899e+18	1.0679408e-01
2.9145239e+06	1.7059526e+02	4.4890163e+18	1.0573147e-01
2.9232087e+06	1.7050344e+02	4.4467432e+18	1.0467942e-01
2.9318889e+06	1.7041172e+02	4.4048670e+18	1.0363784e-01
2.9405644e+06	1.7032009e+02	4.3633839e+18	1.0260663e-01
2.9492352e+06	1.7022857e+02	4.3222901e+18	1.0158568e-01
2.9579014e+06	1.7013714e+02	4.2815822e+18	1.0057488e-01
2.9665629e+06	1.7008478e+02	4.2402848e+18	9.9574144e-02
2.9752241e+06	1.7008478e+02	4.1980933e+18	9.8583365e-02
2.9838853e+06	1.7008478e+02	4.1563215e+18	9.7602444e-02
2.9925464e+06	1.7008478e+02	4.1149654e+18	9.6631283e-02
3.0012076e+06	1.7008478e+02	4.0740209e+18	9.5669786e-02
3.0098688e+06	1.7008478e+02	4.0334837e+18	9.4717856e-02
3.0185300e+06	1.7008478e+02	3.9933498e+18	9.3775397e-02
3.0271912e+06	1.7008478e+02	3.9536153e+18	9.2842317e-02
3.0358523e+06	1.7008478e+02	3.9142762e+18	9.1918520e-02
3.0445135e+06	1.7008478e+02	3.8753285e+18	9.1003916e-02
3.0531747e+06	1.7008478e+02	3.8367684e+18	9.0098411e-02
3.0618359e+06	1.7008478e+02	3.7985919e+18	8.9201917e-02
3.0704970e+06	1.7008478e+02	3.7607952e+18	8.8314343e-02
3.0791582e+06	1.7008478e+02	3.7233747e+18	8.7435601e-02
3.0878194e+06	1.7008478e+02	3.6863265e+18	8.6565602e-02
3.0964806e+06	1.7008478e+02	3.6496470e+18	8.5704260e-02
3.1051418e+06	1.7008478e+02	3.6133324e+18	8.4851488e-02
3.1138029e+06	1.7008478e+02	3.5773791e+18	8.4007202e-02
3.1224641e+06	1.7008478e+02	3.5417836e+18	8.3171316e-02
3.1311253e+06	1.7008478e+02	3.5065422e+18	8.2343748e-02
3.1397865e+06	1.7008478e+02	3.4716516e+18	8.1524414e-02
3.1484476e+06	1.7008478e+02	3.4371081e+18	8.0713233e-02
3.1571088e+06	1.7008478e+02	3.4029083e+18	7.9910122e-02
3.1657700e+06	1.7008478e+02	3.3690488e+18	7.9115003e-02
3.1744312e+06	1.7008478e+02	3.3355262e+18	7.8327796e-02
3.1830923e+06	1.7008478e+02	3.3023371e+18	7.7548421e-02
3.1917535e+06	1.7008478e+02	3.2694783e+18	7.6776802e-02
3.2004147e+06	1.7008478e+02	3.2369465e+18	7.6012860e-02
3.2090759e+06	1.7008478e+02	3.2047383e+18	7.5256519e-02
3.2177371e+06	1.7008478e+02	3.1728506e+18	7.4507704e-02
3.2263982e+06	1.7008478e+02	3.1412802e+18	7.3766340e-02
3.2350594e+06	1.7008478e+02	3.1100240e+18	7.3032353e-02
3.2437206e+06	1.7008478e+02	3.0790787e+18	7.2305669e-02
3.2523818e+06	1.7008478e+02	3.0484414e+18	7.1586215e-02
3.2610429e+06	1.7008478e+02	3.0181089e+18	7.0873921e-02
3.2697041e+06	1.7008478e+02	2.9880782e+18	7.0168713e-02
3.2783653e+06	1.7008478e+02	2.9583463e+18	6.9470523e-02
3.2870265e+06	1.7008478e+02	2.9289103e+18	6.8779280e-02
3.2956877e+06	1.7008478e+02	2.8997671e+18	6.8094915e-02
3.3043488e+06	1.7008478e+02	2.8709140e+18	6.7417359e-02
3.3130100e+06	1.7008478e+02	2.8423479e+18	6.6746545e-02
3.3216712e+06	1.7008478e+02	2.8140661e+18	6.6082406e-02
3.3303324e+06	1.7008478e+02	2.7860656e+18	6.5424875e-02
3.3389935e+06	1.7008478e+02	2.7583438e+18	6.4773886e-02
3.3476547e+06	1.7008478e+02	2.7308978e+18	6.4129375e-02
3.3563159e+06	1.7008478e+02	2.7037250e+18	6.3491277e-02
3.3649771e+06	1.7008478e+02	2.6768224e+18	6.2859529e-02
3.3736383e+06	1.7008478e+02	2.6501876e+18	6.2234066e-02
3.3822994e+06	1.7008478e+02	2.6238178e+18	6.1614827e-02
3.3909606e+06	1.7008478e+02	2.5977104e+18	6.1001749e-02
3.3996218e+06	1.7008478e+02	2.5718627e+18	6.0394771e-02
3.4082830e+06	1.7008478e+02	2.5462723e+18	5.9793833e-02
3.4169441e+06	1.7008478e+02	2.5209364e+18	5.9198875e-02
3.4256053e+06	1.7008478e+02	2.4958527e+18	5.8609836e-02
3.4342665e+06	1.7008478e+02	2.4710186e+18	5.8026658e-02
3.4429277e+06	1.7008478e+02	2.4464315e+18	5.7449284e-02
3.4515888e+06	1.7008478e+02	2.4220891e+18	5.6877654e-02
3.4602500e+06	1.7008478e+02	2.3979889e+18	5.6311712e-02
3.4689112e+06	1.7008478e+02	2.3741285e+18	5.5751401e-02
3.4775724e+06	1.7008478e+02	2.3505056e+18	5.5196665e-02
3.4862336e+06	1.7008478e+02	2.3271176e+18	5.4647449e-02
3.4948947e+06	1.7008478e+02	2.3039624e+18	5.4103698e-02
3.5035559e+06	1.7008478e+02	2.2810376e+18	5.3565357e-02
3.5122171e+06	1.7008478e+02	2.2583409e+18	5.3032373e-02
3.5208783e+06	1.7008478e+02	2.2358701e+18	5.2504692e-02
3.5295394e+06	1.7008478e+02	2.2136228e+18	5.1982261e-02
3.5382006e+06	1.7008478e+02	2.1915969e+18	5.1465029e-02
3.5468618e+06	1.7008478e+02	2.1697901e+18	5.0952944e-02
3.5555230e+06	1.7008478e+02	2.1482003e+18	5.0445953e-02
3.5641842e+06	1.7008478e+02	2.1268254e+18	4.9944008e-02
3.5728453e+06	1.7008478e+02	2.1056631e+18	4.9447057e-02
3.5815065e+06	1.7008478e+02	2.0847114e+18	4.8955050e-02
3.5901677e+06	1.7008478e+02	2.0639682e+18	4.8467939e-02
3.5988289e+06	1.7008478e+02	2.0434314e+18	4.7985675e-02
3.6074900e+06	1.7008478e+02	2.0230989e+18	4.7508210e-02
3.6161512e+06	1.7008478e+02	2.0029687e+18	4.7035495e-02
3.6248124e+06	1.7008478e+02	1.9830388e+18	4.6567484e-02
3.6334736e+06	1.7008478e+02	1.9633073e+18	4.6104130e-02
3.6421348e+06	1.7008478e+02	1.9437720e+18	4.5645386e-02
3.6507959e+06	1.7008478e+02	1.9244312e+18	4.5191207e-02
3.6594571e+06	1.7008478e+02	1.9052828e+18	4.4741547e-02
3.6681183e+06	1.7008478e+02	1.8863249e+18	4.4296361e-02
3.6767795e+06	1.7008478e+02	1.8675557e+18	4.3855605e-02
3.6854406e+06	1.7008478e+02	1.8489732e+18	4.3419234e-02
3.6941018e+06	1.7008478e+02	1.8305756e+18	4.2987206e-02
3.7027630e+06	1.7008478e+02	1.8123610e+18	4.2559476e-02
3.7114242e+06	1.7008478e+02	1.7943277e+18	4.2136002e-02
3.7200853e+06	1.7008478e+02	1.7764739e+18	4.1716742e-02
3.7287465e+06	1.7008478e+02	1.7587977e+18	4.1301653e-02
3.7374077e+06	1.7008478e+02	1.7412973e+18	4.0890695e-02
3.7460689e+06	1.7008478e+02	1.7239711e+18	4.0483826e-02
3.7547301e+06	1.7008478e+02	1.7068173e+18	4.0081005e-02
3.7633912e+06	1.7008478e+02	1.6898342e+18	3.9682192e-02
3.7720524e+06	1.7008478e+02	1.6730201e+18	3.9287348e-02
3.7807136e+06	1.7008478e+02	1.6563733e+18	3.8896432e-02
3.7893748e+06	1.7008478e+02	1.6398921e+18	3.8509406e-02
3.7980359e+06	1.7008478e+02	1.6235749e+18	3.8126231e-02
3.8066971e+06	1.7008478e+02	1.6074200e+18	3.7746869e-02
3.8153583e+06	1.7008478e+02	1.5914259e+18	3.7371281e-02
3.8240195e+06	1.7008478e+02	1.5755910e+18	3.6999431e-02
3.8326807e+06	1.7008478e+02	1.5599136e+18	3.6631281e-02
3.8413418e+06	1.7008478e+02	1.5443922e+18	3.6266793e-02
3.8500030e+06	1.7008478e+02	1.5290252e+18	3.5905933e-02
3.8586642e+06	1.7008478e+02	1.5138112e+18	3.5548663e-02
3.8673254e+06	1.7008478e+02	1.4987485e+18	3.5194947e-02
3.8759865e+06	1.7008478e+02	1.4838357e+18	3.4844752e-02
3.8846477e+06	1.7008478e+02	1.4690713e+18	3.4498041e-02
3.8933089e+06	1.7008478e+02	1.4544538e+18	3.4154780e-02
3.9019701e+06	1.7008478e+02	1.4399817e+18	3.3814934e-02
3.9106313e+06	1.7008478e+02	1.4256537e+18	3.3478470e-02
3.9192924e+06	1.7008478e+02	1.4114682e+18	3.3145353e-02
3.9279536e+06	1.7008478e+02	1.3974239e+18	3.2815551e-02
3.9366148e+06	1.7008478e+02	1.3835193e+18	3.2489031e-02
3.9452760e+06	1.7008478e+02	1.3697530e+18	3.2165760e-02
3.9539371e+06	1.7008478e+02	1.3561237e+18	3.1845705e-02
3.9625983e+06	1.7008478e+02	1.3426301e+18	3.1528835e-02
3.9712595e+06	1.7008478e+02	1.3292707e+18	3.1215118e-02
3.9799207e+06	1.7008478e+02	1.3160442e+18	3.0904523e-02
3.9885818e+06	1.7008478e+02	1.3029494e+18	3.0597017e-02
3.9972430e+06	1.7008478e+02	1.2899848e+18	3.0292572e-02
4.0059042e+06	1.7008478e+02	1.2771492e+18	2.9991156e-02
4.0145654e+06	1.7008478e+02	1.2644414e+18	2.9692739e-02
4.0232266e+06	1.7008478e+02	1.2518600e+18	2.9397291e-02
4.0318877e+06	1.7008478e+02	1.2394038e+18	2.9104783e-02
4.0405489e+06	1.7008478e+02	1.2270715e+18	2.8815186e-02
4.0492101e+06	1.7008478e+02	1.2148619e+18	2.8528470e-02
4.0578713e+06	1.7008478e+02	1.2027739e+18	2.8244607e-02
4.0665324e+06	1.7008478e+02	1.1908061e+18	2.7963568e-02
4.0751936e+06	1.7008478e+02	1.1789573e+18	2.7685326e-02
4.0838548e+06	1.7008478e+02	1.1672265e+18	2.7409853e-02
4.0925160e+06	1.7008478e+02	1.1556124e+18	2.7137120e-02
4.1011772e+06	1.7008478e+02	1.1441139e+18	2.6867101e-02
4.1098383e+06	1.7008478e+02	1.1327298e+18	2.6599769e-02
4.1184995e+06	1.7008478e+02	1.1214589e+18	2.6335097e-02
4.1271607e+06	1.7008478e+02	1.1103002e+18	2.6073058e-02
4.1358219e+06	1.7008478e+02	1.0992525e+18	2.5813627e-02
4.1444830e+06	1.7008478e+02	1.0883148e+18	2.5556777e-02
4.1531442e+06	1.7008478e+02	1.0774859e+18	2.5302483e-02
4.1618054e+06	1.7008478e+02	1.0667647e+18	2.5050719e-02
4.1704666e+06	1.7008478e+02	1.0561502e+18	2.4801460e-02
4.1791278e+06	1.7008478e+02	1.0456414e+18	2.4554682e-02
4.1877889e+06	1.7008478e+02	1.0352371e+18	2.4310358e-02
4.1964501e+06	1.7008478e+02	1.0249363e+18	2.4068466e-02
4.2051113e+06	1.7008478e+02	1.0147380e+18	2.3828981e-02
4.2137725e+06	1.7008478e+02	1.0046412e+18	2.3591879e-02
4.2224336e+06	1.7008478e+02	9.9464483e+17	2.3357136e-02
4.2310948e+06	1.7008478e+02	9.8474795e+17	2.3124728e-02
4.2397560e+06	1.7008478e+02	9.7494954e+17	2.2894633e-02
4.2484172e+06	1.7008478e+02	9.6524863e+17	2.2666828e-02
4.2570783e+06	1.7008478e+02	9.5564425e+17	2.2441289e-02
4.2657395e+06	1.7008478e+02	9.4613543e+17	2.2217995e-02
4.2744007e+06	1.7008478e+02	9.3672122e+17	2.1996922e-02
4.2830619e+06	1.7008478e+02	9.2740069e+17	2.1778049e-02
4.2917231e+06	1.7008478e+02	9.1817290e+17	2.1561354e-02
4.3003842e+06	1.7008478e+02	9.0903693e+17	2.1346815e-02
4.3090454e+06	1.7008478e+02	8.9999186e+17	2.1134410e-02
4.3177066e+06	1.7008478e+02	8.9103679e+17	2.0924119e-02
4.3263678e+06	1.7008478e+02	8.8217082e+17	2.0715921e-02
4.3350289e+06	1.7008478e+02	8.7339308e+17	2.0509794e-02
4.3436901e+06	1.7008478e+02	8.6470267e+17	2.0305718e-02
4.3523513e+06	1.7008478e+02	8.5609874e+17	2.0103673e-02
4.3610125e+06	1.7008478e+02	8.4758041e+17	1.9903638e-02
4.3696737e+06	1.7008478e+02	8.3914685e+17	1.9705594e-02
4.3783348e+06	1.7008478e+02	8.3079720e+17	1.9509520e-02
4.3869960e+06	1.7008478e+02	8.2253062e+17	1.9315397e-02
4.3956572e+06	1.7008478e+02	8.1434631e+17	1.9123205e-02
4.4043184e+06	1.7008478e+02	8.0624343e+17	1.8932926e-02
4.4129795e+06	1.7008478e+02	7.9822117e+17	1.8744540e-02
4.4216407e+06	1.7008478e+02	7.9027874e+17	1.8558029e-02
4.4303019e+06	1.7008478e+02	7.8241533e+17	1.8373374e-02
4.4389631e+06	1.7008478e+02	7.7463017e+17	1.8190556e-02
4.4476243e+06	1.7008478e+02	7.6692247e+17	1.8009557e-02
4.4562854e+06	1.7008478e+02	7.5929147e+17	1.7830358e-02
4.4649466e+06	1.7008478e+02	7.5173639e+17	1.7652943e-02
4.4736078e+06	1.7008478e+02	7.4425649e+17	1.7477294e-02
4.4822690e+06	1.7008478e+02	7.3685101e+17	1.7303392e-02
4.4909301e+06	1.7008478e+02	7.2951922e+17	1.7131220e-02
4.4995913e+06	1.7008478e+02	7.2226038e+17	1.6960762e-02
4.5082525e+06	1.7008478e+02	7.1507377e+17	1.6791999e-02
4.5169137e+06	1.7008478e+02	7.0795867e+17	1.6624916e-02
4.5255748e+06	1.7008478e+02	7.0091436e+17	1.6459495e-02
4.5342360e+06	1.7008478e+02	6.9394015e+17	1.6295721e-02
4.5428972e+06	1.7008478e+02	6.8703533e+17	1.6133575e-02
4.5515584e+06	1.7008478e+02	6.8019921e+17	1.5973044e-02
4.5602196e+06	1.7008478e+02	6.7343112e+17	1.5814109e-02
4.5688807e+06	1.7008478e+02	6.6673037e+17	1.5656756e-02
4.5775419e+06	1.7008478e+02	6.6009629e+17	1.5500969e-02
4.5862031e+06	1.7008478e+02	6.5352822e+17	1.5346732e-02
4.5948643e+06	1.7008478e+02	6.4702551e+17	1.5194029e-02
4.6035254e+06	1.7008478e+02	6.4058749e+17	1.5042846e-02
4.6121866e+06	1.7008478e+02	6.3421354e+17	1.4893167e-02
4.6208478e+06	1.7008478e+02	6.2790301e+17	1.4744978e-02
4.6295090e+06	1.7008478e+02	6.2165527e+17	1.4598263e-02
4.6381702e+06	1.7008478e+02	6.1546970e+17	1.4453008e-02
4.6468313e+06	1.7008478e+02	6.0934567e+17	1.4309198e-02
4.6554925e+06	1.7008478e+02	6.0328258e+17	1.4166819e-02
4.6641537e+06	1.7008478e+02	5.9727982e+17	1.4025857e-02
4.6728149e+06	1.7008478e+02	5.9133679e+17	1.3886297e-02
4.6814760e+06	1.7008478e+02	5.8545289e+17	1.3748126e-02
4.6901372e+06	1.7008478e+02	5.7962753e+17	1.3611330e-02
4.6987984e+06	1.7008478e+02	5.7386014e+17	1.3475895e-02
4.7074596e+06	1.7008478e+02	5.6815014e+17	1.3341808e-02
4.7161208e+06	1.7008478e+02	5.6249695e+17	1.3209054e-02
4.7247819e+06	1.7008478e+02	5.5690001e+17	1.3077622e-02
4.7334431e+06	1.7008478e+02	5.5135877e+17	1.2947498e-02
4.7421043e+06	1.7008478e+02	5.4587266e+17	1.2818668e-02
4.7507655e+06	1.7008478e+02	5.4044113e+17	1.2691120e-02
4.7594266e+06	1.7008478e+02	5.3506365e+17	1.2564841e-02
4.7680878e+06	1.7008478e+02	5.2973968e+17	1.2439819e-02
4.7767490e+06	1.7008478e+02	5.2446868e+17	1.2316041e-02
4.7854102e+06	1.7008478e+02	5.1925013e+17	1.2193494e-02
4.7940714e+06	1.7008478e+02	5.1408351e+17	1.2072167e-02
4.8027325e+06	1.7008478e+02	5.0896829e+17	1.1952047e-02
4.8113937e+06	1.7008478e+02	5.0390397e+17	1.1833122e-02
4.8200549e+06	1.7008478e+02	4.9889004e+17	1.1715380e-02
4.8287161e+06	1.7008478e+02	4.9392600e+17	1.1598810e-02
4.8373772e+06	1.7008478e+02	4.8901136e+17	1.1483400e-02
4.8460384e+06	1.7008478e+02	4.8414561e+17	1.1369138e-02
4.8546996e+06	1.7008478e+02	4.7932828e+17	1.1256014e-02
4.8633608e+06	1.7008478e+02	4.7455889e+17	1.1144014e-02
4.8720219e+06	1.7008478e+02	4.6983695e+17	1.1033130e-02
4.8806831e+06	1.7008478e+02	4.6516199e+17	1.0923348e-02
4.8893443e+06	1.7008478e+02	4.6053355e+17	1.0814659e-02
4.8980055e+06	1.7008478e+02	4.5595117e+17	1.0707051e-02
4.9066667e+06	1.7008478e+02	4.5141438e+17	1.0600514e-02
4.9153278e+06	1.7008478e+02	4.4692273e+17	1.0495038e-02
4.9239890e+06	1.7008478e+02	4.4247577e+17	1.0390610e-02
4.9326502e+06	1.7008478e+02	4.3807307e+17	1.0287222e-02
4.9413114e+06	1.7008478e+02	4.3371417e+17	1.0184862e-02
4.9499725e+06	1.7008478e+02	4.2939864e+17	1.0083521e-02
4.9586337e+06	1.7008478e+02	4.2512605e+17	9.9831886e-03
4.9672949e+06	1.7008478e+02	4.2089598e+17	9.8838542e-03
4.9759561e+06	1.7008478e+02	4.1670799e+17	9.7855082e-03
4.9846173e+06	1.7008478e+02	4.1256168e+17	9.6881407e-03
4.9932784e+06	1.7008478e+02	4.0845662e+17	9.5917421e-03
5.0019396e+06	1.7008478e+02	4.0439241e+17	9.4963027e-03
5.0106008e+06	1.7008478e+02	4.0036864e+17	9.4018129e-03
5.0192620e+06	1.7008478e+02	3.9638490e+17	9.3082633e-03
5.0279231e+06	1.7008478e+02	3.9244081e+17	9.2156445e-03
5.0365843e+06	1.7008478e+02	3.8853596e+17	9.1239474e-03
5.0452455e+06	1.7008478e+02	3.8466996e+17	9.0331626e-03
5.0539067e+06	1.7008478e+02	3.8084243e+17	8.9432811e-03
5.0625679e+06	1.7008478e+02	3.7705298e+17	8.8542940e-03
5.0712290e+06	1.7008478e+02	3.7330124e+17	8.7661923e-03
5.0798902e+06	1.7008478e+02	3.6958683e+17	8.6789672e-03
5.0885514e+06	1.7008478e+02	3.6590938e+17	8.5926100e-03
5.0972126e+06	1.7008478e+02	3.6226852e+17	8.5071121e-03
5.1058737e+06	1.7008478e+02	3.5866389e+17	8.4224649e-03
5.1145349e+06	1.7008478e+02	3.5509513e+17	8.3386600e-03
5.1231961e+06	1.7008478e+02	3.5156187e+17	8.2556890e-03
5.1318573e+06	1.7008478e+02	3.4806377e+17	8.1735435e-03
5.1405184e+06	1.7008478e+02	3.4460048e+17	8.0922154e-03
5.1491796e+06	1.7008478e+02	3.4117165e+17	8.0116965e-03
5.1578408e+06	1.7008478e+02	3.3777693e+17	7.9319788e-03
5.1665020e+06	1.7008478e+02	3.3441600e+17	7.8530543e-03
5.1751632e+06	1.7008478e+02	3.3108850e+17	7.7749151e-03
5.1838243e+06	1.7008478e+02	3.2779412e+17	7.6975534e-03
5.1924855e+06	1.7008478e+02	3.2453251e+17	7.6209614e-03
5.2011467e+06	1.7008478e+02	3.2130336e+17	7.5451316e-03
5.2098079e+06	1.7008478e+02	3.1810634e+17	7.4700563e-03
5.2184690e+06	1.7008478e+02	3.1494112e+17	7.3957280e-03
5.2271302e+06	1.7008478e+02	3.1180741e+17	7.3221393e-03
5.2357914e+06	1.7008478e+02	3.0870487e+17	7.2492828e-03
5.2444526e+06	1.7008478e+02	3.0563321e+17	7.1771512e-03
5.2531138e+06	1.7008478e+02	3.0259211e+17	7.1057373e-03
5.2617749e+06	1.7008478e+02	2.9958126e+17	7.0350341e-03
5.2704361e+06	1.7008478e+02	2.9660038e+17	6.9650343e-03
5.2790973e+06	1.7008478e+02	2.9364916e+17	6.8957311e-03
5.2877585e+06	1.7008478e+02	2.9072730e+17	6.8271174e-03
5.2964196e+06	1.7008478e+02	2.8783452e+17	6.7591864e-03
5.3050808e+06	1.7008478e+02	2.8497051e+17	6.6919314e-03
5.3137420e+06	1.7008478e+02	2.8213501e+17	6.6253456e-03
5.3224032e+06	1.7008478e+02	2.7932772e+17	6.5594223e-03
5.3310644e+06	1.7008478e+02	2.7654836e+17	6.4941550e-03
5.3397255e+06	1.7008478e+02	2.7379666e+17	6.4295370e-03
5.3483867e+06	1.7008478e+02	2.7107234e+17	6.3655621e-03
5.3570479e+06	1.7008478e+02	2.6837512e+17	6.3022237e-03
5.3657091e+06	1.7008478e+02	2.6570475e+17	6.2395155e-03
5.3743702e+06	1.7008478e+02	2.6306094e+17	6.1774313e-03
5.3830314e+06	1.7008478e+02	2.6044344e+17	6.1159648e-03
5.3916926e+06	1.7008478e+02	2.5785198e+17	6.0551099e-03
5.4003538e+06	1.7008478e+02	2.5528631e+17	5.9948606e-03
5.4090149e+06	1.7008478e+02	2.5274617e+17	5.9352107e-03
5.4176761e+06	1.7008478e+02	2.5023131e+17	5.8761544e-03
5.4263373e+06	1.7008478e+02	2.4774146e+17	5.8176857e-03
5.4349985e+06	1.7008478e+02	2.4527639e+17	5.7597987e-03
5.4436597e+06	1.7008478e+02	2.4283585e+17	5.7024878e-03
5.4523208e+06	1.7008478e+02	2.4041960e+17	5.6457471e-03
5.4609820e+06	1.7008478e+02	2.3802738e+17	5.5895710e-03
5.4696432e+06	1.7008478e+02	2.3565897e+17	5.5339538e-03
5.4783044e+06	1.7008478e+02	2.3331412e+17	5.4788900e-03
5.4869655e+06	1.7008478e+02	2.3099261e+17	5.4243742e-03
5.4956267e+06	1.7008478e+02	2.2869419e+17	5.3704008e-03
5.5042879e+06	1.7008478e+02	2.2641865e+17	5.3169644e-03
5.5129491e+06	1.7008478e+02	2.2416575e+17	5.2640597e-03
5.5216103e+06	1.7008478e+02	2.2193526e+17	5.2116814e-03
5.5302714e+06	1.7008478e+02	2.1972697e+17	5.1598243e-03
5.5389326e+06	1.7008478e+02	2.1754065e+17	5.1084832e-03
5.5475938e+06	1.7008478e+02	2.1537608e+17	5.0576530e-03
5.5562550e+06	1.7008478e+02	2.1323305e+17	5.0073285e-03
5.5649161e+06	1.7008478e+02	2.1111135e+17	4.9575047e-03
5.5735773e+06	1.7008478e+02	2.0901076e+17	4.9081767e-03
5.5822385e+06	1.7008478e+02	2.0693106e+17	4.8593396e-03
5.5908997e+06	1.7008478e+02	2.0487207e+17	4.8109883e-03
5.5995609e+06	1.7008478e+02	2.0283355e+17	4.7631182e-03
5.6082220e+06	1.7008478e+02	2.0081533e+17	4.7157244e-03
5.6168832e+06	1.7008478e+02	1.9881718e+17	4.6688021e-03
5.6255444e+06	1.7008478e+02	1.9683892e+17	4.6223468e-03
5.6342056e+06	1.7008478e+02	1.9488034e+17	4.5763536e-03
5.6428667e+06	1.7008478e+02	1.9294125e+17	4.5308182e-03
5.6515279e+06	1.7008478e+02	1.9102145e+17	4.4857358e-03
5.6601891e+06	1.7008478e+02	1.8912075e+17	4.4411020e-03
5.6688503e+06	1.7008478e+02	1.8723897e+17	4.3969123e-03
5.6775114e+06	1.7008478e+02	1.8537591e+17	4.3531622e-03
5.6861726e+06	1.7008478e+02	1.8353139e+17	4.3098476e-03
5.6948338e+06	1.7008478e+02	1.8170522e+17	4.2669639e-03
5.7034950e+06	1.7008478e+02	1.7989723e+17	4.2245069e-03
5.7121562e+06	1.7008478e+02	1.7810722e+17	4.1824723e-03
5.7208173e+06	1.7008478e+02	1.7633502e+17	4.1408560e-03
5.7294785e+06	1.7008478e+02	1.7458046e+17	4.0996538e-03
5.7381397e+06	1.7008478e+02	1.7284335e+17	4.0588616e-03
5.7468009e+06	1.7008478e+02	1.7112353e+17	4.0184752e-03
5.7554620e+06	1.7008478e+02	1.6942083e+17	3.9784907e-03
5.7641232e+06	1.7008478e+02	1.6773506e+17	3.9389041e-03
5.7727844e+06	1.7008478e+02	1.6606607e+17	3.8997113e-03
5.7814456e+06	1.7008478e+02	1.6441368e+17	3.8609086e-03
5.7901068e+06	1.7008478e+02	1.6277774e+17	3.8224919e-03
5.7987679e+06	1.7008478e+02	1.6115808e+17	3.7844574e-03
5.8074291e+06	1.7008478e+02	1.5955453e+17	3.7468015e-03
5.8160903e+06	1.7008478e+02	1.5796693e+17	3.7095202e-03
5.8247515e+06	1.7008478e+02	1.5639513e+17	3.6726098e-03
5.8334126e+06	1.7008478e+02	1.5483898e+17	3.6360667e-03
5.8420738e+06	1.7008478e+02	1.5329830e+17	3.5998873e-03
5.8507350e+06	1.7008478e+02	1.5177296e+17	3.5640678e-03
5.8593962e+06	1.7008478e+02	1.5026279e+17	3.5286047e-03
5.8680574e+06	1.7008478e+02	1.4876765e+17	3.4934945e-03
5.8767185e+06	1.7008478e+02	1.4728739e+17	3.4587337e-03
5.8853797e+06	1.7008478e+02	1.4582186e+17	3.4243187e-03
5.8940409e+06	1.7008478e+02	1.4437090e+17	3.3902462e-03
5.9027021e+06	1.7008478e+02	1.4293439e+17	3.3565127e-03
5.9113632e+06	1.7008478e+02	1.4151217e+17	3.3231148e-03
5.9200244e+06	1.7008478e+02	1.4010410e+17	3.2900492e-03
5.9286856e+06	1.7008478e+02	1.3871004e+17	3.2573127e-03
5.9373468e+06	1.7008478e+02	1.3732985e+17	3.2249019e-03
5.9460079e+06	1.7008478e+02	1.3596340e+17	3.1928136e-03
5.9546691e+06	1.7008478e+02	1.3461054e+17	3.1610446e-03
5.9633303e+06	1.7008478e+02	1.3327114e+17	3.1295917e-03
5.9719915e+06	1.7008478e+02	1.3194507e+17	3.0984517e-03
5.9806527e+06	1.7008478e+02	1.3063220e+17	3.0676216e-03
5.9893138e+06	1.7008478e+02	1.2933238e+17	3.0370982e-03
5.9979750e+06	1.7008478e+02	1.2804551e+17	3.0068786e-03
6.0066362e+06	1.7008478e+02	1.2677143e+17	2.9769597e-03
6.0152974e+06	1.7008478e+02	1.2551004e+17	2.9473384e-03
6.0239585e+06	1.7008478e+02	1.2426119e+17	2.9180119e-03
6.0326197e+06	1.7008478e+02	1.2302477e+17	2.8889772e-03
6.0412809e+06	1.7008478e+02	1.2180065e+17	2.8602314e-03
6.0499421e+06	1.7008478e+02	1.2058872e+17	2.8317716e-03
6.0586033e+06	1.7008478e+02	1.1938884e+17	2.8035950e-03
6.0672644e+06	1.7008478e+02	1.1820090e+17	2.7756988e-03
6.0759256e+06	1.7008478e+02	1.1702478e+17	2.7480801e-03
6.0845868e+06	1.7008478e+02	1.1586036e+17	2.7207363e-03
6.0932480e+06	1.7008478e+02	1.1470754e+17	2.6936645e-03
6.1019091e+06	1.7008478e+02	1.1356618e+17	2.6668621e-03
6.1105703e+06	1.7008478e+02	1.1243617e+17	2.6403264e-03
6.1192315e+06	1.7008478e+02	1.1131742e+17	2.6140547e-03
6.1278927e+06	1.7008478e+02	1.1020979e+17	2.5880444e-03
6.1365539e+06	1.7008478e+02	1.0911318e+17	2.5622929e-03
6.1452150e+06	1.7008478e+02	1.0802749e+17	2.5367977e-03
6.1538762e+06	1.7008478e+02	1.0695260e+17	2.5115561e-03
6.1625374e+06	1.7008478e+02	1.0588840e+17	2.4865657e-03
6.1711986e+06	1.7008478e+02	1.0483479e+17	2.4618240e-03
6.1798597e+06	1.7008478e+02	1.0379167e+17	2.4373284e-03
6.1885209e+06	1.7008478e+02	1.0275893e+17	2.4130766e-03
6.1971821e+06	1.7008478e+02	1.0173646e+17	2.3890661e-03
6.2058433e+06	1.7008478e+02	1.0072416e+17	2.3652945e-03
6.2145044e+06	1.7008478e+02	9.9721940e+16	2.3417594e-03
6.2231656e+06	1.7008478e+02	9.8729690e+16	2.3184585e-03
6.2318268e+06	1.7008478e+02	9.7747314e+16	2.2953895e-03
6.2404880e+06	1.7008478e+02	9.6774712e+16	2.2725500e-03
6.2491492e+06	1.7008478e+02	9.5811787e+16	2.2499377e-03
6.2578103e+06	1.7008478e+02	9.4858444e+16	2.2275505e-03
6.2664715e+06	1.7008478e+02	9.3914587e+16	2.2053860e-03
6.2751327e+06	1.7008478e+02	9.2980121e+16	2.1834420e-03
6.2837939e+06	1.7008478e+02	9.2054953e+16	2.1617164e-03
6.2924550e+06	1.7008478e+02	9.1138991e+16	2.1402070e-03
6.3011162e+06	1.7008478e+02	9.0232143e+16	2.1189115e-03
6.3097774e+06	1.7008478e+02	8.9334318e+16	2.0978280e-03
6.3184386e+06	1.7008478e+02	8.8445427e+16	2.0769543e-03
6.3270998e+06	1.7008478e+02	8.7565380e+16	2.0562882e-03
6.3357609e+06	1.7008478e+02	8.6694090e+16	2.0358278e-03
6.3444221e+06	1.7008478e+02	8.5831469e+16	2.0155710e-03
6.3530833e+06	1.7008478e+02	8.4977432e+16	1.9955157e-03
6.3617445e+06	1.7008478e+02	8.4131892e+16	1.9756600e-03
6.3704056e+06	1.7008478e+02	8.3294766e+16	1.9560019e-03
6.3790668e+06	1.7008478e+02	8.2465969e+16	1.9365393e-03
6.3877280e+06	1.7008478e+02	8.1645419e+16	1.9172705e-03
6.3963892e+06	1.7008478e+02	8.0833034e+16	1.8981933e-03
6.4050504e+06	1.7008478e+02	8.0028732e+16	1.8793060e-03
6.4137115e+06	1.7008478e+02	7.9232432e+16	1.8606065e-03
6.4223727e+06	1.7008478e+02	7.8444057e+16	1.8420932e-03
6.4310339e+06	1.7008478e+02	7.7663525e+16	1.8237641e-03
6.4396951e+06	1.7008478e+02	7.6890760e+16	1.8056173e-03
6.4483562e+06	1.7008478e+02	7.6125684e+16	1.7876511e-03
6.4570174e+06	1.7008478e+02	7.5368221e+16	1.7698637e-03
6.4656786e+06	1.7008478e+02	7.4618295e+16	1.7522533e-03
6.4743398e+06	1.7008478e+02	7.3875830e+16	1.7348180e-03
6.4830009e+06	1.7008478e+02	7.3140754e+16	1.7175563e-03
6.4916621e+06	1.7008478e+02	7.2412991e+16	1.7004663e-03
6.5003233e+06	1.7008478e+02	7.1692470e+16	1.6835464e-03
6.5089845e+06	1.7008478e+02	7.0979118e+16	1.6667949e-03
6.5176457e+06	1.7008478e+02	7.0272864e+16	1.6502100e-03
6.5263068e+06	1.7008478e+02	6.9573637e+16	1.6337901e-03
6.5349680e+06	1.7008478e+02	6.8881368e+16	1.6175336e-03
6.5436292e+06	1.7008478e+02	6.8195987e+16	1.6014389e-03
6.5522904e+06	1.7008478e+02	6.7517425e+16	1.5855043e-03
6.5609515e+06	1.7008478e+02	6.6845616e+16	1.5697283e-03
6.5696127e+06	1.7008478e+02	6.6180491e+16	1.5541092e-03
6.5782739e+06	1.7008478e+02	6.5521984e+16	1.5386456e-03
6.5869351e+06	1.7008478e+02	6.4870029e+16	1.5233358e-03
6.5955963e+06	1.7008478e+02	6.4224562e+16	1.5081784e-03
6.6042574e+06	1.7008478e+02	6.3585516e+16	1.4931717e-03
6.6129186e+06	1.7008478e+02	6.2952830e+16	1.4783144e-03
6.6215798e+06	1.7008478e+02	6.2326439e+16	1.4636049e-03
6.6302410e+06	1.7008478e+02	6.1706280e+16	1.4490418e-03
6.6389021e+06	1.7008478e+02	6.1092293e+16	1.4346236e-03
6.6475633e+06	1.7008478e+02	6.0484414e+16	1.4203489e-03
6.6562245e+06	1.7008478e+02	5.9882584e+16	1.4062162e-03
6.6648857e+06	1.7008478e+02	5.9286743e+16	1.3922241e-03
6.6735469e+06	1.7008478e+02	5.8696830e+16	1.3783712e-03
6.6822080e+06	1.7008478e+02	5.8112786e+16	1.3646562e-03
6.6908692e+06	1.7008478e+02	5.7534555e+16	1.3510777e-03
6.6995304e+06	1.7008478e+02	5.6962076e+16	1.3376342e-03
6.7081916e+06	1.7008478e+02	5.6395294e+16	1.3243245e-03
6.7168527e+06	1.7008478e+02	5.5834151e+16	1.3111473e-03
6.7255139e+06	1.7008478e+02	5.5278592e+16	1.2981011e-03
6.7341751e+06	1.7008478e+02	5.4728561e+16	1.2851848e-03
6.7428363e+06	1.7008478e+02	5.4184003e+16	1.2723970e-03
6.7514974e+06	1.7008478e+02	5.3644863e+16	1.2597365e-03
6.7601586e+06	1.7008478e+02	5.3111088e+16	1.2472019e-03
6.7688198e+06	1.7008478e+02	5.2582624e+16	1.2347920e-03
6.7774810e+06	1.7008478e+02	5.2059418e+16	1.2225056e-03
6.7861422e+06	1.7008478e+02	5.1541418e+16	1.2103415e-03
6.7948033e+06	1.7008478e+02	5.1028572e+16	1.1982984e-03
6.8034645e+06	1.7008478e+02	5.0520829e+16	1.1863751e-03
6.8121257e+06	1.7008478e+02	5.0018139e+16	1.1745705e-03
6.8207869e+06	1.7008478e+02	4.9520450e+16	1.1628833e-03
6.8294480e+06	1.7008478e+02	4.9027713e+16	1.1513124e-03
6.8381092e+06	1.7008478e+02	4.8539879e+16	1.1398567e-03
6.8467704e+06	1.7008478e+02	4.8056900e+16	1.1285149e-03
6.8554316e+06	1.7008478e+02	4.7578725e+16	1.1172860e-03
6.8640928e+06	1.7008478e+02	4.7105309e+16	1.1061688e-03
6.8727539e+06	1.7008478e+02	4.6636604e+16	1.0951623e-03
6.8814151e+06	1.7008478e+02	4.6172562e+16	1.0842652e-03
6.8900763e+06	1.7008478e+02	4.5713137e+16	1.0734766e-03
6.8987375e+06	1.7008478e+02	4.5258284e+16	1.0627953e-03
6.9073986e+06	1.7008478e+02	4.4807956e+16	1.0522203e-03
6.9160598e+06	1.7008478e+02	4.4362110e+16	1.0417506e-03
6.9247210e+06	1.7008478e+02	4.3920699e+16	1.0313850e-03
6.9333822e+06	1.7008478e+02	4.3483681e+16	1.0211225e-03
6.9420434e+06	1.7008478e+02	4.3051011e+16	1.0109622e-03
6.9507045e+06	1.7008478e+02	4.2622646e+16	1.0009029e-03
6.9593657e+06	1.7008478e+02	4.2198544e+16	9.9094379e-04
6.9680269e+06	1.7008478e+02	4.1778661e+16	9.8108374e-04
6.9766881e+06	1.7008478e+02	4.1362957e+16	9.7132179e-04
6.9853492e+06	1.7008478e+02	4.0951388e+16	9.6165698e-04
6.9940104e+06	1.7008478e+02	4.0543915e+16	9.5208833e-04
7.0026716e+06	1.7008478e+02	4.0140497e+16	9.4261489e-04
7.0113328e+06	1.7008478e+02	3.9741092e+16	9.3323572e-04
7.0199939e+06	1.7008478e+02	3.9345662e+16	9.2394987e-04
7.0286551e+06	1.7008478e+02	3.8954166e+16	9.1475641e-04
7.0373163e+06	1.7008478e+02	3.8566565e+16	9.0565443e-04
7.0459775e+06	1.7008478e+02	3.8182822e+16	8.9664302e-04
7.0546387e+06	1.7008478e+02	3.7802896e+16	8.8772127e-04
7.0632998e+06	1.7008478e+02	3.7426751e+16	8.7888830e-04
7.0719610e+06	1.7008478e+02	3.7054349e+16	8.7014321e-04
7.0806222e+06	1.7008478e+02	3.6685652e+16	8.6148515e-04
7.0892834e+06	1.7008478e+02	3.6320623e+16	8.5291322e-04
7.0979445e+06	1.7008478e+02	3.5959227e+16	8.4442660e-04
7.1066057e+06	1.7008478e+02	3.5601427e+16	8.3602441e-04
7.1152669e+06	1.7008478e+02	3.5247187e+16	8.2770583e-04
7.1239281e+06	1.7008478e+02	3.4896471e+16	8.1947002e-04
7.1325893e+06	1.7008478e+02	3.4549246e+16	8.1131616e-04
7.1412504e+06	1.7008478e+02	3.4205475e+16	8.0324343e-04
7.1499116e+06	1.7008478e+02	3.3865125e+16	7.9525102e-04
7.1585728e+06	1.7008478e+02	3.3528161e+16	7.8733814e-04
7.1672340e+06	1.7008478e+02	3.3194550e+16	7.7950399e-04
7.1758951e+06	1.7008478e+02	3.2864259e+16	7.7174780e-04
7.1845563e+06	1.7008478e+02	3.2537254e+16	7.6406878e-04
7.1932175e+06	1.7008478e+02	3.2213503e+16	7.5646617e-04
7.2018787e+06	1.7008478e+02	3.1892973e+16	7.4893921e-04
7.2105399e+06	1.7008478e+02	3.1575633e+16	7.4148714e-04
7.2192010e+06	1.7008478e+02	3.1261450e+16	7.3410922e-04
7.2278622e+06	1.7008478e+02	3.0950394e+16	7.2680471e-04
7.2365234e+06	1.7008478e+02	3.0642432e+16	7.1957288e-04
7.2451846e+06	1.7008478e+02	3.0337535e+16	7.1241301e-04
7.2538457e+06	1.7008478e+02	3.0035671e+16	7.0532438e-04
7.2625069e+06	1.7008478e+02	2.9736811e+16	6.9830629e-04
7.2711681e+06	1.7008478e+02	2.9440925e+16	6.9135802e-04
7.2798293e+06	1.7008478e+02	2.9147983e+16	6.8447890e-04
7.2884904e+06	1.7008478e+02	2.8857956e+16	6.7766822e-04
7.2971516e+06	1.7008478e+02	2.8570814e+16	6.7092531e-04
7.3058128e+06	1.7008478e+02	2.8286530e+16	6.6424949e-04
7.3144740e+06	1.7008478e+02	2.8005074e+16	6.5764009e-04
7.3231352e+06	1.7008478e+02	2.7726419e+16	6.5109647e-04
7.3317963e+06	1.7008478e+02	2.7450537e+16	6.4461795e-04
7.3404575e+06	1.7008478e+02	2.7177399e+16	6.3820389e-04
7.3491187e+06	1.7008478e+02	2.6906980e+16	6.3185366e-04
7.3577799e+06	1.7008478e+02	2.6639251e+16	6.2556661e-04
7.3664410e+06	1.7008478e+02	2.6374186e+16	6.1934212e-04
7.3751022e+06	1.7008478e+02	2.6111758e+16	6.1317956e-04
7.3837634e+06	1.7008478e+02	2.5851942e+16	6.0707832e-04
7.3924246e+06	1.7008478e+02	2.5594711e+16	6.0103779e-04
7.4010858e+06	1.7008478e+02	2.5340039e+16	5.9505737e-04
7.4097469e+06	1.7008478e+02	2.5087901e+16	5.8913645e-04
7.4184081e+06	1.7008478e+02	2.4838273e+16	5.8327444e-04
7.4270693e+06	1.7008478e+02	2.4591128e+16	5.7747076e-04
7.4357305e+06	1.7008478e+02	2.4346442e+16	5.7172483e-04
7.4443916e+06	1.7008478e+02	2.4104191e+16	5.6603608e-04
7.4530528e+06	1.7008478e+02	2.3864350e+16	5.6040392e-04
7.4617140e+06	1.7008478e+02	2.3626896e+16	5.5482781e-04
7.4703752e+06	1.7008478e+02	2.3391804e+16	5.4930718e-04
7.4790364e+06	1.7008478e+02	2.3159052e+16	5.4384148e-04
7.4876975e+06	1.7008478e+02	2.2928616e+16	5.3843017e-04
7.4963587e+06	1.7008478e+02	2.2700472e+16	5.3307270e-04
7.5050199e+06	1.7008478e+02	2.2474599e+16	5.2776854e-04
7.5136811e+06	1.7008478e+02	2.2250973e+16	5.2251715e-04
7.5223422e+06	1.7008478e+02	2.2029572e+16	5.1731802e-04
7.5310034e+06	1.7008478e+02	2.1810374e+16	5.1217062e-04
7.5396646e+06	1.7008478e+02	2.1593357e+16	5.0707444e-04
7.5483258e+06	1.7008478e+02	2.1378499e+16	5.0202896e-04
7.5569869e+06	1.7008478e+02	2.1165780e+16	4.9703369e-04
7.5656481e+06	1.7008478e+02	2.0955177e+16	4.9208812e-04
7.5743093e+06	1.7008478e+02	2.0746669e+16	4.8719176e-04
7.5829705e+06	1.7008478e+02	2.0540236e+16	4.8234413e-04
7.5916317e+06	1.7008478e+02	2.0335858e+16	4.7754472e-04
7.6002928e+06	1.7008478e+02	2.0133513e+16	4.7279307e-04
7.6089540e+06	1.7008478e+02	1.9933181e+16	4.6808870e-04
7.6176152e+06	1.7008478e+02	1.9734842e+16	4.6343114e-04
7.6262764e+06	1.7008478e+02	1.9538477e+16	4.5881993e-04
7.6349375e+06	1.7008478e+02	1.9344066e+16	4.5425459e-04
7.6435987e+06	1.7008478e+02	1.9151590e+16	4.4973468e-04
7.6522599e+06	1.7008478e+02	1.8961028e+16	4.4525975e-04
7.6609211e+06	1.7008478e+02	1.8772363e+16	4.4082934e-04
7.6695823e+06	1.7008478e+02	1.8585575e+16	4.3644301e-04
7.6782434e+06	1.7008478e+02	1.8400645e+16	4.3210033e-04
7.6869046e+06	1.7008478e+02	1.8217555e+16	4.2780086e-04
7.6955658e+06	1.7008478e+02	1.8036288e+16	4.2354417e-04
7.7042270e+06	1.7008478e+02	1.7856824e+16	4.1932984e-04
7.7128881e+06	1.7008478e+02	1.7679145e+16	4.1515744e-04
7.7215493e+06	1.7008478e+02	1.7503235e+16	4.1102655e-04
7.7302105e+06	1.7008478e+02	1.7329075e+16	4.0693677e-04
7.7388717e+06	1.7008478e+02	1.7156648e+16	4.0288768e-04
7.7475329e+06	1.7008478e+02	1.6985936e+16	3.9887888e-04
7.7561940e+06	1.7008478e+02	1.6816923e+16	3.9490997e-04
7.7648552e+06	1.7008478e+02	1.6649592e+16	3.9098055e-04
7.7735164e+06	1.7008478e+02	1.6483926e+16	3.8709023e-04
7.7821776e+06	1.7008478e+02	1.6319908e+16	3.8323862e-04
7.7908387e+06	1.7008478e+02	1.6157522e+16	3.7942533e-04
7.7994999e+06	1.7008478e+02	1.5996752e+16	3.7564998e-04
7.8081611e+06	1.7008478e+02	1.5837582e+16	3.7191220e-04
7.8168223e+06	1.7008478e+02	1.5679995e+16	3.6821161e-04
7.8254834e+06	1.7008478e+02	1.5523977e+16	3.6454785e-04
7.8341446e+06	1.7008478e+02	1.5369511e+16	3.6092054e-04
7.8428058e+06	1.7008478e+02	1.5216581e+16	3.5732932e-04
7.8514670e+06	1.7008478e+02	1.5065174e+16	3.5377383e-04
7.8601282e+06	1.7008478e+02	1.4915273e+16	3.5025372e-04
7.8687893e+06	1.7008478e+02	1.4766863e+16	3.4676864e-04
7.8774505e+06	1.7008478e+02	1.4619931e+16	3.4331823e-04
7.8861117e+06	1.7008478e+02	1.4474460e+16	3.3990216e-04
7.8947729e+06	1.7008478e+02	1.4330437e+16	3.3652008e-04
7.9034340e+06	1.7008478e+02	1.4187846e+16	3.3317165e-04
7.9120952e+06	1.7008478e+02	1.4046675e+16	3.2985653e-04
7.9207564e+06	1.7008478e+02	1.3906908e+16	3.2657441e-04
7.9294176e+06	1.7008478e+02	1.3768532e+16	3.2332494e-04
7.9380788e+06	1.7008478e+02	1.3631533e+16	3.2010780e-04
7.9467399e+06	1.7008478e+02	1.3495897e+16	3.1692267e-04
7.9554011e+06	1.7008478e+02	1.3361611e+16	3.1376924e-04
7.9640623e+06	1.7008478e+02	1.3228660e+16	3.1064718e-04
7.9727235e+06	1.7008478e+02	1.3097033e+16	3.0755619e-04
7.9813846e+06	1.7008478e+02	1.2966715e+16	3.0449596e-04
7.9900458e+06	1.7008478e+02	1.2837694e+16	3.0146617e-04
7.9987070e+06	1.7008478e+02	1.2709957e+16	2.9846653e-04
8.0073682e+06	1.7008478e+02	1.2583491e+16	2.9549674e-04
8.0160294e+06	1.7008478e+02	1.2458283e+16	2.9255650e-04
8.0246905e+06	1.7008478e+02	1.2334321e+16	2.8964551e-04
8.0333517e+06	1.7008478e+02	1.2211593e+16	2.8676349e-04
8.0420129e+06	1.7008478e+02	1.2090085e+16	2.8391015e-04
8.0506741e+06	1.7008478e+02	1.1969787e+16	2.8108520e-04
8.0593352e+06	1.7008478e+02	1.1850686e+16	2.7828835e-04
8.0679964e+06	1.7008478e+02	1.1732769e+16	2.7551934e-04
8.0766576e+06	1.7008478e+02	1.1616026e+16	2.7277787e-04
8.0853188e+06	1.7008478e+02	1.1500445e+16	2.7006369e-04
8.0939799e+06	1.7008478e+02	1.1386013e+16	2.6737651e-04
8.1026411e+06	1.7008478e+02	1.1272721e+16	2.6471607e-04
8.1113023e+06	1.7008478e+02	1.1160555e+16	2.6208210e-04
8.1199635e+06	1.7008478e+02	1.1049506e+16	2.5947434e-04
8.1286247e+06	1.7008478e+02	1.0939562e+16	2.5689253e-04
8.1372858e+06	1.7008478e+02	1.0830711e+16	2.5433640e-04
8.1459470e+06	1.7008478e+02	1.0722944e+16	2.5180571e-04
8.1546082e+06	1.7008478e+02	1.0616249e+16	2.4930021e-04
8.1632694e+06	1.7008478e+02	1.0510615e+16	2.4681963e-04
8.1719305e+06	1.7008478e+02	1.0406033e+16	2.4436373e-04
8.1805917e+06	1.7008478e+02	1.0302491e+16	2.4193227e-04
8.1892529e+06	1.7008478e+02	1.0199980e+16	2.3952500e-04
8.1979141e+06	1.7008478e+02	1.0098488e+16	2.3714169e-04
8.2065753e+06	1.7008478e+02	9.9980064e+15	2.3478209e-04
8.2152364e+06	1.7008478e+02	9.8985246e+15	2.3244597e-04
8.2238976e+06	1.7008478e+02	9.8000326e+15	2.3013309e-04
8.2325588e+06	1.7008478e+02	9.7025207e+15	2.2784323e-04
8.2412200e+06	1.7008478e+02	9.6059790e+15	2.2557615e-04
8.2498811e+06	1.7008478e+02	9.5103979e+15	2.2333163e-04
8.2585423e+06	1.7008478e+02	9.4157679e+15	2.2110945e-04
8.2672035e+06	1.7008478e+02	9.3220794e+15	2.1890937e-04
8.2758647e+06	1.7008478e+02	9.2293232e+15	2.1673119e-04
8.2845259e+06	1.7008478e+02	9.1374899e+15	2.1457468e-04
8.2931870e+06	1.7008478e+02	9.0465703e+15	2.1243962e-04
8.3018482e+06	1.7008478e+02	8.9565554e+15	2.1032581e-04
8.3105094e+06	1.7008478e+02	8.8674362e+15	2.0823303e-04
8.3191706e+06	1.7008478e+02	8.7792038e+15	2.0616108e-04
8.3278317e+06	1.7008478e+02	8.6918492e+15	2.0410974e-04
8.3364929e+06	1.7008478e+02	8.6053639e+15	2.0207882e-04
8.3451541e+06	1.7008478e+02	8.5197391e+15	2.0006810e-04
8.3538153e+06	1.7008478e+02	8.4349663e+15	1.9807739e-04
8.3624765e+06	1.7008478e+02	8.3510369e+15	1.9610649e-04
8.3711376e+06	1.7008478e+02	8.2679427e+15	1.9415519e-04
8.3797988e+06	1.7008478e+02	8.1856753e+15	1.9222332e-04
8.3884600e+06	1.7008478e+02	8.1042265e+15	1.9031066e-04
8.3971212e+06	1.7008478e+02	8.0235881e+15	1.8841704e-04
8.4057823e+06	1.7008478e+02	7.9437521e+15	1.8654226e-04
8.4144435e+06	1.7008478e+02	7.8647104e+15	1.8468613e-04
8.4231047e+06	1.7008478e+02	7.7864552e+15	1.8284848e-04
8.4317659e+06	1.7008478e+02	7.7089787e+15	1.8102910e-04
8.4404270e+06	1.7008478e+02	7.6322731e+15	1.7922783e-04
8.4490882e+06	1.7008478e+02	7.5563307e+15	1.7744449e-04
8.4577494e+06	1.7008478e+02	7.4811440e+15	1.7567889e-04
8.4664106e+06	1.7008478e+02	7.4067053e+15	1.7393085e-04
8.4750718e+06	1.7008478e+02	7.3330074e+15	1.7220021e-04
8.4837329e+06	1.7008478e+02	7.2600427e+15	1.7048679e-04
8.4923941e+06	1.7008478e+02	7.1878041e+15	1.6879042e-04
8.5010553e+06	1.7008478e+02	7.1162843e+15	1.6711092e-04
8.5097165e+06	1.7008478e+02	7.0454761e+15	1.6544814e-04
8.5183776e+06	1.7008478e+02	6.9753724e+15	1.6380191e-04
8.5270388e+06	1.7008478e+02	6.9059663e+15	1.6217205e-04
8.5357000e+06	1.7008478e+02	6.8372508e+15	1.6055841e-04
8.5443612e+06	1.7008478e+02	6.7692190e+15	1.5896083e-04
8.5530224e+06	1.7008478e+02	6.7018641e+15	1.5737914e-04
8.5616835e+06	1.7008478e+02	6.6351795e+15	1.5581319e-04
8.5703447e+06	1.7008478e+02	6.5691583e+15	1.5426283e-04
8.5790059e+06	1.7008478e+02	6.5037941e+15	1.5272789e-04
8.5876671e+06	1.7008478e+02	6.4390803e+15	1.5120822e-04
8.5963282e+06	1.7008478e+02	6.3750104e+15	1.4970367e-04
8.6049894e+06	1.7008478e+02	6.3115779e+15	1.4821409e-04
8.6136506e+06	1.7008478e+02	6.2487767e+15	1.4673934e-04
8.6223118e+06	1.7008478e+02	6.1866003e+15	1.4527926e-04
8.6309730e+06	1.7008478e+02	6.1250426e+15	1.4383371e-04
8.6396341e+06	1.7008478e+02	6.0640974e+15	1.4240254e-04
8.6482953e+06	1.7008478e+02	6.0037587e+15	1.4098561e-04
8.6569565e+06	1.7008478e+02	5.9440203e+15	1.3958278e-04
8.6656177e+06	1.7008478e+02	5.8848763e+15	1.3819391e-04
8.6742788e+06	1.7008478e+02	5.8263208e+15	1.3681885e-04
8.6829400e+06	1.7008478e+02	5.7683479e+15	1.3545748e-04
8.6916012e+06	1.7008478e+02	5.7109519e+15	1.3410966e-04
8.7002624e+06	1.7008478e+02	5.6541270e+15	1.3277525e-04
8.7089235e+06	1.7008478e+02	5.5978675e+15	1.3145411e-04
8.7175847e+06	1.7008478e+02	5.5421678e+15	1.3014612e-04
8.7262459e+06	1.7008478e+02	5.4870223e+15	1.2885114e-04
8.7349071e+06	1.7008478e+02	5.4324255e+15	1.2756905e-04
8.7435683e+06	1.7008478e+02	5.3783719e+15	1.2629972e-04
8.7522294e+06	1.7008478e+02	5.3248563e+15	1.2504302e-04
8.7608906e+06	1.7008478e+02	5.2718730e+15	1.2379882e-04
8.7695518e+06	1.7008478e+02	5.2194170e+15	1.2256700e-04
8.7782130e+06	1.7008478e+02	5.1674830e+15	1.2134744e-04
8.7868741e+06	1.7008478e+02	5.1160657e+15	1.2014001e-04
8.7955353e+06	1.7008478e+02	5.0651599e+15	1.1894460e-04
8.8041965e+06	1.7008478e+02	5.0147608e+15	1.1776108e-04
8.8128577e+06	1.7008478e+02	4.9648631e+15	1.1658934e-04
8.8215189e+06	1.7008478e+02	4.9154618e+15	1.1542925e-04
8.8301800e+06	1.7008478e+02	4.8665522e+15	1.1428071e-04
8.8388412e+06	1.7008478e+02	4.8181292e+15	1.1314360e-04
8.8475024e+06	1.7008478e+02	4.7701880e+15	1.1201780e-04
8.8561636e+06	1.7008478e+02	4.7227238e+15	1.1090321e-04
8.8648247e+06	1.7008478e+02	4.6757319e+15	1.0979970e-04
8.8734859e+06	1.7008478e+02	4.6292076e+15	1.0870718e-04
8.8821471e+06	1.7008478e+02	4.5831462e+15	1.0762552e-04
8.8908083e+06	1.7008478e+02	4.5375432e+15	1.0655463e-04
8.8994695e+06	1.7008478e+02	4.4923939e+15	1.0549439e-04
8.9081306e+06	1.7008478e+02	4.4476938e+15	1.0444471e-04
8.9167918e+06	1.7008478e+02	4.4034385e+15	1.0340546e-04
8.9254530e+06	1.7008478e+02	4.3596236e+15	1.0237656e-04
8.9341142e+06	1.7008478e+02	4.3162446e+15	1.0135790e-04
8.9427753e+06	1.7008478e+02	4.2732972e+15	1.0034937e-04
8.9514365e+06	1.7008478e+02	4.2307772e+15	9.9350879e-05
8.9600977e+06	1.7008478e+02	4.1886803e+15	9.8362321e-05
8.9687589e+06	1.7008478e+02	4.1470022e+15	9.7383599e-05
8.9774200e+06	1.7008478e+02	4.1057389e+15	9.6414616e-05
8.9860812e+06	1.7008478e+02	4.0648861e+15	9.5455275e-05
8.9947424e+06	1.7008478e+02	4.0244398e+15	9.4505479e-05
9.0034036e+06	1.7008478e+02	3.9843959e+15	9.3565134e-05
9.0120648e+06	1.7008478e+02	3.9447505e+15	9.2634145e-05
9.0207259e+06	1.7008478e+02	3.9054996e+15	9.1712420e-05
9.0293871e+06	1.7008478e+02	3.8666392e+15	9.0799866e-05
9.0380483e+06	1.7008478e+02	3.8281655e+15	8.9896393e-05
9.0467095e+06	1.7008478e+02	3.7900747e+15	8.9001908e-05
9.0553706e+06	1.7008478e+02	3.7523628e+15	8.8116325e-05
9.0640318e+06	1.7008478e+02	3.7150261e+15	8.7239553e-05
9.0726930e+06	1.7008478e+02	3.6780610e+15	8.6371505e-05
9.0813542e+06	1.7008478e+02	3.6414637e+15	8.5512094e-05
9.0900154e+06	1.7008478e+02	3.6052305e+15	8.4661234e-05
9.0986765e+06	1.7008478e+02	3.5693579e+15	8.3818841e-05
9.1073377e+06	1.7008478e+02	3.5338422e+15	8.2984829e-05
