# Formed from form_atmospheric_profiles_paper_model.py
# Z (cm)	T (K)	DEN (cm**-3)	P (bar)
0.0000000e+00	2.5000000e+02	6.0208572e+17	2.0781862e-02
1.2730677e+04	2.5000000e+02	5.9609487e+17	2.0575079e-02
2.5461354e+04	2.5000000e+02	5.9016362e+17	2.0370353e-02
3.8192031e+04	2.5000000e+02	5.8429140e+17	2.0167665e-02
5.0922708e+04	2.5000000e+02	5.7847760e+17	1.9966993e-02
6.3653385e+04	2.5000000e+02	5.7272165e+17	1.9768318e-02
7.6384063e+04	2.5000000e+02	5.6702298e+17	1.9571620e-02
8.9114740e+04	2.5000000e+02	5.6138100e+17	1.9376879e-02
1.0184542e+05	2.5000000e+02	5.5579517e+17	1.9184076e-02
1.1457609e+05	2.5000000e+02	5.5026492e+17	1.8993191e-02
1.2730677e+05	2.5000000e+02	5.4478969e+17	1.8804206e-02
1.4003745e+05	2.5000000e+02	5.3936894e+17	1.8617101e-02
1.5276813e+05	2.5000000e+02	5.3400213e+17	1.8431858e-02
1.6549880e+05	2.5000000e+02	5.2868872e+17	1.8248458e-02
1.7822948e+05	2.5000000e+02	5.2342818e+17	1.8066883e-02
1.9096016e+05	2.5000000e+02	5.1821998e+17	1.7887114e-02
2.0369083e+05	2.5000000e+02	5.1306361e+17	1.7709134e-02
2.1642151e+05	2.5000000e+02	5.0795854e+17	1.7532925e-02
2.2915219e+05	2.5000000e+02	5.0290427e+17	1.7358470e-02
2.4188286e+05	2.5000000e+02	4.9790029e+17	1.7185750e-02
2.5461354e+05	2.5000000e+02	4.9294609e+17	1.7014749e-02
2.6734422e+05	2.5000000e+02	4.8804120e+17	1.6845450e-02
2.8007490e+05	2.5000000e+02	4.8318511e+17	1.6677835e-02
2.9280557e+05	2.5000000e+02	4.7837734e+17	1.6511887e-02
3.0553625e+05	2.5000000e+02	4.7361740e+17	1.6347591e-02
3.1826693e+05	2.5000000e+02	4.6890483e+17	1.6184930e-02
3.3099760e+05	2.5000000e+02	4.6423915e+17	1.6023887e-02
3.4372828e+05	2.5000000e+02	4.5961989e+17	1.5864447e-02
3.5645896e+05	2.5000000e+02	4.5504660e+17	1.5706593e-02
3.6918964e+05	2.5000000e+02	4.5051881e+17	1.5550310e-02
3.8192031e+05	2.5000000e+02	4.4603607e+17	1.5395582e-02
3.9465099e+05	2.5000000e+02	4.4159794e+17	1.5242393e-02
4.0738167e+05	2.5000000e+02	4.3720397e+17	1.5090729e-02
4.2011234e+05	2.5000000e+02	4.3285371e+17	1.4940574e-02
4.3284302e+05	2.5000000e+02	4.2854675e+17	1.4791912e-02
4.4557370e+05	2.5000000e+02	4.2428264e+17	1.4644730e-02
4.5830438e+05	2.5000000e+02	4.2006095e+17	1.4499013e-02
4.7103505e+05	2.5000000e+02	4.1588128e+17	1.4354745e-02
4.8376573e+05	2.5000000e+02	4.1174319e+17	1.4211913e-02
4.9649641e+05	2.5000000e+02	4.0764628e+17	1.4070502e-02
5.0922708e+05	2.5000000e+02	4.0359013e+17	1.3930498e-02
5.2195776e+05	2.5000000e+02	3.9957434e+17	1.3791888e-02
5.3468844e+05	2.5000000e+02	3.9559851e+17	1.3654656e-02
5.4741911e+05	2.5000000e+02	3.9166224e+17	1.3518790e-02
5.6014979e+05	2.5000000e+02	3.8776513e+17	1.3384276e-02
5.7288047e+05	2.5000000e+02	3.8390680e+17	1.3251100e-02
5.8561115e+05	2.5000000e+02	3.8008687e+17	1.3119249e-02
5.9834182e+05	2.5000000e+02	3.7630494e+17	1.2988711e-02
6.1107250e+05	2.5000000e+02	3.7256064e+17	1.2859471e-02
6.2380318e+05	2.5000000e+02	3.6885360e+17	1.2731517e-02
6.3653385e+05	2.5000000e+02	3.6518345e+17	1.2604836e-02
6.4926453e+05	2.5000000e+02	3.6154981e+17	1.2479416e-02
6.6199521e+05	2.5000000e+02	3.5795233e+17	1.2355244e-02
6.7472589e+05	2.5000000e+02	3.5439065e+17	1.2232307e-02
6.8745656e+05	2.5000000e+02	3.5086440e+17	1.2110594e-02
7.0018724e+05	2.5000000e+02	3.4737324e+17	1.1990091e-02
7.1291792e+05	2.5000000e+02	3.4391682e+17	1.1870788e-02
7.2564859e+05	2.5000000e+02	3.4049479e+17	1.1752671e-02
7.3837927e+05	2.5000000e+02	3.3710681e+17	1.1635730e-02
7.5110995e+05	2.5000000e+02	3.3375254e+17	1.1519953e-02
7.6384063e+05	2.5000000e+02	3.3043165e+17	1.1405327e-02
7.7657130e+05	2.5000000e+02	3.2714380e+17	1.1291843e-02
7.8930198e+05	2.5000000e+02	3.2388866e+17	1.1179487e-02
8.0203266e+05	2.5000000e+02	3.2066592e+17	1.1068249e-02
8.1476333e+05	2.5000000e+02	3.1747524e+17	1.0958118e-02
8.2749401e+05	2.5000000e+02	3.1431631e+17	1.0849083e-02
8.4022469e+05	2.5000000e+02	3.1118881e+17	1.0741133e-02
8.5295537e+05	2.5000000e+02	3.0809243e+17	1.0634257e-02
8.6568604e+05	2.5000000e+02	3.0502686e+17	1.0528444e-02
8.7841672e+05	2.5000000e+02	3.0199179e+17	1.0423684e-02
8.9114740e+05	2.5000000e+02	2.9898692e+17	1.0319967e-02
9.0387807e+05	2.5000000e+02	2.9601195e+17	1.0217282e-02
9.1660875e+05	2.5000000e+02	2.9306658e+17	1.0115618e-02
9.2933943e+05	2.5000000e+02	2.9015052e+17	1.0014966e-02
9.4207010e+05	2.5000000e+02	2.8726348e+17	9.9153154e-03
9.5480078e+05	2.5000000e+02	2.8440516e+17	9.8166563e-03
9.6753146e+05	2.5000000e+02	2.8157528e+17	9.7189790e-03
9.8026214e+05	2.5000000e+02	2.7877356e+17	9.6222735e-03
9.9299281e+05	2.5000000e+02	2.7599971e+17	9.5265303e-03
1.0057235e+06	2.5000000e+02	2.7325347e+17	9.4317397e-03
1.0184542e+06	2.5000000e+02	2.7053455e+17	9.3378924e-03
1.0311848e+06	2.5000000e+02	2.6784269e+17	9.2449788e-03
1.0439155e+06	2.5000000e+02	2.6517761e+17	9.1529897e-03
1.0566462e+06	2.5000000e+02	2.6253905e+17	9.0619159e-03
1.0693769e+06	2.5000000e+02	2.5992674e+17	8.9717484e-03
1.0821076e+06	2.5000000e+02	2.5734043e+17	8.8824780e-03
1.0948382e+06	2.5000000e+02	2.5477985e+17	8.7940958e-03
1.1075689e+06	2.5000000e+02	2.5224474e+17	8.7065931e-03
1.1202996e+06	2.5000000e+02	2.4973487e+17	8.6199611e-03
1.1330303e+06	2.5000000e+02	2.4724996e+17	8.5341910e-03
1.1457609e+06	2.5000000e+02	2.4478979e+17	8.4492744e-03
1.1584916e+06	2.5000000e+02	2.4235409e+17	8.3652027e-03
1.1712223e+06	2.5000000e+02	2.3994262e+17	8.2819676e-03
1.1839530e+06	2.5000000e+02	2.3755515e+17	8.1995606e-03
1.1966836e+06	2.5000000e+02	2.3519144e+17	8.1179736e-03
1.2094143e+06	2.5000000e+02	2.3285125e+17	8.0371984e-03
1.2221450e+06	2.5000000e+02	2.3053434e+17	7.9572270e-03
1.2348757e+06	2.5000000e+02	2.2824048e+17	7.8780512e-03
1.2476064e+06	2.5000000e+02	2.2596945e+17	7.7996633e-03
1.2603370e+06	2.5000000e+02	2.2372102e+17	7.7220554e-03
1.2730677e+06	2.5000000e+02	2.2149496e+17	7.6452196e-03
1.2857984e+06	2.5000000e+02	2.1929105e+17	7.5691484e-03
1.2985291e+06	2.5000000e+02	2.1710906e+17	7.4938342e-03
1.3112597e+06	2.5000000e+02	2.1494879e+17	7.4192693e-03
1.3239904e+06	2.5000000e+02	2.1281002e+17	7.3454463e-03
1.3367211e+06	2.5000000e+02	2.1069252e+17	7.2723579e-03
1.3494518e+06	2.5000000e+02	2.0859610e+17	7.1999967e-03
1.3621824e+06	2.5000000e+02	2.0652053e+17	7.1283555e-03
1.3749131e+06	2.5000000e+02	2.0446562e+17	7.0574272e-03
1.3876438e+06	2.5000000e+02	2.0243115e+17	6.9872046e-03
1.4003745e+06	2.5000000e+02	2.0041693e+17	6.9176808e-03
1.4131052e+06	2.5000000e+02	1.9842274e+17	6.8488487e-03
1.4258358e+06	2.5000000e+02	1.9644840e+17	6.7807015e-03
1.4385665e+06	2.5000000e+02	1.9449371e+17	6.7132324e-03
1.4512972e+06	2.5000000e+02	1.9255847e+17	6.6464347e-03
1.4640279e+06	2.5000000e+02	1.9064248e+17	6.5803015e-03
1.4767585e+06	2.5000000e+02	1.8874555e+17	6.5148264e-03
1.4894892e+06	2.5000000e+02	1.8686750e+17	6.4500028e-03
1.5022199e+06	2.5000000e+02	1.8500814e+17	6.3858242e-03
1.5149506e+06	2.5000000e+02	1.8316728e+17	6.3222842e-03
1.5276813e+06	2.5000000e+02	1.8134473e+17	6.2593764e-03
1.5404119e+06	2.5000000e+02	1.7954032e+17	6.1970946e-03
1.5531426e+06	2.5000000e+02	1.7775387e+17	6.1354325e-03
1.5658733e+06	2.5000000e+02	1.7598519e+17	6.0743839e-03
1.5786040e+06	2.5000000e+02	1.7423411e+17	6.0139428e-03
1.5913346e+06	2.5000000e+02	1.7250045e+17	5.9541030e-03
1.6040653e+06	2.5000000e+02	1.7078404e+17	5.8948587e-03
1.6167960e+06	2.5000000e+02	1.6908471e+17	5.8362039e-03
1.6295267e+06	2.5000000e+02	1.6740229e+17	5.7781327e-03
1.6422573e+06	2.5000000e+02	1.6573661e+17	5.7206393e-03
1.6549880e+06	2.5000000e+02	1.6408750e+17	5.6637180e-03
1.6677187e+06	2.5000000e+02	1.6245480e+17	5.6073631e-03
1.6804494e+06	2.5000000e+02	1.6083835e+17	5.5515689e-03
1.6931801e+06	2.5000000e+02	1.5923798e+17	5.4963298e-03
1.7059107e+06	2.5000000e+02	1.5765354e+17	5.4416405e-03
1.7186414e+06	2.5000000e+02	1.5608486e+17	5.3874952e-03
1.7313721e+06	2.5000000e+02	1.5453179e+17	5.3338888e-03
1.7441028e+06	2.5000000e+02	1.5299417e+17	5.2808157e-03
1.7568334e+06	2.5000000e+02	1.5147185e+17	5.2282707e-03
1.7695641e+06	2.5000000e+02	1.4996468e+17	5.1762485e-03
1.7822948e+06	2.5000000e+02	1.4847251e+17	5.1247440e-03
1.7950255e+06	2.5000000e+02	1.4699518e+17	5.0737519e-03
1.8077561e+06	2.5000000e+02	1.4553256e+17	5.0232673e-03
1.8204868e+06	2.5000000e+02	1.4408448e+17	4.9732849e-03
1.8332175e+06	2.5000000e+02	1.4265082e+17	4.9237999e-03
1.8459482e+06	2.5000000e+02	1.4123142e+17	4.8748073e-03
1.8586789e+06	2.5000000e+02	1.3982614e+17	4.8263021e-03
1.8714095e+06	2.5000000e+02	1.3843485e+17	4.7782796e-03
1.8841402e+06	2.5000000e+02	1.3705740e+17	4.7307349e-03
1.8968709e+06	2.5000000e+02	1.3569366e+17	4.6836633e-03
1.9096016e+06	2.5000000e+02	1.3434348e+17	4.6370601e-03
1.9223322e+06	2.5000000e+02	1.3300674e+17	4.5909206e-03
1.9350629e+06	2.5000000e+02	1.3168330e+17	4.5452402e-03
1.9477936e+06	2.5000000e+02	1.3037303e+17	4.5000143e-03
1.9605243e+06	2.5000000e+02	1.2907580e+17	4.4552384e-03
1.9732549e+06	2.5000000e+02	1.2779147e+17	4.4109080e-03
1.9859856e+06	2.5000000e+02	1.2651993e+17	4.3670188e-03
1.9987163e+06	2.5000000e+02	1.2526103e+17	4.3235662e-03
2.0114470e+06	2.5000000e+02	1.2401467e+17	4.2805460e-03
2.0241777e+06	2.5000000e+02	1.2278070e+17	4.2379538e-03
2.0369083e+06	2.5000000e+02	1.2155901e+17	4.1957855e-03
2.0496390e+06	2.5000000e+02	1.2034948e+17	4.1540367e-03
2.0623697e+06	2.5000000e+02	1.1915198e+17	4.1127034e-03
2.0751004e+06	2.5000000e+02	1.1796640e+17	4.0717813e-03
2.0878310e+06	2.5000000e+02	1.1679261e+17	4.0312664e-03
2.1005617e+06	2.5000000e+02	1.1563051e+17	3.9911546e-03
2.1132924e+06	2.5000000e+02	1.1447996e+17	3.9514420e-03
2.1260231e+06	2.5000000e+02	1.1334087e+17	3.9121245e-03
2.1387538e+06	2.5000000e+02	1.1221311e+17	3.8731982e-03
2.1514844e+06	2.5000000e+02	1.1109657e+17	3.8346592e-03
2.1642151e+06	2.5000000e+02	1.0999114e+17	3.7965037e-03
2.1769458e+06	2.5000000e+02	1.0889671e+17	3.7587279e-03
2.1896765e+06	2.5000000e+02	1.0781317e+17	3.7213279e-03
2.2024071e+06	2.5000000e+02	1.0674041e+17	3.6843001e-03
2.2151378e+06	2.5000000e+02	1.0567833e+17	3.6476407e-03
2.2278685e+06	2.5000000e+02	1.0462681e+17	3.6113460e-03
2.2405992e+06	2.5000000e+02	1.0358576e+17	3.5754126e-03
2.2533298e+06	2.5000000e+02	1.0255506e+17	3.5398366e-03
2.2660605e+06	2.5000000e+02	1.0153462e+17	3.5046146e-03
2.2787912e+06	2.5000000e+02	1.0052433e+17	3.4697431e-03
2.2915219e+06	2.5000000e+02	9.9524100e+16	3.4352186e-03
2.3042526e+06	2.5000000e+02	9.8533819e+16	3.4010376e-03
2.3169832e+06	2.5000000e+02	9.7553391e+16	3.3671967e-03
2.3297139e+06	2.5000000e+02	9.6582718e+16	3.3336926e-03
2.3424446e+06	2.5000000e+02	9.5621704e+16	3.3005218e-03
2.3551753e+06	2.5000000e+02	9.4670252e+16	3.2676810e-03
2.3679059e+06	2.5000000e+02	9.3728268e+16	3.2351671e-03
2.3806366e+06	2.5000000e+02	9.2795656e+16	3.2029766e-03
2.3933673e+06	2.5000000e+02	9.1872324e+16	3.1711065e-03
2.4060980e+06	2.5000000e+02	9.0958179e+16	3.1395534e-03
2.4188286e+06	2.5000000e+02	9.0053130e+16	3.1083143e-03
2.4315593e+06	2.5000000e+02	8.9157086e+16	3.0773861e-03
2.4442900e+06	2.5000000e+02	8.8269958e+16	3.0467656e-03
2.4570207e+06	2.5000000e+02	8.7391657e+16	3.0164498e-03
2.4697514e+06	2.5000000e+02	8.6522096e+16	2.9864356e-03
2.4824820e+06	2.5000000e+02	8.5661187e+16	2.9567201e-03
2.4952127e+06	2.5000000e+02	8.4808844e+16	2.9273002e-03
2.5079434e+06	2.5000000e+02	8.3964982e+16	2.8981731e-03
2.5206741e+06	2.5000000e+02	8.3129516e+16	2.8693358e-03
2.5334047e+06	2.5000000e+02	8.2302364e+16	2.8407854e-03
2.5461354e+06	2.5000000e+02	8.1483441e+16	2.8125191e-03
2.5588661e+06	2.5000000e+02	8.0672668e+16	2.7845341e-03
2.5715968e+06	2.5000000e+02	7.9869961e+16	2.7568275e-03
2.5843274e+06	2.5000000e+02	7.9075242e+16	2.7293966e-03
2.5970581e+06	2.5000000e+02	7.8288430e+16	2.7022387e-03
2.6097888e+06	2.5000000e+02	7.7509447e+16	2.6753510e-03
2.6225195e+06	2.5000000e+02	7.6738215e+16	2.6487308e-03
2.6352502e+06	2.5000000e+02	7.5974657e+16	2.6223755e-03
2.6479808e+06	2.5000000e+02	7.5218697e+16	2.5962824e-03
2.6607115e+06	2.5000000e+02	7.4470258e+16	2.5704489e-03
2.6734422e+06	2.5000000e+02	7.3729267e+16	2.5448725e-03
2.6861729e+06	2.5000000e+02	7.2995648e+16	2.5195506e-03
2.6989035e+06	2.5000000e+02	7.2269329e+16	2.4944807e-03
2.7116342e+06	2.5000000e+02	7.1550238e+16	2.4696602e-03
2.7243649e+06	2.5000000e+02	7.0838301e+16	2.4450867e-03
2.7370956e+06	2.5000000e+02	7.0133448e+16	2.4207576e-03
2.7498263e+06	2.5000000e+02	6.9435608e+16	2.3966707e-03
2.7625569e+06	2.5000000e+02	6.8744713e+16	2.3728234e-03
2.7752876e+06	2.5000000e+02	6.8060691e+16	2.3492134e-03
2.7880183e+06	2.5000000e+02	6.7383476e+16	2.3258384e-03
2.8007490e+06	2.5000000e+02	6.6712999e+16	2.3026959e-03
2.8134796e+06	2.5000000e+02	6.6049194e+16	2.2797837e-03
2.8262103e+06	2.5000000e+02	6.5391993e+16	2.2570995e-03
2.8389410e+06	2.5000000e+02	6.4741332e+16	2.2346410e-03
2.8516717e+06	2.5000000e+02	6.4097145e+16	2.2124059e-03
2.8644023e+06	2.5000000e+02	6.3459368e+16	2.1903921e-03
2.8771330e+06	2.5000000e+02	6.2827937e+16	2.1685973e-03
2.8898637e+06	2.5000000e+02	6.2202788e+16	2.1470194e-03
2.9025944e+06	2.5000000e+02	6.1583860e+16	2.1256562e-03
2.9153251e+06	2.5000000e+02	6.0971091e+16	2.1045056e-03
2.9280557e+06	2.5000000e+02	6.0364418e+16	2.0835654e-03
2.9407864e+06	2.5000000e+02	5.9763782e+16	2.0628336e-03
2.9535171e+06	2.5000000e+02	5.9169122e+16	2.0423081e-03
2.9662478e+06	2.5000000e+02	5.8580380e+16	2.0219868e-03
2.9789784e+06	2.5000000e+02	5.7997495e+16	2.0018676e-03
2.9917091e+06	2.5000000e+02	5.7420411e+16	1.9819487e-03
3.0044398e+06	2.5000000e+02	5.6849068e+16	1.9622280e-03
3.0171705e+06	2.5000000e+02	5.6283410e+16	1.9427035e-03
3.0299011e+06	2.5000000e+02	5.5723381e+16	1.9233733e-03
3.0426318e+06	2.5000000e+02	5.5168924e+16	1.9042354e-03
3.0553625e+06	2.5000000e+02	5.4619984e+16	1.8852880e-03
3.0680932e+06	2.5000000e+02	5.4076506e+16	1.8665290e-03
3.0808239e+06	2.5000000e+02	5.3538436e+16	1.8479567e-03
3.0935545e+06	2.5000000e+02	5.3005720e+16	1.8295693e-03
3.1062852e+06	2.5000000e+02	5.2478304e+16	1.8113648e-03
3.1190159e+06	2.5000000e+02	5.1956136e+16	1.7933414e-03
3.1317466e+06	2.5000000e+02	5.1439164e+16	1.7754973e-03
3.1444772e+06	2.5000000e+02	5.0927336e+16	1.7578308e-03
3.1572079e+06	2.5000000e+02	5.0420600e+16	1.7403401e-03
3.1699386e+06	2.5000000e+02	4.9918907e+16	1.7230235e-03
3.1826693e+06	2.5000000e+02	4.9422205e+16	1.7058791e-03
3.1954000e+06	2.5000000e+02	4.8930446e+16	1.6889053e-03
3.2081306e+06	2.5000000e+02	4.8443580e+16	1.6721004e-03
3.2208613e+06	2.5000000e+02	4.7961559e+16	1.6554627e-03
3.2335920e+06	2.5000000e+02	4.7484333e+16	1.6389906e-03
3.2463227e+06	2.5000000e+02	4.7011856e+16	1.6226824e-03
3.2590533e+06	2.5000000e+02	4.6544080e+16	1.6065364e-03
3.2717840e+06	2.5000000e+02	4.6080959e+16	1.5905511e-03
3.2845147e+06	2.5000000e+02	4.5622446e+16	1.5747249e-03
3.2972454e+06	2.5000000e+02	4.5168495e+16	1.5590561e-03
3.3099760e+06	2.5000000e+02	4.4719061e+16	1.5435432e-03
3.3227067e+06	2.5000000e+02	4.4274099e+16	1.5281847e-03
3.3354374e+06	2.5000000e+02	4.3833564e+16	1.5129790e-03
3.3481681e+06	2.5000000e+02	4.3397413e+16	1.4979246e-03
3.3608988e+06	2.5000000e+02	4.2965601e+16	1.4830200e-03
3.3736294e+06	2.5000000e+02	4.2538086e+16	1.4682637e-03
3.3863601e+06	2.5000000e+02	4.2114825e+16	1.4536543e-03
3.3990908e+06	2.5000000e+02	4.1695776e+16	1.4391902e-03
3.4118215e+06	2.5000000e+02	4.1280896e+16	1.4248700e-03
3.4245521e+06	2.5000000e+02	4.0870144e+16	1.4106923e-03
3.4372828e+06	2.5000000e+02	4.0463479e+16	1.3966557e-03
3.4500135e+06	2.5000000e+02	4.0060861e+16	1.3827587e-03
3.4627442e+06	2.5000000e+02	3.9662249e+16	1.3690000e-03
3.4754748e+06	2.5000000e+02	3.9267603e+16	1.3553783e-03
3.4882055e+06	2.5000000e+02	3.8876884e+16	1.3418920e-03
3.5009362e+06	2.5000000e+02	3.8490052e+16	1.3285400e-03
3.5136669e+06	2.5000000e+02	3.8107070e+16	1.3153208e-03
3.5263976e+06	2.5000000e+02	3.7727898e+16	1.3022331e-03
3.5391282e+06	2.5000000e+02	3.7352499e+16	1.2892757e-03
3.5518589e+06	2.5000000e+02	3.6980836e+16	1.2764472e-03
3.5645896e+06	2.5000000e+02	3.6612870e+16	1.2637463e-03
3.5773203e+06	2.5000000e+02	3.6248566e+16	1.2511718e-03
3.5900509e+06	2.5000000e+02	3.5887887e+16	1.2387225e-03
3.6027816e+06	2.5000000e+02	3.5530796e+16	1.2263970e-03
3.6155123e+06	2.5000000e+02	3.5177259e+16	1.2141941e-03
3.6282430e+06	2.5000000e+02	3.4827240e+16	1.2021127e-03
3.6409736e+06	2.5000000e+02	3.4480703e+16	1.1901515e-03
3.6537043e+06	2.5000000e+02	3.4137614e+16	1.1783092e-03
3.6664350e+06	2.5000000e+02	3.3797939e+16	1.1665849e-03
3.6791657e+06	2.5000000e+02	3.3461644e+16	1.1549772e-03
3.6918964e+06	2.5000000e+02	3.3128695e+16	1.1434849e-03
3.7046270e+06	2.5000000e+02	3.2799059e+16	1.1321071e-03
3.7173577e+06	2.5000000e+02	3.2472703e+16	1.1208424e-03
3.7300884e+06	2.5000000e+02	3.2149594e+16	1.1096899e-03
3.7428191e+06	2.5000000e+02	3.1829700e+16	1.0986483e-03
3.7555497e+06	2.5000000e+02	3.1512990e+16	1.0877165e-03
3.7682804e+06	2.5000000e+02	3.1199430e+16	1.0768936e-03
3.7810111e+06	2.5000000e+02	3.0888991e+16	1.0661783e-03
3.7937418e+06	2.5000000e+02	3.0581640e+16	1.0555696e-03
3.8064725e+06	2.5000000e+02	3.0277348e+16	1.0450666e-03
3.8192031e+06	2.5000000e+02	2.9976083e+16	1.0346680e-03
3.8319338e+06	2.5000000e+02	2.9677816e+16	1.0243728e-03
3.8446645e+06	2.5000000e+02	2.9382517e+16	1.0141802e-03
3.8573952e+06	2.5000000e+02	2.9090156e+16	1.0040889e-03
3.8701258e+06	2.5000000e+02	2.8800704e+16	9.9409805e-04
3.8828565e+06	2.5000000e+02	2.8514132e+16	9.8420661e-04
3.8955872e+06	2.5000000e+02	2.8230412e+16	9.7441359e-04
3.9083179e+06	2.5000000e+02	2.7949514e+16	9.6471802e-04
3.9210485e+06	2.5000000e+02	2.7671412e+16	9.5511891e-04
3.9337792e+06	2.5000000e+02	2.7396077e+16	9.4561532e-04
3.9465099e+06	2.5000000e+02	2.7123481e+16	9.3620629e-04
3.9592406e+06	2.5000000e+02	2.6853598e+16	9.2689088e-04
3.9719713e+06	2.5000000e+02	2.6586401e+16	9.1766816e-04
3.9847019e+06	2.5000000e+02	2.6321861e+16	9.0853721e-04
3.9974326e+06	2.5000000e+02	2.6059955e+16	8.9949712e-04
4.0101633e+06	2.5000000e+02	2.5800654e+16	8.9054697e-04
4.0228940e+06	2.5000000e+02	2.5543933e+16	8.8168588e-04
4.0356246e+06	2.5000000e+02	2.5289766e+16	8.7291296e-04
4.0483553e+06	2.5000000e+02	2.5038129e+16	8.6422733e-04
4.0610860e+06	2.5000000e+02	2.4788996e+16	8.5562812e-04
4.0738167e+06	2.5000000e+02	2.4542341e+16	8.4711448e-04
4.0865473e+06	2.5000000e+02	2.4298141e+16	8.3868555e-04
4.0992780e+06	2.5000000e+02	2.4056370e+16	8.3034049e-04
4.1120087e+06	2.5000000e+02	2.3817005e+16	8.2207847e-04
4.1247394e+06	2.5000000e+02	2.3580022e+16	8.1389865e-04
4.1374701e+06	2.5000000e+02	2.3345397e+16	8.0580022e-04
4.1502007e+06	2.5000000e+02	2.3113106e+16	7.9778238e-04
4.1629314e+06	2.5000000e+02	2.2883127e+16	7.8984431e-04
4.1756621e+06	2.5000000e+02	2.2655436e+16	7.8198523e-04
4.1883928e+06	2.5000000e+02	2.2430011e+16	7.7420434e-04
4.2011234e+06	2.5000000e+02	2.2206828e+16	7.6650088e-04
4.2138541e+06	2.5000000e+02	2.1985867e+16	7.5887407e-04
4.2265848e+06	2.5000000e+02	2.1767104e+16	7.5132315e-04
4.2393155e+06	2.5000000e+02	2.1550517e+16	7.4384736e-04
4.2520461e+06	2.5000000e+02	2.1336086e+16	7.3644595e-04
4.2647768e+06	2.5000000e+02	2.1123789e+16	7.2911819e-04
4.2775075e+06	2.5000000e+02	2.0913603e+16	7.2186334e-04
4.2902382e+06	2.5000000e+02	2.0705510e+16	7.1468068e-04
4.3029689e+06	2.5000000e+02	2.0499486e+16	7.0756949e-04
4.3156995e+06	2.5000000e+02	2.0295513e+16	7.0052906e-04
4.3284302e+06	2.5000000e+02	2.0093569e+16	6.9355868e-04
4.3411609e+06	2.5000000e+02	1.9893635e+16	6.8665765e-04
4.3538916e+06	2.5000000e+02	1.9695690e+16	6.7982530e-04
4.3666222e+06	2.5000000e+02	1.9499715e+16	6.7306092e-04
4.3793529e+06	2.5000000e+02	1.9305689e+16	6.6636385e-04
4.3920836e+06	2.5000000e+02	1.9113594e+16	6.5973342e-04
4.4048143e+06	2.5000000e+02	1.8923411e+16	6.5316897e-04
4.4175450e+06	2.5000000e+02	1.8735120e+16	6.4666983e-04
4.4302756e+06	2.5000000e+02	1.8548702e+16	6.4023535e-04
4.4430063e+06	2.5000000e+02	1.8364140e+16	6.3386490e-04
4.4557370e+06	2.5000000e+02	1.8181413e+16	6.2755784e-04
4.4684677e+06	2.5000000e+02	1.8000505e+16	6.2131354e-04
4.4811983e+06	2.5000000e+02	1.7821397e+16	6.1513137e-04
4.4939290e+06	2.5000000e+02	1.7644071e+16	6.0901071e-04
4.5066597e+06	2.5000000e+02	1.7468510e+16	6.0295095e-04
4.5193904e+06	2.5000000e+02	1.7294695e+16	5.9695149e-04
4.5321210e+06	2.5000000e+02	1.7122610e+16	5.9101172e-04
4.5448517e+06	2.5000000e+02	1.6952237e+16	5.8513106e-04
4.5575824e+06	2.5000000e+02	1.6783560e+16	5.7930890e-04
4.5703131e+06	2.5000000e+02	1.6616561e+16	5.7354468e-04
4.5830438e+06	2.5000000e+02	1.6451223e+16	5.6783782e-04
4.5957744e+06	2.5000000e+02	1.6287531e+16	5.6218774e-04
4.6085051e+06	2.5000000e+02	1.6125467e+16	5.5659388e-04
4.6212358e+06	2.5000000e+02	1.5965016e+16	5.5105568e-04
4.6339665e+06	2.5000000e+02	1.5806161e+16	5.4557258e-04
4.6466971e+06	2.5000000e+02	1.5648887e+16	5.4014404e-04
4.6594278e+06	2.5000000e+02	1.5493178e+16	5.3476952e-04
4.6721585e+06	2.5000000e+02	1.5339019e+16	5.2944847e-04
4.6848892e+06	2.5000000e+02	1.5186393e+16	5.2418037e-04
4.6976198e+06	2.5000000e+02	1.5035286e+16	5.1896469e-04
4.7103505e+06	2.5000000e+02	1.4885682e+16	5.1380091e-04
4.7230812e+06	2.5000000e+02	1.4737567e+16	5.0868850e-04
4.7358119e+06	2.5000000e+02	1.4590926e+16	5.0362697e-04
4.7485426e+06	2.5000000e+02	1.4445744e+16	4.9861579e-04
4.7612732e+06	2.5000000e+02	1.4302006e+16	4.9365448e-04
4.7740039e+06	2.5000000e+02	1.4159699e+16	4.8874254e-04
4.7867346e+06	2.5000000e+02	1.4018808e+16	4.8387947e-04
4.7994653e+06	2.5000000e+02	1.3879318e+16	4.7906479e-04
4.8121959e+06	2.5000000e+02	1.3741217e+16	4.7429802e-04
4.8249266e+06	2.5000000e+02	1.3604489e+16	4.6957867e-04
4.8376573e+06	2.5000000e+02	1.3469122e+16	4.6490629e-04
4.8503880e+06	2.5000000e+02	1.3335102e+16	4.6028039e-04
4.8631186e+06	2.5000000e+02	1.3202416e+16	4.5570052e-04
4.8758493e+06	2.5000000e+02	1.3071050e+16	4.5116623e-04
4.8885800e+06	2.5000000e+02	1.2940990e+16	4.4667705e-04
4.9013107e+06	2.5000000e+02	1.2812225e+16	4.4223254e-04
4.9140414e+06	2.5000000e+02	1.2684742e+16	4.3783225e-04
4.9267720e+06	2.5000000e+02	1.2558526e+16	4.3347575e-04
4.9395027e+06	2.5000000e+02	1.2433567e+16	4.2916259e-04
4.9522334e+06	2.5000000e+02	1.2309851e+16	4.2489235e-04
4.9649641e+06	2.5000000e+02	1.2187366e+16	4.2066460e-04
4.9776947e+06	2.5000000e+02	1.2066099e+16	4.1647892e-04
4.9904254e+06	2.5000000e+02	1.1946040e+16	4.1233489e-04
5.0031561e+06	2.5000000e+02	1.1827175e+16	4.0823208e-04
5.0158868e+06	2.5000000e+02	1.1709492e+16	4.0417011e-04
5.0286175e+06	2.5000000e+02	1.1592981e+16	4.0014855e-04
5.0413481e+06	2.5000000e+02	1.1477629e+16	3.9616700e-04
5.0540788e+06	2.5000000e+02	1.1363425e+16	3.9222508e-04
5.0668095e+06	2.5000000e+02	1.1250357e+16	3.8832237e-04
5.0795402e+06	2.5000000e+02	1.1138414e+16	3.8445850e-04
5.0922708e+06	2.5000000e+02	1.1027585e+16	3.8063307e-04
5.1050015e+06	2.5000000e+02	1.0917858e+16	3.7684571e-04
5.1177322e+06	2.5000000e+02	1.0809224e+16	3.7309603e-04
5.1304629e+06	2.5000000e+02	1.0701670e+16	3.6938367e-04
5.1431935e+06	2.5000000e+02	1.0595187e+16	3.6570824e-04
5.1559242e+06	2.5000000e+02	1.0489763e+16	3.6206938e-04
5.1686549e+06	2.5000000e+02	1.0385388e+16	3.5846673e-04
5.1813856e+06	2.5000000e+02	1.0282052e+16	3.5489992e-04
5.1941163e+06	2.5000000e+02	1.0179744e+16	3.5136861e-04
5.2068469e+06	2.5000000e+02	1.0078453e+16	3.4787244e-04
5.2195776e+06	2.5000000e+02	9.9781712e+15	3.4441105e-04
5.2323083e+06	2.5000000e+02	9.8788867e+15	3.4098410e-04
5.2450390e+06	2.5000000e+02	9.7805902e+15	3.3759125e-04
5.2577696e+06	2.5000000e+02	9.6832717e+15	3.3423216e-04
5.2705003e+06	2.5000000e+02	9.5869215e+15	3.3090650e-04
5.2832310e+06	2.5000000e+02	9.4915300e+15	3.2761392e-04
5.2959617e+06	2.5000000e+02	9.3970877e+15	3.2435411e-04
5.3086923e+06	2.5000000e+02	9.3035852e+15	3.2112673e-04
5.3214230e+06	2.5000000e+02	9.2110129e+15	3.1793147e-04
5.3341537e+06	2.5000000e+02	9.1193618e+15	3.1476800e-04
5.3468844e+06	2.5000000e+02	9.0286227e+15	3.1163600e-04
5.3596151e+06	2.5000000e+02	8.9387864e+15	3.0853517e-04
5.3723457e+06	2.5000000e+02	8.8498440e+15	3.0546520e-04
5.3850764e+06	2.5000000e+02	8.7617865e+15	3.0242577e-04
5.3978071e+06	2.5000000e+02	8.6746053e+15	2.9941658e-04
5.4105378e+06	2.5000000e+02	8.5882915e+15	2.9643734e-04
5.4232684e+06	2.5000000e+02	8.5028366e+15	2.9348773e-04
5.4359991e+06	2.5000000e+02	8.4182320e+15	2.9056748e-04
5.4487298e+06	2.5000000e+02	8.3344692e+15	2.8767629e-04
5.4614605e+06	2.5000000e+02	8.2515398e+15	2.8481386e-04
5.4741911e+06	2.5000000e+02	8.1694356e+15	2.8197992e-04
5.4869218e+06	2.5000000e+02	8.0881484e+15	2.7917417e-04
5.4996525e+06	2.5000000e+02	8.0076699e+15	2.7639634e-04
5.5123832e+06	2.5000000e+02	7.9279923e+15	2.7364615e-04
5.5251139e+06	2.5000000e+02	7.8491075e+15	2.7092333e-04
5.5378445e+06	2.5000000e+02	7.7710075e+15	2.6822759e-04
5.5505752e+06	2.5000000e+02	7.6936847e+15	2.6555868e-04
5.5633059e+06	2.5000000e+02	7.6171313e+15	2.6291633e-04
5.5760366e+06	2.5000000e+02	7.5413396e+15	2.6030027e-04
5.5887672e+06	2.5000000e+02	7.4663020e+15	2.5771024e-04
5.6014979e+06	2.5000000e+02	7.3920110e+15	2.5514598e-04
5.6142286e+06	2.5000000e+02	7.3184593e+15	2.5260723e-04
5.6269593e+06	2.5000000e+02	7.2456394e+15	2.5009375e-04
5.6396900e+06	2.5000000e+02	7.1735441e+15	2.4760528e-04
5.6524206e+06	2.5000000e+02	7.1021661e+15	2.4514156e-04
5.6651513e+06	2.5000000e+02	7.0314984e+15	2.4270236e-04
5.6778820e+06	2.5000000e+02	6.9615338e+15	2.4028743e-04
5.6906127e+06	2.5000000e+02	6.8922654e+15	2.3789653e-04
5.7033433e+06	2.5000000e+02	6.8236862e+15	2.3552942e-04
5.7160740e+06	2.5000000e+02	6.7557894e+15	2.3318587e-04
5.7288047e+06	2.5000000e+02	6.6885682e+15	2.3086563e-04
5.7415354e+06	2.5000000e+02	6.6220158e+15	2.2856848e-04
5.7542660e+06	2.5000000e+02	6.5561256e+15	2.2629418e-04
5.7669967e+06	2.5000000e+02	6.4908911e+15	2.2404252e-04
5.7797274e+06	2.5000000e+02	6.4263057e+15	2.2181326e-04
5.7924581e+06	2.5000000e+02	6.3623629e+15	2.1960618e-04
5.8051888e+06	2.5000000e+02	6.2990563e+15	2.1742106e-04
5.8179194e+06	2.5000000e+02	6.2363796e+15	2.1525769e-04
5.8306501e+06	2.5000000e+02	6.1743266e+15	2.1311584e-04
5.8433808e+06	2.5000000e+02	6.1128910e+15	2.1099530e-04
5.8561115e+06	2.5000000e+02	6.0520668e+15	2.0889586e-04
5.8688421e+06	2.5000000e+02	5.9918477e+15	2.0681731e-04
5.8815728e+06	2.5000000e+02	5.9322278e+15	2.0475944e-04
5.8943035e+06	2.5000000e+02	5.8732012e+15	2.0272205e-04
5.9070342e+06	2.5000000e+02	5.8147618e+15	2.0070494e-04
5.9197648e+06	2.5000000e+02	5.7569040e+15	1.9870789e-04
5.9324955e+06	2.5000000e+02	5.6996218e+15	1.9673071e-04
5.9452262e+06	2.5000000e+02	5.6429096e+15	1.9477321e-04
5.9579569e+06	2.5000000e+02	5.5867618e+15	1.9283518e-04
5.9706876e+06	2.5000000e+02	5.5311725e+15	1.9091644e-04
5.9834182e+06	2.5000000e+02	5.4761365e+15	1.8901679e-04
5.9961489e+06	2.5000000e+02	5.4216480e+15	1.8713604e-04
6.0088796e+06	2.5000000e+02	5.3677017e+15	1.8527401e-04
6.0216103e+06	2.5000000e+02	5.3142922e+15	1.8343050e-04
6.0343409e+06	2.5000000e+02	5.2614141e+15	1.8160534e-04
6.0470716e+06	2.5000000e+02	5.2090621e+15	1.7979833e-04
6.0598023e+06	2.5000000e+02	5.1572311e+15	1.7800931e-04
6.0725330e+06	2.5000000e+02	5.1059158e+15	1.7623809e-04
6.0852637e+06	2.5000000e+02	5.0551111e+15	1.7448449e-04
6.0979943e+06	2.5000000e+02	5.0048119e+15	1.7274834e-04
6.1107250e+06	2.5000000e+02	4.9550132e+15	1.7102946e-04
6.1234557e+06	2.5000000e+02	4.9057100e+15	1.6932769e-04
6.1361864e+06	2.5000000e+02	4.8568973e+15	1.6764285e-04
6.1489170e+06	2.5000000e+02	4.8085704e+15	1.6597478e-04
6.1616477e+06	2.5000000e+02	4.7607243e+15	1.6432330e-04
6.1743784e+06	2.5000000e+02	4.7133543e+15	1.6268826e-04
6.1871091e+06	2.5000000e+02	4.6664557e+15	1.6106948e-04
6.1998397e+06	2.5000000e+02	4.6200237e+15	1.5946682e-04
6.2125704e+06	2.5000000e+02	4.5740537e+15	1.5788009e-04
6.2253011e+06	2.5000000e+02	4.5285411e+15	1.5630916e-04
6.2380318e+06	2.5000000e+02	4.4834813e+15	1.5475386e-04
6.2507625e+06	2.5000000e+02	4.4388699e+15	1.5321403e-04
6.2634931e+06	2.5000000e+02	4.3947024e+15	1.5168953e-04
6.2762238e+06	2.5000000e+02	4.3509744e+15	1.5018019e-04
6.2889545e+06	2.5000000e+02	4.3076815e+15	1.4868587e-04
6.3016852e+06	2.5000000e+02	4.2648194e+15	1.4720642e-04
6.3144158e+06	2.5000000e+02	4.2223837e+15	1.4574170e-04
6.3271465e+06	2.5000000e+02	4.1803703e+15	1.4429154e-04
6.3398772e+06	2.5000000e+02	4.1387749e+15	1.4285582e-04
6.3526079e+06	2.5000000e+02	4.0975934e+15	1.4143438e-04
6.3653385e+06	2.5000000e+02	4.0568217e+15	1.4002708e-04
6.3780692e+06	2.5000000e+02	4.0164556e+15	1.3863379e-04
6.3907999e+06	2.5000000e+02	3.9764912e+15	1.3725436e-04
6.4035306e+06	2.5000000e+02	3.9369245e+15	1.3588866e-04
6.4162613e+06	2.5000000e+02	3.8977514e+15	1.3453654e-04
6.4289919e+06	2.5000000e+02	3.8589681e+15	1.3319788e-04
6.4417226e+06	2.5000000e+02	3.8205708e+15	1.3187254e-04
6.4544533e+06	2.5000000e+02	3.7825554e+15	1.3056039e-04
6.4671840e+06	2.5000000e+02	3.7449184e+15	1.2926129e-04
6.4799146e+06	2.5000000e+02	3.7076558e+15	1.2797512e-04
6.4926453e+06	2.5000000e+02	3.6707640e+15	1.2670174e-04
6.5053760e+06	2.5000000e+02	3.6342393e+15	1.2544104e-04
6.5181067e+06	2.5000000e+02	3.5980780e+15	1.2419288e-04
6.5308373e+06	2.5000000e+02	3.5622766e+15	1.2295714e-04
6.5435680e+06	2.5000000e+02	3.5268313e+15	1.2173370e-04
6.5562987e+06	2.5000000e+02	3.4917388e+15	1.2052243e-04
6.5690294e+06	2.5000000e+02	3.4569954e+15	1.1932321e-04
6.5817601e+06	2.5000000e+02	3.4225977e+15	1.1813592e-04
6.5944907e+06	2.5000000e+02	3.3885423e+15	1.1696045e-04
6.6072214e+06	2.5000000e+02	3.3548257e+15	1.1579667e-04
6.6199521e+06	2.5000000e+02	3.3214447e+15	1.1464448e-04
6.6326828e+06	2.5000000e+02	3.2883957e+15	1.1350375e-04
6.6454134e+06	2.5000000e+02	3.2556756e+15	1.1237437e-04
6.6581441e+06	2.5000000e+02	3.2232811e+15	1.1125622e-04
6.6708748e+06	2.5000000e+02	3.1912089e+15	1.1014920e-04
6.6836055e+06	2.5000000e+02	3.1594559e+15	1.0905320e-04
6.6963362e+06	2.5000000e+02	3.1280188e+15	1.0796810e-04
6.7090668e+06	2.5000000e+02	3.0968945e+15	1.0689380e-04
6.7217975e+06	2.5000000e+02	3.0660799e+15	1.0583019e-04
6.7345282e+06	2.5000000e+02	3.0355719e+15	1.0477716e-04
6.7472589e+06	2.5000000e+02	3.0053674e+15	1.0373461e-04
6.7599895e+06	2.5000000e+02	2.9754635e+15	1.0270244e-04
6.7727202e+06	2.5000000e+02	2.9458571e+15	1.0168053e-04
6.7854509e+06	2.5000000e+02	2.9165454e+15	1.0066879e-04
6.7981816e+06	2.5000000e+02	2.8875253e+15	9.9667121e-05
6.8109122e+06	2.5000000e+02	2.8587939e+15	9.8675417e-05
6.8236429e+06	2.5000000e+02	2.8303484e+15	9.7693580e-05
6.8363736e+06	2.5000000e+02	2.8021860e+15	9.6721513e-05
6.8491043e+06	2.5000000e+02	2.7743038e+15	9.5759118e-05
6.8618350e+06	2.5000000e+02	2.7466990e+15	9.4806299e-05
6.8745656e+06	2.5000000e+02	2.7193689e+15	9.3862960e-05
6.8872963e+06	2.5000000e+02	2.6923107e+15	9.2929008e-05
6.9000270e+06	2.5000000e+02	2.6655218e+15	9.2004349e-05
6.9127577e+06	2.5000000e+02	2.6389994e+15	9.1088890e-05
6.9254883e+06	2.5000000e+02	2.6127409e+15	9.0182541e-05
6.9382190e+06	2.5000000e+02	2.5867437e+15	8.9285210e-05
6.9509497e+06	2.5000000e+02	2.5610052e+15	8.8396807e-05
6.9636804e+06	2.5000000e+02	2.5355227e+15	8.7517244e-05
6.9764110e+06	2.5000000e+02	2.5102939e+15	8.6646433e-05
6.9891417e+06	2.5000000e+02	2.4853160e+15	8.5784286e-05
7.0018724e+06	2.5000000e+02	2.4605867e+15	8.4930719e-05
7.0146031e+06	2.5000000e+02	2.4361035e+15	8.4085644e-05
7.0273338e+06	2.5000000e+02	2.4118638e+15	8.3248978e-05
7.0400644e+06	2.5000000e+02	2.3878654e+15	8.2420636e-05
7.0527951e+06	2.5000000e+02	2.3641057e+15	8.1600537e-05
7.0655258e+06	2.5000000e+02	2.3405825e+15	8.0788599e-05
7.0782565e+06	2.5000000e+02	2.3172933e+15	7.9984739e-05
7.0909871e+06	2.5000000e+02	2.2942359e+15	7.9188877e-05
7.1037178e+06	2.5000000e+02	2.2714078e+15	7.8400935e-05
7.1164485e+06	2.5000000e+02	2.2488069e+15	7.7620832e-05
7.1291792e+06	2.5000000e+02	2.2264309e+15	7.6848492e-05
7.1419098e+06	2.5000000e+02	2.2042776e+15	7.6083837e-05
7.1546405e+06	2.5000000e+02	2.1823446e+15	7.5326790e-05
7.1673712e+06	2.5000000e+02	2.1606300e+15	7.4577276e-05
7.1801019e+06	2.5000000e+02	2.1391313e+15	7.3835220e-05
7.1928326e+06	2.5000000e+02	2.1178466e+15	7.3100547e-05
7.2055632e+06	2.5000000e+02	2.0967737e+15	7.2373184e-05
7.2182939e+06	2.5000000e+02	2.0759104e+15	7.1653059e-05
7.2310246e+06	2.5000000e+02	2.0552548e+15	7.0940099e-05
7.2437553e+06	2.5000000e+02	2.0348047e+15	7.0234233e-05
7.2564859e+06	2.5000000e+02	2.0145580e+15	6.9535391e-05
7.2692166e+06	2.5000000e+02	1.9945128e+15	6.8843502e-05
7.2819473e+06	2.5000000e+02	1.9746671e+15	6.8158498e-05
7.2946780e+06	2.5000000e+02	1.9550188e+15	6.7480310e-05
7.3074087e+06	2.5000000e+02	1.9355661e+15	6.6808869e-05
7.3201393e+06	2.5000000e+02	1.9163069e+15	6.6144110e-05
7.3328700e+06	2.5000000e+02	1.8972393e+15	6.5485965e-05
7.3456007e+06	2.5000000e+02	1.8783614e+15	6.4834369e-05
7.3583314e+06	2.5000000e+02	1.8596714e+15	6.4189256e-05
7.3710620e+06	2.5000000e+02	1.8411674e+15	6.3550562e-05
7.3837927e+06	2.5000000e+02	1.8228475e+15	6.2918224e-05
7.3965234e+06	2.5000000e+02	1.8047098e+15	6.2292177e-05
7.4092541e+06	2.5000000e+02	1.7867527e+15	6.1672359e-05
7.4219847e+06	2.5000000e+02	1.7689742e+15	6.1058709e-05
7.4347154e+06	2.5000000e+02	1.7513726e+15	6.0451165e-05
7.4474461e+06	2.5000000e+02	1.7339462e+15	5.9849666e-05
7.4601768e+06	2.5000000e+02	1.7166931e+15	5.9254152e-05
7.4729075e+06	2.5000000e+02	1.6996117e+15	5.8664563e-05
7.4856381e+06	2.5000000e+02	1.6827003e+15	5.8080841e-05
7.4983688e+06	2.5000000e+02	1.6659572e+15	5.7502927e-05
7.5110995e+06	2.5000000e+02	1.6493806e+15	5.6930763e-05
7.5238302e+06	2.5000000e+02	1.6329690e+15	5.6364293e-05
7.5365608e+06	2.5000000e+02	1.6167207e+15	5.5803459e-05
7.5492915e+06	2.5000000e+02	1.6006340e+15	5.5248205e-05
7.5620222e+06	2.5000000e+02	1.5847075e+15	5.4698476e-05
7.5747529e+06	2.5000000e+02	1.5689394e+15	5.4154217e-05
7.5874835e+06	2.5000000e+02	1.5533282e+15	5.3615374e-05
7.6002142e+06	2.5000000e+02	1.5378723e+15	5.3081892e-05
7.6129449e+06	2.5000000e+02	1.5225702e+15	5.2553718e-05
7.6256756e+06	2.5000000e+02	1.5074204e+15	5.2030800e-05
7.6384063e+06	2.5000000e+02	1.4924213e+15	5.1513085e-05
7.6511369e+06	2.5000000e+02	1.4775714e+15	5.1000521e-05
7.6638676e+06	2.5000000e+02	1.4628694e+15	5.0493057e-05
7.6765983e+06	2.5000000e+02	1.4483136e+15	4.9990643e-05
7.6893290e+06	2.5000000e+02	1.4339026e+15	4.9493228e-05
7.7020596e+06	2.5000000e+02	1.4196350e+15	4.9000762e-05
7.7147903e+06	2.5000000e+02	1.4055094e+15	4.8513196e-05
7.7275210e+06	2.5000000e+02	1.3915244e+15	4.8030482e-05
7.7402517e+06	2.5000000e+02	1.3776785e+15	4.7552571e-05
7.7529823e+06	2.5000000e+02	1.3639704e+15	4.7079415e-05
7.7657130e+06	2.5000000e+02	1.3503986e+15	4.6610967e-05
7.7784437e+06	2.5000000e+02	1.3369619e+15	4.6147180e-05
7.7911744e+06	2.5000000e+02	1.3236589e+15	4.5688008e-05
7.8039051e+06	2.5000000e+02	1.3104883e+15	4.5233404e-05
7.8166357e+06	2.5000000e+02	1.2974487e+15	4.4783324e-05
7.8293664e+06	2.5000000e+02	1.2845389e+15	4.4337723e-05
7.8420971e+06	2.5000000e+02	1.2717575e+15	4.3896555e-05
7.8548278e+06	2.5000000e+02	1.2591033e+15	4.3459777e-05
7.8675584e+06	2.5000000e+02	1.2465750e+15	4.3027345e-05
7.8802891e+06	2.5000000e+02	1.2341714e+15	4.2599216e-05
7.8930198e+06	2.5000000e+02	1.2218912e+15	4.2175347e-05
7.9057505e+06	2.5000000e+02	1.2097332e+15	4.1755695e-05
7.9184812e+06	2.5000000e+02	1.1976961e+15	4.1340219e-05
7.9312118e+06	2.5000000e+02	1.1857789e+15	4.0928877e-05
7.9439425e+06	2.5000000e+02	1.1739802e+15	4.0521628e-05
7.9566732e+06	2.5000000e+02	1.1622989e+15	4.0118431e-05
7.9694039e+06	2.5000000e+02	1.1507338e+15	3.9719246e-05
7.9821345e+06	2.5000000e+02	1.1392838e+15	3.9324033e-05
7.9948652e+06	2.5000000e+02	1.1279477e+15	3.8932752e-05
8.0075959e+06	2.5000000e+02	1.1167245e+15	3.8545365e-05
8.0203266e+06	2.5000000e+02	1.1056129e+15	3.8161832e-05
8.0330572e+06	2.5000000e+02	1.0946119e+15	3.7782115e-05
8.0457879e+06	2.5000000e+02	1.0837203e+15	3.7406177e-05
8.0585186e+06	2.5000000e+02	1.0729371e+15	3.7033979e-05
8.0712493e+06	2.5000000e+02	1.0622612e+15	3.6665485e-05
8.0839800e+06	2.5000000e+02	1.0516915e+15	3.6300657e-05
8.0967106e+06	2.5000000e+02	1.0412270e+15	3.5939460e-05
8.1094413e+06	2.5000000e+02	1.0308666e+15	3.5581856e-05
8.1221720e+06	2.5000000e+02	1.0206093e+15	3.5227811e-05
8.1349027e+06	2.5000000e+02	1.0104541e+15	3.4877288e-05
8.1476333e+06	2.5000000e+02	1.0003999e+15	3.4530253e-05
8.1603640e+06	2.5000000e+02	9.9044576e+14	3.4186672e-05
8.1730947e+06	2.5000000e+02	9.8059066e+14	3.3846509e-05
8.1858254e+06	2.5000000e+02	9.7083362e+14	3.3509730e-05
8.1985560e+06	2.5000000e+02	9.6117366e+14	3.3176303e-05
8.2112867e+06	2.5000000e+02	9.5160983e+14	3.2846193e-05
8.2240174e+06	2.5000000e+02	9.4214115e+14	3.2519368e-05
8.2367481e+06	2.5000000e+02	9.3276669e+14	3.2195795e-05
8.2494788e+06	2.5000000e+02	9.2348551e+14	3.1875441e-05
8.2622094e+06	2.5000000e+02	9.1429667e+14	3.1558275e-05
8.2749401e+06	2.5000000e+02	9.0519927e+14	3.1244265e-05
8.2876708e+06	2.5000000e+02	8.9619238e+14	3.0933380e-05
8.3004015e+06	2.5000000e+02	8.8727512e+14	3.0625587e-05
8.3131321e+06	2.5000000e+02	8.7844659e+14	3.0320858e-05
8.3258628e+06	2.5000000e+02	8.6970590e+14	3.0019160e-05
8.3385935e+06	2.5000000e+02	8.6105218e+14	2.9720464e-05
8.3513242e+06	2.5000000e+02	8.5248457e+14	2.9424741e-05
8.3640548e+06	2.5000000e+02	8.4400220e+14	2.9131960e-05
8.3767855e+06	2.5000000e+02	8.3560424e+14	2.8842092e-05
8.3895162e+06	2.5000000e+02	8.2728984e+14	2.8555108e-05
8.4022469e+06	2.5000000e+02	8.1905817e+14	2.8270980e-05
8.4149776e+06	2.5000000e+02	8.1090840e+14	2.7989679e-05
8.4277082e+06	2.5000000e+02	8.0283973e+14	2.7711177e-05
8.4404389e+06	2.5000000e+02	7.9485134e+14	2.7435447e-05
8.4531696e+06	2.5000000e+02	7.8694244e+14	2.7162459e-05
8.4659003e+06	2.5000000e+02	7.7911223e+14	2.6892188e-05
8.4786309e+06	2.5000000e+02	7.7135993e+14	2.6624607e-05
8.4913616e+06	2.5000000e+02	7.6368477e+14	2.6359687e-05
8.5040923e+06	2.5000000e+02	7.5608598e+14	2.6097404e-05
8.5168230e+06	2.5000000e+02	7.4856280e+14	2.5837731e-05
8.5295537e+06	2.5000000e+02	7.4111448e+14	2.5580641e-05
8.5422843e+06	2.5000000e+02	7.3374027e+14	2.5326109e-05
8.5550150e+06	2.5000000e+02	7.2643943e+14	2.5074110e-05
8.5677457e+06	2.5000000e+02	7.1921124e+14	2.4824619e-05
8.5804764e+06	2.5000000e+02	7.1205496e+14	2.4577610e-05
8.5932070e+06	2.5000000e+02	7.0496990e+14	2.4333058e-05
8.6059377e+06	2.5000000e+02	6.9795533e+14	2.4090940e-05
8.6186684e+06	2.5000000e+02	6.9101056e+14	2.3851231e-05
8.6313991e+06	2.5000000e+02	6.8413489e+14	2.3613908e-05
8.6441297e+06	2.5000000e+02	6.7732763e+14	2.3378945e-05
8.6568604e+06	2.5000000e+02	6.7058811e+14	2.3146321e-05
8.6695911e+06	2.5000000e+02	6.6391565e+14	2.2916011e-05
8.6823218e+06	2.5000000e+02	6.5730958e+14	2.2687993e-05
8.6950525e+06	2.5000000e+02	6.5076924e+14	2.2462244e-05
8.7077831e+06	2.5000000e+02	6.4429398e+14	2.2238741e-05
8.7205138e+06	2.5000000e+02	6.3788314e+14	2.2017462e-05
8.7332445e+06	2.5000000e+02	6.3153610e+14	2.1798384e-05
8.7459752e+06	2.5000000e+02	6.2525221e+14	2.1581487e-05
8.7587058e+06	2.5000000e+02	6.1903085e+14	2.1366747e-05
8.7714365e+06	2.5000000e+02	6.1287139e+14	2.1154145e-05
8.7841672e+06	2.5000000e+02	6.0677322e+14	2.0943657e-05
8.7968979e+06	2.5000000e+02	6.0073572e+14	2.0735264e-05
8.8096285e+06	2.5000000e+02	5.9475830e+14	2.0528945e-05
8.8223592e+06	2.5000000e+02	5.8884036e+14	2.0324679e-05
8.8350899e+06	2.5000000e+02	5.8298130e+14	2.0122445e-05
8.8478206e+06	2.5000000e+02	5.7718054e+14	1.9922223e-05
8.8605513e+06	2.5000000e+02	5.7143749e+14	1.9723994e-05
8.8732819e+06	2.5000000e+02	5.6575160e+14	1.9527737e-05
8.8860126e+06	2.5000000e+02	5.6012227e+14	1.9333432e-05
8.8987433e+06	2.5000000e+02	5.5454896e+14	1.9141062e-05
8.9114740e+06	2.5000000e+02	5.4903111e+14	1.8950605e-05
8.9242046e+06	2.5000000e+02	5.4356816e+14	1.8762043e-05
8.9369353e+06	2.5000000e+02	5.3815956e+14	1.8575358e-05
8.9496660e+06	2.5000000e+02	5.3280479e+14	1.8390530e-05
8.9623967e+06	2.5000000e+02	5.2750329e+14	1.8207541e-05
8.9751274e+06	2.5000000e+02	5.2225455e+14	1.8026373e-05
8.9878580e+06	2.5000000e+02	5.1705803e+14	1.7847008e-05
9.0005887e+06	2.5000000e+02	5.1191321e+14	1.7669427e-05
9.0133194e+06	2.5000000e+02	5.0681959e+14	1.7493613e-05
9.0260501e+06	2.5000000e+02	5.0177665e+14	1.7319549e-05
9.0387807e+06	2.5000000e+02	4.9678389e+14	1.7147216e-05
9.0515114e+06	2.5000000e+02	4.9184081e+14	1.6976599e-05
9.0642421e+06	2.5000000e+02	4.8694691e+14	1.6807679e-05
9.0769728e+06	2.5000000e+02	4.8210171e+14	1.6640440e-05
9.0897034e+06	2.5000000e+02	4.7730472e+14	1.6474864e-05
9.1024341e+06	2.5000000e+02	4.7255545e+14	1.6310937e-05
9.1151648e+06	2.5000000e+02	4.6785345e+14	1.6148640e-05
9.1278955e+06	2.5000000e+02	4.6319823e+14	1.5987959e-05
9.1406262e+06	2.5000000e+02	4.5858933e+14	1.5828876e-05
9.1533568e+06	2.5000000e+02	4.5402629e+14	1.5671376e-05
9.1660875e+06	2.5000000e+02	4.4950865e+14	1.5515443e-05
9.1788182e+06	2.5000000e+02	4.4503597e+14	1.5361062e-05
9.1915489e+06	2.5000000e+02	4.4060779e+14	1.5208217e-05
9.2042795e+06	2.5000000e+02	4.3622367e+14	1.5056892e-05
9.2170102e+06	2.5000000e+02	4.3188317e+14	1.4907074e-05
9.2297409e+06	2.5000000e+02	4.2758586e+14	1.4758746e-05
9.2424716e+06	2.5000000e+02	4.2333131e+14	1.4611894e-05
9.2552022e+06	2.5000000e+02	4.1911909e+14	1.4466503e-05
9.2679329e+06	2.5000000e+02	4.1494879e+14	1.4322559e-05
9.2806636e+06	2.5000000e+02	4.1081998e+14	1.4180047e-05
9.2933943e+06	2.5000000e+02	4.0673225e+14	1.4038953e-05
9.3061250e+06	2.5000000e+02	4.0268520e+14	1.3899263e-05
9.3188556e+06	2.5000000e+02	3.9867841e+14	1.3760963e-05
9.3315863e+06	2.5000000e+02	3.9471149e+14	1.3624040e-05
9.3443170e+06	2.5000000e+02	3.9078405e+14	1.3488478e-05
9.3570477e+06	2.5000000e+02	3.8689568e+14	1.3354266e-05
9.3697783e+06	2.5000000e+02	3.8304601e+14	1.3221388e-05
9.3825090e+06	2.5000000e+02	3.7923464e+14	1.3089833e-05
9.3952397e+06	2.5000000e+02	3.7546119e+14	1.2959587e-05
9.4079704e+06	2.5000000e+02	3.7172529e+14	1.2830637e-05
9.4207010e+06	2.5000000e+02	3.6802656e+14	1.2702970e-05
9.4334317e+06	2.5000000e+02	3.6436463e+14	1.2576574e-05
9.4461624e+06	2.5000000e+02	3.6073914e+14	1.2451435e-05
9.4588931e+06	2.5000000e+02	3.5714973e+14	1.2327541e-05
9.4716238e+06	2.5000000e+02	3.5359603e+14	1.2204880e-05
9.4843544e+06	2.5000000e+02	3.5007769e+14	1.2083439e-05
9.4970851e+06	2.5000000e+02	3.4659436e+14	1.1963207e-05
9.5098158e+06	2.5000000e+02	3.4314569e+14	1.1844171e-05
9.5225465e+06	2.5000000e+02	3.3973133e+14	1.1726320e-05
9.5352771e+06	2.5000000e+02	3.3635095e+14	1.1609641e-05
9.5480078e+06	2.5000000e+02	3.3300420e+14	1.1494123e-05
9.5607385e+06	2.5000000e+02	3.2969075e+14	1.1379754e-05
9.5734692e+06	2.5000000e+02	3.2641028e+14	1.1266524e-05
9.5861999e+06	2.5000000e+02	3.2316244e+14	1.1154420e-05
9.5989305e+06	2.5000000e+02	3.1994692e+14	1.1043432e-05
9.6116612e+06	2.5000000e+02	3.1676339e+14	1.0933548e-05
9.6243919e+06	2.5000000e+02	3.1361155e+14	1.0824757e-05
9.6371226e+06	2.5000000e+02	3.1049106e+14	1.0717049e-05
9.6498532e+06	2.5000000e+02	3.0740162e+14	1.0610413e-05
9.6625839e+06	2.5000000e+02	3.0434292e+14	1.0504837e-05
9.6753146e+06	2.5000000e+02	3.0131466e+14	1.0400312e-05
9.6880453e+06	2.5000000e+02	2.9831653e+14	1.0296828e-05
9.7007759e+06	2.5000000e+02	2.9534823e+14	1.0194372e-05
9.7135066e+06	2.5000000e+02	2.9240947e+14	1.0092937e-05
9.7262373e+06	2.5000000e+02	2.8949994e+14	9.9925104e-06
9.7389680e+06	2.5000000e+02	2.8661937e+14	9.8930832e-06
9.7516987e+06	2.5000000e+02	2.8376746e+14	9.7946454e-06
9.7644293e+06	2.5000000e+02	2.8094393e+14	9.6971870e-06
9.7771600e+06	2.5000000e+02	2.7814849e+14	9.6006984e-06
9.7898907e+06	2.5000000e+02	2.7538087e+14	9.5051699e-06
9.8026214e+06	2.5000000e+02	2.7264078e+14	9.4105919e-06
9.8153520e+06	2.5000000e+02	2.6992796e+14	9.3169549e-06
9.8280827e+06	2.5000000e+02	2.6724213e+14	9.2242497e-06
9.8408134e+06	2.5000000e+02	2.6458303e+14	9.1324668e-06
9.8535441e+06	2.5000000e+02	2.6195038e+14	9.0415973e-06
9.8662747e+06	2.5000000e+02	2.5934393e+14	8.9516319e-06
9.8790054e+06	2.5000000e+02	2.5676342e+14	8.8625617e-06
9.8917361e+06	2.5000000e+02	2.5420858e+14	8.7743777e-06
9.9044668e+06	2.5000000e+02	2.5167916e+14	8.6870712e-06
9.9171975e+06	2.5000000e+02	2.4917491e+14	8.6006334e-06
9.9299281e+06	2.5000000e+02	2.4669558e+14	8.5150556e-06
9.9426588e+06	2.5000000e+02	2.4424092e+14	8.4303294e-06
9.9553895e+06	2.5000000e+02	2.4181068e+14	8.3464462e-06
9.9681202e+06	2.5000000e+02	2.3940462e+14	8.2633977e-06
9.9808508e+06	2.5000000e+02	2.3702251e+14	8.1811755e-06
9.9935815e+06	2.5000000e+02	2.3466409e+14	8.0997715e-06
1.0006312e+07	2.5000000e+02	2.3232915e+14	8.0191774e-06
1.0019043e+07	2.5000000e+02	2.3001743e+14	7.9393853e-06
1.0031774e+07	2.5000000e+02	2.2772872e+14	7.8603870e-06
1.0044504e+07	2.5000000e+02	2.2546278e+14	7.7821749e-06
1.0057235e+07	2.5000000e+02	2.2321939e+14	7.7047410e-06
1.0069966e+07	2.5000000e+02	2.2099832e+14	7.6280775e-06
1.0082696e+07	2.5000000e+02	2.1879935e+14	7.5521769e-06
1.0095427e+07	2.5000000e+02	2.1662226e+14	7.4770314e-06
1.0108158e+07	2.5000000e+02	2.1446683e+14	7.4026337e-06
1.0120888e+07	2.5000000e+02	2.1233285e+14	7.3289763e-06
1.0133619e+07	2.5000000e+02	2.1022011e+14	7.2560518e-06
1.0146350e+07	2.5000000e+02	2.0812838e+14	7.1838529e-06
1.0159080e+07	2.5000000e+02	2.0605747e+14	7.1123723e-06
1.0171811e+07	2.5000000e+02	2.0400716e+14	7.0416030e-06
1.0184542e+07	2.5000000e+02	2.0197726e+14	6.9715379e-06
1.0197272e+07	2.5000000e+02	1.9996755e+14	6.9021700e-06
1.0210003e+07	2.5000000e+02	1.9797784e+14	6.8334922e-06
1.0222734e+07	2.5000000e+02	1.9600793e+14	6.7654978e-06
1.0235464e+07	2.5000000e+02	1.9405762e+14	6.6981800e-06
1.0248195e+07	2.5000000e+02	1.9212671e+14	6.6315320e-06
1.0260926e+07	2.5000000e+02	1.9021502e+14	6.5655472e-06
1.0273656e+07	2.5000000e+02	1.8832235e+14	6.5002189e-06
1.0286387e+07	2.5000000e+02	1.8644851e+14	6.4355406e-06
1.0299118e+07	2.5000000e+02	1.8459331e+14	6.3715059e-06
1.0311848e+07	2.5000000e+02	1.8275658e+14	6.3081084e-06
1.0324579e+07	2.5000000e+02	1.8093812e+14	6.2453416e-06
1.0337310e+07	2.5000000e+02	1.7913776e+14	6.1831995e-06
1.0350040e+07	2.5000000e+02	1.7735531e+14	6.1216756e-06
1.0362771e+07	2.5000000e+02	1.7559059e+14	6.0607639e-06
1.0375502e+07	2.5000000e+02	1.7384344e+14	6.0004583e-06
1.0388233e+07	2.5000000e+02	1.7211367e+14	5.9407527e-06
1.0400963e+07	2.5000000e+02	1.7040111e+14	5.8816413e-06
1.0413694e+07	2.5000000e+02	1.6870559e+14	5.8231179e-06
1.0426425e+07	2.5000000e+02	1.6702694e+14	5.7651770e-06
1.0439155e+07	2.5000000e+02	1.6536499e+14	5.7078125e-06
1.0451886e+07	2.5000000e+02	1.6371958e+14	5.6510188e-06
1.0464617e+07	2.5000000e+02	1.6209055e+14	5.5947902e-06
1.0477347e+07	2.5000000e+02	1.6047772e+14	5.5391211e-06
1.0490078e+07	2.5000000e+02	1.5888094e+14	5.4840060e-06
1.0502809e+07	2.5000000e+02	1.5730005e+14	5.4294392e-06
1.0515539e+07	2.5000000e+02	1.5573488e+14	5.3754154e-06
1.0528270e+07	2.5000000e+02	1.5418530e+14	5.3219291e-06
1.0541001e+07	2.5000000e+02	1.5265113e+14	5.2689750e-06
1.0553731e+07	2.5000000e+02	1.5113222e+14	5.2165478e-06
1.0566462e+07	2.5000000e+02	1.4962843e+14	5.1646423e-06
1.0579193e+07	2.5000000e+02	1.4813960e+14	5.1132533e-06
1.0591923e+07	2.5000000e+02	1.4666559e+14	5.0623755e-06
1.0604654e+07	2.5000000e+02	1.4520624e+14	5.0120041e-06
1.0617385e+07	2.5000000e+02	1.4376142e+14	4.9621338e-06
1.0630115e+07	2.5000000e+02	1.4233097e+14	4.9127597e-06
1.0642846e+07	2.5000000e+02	1.4091475e+14	4.8638770e-06
1.0655577e+07	2.5000000e+02	1.3951263e+14	4.8154806e-06
1.0668307e+07	2.5000000e+02	1.3812445e+14	4.7675657e-06
1.0681038e+07	2.5000000e+02	1.3675009e+14	4.7201277e-06
1.0693769e+07	2.5000000e+02	1.3538940e+14	4.6731616e-06
1.0706499e+07	2.5000000e+02	1.3404226e+14	4.6266629e-06
1.0719230e+07	2.5000000e+02	1.3270851e+14	4.5806268e-06
1.0731961e+07	2.5000000e+02	1.3138804e+14	4.5350488e-06
1.0744691e+07	2.5000000e+02	1.3008071e+14	4.4899243e-06
1.0757422e+07	2.5000000e+02	1.2878639e+14	4.4452488e-06
1.0770153e+07	2.5000000e+02	1.2750494e+14	4.4010179e-06
1.0782883e+07	2.5000000e+02	1.2623624e+14	4.3572270e-06
1.0795614e+07	2.5000000e+02	1.2498017e+14	4.3138719e-06
1.0808345e+07	2.5000000e+02	1.2373660e+14	4.2709481e-06
1.0821076e+07	2.5000000e+02	1.2250540e+14	4.2284515e-06
1.0833806e+07	2.5000000e+02	1.2128645e+14	4.1863777e-06
1.0846537e+07	2.5000000e+02	1.2007963e+14	4.1447225e-06
1.0859268e+07	2.5000000e+02	1.1888482e+14	4.1034819e-06
1.0871998e+07	2.5000000e+02	1.1770189e+14	4.0626515e-06
1.0884729e+07	2.5000000e+02	1.1653074e+14	4.0222275e-06
1.0897460e+07	2.5000000e+02	1.1537124e+14	3.9822056e-06
1.0910190e+07	2.5000000e+02	1.1422328e+14	3.9425820e-06
1.0922921e+07	2.5000000e+02	1.1308674e+14	3.9033527e-06
1.0935652e+07	2.5000000e+02	1.1196150e+14	3.8645137e-06
1.0948382e+07	2.5000000e+02	1.1084747e+14	3.8260611e-06
1.0961113e+07	2.5000000e+02	1.0974452e+14	3.7879912e-06
1.0973844e+07	2.5000000e+02	1.0865254e+14	3.7503000e-06
1.0986574e+07	2.5000000e+02	1.0757143e+14	3.7129839e-06
1.0999305e+07	2.5000000e+02	1.0650108e+14	3.6760391e-06
1.1012036e+07	2.5000000e+02	1.0544137e+14	3.6394619e-06
1.1024766e+07	2.5000000e+02	1.0439222e+14	3.6032487e-06
1.1037497e+07	2.5000000e+02	1.0335350e+14	3.5673958e-06
1.1050228e+07	2.5000000e+02	1.0232511e+14	3.5318996e-06
1.1062958e+07	2.5000000e+02	1.0130696e+14	3.4967566e-06
1.1075689e+07	2.5000000e+02	1.0029894e+14	3.4619633e-06
1.1088420e+07	2.5000000e+02	9.9300947e+13	3.4275162e-06
1.1101150e+07	2.5000000e+02	9.8312886e+13	3.3934118e-06
1.1113881e+07	2.5000000e+02	9.7334656e+13	3.3596468e-06
1.1126612e+07	2.5000000e+02	9.6366160e+13	3.3262178e-06
1.1139342e+07	2.5000000e+02	9.5407301e+13	3.2931213e-06
1.1152073e+07	2.5000000e+02	9.4457982e+13	3.2603542e-06
1.1164804e+07	2.5000000e+02	9.3518110e+13	3.2279132e-06
1.1177534e+07	2.5000000e+02	9.2587589e+13	3.1957949e-06
1.1190265e+07	2.5000000e+02	9.1666327e+13	3.1639962e-06
1.1202996e+07	2.5000000e+02	9.0754232e+13	3.1325139e-06
1.1215727e+07	2.5000000e+02	8.9851212e+13	3.1013449e-06
1.1228457e+07	2.5000000e+02	8.8957178e+13	3.0704860e-06
1.1241188e+07	2.5000000e+02	8.8072039e+13	3.0399341e-06
1.1253919e+07	2.5000000e+02	8.7195708e+13	3.0096863e-06
1.1266649e+07	2.5000000e+02	8.6328096e+13	2.9797394e-06
1.1279380e+07	2.5000000e+02	8.5469117e+13	2.9500905e-06
1.1292111e+07	2.5000000e+02	8.4618685e+13	2.9207366e-06
1.1304841e+07	2.5000000e+02	8.3776715e+13	2.8916748e-06
1.1317572e+07	2.5000000e+02	8.2943123e+13	2.8629022e-06
1.1330303e+07	2.5000000e+02	8.2117825e+13	2.8344158e-06
1.1343033e+07	2.5000000e+02	8.1300739e+13	2.8062129e-06
1.1355764e+07	2.5000000e+02	8.0491783e+13	2.7782906e-06
1.1368495e+07	2.5000000e+02	7.9690876e+13	2.7506462e-06
1.1381225e+07	2.5000000e+02	7.8897939e+13	2.7232768e-06
1.1393956e+07	2.5000000e+02	7.8112891e+13	2.6961797e-06
1.1406687e+07	2.5000000e+02	7.7335655e+13	2.6693523e-06
1.1419417e+07	2.5000000e+02	7.6566152e+13	2.6427918e-06
1.1432148e+07	2.5000000e+02	7.5804307e+13	2.6164956e-06
1.1444879e+07	2.5000000e+02	7.5050041e+13	2.5904610e-06
1.1457609e+07	2.5000000e+02	7.4303281e+13	2.5646855e-06
1.1470340e+07	2.5000000e+02	7.3563951e+13	2.5391664e-06
1.1483071e+07	2.5000000e+02	7.2831977e+13	2.5139013e-06
1.1495801e+07	2.5000000e+02	7.2107287e+13	2.4888876e-06
1.1508532e+07	2.5000000e+02	7.1389807e+13	2.4641227e-06
1.1521263e+07	2.5000000e+02	7.0679467e+13	2.4396043e-06
1.1533993e+07	2.5000000e+02	6.9976194e+13	2.4153298e-06
1.1546724e+07	2.5000000e+02	6.9279920e+13	2.3912969e-06
1.1559455e+07	2.5000000e+02	6.8590573e+13	2.3675031e-06
1.1572185e+07	2.5000000e+02	6.7908085e+13	2.3439460e-06
1.1584916e+07	2.5000000e+02	6.7232389e+13	2.3206234e-06
1.1597647e+07	2.5000000e+02	6.6563415e+13	2.2975328e-06
1.1610378e+07	2.5000000e+02	6.5901098e+13	2.2746720e-06
1.1623108e+07	2.5000000e+02	6.5245371e+13	2.2520386e-06
1.1635839e+07	2.5000000e+02	6.4596169e+13	2.2296304e-06
1.1648570e+07	2.5000000e+02	6.3953426e+13	2.2074452e-06
1.1661300e+07	2.5000000e+02	6.3317079e+13	2.1854808e-06
1.1674031e+07	2.5000000e+02	6.2687064e+13	2.1637349e-06
1.1686762e+07	2.5000000e+02	6.2063317e+13	2.1422054e-06
1.1699492e+07	2.5000000e+02	6.1445777e+13	2.1208901e-06
1.1712223e+07	2.5000000e+02	6.0834381e+13	2.0997869e-06
1.1724954e+07	2.5000000e+02	6.0229069e+13	2.0788936e-06
1.1737684e+07	2.5000000e+02	5.9629779e+13	2.0582083e-06
1.1750415e+07	2.5000000e+02	5.9036453e+13	2.0377288e-06
1.1763146e+07	2.5000000e+02	5.8449031e+13	2.0174530e-06
1.1775876e+07	2.5000000e+02	5.7867453e+13	1.9973791e-06
1.1788607e+07	2.5000000e+02	5.7291662e+13	1.9775048e-06
1.1801338e+07	2.5000000e+02	5.6721601e+13	1.9578283e-06
1.1814068e+07	2.5000000e+02	5.6157211e+13	1.9383476e-06
1.1826799e+07	2.5000000e+02	5.5598438e+13	1.9190607e-06
1.1839530e+07	2.5000000e+02	5.5045224e+13	1.8999657e-06
1.1852260e+07	2.5000000e+02	5.4497515e+13	1.8810608e-06
1.1864991e+07	2.5000000e+02	5.3955256e+13	1.8623439e-06
1.1877722e+07	2.5000000e+02	5.3418392e+13	1.8438133e-06
1.1890452e+07	2.5000000e+02	5.2886870e+13	1.8254670e-06
1.1903183e+07	2.5000000e+02	5.2360637e+13	1.8073033e-06
1.1915914e+07	2.5000000e+02	5.1839640e+13	1.7893203e-06
1.1928644e+07	2.5000000e+02	5.1323827e+13	1.7715163e-06
1.1941375e+07	2.5000000e+02	5.0813146e+13	1.7538894e-06
1.1954106e+07	2.5000000e+02	5.0307547e+13	1.7364379e-06
1.1966836e+07	2.5000000e+02	4.9806979e+13	1.7191601e-06
1.1979567e+07	2.5000000e+02	4.9311391e+13	1.7020542e-06
1.1992298e+07	2.5000000e+02	4.8820734e+13	1.6851184e-06
1.2005028e+07	2.5000000e+02	4.8334960e+13	1.6683512e-06
1.2017759e+07	2.5000000e+02	4.7854019e+13	1.6517509e-06
1.2030490e+07	2.5000000e+02	4.7377864e+13	1.6353157e-06
1.2043221e+07	2.5000000e+02	4.6906446e+13	1.6190440e-06
1.2055951e+07	2.5000000e+02	4.6439719e+13	1.6029342e-06
1.2068682e+07	2.5000000e+02	4.5977636e+13	1.5869848e-06
1.2081413e+07	2.5000000e+02	4.5520151e+13	1.5711940e-06
1.2094143e+07	2.5000000e+02	4.5067218e+13	1.5555604e-06
1.2106874e+07	2.5000000e+02	4.4618792e+13	1.5400823e-06
1.2119605e+07	2.5000000e+02	4.4174827e+13	1.5247582e-06
1.2132335e+07	2.5000000e+02	4.3735280e+13	1.5095866e-06
1.2145066e+07	2.5000000e+02	4.3300107e+13	1.4945660e-06
1.2157797e+07	2.5000000e+02	4.2869264e+13	1.4796948e-06
1.2170527e+07	2.5000000e+02	4.2442707e+13	1.4649716e-06
1.2183258e+07	2.5000000e+02	4.2020395e+13	1.4503949e-06
1.2195989e+07	2.5000000e+02	4.1602285e+13	1.4359632e-06
1.2208719e+07	2.5000000e+02	4.1188336e+13	1.4216751e-06
1.2221450e+07	2.5000000e+02	4.0778505e+13	1.4075292e-06
1.2234181e+07	2.5000000e+02	4.0372752e+13	1.3935241e-06
1.2246911e+07	2.5000000e+02	3.9971037e+13	1.3796583e-06
1.2259642e+07	2.5000000e+02	3.9573318e+13	1.3659305e-06
1.2272373e+07	2.5000000e+02	3.9179557e+13	1.3523392e-06
1.2285103e+07	2.5000000e+02	3.8789714e+13	1.3388832e-06
1.2297834e+07	2.5000000e+02	3.8403750e+13	1.3255611e-06
1.2310565e+07	2.5000000e+02	3.8021626e+13	1.3123716e-06
1.2323295e+07	2.5000000e+02	3.7643305e+13	1.2993132e-06
1.2336026e+07	2.5000000e+02	3.7268747e+13	1.2863849e-06
1.2348757e+07	2.5000000e+02	3.6897917e+13	1.2735851e-06
1.2361487e+07	2.5000000e+02	3.6530777e+13	1.2609127e-06
1.2374218e+07	2.5000000e+02	3.6167289e+13	1.2483664e-06
1.2386949e+07	2.5000000e+02	3.5807419e+13	1.2359450e-06
1.2399679e+07	2.5000000e+02	3.5451129e+13	1.2236471e-06
1.2412410e+07	2.5000000e+02	3.5098385e+13	1.2114716e-06
1.2425141e+07	2.5000000e+02	3.4749150e+13	1.1994173e-06
1.2437872e+07	2.5000000e+02	3.4403390e+13	1.1874829e-06
1.2450602e+07	2.5000000e+02	3.4061071e+13	1.1756672e-06
1.2463333e+07	2.5000000e+02	3.3722157e+13	1.1639692e-06
1.2476064e+07	2.5000000e+02	3.3386616e+13	1.1523875e-06
1.2488794e+07	2.5000000e+02	3.3054414e+13	1.1409210e-06
1.2501525e+07	2.5000000e+02	3.2725517e+13	1.1295687e-06
1.2514256e+07	2.5000000e+02	3.2399893e+13	1.1183293e-06
1.2526986e+07	2.5000000e+02	3.2077508e+13	1.1072017e-06
1.2539717e+07	2.5000000e+02	3.1758332e+13	1.0961849e-06
1.2552448e+07	2.5000000e+02	3.1442331e+13	1.0852776e-06
1.2565178e+07	2.5000000e+02	3.1129475e+13	1.0744790e-06
1.2577909e+07	2.5000000e+02	3.0819731e+13	1.0637877e-06
1.2590640e+07	2.5000000e+02	3.0513070e+13	1.0532028e-06
1.2603370e+07	2.5000000e+02	3.0209460e+13	1.0427233e-06
1.2616101e+07	2.5000000e+02	2.9908870e+13	1.0323480e-06
1.2628832e+07	2.5000000e+02	2.9611272e+13	1.0220760e-06
1.2641562e+07	2.5000000e+02	2.9316635e+13	1.0119062e-06
1.2654293e+07	2.5000000e+02	2.9024930e+13	1.0018375e-06
1.2667024e+07	2.5000000e+02	2.8736127e+13	9.9186908e-07
1.2679754e+07	2.5000000e+02	2.8450198e+13	9.8199982e-07
1.2692485e+07	2.5000000e+02	2.8167113e+13	9.7222876e-07
1.2705216e+07	2.5000000e+02	2.7886846e+13	9.6255492e-07
1.2717946e+07	2.5000000e+02	2.7609367e+13	9.5297734e-07
1.2730677e+07	2.5000000e+02	2.7334649e+13	9.4349506e-07
1.2743408e+07	2.5000000e+02	2.7062665e+13	9.3410713e-07
1.2756138e+07	2.5000000e+02	2.6793387e+13	9.2481260e-07
1.2768869e+07	2.5000000e+02	2.6526788e+13	9.1561057e-07
1.2781600e+07	2.5000000e+02	2.6262842e+13	9.0650009e-07
1.2794330e+07	2.5000000e+02	2.6001523e+13	8.9748026e-07
1.2807061e+07	2.5000000e+02	2.5742803e+13	8.8855018e-07
1.2819792e+07	2.5000000e+02	2.5486658e+13	8.7970896e-07
1.2832523e+07	2.5000000e+02	2.5233062e+13	8.7095571e-07
1.2845253e+07	2.5000000e+02	2.4981988e+13	8.6228956e-07
