# Formed from form_atmospheric_profiles_paper_model.py
# Z (cm)	T (K)	DEN (cm**-3)	P (bar)
0.0000000e+00	2.5000000e+02	5.7965993e+19	2.0007803e+00
1.2715405e+04	2.4940056e+02	5.7526110e+19	1.9808361e+00
2.5400322e+04	2.4880256e+02	5.7089612e+19	1.9610923e+00
3.8054824e+04	2.4820599e+02	5.6656471e+19	1.9415469e+00
5.0678983e+04	2.4761085e+02	5.6226659e+19	1.9221977e+00
6.3272872e+04	2.4701714e+02	5.5800148e+19	1.9030427e+00
7.5836564e+04	2.4642485e+02	5.5376910e+19	1.8840800e+00
8.8370131e+04	2.4583398e+02	5.4956919e+19	1.8653074e+00
1.0087365e+05	2.4524453e+02	5.4540148e+19	1.8467230e+00
1.1334718e+05	2.4465649e+02	5.4126571e+19	1.8283249e+00
1.2579081e+05	2.4406986e+02	5.3716161e+19	1.8101111e+00
1.3820459e+05	2.4348464e+02	5.3308892e+19	1.7920798e+00
1.5058862e+05	2.4290082e+02	5.2904739e+19	1.7742290e+00
1.6294295e+05	2.4231840e+02	5.2503677e+19	1.7565569e+00
1.7526765e+05	2.4173738e+02	5.2105681e+19	1.7390617e+00
1.8756281e+05	2.4115775e+02	5.1710726e+19	1.7217416e+00
1.9982848e+05	2.4057951e+02	5.1318787e+19	1.7045947e+00
2.1206475e+05	2.4000266e+02	5.0929840e+19	1.6876193e+00
2.2427167e+05	2.3942719e+02	5.0543862e+19	1.6708136e+00
2.3644933e+05	2.3885310e+02	5.0160828e+19	1.6541759e+00
2.4859778e+05	2.3828039e+02	4.9780716e+19	1.6377045e+00
2.6071711e+05	2.3770905e+02	4.9403501e+19	1.6213977e+00
2.7280738e+05	2.3713908e+02	4.9029162e+19	1.6052538e+00
2.8486866e+05	2.3657048e+02	4.8657674e+19	1.5892712e+00
2.9690101e+05	2.3600324e+02	4.8289016e+19	1.5734481e+00
3.0890452e+05	2.3543736e+02	4.7923166e+19	1.5577831e+00
3.2087925e+05	2.3487283e+02	4.7560100e+19	1.5422744e+00
3.3282526e+05	2.3430966e+02	4.7199798e+19	1.5269206e+00
3.4474263e+05	2.3374784e+02	4.6842237e+19	1.5117200e+00
3.5663142e+05	2.3318737e+02	4.6487396e+19	1.4966711e+00
3.6849171e+05	2.3262825e+02	4.6135254e+19	1.4817723e+00
3.8032356e+05	2.3207046e+02	4.5785789e+19	1.4670222e+00
3.9212704e+05	2.3151401e+02	4.5438981e+19	1.4524192e+00
4.0390222e+05	2.3095889e+02	4.5094809e+19	1.4379618e+00
4.1564916e+05	2.3040511e+02	4.4753253e+19	1.4236487e+00
4.2736794e+05	2.2985265e+02	4.4414291e+19	1.4094782e+00
4.3905862e+05	2.2930152e+02	4.4077905e+19	1.3954491e+00
4.5072127e+05	2.2875171e+02	4.3744074e+19	1.3815598e+00
4.6235595e+05	2.2820322e+02	4.3412778e+19	1.3678090e+00
4.7396273e+05	2.2765604e+02	4.3083997e+19	1.3541952e+00
4.8554169e+05	2.2711017e+02	4.2757713e+19	1.3407172e+00
4.9709288e+05	2.2656562e+02	4.2433905e+19	1.3273734e+00
5.0861638e+05	2.2602237e+02	4.2112555e+19	1.3141627e+00
5.2011224e+05	2.2548042e+02	4.1793644e+19	1.3010835e+00
5.3158054e+05	2.2493977e+02	4.1477152e+19	1.2881347e+00
5.4302134e+05	2.2440042e+02	4.1163062e+19	1.2753150e+00
5.5443471e+05	2.2386236e+02	4.0851355e+19	1.2626229e+00
5.6582071e+05	2.2332559e+02	4.0542012e+19	1.2500573e+00
5.7717942e+05	2.2279011e+02	4.0235016e+19	1.2376168e+00
5.8851088e+05	2.2225591e+02	3.9930348e+19	1.2253003e+00
5.9981518e+05	2.2172299e+02	3.9627990e+19	1.2131064e+00
6.1109237e+05	2.2119136e+02	3.9327926e+19	1.2010340e+00
6.2234252e+05	2.2066099e+02	3.9030136e+19	1.1890818e+00
6.3356570e+05	2.2013190e+02	3.8734604e+19	1.1772487e+00
6.4476196e+05	2.1960407e+02	3.8441313e+19	1.1655334e+00
6.5593138e+05	2.1907752e+02	3.8150245e+19	1.1539347e+00
6.6707402e+05	2.1855222e+02	3.7861383e+19	1.1424516e+00
6.7818994e+05	2.1802818e+02	3.7574710e+19	1.1310828e+00
6.8927920e+05	2.1750540e+02	3.7290211e+19	1.1198272e+00
7.0034188e+05	2.1698388e+02	3.7007867e+19	1.1086836e+00
7.1137803e+05	2.1646360e+02	3.6727664e+19	1.0976510e+00
7.2238772e+05	2.1594457e+02	3.6449583e+19	1.0867283e+00
7.3337101e+05	2.1542679e+02	3.6173610e+19	1.0759143e+00
7.4432797e+05	2.1491025e+02	3.5899728e+19	1.0652079e+00
7.5525865e+05	2.1439494e+02	3.5627921e+19	1.0546082e+00
7.6616313e+05	2.1388088e+02	3.5358173e+19	1.0441139e+00
7.7704146e+05	2.1336804e+02	3.5090469e+19	1.0337241e+00
7.8789370e+05	2.1285643e+02	3.4824793e+19	1.0234378e+00
7.9871992e+05	2.1234605e+02	3.4561130e+19	1.0132538e+00
8.0952019e+05	2.1183690e+02	3.4299464e+19	1.0031712e+00
8.2029456e+05	2.1132896e+02	3.4039780e+19	9.9318896e-01
8.3104309e+05	2.1082225e+02	3.3782063e+19	9.8330608e-01
8.4176585e+05	2.1031675e+02	3.3526299e+19	9.7352157e-01
8.5246290e+05	2.0981246e+02	3.3272471e+19	9.6383445e-01
8.6313431e+05	2.0930938e+02	3.3020567e+19	9.5424374e-01
8.7378012e+05	2.0880750e+02	3.2770570e+19	9.4474848e-01
8.8440041e+05	2.0830683e+02	3.2522466e+19	9.3534773e-01
8.9499523e+05	2.0780736e+02	3.2276242e+19	9.2604054e-01
9.0556465e+05	2.0730909e+02	3.2031882e+19	9.1682598e-01
9.1610873e+05	2.0681201e+02	3.1789373e+19	9.0770313e-01
9.2662752e+05	2.0631612e+02	3.1548701e+19	8.9867107e-01
9.3712109e+05	2.0582143e+02	3.1309851e+19	8.8972890e-01
9.4758951e+05	2.0532792e+02	3.1072810e+19	8.8087572e-01
9.5803282e+05	2.0483559e+02	3.0837564e+19	8.7211064e-01
9.6845109e+05	2.0434444e+02	3.0604099e+19	8.6343280e-01
9.7884438e+05	2.0385447e+02	3.0372402e+19	8.5484131e-01
9.8921274e+05	2.0336568e+02	3.0142460e+19	8.4633533e-01
9.9955625e+05	2.0287806e+02	2.9914259e+19	8.3791399e-01
1.0098750e+06	2.0239160e+02	2.9687786e+19	8.2957645e-01
1.0201689e+06	2.0190631e+02	2.9463028e+19	8.2132189e-01
1.0304382e+06	2.0142219e+02	2.9239972e+19	8.1314947e-01
1.0406829e+06	2.0093923e+02	2.9018605e+19	8.0505837e-01
1.0509030e+06	2.0045742e+02	2.8798914e+19	7.9704779e-01
1.0610986e+06	1.9997677e+02	2.8580886e+19	7.8911693e-01
1.0712697e+06	1.9949728e+02	2.8364509e+19	7.8126499e-01
1.0814164e+06	1.9901893e+02	2.8149771e+19	7.7349118e-01
1.0915389e+06	1.9854173e+02	2.7936658e+19	7.6579472e-01
1.1016370e+06	1.9806567e+02	2.7725159e+19	7.5817486e-01
1.1117110e+06	1.9759076e+02	2.7515262e+19	7.5063082e-01
1.1217608e+06	1.9711698e+02	2.7306953e+19	7.4316185e-01
1.1317864e+06	1.9664435e+02	2.7100222e+19	7.3576720e-01
1.1417881e+06	1.9617284e+02	2.6895056e+19	7.2844614e-01
1.1517658e+06	1.9570246e+02	2.6691443e+19	7.2119792e-01
1.1617195e+06	1.9523321e+02	2.6489372e+19	7.1402183e-01
1.1716494e+06	1.9476509e+02	2.6288831e+19	7.0691714e-01
1.1815555e+06	1.9429809e+02	2.6089809e+19	6.9988316e-01
1.1914378e+06	1.9383221e+02	2.5892293e+19	6.9291916e-01
1.2012964e+06	1.9336745e+02	2.5696272e+19	6.8602446e-01
1.2111314e+06	1.9290380e+02	2.5501736e+19	6.7919837e-01
1.2209428e+06	1.9244126e+02	2.5308672e+19	6.7244020e-01
1.2307306e+06	1.9197983e+02	2.5117070e+19	6.6574928e-01
1.2404951e+06	1.9151951e+02	2.4926919e+19	6.5912493e-01
1.2502360e+06	1.9106029e+02	2.4738207e+19	6.5256650e-01
1.2599537e+06	1.9060217e+02	2.4550924e+19	6.4607333e-01
1.2696480e+06	1.9014516e+02	2.4365059e+19	6.3964477e-01
1.2793191e+06	1.8968923e+02	2.4180602e+19	6.3328018e-01
1.2889670e+06	1.8923440e+02	2.3997540e+19	6.2697891e-01
1.2985918e+06	1.8878066e+02	2.3815865e+19	6.2074035e-01
1.3081935e+06	1.8845747e+02	2.3619329e+19	6.1456387e-01
1.3177874e+06	1.8834542e+02	2.3398224e+19	6.0844886e-01
1.3273756e+06	1.8823350e+02	2.3179181e+19	6.0239469e-01
1.3369581e+06	1.8812172e+02	2.2962181e+19	5.9640076e-01
1.3465349e+06	1.8801007e+02	2.2747204e+19	5.9046647e-01
1.3561061e+06	1.8789855e+02	2.2534231e+19	5.8459123e-01
1.3656715e+06	1.8778716e+02	2.2323245e+19	5.7877444e-01
1.3752313e+06	1.8767591e+02	2.2114227e+19	5.7301554e-01
1.3847855e+06	1.8756479e+02	2.1907157e+19	5.6731394e-01
1.3943339e+06	1.8745380e+02	2.1702020e+19	5.6166907e-01
1.4038768e+06	1.8734294e+02	2.1498795e+19	5.5608037e-01
1.4134140e+06	1.8723221e+02	2.1297466e+19	5.5054727e-01
1.4229455e+06	1.8712161e+02	2.1098016e+19	5.4506923e-01
1.4324714e+06	1.8701114e+02	2.0900425e+19	5.3964570e-01
1.4419918e+06	1.8690081e+02	2.0704678e+19	5.3427614e-01
1.4515064e+06	1.8679060e+02	2.0510757e+19	5.2896000e-01
1.4610155e+06	1.8668052e+02	2.0318646e+19	5.2369676e-01
1.4705190e+06	1.8657058e+02	2.0128327e+19	5.1848588e-01
1.4800169e+06	1.8646076e+02	1.9939783e+19	5.1332686e-01
1.4895092e+06	1.8635107e+02	1.9752999e+19	5.0821917e-01
1.4989959e+06	1.8624151e+02	1.9567958e+19	5.0316231e-01
1.5084770e+06	1.8613208e+02	1.9384643e+19	4.9815576e-01
1.5179526e+06	1.8602278e+02	1.9203039e+19	4.9319902e-01
1.5274226e+06	1.8591360e+02	1.9023130e+19	4.8829161e-01
1.5368870e+06	1.8580456e+02	1.8844900e+19	4.8343302e-01
1.5463459e+06	1.8569564e+02	1.8668334e+19	4.7862278e-01
1.5557993e+06	1.8558685e+02	1.8493415e+19	4.7386041e-01
1.5652471e+06	1.8547818e+02	1.8320129e+19	4.6914541e-01
1.5746894e+06	1.8536965e+02	1.8148460e+19	4.6447734e-01
1.5841262e+06	1.8526124e+02	1.7978394e+19	4.5985571e-01
1.5935574e+06	1.8515296e+02	1.7809916e+19	4.5528007e-01
1.6029831e+06	1.8504480e+02	1.7643010e+19	4.5074995e-01
1.6124034e+06	1.8493677e+02	1.7477663e+19	4.4626492e-01
1.6218181e+06	1.8482887e+02	1.7313859e+19	4.4182450e-01
1.6312273e+06	1.8472109e+02	1.7151585e+19	4.3742828e-01
1.6406311e+06	1.8461344e+02	1.6990826e+19	4.3307579e-01
1.6500294e+06	1.8450591e+02	1.6831567e+19	4.2876661e-01
1.6594222e+06	1.8439851e+02	1.6673796e+19	4.2450031e-01
1.6688095e+06	1.8429123e+02	1.6517499e+19	4.2027646e-01
1.6781914e+06	1.8418408e+02	1.6362660e+19	4.1609464e-01
1.6875678e+06	1.8407706e+02	1.6209268e+19	4.1195443e-01
1.6969388e+06	1.8397015e+02	1.6057308e+19	4.0785541e-01
1.7063043e+06	1.8386337e+02	1.5906768e+19	4.0379718e-01
1.7156645e+06	1.8375672e+02	1.5757634e+19	3.9977933e-01
1.7250191e+06	1.8365019e+02	1.5609892e+19	3.9580146e-01
1.7343684e+06	1.8354378e+02	1.5463531e+19	3.9186317e-01
1.7437122e+06	1.8343750e+02	1.5318537e+19	3.8796407e-01
1.7530507e+06	1.8333133e+02	1.5174897e+19	3.8410376e-01
1.7623837e+06	1.8322530e+02	1.5032599e+19	3.8028186e-01
1.7717113e+06	1.8311938e+02	1.4891630e+19	3.7649799e-01
1.7810336e+06	1.8301359e+02	1.4751979e+19	3.7275177e-01
1.7903504e+06	1.8290791e+02	1.4613632e+19	3.6904283e-01
1.7996619e+06	1.8280236e+02	1.4476578e+19	3.6537079e-01
1.8089680e+06	1.8269694e+02	1.4340804e+19	3.6173529e-01
1.8182687e+06	1.8259163e+02	1.4206299e+19	3.5813596e-01
1.8275641e+06	1.8248645e+02	1.4073051e+19	3.5457245e-01
1.8368541e+06	1.8238138e+02	1.3941048e+19	3.5104440e-01
1.8461388e+06	1.8227644e+02	1.3810279e+19	3.4755144e-01
1.8554182e+06	1.8217162e+02	1.3680732e+19	3.4409325e-01
1.8646922e+06	1.8206691e+02	1.3552395e+19	3.4066946e-01
1.8739608e+06	1.8196233e+02	1.3425258e+19	3.3727974e-01
1.8832242e+06	1.8185787e+02	1.3299310e+19	3.3392375e-01
1.8924822e+06	1.8175353e+02	1.3174538e+19	3.3060116e-01
1.9017350e+06	1.8164931e+02	1.3050933e+19	3.2731162e-01
1.9109824e+06	1.8154521e+02	1.2928483e+19	3.2405481e-01
1.9202245e+06	1.8144122e+02	1.2807178e+19	3.2083041e-01
1.9294613e+06	1.8133736e+02	1.2687007e+19	3.1763810e-01
1.9386929e+06	1.8123361e+02	1.2567960e+19	3.1447755e-01
1.9479192e+06	1.8112999e+02	1.2450025e+19	3.1134844e-01
1.9571402e+06	1.8102648e+02	1.2333193e+19	3.0825047e-01
1.9663559e+06	1.8092309e+02	1.2217454e+19	3.0518333e-01
1.9755663e+06	1.8081982e+02	1.2102796e+19	3.0214670e-01
1.9847716e+06	1.8071666e+02	1.1989211e+19	2.9914029e-01
1.9939715e+06	1.8061363e+02	1.1876688e+19	2.9616380e-01
2.0031662e+06	1.8051071e+02	1.1765217e+19	2.9321692e-01
2.0123557e+06	1.8040790e+02	1.1654789e+19	2.9029936e-01
2.0215399e+06	1.8030522e+02	1.1545393e+19	2.8741083e-01
2.0307190e+06	1.8020265e+02	1.1437020e+19	2.8455104e-01
2.0398928e+06	1.8010020e+02	1.1329661e+19	2.8171971e-01
2.0490613e+06	1.7999787e+02	1.1223306e+19	2.7891656e-01
2.0582247e+06	1.7989565e+02	1.1117946e+19	2.7614129e-01
2.0673829e+06	1.7979354e+02	1.1013572e+19	2.7339364e-01
2.0765359e+06	1.7969156e+02	1.0910174e+19	2.7067332e-01
2.0856837e+06	1.7958969e+02	1.0807743e+19	2.6798008e-01
2.0948263e+06	1.7948793e+02	1.0706270e+19	2.6531363e-01
2.1039637e+06	1.7938629e+02	1.0605747e+19	2.6267372e-01
2.1130959e+06	1.7928476e+02	1.0506164e+19	2.6006007e-01
2.1222230e+06	1.7918335e+02	1.0407513e+19	2.5747243e-01
2.1313449e+06	1.7908206e+02	1.0309785e+19	2.5491053e-01
2.1404617e+06	1.7898088e+02	1.0212971e+19	2.5237413e-01
2.1495733e+06	1.7887981e+02	1.0117063e+19	2.4986297e-01
2.1586798e+06	1.7877886e+02	1.0022053e+19	2.4737679e-01
2.1677811e+06	1.7867802e+02	9.9279313e+18	2.4491535e-01
2.1768773e+06	1.7857729e+02	9.8346908e+18	2.4247840e-01
2.1859684e+06	1.7847668e+02	9.7423229e+18	2.4006570e-01
2.1950544e+06	1.7837618e+02	9.6508194e+18	2.3767700e-01
2.2041352e+06	1.7827580e+02	9.5601724e+18	2.3531208e-01
2.2132109e+06	1.7817552e+02	9.4703737e+18	2.3297068e-01
2.2222816e+06	1.7807536e+02	9.3814156e+18	2.3065259e-01
2.2313471e+06	1.7797532e+02	9.2932902e+18	2.2835755e-01
2.2404075e+06	1.7787538e+02	9.2059896e+18	2.2608536e-01
2.2494629e+06	1.7777556e+02	9.1195063e+18	2.2383577e-01
2.2585132e+06	1.7767585e+02	9.0338326e+18	2.2160857e-01
2.2675584e+06	1.7757625e+02	8.9489609e+18	2.1940352e-01
2.2765985e+06	1.7747676e+02	8.8648839e+18	2.1722042e-01
2.2856336e+06	1.7737738e+02	8.7815939e+18	2.1505904e-01
2.2946636e+06	1.7727812e+02	8.6990838e+18	2.1291917e-01
2.3036885e+06	1.7717897e+02	8.6173463e+18	2.1080059e-01
2.3127084e+06	1.7707992e+02	8.5363741e+18	2.0870309e-01
2.3217233e+06	1.7698099e+02	8.4561601e+18	2.0662646e-01
2.3307331e+06	1.7688217e+02	8.3766972e+18	2.0457049e-01
2.3397379e+06	1.7678346e+02	8.2979784e+18	2.0253498e-01
2.3487377e+06	1.7668486e+02	8.2199969e+18	2.0051972e-01
2.3577325e+06	1.7658636e+02	8.1427457e+18	1.9852452e-01
2.3667222e+06	1.7648798e+02	8.0662179e+18	1.9654916e-01
2.3757070e+06	1.7638971e+02	7.9904069e+18	1.9459347e-01
2.3846867e+06	1.7629155e+02	7.9153060e+18	1.9265723e-01
2.3936615e+06	1.7619349e+02	7.8409085e+18	1.9074026e-01
2.4026312e+06	1.7609555e+02	7.7672079e+18	1.8884236e-01
2.4115960e+06	1.7599771e+02	7.6941976e+18	1.8696335e-01
2.4205558e+06	1.7589999e+02	7.6218713e+18	1.8510303e-01
2.4295106e+06	1.7580237e+02	7.5502225e+18	1.8326122e-01
2.4384605e+06	1.7570486e+02	7.4792450e+18	1.8143774e-01
2.4474053e+06	1.7560745e+02	7.4089324e+18	1.7963241e-01
2.4563453e+06	1.7551016e+02	7.3392786e+18	1.7784504e-01
2.4652802e+06	1.7541297e+02	7.2702773e+18	1.7607545e-01
2.4742103e+06	1.7531589e+02	7.2019226e+18	1.7432347e-01
2.4831354e+06	1.7521892e+02	7.1342084e+18	1.7258892e-01
2.4920555e+06	1.7512206e+02	7.0671287e+18	1.7087163e-01
2.5009707e+06	1.7502530e+02	7.0006775e+18	1.6917143e-01
2.5098810e+06	1.7492865e+02	6.9348491e+18	1.6748815e-01
2.5187864e+06	1.7483211e+02	6.8696376e+18	1.6582161e-01
2.5276869e+06	1.7473567e+02	6.8050372e+18	1.6417166e-01
2.5365825e+06	1.7463934e+02	6.7410422e+18	1.6253812e-01
2.5454731e+06	1.7454311e+02	6.6776471e+18	1.6092084e-01
2.5543589e+06	1.7444700e+02	6.6148461e+18	1.5931965e-01
2.5632397e+06	1.7435098e+02	6.5526337e+18	1.5773439e-01
2.5721157e+06	1.7425507e+02	6.4910045e+18	1.5616491e-01
2.5809868e+06	1.7415927e+02	6.4299530e+18	1.5461104e-01
2.5898531e+06	1.7406358e+02	6.3694738e+18	1.5307264e-01
2.5987144e+06	1.7396798e+02	6.3095615e+18	1.5154954e-01
2.6075709e+06	1.7387250e+02	6.2502109e+18	1.5004160e-01
2.6164225e+06	1.7377712e+02	6.1914167e+18	1.4854866e-01
2.6252693e+06	1.7368184e+02	6.1331737e+18	1.4707057e-01
2.6341112e+06	1.7358667e+02	6.0754768e+18	1.4560720e-01
2.6429483e+06	1.7349160e+02	6.0183208e+18	1.4415838e-01
2.6517805e+06	1.7339663e+02	5.9617008e+18	1.4272398e-01
2.6606080e+06	1.7330177e+02	5.9056117e+18	1.4130385e-01
2.6694305e+06	1.7320702e+02	5.8500485e+18	1.3989786e-01
2.6782483e+06	1.7311236e+02	5.7950064e+18	1.3850585e-01
2.6870612e+06	1.7301781e+02	5.7404804e+18	1.3712769e-01
2.6958694e+06	1.7292337e+02	5.6864658e+18	1.3576325e-01
2.7046727e+06	1.7282902e+02	5.6329578e+18	1.3441238e-01
2.7134712e+06	1.7273478e+02	5.5799515e+18	1.3307496e-01
2.7222649e+06	1.7264064e+02	5.5274425e+18	1.3175084e-01
2.7310539e+06	1.7254661e+02	5.4754259e+18	1.3043990e-01
2.7398380e+06	1.7245267e+02	5.4238972e+18	1.2914200e-01
2.7486174e+06	1.7235884e+02	5.3728519e+18	1.2785701e-01
2.7573920e+06	1.7226511e+02	5.3222854e+18	1.2658481e-01
2.7661618e+06	1.7217149e+02	5.2721932e+18	1.2532527e-01
2.7749269e+06	1.7207796e+02	5.2225710e+18	1.2407827e-01
2.7836872e+06	1.7198454e+02	5.1734142e+18	1.2284367e-01
2.7924427e+06	1.7189122e+02	5.1247187e+18	1.2162135e-01
2.8011935e+06	1.7179800e+02	5.0764800e+18	1.2041120e-01
2.8099395e+06	1.7170488e+02	5.0286939e+18	1.1921309e-01
2.8186809e+06	1.7161186e+02	4.9813561e+18	1.1802690e-01
2.8274174e+06	1.7151894e+02	4.9344625e+18	1.1685251e-01
2.8361493e+06	1.7142612e+02	4.8880089e+18	1.1568981e-01
2.8448764e+06	1.7133340e+02	4.8419913e+18	1.1453868e-01
2.8535988e+06	1.7124079e+02	4.7964054e+18	1.1339900e-01
2.8623165e+06	1.7114827e+02	4.7512474e+18	1.1227066e-01
2.8710295e+06	1.7105585e+02	4.7065131e+18	1.1115355e-01
2.8797377e+06	1.7096353e+02	4.6621987e+18	1.1004755e-01
2.8884413e+06	1.7087132e+02	4.6183001e+18	1.0895256e-01
2.8971402e+06	1.7077920e+02	4.5748136e+18	1.0786846e-01
2.9058344e+06	1.7068718e+02	4.5317352e+18	1.0679515e-01
2.9145239e+06	1.7059526e+02	4.4890612e+18	1.0573252e-01
2.9232087e+06	1.7050344e+02	4.4467877e+18	1.0468047e-01
2.9318889e+06	1.7041172e+02	4.4049111e+18	1.0363888e-01
2.9405644e+06	1.7032009e+02	4.3634275e+18	1.0260765e-01
2.9492352e+06	1.7022857e+02	4.3223334e+18	1.0158669e-01
2.9579014e+06	1.7013714e+02	4.2816250e+18	1.0057589e-01
2.9665629e+06	1.7008478e+02	4.2403272e+18	9.9575140e-02
2.9752241e+06	1.7008478e+02	4.1981352e+18	9.8584351e-02
2.9838853e+06	1.7008478e+02	4.1563631e+18	9.7603420e-02
2.9925464e+06	1.7008478e+02	4.1150066e+18	9.6632250e-02
3.0012076e+06	1.7008478e+02	4.0740616e+18	9.5670743e-02
3.0098688e+06	1.7008478e+02	4.0335240e+18	9.4718803e-02
3.0185300e+06	1.7008478e+02	3.9933898e+18	9.3776335e-02
3.0271912e+06	1.7008478e+02	3.9536549e+18	9.2843245e-02
3.0358523e+06	1.7008478e+02	3.9143154e+18	9.1919439e-02
3.0445135e+06	1.7008478e+02	3.8753673e+18	9.1004826e-02
3.0531747e+06	1.7008478e+02	3.8368067e+18	9.0099312e-02
3.0618359e+06	1.7008478e+02	3.7986299e+18	8.9202809e-02
3.0704970e+06	1.7008478e+02	3.7608329e+18	8.8315227e-02
3.0791582e+06	1.7008478e+02	3.7234119e+18	8.7436475e-02
3.0878194e+06	1.7008478e+02	3.6863634e+18	8.6566468e-02
3.0964806e+06	1.7008478e+02	3.6496834e+18	8.5705117e-02
3.1051418e+06	1.7008478e+02	3.6133685e+18	8.4852337e-02
3.1138029e+06	1.7008478e+02	3.5774149e+18	8.4008042e-02
3.1224641e+06	1.7008478e+02	3.5418190e+18	8.3172148e-02
3.1311253e+06	1.7008478e+02	3.5065773e+18	8.2344571e-02
3.1397865e+06	1.7008478e+02	3.4716863e+18	8.1525229e-02
3.1484476e+06	1.7008478e+02	3.4371424e+18	8.0714040e-02
3.1571088e+06	1.7008478e+02	3.4029423e+18	7.9910922e-02
3.1657700e+06	1.7008478e+02	3.3690824e+18	7.9115795e-02
3.1744312e+06	1.7008478e+02	3.3355595e+18	7.8328579e-02
3.1830923e+06	1.7008478e+02	3.3023701e+18	7.7549197e-02
3.1917535e+06	1.7008478e+02	3.2695110e+18	7.6777570e-02
3.2004147e+06	1.7008478e+02	3.2369788e+18	7.6013620e-02
3.2090759e+06	1.7008478e+02	3.2047704e+18	7.5257272e-02
3.2177371e+06	1.7008478e+02	3.1728824e+18	7.4508449e-02
3.2263982e+06	1.7008478e+02	3.1413117e+18	7.3767078e-02
3.2350594e+06	1.7008478e+02	3.1100551e+18	7.3033083e-02
3.2437206e+06	1.7008478e+02	3.0791095e+18	7.2306392e-02
3.2523818e+06	1.7008478e+02	3.0484719e+18	7.1586931e-02
3.2610429e+06	1.7008478e+02	3.0181391e+18	7.0874629e-02
3.2697041e+06	1.7008478e+02	2.9881081e+18	7.0169415e-02
3.2783653e+06	1.7008478e+02	2.9583759e+18	6.9471218e-02
3.2870265e+06	1.7008478e+02	2.9289396e+18	6.8779968e-02
3.2956877e+06	1.7008478e+02	2.8997961e+18	6.8095595e-02
3.3043488e+06	1.7008478e+02	2.8709427e+18	6.7418033e-02
3.3130100e+06	1.7008478e+02	2.8423763e+18	6.6747212e-02
3.3216712e+06	1.7008478e+02	2.8140942e+18	6.6083067e-02
3.3303324e+06	1.7008478e+02	2.7860935e+18	6.5425529e-02
3.3389935e+06	1.7008478e+02	2.7583714e+18	6.4774534e-02
3.3476547e+06	1.7008478e+02	2.7309252e+18	6.4130017e-02
3.3563159e+06	1.7008478e+02	2.7037520e+18	6.3491912e-02
3.3649771e+06	1.7008478e+02	2.6768492e+18	6.2860157e-02
3.3736383e+06	1.7008478e+02	2.6502141e+18	6.2234688e-02
3.3822994e+06	1.7008478e+02	2.6238440e+18	6.1615443e-02
3.3909606e+06	1.7008478e+02	2.5977364e+18	6.1002359e-02
3.3996218e+06	1.7008478e+02	2.5718885e+18	6.0395375e-02
3.4082830e+06	1.7008478e+02	2.5462977e+18	5.9794431e-02
3.4169441e+06	1.7008478e+02	2.5209617e+18	5.9199467e-02
3.4256053e+06	1.7008478e+02	2.4958777e+18	5.8610422e-02
3.4342665e+06	1.7008478e+02	2.4710433e+18	5.8027239e-02
3.4429277e+06	1.7008478e+02	2.4464560e+18	5.7449858e-02
3.4515888e+06	1.7008478e+02	2.4221133e+18	5.6878222e-02
3.4602500e+06	1.7008478e+02	2.3980129e+18	5.6312275e-02
3.4689112e+06	1.7008478e+02	2.3741523e+18	5.5751958e-02
3.4775724e+06	1.7008478e+02	2.3505291e+18	5.5197217e-02
3.4862336e+06	1.7008478e+02	2.3271409e+18	5.4647995e-02
3.4948947e+06	1.7008478e+02	2.3039855e+18	5.4104239e-02
3.5035559e+06	1.7008478e+02	2.2810604e+18	5.3565893e-02
3.5122171e+06	1.7008478e+02	2.2583635e+18	5.3032903e-02
3.5208783e+06	1.7008478e+02	2.2358924e+18	5.2505217e-02
3.5295394e+06	1.7008478e+02	2.2136449e+18	5.1982781e-02
3.5382006e+06	1.7008478e+02	2.1916188e+18	5.1465544e-02
3.5468618e+06	1.7008478e+02	2.1698118e+18	5.0953453e-02
3.5555230e+06	1.7008478e+02	2.1482218e+18	5.0446458e-02
3.5641842e+06	1.7008478e+02	2.1268467e+18	4.9944507e-02
3.5728453e+06	1.7008478e+02	2.1056842e+18	4.9447551e-02
3.5815065e+06	1.7008478e+02	2.0847323e+18	4.8955540e-02
3.5901677e+06	1.7008478e+02	2.0639888e+18	4.8468424e-02
3.5988289e+06	1.7008478e+02	2.0434518e+18	4.7986155e-02
3.6074900e+06	1.7008478e+02	2.0231191e+18	4.7508685e-02
3.6161512e+06	1.7008478e+02	2.0029887e+18	4.7035966e-02
3.6248124e+06	1.7008478e+02	1.9830587e+18	4.6567950e-02
3.6334736e+06	1.7008478e+02	1.9633269e+18	4.6104591e-02
3.6421348e+06	1.7008478e+02	1.9437915e+18	4.5645843e-02
3.6507959e+06	1.7008478e+02	1.9244504e+18	4.5191659e-02
3.6594571e+06	1.7008478e+02	1.9053018e+18	4.4741994e-02
3.6681183e+06	1.7008478e+02	1.8863438e+18	4.4296804e-02
3.6767795e+06	1.7008478e+02	1.8675743e+18	4.3856044e-02
3.6854406e+06	1.7008478e+02	1.8489917e+18	4.3419669e-02
3.6941018e+06	1.7008478e+02	1.8305939e+18	4.2987636e-02
3.7027630e+06	1.7008478e+02	1.8123792e+18	4.2559902e-02
3.7114242e+06	1.7008478e+02	1.7943457e+18	4.2136424e-02
3.7200853e+06	1.7008478e+02	1.7764917e+18	4.1717159e-02
3.7287465e+06	1.7008478e+02	1.7588153e+18	4.1302066e-02
3.7374077e+06	1.7008478e+02	1.7413148e+18	4.0891104e-02
3.7460689e+06	1.7008478e+02	1.7239884e+18	4.0484231e-02
3.7547301e+06	1.7008478e+02	1.7068344e+18	4.0081406e-02
3.7633912e+06	1.7008478e+02	1.6898511e+18	3.9682589e-02
3.7720524e+06	1.7008478e+02	1.6730368e+18	3.9287741e-02
3.7807136e+06	1.7008478e+02	1.6563898e+18	3.8896821e-02
3.7893748e+06	1.7008478e+02	1.6399085e+18	3.8509792e-02
3.7980359e+06	1.7008478e+02	1.6235911e+18	3.8126613e-02
3.8066971e+06	1.7008478e+02	1.6074361e+18	3.7747247e-02
3.8153583e+06	1.7008478e+02	1.5914419e+18	3.7371655e-02
3.8240195e+06	1.7008478e+02	1.5756068e+18	3.6999801e-02
3.8326807e+06	1.7008478e+02	1.5599292e+18	3.6631647e-02
3.8413418e+06	1.7008478e+02	1.5444076e+18	3.6267156e-02
3.8500030e+06	1.7008478e+02	1.5290405e+18	3.5906292e-02
3.8586642e+06	1.7008478e+02	1.5138263e+18	3.5549018e-02
3.8673254e+06	1.7008478e+02	1.4987635e+18	3.5195299e-02
3.8759865e+06	1.7008478e+02	1.4838506e+18	3.4845100e-02
3.8846477e+06	1.7008478e+02	1.4690860e+18	3.4498386e-02
3.8933089e+06	1.7008478e+02	1.4544683e+18	3.4155121e-02
3.9019701e+06	1.7008478e+02	1.4399961e+18	3.3815272e-02
3.9106313e+06	1.7008478e+02	1.4256679e+18	3.3478804e-02
3.9192924e+06	1.7008478e+02	1.4114823e+18	3.3145685e-02
3.9279536e+06	1.7008478e+02	1.3974378e+18	3.2815880e-02
3.9366148e+06	1.7008478e+02	1.3835331e+18	3.2489356e-02
3.9452760e+06	1.7008478e+02	1.3697667e+18	3.2166082e-02
3.9539371e+06	1.7008478e+02	1.3561373e+18	3.1846024e-02
3.9625983e+06	1.7008478e+02	1.3426435e+18	3.1529151e-02
3.9712595e+06	1.7008478e+02	1.3292840e+18	3.1215430e-02
3.9799207e+06	1.7008478e+02	1.3160574e+18	3.0904832e-02
3.9885818e+06	1.7008478e+02	1.3029624e+18	3.0597323e-02
3.9972430e+06	1.7008478e+02	1.2899977e+18	3.0292875e-02
4.0059042e+06	1.7008478e+02	1.2771620e+18	2.9991456e-02
4.0145654e+06	1.7008478e+02	1.2644540e+18	2.9693036e-02
4.0232266e+06	1.7008478e+02	1.2518725e+18	2.9397585e-02
4.0318877e+06	1.7008478e+02	1.2394162e+18	2.9105074e-02
4.0405489e+06	1.7008478e+02	1.2270838e+18	2.8815474e-02
4.0492101e+06	1.7008478e+02	1.2148741e+18	2.8528755e-02
4.0578713e+06	1.7008478e+02	1.2027859e+18	2.8244889e-02
4.0665324e+06	1.7008478e+02	1.1908180e+18	2.7963848e-02
4.0751936e+06	1.7008478e+02	1.1789691e+18	2.7685603e-02
4.0838548e+06	1.7008478e+02	1.1672382e+18	2.7410127e-02
4.0925160e+06	1.7008478e+02	1.1556240e+18	2.7137391e-02
4.1011772e+06	1.7008478e+02	1.1441253e+18	2.6867370e-02
4.1098383e+06	1.7008478e+02	1.1327411e+18	2.6600035e-02
4.1184995e+06	1.7008478e+02	1.1214701e+18	2.6335360e-02
4.1271607e+06	1.7008478e+02	1.1103113e+18	2.6073319e-02
4.1358219e+06	1.7008478e+02	1.0992635e+18	2.5813885e-02
4.1444830e+06	1.7008478e+02	1.0883257e+18	2.5557033e-02
4.1531442e+06	1.7008478e+02	1.0774967e+18	2.5302736e-02
4.1618054e+06	1.7008478e+02	1.0667754e+18	2.5050970e-02
4.1704666e+06	1.7008478e+02	1.0561608e+18	2.4801708e-02
4.1791278e+06	1.7008478e+02	1.0456518e+18	2.4554927e-02
4.1877889e+06	1.7008478e+02	1.0352474e+18	2.4310602e-02
4.1964501e+06	1.7008478e+02	1.0249465e+18	2.4068707e-02
4.2051113e+06	1.7008478e+02	1.0147481e+18	2.3829219e-02
4.2137725e+06	1.7008478e+02	1.0046512e+18	2.3592115e-02
4.2224336e+06	1.7008478e+02	9.9465477e+17	2.3357369e-02
4.2310948e+06	1.7008478e+02	9.8475779e+17	2.3124960e-02
4.2397560e+06	1.7008478e+02	9.7495929e+17	2.2894862e-02
4.2484172e+06	1.7008478e+02	9.6525828e+17	2.2667055e-02
4.2570783e+06	1.7008478e+02	9.5565380e+17	2.2441514e-02
4.2657395e+06	1.7008478e+02	9.4614489e+17	2.2218217e-02
4.2744007e+06	1.7008478e+02	9.3673059e+17	2.1997142e-02
4.2830619e+06	1.7008478e+02	9.2740996e+17	2.1778267e-02
4.2917231e+06	1.7008478e+02	9.1818208e+17	2.1561569e-02
4.3003842e+06	1.7008478e+02	9.0904602e+17	2.1347028e-02
4.3090454e+06	1.7008478e+02	9.0000086e+17	2.1134622e-02
4.3177066e+06	1.7008478e+02	8.9104570e+17	2.0924329e-02
4.3263678e+06	1.7008478e+02	8.8217965e+17	2.0716128e-02
4.3350289e+06	1.7008478e+02	8.7340181e+17	2.0509999e-02
4.3436901e+06	1.7008478e+02	8.6471132e+17	2.0305921e-02
4.3523513e+06	1.7008478e+02	8.5610730e+17	2.0103874e-02
4.3610125e+06	1.7008478e+02	8.4758889e+17	1.9903837e-02
4.3696737e+06	1.7008478e+02	8.3915524e+17	1.9705791e-02
4.3783348e+06	1.7008478e+02	8.3080550e+17	1.9509715e-02
4.3869960e+06	1.7008478e+02	8.2253885e+17	1.9315590e-02
4.3956572e+06	1.7008478e+02	8.1435445e+17	1.9123397e-02
4.4043184e+06	1.7008478e+02	8.0625149e+17	1.8933116e-02
4.4129795e+06	1.7008478e+02	7.9822915e+17	1.8744728e-02
4.4216407e+06	1.7008478e+02	7.9028664e+17	1.8558215e-02
4.4303019e+06	1.7008478e+02	7.8242316e+17	1.8373557e-02
4.4389631e+06	1.7008478e+02	7.7463792e+17	1.8190737e-02
4.4476243e+06	1.7008478e+02	7.6693014e+17	1.8009737e-02
4.4562854e+06	1.7008478e+02	7.5929906e+17	1.7830537e-02
4.4649466e+06	1.7008478e+02	7.5174391e+17	1.7653120e-02
4.4736078e+06	1.7008478e+02	7.4426393e+17	1.7477468e-02
4.4822690e+06	1.7008478e+02	7.3685838e+17	1.7303565e-02
4.4909301e+06	1.7008478e+02	7.2952652e+17	1.7131391e-02
4.4995913e+06	1.7008478e+02	7.2226761e+17	1.6960931e-02
4.5082525e+06	1.7008478e+02	7.1508092e+17	1.6792167e-02
4.5169137e+06	1.7008478e+02	7.0796575e+17	1.6625082e-02
4.5255748e+06	1.7008478e+02	7.0092137e+17	1.6459660e-02
4.5342360e+06	1.7008478e+02	6.9394709e+17	1.6295884e-02
4.5428972e+06	1.7008478e+02	6.8704220e+17	1.6133737e-02
4.5515584e+06	1.7008478e+02	6.8020602e+17	1.5973203e-02
4.5602196e+06	1.7008478e+02	6.7343785e+17	1.5814267e-02
4.5688807e+06	1.7008478e+02	6.6673703e+17	1.5656913e-02
4.5775419e+06	1.7008478e+02	6.6010289e+17	1.5501124e-02
4.5862031e+06	1.7008478e+02	6.5353476e+17	1.5346885e-02
4.5948643e+06	1.7008478e+02	6.4703198e+17	1.5194181e-02
4.6035254e+06	1.7008478e+02	6.4059390e+17	1.5042997e-02
4.6121866e+06	1.7008478e+02	6.3421988e+17	1.4893316e-02
4.6208478e+06	1.7008478e+02	6.2790929e+17	1.4745125e-02
4.6295090e+06	1.7008478e+02	6.2166149e+17	1.4598409e-02
4.6381702e+06	1.7008478e+02	6.1547585e+17	1.4453152e-02
4.6468313e+06	1.7008478e+02	6.0935177e+17	1.4309341e-02
4.6554925e+06	1.7008478e+02	6.0328862e+17	1.4166961e-02
4.6641537e+06	1.7008478e+02	5.9728579e+17	1.4025997e-02
4.6728149e+06	1.7008478e+02	5.9134270e+17	1.3886436e-02
4.6814760e+06	1.7008478e+02	5.8545874e+17	1.3748264e-02
4.6901372e+06	1.7008478e+02	5.7963333e+17	1.3611466e-02
4.6987984e+06	1.7008478e+02	5.7386588e+17	1.3476030e-02
4.7074596e+06	1.7008478e+02	5.6815582e+17	1.3341941e-02
4.7161208e+06	1.7008478e+02	5.6250258e+17	1.3209186e-02
4.7247819e+06	1.7008478e+02	5.5690558e+17	1.3077753e-02
4.7334431e+06	1.7008478e+02	5.5136428e+17	1.2947627e-02
4.7421043e+06	1.7008478e+02	5.4587811e+17	1.2818796e-02
4.7507655e+06	1.7008478e+02	5.4044654e+17	1.2691247e-02
4.7594266e+06	1.7008478e+02	5.3506900e+17	1.2564967e-02
4.7680878e+06	1.7008478e+02	5.2974498e+17	1.2439943e-02
4.7767490e+06	1.7008478e+02	5.2447393e+17	1.2316164e-02
4.7854102e+06	1.7008478e+02	5.1925532e+17	1.2193616e-02
4.7940714e+06	1.7008478e+02	5.1408865e+17	1.2072287e-02
4.8027325e+06	1.7008478e+02	5.0897338e+17	1.1952166e-02
4.8113937e+06	1.7008478e+02	5.0390901e+17	1.1833240e-02
4.8200549e+06	1.7008478e+02	4.9889503e+17	1.1715497e-02
4.8287161e+06	1.7008478e+02	4.9393094e+17	1.1598926e-02
4.8373772e+06	1.7008478e+02	4.8901625e+17	1.1483515e-02
4.8460384e+06	1.7008478e+02	4.8415046e+17	1.1369252e-02
4.8546996e+06	1.7008478e+02	4.7933308e+17	1.1256126e-02
4.8633608e+06	1.7008478e+02	4.7456363e+17	1.1144126e-02
4.8720219e+06	1.7008478e+02	4.6984165e+17	1.1033240e-02
4.8806831e+06	1.7008478e+02	4.6516664e+17	1.0923457e-02
4.8893443e+06	1.7008478e+02	4.6053816e+17	1.0814767e-02
4.8980055e+06	1.7008478e+02	4.5595573e+17	1.0707158e-02
4.9066667e+06	1.7008478e+02	4.5141889e+17	1.0600620e-02
4.9153278e+06	1.7008478e+02	4.4692720e+17	1.0495143e-02
4.9239890e+06	1.7008478e+02	4.4248020e+17	1.0390714e-02
4.9326502e+06	1.7008478e+02	4.3807745e+17	1.0287325e-02
4.9413114e+06	1.7008478e+02	4.3371850e+17	1.0184964e-02
4.9499725e+06	1.7008478e+02	4.2940293e+17	1.0083622e-02
4.9586337e+06	1.7008478e+02	4.2513030e+17	9.9832884e-03
4.9672949e+06	1.7008478e+02	4.2090019e+17	9.8839530e-03
4.9759561e+06	1.7008478e+02	4.1671216e+17	9.7856060e-03
4.9846173e+06	1.7008478e+02	4.1256580e+17	9.6882376e-03
4.9932784e+06	1.7008478e+02	4.0846070e+17	9.5918381e-03
5.0019396e+06	1.7008478e+02	4.0439645e+17	9.4963977e-03
5.0106008e+06	1.7008478e+02	4.0037264e+17	9.4019069e-03
5.0192620e+06	1.7008478e+02	3.9638887e+17	9.3083564e-03
5.0279231e+06	1.7008478e+02	3.9244473e+17	9.2157367e-03
5.0365843e+06	1.7008478e+02	3.8853984e+17	9.1240386e-03
5.0452455e+06	1.7008478e+02	3.8467381e+17	9.0332529e-03
5.0539067e+06	1.7008478e+02	3.8084624e+17	8.9433705e-03
5.0625679e+06	1.7008478e+02	3.7705675e+17	8.8543825e-03
5.0712290e+06	1.7008478e+02	3.7330498e+17	8.7662799e-03
5.0798902e+06	1.7008478e+02	3.6959053e+17	8.6790540e-03
5.0885514e+06	1.7008478e+02	3.6591304e+17	8.5926959e-03
5.0972126e+06	1.7008478e+02	3.6227215e+17	8.5071972e-03
5.1058737e+06	1.7008478e+02	3.5866748e+17	8.4225492e-03
5.1145349e+06	1.7008478e+02	3.5509868e+17	8.3387434e-03
5.1231961e+06	1.7008478e+02	3.5156539e+17	8.2557715e-03
5.1318573e+06	1.7008478e+02	3.4806725e+17	8.1736252e-03
5.1405184e+06	1.7008478e+02	3.4460393e+17	8.0922963e-03
5.1491796e+06	1.7008478e+02	3.4117506e+17	8.0117766e-03
5.1578408e+06	1.7008478e+02	3.3778031e+17	7.9320581e-03
5.1665020e+06	1.7008478e+02	3.3441934e+17	7.8531328e-03
5.1751632e+06	1.7008478e+02	3.3109181e+17	7.7749928e-03
5.1838243e+06	1.7008478e+02	3.2779739e+17	7.6976303e-03
5.1924855e+06	1.7008478e+02	3.2453576e+17	7.6210376e-03
5.2011467e+06	1.7008478e+02	3.2130657e+17	7.5452071e-03
5.2098079e+06	1.7008478e+02	3.1810952e+17	7.4701310e-03
5.2184690e+06	1.7008478e+02	3.1494427e+17	7.3958019e-03
5.2271302e+06	1.7008478e+02	3.1181053e+17	7.3222125e-03
5.2357914e+06	1.7008478e+02	3.0870796e+17	7.2493553e-03
5.2444526e+06	1.7008478e+02	3.0563626e+17	7.1772230e-03
5.2531138e+06	1.7008478e+02	3.0259513e+17	7.1058084e-03
5.2617749e+06	1.7008478e+02	2.9958426e+17	7.0351044e-03
5.2704361e+06	1.7008478e+02	2.9660335e+17	6.9651040e-03
5.2790973e+06	1.7008478e+02	2.9365209e+17	6.8958000e-03
5.2877585e+06	1.7008478e+02	2.9073021e+17	6.8271857e-03
5.2964196e+06	1.7008478e+02	2.8783739e+17	6.7592540e-03
5.3050808e+06	1.7008478e+02	2.8497336e+17	6.6919983e-03
5.3137420e+06	1.7008478e+02	2.8213783e+17	6.6254118e-03
5.3224032e+06	1.7008478e+02	2.7933051e+17	6.5594879e-03
5.3310644e+06	1.7008478e+02	2.7655113e+17	6.4942199e-03
5.3397255e+06	1.7008478e+02	2.7379940e+17	6.4296013e-03
5.3483867e+06	1.7008478e+02	2.7107505e+17	6.3656257e-03
5.3570479e+06	1.7008478e+02	2.6837781e+17	6.3022867e-03
5.3657091e+06	1.7008478e+02	2.6570740e+17	6.2395779e-03
5.3743702e+06	1.7008478e+02	2.6306357e+17	6.1774931e-03
5.3830314e+06	1.7008478e+02	2.6044604e+17	6.1160260e-03
5.3916926e+06	1.7008478e+02	2.5785456e+17	6.0551705e-03
5.4003538e+06	1.7008478e+02	2.5528887e+17	5.9949205e-03
5.4090149e+06	1.7008478e+02	2.5274870e+17	5.9352701e-03
5.4176761e+06	1.7008478e+02	2.5023381e+17	5.8762132e-03
5.4263373e+06	1.7008478e+02	2.4774394e+17	5.8177439e-03
5.4349985e+06	1.7008478e+02	2.4527885e+17	5.7598563e-03
5.4436597e+06	1.7008478e+02	2.4283828e+17	5.7025448e-03
5.4523208e+06	1.7008478e+02	2.4042200e+17	5.6458035e-03
5.4609820e+06	1.7008478e+02	2.3802976e+17	5.5896269e-03
5.4696432e+06	1.7008478e+02	2.3566133e+17	5.5340091e-03
5.4783044e+06	1.7008478e+02	2.3331646e+17	5.4789448e-03
5.4869655e+06	1.7008478e+02	2.3099492e+17	5.4244284e-03
5.4956267e+06	1.7008478e+02	2.2869648e+17	5.3704545e-03
5.5042879e+06	1.7008478e+02	2.2642091e+17	5.3170175e-03
5.5129491e+06	1.7008478e+02	2.2416799e+17	5.2641123e-03
5.5216103e+06	1.7008478e+02	2.2193748e+17	5.2117335e-03
5.5302714e+06	1.7008478e+02	2.1972916e+17	5.1598759e-03
5.5389326e+06	1.7008478e+02	2.1754282e+17	5.1085343e-03
5.5475938e+06	1.7008478e+02	2.1537824e+17	5.0577035e-03
5.5562550e+06	1.7008478e+02	2.1323519e+17	5.0073785e-03
5.5649161e+06	1.7008478e+02	2.1111346e+17	4.9575543e-03
5.5735773e+06	1.7008478e+02	2.0901285e+17	4.9082258e-03
5.5822385e+06	1.7008478e+02	2.0693313e+17	4.8593881e-03
5.5908997e+06	1.7008478e+02	2.0487411e+17	4.8110364e-03
5.5995609e+06	1.7008478e+02	2.0283558e+17	4.7631658e-03
5.6082220e+06	1.7008478e+02	2.0081734e+17	4.7157715e-03
5.6168832e+06	1.7008478e+02	1.9881917e+17	4.6688488e-03
5.6255444e+06	1.7008478e+02	1.9684089e+17	4.6223930e-03
5.6342056e+06	1.7008478e+02	1.9488229e+17	4.5763994e-03
5.6428667e+06	1.7008478e+02	1.9294318e+17	4.5308635e-03
5.6515279e+06	1.7008478e+02	1.9102336e+17	4.4857806e-03
5.6601891e+06	1.7008478e+02	1.8912264e+17	4.4411464e-03
5.6688503e+06	1.7008478e+02	1.8724084e+17	4.3969562e-03
5.6775114e+06	1.7008478e+02	1.8537776e+17	4.3532058e-03
5.6861726e+06	1.7008478e+02	1.8353323e+17	4.3098907e-03
5.6948338e+06	1.7008478e+02	1.8170704e+17	4.2670065e-03
5.7034950e+06	1.7008478e+02	1.7989902e+17	4.2245491e-03
5.7121562e+06	1.7008478e+02	1.7810900e+17	4.1825141e-03
5.7208173e+06	1.7008478e+02	1.7633678e+17	4.1408974e-03
5.7294785e+06	1.7008478e+02	1.7458220e+17	4.0996948e-03
5.7381397e+06	1.7008478e+02	1.7284508e+17	4.0589022e-03
5.7468009e+06	1.7008478e+02	1.7112525e+17	4.0185154e-03
5.7554620e+06	1.7008478e+02	1.6942252e+17	3.9785305e-03
5.7641232e+06	1.7008478e+02	1.6773674e+17	3.9389435e-03
5.7727844e+06	1.7008478e+02	1.6606773e+17	3.8997503e-03
5.7814456e+06	1.7008478e+02	1.6441533e+17	3.8609472e-03
5.7901068e+06	1.7008478e+02	1.6277937e+17	3.8225301e-03
5.7987679e+06	1.7008478e+02	1.6115969e+17	3.7844953e-03
5.8074291e+06	1.7008478e+02	1.5955612e+17	3.7468389e-03
5.8160903e+06	1.7008478e+02	1.5796851e+17	3.7095573e-03
5.8247515e+06	1.7008478e+02	1.5639670e+17	3.6726466e-03
5.8334126e+06	1.7008478e+02	1.5484052e+17	3.6361031e-03
5.8420738e+06	1.7008478e+02	1.5329984e+17	3.5999233e-03
5.8507350e+06	1.7008478e+02	1.5177448e+17	3.5641034e-03
5.8593962e+06	1.7008478e+02	1.5026430e+17	3.5286400e-03
5.8680574e+06	1.7008478e+02	1.4876914e+17	3.4935295e-03
5.8767185e+06	1.7008478e+02	1.4728886e+17	3.4587683e-03
5.8853797e+06	1.7008478e+02	1.4582331e+17	3.4243529e-03
5.8940409e+06	1.7008478e+02	1.4437235e+17	3.3902801e-03
5.9027021e+06	1.7008478e+02	1.4293582e+17	3.3565462e-03
5.9113632e+06	1.7008478e+02	1.4151358e+17	3.3231480e-03
5.9200244e+06	1.7008478e+02	1.4010550e+17	3.2900821e-03
5.9286856e+06	1.7008478e+02	1.3871143e+17	3.2573453e-03
5.9373468e+06	1.7008478e+02	1.3733123e+17	3.2249342e-03
5.9460079e+06	1.7008478e+02	1.3596476e+17	3.1928455e-03
5.9546691e+06	1.7008478e+02	1.3461189e+17	3.1610762e-03
5.9633303e+06	1.7008478e+02	1.3327247e+17	3.1296230e-03
5.9719915e+06	1.7008478e+02	1.3194639e+17	3.0984827e-03
5.9806527e+06	1.7008478e+02	1.3063350e+17	3.0676523e-03
5.9893138e+06	1.7008478e+02	1.2933368e+17	3.0371286e-03
5.9979750e+06	1.7008478e+02	1.2804679e+17	3.0069087e-03
6.0066362e+06	1.7008478e+02	1.2677270e+17	2.9769894e-03
6.0152974e+06	1.7008478e+02	1.2551129e+17	2.9473679e-03
6.0239585e+06	1.7008478e+02	1.2426243e+17	2.9180411e-03
6.0326197e+06	1.7008478e+02	1.2302600e+17	2.8890061e-03
6.0412809e+06	1.7008478e+02	1.2180187e+17	2.8602600e-03
6.0499421e+06	1.7008478e+02	1.2058992e+17	2.8317999e-03
6.0586033e+06	1.7008478e+02	1.1939003e+17	2.8036231e-03
6.0672644e+06	1.7008478e+02	1.1820208e+17	2.7757266e-03
6.0759256e+06	1.7008478e+02	1.1702595e+17	2.7481076e-03
6.0845868e+06	1.7008478e+02	1.1586152e+17	2.7207635e-03
6.0932480e+06	1.7008478e+02	1.1470868e+17	2.6936914e-03
6.1019091e+06	1.7008478e+02	1.1356731e+17	2.6668888e-03
6.1105703e+06	1.7008478e+02	1.1243730e+17	2.6403528e-03
6.1192315e+06	1.7008478e+02	1.1131853e+17	2.6140808e-03
6.1278927e+06	1.7008478e+02	1.1021089e+17	2.5880703e-03
6.1365539e+06	1.7008478e+02	1.0911427e+17	2.5623186e-03
6.1452150e+06	1.7008478e+02	1.0802857e+17	2.5368231e-03
6.1538762e+06	1.7008478e+02	1.0695367e+17	2.5115812e-03
6.1625374e+06	1.7008478e+02	1.0588946e+17	2.4865906e-03
6.1711986e+06	1.7008478e+02	1.0483584e+17	2.4618486e-03
6.1798597e+06	1.7008478e+02	1.0379271e+17	2.4373528e-03
6.1885209e+06	1.7008478e+02	1.0275995e+17	2.4131007e-03
6.1971821e+06	1.7008478e+02	1.0173747e+17	2.3890900e-03
6.2058433e+06	1.7008478e+02	1.0072517e+17	2.3653181e-03
6.2145044e+06	1.7008478e+02	9.9722938e+16	2.3417828e-03
6.2231656e+06	1.7008478e+02	9.8730678e+16	2.3184817e-03
6.2318268e+06	1.7008478e+02	9.7748291e+16	2.2954124e-03
6.2404880e+06	1.7008478e+02	9.6775679e+16	2.2725727e-03
6.2491492e+06	1.7008478e+02	9.5812745e+16	2.2499602e-03
6.2578103e+06	1.7008478e+02	9.4859392e+16	2.2275727e-03
6.2664715e+06	1.7008478e+02	9.3915526e+16	2.2054080e-03
6.2751327e+06	1.7008478e+02	9.2981051e+16	2.1834638e-03
6.2837939e+06	1.7008478e+02	9.2055874e+16	2.1617380e-03
6.2924550e+06	1.7008478e+02	9.1139902e+16	2.1402284e-03
6.3011162e+06	1.7008478e+02	9.0233045e+16	2.1189327e-03
6.3097774e+06	1.7008478e+02	8.9335212e+16	2.0978490e-03
6.3184386e+06	1.7008478e+02	8.8446311e+16	2.0769751e-03
6.3270998e+06	1.7008478e+02	8.7566256e+16	2.0563088e-03
6.3357609e+06	1.7008478e+02	8.6694957e+16	2.0358482e-03
6.3444221e+06	1.7008478e+02	8.5832328e+16	2.0155912e-03
6.3530833e+06	1.7008478e+02	8.4978282e+16	1.9955357e-03
6.3617445e+06	1.7008478e+02	8.4132734e+16	1.9756798e-03
6.3704056e+06	1.7008478e+02	8.3295599e+16	1.9560214e-03
6.3790668e+06	1.7008478e+02	8.2466794e+16	1.9365587e-03
6.3877280e+06	1.7008478e+02	8.1646236e+16	1.9172896e-03
6.3963892e+06	1.7008478e+02	8.0833842e+16	1.8982123e-03
6.4050504e+06	1.7008478e+02	8.0029532e+16	1.8793247e-03
6.4137115e+06	1.7008478e+02	7.9233225e+16	1.8606252e-03
6.4223727e+06	1.7008478e+02	7.8444841e+16	1.8421116e-03
6.4310339e+06	1.7008478e+02	7.7664302e+16	1.8237823e-03
6.4396951e+06	1.7008478e+02	7.6891529e+16	1.8056354e-03
6.4483562e+06	1.7008478e+02	7.6126446e+16	1.7876690e-03
6.4570174e+06	1.7008478e+02	7.5368975e+16	1.7698814e-03
6.4656786e+06	1.7008478e+02	7.4619041e+16	1.7522708e-03
6.4743398e+06	1.7008478e+02	7.3876569e+16	1.7348354e-03
6.4830009e+06	1.7008478e+02	7.3141485e+16	1.7175735e-03
6.4916621e+06	1.7008478e+02	7.2413715e+16	1.7004833e-03
6.5003233e+06	1.7008478e+02	7.1693187e+16	1.6835633e-03
6.5089845e+06	1.7008478e+02	7.0979827e+16	1.6668115e-03
6.5176457e+06	1.7008478e+02	7.0273566e+16	1.6502265e-03
6.5263068e+06	1.7008478e+02	6.9574333e+16	1.6338064e-03
6.5349680e+06	1.7008478e+02	6.8882057e+16	1.6175498e-03
6.5436292e+06	1.7008478e+02	6.8196669e+16	1.6014549e-03
6.5522904e+06	1.7008478e+02	6.7518100e+16	1.5855202e-03
6.5609515e+06	1.7008478e+02	6.6846284e+16	1.5697440e-03
6.5696127e+06	1.7008478e+02	6.6181152e+16	1.5541248e-03
6.5782739e+06	1.7008478e+02	6.5522639e+16	1.5386610e-03
6.5869351e+06	1.7008478e+02	6.4870678e+16	1.5233510e-03
6.5955963e+06	1.7008478e+02	6.4225204e+16	1.5081934e-03
6.6042574e+06	1.7008478e+02	6.3586152e+16	1.4931867e-03
6.6129186e+06	1.7008478e+02	6.2953460e+16	1.4783292e-03
6.6215798e+06	1.7008478e+02	6.2327062e+16	1.4636196e-03
6.6302410e+06	1.7008478e+02	6.1706898e+16	1.4490563e-03
6.6389021e+06	1.7008478e+02	6.1092904e+16	1.4346380e-03
6.6475633e+06	1.7008478e+02	6.0485019e+16	1.4203631e-03
6.6562245e+06	1.7008478e+02	5.9883183e+16	1.4062302e-03
6.6648857e+06	1.7008478e+02	5.9287335e+16	1.3922380e-03
6.6735469e+06	1.7008478e+02	5.8697417e+16	1.3783850e-03
6.6822080e+06	1.7008478e+02	5.8113368e+16	1.3646699e-03
6.6908692e+06	1.7008478e+02	5.7535130e+16	1.3510912e-03
6.6995304e+06	1.7008478e+02	5.6962646e+16	1.3376476e-03
6.7081916e+06	1.7008478e+02	5.6395858e+16	1.3243378e-03
6.7168527e+06	1.7008478e+02	5.5834710e+16	1.3111604e-03
6.7255139e+06	1.7008478e+02	5.5279145e+16	1.2981141e-03
6.7341751e+06	1.7008478e+02	5.4729109e+16	1.2851977e-03
6.7428363e+06	1.7008478e+02	5.4184545e+16	1.2724097e-03
6.7514974e+06	1.7008478e+02	5.3645400e+16	1.2597490e-03
6.7601586e+06	1.7008478e+02	5.3111619e+16	1.2472143e-03
6.7688198e+06	1.7008478e+02	5.2583149e+16	1.2348043e-03
6.7774810e+06	1.7008478e+02	5.2059938e+16	1.2225178e-03
6.7861422e+06	1.7008478e+02	5.1541933e+16	1.2103536e-03
6.7948033e+06	1.7008478e+02	5.1029083e+16	1.1983104e-03
6.8034645e+06	1.7008478e+02	5.0521335e+16	1.1863870e-03
6.8121257e+06	1.7008478e+02	5.0018639e+16	1.1745822e-03
6.8207869e+06	1.7008478e+02	4.9520945e+16	1.1628949e-03
6.8294480e+06	1.7008478e+02	4.9028204e+16	1.1513239e-03
6.8381092e+06	1.7008478e+02	4.8540365e+16	1.1398681e-03
6.8467704e+06	1.7008478e+02	4.8057380e+16	1.1285262e-03
6.8554316e+06	1.7008478e+02	4.7579201e+16	1.1172972e-03
6.8640928e+06	1.7008478e+02	4.7105780e+16	1.1061799e-03
6.8727539e+06	1.7008478e+02	4.6637070e+16	1.0951732e-03
6.8814151e+06	1.7008478e+02	4.6173023e+16	1.0842761e-03
6.8900763e+06	1.7008478e+02	4.5713594e+16	1.0734873e-03
6.8987375e+06	1.7008478e+02	4.5258736e+16	1.0628060e-03
6.9073986e+06	1.7008478e+02	4.4808404e+16	1.0522309e-03
6.9160598e+06	1.7008478e+02	4.4362553e+16	1.0417610e-03
6.9247210e+06	1.7008478e+02	4.3921138e+16	1.0313953e-03
6.9333822e+06	1.7008478e+02	4.3484116e+16	1.0211327e-03
6.9420434e+06	1.7008478e+02	4.3051442e+16	1.0109723e-03
6.9507045e+06	1.7008478e+02	4.2623073e+16	1.0009130e-03
6.9593657e+06	1.7008478e+02	4.2198966e+16	9.9095370e-04
6.9680269e+06	1.7008478e+02	4.1779079e+16	9.8109355e-04
6.9766881e+06	1.7008478e+02	4.1363370e+16	9.7133150e-04
6.9853492e+06	1.7008478e+02	4.0951798e+16	9.6166659e-04
6.9940104e+06	1.7008478e+02	4.0544321e+16	9.5209785e-04
7.0026716e+06	1.7008478e+02	4.0140898e+16	9.4262432e-04
7.0113328e+06	1.7008478e+02	3.9741489e+16	9.3324505e-04
7.0199939e+06	1.7008478e+02	3.9346055e+16	9.2395911e-04
7.0286551e+06	1.7008478e+02	3.8954555e+16	9.1476556e-04
7.0373163e+06	1.7008478e+02	3.8566951e+16	9.0566349e-04
7.0459775e+06	1.7008478e+02	3.8183203e+16	8.9665199e-04
7.0546387e+06	1.7008478e+02	3.7803274e+16	8.8773015e-04
7.0632998e+06	1.7008478e+02	3.7427125e+16	8.7889709e-04
7.0719610e+06	1.7008478e+02	3.7054719e+16	8.7015192e-04
7.0806222e+06	1.7008478e+02	3.6686019e+16	8.6149376e-04
7.0892834e+06	1.7008478e+02	3.6320987e+16	8.5292175e-04
7.0979445e+06	1.7008478e+02	3.5959587e+16	8.4443504e-04
7.1066057e+06	1.7008478e+02	3.5601783e+16	8.3603277e-04
7.1152669e+06	1.7008478e+02	3.5247539e+16	8.2771411e-04
7.1239281e+06	1.7008478e+02	3.4896820e+16	8.1947821e-04
7.1325893e+06	1.7008478e+02	3.4549591e+16	8.1132427e-04
7.1412504e+06	1.7008478e+02	3.4205817e+16	8.0325146e-04
7.1499116e+06	1.7008478e+02	3.3865463e+16	7.9525897e-04
7.1585728e+06	1.7008478e+02	3.3528496e+16	7.8734601e-04
7.1672340e+06	1.7008478e+02	3.3194882e+16	7.7951179e-04
7.1758951e+06	1.7008478e+02	3.2864588e+16	7.7175552e-04
7.1845563e+06	1.7008478e+02	3.2537580e+16	7.6407642e-04
7.1932175e+06	1.7008478e+02	3.2213825e+16	7.5647373e-04
7.2018787e+06	1.7008478e+02	3.1893292e+16	7.4894670e-04
7.2105399e+06	1.7008478e+02	3.1575949e+16	7.4149455e-04
7.2192010e+06	1.7008478e+02	3.1261763e+16	7.3411656e-04
7.2278622e+06	1.7008478e+02	3.0950703e+16	7.2681198e-04
7.2365234e+06	1.7008478e+02	3.0642738e+16	7.1958008e-04
7.2451846e+06	1.7008478e+02	3.0337838e+16	7.1242013e-04
7.2538457e+06	1.7008478e+02	3.0035972e+16	7.0533144e-04
7.2625069e+06	1.7008478e+02	2.9737109e+16	6.9831327e-04
7.2711681e+06	1.7008478e+02	2.9441219e+16	6.9136494e-04
7.2798293e+06	1.7008478e+02	2.9148274e+16	6.8448574e-04
7.2884904e+06	1.7008478e+02	2.8858244e+16	6.7767499e-04
7.2971516e+06	1.7008478e+02	2.8571100e+16	6.7093202e-04
7.3058128e+06	1.7008478e+02	2.8286813e+16	6.6425613e-04
7.3144740e+06	1.7008478e+02	2.8005354e+16	6.5764667e-04
7.3231352e+06	1.7008478e+02	2.7726696e+16	6.5110298e-04
7.3317963e+06	1.7008478e+02	2.7450811e+16	6.4462439e-04
7.3404575e+06	1.7008478e+02	2.7177671e+16	6.3821027e-04
7.3491187e+06	1.7008478e+02	2.6907249e+16	6.3185998e-04
7.3577799e+06	1.7008478e+02	2.6639517e+16	6.2557286e-04
7.3664410e+06	1.7008478e+02	2.6374449e+16	6.1934831e-04
7.3751022e+06	1.7008478e+02	2.6112019e+16	6.1318569e-04
7.3837634e+06	1.7008478e+02	2.5852200e+16	6.0708439e-04
7.3924246e+06	1.7008478e+02	2.5594967e+16	6.0104380e-04
7.4010858e+06	1.7008478e+02	2.5340292e+16	5.9506332e-04
7.4097469e+06	1.7008478e+02	2.5088152e+16	5.8914234e-04
7.4184081e+06	1.7008478e+02	2.4838521e+16	5.8328027e-04
7.4270693e+06	1.7008478e+02	2.4591374e+16	5.7747654e-04
7.4357305e+06	1.7008478e+02	2.4346685e+16	5.7173055e-04
7.4443916e+06	1.7008478e+02	2.4104432e+16	5.6604174e-04
7.4530528e+06	1.7008478e+02	2.3864589e+16	5.6040953e-04
7.4617140e+06	1.7008478e+02	2.3627132e+16	5.5483336e-04
7.4703752e+06	1.7008478e+02	2.3392038e+16	5.4931267e-04
7.4790364e+06	1.7008478e+02	2.3159284e+16	5.4384692e-04
7.4876975e+06	1.7008478e+02	2.2928845e+16	5.3843555e-04
7.4963587e+06	1.7008478e+02	2.2700699e+16	5.3307803e-04
7.5050199e+06	1.7008478e+02	2.2474823e+16	5.2777382e-04
7.5136811e+06	1.7008478e+02	2.2251195e+16	5.2252238e-04
7.5223422e+06	1.7008478e+02	2.2029792e+16	5.1732319e-04
7.5310034e+06	1.7008478e+02	2.1810592e+16	5.1217574e-04
7.5396646e+06	1.7008478e+02	2.1593573e+16	5.0707951e-04
7.5483258e+06	1.7008478e+02	2.1378713e+16	5.0203398e-04
7.5569869e+06	1.7008478e+02	2.1165991e+16	4.9703866e-04
7.5656481e+06	1.7008478e+02	2.0955386e+16	4.9209304e-04
7.5743093e+06	1.7008478e+02	2.0746877e+16	4.8719664e-04
7.5829705e+06	1.7008478e+02	2.0540442e+16	4.8234895e-04
7.5916317e+06	1.7008478e+02	2.0336061e+16	4.7754950e-04
7.6002928e+06	1.7008478e+02	2.0133714e+16	4.7279780e-04
7.6089540e+06	1.7008478e+02	1.9933380e+16	4.6809338e-04
7.6176152e+06	1.7008478e+02	1.9735040e+16	4.6343578e-04
7.6262764e+06	1.7008478e+02	1.9538673e+16	4.5882451e-04
7.6349375e+06	1.7008478e+02	1.9344260e+16	4.5425913e-04
7.6435987e+06	1.7008478e+02	1.9151781e+16	4.4973918e-04
7.6522599e+06	1.7008478e+02	1.8961218e+16	4.4526420e-04
7.6609211e+06	1.7008478e+02	1.8772550e+16	4.4083375e-04
7.6695823e+06	1.7008478e+02	1.8585760e+16	4.3644738e-04
7.6782434e+06	1.7008478e+02	1.8400829e+16	4.3210465e-04
7.6869046e+06	1.7008478e+02	1.8217738e+16	4.2780514e-04
7.6955658e+06	1.7008478e+02	1.8036468e+16	4.2354841e-04
7.7042270e+06	1.7008478e+02	1.7857002e+16	4.1933403e-04
7.7128881e+06	1.7008478e+02	1.7679322e+16	4.1516159e-04
7.7215493e+06	1.7008478e+02	1.7503410e+16	4.1103066e-04
7.7302105e+06	1.7008478e+02	1.7329248e+16	4.0694084e-04
7.7388717e+06	1.7008478e+02	1.7156819e+16	4.0289171e-04
7.7475329e+06	1.7008478e+02	1.6986106e+16	3.9888287e-04
7.7561940e+06	1.7008478e+02	1.6817091e+16	3.9491392e-04
7.7648552e+06	1.7008478e+02	1.6649759e+16	3.9098446e-04
7.7735164e+06	1.7008478e+02	1.6484091e+16	3.8709410e-04
7.7821776e+06	1.7008478e+02	1.6320071e+16	3.8324245e-04
7.7908387e+06	1.7008478e+02	1.6157684e+16	3.7942912e-04
7.7994999e+06	1.7008478e+02	1.5996912e+16	3.7565374e-04
7.8081611e+06	1.7008478e+02	1.5837740e+16	3.7191592e-04
7.8168223e+06	1.7008478e+02	1.5680152e+16	3.6821530e-04
7.8254834e+06	1.7008478e+02	1.5524132e+16	3.6455149e-04
7.8341446e+06	1.7008478e+02	1.5369664e+16	3.6092415e-04
7.8428058e+06	1.7008478e+02	1.5216734e+16	3.5733289e-04
7.8514670e+06	1.7008478e+02	1.5065325e+16	3.5377737e-04
7.8601282e+06	1.7008478e+02	1.4915422e+16	3.5025722e-04
7.8687893e+06	1.7008478e+02	1.4767011e+16	3.4677211e-04
7.8774505e+06	1.7008478e+02	1.4620077e+16	3.4332167e-04
7.8861117e+06	1.7008478e+02	1.4474605e+16	3.3990556e-04
7.8947729e+06	1.7008478e+02	1.4330580e+16	3.3652344e-04
7.9034340e+06	1.7008478e+02	1.4187988e+16	3.3317498e-04
7.9120952e+06	1.7008478e+02	1.4046816e+16	3.2985983e-04
7.9207564e+06	1.7008478e+02	1.3907047e+16	3.2657767e-04
7.9294176e+06	1.7008478e+02	1.3768670e+16	3.2332817e-04
7.9380788e+06	1.7008478e+02	1.3631669e+16	3.2011100e-04
7.9467399e+06	1.7008478e+02	1.3496032e+16	3.1692584e-04
7.9554011e+06	1.7008478e+02	1.3361744e+16	3.1377238e-04
7.9640623e+06	1.7008478e+02	1.3228793e+16	3.1065029e-04
7.9727235e+06	1.7008478e+02	1.3097164e+16	3.0755927e-04
7.9813846e+06	1.7008478e+02	1.2966845e+16	3.0449900e-04
7.9900458e+06	1.7008478e+02	1.2837823e+16	3.0146919e-04
7.9987070e+06	1.7008478e+02	1.2710084e+16	2.9846952e-04
8.0073682e+06	1.7008478e+02	1.2583617e+16	2.9549970e-04
8.0160294e+06	1.7008478e+02	1.2458408e+16	2.9255943e-04
8.0246905e+06	1.7008478e+02	1.2334445e+16	2.8964841e-04
8.0333517e+06	1.7008478e+02	1.2211715e+16	2.8676636e-04
8.0420129e+06	1.7008478e+02	1.2090206e+16	2.8391299e-04
8.0506741e+06	1.7008478e+02	1.1969907e+16	2.8108801e-04
8.0593352e+06	1.7008478e+02	1.1850804e+16	2.7829113e-04
8.0679964e+06	1.7008478e+02	1.1732887e+16	2.7552209e-04
8.0766576e+06	1.7008478e+02	1.1616142e+16	2.7278060e-04
8.0853188e+06	1.7008478e+02	1.1500560e+16	2.7006639e-04
8.0939799e+06	1.7008478e+02	1.1386127e+16	2.6737918e-04
8.1026411e+06	1.7008478e+02	1.1272833e+16	2.6471872e-04
8.1113023e+06	1.7008478e+02	1.1160667e+16	2.6208472e-04
8.1199635e+06	1.7008478e+02	1.1049616e+16	2.5947693e-04
8.1286247e+06	1.7008478e+02	1.0939671e+16	2.5689510e-04
8.1372858e+06	1.7008478e+02	1.0830819e+16	2.5433895e-04
8.1459470e+06	1.7008478e+02	1.0723051e+16	2.5180823e-04
8.1546082e+06	1.7008478e+02	1.0616355e+16	2.4930270e-04
8.1632694e+06	1.7008478e+02	1.0510720e+16	2.4682209e-04
8.1719305e+06	1.7008478e+02	1.0406137e+16	2.4436617e-04
8.1805917e+06	1.7008478e+02	1.0302594e+16	2.4193469e-04
8.1892529e+06	1.7008478e+02	1.0200082e+16	2.3952740e-04
8.1979141e+06	1.7008478e+02	1.0098589e+16	2.3714406e-04
8.2065753e+06	1.7008478e+02	9.9981064e+15	2.3478444e-04
8.2152364e+06	1.7008478e+02	9.8986236e+15	2.3244829e-04
8.2238976e+06	1.7008478e+02	9.8001306e+15	2.3013540e-04
8.2325588e+06	1.7008478e+02	9.7026177e+15	2.2784551e-04
8.2412200e+06	1.7008478e+02	9.6060750e+15	2.2557841e-04
8.2498811e+06	1.7008478e+02	9.5104930e+15	2.2333387e-04
8.2585423e+06	1.7008478e+02	9.4158620e+15	2.2111166e-04
8.2672035e+06	1.7008478e+02	9.3221726e+15	2.1891156e-04
8.2758647e+06	1.7008478e+02	9.2294155e+15	2.1673335e-04
8.2845259e+06	1.7008478e+02	9.1375812e+15	2.1457682e-04
8.2931870e+06	1.7008478e+02	9.0466608e+15	2.1244175e-04
8.3018482e+06	1.7008478e+02	8.9566450e+15	2.1032792e-04
8.3105094e+06	1.7008478e+02	8.8675249e+15	2.0823512e-04
8.3191706e+06	1.7008478e+02	8.7792916e+15	2.0616314e-04
8.3278317e+06	1.7008478e+02	8.6919361e+15	2.0411179e-04
8.3364929e+06	1.7008478e+02	8.6054499e+15	2.0208084e-04
8.3451541e+06	1.7008478e+02	8.5198243e+15	2.0007010e-04
8.3538153e+06	1.7008478e+02	8.4350506e+15	1.9807937e-04
8.3624765e+06	1.7008478e+02	8.3511205e+15	1.9610845e-04
8.3711376e+06	1.7008478e+02	8.2680254e+15	1.9415714e-04
8.3797988e+06	1.7008478e+02	8.1857572e+15	1.9222524e-04
8.3884600e+06	1.7008478e+02	8.1043075e+15	1.9031257e-04
8.3971212e+06	1.7008478e+02	8.0236683e+15	1.8841893e-04
8.4057823e+06	1.7008478e+02	7.9438315e+15	1.8654413e-04
8.4144435e+06	1.7008478e+02	7.8647891e+15	1.8468798e-04
8.4231047e+06	1.7008478e+02	7.7865331e+15	1.8285031e-04
8.4317659e+06	1.7008478e+02	7.7090558e+15	1.8103091e-04
8.4404270e+06	1.7008478e+02	7.6323494e+15	1.7922963e-04
8.4490882e+06	1.7008478e+02	7.5564063e+15	1.7744626e-04
8.4577494e+06	1.7008478e+02	7.4812188e+15	1.7568064e-04
8.4664106e+06	1.7008478e+02	7.4067794e+15	1.7393259e-04
8.4750718e+06	1.7008478e+02	7.3330807e+15	1.7220193e-04
8.4837329e+06	1.7008478e+02	7.2601153e+15	1.7048849e-04
8.4923941e+06	1.7008478e+02	7.1878760e+15	1.6879211e-04
8.5010553e+06	1.7008478e+02	7.1163554e+15	1.6711260e-04
8.5097165e+06	1.7008478e+02	7.0455465e+15	1.6544980e-04
8.5183776e+06	1.7008478e+02	6.9754421e+15	1.6380354e-04
8.5270388e+06	1.7008478e+02	6.9060353e+15	1.6217367e-04
8.5357000e+06	1.7008478e+02	6.8373191e+15	1.6056002e-04
8.5443612e+06	1.7008478e+02	6.7692867e+15	1.5896242e-04
8.5530224e+06	1.7008478e+02	6.7019311e+15	1.5738072e-04
8.5616835e+06	1.7008478e+02	6.6352458e+15	1.5581475e-04
8.5703447e+06	1.7008478e+02	6.5692240e+15	1.5426437e-04
8.5790059e+06	1.7008478e+02	6.5038591e+15	1.5272941e-04
8.5876671e+06	1.7008478e+02	6.4391447e+15	1.5120973e-04
8.5963282e+06	1.7008478e+02	6.3750741e+15	1.4970517e-04
8.6049894e+06	1.7008478e+02	6.3116411e+15	1.4821558e-04
8.6136506e+06	1.7008478e+02	6.2488392e+15	1.4674081e-04
8.6223118e+06	1.7008478e+02	6.1866622e+15	1.4528071e-04
8.6309730e+06	1.7008478e+02	6.1251039e+15	1.4383514e-04
8.6396341e+06	1.7008478e+02	6.0641581e+15	1.4240396e-04
8.6482953e+06	1.7008478e+02	6.0038187e+15	1.4098702e-04
8.6569565e+06	1.7008478e+02	5.9440797e+15	1.3958417e-04
8.6656177e+06	1.7008478e+02	5.8849351e+15	1.3819529e-04
8.6742788e+06	1.7008478e+02	5.8263790e+15	1.3682022e-04
8.6829400e+06	1.7008478e+02	5.7684056e+15	1.3545884e-04
8.6916012e+06	1.7008478e+02	5.7110090e+15	1.3411100e-04
8.7002624e+06	1.7008478e+02	5.6541835e+15	1.3277657e-04
8.7089235e+06	1.7008478e+02	5.5979234e+15	1.3145542e-04
8.7175847e+06	1.7008478e+02	5.5422232e+15	1.3014742e-04
8.7262459e+06	1.7008478e+02	5.4870771e+15	1.2885243e-04
8.7349071e+06	1.7008478e+02	5.4324798e+15	1.2757033e-04
8.7435683e+06	1.7008478e+02	5.3784257e+15	1.2630098e-04
8.7522294e+06	1.7008478e+02	5.3249095e+15	1.2504427e-04
8.7608906e+06	1.7008478e+02	5.2719258e+15	1.2380006e-04
8.7695518e+06	1.7008478e+02	5.2194692e+15	1.2256822e-04
8.7782130e+06	1.7008478e+02	5.1675346e+15	1.2134865e-04
8.7868741e+06	1.7008478e+02	5.1161168e+15	1.2014121e-04
8.7955353e+06	1.7008478e+02	5.0652106e+15	1.1894579e-04
8.8041965e+06	1.7008478e+02	5.0148109e+15	1.1776226e-04
8.8128577e+06	1.7008478e+02	4.9649127e+15	1.1659050e-04
8.8215189e+06	1.7008478e+02	4.9155110e+15	1.1543041e-04
8.8301800e+06	1.7008478e+02	4.8666009e+15	1.1428186e-04
8.8388412e+06	1.7008478e+02	4.8181774e+15	1.1314473e-04
8.8475024e+06	1.7008478e+02	4.7702357e+15	1.1201892e-04
8.8561636e+06	1.7008478e+02	4.7227711e+15	1.1090432e-04
8.8648247e+06	1.7008478e+02	4.6757787e+15	1.0980080e-04
8.8734859e+06	1.7008478e+02	4.6292539e+15	1.0870826e-04
8.8821471e+06	1.7008478e+02	4.5831921e+15	1.0762660e-04
8.8908083e+06	1.7008478e+02	4.5375886e+15	1.0655570e-04
8.8994695e+06	1.7008478e+02	4.4924388e+15	1.0549545e-04
8.9081306e+06	1.7008478e+02	4.4477383e+15	1.0444575e-04
8.9167918e+06	1.7008478e+02	4.4034825e+15	1.0340650e-04
8.9254530e+06	1.7008478e+02	4.3596672e+15	1.0237759e-04
8.9341142e+06	1.7008478e+02	4.3162878e+15	1.0135891e-04
8.9427753e+06	1.7008478e+02	4.2733400e+15	1.0035038e-04
8.9514365e+06	1.7008478e+02	4.2308195e+15	9.9351872e-05
8.9600977e+06	1.7008478e+02	4.1887222e+15	9.8363305e-05
8.9687589e+06	1.7008478e+02	4.1470437e+15	9.7384573e-05
8.9774200e+06	1.7008478e+02	4.1057799e+15	9.6415581e-05
8.9860812e+06	1.7008478e+02	4.0649267e+15	9.5456230e-05
8.9947424e+06	1.7008478e+02	4.0244800e+15	9.4506424e-05
9.0034036e+06	1.7008478e+02	3.9844358e+15	9.3566070e-05
9.0120648e+06	1.7008478e+02	3.9447900e+15	9.2635072e-05
9.0207259e+06	1.7008478e+02	3.9055387e+15	9.1713337e-05
9.0293871e+06	1.7008478e+02	3.8666779e+15	9.0800774e-05
9.0380483e+06	1.7008478e+02	3.8282038e+15	8.9897291e-05
9.0467095e+06	1.7008478e+02	3.7901126e+15	8.9002798e-05
9.0553706e+06	1.7008478e+02	3.7524003e+15	8.8117206e-05
9.0640318e+06	1.7008478e+02	3.7150633e+15	8.7240425e-05
9.0726930e+06	1.7008478e+02	3.6780978e+15	8.6372368e-05
9.0813542e+06	1.7008478e+02	3.6415001e+15	8.5512949e-05
9.0900154e+06	1.7008478e+02	3.6052666e+15	8.4662081e-05
9.0986765e+06	1.7008478e+02	3.5693936e+15	8.3819679e-05
9.1073377e+06	1.7008478e+02	3.5338775e+15	8.2985659e-05
