# Formed from form_atmospheric_profiles_paper_model.py
# Z (cm)	T (K)	DEN (cm**-3)	P (bar)
0.0000000e+00	2.5000000e+02	5.8222099e+18	2.0096202e-01
1.2715405e+04	2.4940056e+02	5.7770822e+18	1.9892625e-01
2.5400322e+04	2.4880256e+02	5.7323513e+18	1.9691271e-01
3.8054824e+04	2.4820599e+02	5.6880114e+18	1.9492109e-01
5.0678983e+04	2.4761085e+02	5.6440569e+18	1.9295106e-01
6.3272872e+04	2.4701714e+02	5.6004824e+18	1.9100232e-01
7.5836564e+04	2.4642485e+02	5.5572827e+18	1.8907456e-01
8.8370131e+04	2.4583398e+02	5.5144525e+18	1.8716749e-01
1.0087365e+05	2.4524453e+02	5.4719871e+18	1.8528084e-01
1.1334718e+05	2.4465649e+02	5.4298814e+18	1.8341430e-01
1.2579081e+05	2.4406986e+02	5.3881310e+18	1.8156763e-01
1.3820459e+05	2.4348464e+02	5.3467312e+18	1.7974054e-01
1.5058862e+05	2.4290082e+02	5.3056776e+18	1.7793278e-01
1.6294295e+05	2.4231840e+02	5.2649659e+18	1.7614409e-01
1.7526765e+05	2.4173738e+02	5.2245919e+18	1.7437423e-01
1.8756281e+05	2.4115775e+02	5.1845516e+18	1.7262295e-01
1.9982848e+05	2.4057951e+02	5.1448408e+18	1.7089002e-01
2.1206475e+05	2.4000266e+02	5.1054559e+18	1.6917520e-01
2.2427167e+05	2.3942719e+02	5.0663930e+18	1.6747827e-01
2.3644933e+05	2.3885310e+02	5.0276483e+18	1.6579899e-01
2.4859778e+05	2.3828039e+02	4.9892184e+18	1.6413717e-01
2.6071711e+05	2.3770905e+02	4.9510997e+18	1.6249257e-01
2.7280738e+05	2.3713908e+02	4.9132888e+18	1.6086499e-01
2.8486866e+05	2.3657048e+02	4.8757824e+18	1.5925423e-01
2.9690101e+05	2.3600324e+02	4.8385771e+18	1.5766008e-01
3.0890452e+05	2.3543736e+02	4.8016698e+18	1.5608234e-01
3.2087925e+05	2.3487283e+02	4.7650574e+18	1.5452083e-01
3.3282526e+05	2.3430966e+02	4.7287368e+18	1.5297535e-01
3.4474263e+05	2.3374784e+02	4.6927049e+18	1.5144571e-01
3.5663142e+05	2.3318737e+02	4.6569590e+18	1.4993173e-01
3.6849171e+05	2.3262825e+02	4.6214960e+18	1.4843323e-01
3.8032356e+05	2.3207046e+02	4.5863133e+18	1.4695003e-01
3.9212704e+05	2.3151401e+02	4.5514080e+18	1.4548196e-01
4.0390222e+05	2.3095889e+02	4.5167774e+18	1.4402885e-01
4.1564916e+05	2.3040511e+02	4.4824189e+18	1.4259052e-01
4.2736794e+05	2.2985265e+02	4.4483299e+18	1.4116682e-01
4.3905862e+05	2.2930152e+02	4.4145079e+18	1.3975757e-01
4.5072127e+05	2.2875171e+02	4.3809502e+18	1.3836262e-01
4.6235595e+05	2.2820322e+02	4.3476546e+18	1.3698181e-01
4.7396273e+05	2.2765604e+02	4.3146184e+18	1.3561499e-01
4.8554169e+05	2.2711017e+02	4.2818395e+18	1.3426199e-01
4.9709288e+05	2.2656562e+02	4.2493153e+18	1.3292268e-01
5.0861638e+05	2.2602237e+02	4.2170437e+18	1.3159689e-01
5.2011224e+05	2.2548042e+02	4.1850223e+18	1.3028449e-01
5.3158054e+05	2.2493977e+02	4.1532490e+18	1.2898533e-01
5.4302134e+05	2.2440042e+02	4.1217215e+18	1.2769927e-01
5.5443471e+05	2.2386236e+02	4.0904377e+18	1.2642617e-01
5.6582071e+05	2.2332559e+02	4.0593955e+18	1.2516588e-01
5.7717942e+05	2.2279011e+02	4.0285927e+18	1.2391828e-01
5.8851088e+05	2.2225591e+02	3.9980273e+18	1.2268323e-01
5.9981518e+05	2.2172299e+02	3.9676973e+18	1.2146059e-01
6.1109237e+05	2.2119136e+02	3.9376006e+18	1.2025023e-01
6.2234252e+05	2.2066099e+02	3.9077353e+18	1.1905203e-01
6.3356570e+05	2.2013190e+02	3.8780994e+18	1.1786586e-01
6.4476196e+05	2.1960407e+02	3.8486910e+18	1.1669159e-01
6.5593138e+05	2.1907752e+02	3.8195082e+18	1.1552909e-01
6.6707402e+05	2.1855222e+02	3.7905491e+18	1.1437825e-01
6.7818994e+05	2.1802818e+02	3.7618119e+18	1.1323895e-01
6.8927920e+05	2.1750540e+02	3.7332946e+18	1.1211105e-01
7.0034188e+05	2.1698388e+02	3.7049956e+18	1.1099445e-01
7.1137803e+05	2.1646360e+02	3.6769130e+18	1.0988903e-01
7.2238772e+05	2.1594457e+02	3.6490451e+18	1.0879468e-01
7.3337101e+05	2.1542679e+02	3.6213901e+18	1.0771127e-01
7.4432797e+05	2.1491025e+02	3.5939463e+18	1.0663869e-01
7.5525865e+05	2.1439494e+02	3.5667119e+18	1.0557685e-01
7.6616313e+05	2.1388088e+02	3.5396854e+18	1.0452561e-01
7.7704146e+05	2.1336804e+02	3.5128650e+18	1.0348489e-01
7.8789370e+05	2.1285643e+02	3.4862490e+18	1.0245456e-01
7.9871992e+05	2.1234605e+02	3.4598359e+18	1.0143453e-01
8.0952019e+05	2.1183690e+02	3.4336240e+18	1.0042468e-01
8.2029935e+05	2.1167691e+02	3.4020246e+18	9.9425333e-02
8.3107851e+05	2.1167691e+02	3.3681739e+18	9.8436034e-02
8.4185767e+05	2.1167691e+02	3.3346600e+18	9.7456579e-02
8.5263684e+05	2.1167691e+02	3.3014796e+18	9.6486870e-02
8.6341600e+05	2.1167691e+02	3.2686293e+18	9.5526810e-02
8.7419516e+05	2.1167691e+02	3.2361059e+18	9.4576302e-02
8.8497432e+05	2.1167691e+02	3.2039061e+18	9.3635252e-02
8.9575348e+05	2.1167691e+02	3.1720267e+18	9.2703566e-02
9.0653264e+05	2.1167691e+02	3.1404645e+18	9.1781150e-02
9.1731181e+05	2.1167691e+02	3.1092164e+18	9.0867912e-02
9.2809097e+05	2.1167691e+02	3.0782791e+18	8.9963761e-02
9.3887013e+05	2.1167691e+02	3.0476498e+18	8.9068607e-02
9.4964929e+05	2.1167691e+02	3.0173251e+18	8.8182360e-02
9.6042845e+05	2.1167691e+02	2.9873022e+18	8.7304930e-02
9.7120761e+05	2.1167691e+02	2.9575781e+18	8.6436232e-02
9.8198678e+05	2.1167691e+02	2.9281497e+18	8.5576177e-02
9.9276594e+05	2.1167691e+02	2.8990141e+18	8.4724680e-02
1.0035451e+06	2.1167691e+02	2.8701685e+18	8.3881655e-02
1.0143243e+06	2.1167691e+02	2.8416098e+18	8.3047019e-02
1.0251034e+06	2.1167691e+02	2.8133353e+18	8.2220687e-02
1.0358826e+06	2.1167691e+02	2.7853422e+18	8.1402578e-02
1.0466617e+06	2.1167691e+02	2.7576275e+18	8.0592608e-02
1.0574409e+06	2.1167691e+02	2.7301887e+18	7.9790699e-02
1.0682201e+06	2.1167691e+02	2.7030229e+18	7.8996768e-02
1.0789992e+06	2.1167691e+02	2.6761273e+18	7.8210737e-02
1.0897784e+06	2.1167691e+02	2.6494994e+18	7.7432527e-02
1.1005576e+06	2.1167691e+02	2.6231365e+18	7.6662060e-02
1.1113367e+06	2.1167691e+02	2.5970358e+18	7.5899260e-02
1.1221159e+06	2.1167691e+02	2.5711949e+18	7.5144050e-02
1.1328950e+06	2.1167691e+02	2.5456111e+18	7.4396354e-02
1.1436742e+06	2.1167691e+02	2.5202818e+18	7.3656098e-02
1.1544534e+06	2.1167691e+02	2.4952046e+18	7.2923208e-02
1.1652325e+06	2.1167691e+02	2.4703769e+18	7.2197610e-02
1.1760117e+06	2.1167691e+02	2.4457962e+18	7.1479231e-02
1.1867908e+06	2.1167691e+02	2.4214601e+18	7.0768001e-02
1.1975700e+06	2.1167691e+02	2.3973662e+18	7.0063848e-02
1.2083492e+06	2.1167691e+02	2.3735120e+18	6.9366701e-02
1.2191283e+06	2.1167691e+02	2.3498952e+18	6.8676491e-02
1.2299075e+06	2.1167691e+02	2.3265133e+18	6.7993148e-02
1.2406867e+06	2.1167691e+02	2.3033641e+18	6.7316605e-02
1.2514658e+06	2.1167691e+02	2.2804453e+18	6.6646794e-02
1.2622450e+06	2.1167691e+02	2.2577545e+18	6.5983647e-02
1.2730241e+06	2.1167691e+02	2.2352894e+18	6.5327099e-02
1.2838033e+06	2.1167691e+02	2.2130479e+18	6.4677083e-02
1.2945825e+06	2.1167691e+02	2.1910277e+18	6.4033535e-02
1.3053616e+06	2.1167691e+02	2.1692267e+18	6.3396391e-02
1.3161408e+06	2.1167691e+02	2.1476425e+18	6.2765587e-02
1.3269199e+06	2.1167691e+02	2.1262731e+18	6.2141058e-02
1.3376991e+06	2.1167691e+02	2.1051163e+18	6.1522745e-02
1.3484783e+06	2.1167691e+02	2.0841701e+18	6.0910583e-02
1.3592574e+06	2.1167691e+02	2.0634322e+18	6.0304513e-02
1.3700366e+06	2.1167691e+02	2.0429007e+18	5.9704473e-02
1.3808158e+06	2.1167691e+02	2.0225735e+18	5.9110403e-02
1.3915949e+06	2.1167691e+02	2.0024486e+18	5.8522245e-02
1.4023741e+06	2.1167691e+02	1.9825239e+18	5.7939939e-02
1.4131532e+06	2.1167691e+02	1.9627974e+18	5.7363427e-02
1.4239324e+06	2.1167691e+02	1.9432673e+18	5.6792651e-02
1.4347116e+06	2.1167691e+02	1.9239314e+18	5.6227555e-02
1.4454907e+06	2.1167691e+02	1.9047880e+18	5.5668081e-02
1.4562699e+06	2.1167691e+02	1.8858351e+18	5.5114175e-02
1.4670491e+06	2.1167691e+02	1.8670707e+18	5.4565780e-02
1.4778282e+06	2.1167691e+02	1.8484930e+18	5.4022841e-02
1.4886074e+06	2.1167691e+02	1.8301002e+18	5.3485305e-02
1.4993865e+06	2.1167691e+02	1.8118904e+18	5.2953117e-02
1.5101657e+06	2.1167691e+02	1.7938618e+18	5.2426225e-02
1.5209449e+06	2.1167691e+02	1.7760126e+18	5.1904575e-02
1.5317240e+06	2.1167691e+02	1.7583409e+18	5.1388116e-02
1.5425032e+06	2.1167691e+02	1.7408452e+18	5.0876796e-02
1.5532823e+06	2.1167691e+02	1.7235235e+18	5.0370563e-02
1.5640615e+06	2.1167691e+02	1.7063741e+18	4.9869368e-02
1.5748407e+06	2.1167691e+02	1.6893954e+18	4.9373159e-02
1.5856198e+06	2.1167691e+02	1.6725856e+18	4.8881888e-02
1.5963990e+06	2.1167691e+02	1.6559431e+18	4.8395505e-02
1.6071782e+06	2.1167691e+02	1.6394662e+18	4.7913962e-02
1.6179573e+06	2.1167691e+02	1.6231533e+18	4.7437210e-02
1.6287365e+06	2.1167691e+02	1.6070026e+18	4.6965202e-02
1.6395156e+06	2.1167691e+02	1.5910127e+18	4.6497890e-02
1.6502948e+06	2.1167691e+02	1.5751818e+18	4.6035228e-02
1.6610740e+06	2.1167691e+02	1.5595085e+18	4.5577170e-02
1.6718531e+06	2.1167691e+02	1.5439912e+18	4.5123670e-02
1.6826323e+06	2.1167691e+02	1.5286282e+18	4.4674682e-02
1.6934114e+06	2.1167691e+02	1.5134181e+18	4.4230161e-02
1.7041906e+06	2.1167691e+02	1.4983593e+18	4.3790064e-02
1.7149698e+06	2.1167691e+02	1.4834504e+18	4.3354345e-02
1.7257489e+06	2.1167691e+02	1.4686898e+18	4.2922962e-02
1.7365281e+06	2.1167691e+02	1.4540761e+18	4.2495872e-02
1.7473073e+06	2.1167691e+02	1.4396078e+18	4.2073031e-02
1.7580864e+06	2.1167691e+02	1.4252835e+18	4.1654397e-02
1.7688656e+06	2.1167691e+02	1.4111017e+18	4.1239929e-02
1.7796447e+06	2.1167691e+02	1.3970610e+18	4.0829585e-02
1.7904239e+06	2.1167691e+02	1.3831600e+18	4.0423324e-02
1.8012031e+06	2.1167691e+02	1.3693973e+18	4.0021105e-02
1.8119822e+06	2.1167691e+02	1.3557716e+18	3.9622888e-02
1.8227614e+06	2.1167691e+02	1.3422814e+18	3.9228634e-02
1.8335405e+06	2.1167691e+02	1.3289255e+18	3.8838303e-02
1.8443197e+06	2.1167691e+02	1.3157025e+18	3.8451855e-02
1.8550989e+06	2.1167691e+02	1.3026110e+18	3.8069253e-02
1.8658780e+06	2.1167691e+02	1.2896498e+18	3.7690457e-02
1.8766572e+06	2.1167691e+02	1.2768176e+18	3.7315431e-02
1.8874364e+06	2.1167691e+02	1.2641130e+18	3.6944136e-02
1.8982155e+06	2.1167691e+02	1.2515349e+18	3.6576536e-02
1.9089947e+06	2.1167691e+02	1.2390819e+18	3.6212593e-02
1.9197738e+06	2.1167691e+02	1.2267529e+18	3.5852272e-02
1.9305530e+06	2.1167691e+02	1.2145465e+18	3.5495536e-02
1.9413322e+06	2.1167691e+02	1.2024615e+18	3.5142349e-02
1.9521113e+06	2.1167691e+02	1.1904968e+18	3.4792677e-02
1.9628905e+06	2.1167691e+02	1.1786512e+18	3.4446484e-02
1.9736696e+06	2.1167691e+02	1.1669234e+18	3.4103736e-02
1.9844488e+06	2.1167691e+02	1.1553123e+18	3.3764398e-02
1.9952280e+06	2.1167691e+02	1.1438168e+18	3.3428437e-02
2.0060071e+06	2.1167691e+02	1.1324356e+18	3.3095818e-02
2.0167863e+06	2.1167691e+02	1.1211677e+18	3.2766509e-02
2.0275655e+06	2.1167691e+02	1.1100119e+18	3.2440477e-02
2.0383446e+06	2.1167691e+02	1.0989671e+18	3.2117689e-02
2.0491238e+06	2.1167691e+02	1.0880322e+18	3.1798113e-02
2.0599029e+06	2.1167691e+02	1.0772061e+18	3.1481716e-02
2.0706821e+06	2.1167691e+02	1.0664877e+18	3.1168468e-02
2.0814613e+06	2.1167691e+02	1.0558760e+18	3.0858336e-02
2.0922404e+06	2.1167691e+02	1.0453698e+18	3.0551291e-02
2.1030196e+06	2.1167691e+02	1.0349682e+18	3.0247300e-02
2.1137987e+06	2.1167691e+02	1.0246701e+18	2.9946335e-02
2.1245779e+06	2.1167691e+02	1.0144745e+18	2.9648364e-02
2.1353571e+06	2.1167691e+02	1.0043803e+18	2.9353358e-02
2.1461362e+06	2.1167691e+02	9.9438654e+17	2.9061287e-02
2.1569154e+06	2.1167691e+02	9.8449223e+17	2.8772122e-02
2.1676946e+06	2.1167691e+02	9.7469636e+17	2.8485835e-02
2.1784737e+06	2.1167691e+02	9.6499797e+17	2.8202396e-02
2.1892529e+06	2.1167691e+02	9.5539608e+17	2.7921777e-02
2.2000320e+06	2.1167691e+02	9.4588973e+17	2.7643951e-02
2.2108112e+06	2.1167691e+02	9.3647797e+17	2.7368889e-02
2.2215904e+06	2.1167691e+02	9.2715986e+17	2.7096564e-02
2.2323695e+06	2.1167691e+02	9.1793447e+17	2.6826949e-02
2.2431487e+06	2.1167691e+02	9.0880087e+17	2.6560016e-02
2.2539279e+06	2.1167691e+02	8.9975815e+17	2.6295740e-02
2.2647070e+06	2.1167691e+02	8.9080540e+17	2.6034093e-02
2.2754862e+06	2.1167691e+02	8.8194174e+17	2.5775049e-02
2.2862653e+06	2.1167691e+02	8.7316627e+17	2.5518583e-02
2.2970445e+06	2.1167691e+02	8.6447813e+17	2.5264669e-02
2.3078237e+06	2.1167691e+02	8.5587642e+17	2.5013281e-02
2.3186028e+06	2.1167691e+02	8.4736031e+17	2.4764395e-02
2.3293820e+06	2.1167691e+02	8.3892894e+17	2.4517985e-02
2.3401611e+06	2.1167691e+02	8.3058145e+17	2.4274027e-02
2.3509403e+06	2.1167691e+02	8.2231703e+17	2.4032497e-02
2.3617195e+06	2.1167691e+02	8.1413484e+17	2.3793369e-02
2.3724986e+06	2.1167691e+02	8.0603406e+17	2.3556621e-02
2.3832778e+06	2.1167691e+02	7.9801389e+17	2.3322229e-02
2.3940570e+06	2.1167691e+02	7.9007352e+17	2.3090169e-02
2.4048361e+06	2.1167691e+02	7.8221215e+17	2.2860418e-02
2.4156153e+06	2.1167691e+02	7.7442901e+17	2.2632953e-02
2.4263944e+06	2.1167691e+02	7.6672332e+17	2.2407751e-02
2.4371736e+06	2.1167691e+02	7.5909429e+17	2.2184790e-02
2.4479528e+06	2.1167691e+02	7.5154118e+17	2.1964048e-02
2.4587319e+06	2.1167691e+02	7.4406322e+17	2.1745502e-02
2.4695111e+06	2.1167691e+02	7.3665967e+17	2.1529131e-02
2.4802902e+06	2.1167691e+02	7.2932978e+17	2.1314912e-02
2.4910694e+06	2.1167691e+02	7.2207283e+17	2.1102825e-02
2.5018486e+06	2.1167691e+02	7.1488808e+17	2.0892849e-02
2.5126277e+06	2.1167691e+02	7.0777483e+17	2.0684961e-02
2.5234069e+06	2.1167691e+02	7.0073235e+17	2.0479143e-02
2.5341861e+06	2.1167691e+02	6.9375995e+17	2.0275372e-02
2.5449652e+06	2.1167691e+02	6.8685692e+17	2.0073628e-02
2.5557444e+06	2.1167691e+02	6.8002258e+17	1.9873893e-02
2.5665235e+06	2.1167691e+02	6.7325624e+17	1.9676144e-02
2.5773027e+06	2.1167691e+02	6.6655723e+17	1.9480363e-02
2.5880819e+06	2.1167691e+02	6.5992487e+17	1.9286530e-02
2.5988610e+06	2.1167691e+02	6.5335851e+17	1.9094626e-02
2.6096402e+06	2.1167691e+02	6.4685749e+17	1.8904631e-02
2.6204193e+06	2.1167691e+02	6.4042115e+17	1.8716527e-02
2.6311985e+06	2.1167691e+02	6.3404885e+17	1.8530295e-02
2.6419777e+06	2.1167691e+02	6.2773996e+17	1.8345915e-02
2.6527568e+06	2.1167691e+02	6.2149384e+17	1.8163370e-02
2.6635360e+06	2.1167691e+02	6.1530987e+17	1.7982642e-02
2.6743152e+06	2.1167691e+02	6.0918744e+17	1.7803711e-02
2.6850943e+06	2.1167691e+02	6.0312592e+17	1.7626561e-02
2.6958735e+06	2.1167691e+02	5.9712472e+17	1.7451174e-02
2.7066526e+06	2.1167691e+02	5.9118323e+17	1.7277532e-02
2.7174318e+06	2.1167691e+02	5.8530086e+17	1.7105618e-02
2.7282110e+06	2.1167691e+02	5.7947702e+17	1.6935414e-02
2.7389901e+06	2.1167691e+02	5.7371112e+17	1.6766904e-02
2.7497693e+06	2.1167691e+02	5.6800260e+17	1.6600070e-02
2.7605484e+06	2.1167691e+02	5.6235088e+17	1.6434897e-02
2.7713276e+06	2.1167691e+02	5.5675540e+17	1.6271367e-02
2.7821068e+06	2.1167691e+02	5.5121559e+17	1.6109464e-02
2.7928859e+06	2.1167691e+02	5.4573090e+17	1.5949172e-02
2.8036651e+06	2.1167691e+02	5.4030079e+17	1.5790475e-02
2.8144443e+06	2.1167691e+02	5.3492471e+17	1.5633358e-02
2.8252234e+06	2.1167691e+02	5.2960212e+17	1.5477803e-02
2.8360026e+06	2.1167691e+02	5.2433249e+17	1.5323796e-02
2.8467817e+06	2.1167691e+02	5.1911529e+17	1.5171322e-02
2.8575609e+06	2.1167691e+02	5.1395001e+17	1.5020365e-02
2.8683401e+06	2.1167691e+02	5.0883612e+17	1.4870910e-02
2.8791192e+06	2.1167691e+02	5.0377312e+17	1.4722942e-02
2.8898984e+06	2.1167691e+02	4.9876049e+17	1.4576446e-02
2.9006775e+06	2.1167691e+02	4.9379774e+17	1.4431408e-02
2.9114567e+06	2.1167691e+02	4.8888437e+17	1.4287813e-02
2.9222359e+06	2.1167691e+02	4.8401989e+17	1.4145647e-02
2.9330150e+06	2.1167691e+02	4.7920381e+17	1.4004895e-02
2.9437942e+06	2.1167691e+02	4.7443565e+17	1.3865544e-02
2.9545734e+06	2.1167691e+02	4.6971494e+17	1.3727580e-02
2.9653525e+06	2.1167691e+02	4.6504120e+17	1.3590988e-02
2.9761317e+06	2.1167691e+02	4.6041396e+17	1.3455756e-02
2.9869108e+06	2.1167691e+02	4.5583277e+17	1.3321869e-02
2.9976900e+06	2.1167691e+02	4.5129715e+17	1.3189314e-02
3.0084692e+06	2.1167691e+02	4.4680667e+17	1.3058078e-02
3.0192483e+06	2.1167691e+02	4.4236087e+17	1.2928148e-02
3.0300275e+06	2.1167691e+02	4.3795931e+17	1.2799511e-02
3.0408067e+06	2.1167691e+02	4.3360154e+17	1.2672153e-02
3.0515858e+06	2.1167691e+02	4.2928713e+17	1.2546063e-02
3.0623650e+06	2.1167691e+02	4.2501565e+17	1.2421228e-02
3.0731441e+06	2.1167691e+02	4.2078668e+17	1.2297635e-02
3.0839233e+06	2.1167691e+02	4.1659978e+17	1.2175271e-02
3.0947025e+06	2.1167691e+02	4.1245454e+17	1.2054125e-02
3.1054816e+06	2.1167691e+02	4.0835055e+17	1.1934185e-02
3.1162608e+06	2.1167691e+02	4.0428740e+17	1.1815437e-02
3.1270399e+06	2.1167691e+02	4.0026467e+17	1.1697872e-02
3.1378191e+06	2.1167691e+02	3.9628197e+17	1.1581476e-02
3.1485983e+06	2.1167691e+02	3.9233890e+17	1.1466239e-02
3.1593774e+06	2.1167691e+02	3.8843506e+17	1.1352148e-02
3.1701566e+06	2.1167691e+02	3.8457007e+17	1.1239192e-02
3.1809358e+06	2.1167691e+02	3.8074353e+17	1.1127360e-02
3.1917149e+06	2.1167691e+02	3.7695507e+17	1.1016641e-02
3.2024941e+06	2.1167691e+02	3.7320430e+17	1.0907023e-02
3.2132732e+06	2.1167691e+02	3.6949086e+17	1.0798497e-02
3.2240524e+06	2.1167691e+02	3.6581436e+17	1.0691050e-02
3.2348316e+06	2.1167691e+02	3.6217445e+17	1.0584672e-02
3.2456107e+06	2.1167691e+02	3.5857075e+17	1.0479353e-02
3.2563899e+06	2.1167691e+02	3.5500292e+17	1.0375082e-02
3.2671690e+06	2.1167691e+02	3.5147058e+17	1.0271848e-02
3.2779482e+06	2.1167691e+02	3.4797339e+17	1.0169641e-02
3.2887274e+06	2.1167691e+02	3.4451099e+17	1.0068452e-02
3.2995065e+06	2.1167691e+02	3.4108305e+17	9.9682689e-03
3.3102857e+06	2.1167691e+02	3.3768922e+17	9.8690830e-03
3.3210649e+06	2.1167691e+02	3.3432915e+17	9.7708839e-03
3.3318440e+06	2.1167691e+02	3.3100252e+17	9.6736620e-03
3.3426232e+06	2.1167691e+02	3.2770899e+17	9.5774075e-03
3.3534023e+06	2.1167691e+02	3.2444824e+17	9.4821107e-03
3.3641815e+06	2.1167691e+02	3.2121992e+17	9.3877621e-03
3.3749607e+06	2.1167691e+02	3.1802373e+17	9.2943523e-03
3.3857398e+06	2.1167691e+02	3.1485934e+17	9.2018720e-03
3.3965190e+06	2.1167691e+02	3.1172644e+17	9.1103118e-03
3.4072981e+06	2.1167691e+02	3.0862471e+17	9.0196627e-03
3.4180773e+06	2.1167691e+02	3.0555384e+17	8.9299155e-03
3.4288565e+06	2.1167691e+02	3.0251353e+17	8.8410614e-03
3.4396356e+06	2.1167691e+02	2.9950347e+17	8.7530914e-03
3.4504148e+06	2.1167691e+02	2.9652336e+17	8.6659967e-03
3.4611940e+06	2.1167691e+02	2.9357290e+17	8.5797686e-03
3.4719731e+06	2.1167691e+02	2.9065180e+17	8.4943984e-03
3.4827523e+06	2.1167691e+02	2.8775977e+17	8.4098778e-03
3.4935314e+06	2.1167691e+02	2.8489651e+17	8.3261981e-03
3.5043106e+06	2.1167691e+02	2.8206175e+17	8.2433510e-03
3.5150898e+06	2.1167691e+02	2.7925518e+17	8.1613283e-03
3.5258689e+06	2.1167691e+02	2.7647655e+17	8.0801217e-03
3.5366481e+06	2.1167691e+02	2.7372556e+17	7.9997232e-03
3.5474272e+06	2.1167691e+02	2.7100195e+17	7.9201246e-03
3.5582064e+06	2.1167691e+02	2.6830543e+17	7.8413180e-03
3.5689856e+06	2.1167691e+02	2.6563575e+17	7.7632956e-03
3.5797647e+06	2.1167691e+02	2.6299263e+17	7.6860495e-03
3.5905439e+06	2.1167691e+02	2.6037581e+17	7.6095721e-03
3.6013231e+06	2.1167691e+02	2.5778503e+17	7.5338556e-03
3.6121022e+06	2.1167691e+02	2.5522002e+17	7.4588924e-03
3.6228814e+06	2.1167691e+02	2.5268054e+17	7.3846752e-03
3.6336605e+06	2.1167691e+02	2.5016633e+17	7.3111965e-03
3.6444397e+06	2.1167691e+02	2.4767713e+17	7.2384489e-03
3.6552189e+06	2.1167691e+02	2.4521270e+17	7.1664251e-03
3.6659980e+06	2.1167691e+02	2.4277279e+17	7.0951180e-03
3.6767772e+06	2.1167691e+02	2.4035716e+17	7.0245204e-03
3.6875563e+06	2.1167691e+02	2.3796557e+17	6.9546252e-03
3.6983355e+06	2.1167691e+02	2.3559777e+17	6.8854255e-03
3.7091147e+06	2.1167691e+02	2.3325354e+17	6.8169144e-03
3.7198938e+06	2.1167691e+02	2.3093263e+17	6.7490850e-03
3.7306730e+06	2.1167691e+02	2.2863481e+17	6.6819305e-03
3.7414522e+06	2.1167691e+02	2.2635985e+17	6.6154441e-03
3.7522313e+06	2.1167691e+02	2.2410753e+17	6.5496194e-03
3.7630105e+06	2.1167691e+02	2.2187763e+17	6.4844496e-03
3.7737896e+06	2.1167691e+02	2.1966991e+17	6.4199282e-03
3.7845688e+06	2.1167691e+02	2.1748416e+17	6.3560489e-03
3.7953480e+06	2.1167691e+02	2.1532015e+17	6.2928051e-03
3.8061271e+06	2.1167691e+02	2.1317768e+17	6.2301907e-03
3.8169063e+06	2.1167691e+02	2.1105653e+17	6.1681992e-03
3.8276855e+06	2.1167691e+02	2.0895648e+17	6.1068246e-03
3.8384646e+06	2.1167691e+02	2.0687733e+17	6.0460607e-03
3.8492438e+06	2.1167691e+02	2.0481886e+17	5.9859014e-03
3.8600229e+06	2.1167691e+02	2.0278088e+17	5.9263407e-03
3.8708021e+06	2.1167691e+02	2.0076318e+17	5.8673726e-03
3.8815813e+06	2.1167691e+02	1.9876555e+17	5.8089913e-03
3.8923604e+06	2.1167691e+02	1.9678780e+17	5.7511909e-03
3.9031396e+06	2.1167691e+02	1.9482973e+17	5.6939655e-03
3.9139187e+06	2.1167691e+02	1.9289114e+17	5.6373096e-03
3.9246979e+06	2.1167691e+02	1.9097184e+17	5.5812175e-03
3.9354771e+06	2.1167691e+02	1.8907164e+17	5.5256834e-03
3.9462562e+06	2.1167691e+02	1.8719035e+17	5.4707020e-03
3.9570354e+06	2.1167691e+02	1.8532777e+17	5.4162676e-03
3.9678146e+06	2.1167691e+02	1.8348373e+17	5.3623748e-03
3.9785937e+06	2.1167691e+02	1.8165804e+17	5.3090183e-03
3.9893729e+06	2.1167691e+02	1.7985051e+17	5.2561927e-03
4.0001520e+06	2.1167691e+02	1.7806097e+17	5.2038927e-03
4.0109312e+06	2.1167691e+02	1.7628923e+17	5.1521131e-03
4.0217104e+06	2.1167691e+02	1.7453512e+17	5.1008487e-03
4.0324895e+06	2.1167691e+02	1.7279847e+17	5.0500944e-03
4.0432687e+06	2.1167691e+02	1.7107910e+17	4.9998451e-03
4.0540478e+06	2.1167691e+02	1.6937683e+17	4.9500958e-03
4.0648270e+06	2.1167691e+02	1.6769150e+17	4.9008416e-03
4.0756062e+06	2.1167691e+02	1.6602294e+17	4.8520774e-03
4.0863853e+06	2.1167691e+02	1.6437099e+17	4.8037984e-03
4.0971645e+06	2.1167691e+02	1.6273547e+17	4.7559998e-03
4.1079437e+06	2.1167691e+02	1.6111623e+17	4.7086768e-03
4.1187228e+06	2.1167691e+02	1.5951309e+17	4.6618247e-03
4.1295020e+06	2.1167691e+02	1.5792591e+17	4.6154388e-03
4.1402811e+06	2.1167691e+02	1.5635452e+17	4.5695144e-03
4.1510603e+06	2.1167691e+02	1.5479877e+17	4.5240470e-03
4.1618395e+06	2.1167691e+02	1.5325849e+17	4.4790319e-03
4.1726186e+06	2.1167691e+02	1.5173355e+17	4.4344648e-03
4.1833978e+06	2.1167691e+02	1.5022377e+17	4.3903412e-03
4.1941769e+06	2.1167691e+02	1.4872902e+17	4.3466565e-03
4.2049561e+06	2.1167691e+02	1.4724914e+17	4.3034066e-03
4.2157353e+06	2.1167691e+02	1.4578399e+17	4.2605870e-03
4.2265144e+06	2.1167691e+02	1.4433341e+17	4.2181934e-03
4.2372936e+06	2.1167691e+02	1.4289727e+17	4.1762217e-03
4.2480728e+06	2.1167691e+02	1.4147542e+17	4.1346676e-03
4.2588519e+06	2.1167691e+02	1.4006772e+17	4.0935270e-03
4.2696311e+06	2.1167691e+02	1.3867402e+17	4.0527957e-03
4.2804102e+06	2.1167691e+02	1.3729419e+17	4.0124697e-03
4.2911894e+06	2.1167691e+02	1.3592809e+17	3.9725450e-03
4.3019686e+06	2.1167691e+02	1.3457558e+17	3.9330175e-03
4.3127477e+06	2.1167691e+02	1.3323653e+17	3.8938833e-03
4.3235269e+06	2.1167691e+02	1.3191081e+17	3.8551385e-03
4.3343060e+06	2.1167691e+02	1.3059827e+17	3.8167792e-03
4.3450852e+06	2.1167691e+02	1.2929880e+17	3.7788017e-03
4.3558644e+06	2.1167691e+02	1.2801225e+17	3.7412020e-03
4.3666435e+06	2.1167691e+02	1.2673851e+17	3.7039764e-03
4.3774227e+06	2.1167691e+02	1.2547744e+17	3.6671212e-03
4.3882019e+06	2.1167691e+02	1.2422892e+17	3.6306327e-03
4.3989810e+06	2.1167691e+02	1.2299282e+17	3.5945073e-03
4.4097602e+06	2.1167691e+02	1.2176902e+17	3.5587414e-03
4.4205393e+06	2.1167691e+02	1.2055740e+17	3.5233313e-03
4.4313185e+06	2.1167691e+02	1.1935784e+17	3.4882736e-03
4.4420977e+06	2.1167691e+02	1.1817021e+17	3.4535647e-03
4.4528768e+06	2.1167691e+02	1.1699439e+17	3.4192011e-03
4.4636560e+06	2.1167691e+02	1.1583028e+17	3.3851795e-03
4.4744352e+06	2.1167691e+02	1.1467775e+17	3.3514964e-03
4.4852143e+06	2.1167691e+02	1.1353669e+17	3.3181485e-03
4.4959935e+06	2.1167691e+02	1.1240698e+17	3.2851323e-03
4.5067726e+06	2.1167691e+02	1.1128851e+17	3.2524447e-03
4.5175518e+06	2.1167691e+02	1.1018117e+17	3.2200824e-03
4.5283310e+06	2.1167691e+02	1.0908485e+17	3.1880420e-03
4.5391101e+06	2.1167691e+02	1.0799944e+17	3.1563205e-03
4.5498893e+06	2.1167691e+02	1.0692482e+17	3.1249145e-03
4.5606684e+06	2.1167691e+02	1.0586090e+17	3.0938211e-03
4.5714476e+06	2.1167691e+02	1.0480757e+17	3.0630371e-03
4.5822268e+06	2.1167691e+02	1.0376472e+17	3.0325594e-03
4.5930059e+06	2.1167691e+02	1.0273224e+17	3.0023849e-03
4.6037851e+06	2.1167691e+02	1.0171004e+17	2.9725107e-03
4.6145643e+06	2.1167691e+02	1.0069801e+17	2.9429337e-03
4.6253434e+06	2.1167691e+02	9.9696044e+16	2.9136510e-03
4.6361226e+06	2.1167691e+02	9.8704052e+16	2.8846597e-03
4.6469017e+06	2.1167691e+02	9.7721930e+16	2.8559569e-03
4.6576809e+06	2.1167691e+02	9.6749581e+16	2.8275396e-03
4.6684601e+06	2.1167691e+02	9.5786907e+16	2.7994051e-03
4.6792392e+06	2.1167691e+02	9.4833811e+16	2.7715506e-03
4.6900184e+06	2.1167691e+02	9.3890199e+16	2.7439732e-03
4.7007975e+06	2.1167691e+02	9.2955976e+16	2.7166702e-03
4.7115767e+06	2.1167691e+02	9.2031048e+16	2.6896389e-03
4.7223559e+06	2.1167691e+02	9.1115324e+16	2.6628765e-03
4.7331350e+06	2.1167691e+02	9.0208711e+16	2.6363805e-03
4.7439142e+06	2.1167691e+02	8.9311120e+16	2.6101480e-03
4.7546934e+06	2.1167691e+02	8.8422459e+16	2.5841766e-03
4.7654725e+06	2.1167691e+02	8.7542641e+16	2.5584636e-03
4.7762517e+06	2.1167691e+02	8.6671577e+16	2.5330065e-03
4.7870308e+06	2.1167691e+02	8.5809181e+16	2.5078027e-03
4.7978100e+06	2.1167691e+02	8.4955365e+16	2.4828496e-03
4.8085892e+06	2.1167691e+02	8.4110045e+16	2.4581448e-03
4.8193683e+06	2.1167691e+02	8.3273136e+16	2.4336859e-03
4.8301475e+06	2.1167691e+02	8.2444555e+16	2.4094703e-03
4.8409266e+06	2.1167691e+02	8.1624218e+16	2.3854957e-03
4.8517058e+06	2.1167691e+02	8.0812043e+16	2.3617596e-03
4.8624850e+06	2.1167691e+02	8.0007950e+16	2.3382597e-03
4.8732641e+06	2.1167691e+02	7.9211857e+16	2.3149936e-03
4.8840433e+06	2.1167691e+02	7.8423686e+16	2.2919591e-03
4.8948225e+06	2.1167691e+02	7.7643357e+16	2.2691537e-03
4.9056016e+06	2.1167691e+02	7.6870793e+16	2.2465752e-03
4.9163808e+06	2.1167691e+02	7.6105916e+16	2.2242214e-03
4.9271599e+06	2.1167691e+02	7.5348649e+16	2.2020901e-03
4.9379391e+06	2.1167691e+02	7.4598918e+16	2.1801789e-03
4.9487183e+06	2.1167691e+02	7.3856646e+16	2.1584858e-03
4.9594974e+06	2.1167691e+02	7.3121760e+16	2.1370085e-03
4.9702766e+06	2.1167691e+02	7.2394187e+16	2.1157449e-03
4.9810557e+06	2.1167691e+02	7.1673852e+16	2.0946929e-03
4.9918349e+06	2.1167691e+02	7.0960686e+16	2.0738503e-03
5.0026141e+06	2.1167691e+02	7.0254615e+16	2.0532152e-03
5.0133932e+06	2.1167691e+02	6.9555570e+16	2.0327853e-03
5.0241724e+06	2.1167691e+02	6.8863481e+16	2.0125588e-03
5.0349516e+06	2.1167691e+02	6.8178277e+16	1.9925335e-03
5.0457307e+06	2.1167691e+02	6.7499892e+16	1.9727074e-03
5.0565099e+06	2.1167691e+02	6.6828257e+16	1.9530787e-03
5.0672890e+06	2.1167691e+02	6.6163305e+16	1.9336452e-03
5.0780682e+06	2.1167691e+02	6.5504969e+16	1.9144051e-03
5.0888474e+06	2.1167691e+02	6.4853184e+16	1.8953565e-03
5.0996265e+06	2.1167691e+02	6.4207884e+16	1.8764974e-03
5.1104057e+06	2.1167691e+02	6.3569005e+16	1.8578259e-03
5.1211848e+06	2.1167691e+02	6.2936482e+16	1.8393402e-03
5.1319640e+06	2.1167691e+02	6.2310254e+16	1.8210385e-03
5.1427432e+06	2.1167691e+02	6.1690257e+16	1.8029189e-03
5.1535223e+06	2.1167691e+02	6.1076428e+16	1.7849795e-03
5.1643015e+06	2.1167691e+02	6.0468708e+16	1.7672187e-03
5.1750807e+06	2.1167691e+02	5.9867034e+16	1.7496346e-03
5.1858598e+06	2.1167691e+02	5.9271347e+16	1.7322254e-03
5.1966390e+06	2.1167691e+02	5.8681587e+16	1.7149895e-03
5.2074181e+06	2.1167691e+02	5.8097696e+16	1.6979250e-03
5.2181973e+06	2.1167691e+02	5.7519614e+16	1.6810304e-03
5.2289765e+06	2.1167691e+02	5.6947284e+16	1.6643039e-03
5.2397556e+06	2.1167691e+02	5.6380649e+16	1.6477438e-03
5.2505348e+06	2.1167691e+02	5.5819652e+16	1.6313484e-03
5.2613140e+06	2.1167691e+02	5.5264238e+16	1.6151163e-03
5.2720931e+06	2.1167691e+02	5.4714349e+16	1.5990456e-03
5.2828723e+06	2.1167691e+02	5.4169932e+16	1.5831348e-03
5.2936514e+06	2.1167691e+02	5.3630933e+16	1.5673824e-03
5.3044306e+06	2.1167691e+02	5.3097296e+16	1.5517866e-03
5.3152098e+06	2.1167691e+02	5.2568969e+16	1.5363461e-03
5.3259889e+06	2.1167691e+02	5.2045899e+16	1.5210592e-03
5.3367681e+06	2.1167691e+02	5.1528034e+16	1.5059244e-03
5.3475472e+06	2.1167691e+02	5.1015321e+16	1.4909402e-03
5.3583264e+06	2.1167691e+02	5.0507710e+16	1.4761051e-03
5.3691056e+06	2.1167691e+02	5.0005150e+16	1.4614176e-03
5.3798847e+06	2.1167691e+02	4.9507591e+16	1.4468763e-03
5.3906639e+06	2.1167691e+02	4.9014982e+16	1.4324796e-03
5.4014431e+06	2.1167691e+02	4.8527275e+16	1.4182262e-03
5.4122222e+06	2.1167691e+02	4.8044420e+16	1.4041146e-03
5.4230014e+06	2.1167691e+02	4.7566370e+16	1.3901434e-03
5.4337805e+06	2.1167691e+02	4.7093077e+16	1.3763113e-03
5.4445597e+06	2.1167691e+02	4.6624493e+16	1.3626168e-03
5.4553389e+06	2.1167691e+02	4.6160571e+16	1.3490585e-03
5.4661180e+06	2.1167691e+02	4.5701266e+16	1.3356351e-03
5.4768972e+06	2.1167691e+02	4.5246531e+16	1.3223453e-03
5.4876763e+06	2.1167691e+02	4.4796320e+16	1.3091878e-03
5.4984555e+06	2.1167691e+02	4.4350590e+16	1.2961612e-03
5.5092347e+06	2.1167691e+02	4.3909294e+16	1.2832641e-03
5.5200138e+06	2.1167691e+02	4.3472389e+16	1.2704954e-03
5.5307930e+06	2.1167691e+02	4.3039832e+16	1.2578538e-03
5.5415722e+06	2.1167691e+02	4.2611578e+16	1.2453379e-03
5.5523513e+06	2.1167691e+02	4.2187586e+16	1.2329466e-03
5.5631305e+06	2.1167691e+02	4.1767812e+16	1.2206786e-03
5.5739096e+06	2.1167691e+02	4.1352216e+16	1.2085327e-03
5.5846888e+06	2.1167691e+02	4.0940754e+16	1.1965075e-03
5.5954680e+06	2.1167691e+02	4.0533387e+16	1.1846021e-03
5.6062471e+06	2.1167691e+02	4.0130073e+16	1.1728151e-03
5.6170263e+06	2.1167691e+02	3.9730772e+16	1.1611454e-03
5.6278054e+06	2.1167691e+02	3.9335444e+16	1.1495918e-03
5.6385846e+06	2.1167691e+02	3.8944050e+16	1.1381532e-03
5.6493638e+06	2.1167691e+02	3.8556550e+16	1.1268284e-03
5.6601429e+06	2.1167691e+02	3.8172906e+16	1.1156162e-03
5.6709221e+06	2.1167691e+02	3.7793079e+16	1.1045157e-03
5.6817013e+06	2.1167691e+02	3.7417032e+16	1.0935256e-03
5.6924804e+06	2.1167691e+02	3.7044726e+16	1.0826448e-03
5.7032596e+06	2.1167691e+02	3.6676125e+16	1.0718723e-03
5.7140387e+06	2.1167691e+02	3.6311192e+16	1.0612070e-03
5.7248179e+06	2.1167691e+02	3.5949889e+16	1.0506478e-03
5.7355971e+06	2.1167691e+02	3.5592182e+16	1.0401937e-03
5.7463762e+06	2.1167691e+02	3.5238034e+16	1.0298436e-03
5.7571554e+06	2.1167691e+02	3.4887409e+16	1.0195965e-03
5.7679345e+06	2.1167691e+02	3.4540274e+16	1.0094513e-03
5.7787137e+06	2.1167691e+02	3.4196592e+16	9.9940711e-04
5.7894929e+06	2.1167691e+02	3.3856331e+16	9.8946285e-04
5.8002720e+06	2.1167691e+02	3.3519454e+16	9.7961753e-04
5.8110512e+06	2.1167691e+02	3.3185930e+16	9.6987017e-04
5.8218304e+06	2.1167691e+02	3.2855725e+16	9.6021980e-04
5.8326095e+06	2.1167691e+02	3.2528805e+16	9.5066545e-04
5.8433887e+06	2.1167691e+02	3.2205138e+16	9.4120617e-04
5.8541678e+06	2.1167691e+02	3.1884691e+16	9.3184102e-04
5.8649470e+06	2.1167691e+02	3.1567433e+16	9.2256904e-04
5.8757262e+06	2.1167691e+02	3.1253332e+16	9.1338933e-04
5.8865053e+06	2.1167691e+02	3.0942356e+16	9.0430095e-04
5.8972845e+06	2.1167691e+02	3.0634475e+16	8.9530301e-04
5.9080636e+06	2.1167691e+02	3.0329657e+16	8.8639459e-04
5.9188428e+06	2.1167691e+02	3.0027872e+16	8.7757482e-04
5.9296220e+06	2.1167691e+02	2.9729089e+16	8.6884280e-04
5.9404011e+06	2.1167691e+02	2.9433280e+16	8.6019767e-04
5.9511803e+06	2.1167691e+02	2.9140414e+16	8.5163856e-04
5.9619595e+06	2.1167691e+02	2.8850462e+16	8.4316462e-04
5.9727386e+06	2.1167691e+02	2.8563395e+16	8.3477499e-04
5.9835178e+06	2.1167691e+02	2.8279184e+16	8.2646884e-04
5.9942969e+06	2.1167691e+02	2.7997802e+16	8.1824534e-04
6.0050761e+06	2.1167691e+02	2.7719219e+16	8.1010366e-04
6.0158553e+06	2.1167691e+02	2.7443408e+16	8.0204300e-04
6.0266344e+06	2.1167691e+02	2.7170342e+16	7.9406253e-04
6.0374136e+06	2.1167691e+02	2.6899992e+16	7.8616148e-04
6.0481928e+06	2.1167691e+02	2.6632333e+16	7.7833904e-04
6.0589719e+06	2.1167691e+02	2.6367337e+16	7.7059444e-04
6.0697511e+06	2.1167691e+02	2.6104977e+16	7.6292690e-04
6.0805302e+06	2.1167691e+02	2.5845229e+16	7.5533565e-04
6.0913094e+06	2.1167691e+02	2.5588064e+16	7.4781993e-04
6.1020886e+06	2.1167691e+02	2.5333459e+16	7.4037900e-04
6.1128677e+06	2.1167691e+02	2.5081387e+16	7.3301211e-04
6.1236469e+06	2.1167691e+02	2.4831823e+16	7.2571851e-04
6.1344260e+06	2.1167691e+02	2.4584742e+16	7.1849749e-04
6.1452052e+06	2.1167691e+02	2.4340120e+16	7.1134832e-04
6.1559844e+06	2.1167691e+02	2.4097931e+16	7.0427029e-04
6.1667635e+06	2.1167691e+02	2.3858153e+16	6.9726268e-04
6.1775427e+06	2.1167691e+02	2.3620760e+16	6.9032480e-04
6.1883219e+06	2.1167691e+02	2.3385730e+16	6.8345596e-04
6.1991010e+06	2.1167691e+02	2.3153038e+16	6.7665546e-04
6.2098802e+06	2.1167691e+02	2.2922661e+16	6.6992262e-04
6.2206593e+06	2.1167691e+02	2.2694577e+16	6.6325678e-04
6.2314385e+06	2.1167691e+02	2.2468762e+16	6.5665727e-04
6.2422177e+06	2.1167691e+02	2.2245194e+16	6.5012342e-04
6.2529968e+06	2.1167691e+02	2.2023851e+16	6.4365458e-04
6.2637760e+06	2.1167691e+02	2.1804710e+16	6.3725011e-04
6.2745551e+06	2.1167691e+02	2.1587750e+16	6.3090937e-04
6.2853343e+06	2.1167691e+02	2.1372948e+16	6.2463171e-04
6.2961135e+06	2.1167691e+02	2.1160283e+16	6.1841652e-04
6.3068926e+06	2.1167691e+02	2.0949735e+16	6.1226318e-04
6.3176718e+06	2.1167691e+02	2.0741282e+16	6.0617106e-04
6.3284510e+06	2.1167691e+02	2.0534903e+16	6.0013955e-04
6.3392301e+06	2.1167691e+02	2.0330577e+16	5.9416806e-04
6.3500093e+06	2.1167691e+02	2.0128284e+16	5.8825599e-04
6.3607884e+06	2.1167691e+02	1.9928004e+16	5.8240275e-04
6.3715676e+06	2.1167691e+02	1.9729717e+16	5.7660774e-04
6.3823468e+06	2.1167691e+02	1.9533404e+16	5.7087040e-04
6.3931259e+06	2.1167691e+02	1.9339043e+16	5.6519015e-04
6.4039051e+06	2.1167691e+02	1.9146616e+16	5.5956641e-04
6.4146842e+06	2.1167691e+02	1.8956104e+16	5.5399863e-04
6.4254634e+06	2.1167691e+02	1.8767488e+16	5.4848625e-04
6.4362426e+06	2.1167691e+02	1.8580748e+16	5.4302872e-04
6.4470217e+06	2.1167691e+02	1.8395867e+16	5.3762550e-04
6.4578009e+06	2.1167691e+02	1.8212825e+16	5.3227603e-04
6.4685801e+06	2.1167691e+02	1.8031604e+16	5.2697980e-04
6.4793592e+06	2.1167691e+02	1.7852187e+16	5.2173626e-04
6.4901384e+06	2.1167691e+02	1.7674554e+16	5.1654490e-04
6.5009175e+06	2.1167691e+02	1.7498690e+16	5.1140519e-04
6.5116967e+06	2.1167691e+02	1.7324575e+16	5.0631663e-04
6.5224759e+06	2.1167691e+02	1.7152192e+16	5.0127869e-04
6.5332550e+06	2.1167691e+02	1.6981525e+16	4.9629089e-04
6.5440342e+06	2.1167691e+02	1.6812556e+16	4.9135271e-04
6.5548133e+06	2.1167691e+02	1.6645268e+16	4.8646367e-04
6.5655925e+06	2.1167691e+02	1.6479645e+16	4.8162327e-04
6.5763717e+06	2.1167691e+02	1.6315670e+16	4.7683104e-04
6.5871508e+06	2.1167691e+02	1.6153326e+16	4.7208649e-04
6.5979300e+06	2.1167691e+02	1.5992598e+16	4.6738915e-04
6.6087092e+06	2.1167691e+02	1.5833469e+16	4.6273855e-04
6.6194883e+06	2.1167691e+02	1.5675924e+16	4.5813423e-04
6.6302675e+06	2.1167691e+02	1.5519945e+16	4.5357572e-04
6.6410466e+06	2.1167691e+02	1.5365519e+16	4.4906256e-04
6.6518258e+06	2.1167691e+02	1.5212630e+16	4.4459432e-04
6.6626050e+06	2.1167691e+02	1.5061262e+16	4.4017053e-04
6.6733841e+06	2.1167691e+02	1.4911400e+16	4.3579076e-04
6.6841633e+06	2.1167691e+02	1.4763029e+16	4.3145457e-04
6.6949424e+06	2.1167691e+02	1.4616134e+16	4.2716152e-04
6.7057216e+06	2.1167691e+02	1.4470701e+16	4.2291120e-04
6.7165008e+06	2.1167691e+02	1.4326715e+16	4.1870316e-04
6.7272799e+06	2.1167691e+02	1.4184162e+16	4.1453699e-04
6.7380591e+06	2.1167691e+02	1.4043027e+16	4.1041228e-04
6.7488383e+06	2.1167691e+02	1.3903297e+16	4.0632861e-04
6.7596174e+06	2.1167691e+02	1.3764957e+16	4.0228557e-04
6.7703966e+06	2.1167691e+02	1.3627993e+16	3.9828276e-04
6.7811757e+06	2.1167691e+02	1.3492392e+16	3.9431978e-04
6.7919549e+06	2.1167691e+02	1.3358141e+16	3.9039624e-04
6.8027341e+06	2.1167691e+02	1.3225225e+16	3.8651173e-04
6.8135132e+06	2.1167691e+02	1.3093632e+16	3.8266587e-04
6.8242924e+06	2.1167691e+02	1.2963348e+16	3.7885828e-04
6.8350716e+06	2.1167691e+02	1.2834361e+16	3.7508858e-04
6.8458507e+06	2.1167691e+02	1.2706657e+16	3.7135639e-04
6.8566299e+06	2.1167691e+02	1.2580223e+16	3.6766133e-04
6.8674090e+06	2.1167691e+02	1.2455048e+16	3.6400304e-04
6.8781882e+06	2.1167691e+02	1.2331118e+16	3.6038115e-04
6.8889674e+06	2.1167691e+02	1.2208422e+16	3.5679530e-04
6.8997465e+06	2.1167691e+02	1.2086946e+16	3.5324512e-04
6.9105257e+06	2.1167691e+02	1.1966679e+16	3.4973028e-04
6.9213048e+06	2.1167691e+02	1.1847608e+16	3.4625040e-04
6.9320840e+06	2.1167691e+02	1.1729722e+16	3.4280515e-04
6.9428632e+06	2.1167691e+02	1.1613010e+16	3.3939418e-04
6.9536423e+06	2.1167691e+02	1.1497458e+16	3.3601716e-04
6.9644215e+06	2.1167691e+02	1.1383057e+16	3.3267373e-04
6.9752007e+06	2.1167691e+02	1.1269793e+16	3.2936357e-04
6.9859798e+06	2.1167691e+02	1.1157657e+16	3.2608635e-04
6.9967590e+06	2.1167691e+02	1.1046637e+16	3.2284173e-04
7.0075381e+06	2.1167691e+02	1.0936721e+16	3.1962941e-04
7.0183173e+06	2.1167691e+02	1.0827899e+16	3.1644904e-04
7.0290965e+06	2.1167691e+02	1.0720159e+16	3.1330032e-04
7.0398756e+06	2.1167691e+02	1.0613492e+16	3.1018293e-04
7.0506548e+06	2.1167691e+02	1.0507886e+16	3.0709656e-04
7.0614339e+06	2.1167691e+02	1.0403331e+16	3.0404090e-04
7.0722131e+06	2.1167691e+02	1.0299816e+16	3.0101564e-04
7.0829923e+06	2.1167691e+02	1.0197331e+16	2.9802048e-04
7.0937714e+06	2.1167691e+02	1.0095866e+16	2.9505513e-04
7.1045506e+06	2.1167691e+02	9.9954101e+15	2.9211928e-04
7.1153298e+06	2.1167691e+02	9.8959541e+15	2.8921265e-04
7.1261089e+06	2.1167691e+02	9.7974878e+15	2.8633493e-04
7.1368881e+06	2.1167691e+02	9.7000011e+15	2.8348585e-04
7.1476672e+06	2.1167691e+02	9.6034845e+15	2.8066512e-04
7.1584464e+06	2.1167691e+02	9.5079282e+15	2.7787246e-04
7.1692256e+06	2.1167691e+02	9.4133228e+15	2.7510758e-04
7.1800047e+06	2.1167691e+02	9.3196586e+15	2.7237021e-04
7.1907839e+06	2.1167691e+02	9.2269265e+15	2.6966008e-04
7.2015630e+06	2.1167691e+02	9.1351170e+15	2.6697692e-04
7.2123422e+06	2.1167691e+02	9.0442211e+15	2.6432046e-04
7.2231214e+06	2.1167691e+02	8.9542296e+15	2.6169042e-04
7.2339005e+06	2.1167691e+02	8.8651335e+15	2.5908656e-04
7.2446797e+06	2.1167691e+02	8.7769240e+15	2.5650861e-04
7.2554589e+06	2.1167691e+02	8.6895921e+15	2.5395630e-04
7.2662380e+06	2.1167691e+02	8.6031292e+15	2.5142940e-04
7.2770172e+06	2.1167691e+02	8.5175267e+15	2.4892763e-04
7.2877963e+06	2.1167691e+02	8.4327759e+15	2.4645076e-04
7.2985755e+06	2.1167691e+02	8.3488683e+15	2.4399853e-04
7.3093547e+06	2.1167691e+02	8.2657957e+15	2.4157071e-04
7.3201338e+06	2.1167691e+02	8.1835497e+15	2.3916704e-04
7.3309130e+06	2.1167691e+02	8.1021220e+15	2.3678729e-04
7.3416921e+06	2.1167691e+02	8.0215045e+15	2.3443121e-04
7.3524713e+06	2.1167691e+02	7.9416892e+15	2.3209859e-04
7.3632505e+06	2.1167691e+02	7.8626681e+15	2.2978917e-04
7.3740296e+06	2.1167691e+02	7.7844332e+15	2.2750273e-04
7.3848088e+06	2.1167691e+02	7.7069768e+15	2.2523904e-04
7.3955880e+06	2.1167691e+02	7.6302911e+15	2.2299787e-04
7.4063671e+06	2.1167691e+02	7.5543685e+15	2.2077900e-04
7.4171463e+06	2.1167691e+02	7.4792012e+15	2.1858222e-04
7.4279254e+06	2.1167691e+02	7.4047820e+15	2.1640729e-04
7.4387046e+06	2.1167691e+02	7.3311031e+15	2.1425400e-04
7.4494838e+06	2.1167691e+02	7.2581574e+15	2.1212213e-04
7.4602629e+06	2.1167691e+02	7.1859376e+15	2.1001148e-04
7.4710421e+06	2.1167691e+02	7.1144363e+15	2.0792184e-04
7.4818213e+06	2.1167691e+02	7.0436465e+15	2.0585298e-04
7.4926004e+06	2.1167691e+02	6.9735610e+15	2.0380471e-04
7.5033796e+06	2.1167691e+02	6.9041729e+15	2.0177682e-04
7.5141587e+06	2.1167691e+02	6.8354753e+15	1.9976910e-04
7.5249379e+06	2.1167691e+02	6.7674611e+15	1.9778137e-04
7.5357171e+06	2.1167691e+02	6.7001238e+15	1.9581341e-04
7.5464962e+06	2.1167691e+02	6.6334564e+15	1.9386503e-04
7.5572754e+06	2.1167691e+02	6.5674524e+15	1.9193604e-04
7.5680545e+06	2.1167691e+02	6.5021052e+15	1.9002625e-04
7.5788337e+06	2.1167691e+02	6.4374082e+15	1.8813546e-04
7.5896129e+06	2.1167691e+02	6.3733549e+15	1.8626348e-04
7.6003920e+06	2.1167691e+02	6.3099389e+15	1.8441012e-04
7.6111712e+06	2.1167691e+02	6.2471540e+15	1.8257521e-04
7.6219504e+06	2.1167691e+02	6.1849938e+15	1.8075856e-04
7.6327295e+06	2.1167691e+02	6.1234521e+15	1.7895998e-04
7.6435087e+06	2.1167691e+02	6.0625227e+15	1.7717930e-04
7.6542878e+06	2.1167691e+02	6.0021996e+15	1.7541634e-04
7.6650670e+06	2.1167691e+02	5.9424767e+15	1.7367092e-04
7.6758462e+06	2.1167691e+02	5.8833481e+15	1.7194286e-04
7.6866253e+06	2.1167691e+02	5.8248078e+15	1.7023200e-04
7.6974045e+06	2.1167691e+02	5.7668500e+15	1.6853816e-04
7.7081836e+06	2.1167691e+02	5.7094689e+15	1.6686118e-04
7.7189628e+06	2.1167691e+02	5.6526587e+15	1.6520088e-04
7.7297420e+06	2.1167691e+02	5.5964138e+15	1.6355711e-04
7.7405211e+06	2.1167691e+02	5.5407286e+15	1.6192969e-04
7.7513003e+06	2.1167691e+02	5.4855974e+15	1.6031846e-04
7.7620795e+06	2.1167691e+02	5.4310148e+15	1.5872327e-04
7.7728586e+06	2.1167691e+02	5.3769753e+15	1.5714394e-04
7.7836378e+06	2.1167691e+02	5.3234735e+15	1.5558033e-04
7.7944169e+06	2.1167691e+02	5.2705040e+15	1.5403228e-04
7.8051961e+06	2.1167691e+02	5.2180616e+15	1.5249964e-04
7.8159753e+06	2.1167691e+02	5.1661411e+15	1.5098224e-04
7.8267544e+06	2.1167691e+02	5.1147371e+15	1.4947994e-04
7.8375336e+06	2.1167691e+02	5.0638446e+15	1.4799259e-04
7.8483127e+06	2.1167691e+02	5.0134585e+15	1.4652004e-04
7.8590919e+06	2.1167691e+02	4.9635738e+15	1.4506214e-04
7.8698711e+06	2.1167691e+02	4.9141854e+15	1.4361875e-04
7.8806502e+06	2.1167691e+02	4.8652884e+15	1.4218972e-04
7.8914294e+06	2.1167691e+02	4.8168780e+15	1.4077491e-04
7.9022086e+06	2.1167691e+02	4.7689493e+15	1.3937417e-04
7.9129877e+06	2.1167691e+02	4.7214974e+15	1.3798738e-04
7.9237669e+06	2.1167691e+02	4.6745177e+15	1.3661438e-04
7.9345460e+06	2.1167691e+02	4.6280055e+15	1.3525504e-04
7.9453252e+06	2.1167691e+02	4.5819561e+15	1.3390923e-04
7.9561044e+06	2.1167691e+02	4.5363649e+15	1.3257682e-04
7.9668835e+06	2.1167691e+02	4.4912273e+15	1.3125765e-04
7.9776627e+06	2.1167691e+02	4.4465388e+15	1.2995162e-04
7.9884418e+06	2.1167691e+02	4.4022950e+15	1.2865858e-04
7.9992210e+06	2.1167691e+02	4.3584915e+15	1.2737840e-04
8.0100002e+06	2.1167691e+02	4.3151237e+15	1.2611097e-04
8.0207793e+06	2.1167691e+02	4.2721875e+15	1.2485614e-04
8.0315585e+06	2.1167691e+02	4.2296786e+15	1.2361380e-04
8.0423377e+06	2.1167691e+02	4.1875926e+15	1.2238383e-04
8.0531168e+06	2.1167691e+02	4.1459253e+15	1.2116609e-04
8.0638960e+06	2.1167691e+02	4.1046727e+15	1.1996046e-04
8.0746751e+06	2.1167691e+02	4.0638305e+15	1.1876684e-04
8.0854543e+06	2.1167691e+02	4.0233947e+15	1.1758509e-04
8.0962335e+06	2.1167691e+02	3.9833613e+15	1.1641510e-04
8.1070126e+06	2.1167691e+02	3.9437262e+15	1.1525675e-04
8.1177918e+06	2.1167691e+02	3.9044854e+15	1.1410992e-04
8.1285709e+06	2.1167691e+02	3.8656351e+15	1.1297451e-04
8.1393501e+06	2.1167691e+02	3.8271714e+15	1.1185039e-04
8.1501293e+06	2.1167691e+02	3.7890904e+15	1.1073746e-04
8.1609084e+06	2.1167691e+02	3.7513884e+15	1.0963561e-04
8.1716876e+06	2.1167691e+02	3.7140614e+15	1.0854472e-04
8.1824668e+06	2.1167691e+02	3.6771059e+15	1.0746468e-04
8.1932459e+06	2.1167691e+02	3.6405181e+15	1.0639539e-04
8.2040251e+06	2.1167691e+02	3.6042943e+15	1.0533673e-04
8.2148042e+06	2.1167691e+02	3.5684310e+15	1.0428862e-04
8.2255834e+06	2.1167691e+02	3.5329245e+15	1.0325093e-04
8.2363626e+06	2.1167691e+02	3.4977713e+15	1.0222356e-04
8.2471417e+06	2.1167691e+02	3.4629679e+15	1.0120642e-04
8.2579209e+06	2.1167691e+02	3.4285108e+15	1.0019940e-04
8.2687001e+06	2.1167691e+02	3.3943966e+15	9.9202401e-05
8.2794792e+06	2.1167691e+02	3.3606217e+15	9.8215321e-05
8.2902584e+06	2.1167691e+02	3.3271830e+15	9.7238062e-05
8.3010375e+06	2.1167691e+02	3.2940770e+15	9.6270527e-05
8.3118167e+06	2.1167691e+02	3.2613004e+15	9.5312619e-05
8.3225959e+06	2.1167691e+02	3.2288499e+15	9.4364243e-05
8.3333750e+06	2.1167691e+02	3.1967223e+15	9.3425303e-05
8.3441542e+06	2.1167691e+02	3.1649144e+15	9.2495706e-05
8.3549333e+06	2.1167691e+02	3.1334230e+15	9.1575358e-05
8.3657125e+06	2.1167691e+02	3.1022449e+15	9.0664168e-05
8.3764917e+06	2.1167691e+02	3.0713770e+15	8.9762044e-05
8.3872708e+06	2.1167691e+02	3.0408163e+15	8.8868897e-05
8.3980500e+06	2.1167691e+02	3.0105597e+15	8.7984637e-05
8.4088292e+06	2.1167691e+02	2.9806041e+15	8.7109175e-05
8.4196083e+06	2.1167691e+02	2.9509466e+15	8.6242424e-05
8.4303875e+06	2.1167691e+02	2.9215842e+15	8.5384298e-05
8.4411666e+06	2.1167691e+02	2.8925139e+15	8.4534710e-05
8.4519458e+06	2.1167691e+02	2.8637330e+15	8.3693575e-05
8.4627250e+06	2.1167691e+02	2.8352383e+15	8.2860810e-05
8.4735041e+06	2.1167691e+02	2.8070272e+15	8.2036332e-05
8.4842833e+06	2.1167691e+02	2.7790969e+15	8.1220056e-05
8.4950624e+06	2.1167691e+02	2.7514444e+15	8.0411903e-05
8.5058416e+06	2.1167691e+02	2.7240670e+15	7.9611792e-05
8.5166208e+06	2.1167691e+02	2.6969621e+15	7.8819641e-05
8.5273999e+06	2.1167691e+02	2.6701269e+15	7.8035372e-05
8.5381791e+06	2.1167691e+02	2.6435587e+15	7.7258908e-05
8.5489583e+06	2.1167691e+02	2.6172549e+15	7.6490169e-05
8.5597374e+06	2.1167691e+02	2.5912127e+15	7.5729079e-05
8.5705166e+06	2.1167691e+02	2.5654297e+15	7.4975562e-05
8.5812957e+06	2.1167691e+02	2.5399033e+15	7.4229542e-05
8.5920749e+06	2.1167691e+02	2.5146308e+15	7.3490946e-05
8.6028541e+06	2.1167691e+02	2.4896098e+15	7.2759699e-05
8.6136332e+06	2.1167691e+02	2.4648378e+15	7.2035728e-05
8.6244124e+06	2.1167691e+02	2.4403122e+15	7.1318960e-05
8.6351915e+06	2.1167691e+02	2.4160307e+15	7.0609325e-05
8.6459707e+06	2.1167691e+02	2.3919908e+15	6.9906750e-05
8.6567499e+06	2.1167691e+02	2.3681901e+15	6.9211167e-05
8.6675290e+06	2.1167691e+02	2.3446262e+15	6.8522504e-05
8.6783082e+06	2.1167691e+02	2.3212968e+15	6.7840694e-05
8.6890874e+06	2.1167691e+02	2.2981995e+15	6.7165668e-05
8.6998665e+06	2.1167691e+02	2.2753321e+15	6.6497358e-05
8.7106457e+06	2.1167691e+02	2.2526921e+15	6.5835698e-05
8.7214248e+06	2.1167691e+02	2.2302775e+15	6.5180622e-05
8.7322040e+06	2.1167691e+02	2.2080858e+15	6.4532064e-05
8.7429832e+06	2.1167691e+02	2.1861150e+15	6.3889959e-05
8.7537623e+06	2.1167691e+02	2.1643628e+15	6.3254244e-05
8.7645415e+06	2.1167691e+02	2.1428270e+15	6.2624853e-05
8.7753206e+06	2.1167691e+02	2.1215055e+15	6.2001726e-05
8.7860998e+06	2.1167691e+02	2.1003962e+15	6.1384798e-05
8.7968790e+06	2.1167691e+02	2.0794969e+15	6.0774009e-05
8.8076581e+06	2.1167691e+02	2.0588056e+15	6.0169298e-05
8.8184373e+06	2.1167691e+02	2.0383201e+15	5.9570603e-05
8.8292165e+06	2.1167691e+02	2.0180385e+15	5.8977866e-05
8.8399956e+06	2.1167691e+02	1.9979587e+15	5.8391026e-05
8.8507748e+06	2.1167691e+02	1.9780787e+15	5.7810026e-05
8.8615539e+06	2.1167691e+02	1.9583965e+15	5.7234806e-05
8.8723331e+06	2.1167691e+02	1.9389101e+15	5.6665311e-05
8.8831123e+06	2.1167691e+02	1.9196176e+15	5.6101481e-05
8.8938914e+06	2.1167691e+02	1.9005171e+15	5.5543262e-05
8.9046706e+06	2.1167691e+02	1.8816066e+15	5.4990598e-05
8.9154497e+06	2.1167691e+02	1.8628843e+15	5.4443432e-05
8.9262289e+06	2.1167691e+02	1.8443483e+15	5.3901711e-05
8.9370081e+06	2.1167691e+02	1.8259967e+15	5.3365380e-05
8.9477872e+06	2.1167691e+02	1.8078278e+15	5.2834385e-05
8.9585664e+06	2.1167691e+02	1.7898396e+15	5.2308674e-05
8.9693456e+06	2.1167691e+02	1.7720304e+15	5.1788194e-05
8.9801247e+06	2.1167691e+02	1.7543984e+15	5.1272893e-05
8.9909039e+06	2.1167691e+02	1.7369418e+15	5.0762719e-05
9.0016830e+06	2.1167691e+02	1.7196590e+15	5.0257622e-05
9.0124622e+06	2.1167691e+02	1.7025481e+15	4.9757550e-05
9.0232414e+06	2.1167691e+02	1.6856074e+15	4.9262454e-05
9.0340205e+06	2.1167691e+02	1.6688354e+15	4.8772285e-05
9.0447997e+06	2.1167691e+02	1.6522302e+15	4.8286992e-05
9.0555789e+06	2.1167691e+02	1.6357902e+15	4.7806529e-05
9.0663580e+06	2.1167691e+02	1.6195138e+15	4.7330846e-05
9.0771372e+06	2.1167691e+02	1.6033994e+15	4.6859896e-05
9.0879163e+06	2.1167691e+02	1.5874453e+15	4.6393632e-05
9.0986955e+06	2.1167691e+02	1.5716500e+15	4.5932008e-05
9.1094747e+06	2.1167691e+02	1.5560118e+15	4.5474977e-05
9.1202538e+06	2.1167691e+02	1.5405292e+15	4.5022493e-05
9.1310330e+06	2.1167691e+02	1.5252007e+15	4.4574512e-05
9.1418121e+06	2.1167691e+02	1.5100247e+15	4.4130988e-05
9.1525913e+06	2.1167691e+02	1.4949997e+15	4.3691878e-05
9.1633705e+06	2.1167691e+02	1.4801242e+15	4.3257136e-05
9.1741496e+06	2.1167691e+02	1.4653967e+15	4.2826720e-05
9.1849288e+06	2.1167691e+02	1.4508158e+15	4.2400587e-05
9.1957080e+06	2.1167691e+02	1.4363799e+15	4.1978695e-05
9.2064871e+06	2.1167691e+02	1.4220877e+15	4.1561000e-05
9.2172663e+06	2.1167691e+02	1.4079377e+15	4.1147461e-05
9.2280454e+06	2.1167691e+02	1.3939285e+15	4.0738037e-05
9.2388246e+06	2.1167691e+02	1.3800587e+15	4.0332686e-05
9.2496038e+06	2.1167691e+02	1.3663268e+15	3.9931369e-05
9.2603829e+06	2.1167691e+02	1.3527317e+15	3.9534046e-05
9.2711621e+06	2.1167691e+02	1.3392718e+15	3.9140675e-05
9.2819412e+06	2.1167691e+02	1.3259458e+15	3.8751219e-05
9.2927204e+06	2.1167691e+02	1.3127524e+15	3.8365638e-05
9.3034996e+06	2.1167691e+02	1.2996903e+15	3.7983894e-05
9.3142787e+06	2.1167691e+02	1.2867582e+15	3.7605948e-05
9.3250579e+06	2.1167691e+02	1.2739547e+15	3.7231762e-05
9.3358371e+06	2.1167691e+02	1.2612786e+15	3.6861300e-05
9.3466162e+06	2.1167691e+02	1.2487287e+15	3.6494524e-05
9.3573954e+06	2.1167691e+02	1.2363037e+15	3.6131397e-05
9.3681745e+06	2.1167691e+02	1.2240022e+15	3.5771884e-05
9.3789537e+06	2.1167691e+02	1.2118232e+15	3.5415948e-05
9.3897329e+06	2.1167691e+02	1.1997654e+15	3.5063553e-05
9.4005120e+06	2.1167691e+02	1.1878275e+15	3.4714665e-05
9.4112912e+06	2.1167691e+02	1.1760084e+15	3.4369248e-05
9.4220703e+06	2.1167691e+02	1.1643069e+15	3.4027268e-05
9.4328495e+06	2.1167691e+02	1.1527219e+15	3.3688691e-05
9.4436287e+06	2.1167691e+02	1.1412521e+15	3.3353483e-05
9.4544078e+06	2.1167691e+02	1.1298965e+15	3.3021611e-05
9.4651870e+06	2.1167691e+02	1.1186538e+15	3.2693040e-05
9.4759662e+06	2.1167691e+02	1.1075230e+15	3.2367739e-05
9.4867453e+06	2.1167691e+02	1.0965030e+15	3.2045675e-05
9.4975245e+06	2.1167691e+02	1.0855926e+15	3.1726815e-05
9.5083036e+06	2.1167691e+02	1.0747908e+15	3.1411128e-05
9.5190828e+06	2.1167691e+02	1.0640964e+15	3.1098582e-05
9.5298620e+06	2.1167691e+02	1.0535085e+15	3.0789146e-05
9.5406411e+06	2.1167691e+02	1.0430259e+15	3.0482789e-05
9.5514203e+06	2.1167691e+02	1.0326476e+15	3.0179480e-05
9.5621994e+06	2.1167691e+02	1.0223726e+15	2.9879189e-05
9.5729786e+06	2.1167691e+02	1.0121998e+15	2.9581886e-05
9.5837578e+06	2.1167691e+02	1.0021283e+15	2.9287541e-05
9.5945369e+06	2.1167691e+02	9.9215692e+14	2.8996125e-05
9.6053161e+06	2.1167691e+02	9.8228479e+14	2.8707609e-05
9.6160953e+06	2.1167691e+02	9.7251090e+14	2.8421964e-05
9.6268744e+06	2.1167691e+02	9.6283425e+14	2.8139160e-05
9.6376536e+06	2.1167691e+02	9.5325389e+14	2.7859171e-05
9.6484327e+06	2.1167691e+02	9.4376886e+14	2.7581968e-05
9.6592119e+06	2.1167691e+02	9.3437820e+14	2.7307523e-05
9.6699911e+06	2.1167691e+02	9.2508098e+14	2.7035808e-05
9.6807702e+06	2.1167691e+02	9.1587627e+14	2.6766797e-05
9.6915494e+06	2.1167691e+02	9.0676315e+14	2.6500463e-05
9.7023286e+06	2.1167691e+02	8.9774071e+14	2.6236779e-05
9.7131077e+06	2.1167691e+02	8.8880804e+14	2.5975719e-05
9.7238869e+06	2.1167691e+02	8.7996425e+14	2.5717256e-05
9.7346660e+06	2.1167691e+02	8.7120846e+14	2.5461365e-05
9.7454452e+06	2.1167691e+02	8.6253979e+14	2.5208020e-05
9.7562244e+06	2.1167691e+02	8.5395737e+14	2.4957196e-05
9.7670035e+06	2.1167691e+02	8.4546036e+14	2.4708868e-05
9.7777827e+06	2.1167691e+02	8.3704789e+14	2.4463011e-05
9.7885618e+06	2.1167691e+02	8.2871912e+14	2.4219600e-05
9.7993410e+06	2.1167691e+02	8.2047323e+14	2.3978611e-05
9.8101202e+06	2.1167691e+02	8.1230938e+14	2.3740020e-05
9.8208993e+06	2.1167691e+02	8.0422677e+14	2.3503803e-05
9.8316785e+06	2.1167691e+02	7.9622458e+14	2.3269936e-05
9.8424577e+06	2.1167691e+02	7.8830201e+14	2.3038396e-05
9.8532368e+06	2.1167691e+02	7.8045828e+14	2.2809160e-05
9.8640160e+06	2.1167691e+02	7.7269259e+14	2.2582205e-05
9.8747951e+06	2.1167691e+02	7.6500417e+14	2.2357509e-05
9.8855743e+06	2.1167691e+02	7.5739225e+14	2.2135048e-05
9.8963535e+06	2.1167691e+02	7.4985607e+14	2.1914800e-05
9.9071326e+06	2.1167691e+02	7.4239488e+14	2.1696744e-05
9.9179118e+06	2.1167691e+02	7.3500792e+14	2.1480858e-05
9.9286909e+06	2.1167691e+02	7.2769447e+14	2.1267120e-05
9.9394701e+06	2.1167691e+02	7.2045379e+14	2.1055509e-05
9.9502493e+06	2.1167691e+02	7.1328516e+14	2.0846003e-05
9.9610284e+06	2.1167691e+02	7.0618785e+14	2.0638582e-05
9.9718076e+06	2.1167691e+02	6.9916116e+14	2.0433224e-05
9.9825868e+06	2.1167691e+02	6.9220439e+14	2.0229910e-05
9.9933659e+06	2.1167691e+02	6.8531685e+14	2.0028619e-05
1.0004145e+07	2.1167691e+02	6.7849783e+14	1.9829331e-05
1.0014924e+07	2.1167691e+02	6.7174666e+14	1.9632026e-05
1.0025703e+07	2.1167691e+02	6.6506267e+14	1.9436684e-05
1.0036483e+07	2.1167691e+02	6.5844519e+14	1.9243286e-05
1.0047262e+07	2.1167691e+02	6.5189355e+14	1.9051812e-05
1.0058041e+07	2.1167691e+02	6.4540710e+14	1.8862243e-05
1.0068820e+07	2.1167691e+02	6.3898519e+14	1.8674561e-05
1.0079599e+07	2.1167691e+02	6.3262718e+14	1.8488746e-05
1.0090378e+07	2.1167691e+02	6.2633244e+14	1.8304780e-05
1.0101158e+07	2.1167691e+02	6.2010033e+14	1.8122644e-05
1.0111937e+07	2.1167691e+02	6.1393022e+14	1.7942321e-05
1.0122716e+07	2.1167691e+02	6.0782152e+14	1.7763792e-05
1.0133495e+07	2.1167691e+02	6.0177359e+14	1.7587039e-05
1.0144274e+07	2.1167691e+02	5.9578584e+14	1.7412045e-05
1.0155053e+07	2.1167691e+02	5.8985768e+14	1.7238792e-05
1.0165833e+07	2.1167691e+02	5.8398849e+14	1.7067264e-05
1.0176612e+07	2.1167691e+02	5.7817771e+14	1.6897441e-05
1.0187391e+07	2.1167691e+02	5.7242475e+14	1.6729309e-05
1.0198170e+07	2.1167691e+02	5.6672903e+14	1.6562850e-05
1.0208949e+07	2.1167691e+02	5.6108998e+14	1.6398047e-05
1.0219728e+07	2.1167691e+02	5.5550704e+14	1.6234883e-05
1.0230507e+07	2.1167691e+02	5.4997965e+14	1.6073344e-05
1.0241287e+07	2.1167691e+02	5.4450726e+14	1.5913411e-05
1.0252066e+07	2.1167691e+02	5.3908932e+14	1.5755070e-05
1.0262845e+07	2.1167691e+02	5.3372530e+14	1.5598304e-05
1.0273624e+07	2.1167691e+02	5.2841464e+14	1.5443099e-05
1.0284403e+07	2.1167691e+02	5.2315683e+14	1.5289437e-05
1.0295182e+07	2.1167691e+02	5.1795133e+14	1.5137305e-05
1.0305962e+07	2.1167691e+02	5.1279763e+14	1.4986686e-05
1.0316741e+07	2.1167691e+02	5.0769521e+14	1.4837566e-05
1.0327520e+07	2.1167691e+02	5.0264355e+14	1.4689930e-05
1.0338299e+07	2.1167691e+02	4.9764217e+14	1.4543763e-05
1.0349078e+07	2.1167691e+02	4.9269055e+14	1.4399050e-05
1.0359857e+07	2.1167691e+02	4.8778819e+14	1.4255777e-05
1.0370637e+07	2.1167691e+02	4.8293462e+14	1.4113929e-05
1.0381416e+07	2.1167691e+02	4.7812934e+14	1.3973494e-05
1.0392195e+07	2.1167691e+02	4.7337187e+14	1.3834455e-05
1.0402974e+07	2.1167691e+02	4.6866174e+14	1.3696800e-05
1.0413753e+07	2.1167691e+02	4.6399848e+14	1.3560514e-05
1.0424532e+07	2.1167691e+02	4.5938162e+14	1.3425585e-05
1.0435312e+07	2.1167691e+02	4.5481070e+14	1.3291998e-05
1.0446091e+07	2.1167691e+02	4.5028525e+14	1.3159741e-05
1.0456870e+07	2.1167691e+02	4.4580484e+14	1.3028799e-05
1.0467649e+07	2.1167691e+02	4.4136901e+14	1.2899160e-05
1.0478428e+07	2.1167691e+02	4.3697731e+14	1.2770812e-05
1.0489207e+07	2.1167691e+02	4.3262932e+14	1.2643740e-05
1.0499987e+07	2.1167691e+02	4.2832458e+14	1.2517933e-05
1.0510766e+07	2.1167691e+02	4.2406268e+14	1.2393377e-05
1.0521545e+07	2.1167691e+02	4.1984319e+14	1.2270061e-05
1.0532324e+07	2.1167691e+02	4.1566568e+14	1.2147972e-05
1.0543103e+07	2.1167691e+02	4.1152974e+14	1.2027097e-05
1.0553882e+07	2.1167691e+02	4.0743495e+14	1.1907426e-05
1.0564661e+07	2.1167691e+02	4.0338090e+14	1.1788945e-05
1.0575441e+07	2.1167691e+02	3.9936719e+14	1.1671643e-05
1.0586220e+07	2.1167691e+02	3.9539342e+14	1.1555508e-05
1.0596999e+07	2.1167691e+02	3.9145919e+14	1.1440529e-05
1.0607778e+07	2.1167691e+02	3.8756411e+14	1.1326694e-05
1.0618557e+07	2.1167691e+02	3.8370778e+14	1.1213991e-05
1.0629336e+07	2.1167691e+02	3.7988983e+14	1.1102410e-05
1.0640116e+07	2.1167691e+02	3.7610986e+14	1.0991939e-05
1.0650895e+07	2.1167691e+02	3.7236750e+14	1.0882568e-05
1.0661674e+07	2.1167691e+02	3.6866239e+14	1.0774284e-05
1.0672453e+07	2.1167691e+02	3.6499413e+14	1.0667078e-05
1.0683232e+07	2.1167691e+02	3.6136238e+14	1.0560939e-05
1.0694011e+07	2.1167691e+02	3.5776677e+14	1.0455856e-05
1.0704791e+07	2.1167691e+02	3.5420693e+14	1.0351819e-05
1.0715570e+07	2.1167691e+02	3.5068251e+14	1.0248816e-05
1.0726349e+07	2.1167691e+02	3.4719316e+14	1.0146839e-05
1.0737128e+07	2.1167691e+02	3.4373853e+14	1.0045876e-05
1.0747907e+07	2.1167691e+02	3.4031827e+14	9.9459180e-06
1.0758686e+07	2.1167691e+02	3.3693205e+14	9.8469545e-06
1.0769466e+07	2.1167691e+02	3.3357952e+14	9.7489756e-06
1.0780245e+07	2.1167691e+02	3.3026035e+14	9.6519717e-06
1.0791024e+07	2.1167691e+02	3.2697420e+14	9.5559330e-06
1.0801803e+07	2.1167691e+02	3.2372076e+14	9.4608499e-06
1.0812582e+07	2.1167691e+02	3.2049968e+14	9.3667128e-06
1.0823361e+07	2.1167691e+02	3.1731066e+14	9.2735125e-06
1.0834141e+07	2.1167691e+02	3.1415336e+14	9.1812395e-06
1.0844920e+07	2.1167691e+02	3.1102748e+14	9.0898846e-06
1.0855699e+07	2.1167691e+02	3.0793271e+14	8.9994388e-06
1.0866478e+07	2.1167691e+02	3.0486873e+14	8.9098929e-06
1.0877257e+07	2.1167691e+02	3.0183523e+14	8.8212379e-06
1.0888036e+07	2.1167691e+02	2.9883192e+14	8.7334652e-06
1.0898815e+07	2.1167691e+02	2.9585849e+14	8.6465657e-06
1.0909595e+07	2.1167691e+02	2.9291465e+14	8.5605310e-06
1.0920374e+07	2.1167691e+02	2.9000010e+14	8.4753523e-06
1.0931153e+07	2.1167691e+02	2.8711455e+14	8.3910211e-06
1.0941932e+07	2.1167691e+02	2.8425772e+14	8.3075290e-06
