# Formed from form_atmospheric_profiles_paper_model.py
# Z (cm)	T (K)	DEN (cm**-3)	P (bar)
0.0000000e+00	2.5000000e+02	5.8164239e+18	2.0076231e-01
1.2715405e+04	2.4940056e+02	5.7713422e+18	1.9872859e-01
2.5400322e+04	2.4880256e+02	5.7266567e+18	1.9671709e-01
3.8054824e+04	2.4820599e+02	5.6823618e+18	1.9472748e-01
5.0678983e+04	2.4761085e+02	5.6384518e+18	1.9275944e-01
6.3272872e+04	2.4701714e+02	5.5949214e+18	1.9081266e-01
7.5836564e+04	2.4642485e+02	5.5517654e+18	1.8888684e-01
8.8370131e+04	2.4583398e+02	5.5089785e+18	1.8698170e-01
1.0087365e+05	2.4524453e+02	5.4665559e+18	1.8509694e-01
1.1334718e+05	2.4465649e+02	5.4244927e+18	1.8323228e-01
1.2579081e+05	2.4406986e+02	5.3827844e+18	1.8138746e-01
1.3820459e+05	2.4348464e+02	5.3414263e+18	1.7956220e-01
1.5058862e+05	2.4290082e+02	5.3004140e+18	1.7775625e-01
1.6294295e+05	2.4231840e+02	5.2597432e+18	1.7596936e-01
1.7526765e+05	2.4173738e+02	5.2194098e+18	1.7420127e-01
1.8756281e+05	2.4115775e+02	5.1794096e+18	1.7245175e-01
1.9982848e+05	2.4057951e+02	5.1397387e+18	1.7072055e-01
2.1206475e+05	2.4000266e+02	5.1003933e+18	1.6900744e-01
2.2427167e+05	2.3942719e+02	5.0613695e+18	1.6731221e-01
2.3644933e+05	2.3885310e+02	5.0226637e+18	1.6563461e-01
2.4859778e+05	2.3828039e+02	4.9842722e+18	1.6397444e-01
2.6071711e+05	2.3770905e+02	4.9461917e+18	1.6233149e-01
2.7280738e+05	2.3713908e+02	4.9084186e+18	1.6070553e-01
2.8486866e+05	2.3657048e+02	4.8709496e+18	1.5909638e-01
2.9690101e+05	2.3600324e+02	4.8337815e+18	1.5750382e-01
3.0890452e+05	2.3543736e+02	4.7969111e+18	1.5592766e-01
3.2087925e+05	2.3487283e+02	4.7603352e+18	1.5436770e-01
3.3282526e+05	2.3430966e+02	4.7240508e+18	1.5282376e-01
3.4474263e+05	2.3374784e+02	4.6880549e+18	1.5129564e-01
3.5663142e+05	2.3318737e+02	4.6523446e+18	1.4978317e-01
3.6849171e+05	2.3262825e+02	4.6169170e+18	1.4828616e-01
3.8032356e+05	2.3207046e+02	4.5817693e+18	1.4680444e-01
3.9212704e+05	2.3151401e+02	4.5468987e+18	1.4533783e-01
4.0390222e+05	2.3095889e+02	4.5123027e+18	1.4388616e-01
4.1564916e+05	2.3040511e+02	4.4779784e+18	1.4244926e-01
4.2736794e+05	2.2985265e+02	4.4439233e+18	1.4102697e-01
4.3905862e+05	2.2930152e+02	4.4101349e+18	1.3961913e-01
4.5072127e+05	2.2875171e+02	4.3766106e+18	1.3822556e-01
4.6235595e+05	2.2820322e+02	4.3433481e+18	1.3684613e-01
4.7396273e+05	2.2765604e+02	4.3103448e+18	1.3548066e-01
4.8554169e+05	2.2711017e+02	4.2775984e+18	1.3412901e-01
4.9709288e+05	2.2656562e+02	4.2451066e+18	1.3279102e-01
5.0861638e+05	2.2602237e+02	4.2128670e+18	1.3146655e-01
5.2011224e+05	2.2548042e+02	4.1808775e+18	1.3015546e-01
5.3158054e+05	2.2493977e+02	4.1491357e+18	1.2885759e-01
5.4302134e+05	2.2440042e+02	4.1176395e+18	1.2757280e-01
5.5443471e+05	2.2386236e+02	4.0863868e+18	1.2630096e-01
5.6582071e+05	2.2332559e+02	4.0553754e+18	1.2504193e-01
5.7717942e+05	2.2279011e+02	4.0246032e+18	1.2379556e-01
5.8851088e+05	2.2225591e+02	3.9940681e+18	1.2256173e-01
5.9981518e+05	2.2172299e+02	3.9637682e+18	1.2134031e-01
6.1109237e+05	2.2119136e+02	3.9337014e+18	1.2013115e-01
6.2234252e+05	2.2066099e+02	3.9038657e+18	1.1893414e-01
6.3356570e+05	2.2013190e+02	3.8742592e+18	1.1774915e-01
6.4476196e+05	2.1960407e+02	3.8448800e+18	1.1657604e-01
6.5593138e+05	2.1907752e+02	3.8157261e+18	1.1541470e-01
6.6707402e+05	2.1855222e+02	3.7867957e+18	1.1426500e-01
6.7818994e+05	2.1802818e+02	3.7580870e+18	1.1312682e-01
6.8927920e+05	2.1750540e+02	3.7295980e+18	1.1200004e-01
7.0034188e+05	2.1698388e+02	3.7013271e+18	1.1088455e-01
7.1137803e+05	2.1646360e+02	3.6732723e+18	1.0978023e-01
7.2238772e+05	2.1594457e+02	3.6454320e+18	1.0868695e-01
7.3337101e+05	2.1542679e+02	3.6178044e+18	1.0760462e-01
7.4432797e+05	2.1491025e+02	3.5903878e+18	1.0653311e-01
7.5525865e+05	2.1439494e+02	3.5631804e+18	1.0547231e-01
7.6616313e+05	2.1388088e+02	3.5361807e+18	1.0442212e-01
7.7704146e+05	2.1336804e+02	3.5093868e+18	1.0338243e-01
7.8789370e+05	2.1285643e+02	3.4827972e+18	1.0235312e-01
7.9871992e+05	2.1234605e+02	3.4564103e+18	1.0133410e-01
8.0952019e+05	2.1183690e+02	3.4302244e+18	1.0032525e-01
8.2029935e+05	2.1167691e+02	3.3986563e+18	9.9326892e-02
8.3107851e+05	2.1167691e+02	3.3648391e+18	9.8338573e-02
8.4185767e+05	2.1167691e+02	3.3313584e+18	9.7360088e-02
8.5263684e+05	2.1167691e+02	3.2982108e+18	9.6391339e-02
8.6341600e+05	2.1167691e+02	3.2653930e+18	9.5432229e-02
8.7419516e+05	2.1167691e+02	3.2329018e+18	9.4482662e-02
8.8497432e+05	2.1167691e+02	3.2007339e+18	9.3542544e-02
8.9575348e+05	2.1167691e+02	3.1688861e+18	9.2611780e-02
9.0653264e+05	2.1167691e+02	3.1373551e+18	9.1690278e-02
9.1731181e+05	2.1167691e+02	3.1061379e+18	9.0777944e-02
9.2809097e+05	2.1167691e+02	3.0752313e+18	8.9874688e-02
9.3887013e+05	2.1167691e+02	3.0446323e+18	8.8980420e-02
9.4964929e+05	2.1167691e+02	3.0143377e+18	8.8095050e-02
9.6042845e+05	2.1167691e+02	2.9843445e+18	8.7218490e-02
9.7120761e+05	2.1167691e+02	2.9546498e+18	8.6350651e-02
9.8198678e+05	2.1167691e+02	2.9252505e+18	8.5491448e-02
9.9276594e+05	2.1167691e+02	2.8961438e+18	8.4640794e-02
1.0035451e+06	2.1167691e+02	2.8673267e+18	8.3798604e-02
1.0143243e+06	2.1167691e+02	2.8387963e+18	8.2964794e-02
1.0251034e+06	2.1167691e+02	2.8105498e+18	8.2139281e-02
1.0358826e+06	2.1167691e+02	2.7825844e+18	8.1321981e-02
1.0466617e+06	2.1167691e+02	2.7548972e+18	8.0512814e-02
1.0574409e+06	2.1167691e+02	2.7274855e+18	7.9711698e-02
1.0682201e+06	2.1167691e+02	2.7003466e+18	7.8918553e-02
1.0789992e+06	2.1167691e+02	2.6734777e+18	7.8133301e-02
1.0897784e+06	2.1167691e+02	2.6468762e+18	7.7355861e-02
1.1005576e+06	2.1167691e+02	2.6205393e+18	7.6586158e-02
1.1113367e+06	2.1167691e+02	2.5944645e+18	7.5824113e-02
1.1221159e+06	2.1167691e+02	2.5686491e+18	7.5069650e-02
1.1328950e+06	2.1167691e+02	2.5430907e+18	7.4322695e-02
1.1436742e+06	2.1167691e+02	2.5177865e+18	7.3583171e-02
1.1544534e+06	2.1167691e+02	2.4927341e+18	7.2851007e-02
1.1652325e+06	2.1167691e+02	2.4679310e+18	7.2126127e-02
1.1760117e+06	2.1167691e+02	2.4433746e+18	7.1408460e-02
1.1867908e+06	2.1167691e+02	2.4190627e+18	7.0697934e-02
1.1975700e+06	2.1167691e+02	2.3949926e+18	6.9994478e-02
1.2083492e+06	2.1167691e+02	2.3711620e+18	6.9298021e-02
1.2191283e+06	2.1167691e+02	2.3475686e+18	6.8608494e-02
1.2299075e+06	2.1167691e+02	2.3242099e+18	6.7925828e-02
1.2406867e+06	2.1167691e+02	2.3010836e+18	6.7249955e-02
1.2514658e+06	2.1167691e+02	2.2781874e+18	6.6580807e-02
1.2622450e+06	2.1167691e+02	2.2555191e+18	6.5918317e-02
1.2730241e+06	2.1167691e+02	2.2330763e+18	6.5262418e-02
1.2838033e+06	2.1167691e+02	2.2108568e+18	6.4613047e-02
1.2945825e+06	2.1167691e+02	2.1888584e+18	6.3970136e-02
1.3053616e+06	2.1167691e+02	2.1670789e+18	6.3333623e-02
1.3161408e+06	2.1167691e+02	2.1455161e+18	6.2703442e-02
1.3269199e+06	2.1167691e+02	2.1241679e+18	6.2079533e-02
1.3376991e+06	2.1167691e+02	2.1030320e+18	6.1461831e-02
1.3484783e+06	2.1167691e+02	2.0821065e+18	6.0850276e-02
1.3592574e+06	2.1167691e+02	2.0613892e+18	6.0244805e-02
1.3700366e+06	2.1167691e+02	2.0408781e+18	5.9645359e-02
1.3808158e+06	2.1167691e+02	2.0205710e+18	5.9051878e-02
1.3915949e+06	2.1167691e+02	2.0004660e+18	5.8464302e-02
1.4023741e+06	2.1167691e+02	1.9805610e+18	5.7882573e-02
1.4131532e+06	2.1167691e+02	1.9608541e+18	5.7306631e-02
1.4239324e+06	2.1167691e+02	1.9413433e+18	5.6736421e-02
1.4347116e+06	2.1167691e+02	1.9220266e+18	5.6171884e-02
1.4454907e+06	2.1167691e+02	1.9029021e+18	5.5612965e-02
1.4562699e+06	2.1167691e+02	1.8839679e+18	5.5059606e-02
1.4670491e+06	2.1167691e+02	1.8652221e+18	5.4511754e-02
1.4778282e+06	2.1167691e+02	1.8466628e+18	5.3969353e-02
1.4886074e+06	2.1167691e+02	1.8282882e+18	5.3432349e-02
1.4993865e+06	2.1167691e+02	1.8100965e+18	5.2900688e-02
1.5101657e+06	2.1167691e+02	1.7920857e+18	5.2374318e-02
1.5209449e+06	2.1167691e+02	1.7742541e+18	5.1853184e-02
1.5317240e+06	2.1167691e+02	1.7566000e+18	5.1337237e-02
1.5425032e+06	2.1167691e+02	1.7391216e+18	5.0826423e-02
1.5532823e+06	2.1167691e+02	1.7218170e+18	5.0320691e-02
1.5640615e+06	2.1167691e+02	1.7046846e+18	4.9819992e-02
1.5748407e+06	2.1167691e+02	1.6877227e+18	4.9324275e-02
1.5856198e+06	2.1167691e+02	1.6709296e+18	4.8833490e-02
1.5963990e+06	2.1167691e+02	1.6543036e+18	4.8347589e-02
1.6071782e+06	2.1167691e+02	1.6378430e+18	4.7866522e-02
1.6179573e+06	2.1167691e+02	1.6215462e+18	4.7390242e-02
1.6287365e+06	2.1167691e+02	1.6054115e+18	4.6918702e-02
1.6395156e+06	2.1167691e+02	1.5894374e+18	4.6451853e-02
1.6502948e+06	2.1167691e+02	1.5736223e+18	4.5989649e-02
1.6610740e+06	2.1167691e+02	1.5579645e+18	4.5532044e-02
1.6718531e+06	2.1167691e+02	1.5424625e+18	4.5078993e-02
1.6826323e+06	2.1167691e+02	1.5271147e+18	4.4630449e-02
1.6934114e+06	2.1167691e+02	1.5119196e+18	4.4186369e-02
1.7041906e+06	2.1167691e+02	1.4968758e+18	4.3746707e-02
1.7149698e+06	2.1167691e+02	1.4819816e+18	4.3311420e-02
1.7257489e+06	2.1167691e+02	1.4672357e+18	4.2880465e-02
1.7365281e+06	2.1167691e+02	1.4526364e+18	4.2453797e-02
1.7473073e+06	2.1167691e+02	1.4381825e+18	4.2031374e-02
1.7580864e+06	2.1167691e+02	1.4238723e+18	4.1613155e-02
1.7688656e+06	2.1167691e+02	1.4097045e+18	4.1199097e-02
1.7796447e+06	2.1167691e+02	1.3956777e+18	4.0789160e-02
1.7904239e+06	2.1167691e+02	1.3817905e+18	4.0383301e-02
1.8012031e+06	2.1167691e+02	1.3680415e+18	3.9981480e-02
1.8119822e+06	2.1167691e+02	1.3544292e+18	3.9583658e-02
1.8227614e+06	2.1167691e+02	1.3409524e+18	3.9189794e-02
1.8335405e+06	2.1167691e+02	1.3276097e+18	3.8799849e-02
1.8443197e+06	2.1167691e+02	1.3143998e+18	3.8413784e-02
1.8550989e+06	2.1167691e+02	1.3013213e+18	3.8031560e-02
1.8658780e+06	2.1167691e+02	1.2883729e+18	3.7653140e-02
1.8766572e+06	2.1167691e+02	1.2755534e+18	3.7278485e-02
1.8874364e+06	2.1167691e+02	1.2628614e+18	3.6907558e-02
1.8982155e+06	2.1167691e+02	1.2502958e+18	3.6540321e-02
1.9089947e+06	2.1167691e+02	1.2378551e+18	3.6176739e-02
1.9197738e+06	2.1167691e+02	1.2255382e+18	3.5816775e-02
1.9305530e+06	2.1167691e+02	1.2133439e+18	3.5460392e-02
1.9413322e+06	2.1167691e+02	1.2012710e+18	3.5107555e-02
1.9521113e+06	2.1167691e+02	1.1893181e+18	3.4758229e-02
1.9628905e+06	2.1167691e+02	1.1774842e+18	3.4412379e-02
1.9736696e+06	2.1167691e+02	1.1657680e+18	3.4069970e-02
1.9844488e+06	2.1167691e+02	1.1541685e+18	3.3730968e-02
1.9952280e+06	2.1167691e+02	1.1426843e+18	3.3395339e-02
2.0060071e+06	2.1167691e+02	1.1313144e+18	3.3063050e-02
2.0167863e+06	2.1167691e+02	1.1200576e+18	3.2734067e-02
2.0275655e+06	2.1167691e+02	1.1089129e+18	3.2408358e-02
2.0383446e+06	2.1167691e+02	1.0978790e+18	3.2085889e-02
2.0491238e+06	2.1167691e+02	1.0869549e+18	3.1766629e-02
2.0599029e+06	2.1167691e+02	1.0761395e+18	3.1450546e-02
2.0706821e+06	2.1167691e+02	1.0654318e+18	3.1137608e-02
2.0814613e+06	2.1167691e+02	1.0548305e+18	3.0827784e-02
2.0922404e+06	2.1167691e+02	1.0443348e+18	3.0521042e-02
2.1030196e+06	2.1167691e+02	1.0339435e+18	3.0217353e-02
2.1137987e+06	2.1167691e+02	1.0236556e+18	2.9916685e-02
2.1245779e+06	2.1167691e+02	1.0134700e+18	2.9619009e-02
2.1353571e+06	2.1167691e+02	1.0033859e+18	2.9324295e-02
2.1461362e+06	2.1167691e+02	9.9340200e+17	2.9032513e-02
2.1569154e+06	2.1167691e+02	9.8351748e+17	2.8743635e-02
2.1676946e+06	2.1167691e+02	9.7373132e+17	2.8457631e-02
2.1784737e+06	2.1167691e+02	9.6404253e+17	2.8174473e-02
2.1892529e+06	2.1167691e+02	9.5445015e+17	2.7894132e-02
2.2000320e+06	2.1167691e+02	9.4495321e+17	2.7616581e-02
2.2108112e+06	2.1167691e+02	9.3555077e+17	2.7341791e-02
2.2215904e+06	2.1167691e+02	9.2624188e+17	2.7069736e-02
2.2323695e+06	2.1167691e+02	9.1702562e+17	2.6800388e-02
2.2431487e+06	2.1167691e+02	9.0790106e+17	2.6533719e-02
2.2539279e+06	2.1167691e+02	8.9886730e+17	2.6269704e-02
2.2647070e+06	2.1167691e+02	8.8992342e+17	2.6008316e-02
2.2754862e+06	2.1167691e+02	8.8106853e+17	2.5749529e-02
2.2862653e+06	2.1167691e+02	8.7230175e+17	2.5493317e-02
2.2970445e+06	2.1167691e+02	8.6362221e+17	2.5239655e-02
2.3078237e+06	2.1167691e+02	8.5502902e+17	2.4988516e-02
2.3186028e+06	2.1167691e+02	8.4652134e+17	2.4739876e-02
2.3293820e+06	2.1167691e+02	8.3809831e+17	2.4493710e-02
2.3401611e+06	2.1167691e+02	8.2975910e+17	2.4249994e-02
2.3509403e+06	2.1167691e+02	8.2150286e+17	2.4008702e-02
2.3617195e+06	2.1167691e+02	8.1332877e+17	2.3769811e-02
2.3724986e+06	2.1167691e+02	8.0523601e+17	2.3533298e-02
2.3832778e+06	2.1167691e+02	7.9722378e+17	2.3299138e-02
2.3940570e+06	2.1167691e+02	7.8929127e+17	2.3067307e-02
2.4048361e+06	2.1167691e+02	7.8143769e+17	2.2837784e-02
2.4156153e+06	2.1167691e+02	7.7366225e+17	2.2610544e-02
2.4263944e+06	2.1167691e+02	7.6596419e+17	2.2385565e-02
2.4371736e+06	2.1167691e+02	7.5834271e+17	2.2162825e-02
2.4479528e+06	2.1167691e+02	7.5079708e+17	2.1942302e-02
2.4587319e+06	2.1167691e+02	7.4332652e+17	2.1723972e-02
2.4695111e+06	2.1167691e+02	7.3593030e+17	2.1507815e-02
2.4802902e+06	2.1167691e+02	7.2860767e+17	2.1293808e-02
2.4910694e+06	2.1167691e+02	7.2135790e+17	2.1081932e-02
2.5018486e+06	2.1167691e+02	7.1418027e+17	2.0872163e-02
2.5126277e+06	2.1167691e+02	7.0707406e+17	2.0664481e-02
2.5234069e+06	2.1167691e+02	7.0003856e+17	2.0458866e-02
2.5341861e+06	2.1167691e+02	6.9307306e+17	2.0255297e-02
2.5449652e+06	2.1167691e+02	6.8617686e+17	2.0053754e-02
2.5557444e+06	2.1167691e+02	6.7934929e+17	1.9854215e-02
2.5665235e+06	2.1167691e+02	6.7258965e+17	1.9656663e-02
2.5773027e+06	2.1167691e+02	6.6589727e+17	1.9461076e-02
2.5880819e+06	2.1167691e+02	6.5927148e+17	1.9267435e-02
2.5988610e+06	2.1167691e+02	6.5271162e+17	1.9075721e-02
2.6096402e+06	2.1167691e+02	6.4621703e+17	1.8885914e-02
2.6204193e+06	2.1167691e+02	6.3978707e+17	1.8697996e-02
2.6311985e+06	2.1167691e+02	6.3342108e+17	1.8511948e-02
2.6419777e+06	2.1167691e+02	6.2711843e+17	1.8327751e-02
2.6527568e+06	2.1167691e+02	6.2087850e+17	1.8145387e-02
2.6635360e+06	2.1167691e+02	6.1470066e+17	1.7964837e-02
2.6743152e+06	2.1167691e+02	6.0858428e+17	1.7786084e-02
2.6850943e+06	2.1167691e+02	6.0252877e+17	1.7609109e-02
2.6958735e+06	2.1167691e+02	5.9653351e+17	1.7433896e-02
2.7066526e+06	2.1167691e+02	5.9059790e+17	1.7260426e-02
2.7174318e+06	2.1167691e+02	5.8472135e+17	1.7088682e-02
2.7282110e+06	2.1167691e+02	5.7890328e+17	1.6918646e-02
2.7389901e+06	2.1167691e+02	5.7314309e+17	1.6750303e-02
2.7497693e+06	2.1167691e+02	5.6744022e+17	1.6583635e-02
2.7605484e+06	2.1167691e+02	5.6179410e+17	1.6418625e-02
2.7713276e+06	2.1167691e+02	5.5620416e+17	1.6255257e-02
2.7821068e+06	2.1167691e+02	5.5066983e+17	1.6093514e-02
2.7928859e+06	2.1167691e+02	5.4519058e+17	1.5933381e-02
2.8036651e+06	2.1167691e+02	5.3976584e+17	1.5774841e-02
2.8144443e+06	2.1167691e+02	5.3439508e+17	1.5617879e-02
2.8252234e+06	2.1167691e+02	5.2907776e+17	1.5462479e-02
2.8360026e+06	2.1167691e+02	5.2381335e+17	1.5308624e-02
2.8467817e+06	2.1167691e+02	5.1860132e+17	1.5156301e-02
2.8575609e+06	2.1167691e+02	5.1344115e+17	1.5005493e-02
2.8683401e+06	2.1167691e+02	5.0833232e+17	1.4856186e-02
2.8791192e+06	2.1167691e+02	5.0327433e+17	1.4708365e-02
2.8898984e+06	2.1167691e+02	4.9826667e+17	1.4562014e-02
2.9006775e+06	2.1167691e+02	4.9330883e+17	1.4417119e-02
2.9114567e+06	2.1167691e+02	4.8840033e+17	1.4273667e-02
2.9222359e+06	2.1167691e+02	4.8354066e+17	1.4131641e-02
2.9330150e+06	2.1167691e+02	4.7872935e+17	1.3991029e-02
2.9437942e+06	2.1167691e+02	4.7396592e+17	1.3851816e-02
2.9545734e+06	2.1167691e+02	4.6924988e+17	1.3713988e-02
2.9653525e+06	2.1167691e+02	4.6458076e+17	1.3577532e-02
2.9761317e+06	2.1167691e+02	4.5995811e+17	1.3442433e-02
2.9869108e+06	2.1167691e+02	4.5538145e+17	1.3308679e-02
2.9976900e+06	2.1167691e+02	4.5085033e+17	1.3176255e-02
3.0084692e+06	2.1167691e+02	4.4636429e+17	1.3045149e-02
3.0192483e+06	2.1167691e+02	4.4192289e+17	1.2915348e-02
3.0300275e+06	2.1167691e+02	4.3752569e+17	1.2786838e-02
3.0408067e+06	2.1167691e+02	4.3317223e+17	1.2659607e-02
3.0515858e+06	2.1167691e+02	4.2886210e+17	1.2533642e-02
3.0623650e+06	2.1167691e+02	4.2459485e+17	1.2408930e-02
3.0731441e+06	2.1167691e+02	4.2037006e+17	1.2285459e-02
3.0839233e+06	2.1167691e+02	4.1618731e+17	1.2163216e-02
3.0947025e+06	2.1167691e+02	4.1204617e+17	1.2042190e-02
3.1054816e+06	2.1167691e+02	4.0794624e+17	1.1922369e-02
3.1162608e+06	2.1167691e+02	4.0388711e+17	1.1803739e-02
3.1270399e+06	2.1167691e+02	3.9986837e+17	1.1686290e-02
3.1378191e+06	2.1167691e+02	3.9588961e+17	1.1570009e-02
3.1485983e+06	2.1167691e+02	3.9195044e+17	1.1454886e-02
3.1593774e+06	2.1167691e+02	3.8805047e+17	1.1340908e-02
3.1701566e+06	2.1167691e+02	3.8418931e+17	1.1228064e-02
3.1809358e+06	2.1167691e+02	3.8036656e+17	1.1116343e-02
3.1917149e+06	2.1167691e+02	3.7658185e+17	1.1005733e-02
3.2024941e+06	2.1167691e+02	3.7283480e+17	1.0896224e-02
3.2132732e+06	2.1167691e+02	3.6912503e+17	1.0787805e-02
3.2240524e+06	2.1167691e+02	3.6545217e+17	1.0680465e-02
3.2348316e+06	2.1167691e+02	3.6181586e+17	1.0574192e-02
3.2456107e+06	2.1167691e+02	3.5821573e+17	1.0468977e-02
3.2563899e+06	2.1167691e+02	3.5465143e+17	1.0364809e-02
3.2671690e+06	2.1167691e+02	3.5112259e+17	1.0261678e-02
3.2779482e+06	2.1167691e+02	3.4762886e+17	1.0159572e-02
3.2887274e+06	2.1167691e+02	3.4416989e+17	1.0058483e-02
3.2995065e+06	2.1167691e+02	3.4074535e+17	9.9583993e-03
3.3102857e+06	2.1167691e+02	3.3735487e+17	9.8593116e-03
3.3210649e+06	2.1167691e+02	3.3399814e+17	9.7612098e-03
3.3318440e+06	2.1167691e+02	3.3067480e+17	9.6640842e-03
3.3426232e+06	2.1167691e+02	3.2738453e+17	9.5679249e-03
3.3534023e+06	2.1167691e+02	3.2412700e+17	9.4727225e-03
3.3641815e+06	2.1167691e+02	3.2090188e+17	9.3784673e-03
3.3749607e+06	2.1167691e+02	3.1770885e+17	9.2851500e-03
3.3857398e+06	2.1167691e+02	3.1454760e+17	9.1927612e-03
3.3965190e+06	2.1167691e+02	3.1141780e+17	9.1012917e-03
3.4072981e+06	2.1167691e+02	3.0831914e+17	9.0107323e-03
3.4180773e+06	2.1167691e+02	3.0525131e+17	8.9210741e-03
3.4288565e+06	2.1167691e+02	3.0221401e+17	8.8323079e-03
3.4396356e+06	2.1167691e+02	2.9920693e+17	8.7444250e-03
3.4504148e+06	2.1167691e+02	2.9622977e+17	8.6574165e-03
3.4611940e+06	2.1167691e+02	2.9328224e+17	8.5712737e-03
3.4719731e+06	2.1167691e+02	2.9036403e+17	8.4859881e-03
3.4827523e+06	2.1167691e+02	2.8747486e+17	8.4015511e-03
3.4935314e+06	2.1167691e+02	2.8461444e+17	8.3179543e-03
3.5043106e+06	2.1167691e+02	2.8178248e+17	8.2351893e-03
3.5150898e+06	2.1167691e+02	2.7897869e+17	8.1532478e-03
3.5258689e+06	2.1167691e+02	2.7620281e+17	8.0721216e-03
3.5366481e+06	2.1167691e+02	2.7345455e+17	7.9918027e-03
3.5474272e+06	2.1167691e+02	2.7073363e+17	7.9122829e-03
3.5582064e+06	2.1167691e+02	2.6803978e+17	7.8335544e-03
3.5689856e+06	2.1167691e+02	2.6537274e+17	7.7556092e-03
3.5797647e+06	2.1167691e+02	2.6273224e+17	7.6784396e-03
3.5905439e+06	2.1167691e+02	2.6011801e+17	7.6020378e-03
3.6013231e+06	2.1167691e+02	2.5752979e+17	7.5263963e-03
3.6121022e+06	2.1167691e+02	2.5496733e+17	7.4515074e-03
3.6228814e+06	2.1167691e+02	2.5243036e+17	7.3773637e-03
3.6336605e+06	2.1167691e+02	2.4991864e+17	7.3039577e-03
3.6444397e+06	2.1167691e+02	2.4743191e+17	7.2312821e-03
3.6552189e+06	2.1167691e+02	2.4496992e+17	7.1593296e-03
3.6659980e+06	2.1167691e+02	2.4253243e+17	7.0880931e-03
3.6767772e+06	2.1167691e+02	2.4011919e+17	7.0175654e-03
3.6875563e+06	2.1167691e+02	2.3772996e+17	6.9477395e-03
3.6983355e+06	2.1167691e+02	2.3536451e+17	6.8786083e-03
3.7091147e+06	2.1167691e+02	2.3302259e+17	6.8101650e-03
3.7198938e+06	2.1167691e+02	2.3070398e+17	6.7424027e-03
3.7306730e+06	2.1167691e+02	2.2840844e+17	6.6753147e-03
3.7414522e+06	2.1167691e+02	2.2613573e+17	6.6088942e-03
3.7522313e+06	2.1167691e+02	2.2388565e+17	6.5431346e-03
3.7630105e+06	2.1167691e+02	2.2165795e+17	6.4780293e-03
3.7737896e+06	2.1167691e+02	2.1945241e+17	6.4135719e-03
3.7845688e+06	2.1167691e+02	2.1726883e+17	6.3497558e-03
3.7953480e+06	2.1167691e+02	2.1510696e+17	6.2865746e-03
3.8061271e+06	2.1167691e+02	2.1296661e+17	6.2240222e-03
3.8169063e+06	2.1167691e+02	2.1084756e+17	6.1620921e-03
3.8276855e+06	2.1167691e+02	2.0874959e+17	6.1007783e-03
3.8384646e+06	2.1167691e+02	2.0667250e+17	6.0400745e-03
3.8492438e+06	2.1167691e+02	2.0461607e+17	5.9799748e-03
3.8600229e+06	2.1167691e+02	2.0258011e+17	5.9204730e-03
3.8708021e+06	2.1167691e+02	2.0056440e+17	5.8615633e-03
3.8815813e+06	2.1167691e+02	1.9856875e+17	5.8032398e-03
3.8923604e+06	2.1167691e+02	1.9659296e+17	5.7454966e-03
3.9031396e+06	2.1167691e+02	1.9463683e+17	5.6883280e-03
3.9139187e+06	2.1167691e+02	1.9270016e+17	5.6317282e-03
3.9246979e+06	2.1167691e+02	1.9078276e+17	5.5756915e-03
3.9354771e+06	2.1167691e+02	1.8888444e+17	5.5202125e-03
3.9462562e+06	2.1167691e+02	1.8700501e+17	5.4652854e-03
3.9570354e+06	2.1167691e+02	1.8514428e+17	5.4109049e-03
3.9678146e+06	2.1167691e+02	1.8330206e+17	5.3570655e-03
3.9785937e+06	2.1167691e+02	1.8147818e+17	5.3037618e-03
3.9893729e+06	2.1167691e+02	1.7967244e+17	5.2509885e-03
4.0001520e+06	2.1167691e+02	1.7788467e+17	5.1987403e-03
4.0109312e+06	2.1167691e+02	1.7611469e+17	5.1470120e-03
4.0217104e+06	2.1167691e+02	1.7436232e+17	5.0957984e-03
4.0324895e+06	2.1167691e+02	1.7262738e+17	5.0450943e-03
4.0432687e+06	2.1167691e+02	1.7090971e+17	4.9948948e-03
4.0540478e+06	2.1167691e+02	1.6920913e+17	4.9451948e-03
4.0648270e+06	2.1167691e+02	1.6752547e+17	4.8959892e-03
4.0756062e+06	2.1167691e+02	1.6585857e+17	4.8472733e-03
4.0863853e+06	2.1167691e+02	1.6420825e+17	4.7990422e-03
4.0971645e+06	2.1167691e+02	1.6257435e+17	4.7512909e-03
4.1079437e+06	2.1167691e+02	1.6095670e+17	4.7040148e-03
4.1187228e+06	2.1167691e+02	1.5935516e+17	4.6572090e-03
4.1295020e+06	2.1167691e+02	1.5776955e+17	4.6108690e-03
4.1402811e+06	2.1167691e+02	1.5619972e+17	4.5649901e-03
4.1510603e+06	2.1167691e+02	1.5464550e+17	4.5195677e-03
4.1618395e+06	2.1167691e+02	1.5310675e+17	4.4745973e-03
4.1726186e+06	2.1167691e+02	1.5158332e+17	4.4300743e-03
4.1833978e+06	2.1167691e+02	1.5007504e+17	4.3859943e-03
4.1941769e+06	2.1167691e+02	1.4858177e+17	4.3423529e-03
4.2049561e+06	2.1167691e+02	1.4710335e+17	4.2991458e-03
4.2157353e+06	2.1167691e+02	1.4563965e+17	4.2563686e-03
4.2265144e+06	2.1167691e+02	1.4419051e+17	4.2140170e-03
4.2372936e+06	2.1167691e+02	1.4275579e+17	4.1720868e-03
4.2480728e+06	2.1167691e+02	1.4133535e+17	4.1305739e-03
4.2588519e+06	2.1167691e+02	1.3992904e+17	4.0894740e-03
4.2696311e+06	2.1167691e+02	1.3853672e+17	4.0487830e-03
4.2804102e+06	2.1167691e+02	1.3715826e+17	4.0084970e-03
4.2911894e+06	2.1167691e+02	1.3579351e+17	3.9686118e-03
4.3019686e+06	2.1167691e+02	1.3444234e+17	3.9291234e-03
4.3127477e+06	2.1167691e+02	1.3310462e+17	3.8900280e-03
4.3235269e+06	2.1167691e+02	1.3178020e+17	3.8513216e-03
4.3343060e+06	2.1167691e+02	1.3046897e+17	3.8130003e-03
4.3450852e+06	2.1167691e+02	1.2917078e+17	3.7750603e-03
4.3558644e+06	2.1167691e+02	1.2788551e+17	3.7374978e-03
4.3666435e+06	2.1167691e+02	1.2661303e+17	3.7003091e-03
4.3774227e+06	2.1167691e+02	1.2535321e+17	3.6634904e-03
4.3882019e+06	2.1167691e+02	1.2410592e+17	3.6270380e-03
4.3989810e+06	2.1167691e+02	1.2287105e+17	3.5909484e-03
4.4097602e+06	2.1167691e+02	1.2164846e+17	3.5552179e-03
4.4205393e+06	2.1167691e+02	1.2043804e+17	3.5198429e-03
4.4313185e+06	2.1167691e+02	1.1923966e+17	3.4848198e-03
4.4420977e+06	2.1167691e+02	1.1805321e+17	3.4501453e-03
4.4528768e+06	2.1167691e+02	1.1687856e+17	3.4158158e-03
4.4636560e+06	2.1167691e+02	1.1571559e+17	3.3818279e-03
4.4744352e+06	2.1167691e+02	1.1456421e+17	3.3481781e-03
4.4852143e+06	2.1167691e+02	1.1342427e+17	3.3148632e-03
4.4959935e+06	2.1167691e+02	1.1229568e+17	3.2818797e-03
4.5067726e+06	2.1167691e+02	1.1117832e+17	3.2492245e-03
4.5175518e+06	2.1167691e+02	1.1007208e+17	3.2168942e-03
4.5283310e+06	2.1167691e+02	1.0897684e+17	3.1848855e-03
4.5391101e+06	2.1167691e+02	1.0789251e+17	3.1531954e-03
4.5498893e+06	2.1167691e+02	1.0681896e+17	3.1218206e-03
4.5606684e+06	2.1167691e+02	1.0575609e+17	3.0907579e-03
4.5714476e+06	2.1167691e+02	1.0470380e+17	3.0600044e-03
4.5822268e+06	2.1167691e+02	1.0366198e+17	3.0295568e-03
4.5930059e+06	2.1167691e+02	1.0263053e+17	2.9994122e-03
4.6037851e+06	2.1167691e+02	1.0160934e+17	2.9695676e-03
4.6145643e+06	2.1167691e+02	1.0059831e+17	2.9400199e-03
4.6253434e+06	2.1167691e+02	9.9597336e+16	2.9107662e-03
4.6361226e+06	2.1167691e+02	9.8606326e+16	2.8818036e-03
4.6469017e+06	2.1167691e+02	9.7625176e+16	2.8531292e-03
4.6576809e+06	2.1167691e+02	9.6653789e+16	2.8247401e-03
4.6684601e+06	2.1167691e+02	9.5692068e+16	2.7966334e-03
4.6792392e+06	2.1167691e+02	9.4739916e+16	2.7688065e-03
4.6900184e+06	2.1167691e+02	9.3797238e+16	2.7412564e-03
4.7007975e+06	2.1167691e+02	9.2863940e+16	2.7139804e-03
4.7115767e+06	2.1167691e+02	9.1939929e+16	2.6869759e-03
4.7223559e+06	2.1167691e+02	9.1025111e+16	2.6602400e-03
4.7331350e+06	2.1167691e+02	9.0119396e+16	2.6337702e-03
4.7439142e+06	2.1167691e+02	8.9222693e+16	2.6075637e-03
4.7546934e+06	2.1167691e+02	8.8334912e+16	2.5816180e-03
4.7654725e+06	2.1167691e+02	8.7455965e+16	2.5559305e-03
4.7762517e+06	2.1167691e+02	8.6585764e+16	2.5304986e-03
4.7870308e+06	2.1167691e+02	8.5724221e+16	2.5053197e-03
4.7978100e+06	2.1167691e+02	8.4871251e+16	2.4803913e-03
4.8085892e+06	2.1167691e+02	8.4026768e+16	2.4557110e-03
4.8193683e+06	2.1167691e+02	8.3190688e+16	2.4312763e-03
4.8301475e+06	2.1167691e+02	8.2362926e+16	2.4070847e-03
4.8409266e+06	2.1167691e+02	8.1543402e+16	2.3831338e-03
4.8517058e+06	2.1167691e+02	8.0732031e+16	2.3594212e-03
4.8624850e+06	2.1167691e+02	7.9928734e+16	2.3359446e-03
4.8732641e+06	2.1167691e+02	7.9133430e+16	2.3127016e-03
4.8840433e+06	2.1167691e+02	7.8346039e+16	2.2896898e-03
4.8948225e+06	2.1167691e+02	7.7566483e+16	2.2669070e-03
4.9056016e+06	2.1167691e+02	7.6794684e+16	2.2443509e-03
4.9163808e+06	2.1167691e+02	7.6030564e+16	2.2220192e-03
4.9271599e+06	2.1167691e+02	7.5274047e+16	2.1999098e-03
4.9379391e+06	2.1167691e+02	7.4525058e+16	2.1780203e-03
4.9487183e+06	2.1167691e+02	7.3783521e+16	2.1563486e-03
4.9594974e+06	2.1167691e+02	7.3049363e+16	2.1348926e-03
4.9702766e+06	2.1167691e+02	7.2322509e+16	2.1136501e-03
4.9810557e+06	2.1167691e+02	7.1602888e+16	2.0926189e-03
4.9918349e+06	2.1167691e+02	7.0890428e+16	2.0717970e-03
5.0026141e+06	2.1167691e+02	7.0185056e+16	2.0511823e-03
5.0133932e+06	2.1167691e+02	6.9486703e+16	2.0307727e-03
5.0241724e+06	2.1167691e+02	6.8795299e+16	2.0105662e-03
5.0349516e+06	2.1167691e+02	6.8110774e+16	1.9905607e-03
5.0457307e+06	2.1167691e+02	6.7433061e+16	1.9707543e-03
5.0565099e+06	2.1167691e+02	6.6762091e+16	1.9511449e-03
5.0672890e+06	2.1167691e+02	6.6097797e+16	1.9317307e-03
5.0780682e+06	2.1167691e+02	6.5440113e+16	1.9125097e-03
5.0888474e+06	2.1167691e+02	6.4788973e+16	1.8934799e-03
5.0996265e+06	2.1167691e+02	6.4144312e+16	1.8746395e-03
5.1104057e+06	2.1167691e+02	6.3506065e+16	1.8559865e-03
5.1211848e+06	2.1167691e+02	6.2874169e+16	1.8375191e-03
5.1319640e+06	2.1167691e+02	6.2248561e+16	1.8192355e-03
5.1427432e+06	2.1167691e+02	6.1629177e+16	1.8011338e-03
5.1535223e+06	2.1167691e+02	6.1015957e+16	1.7832122e-03
5.1643015e+06	2.1167691e+02	6.0408838e+16	1.7654690e-03
5.1750807e+06	2.1167691e+02	5.9807760e+16	1.7479022e-03
5.1858598e+06	2.1167691e+02	5.9212663e+16	1.7305103e-03
5.1966390e+06	2.1167691e+02	5.8623487e+16	1.7132915e-03
5.2074181e+06	2.1167691e+02	5.8040173e+16	1.6962439e-03
5.2181973e+06	2.1167691e+02	5.7462664e+16	1.6793660e-03
5.2289765e+06	2.1167691e+02	5.6890901e+16	1.6626560e-03
5.2397556e+06	2.1167691e+02	5.6324827e+16	1.6461123e-03
5.2505348e+06	2.1167691e+02	5.5764385e+16	1.6297332e-03
5.2613140e+06	2.1167691e+02	5.5209521e+16	1.6135171e-03
5.2720931e+06	2.1167691e+02	5.4660177e+16	1.5974624e-03
5.2828723e+06	2.1167691e+02	5.4116299e+16	1.5815674e-03
5.2936514e+06	2.1167691e+02	5.3577833e+16	1.5658305e-03
5.3044306e+06	2.1167691e+02	5.3044724e+16	1.5502502e-03
5.3152098e+06	2.1167691e+02	5.2516920e+16	1.5348250e-03
5.3259889e+06	2.1167691e+02	5.1994368e+16	1.5195532e-03
5.3367681e+06	2.1167691e+02	5.1477016e+16	1.5044334e-03
5.3475472e+06	2.1167691e+02	5.0964811e+16	1.4894640e-03
5.3583264e+06	2.1167691e+02	5.0457703e+16	1.4746436e-03
5.3691056e+06	2.1167691e+02	4.9955640e+16	1.4599707e-03
5.3798847e+06	2.1167691e+02	4.9458573e+16	1.4454437e-03
5.3906639e+06	2.1167691e+02	4.8966452e+16	1.4310613e-03
5.4014431e+06	2.1167691e+02	4.8479228e+16	1.4168220e-03
5.4122222e+06	2.1167691e+02	4.7996851e+16	1.4027244e-03
5.4230014e+06	2.1167691e+02	4.7519275e+16	1.3887671e-03
5.4337805e+06	2.1167691e+02	4.7046450e+16	1.3749486e-03
5.4445597e+06	2.1167691e+02	4.6578330e+16	1.3612676e-03
5.4553389e+06	2.1167691e+02	4.6114868e+16	1.3477228e-03
5.4661180e+06	2.1167691e+02	4.5656017e+16	1.3343127e-03
5.4768972e+06	2.1167691e+02	4.5201732e+16	1.3210361e-03
5.4876763e+06	2.1167691e+02	4.4751968e+16	1.3078916e-03
5.4984555e+06	2.1167691e+02	4.4306678e+16	1.2948778e-03
5.5092347e+06	2.1167691e+02	4.3865819e+16	1.2819936e-03
5.5200138e+06	2.1167691e+02	4.3429347e+16	1.2692375e-03
5.5307930e+06	2.1167691e+02	4.2997218e+16	1.2566084e-03
5.5415722e+06	2.1167691e+02	4.2569388e+16	1.2441049e-03
5.5523513e+06	2.1167691e+02	4.2145816e+16	1.2317259e-03
5.5631305e+06	2.1167691e+02	4.1726458e+16	1.2194700e-03
5.5739096e+06	2.1167691e+02	4.1311273e+16	1.2073361e-03
5.5846888e+06	2.1167691e+02	4.0900219e+16	1.1953229e-03
5.5954680e+06	2.1167691e+02	4.0493255e+16	1.1834292e-03
5.6062471e+06	2.1167691e+02	4.0090340e+16	1.1716539e-03
5.6170263e+06	2.1167691e+02	3.9691435e+16	1.1599958e-03
5.6278054e+06	2.1167691e+02	3.9296498e+16	1.1484536e-03
5.6385846e+06	2.1167691e+02	3.8905492e+16	1.1370263e-03
5.6493638e+06	2.1167691e+02	3.8518375e+16	1.1257127e-03
5.6601429e+06	2.1167691e+02	3.8135111e+16	1.1145117e-03
5.6709221e+06	2.1167691e+02	3.7755661e+16	1.1034221e-03
5.6817013e+06	2.1167691e+02	3.7379985e+16	1.0924429e-03
5.6924804e+06	2.1167691e+02	3.7008048e+16	1.0815729e-03
5.7032596e+06	2.1167691e+02	3.6639812e+16	1.0708110e-03
5.7140387e+06	2.1167691e+02	3.6275240e+16	1.0601563e-03
5.7248179e+06	2.1167691e+02	3.5914295e+16	1.0496076e-03
5.7355971e+06	2.1167691e+02	3.5556942e+16	1.0391638e-03
5.7463762e+06	2.1167691e+02	3.5203145e+16	1.0288239e-03
5.7571554e+06	2.1167691e+02	3.4852867e+16	1.0185870e-03
5.7679345e+06	2.1167691e+02	3.4506076e+16	1.0084519e-03
5.7787137e+06	2.1167691e+02	3.4162734e+16	9.9841760e-04
5.7894929e+06	2.1167691e+02	3.3822810e+16	9.8848318e-04
5.8002720e+06	2.1167691e+02	3.3486267e+16	9.7864761e-04
5.8110512e+06	2.1167691e+02	3.3153073e+16	9.6890990e-04
5.8218304e+06	2.1167691e+02	3.2823194e+16	9.5926909e-04
5.8326095e+06	2.1167691e+02	3.2496598e+16	9.4972420e-04
5.8433887e+06	2.1167691e+02	3.2173252e+16	9.4027429e-04
5.8541678e+06	2.1167691e+02	3.1853122e+16	9.3091840e-04
5.8649470e+06	2.1167691e+02	3.1536179e+16	9.2165561e-04
5.8757262e+06	2.1167691e+02	3.1222388e+16	9.1248498e-04
5.8865053e+06	2.1167691e+02	3.0911720e+16	9.0340561e-04
5.8972845e+06	2.1167691e+02	3.0604144e+16	8.9441657e-04
5.9080636e+06	2.1167691e+02	3.0299627e+16	8.8551698e-04
5.9188428e+06	2.1167691e+02	2.9998141e+16	8.7670594e-04
5.9296220e+06	2.1167691e+02	2.9699655e+16	8.6798257e-04
5.9404011e+06	2.1167691e+02	2.9404138e+16	8.5934599e-04
5.9511803e+06	2.1167691e+02	2.9111562e+16	8.5079536e-04
5.9619595e+06	2.1167691e+02	2.8821897e+16	8.4232980e-04
5.9727386e+06	2.1167691e+02	2.8535114e+16	8.3394848e-04
5.9835178e+06	2.1167691e+02	2.8251185e+16	8.2565056e-04
5.9942969e+06	2.1167691e+02	2.7970081e+16	8.1743520e-04
6.0050761e+06	2.1167691e+02	2.7691774e+16	8.0930158e-04
6.0158553e+06	2.1167691e+02	2.7416237e+16	8.0124889e-04
6.0266344e+06	2.1167691e+02	2.7143440e+16	7.9327633e-04
6.0374136e+06	2.1167691e+02	2.6873359e+16	7.8538310e-04
6.0481928e+06	2.1167691e+02	2.6605964e+16	7.7756841e-04
6.0589719e+06	2.1167691e+02	2.6341231e+16	7.6983148e-04
6.0697511e+06	2.1167691e+02	2.6079131e+16	7.6217152e-04
6.0805302e+06	2.1167691e+02	2.5819639e+16	7.5458779e-04
6.0913094e+06	2.1167691e+02	2.5562730e+16	7.4707952e-04
6.1020886e+06	2.1167691e+02	2.5308376e+16	7.3964595e-04
6.1128677e+06	2.1167691e+02	2.5056554e+16	7.3228635e-04
6.1236469e+06	2.1167691e+02	2.4807237e+16	7.2499998e-04
6.1344260e+06	2.1167691e+02	2.4560401e+16	7.1778611e-04
6.1452052e+06	2.1167691e+02	2.4316020e+16	7.1064402e-04
6.1559844e+06	2.1167691e+02	2.4074072e+16	7.0357299e-04
6.1667635e+06	2.1167691e+02	2.3834531e+16	6.9657232e-04
6.1775427e+06	2.1167691e+02	2.3597373e+16	6.8964131e-04
6.1883219e+06	2.1167691e+02	2.3362576e+16	6.8277927e-04
6.1991010e+06	2.1167691e+02	2.3130114e+16	6.7598550e-04
6.2098802e+06	2.1167691e+02	2.2899966e+16	6.6925933e-04
6.2206593e+06	2.1167691e+02	2.2672107e+16	6.6260009e-04
6.2314385e+06	2.1167691e+02	2.2446516e+16	6.5600711e-04
6.2422177e+06	2.1167691e+02	2.2223169e+16	6.4947973e-04
6.2529968e+06	2.1167691e+02	2.2002045e+16	6.4301730e-04
6.2637760e+06	2.1167691e+02	2.1783121e+16	6.3661917e-04
6.2745551e+06	2.1167691e+02	2.1566376e+16	6.3028470e-04
6.2853343e+06	2.1167691e+02	2.1351786e+16	6.2401327e-04
6.2961135e+06	2.1167691e+02	2.1139333e+16	6.1780423e-04
6.3068926e+06	2.1167691e+02	2.0928993e+16	6.1165698e-04
6.3176718e+06	2.1167691e+02	2.0720746e+16	6.0557089e-04
6.3284510e+06	2.1167691e+02	2.0514571e+16	5.9954536e-04
6.3392301e+06	2.1167691e+02	2.0310448e+16	5.9357978e-04
6.3500093e+06	2.1167691e+02	2.0108355e+16	5.8767356e-04
6.3607884e+06	2.1167691e+02	1.9908274e+16	5.8182611e-04
6.3715676e+06	2.1167691e+02	1.9710183e+16	5.7603685e-04
6.3823468e+06	2.1167691e+02	1.9514064e+16	5.7030518e-04
6.3931259e+06	2.1167691e+02	1.9319895e+16	5.6463055e-04
6.4039051e+06	2.1167691e+02	1.9127659e+16	5.5901238e-04
6.4146842e+06	2.1167691e+02	1.8937336e+16	5.5345012e-04
6.4254634e+06	2.1167691e+02	1.8748906e+16	5.4794320e-04
6.4362426e+06	2.1167691e+02	1.8562351e+16	5.4249107e-04
6.4470217e+06	2.1167691e+02	1.8377653e+16	5.3709320e-04
6.4578009e+06	2.1167691e+02	1.8194792e+16	5.3174903e-04
6.4685801e+06	2.1167691e+02	1.8013751e+16	5.2645804e-04
6.4793592e+06	2.1167691e+02	1.7834511e+16	5.2121969e-04
6.4901384e+06	2.1167691e+02	1.7657055e+16	5.1603347e-04
6.5009175e+06	2.1167691e+02	1.7481364e+16	5.1089885e-04
6.5116967e+06	2.1167691e+02	1.7307422e+16	5.0581532e-04
6.5224759e+06	2.1167691e+02	1.7135210e+16	5.0078238e-04
6.5332550e+06	2.1167691e+02	1.6964712e+16	4.9579951e-04
6.5440342e+06	2.1167691e+02	1.6795910e+16	4.9086622e-04
6.5548133e+06	2.1167691e+02	1.6628788e+16	4.8598202e-04
6.5655925e+06	2.1167691e+02	1.6463329e+16	4.8114642e-04
6.5763717e+06	2.1167691e+02	1.6299516e+16	4.7635893e-04
6.5871508e+06	2.1167691e+02	1.6137333e+16	4.7161908e-04
6.5979300e+06	2.1167691e+02	1.5976764e+16	4.6692639e-04
6.6087092e+06	2.1167691e+02	1.5817792e+16	4.6228040e-04
6.6194883e+06	2.1167691e+02	1.5660403e+16	4.5768063e-04
6.6302675e+06	2.1167691e+02	1.5504579e+16	4.5312663e-04
6.6410466e+06	2.1167691e+02	1.5350306e+16	4.4861795e-04
6.6518258e+06	2.1167691e+02	1.5197568e+16	4.4415412e-04
6.6626050e+06	2.1167691e+02	1.5046350e+16	4.3973472e-04
6.6733841e+06	2.1167691e+02	1.4896636e+16	4.3535928e-04
6.6841633e+06	2.1167691e+02	1.4748412e+16	4.3102739e-04
6.6949424e+06	2.1167691e+02	1.4601663e+16	4.2673859e-04
6.7057216e+06	2.1167691e+02	1.4456374e+16	4.2249247e-04
6.7165008e+06	2.1167691e+02	1.4312531e+16	4.1828860e-04
6.7272799e+06	2.1167691e+02	1.4170118e+16	4.1412656e-04
6.7380591e+06	2.1167691e+02	1.4029123e+16	4.1000593e-04
6.7488383e+06	2.1167691e+02	1.3889531e+16	4.0592631e-04
6.7596174e+06	2.1167691e+02	1.3751328e+16	4.0188727e-04
6.7703966e+06	2.1167691e+02	1.3614500e+16	3.9788843e-04
6.7811757e+06	2.1167691e+02	1.3479034e+16	3.9392937e-04
6.7919549e+06	2.1167691e+02	1.3344915e+16	3.9000971e-04
6.8027341e+06	2.1167691e+02	1.3212131e+16	3.8612905e-04
6.8135132e+06	2.1167691e+02	1.3080668e+16	3.8228700e-04
6.8242924e+06	2.1167691e+02	1.2950513e+16	3.7848318e-04
6.8350716e+06	2.1167691e+02	1.2821653e+16	3.7471721e-04
6.8458507e+06	2.1167691e+02	1.2694076e+16	3.7098871e-04
6.8566299e+06	2.1167691e+02	1.2567768e+16	3.6729731e-04
6.8674090e+06	2.1167691e+02	1.2442716e+16	3.6364264e-04
6.8781882e+06	2.1167691e+02	1.2318909e+16	3.6002434e-04
6.8889674e+06	2.1167691e+02	1.2196334e+16	3.5644203e-04
6.8997465e+06	2.1167691e+02	1.2074978e+16	3.5289538e-04
6.9105257e+06	2.1167691e+02	1.1954830e+16	3.4938401e-04
6.9213048e+06	2.1167691e+02	1.1835878e+16	3.4590758e-04
6.9320840e+06	2.1167691e+02	1.1718109e+16	3.4246574e-04
6.9428632e+06	2.1167691e+02	1.1601512e+16	3.3905815e-04
6.9536423e+06	2.1167691e+02	1.1486075e+16	3.3568447e-04
6.9644215e+06	2.1167691e+02	1.1371786e+16	3.3234435e-04
6.9752007e+06	2.1167691e+02	1.1258635e+16	3.2903747e-04
6.9859798e+06	2.1167691e+02	1.1146610e+16	3.2576349e-04
6.9967590e+06	2.1167691e+02	1.1035699e+16	3.2252209e-04
7.0075381e+06	2.1167691e+02	1.0925892e+16	3.1931294e-04
7.0183173e+06	2.1167691e+02	1.0817178e+16	3.1613572e-04
7.0290965e+06	2.1167691e+02	1.0709545e+16	3.1299012e-04
7.0398756e+06	2.1167691e+02	1.0602983e+16	3.0987582e-04
7.0506548e+06	2.1167691e+02	1.0497482e+16	3.0679250e-04
7.0614339e+06	2.1167691e+02	1.0393030e+16	3.0373987e-04
7.0722131e+06	2.1167691e+02	1.0289618e+16	3.0071760e-04
7.0829923e+06	2.1167691e+02	1.0187234e+16	2.9772541e-04
7.0937714e+06	2.1167691e+02	1.0085870e+16	2.9476300e-04
7.1045506e+06	2.1167691e+02	9.9855137e+15	2.9183005e-04
7.1153298e+06	2.1167691e+02	9.8861562e+15	2.8892630e-04
7.1261089e+06	2.1167691e+02	9.7877873e+15	2.8605143e-04
7.1368881e+06	2.1167691e+02	9.6903972e+15	2.8320517e-04
7.1476672e+06	2.1167691e+02	9.5939761e+15	2.8038723e-04
7.1584464e+06	2.1167691e+02	9.4985145e+15	2.7759733e-04
7.1692256e+06	2.1167691e+02	9.4040027e+15	2.7483520e-04
7.1800047e+06	2.1167691e+02	9.3104313e+15	2.7210054e-04
7.1907839e+06	2.1167691e+02	9.2177909e+15	2.6939309e-04
7.2015630e+06	2.1167691e+02	9.1260724e+15	2.6671259e-04
7.2123422e+06	2.1167691e+02	9.0352664e+15	2.6405875e-04
7.2231214e+06	2.1167691e+02	8.9453640e+15	2.6143132e-04
7.2339005e+06	2.1167691e+02	8.8563562e+15	2.5883004e-04
7.2446797e+06	2.1167691e+02	8.7682340e+15	2.5625464e-04
7.2554589e+06	2.1167691e+02	8.6809886e+15	2.5370486e-04
7.2662380e+06	2.1167691e+02	8.5946113e+15	2.5118046e-04
7.2770172e+06	2.1167691e+02	8.5090935e+15	2.4868117e-04
7.2877963e+06	2.1167691e+02	8.4244266e+15	2.4620675e-04
7.2985755e+06	2.1167691e+02	8.3406021e+15	2.4375695e-04
7.3093547e+06	2.1167691e+02	8.2576118e+15	2.4133153e-04
7.3201338e+06	2.1167691e+02	8.1754472e+15	2.3893024e-04
7.3309130e+06	2.1167691e+02	8.0941001e+15	2.3655284e-04
7.3416921e+06	2.1167691e+02	8.0135625e+15	2.3419910e-04
7.3524713e+06	2.1167691e+02	7.9338262e+15	2.3186878e-04
7.3632505e+06	2.1167691e+02	7.8548833e+15	2.2956165e-04
7.3740296e+06	2.1167691e+02	7.7767259e+15	2.2727748e-04
7.3848088e+06	2.1167691e+02	7.6993462e+15	2.2501603e-04
7.3955880e+06	2.1167691e+02	7.6227364e+15	2.2277708e-04
7.4063671e+06	2.1167691e+02	7.5468889e+15	2.2056041e-04
7.4171463e+06	2.1167691e+02	7.4717961e+15	2.1836580e-04
7.4279254e+06	2.1167691e+02	7.3974505e+15	2.1619302e-04
7.4387046e+06	2.1167691e+02	7.3238446e+15	2.1404187e-04
7.4494838e+06	2.1167691e+02	7.2509712e+15	2.1191211e-04
7.4602629e+06	2.1167691e+02	7.1788228e+15	2.0980355e-04
7.4710421e+06	2.1167691e+02	7.1073923e+15	2.0771597e-04
7.4818213e+06	2.1167691e+02	7.0366726e+15	2.0564916e-04
7.4926004e+06	2.1167691e+02	6.9666565e+15	2.0360292e-04
7.5033796e+06	2.1167691e+02	6.8973371e+15	2.0157704e-04
7.5141587e+06	2.1167691e+02	6.8287075e+15	1.9957131e-04
7.5249379e+06	2.1167691e+02	6.7607607e+15	1.9758554e-04
7.5357171e+06	2.1167691e+02	6.6934900e+15	1.9561954e-04
7.5464962e+06	2.1167691e+02	6.6268887e+15	1.9367309e-04
7.5572754e+06	2.1167691e+02	6.5609500e+15	1.9174601e-04
7.5680545e+06	2.1167691e+02	6.4956675e+15	1.8983810e-04
7.5788337e+06	2.1167691e+02	6.4310345e+15	1.8794918e-04
7.5896129e+06	2.1167691e+02	6.3670446e+15	1.8607906e-04
7.6003920e+06	2.1167691e+02	6.3036915e+15	1.8422754e-04
7.6111712e+06	2.1167691e+02	6.2409687e+15	1.8239445e-04
7.6219504e+06	2.1167691e+02	6.1788700e+15	1.8057959e-04
7.6327295e+06	2.1167691e+02	6.1173893e+15	1.7878279e-04
7.6435087e+06	2.1167691e+02	6.0565202e+15	1.7700388e-04
7.6542878e+06	2.1167691e+02	5.9962568e+15	1.7524266e-04
7.6650670e+06	2.1167691e+02	5.9365931e+15	1.7349896e-04
7.6758462e+06	2.1167691e+02	5.8775230e+15	1.7177262e-04
7.6866253e+06	2.1167691e+02	5.8190407e+15	1.7006345e-04
7.6974045e+06	2.1167691e+02	5.7611402e+15	1.6837129e-04
7.7081836e+06	2.1167691e+02	5.7038159e+15	1.6669597e-04
7.7189628e+06	2.1167691e+02	5.6470620e+15	1.6503732e-04
7.7297420e+06	2.1167691e+02	5.5908728e+15	1.6339517e-04
7.7405211e+06	2.1167691e+02	5.5352427e+15	1.6176936e-04
7.7513003e+06	2.1167691e+02	5.4801661e+15	1.6015973e-04
7.7620795e+06	2.1167691e+02	5.4256375e+15	1.5856611e-04
7.7728586e+06	2.1167691e+02	5.3716516e+15	1.5698835e-04
7.7836378e+06	2.1167691e+02	5.3182027e+15	1.5542629e-04
7.7944169e+06	2.1167691e+02	5.2652857e+15	1.5387978e-04
7.8051961e+06	2.1167691e+02	5.2128953e+15	1.5234865e-04
7.8159753e+06	2.1167691e+02	5.1610261e+15	1.5083275e-04
7.8267544e+06	2.1167691e+02	5.1096730e+15	1.4933194e-04
7.8375336e+06	2.1167691e+02	5.0588309e+15	1.4784606e-04
7.8483127e+06	2.1167691e+02	5.0084947e+15	1.4637497e-04
7.8590919e+06	2.1167691e+02	4.9586594e+15	1.4491852e-04
7.8698711e+06	2.1167691e+02	4.9093199e+15	1.4347655e-04
7.8806502e+06	2.1167691e+02	4.8604713e+15	1.4204894e-04
7.8914294e+06	2.1167691e+02	4.8121088e+15	1.4063553e-04
7.9022086e+06	2.1167691e+02	4.7642275e+15	1.3923618e-04
7.9129877e+06	2.1167691e+02	4.7168227e+15	1.3785076e-04
7.9237669e+06	2.1167691e+02	4.6698895e+15	1.3647912e-04
7.9345460e+06	2.1167691e+02	4.6234233e+15	1.3512113e-04
7.9453252e+06	2.1167691e+02	4.5774195e+15	1.3377665e-04
7.9561044e+06	2.1167691e+02	4.5318734e+15	1.3244555e-04
7.9668835e+06	2.1167691e+02	4.4867805e+15	1.3112770e-04
7.9776627e+06	2.1167691e+02	4.4421363e+15	1.2982295e-04
7.9884418e+06	2.1167691e+02	4.3979363e+15	1.2853119e-04
7.9992210e+06	2.1167691e+02	4.3541761e+15	1.2725229e-04
8.0100002e+06	2.1167691e+02	4.3108513e+15	1.2598611e-04
8.0207793e+06	2.1167691e+02	4.2679577e+15	1.2473252e-04
8.0315585e+06	2.1167691e+02	4.2254908e+15	1.2349141e-04
8.0423377e+06	2.1167691e+02	4.1834464e+15	1.2226265e-04
8.0531168e+06	2.1167691e+02	4.1418204e+15	1.2104612e-04
8.0638960e+06	2.1167691e+02	4.1006086e+15	1.1984169e-04
8.0746751e+06	2.1167691e+02	4.0598069e+15	1.1864925e-04
8.0854543e+06	2.1167691e+02	4.0194112e+15	1.1746867e-04
8.0962335e+06	2.1167691e+02	3.9794173e+15	1.1629983e-04
8.1070126e+06	2.1167691e+02	3.9398215e+15	1.1514263e-04
8.1177918e+06	2.1167691e+02	3.9006196e+15	1.1399694e-04
8.1285709e+06	2.1167691e+02	3.8618078e+15	1.1286265e-04
8.1393501e+06	2.1167691e+02	3.8233822e+15	1.1173965e-04
8.1501293e+06	2.1167691e+02	3.7853389e+15	1.1062782e-04
8.1609084e+06	2.1167691e+02	3.7476741e+15	1.0952706e-04
8.1716876e+06	2.1167691e+02	3.7103841e+15	1.0843725e-04
8.1824668e+06	2.1167691e+02	3.6734652e+15	1.0735828e-04
8.1932459e+06	2.1167691e+02	3.6369136e+15	1.0629004e-04
8.2040251e+06	2.1167691e+02	3.6007257e+15	1.0523244e-04
8.2148042e+06	2.1167691e+02	3.5648979e+15	1.0418536e-04
8.2255834e+06	2.1167691e+02	3.5294266e+15	1.0314870e-04
8.2363626e+06	2.1167691e+02	3.4943082e+15	1.0212235e-04
8.2471417e+06	2.1167691e+02	3.4595392e+15	1.0110622e-04
8.2579209e+06	2.1167691e+02	3.4251163e+15	1.0010019e-04
8.2687001e+06	2.1167691e+02	3.3910358e+15	9.9104181e-05
8.2794792e+06	2.1167691e+02	3.3572944e+15	9.8118078e-05
8.2902584e+06	2.1167691e+02	3.3238888e+15	9.7141787e-05
8.3010375e+06	2.1167691e+02	3.2908155e+15	9.6175210e-05
8.3118167e+06	2.1167691e+02	3.2580714e+15	9.5218250e-05
8.3225959e+06	2.1167691e+02	3.2256530e+15	9.4270813e-05
8.3333750e+06	2.1167691e+02	3.1935572e+15	9.3332803e-05
8.3441542e+06	2.1167691e+02	3.1617808e+15	9.2404126e-05
8.3549333e+06	2.1167691e+02	3.1303206e+15	9.1484689e-05
8.3657125e+06	2.1167691e+02	3.0991733e+15	9.0574401e-05
8.3764917e+06	2.1167691e+02	3.0683361e+15	8.9673171e-05
8.3872708e+06	2.1167691e+02	3.0378056e+15	8.8780908e-05
8.3980500e+06	2.1167691e+02	3.0075789e+15	8.7897523e-05
8.4088292e+06	2.1167691e+02	2.9776530e+15	8.7022928e-05
8.4196083e+06	2.1167691e+02	2.9480249e+15	8.6157036e-05
8.4303875e+06	2.1167691e+02	2.9186915e+15	8.5299759e-05
8.4411666e+06	2.1167691e+02	2.8896501e+15	8.4451012e-05
8.4519458e+06	2.1167691e+02	2.8608976e+15	8.3610711e-05
8.4627250e+06	2.1167691e+02	2.8324312e+15	8.2778770e-05
8.4735041e+06	2.1167691e+02	2.8042480e+15	8.1955108e-05
8.4842833e+06	2.1167691e+02	2.7763453e+15	8.1139641e-05
8.4950624e+06	2.1167691e+02	2.7487202e+15	8.0332288e-05
8.5058416e+06	2.1167691e+02	2.7213700e+15	7.9532968e-05
8.5166208e+06	2.1167691e+02	2.6942919e+15	7.8741602e-05
8.5273999e+06	2.1167691e+02	2.6674832e+15	7.7958110e-05
8.5381791e+06	2.1167691e+02	2.6409413e+15	7.7182414e-05
8.5489583e+06	2.1167691e+02	2.6146635e+15	7.6414436e-05
8.5597374e+06	2.1167691e+02	2.5886472e+15	7.5654099e-05
8.5705166e+06	2.1167691e+02	2.5628897e+15	7.4901329e-05
8.5812957e+06	2.1167691e+02	2.5373885e+15	7.4156048e-05
8.5920749e+06	2.1167691e+02	2.5121411e+15	7.3418183e-05
8.6028541e+06	2.1167691e+02	2.4871449e+15	7.2687660e-05
8.6136332e+06	2.1167691e+02	2.4623974e+15	7.1964405e-05
8.6244124e+06	2.1167691e+02	2.4378961e+15	7.1248348e-05
8.6351915e+06	2.1167691e+02	2.4136386e+15	7.0539415e-05
8.6459707e+06	2.1167691e+02	2.3896225e+15	6.9837536e-05
8.6567499e+06	2.1167691e+02	2.3658454e+15	6.9142641e-05
8.6675290e+06	2.1167691e+02	2.3423048e+15	6.8454660e-05
8.6783082e+06	2.1167691e+02	2.3189985e+15	6.7773525e-05
8.6890874e+06	2.1167691e+02	2.2959241e+15	6.7099167e-05
8.6998665e+06	2.1167691e+02	2.2730793e+15	6.6431519e-05
8.7106457e+06	2.1167691e+02	2.2504617e+15	6.5770514e-05
8.7214248e+06	2.1167691e+02	2.2280693e+15	6.5116087e-05
8.7322040e+06	2.1167691e+02	2.2058996e+15	6.4468171e-05
8.7429832e+06	2.1167691e+02	2.1839505e+15	6.3826702e-05
8.7537623e+06	2.1167691e+02	2.1622199e+15	6.3191616e-05
8.7645415e+06	2.1167691e+02	2.1407054e+15	6.2562849e-05
8.7753206e+06	2.1167691e+02	2.1194051e+15	6.1940338e-05
8.7860998e+06	2.1167691e+02	2.0983166e+15	6.1324021e-05
8.7968790e+06	2.1167691e+02	2.0774380e+15	6.0713837e-05
8.8076581e+06	2.1167691e+02	2.0567672e+15	6.0109724e-05
8.8184373e+06	2.1167691e+02	2.0363020e+15	5.9511622e-05
8.8292165e+06	2.1167691e+02	2.0160404e+15	5.8919472e-05
8.8399956e+06	2.1167691e+02	1.9959805e+15	5.8333213e-05
8.8507748e+06	2.1167691e+02	1.9761202e+15	5.7752788e-05
8.8615539e+06	2.1167691e+02	1.9564574e+15	5.7178138e-05
8.8723331e+06	2.1167691e+02	1.9369904e+15	5.6609206e-05
8.8831123e+06	2.1167691e+02	1.9177170e+15	5.6045935e-05
8.8938914e+06	2.1167691e+02	1.8986354e+15	5.5488269e-05
8.9046706e+06	2.1167691e+02	1.8797437e+15	5.4936151e-05
8.9154497e+06	2.1167691e+02	1.8610399e+15	5.4389528e-05
8.9262289e+06	2.1167691e+02	1.8425222e+15	5.3848343e-05
8.9370081e+06	2.1167691e+02	1.8241888e+15	5.3312543e-05
8.9477872e+06	2.1167691e+02	1.8060379e+15	5.2782074e-05
8.9585664e+06	2.1167691e+02	1.7880675e+15	5.2256884e-05
8.9693456e+06	2.1167691e+02	1.7702759e+15	5.1736919e-05
8.9801247e+06	2.1167691e+02	1.7526614e+15	5.1222128e-05
8.9909039e+06	2.1167691e+02	1.7352221e+15	5.0712459e-05
9.0016830e+06	2.1167691e+02	1.7179563e+15	5.0207862e-05
9.0124622e+06	2.1167691e+02	1.7008624e+15	4.9708285e-05
9.0232414e+06	2.1167691e+02	1.6839385e+15	4.9213680e-05
9.0340205e+06	2.1167691e+02	1.6671831e+15	4.8723995e-05
9.0447997e+06	2.1167691e+02	1.6505943e+15	4.8239184e-05
9.0555789e+06	2.1167691e+02	1.6341706e+15	4.7759196e-05
9.0663580e+06	2.1167691e+02	1.6179104e+15	4.7283984e-05
9.0771372e+06	2.1167691e+02	1.6018119e+15	4.6813500e-05
9.0879163e+06	2.1167691e+02	1.5858736e+15	4.6347698e-05
9.0986955e+06	2.1167691e+02	1.5700939e+15	4.5886531e-05
9.1094747e+06	2.1167691e+02	1.5544712e+15	4.5429952e-05
9.1202538e+06	2.1167691e+02	1.5390039e+15	4.4977917e-05
9.1310330e+06	2.1167691e+02	1.5236906e+15	4.4530379e-05
9.1418121e+06	2.1167691e+02	1.5085296e+15	4.4087294e-05
9.1525913e+06	2.1167691e+02	1.4935195e+15	4.3648618e-05
9.1633705e+06	2.1167691e+02	1.4786587e+15	4.3214307e-05
9.1741496e+06	2.1167691e+02	1.4639458e+15	4.2784318e-05
9.1849288e+06	2.1167691e+02	1.4493793e+15	4.2358607e-05
9.1957080e+06	2.1167691e+02	1.4349578e+15	4.1937132e-05
9.2064871e+06	2.1167691e+02	1.4206797e+15	4.1519850e-05
9.2172663e+06	2.1167691e+02	1.4065437e+15	4.1106721e-05
9.2280454e+06	2.1167691e+02	1.3925483e+15	4.0697702e-05
9.2388246e+06	2.1167691e+02	1.3786923e+15	4.0292753e-05
9.2496038e+06	2.1167691e+02	1.3649740e+15	3.9891833e-05
9.2603829e+06	2.1167691e+02	1.3513923e+15	3.9494903e-05
9.2711621e+06	2.1167691e+02	1.3379457e+15	3.9101922e-05
9.2819412e+06	2.1167691e+02	1.3246330e+15	3.8712852e-05
9.2927204e+06	2.1167691e+02	1.3114526e+15	3.8327652e-05
9.3034996e+06	2.1167691e+02	1.2984035e+15	3.7946286e-05
9.3142787e+06	2.1167691e+02	1.2854841e+15	3.7568714e-05
9.3250579e+06	2.1167691e+02	1.2726934e+15	3.7194899e-05
9.3358371e+06	2.1167691e+02	1.2600299e+15	3.6824804e-05
9.3466162e+06	2.1167691e+02	1.2474923e+15	3.6458391e-05
9.3573954e+06	2.1167691e+02	1.2350796e+15	3.6095624e-05
9.3681745e+06	2.1167691e+02	1.2227903e+15	3.5736466e-05
9.3789537e+06	2.1167691e+02	1.2106234e+15	3.5380882e-05
9.3897329e+06	2.1167691e+02	1.1985775e+15	3.5028837e-05
9.4005120e+06	2.1167691e+02	1.1866514e+15	3.4680294e-05
9.4112912e+06	2.1167691e+02	1.1748440e+15	3.4335219e-05
9.4220703e+06	2.1167691e+02	1.1631542e+15	3.3993578e-05
9.4328495e+06	2.1167691e+02	1.1515806e+15	3.3655336e-05
9.4436287e+06	2.1167691e+02	1.1401222e+15	3.3320460e-05
9.4544078e+06	2.1167691e+02	1.1287778e+15	3.2988916e-05
9.4651870e+06	2.1167691e+02	1.1175462e+15	3.2660671e-05
9.4759662e+06	2.1167691e+02	1.1064265e+15	3.2335692e-05
9.4867453e+06	2.1167691e+02	1.0954173e+15	3.2013946e-05
9.4975245e+06	2.1167691e+02	1.0845177e+15	3.1695402e-05
9.5083036e+06	2.1167691e+02	1.0737266e+15	3.1380028e-05
9.5190828e+06	2.1167691e+02	1.0630429e+15	3.1067791e-05
9.5298620e+06	2.1167691e+02	1.0524654e+15	3.0758661e-05
9.5406411e+06	2.1167691e+02	1.0419932e+15	3.0452608e-05
9.5514203e+06	2.1167691e+02	1.0316252e+15	3.0149599e-05
9.5621994e+06	2.1167691e+02	1.0213603e+15	2.9849606e-05
9.5729786e+06	2.1167691e+02	1.0111976e+15	2.9552597e-05
9.5837578e+06	2.1167691e+02	1.0011361e+15	2.9258544e-05
9.5945369e+06	2.1167691e+02	9.9117459e+14	2.8967416e-05
9.6053161e+06	2.1167691e+02	9.8131224e+14	2.8679186e-05
9.6160953e+06	2.1167691e+02	9.7154802e+14	2.8393823e-05
9.6268744e+06	2.1167691e+02	9.6188095e+14	2.8111300e-05
9.6376536e+06	2.1167691e+02	9.5231008e+14	2.7831588e-05
9.6484327e+06	2.1167691e+02	9.4283443e+14	2.7554659e-05
9.6592119e+06	2.1167691e+02	9.3345307e+14	2.7280485e-05
9.6699911e+06	2.1167691e+02	9.2416506e+14	2.7009040e-05
9.6807702e+06	2.1167691e+02	9.1496946e+14	2.6740296e-05
9.6915494e+06	2.1167691e+02	9.0586537e+14	2.6474225e-05
9.7023286e+06	2.1167691e+02	8.9685185e+14	2.6210802e-05
9.7131077e+06	2.1167691e+02	8.8792803e+14	2.5950000e-05
9.7238869e+06	2.1167691e+02	8.7909300e+14	2.5691794e-05
9.7346660e+06	2.1167691e+02	8.7034588e+14	2.5436156e-05
9.7454452e+06	2.1167691e+02	8.6168579e+14	2.5183062e-05
9.7562244e+06	2.1167691e+02	8.5311187e+14	2.4932486e-05
9.7670035e+06	2.1167691e+02	8.4462327e+14	2.4684404e-05
9.7777827e+06	2.1167691e+02	8.3621913e+14	2.4438790e-05
9.7885618e+06	2.1167691e+02	8.2789861e+14	2.4195620e-05
9.7993410e+06	2.1167691e+02	8.1966088e+14	2.3954870e-05
9.8101202e+06	2.1167691e+02	8.1150512e+14	2.3716515e-05
9.8208993e+06	2.1167691e+02	8.0343051e+14	2.3480531e-05
9.8316785e+06	2.1167691e+02	7.9543624e+14	2.3246896e-05
9.8424577e+06	2.1167691e+02	7.8752152e+14	2.3015586e-05
9.8532368e+06	2.1167691e+02	7.7968555e+14	2.2786577e-05
9.8640160e+06	2.1167691e+02	7.7192754e+14	2.2559847e-05
9.8747951e+06	2.1167691e+02	7.6424674e+14	2.2335372e-05
9.8855743e+06	2.1167691e+02	7.5664236e+14	2.2113132e-05
9.8963535e+06	2.1167691e+02	7.4911364e+14	2.1893102e-05
9.9071326e+06	2.1167691e+02	7.4165983e+14	2.1675262e-05
9.9179118e+06	2.1167691e+02	7.3428019e+14	2.1459590e-05
9.9286909e+06	2.1167691e+02	7.2697398e+14	2.1246063e-05
9.9394701e+06	2.1167691e+02	7.1974047e+14	2.1034662e-05
9.9502493e+06	2.1167691e+02	7.1257893e+14	2.0825363e-05
9.9610284e+06	2.1167691e+02	7.0548866e+14	2.0618147e-05
9.9718076e+06	2.1167691e+02	6.9846893e+14	2.0412993e-05
9.9825868e+06	2.1167691e+02	6.9151904e+14	2.0209881e-05
9.9933659e+06	2.1167691e+02	6.8463832e+14	2.0008789e-05
1.0004145e+07	2.1167691e+02	6.7782605e+14	1.9809698e-05
1.0014924e+07	2.1167691e+02	6.7108157e+14	1.9612588e-05
1.0025703e+07	2.1167691e+02	6.6440420e+14	1.9417440e-05
1.0036483e+07	2.1167691e+02	6.5779326e+14	1.9224233e-05
1.0047262e+07	2.1167691e+02	6.5124811e+14	1.9032949e-05
1.0058041e+07	2.1167691e+02	6.4476808e+14	1.8843568e-05
1.0068820e+07	2.1167691e+02	6.3835253e+14	1.8656071e-05
1.0079599e+07	2.1167691e+02	6.3200082e+14	1.8470440e-05
1.0090378e+07	2.1167691e+02	6.2571231e+14	1.8286656e-05
1.0101158e+07	2.1167691e+02	6.1948637e+14	1.8104701e-05
1.0111937e+07	2.1167691e+02	6.1332237e+14	1.7924556e-05
1.0122716e+07	2.1167691e+02	6.0721971e+14	1.7746204e-05
1.0133495e+07	2.1167691e+02	6.0117778e+14	1.7569626e-05
1.0144274e+07	2.1167691e+02	5.9519596e+14	1.7394806e-05
1.0155053e+07	2.1167691e+02	5.8927366e+14	1.7221724e-05
1.0165833e+07	2.1167691e+02	5.8341029e+14	1.7050365e-05
1.0176612e+07	2.1167691e+02	5.7760526e+14	1.6880711e-05
1.0187391e+07	2.1167691e+02	5.7185799e+14	1.6712745e-05
1.0198170e+07	2.1167691e+02	5.6616791e+14	1.6546451e-05
1.0208949e+07	2.1167691e+02	5.6053444e+14	1.6381811e-05
1.0219728e+07	2.1167691e+02	5.5495703e+14	1.6218809e-05
1.0230507e+07	2.1167691e+02	5.4943512e+14	1.6057429e-05
1.0241287e+07	2.1167691e+02	5.4396815e+14	1.5897655e-05
1.0252066e+07	2.1167691e+02	5.3855557e+14	1.5739471e-05
1.0262845e+07	2.1167691e+02	5.3319686e+14	1.5582861e-05
1.0273624e+07	2.1167691e+02	5.2789146e+14	1.5427809e-05
1.0284403e+07	2.1167691e+02	5.2263885e+14	1.5274299e-05
1.0295182e+07	2.1167691e+02	5.1743851e+14	1.5122317e-05
1.0305962e+07	2.1167691e+02	5.1228991e+14	1.4971848e-05
1.0316741e+07	2.1167691e+02	5.0719254e+14	1.4822875e-05
1.0327520e+07	2.1167691e+02	5.0214589e+14	1.4675385e-05
1.0338299e+07	2.1167691e+02	4.9714945e+14	1.4529363e-05
1.0349078e+07	2.1167691e+02	4.9220273e+14	1.4384793e-05
1.0359857e+07	2.1167691e+02	4.8730523e+14	1.4241662e-05
1.0370637e+07	2.1167691e+02	4.8245647e+14	1.4099955e-05
1.0381416e+07	2.1167691e+02	4.7765594e+14	1.3959658e-05
1.0392195e+07	2.1167691e+02	4.7290319e+14	1.3820757e-05
1.0402974e+07	2.1167691e+02	4.6819772e+14	1.3683239e-05
1.0413753e+07	2.1167691e+02	4.6353908e+14	1.3547088e-05
1.0424532e+07	2.1167691e+02	4.5892679e+14	1.3412292e-05
1.0435312e+07	2.1167691e+02	4.5436039e+14	1.3278838e-05
1.0446091e+07	2.1167691e+02	4.4983943e+14	1.3146711e-05
1.0456870e+07	2.1167691e+02	4.4536345e+14	1.3015899e-05
1.0467649e+07	2.1167691e+02	4.4093201e+14	1.2886389e-05
1.0478428e+07	2.1167691e+02	4.3654466e+14	1.2758167e-05
1.0489207e+07	2.1167691e+02	4.3220097e+14	1.2631221e-05
1.0499987e+07	2.1167691e+02	4.2790050e+14	1.2505539e-05
1.0510766e+07	2.1167691e+02	4.2364282e+14	1.2381106e-05
1.0521545e+07	2.1167691e+02	4.1942750e+14	1.2257912e-05
1.0532324e+07	2.1167691e+02	4.1525413e+14	1.2135944e-05
1.0543103e+07	2.1167691e+02	4.1112228e+14	1.2015189e-05
1.0553882e+07	2.1167691e+02	4.0703155e+14	1.1895636e-05
1.0564661e+07	2.1167691e+02	4.0298151e+14	1.1777273e-05
1.0575441e+07	2.1167691e+02	3.9897178e+14	1.1660087e-05
1.0586220e+07	2.1167691e+02	3.9500195e+14	1.1544067e-05
1.0596999e+07	2.1167691e+02	3.9107161e+14	1.1429202e-05
1.0607778e+07	2.1167691e+02	3.8718038e+14	1.1315479e-05
1.0618557e+07	2.1167691e+02	3.8332787e+14	1.1202888e-05
1.0629336e+07	2.1167691e+02	3.7951370e+14	1.1091418e-05
1.0640116e+07	2.1167691e+02	3.7573747e+14	1.0981056e-05
1.0650895e+07	2.1167691e+02	3.7199882e+14	1.0871793e-05
1.0661674e+07	2.1167691e+02	3.6829737e+14	1.0763617e-05
1.0672453e+07	2.1167691e+02	3.6463275e+14	1.0656517e-05
1.0683232e+07	2.1167691e+02	3.6100460e+14	1.0550483e-05
1.0694011e+07	2.1167691e+02	3.5741254e+14	1.0445504e-05
1.0704791e+07	2.1167691e+02	3.5385623e+14	1.0341569e-05
1.0715570e+07	2.1167691e+02	3.5033530e+14	1.0238669e-05
1.0726349e+07	2.1167691e+02	3.4684940e+14	1.0136793e-05
1.0737128e+07	2.1167691e+02	3.4339819e+14	1.0035930e-05
1.0747907e+07	2.1167691e+02	3.3998133e+14	9.9360706e-06
1.0758686e+07	2.1167691e+02	3.3659846e+14	9.8372050e-06
1.0769466e+07	2.1167691e+02	3.3324924e+14	9.7393232e-06
1.0780245e+07	2.1167691e+02	3.2993336e+14	9.6424153e-06
1.0791024e+07	2.1167691e+02	3.2665047e+14	9.5464717e-06
1.0801803e+07	2.1167691e+02	3.2340024e+14	9.4514827e-06
1.0812582e+07	2.1167691e+02	3.2018235e+14	9.3574389e-06
1.0823361e+07	2.1167691e+02	3.1699649e+14	9.2643308e-06
1.0834141e+07	2.1167691e+02	3.1384232e+14	9.1721492e-06
1.0844920e+07	2.1167691e+02	3.1071954e+14	9.0808848e-06
1.0855699e+07	2.1167691e+02	3.0762782e+14	8.9905284e-06
1.0866478e+07	2.1167691e+02	3.0456688e+14	8.9010712e-06
1.0877257e+07	2.1167691e+02	3.0153639e+14	8.8125041e-06
1.0888036e+07	2.1167691e+02	2.9853605e+14	8.7248182e-06
1.0898815e+07	2.1167691e+02	2.9556557e+14	8.6380048e-06
1.0909595e+07	2.1167691e+02	2.9262464e+14	8.5520552e-06
1.0920374e+07	2.1167691e+02	2.8971298e+14	8.4669608e-06
1.0931153e+07	2.1167691e+02	2.8683028e+14	8.3827132e-06
1.0941932e+07	2.1167691e+02	2.8397627e+14	8.2993038e-06
