# Formed from form_atmospheric_profiles_paper_model.py
# Z (cm)	T (K)	DEN (cm**-3)	P (bar)
0.0000000e+00	2.5000000e+02	5.8163661e+18	2.0076031e-01
1.2715405e+04	2.4940056e+02	5.7712848e+18	1.9872662e-01
2.5400322e+04	2.4880256e+02	5.7265998e+18	1.9671514e-01
3.8054824e+04	2.4820599e+02	5.6823053e+18	1.9472555e-01
5.0678983e+04	2.4761085e+02	5.6383958e+18	1.9275752e-01
6.3272872e+04	2.4701714e+02	5.5948659e+18	1.9081077e-01
7.5836564e+04	2.4642485e+02	5.5517102e+18	1.8888497e-01
8.8370131e+04	2.4583398e+02	5.5089238e+18	1.8697984e-01
1.0087365e+05	2.4524453e+02	5.4665016e+18	1.8509510e-01
1.1334718e+05	2.4465649e+02	5.4244389e+18	1.8323046e-01
1.2579081e+05	2.4406986e+02	5.3827310e+18	1.8138566e-01
1.3820459e+05	2.4348464e+02	5.3413733e+18	1.7956042e-01
1.5058862e+05	2.4290082e+02	5.3003614e+18	1.7775449e-01
1.6294295e+05	2.4231840e+02	5.2596910e+18	1.7596761e-01
1.7526765e+05	2.4173738e+02	5.2193580e+18	1.7419954e-01
1.8756281e+05	2.4115775e+02	5.1793582e+18	1.7245004e-01
1.9982848e+05	2.4057951e+02	5.1396878e+18	1.7071886e-01
2.1206475e+05	2.4000266e+02	5.1003427e+18	1.6900577e-01
2.2427167e+05	2.3942719e+02	5.0613193e+18	1.6731055e-01
2.3644933e+05	2.3885310e+02	5.0226139e+18	1.6563297e-01
2.4859778e+05	2.3828039e+02	4.9842228e+18	1.6397282e-01
2.6071711e+05	2.3770905e+02	4.9461426e+18	1.6232988e-01
2.7280738e+05	2.3713908e+02	4.9083699e+18	1.6070394e-01
2.8486866e+05	2.3657048e+02	4.8709013e+18	1.5909480e-01
2.9690101e+05	2.3600324e+02	4.8337336e+18	1.5750226e-01
3.0890452e+05	2.3543736e+02	4.7968635e+18	1.5592611e-01
3.2087925e+05	2.3487283e+02	4.7602880e+18	1.5436617e-01
3.3282526e+05	2.3430966e+02	4.7240040e+18	1.5282224e-01
3.4474263e+05	2.3374784e+02	4.6880084e+18	1.5129414e-01
3.5663142e+05	2.3318737e+02	4.6522985e+18	1.4978169e-01
3.6849171e+05	2.3262825e+02	4.6168712e+18	1.4828469e-01
3.8032356e+05	2.3207046e+02	4.5817239e+18	1.4680298e-01
3.9212704e+05	2.3151401e+02	4.5468537e+18	1.4533639e-01
4.0390222e+05	2.3095889e+02	4.5122579e+18	1.4388473e-01
4.1564916e+05	2.3040511e+02	4.4779340e+18	1.4244785e-01
4.2736794e+05	2.2985265e+02	4.4438793e+18	1.4102558e-01
4.3905862e+05	2.2930152e+02	4.4100912e+18	1.3961774e-01
4.5072127e+05	2.2875171e+02	4.3765673e+18	1.3822419e-01
4.6235595e+05	2.2820322e+02	4.3433050e+18	1.3684477e-01
4.7396273e+05	2.2765604e+02	4.3103021e+18	1.3547932e-01
4.8554169e+05	2.2711017e+02	4.2775560e+18	1.3412768e-01
4.9709288e+05	2.2656562e+02	4.2450645e+18	1.3278971e-01
5.0861638e+05	2.2602237e+02	4.2128253e+18	1.3146525e-01
5.2011224e+05	2.2548042e+02	4.1808361e+18	1.3015417e-01
5.3158054e+05	2.2493977e+02	4.1490946e+18	1.2885631e-01
5.4302134e+05	2.2440042e+02	4.1175987e+18	1.2757154e-01
5.5443471e+05	2.2386236e+02	4.0863463e+18	1.2629971e-01
5.6582071e+05	2.2332559e+02	4.0553352e+18	1.2504069e-01
5.7717942e+05	2.2279011e+02	4.0245633e+18	1.2379434e-01
5.8851088e+05	2.2225591e+02	3.9940286e+18	1.2256052e-01
5.9981518e+05	2.2172299e+02	3.9637289e+18	1.2133911e-01
6.1109237e+05	2.2119136e+02	3.9336624e+18	1.2012996e-01
6.2234252e+05	2.2066099e+02	3.9038270e+18	1.1893296e-01
6.3356570e+05	2.2013190e+02	3.8742208e+18	1.1774798e-01
6.4476196e+05	2.1960407e+02	3.8448419e+18	1.1657488e-01
6.5593138e+05	2.1907752e+02	3.8156883e+18	1.1541355e-01
6.6707402e+05	2.1855222e+02	3.7867582e+18	1.1426387e-01
6.7818994e+05	2.1802818e+02	3.7580497e+18	1.1312570e-01
6.8927920e+05	2.1750540e+02	3.7295611e+18	1.1199893e-01
7.0034188e+05	2.1698388e+02	3.7012904e+18	1.1088345e-01
7.1137803e+05	2.1646360e+02	3.6732359e+18	1.0977914e-01
7.2238772e+05	2.1594457e+02	3.6453959e+18	1.0868588e-01
7.3337101e+05	2.1542679e+02	3.6177686e+18	1.0760355e-01
7.4432797e+05	2.1491025e+02	3.5903522e+18	1.0653205e-01
7.5525865e+05	2.1439494e+02	3.5631451e+18	1.0547127e-01
7.6616313e+05	2.1388088e+02	3.5361456e+18	1.0442109e-01
7.7704146e+05	2.1336804e+02	3.5093521e+18	1.0338140e-01
7.8789370e+05	2.1285643e+02	3.4827628e+18	1.0235211e-01
7.9871992e+05	2.1234605e+02	3.4563761e+18	1.0133309e-01
8.0952019e+05	2.1183690e+02	3.4301904e+18	1.0032426e-01
8.2029935e+05	2.1167691e+02	3.3986226e+18	9.9325909e-02
8.3107851e+05	2.1167691e+02	3.3648057e+18	9.8337599e-02
8.4185767e+05	2.1167691e+02	3.3313254e+18	9.7359124e-02
8.5263684e+05	2.1167691e+02	3.2981781e+18	9.6390384e-02
8.6341600e+05	2.1167691e+02	3.2653607e+18	9.5431284e-02
8.7419516e+05	2.1167691e+02	3.2328698e+18	9.4481727e-02
8.8497432e+05	2.1167691e+02	3.2007022e+18	9.3541618e-02
8.9575348e+05	2.1167691e+02	3.1688547e+18	9.2610863e-02
9.0653264e+05	2.1167691e+02	3.1373241e+18	9.1689370e-02
9.1731181e+05	2.1167691e+02	3.1061072e+18	9.0777045e-02
9.2809097e+05	2.1167691e+02	3.0752009e+18	8.9873799e-02
9.3887013e+05	2.1167691e+02	3.0446021e+18	8.8979539e-02
9.4964929e+05	2.1167691e+02	3.0143078e+18	8.8094178e-02
9.6042845e+05	2.1167691e+02	2.9843150e+18	8.7217626e-02
9.7120761e+05	2.1167691e+02	2.9546205e+18	8.6349797e-02
9.8198678e+05	2.1167691e+02	2.9252216e+18	8.5490602e-02
9.9276594e+05	2.1167691e+02	2.8961151e+18	8.4639956e-02
1.0035451e+06	2.1167691e+02	2.8672983e+18	8.3797774e-02
1.0143243e+06	2.1167691e+02	2.8387682e+18	8.2963973e-02
1.0251034e+06	2.1167691e+02	2.8105220e+18	8.2138467e-02
1.0358826e+06	2.1167691e+02	2.7825568e+18	8.1321176e-02
1.0466617e+06	2.1167691e+02	2.7548699e+18	8.0512017e-02
1.0574409e+06	2.1167691e+02	2.7274585e+18	7.9710909e-02
1.0682201e+06	2.1167691e+02	2.7003199e+18	7.8917772e-02
1.0789992e+06	2.1167691e+02	2.6734512e+18	7.8132527e-02
1.0897784e+06	2.1167691e+02	2.6468499e+18	7.7355095e-02
1.1005576e+06	2.1167691e+02	2.6205133e+18	7.6585399e-02
1.1113367e+06	2.1167691e+02	2.5944388e+18	7.5823362e-02
1.1221159e+06	2.1167691e+02	2.5686237e+18	7.5068907e-02
1.1328950e+06	2.1167691e+02	2.5430655e+18	7.4321959e-02
1.1436742e+06	2.1167691e+02	2.5177616e+18	7.3582443e-02
1.1544534e+06	2.1167691e+02	2.4927094e+18	7.2850285e-02
1.1652325e+06	2.1167691e+02	2.4679065e+18	7.2125413e-02
1.1760117e+06	2.1167691e+02	2.4433505e+18	7.1407753e-02
1.1867908e+06	2.1167691e+02	2.4190387e+18	7.0697234e-02
1.1975700e+06	2.1167691e+02	2.3949689e+18	6.9993785e-02
1.2083492e+06	2.1167691e+02	2.3711385e+18	6.9297335e-02
1.2191283e+06	2.1167691e+02	2.3475453e+18	6.8607815e-02
1.2299075e+06	2.1167691e+02	2.3241868e+18	6.7925156e-02
1.2406867e+06	2.1167691e+02	2.3010608e+18	6.7249289e-02
1.2514658e+06	2.1167691e+02	2.2781649e+18	6.6580148e-02
1.2622450e+06	2.1167691e+02	2.2554967e+18	6.5917664e-02
1.2730241e+06	2.1167691e+02	2.2330542e+18	6.5261772e-02
1.2838033e+06	2.1167691e+02	2.2108349e+18	6.4612407e-02
1.2945825e+06	2.1167691e+02	2.1888367e+18	6.3969503e-02
1.3053616e+06	2.1167691e+02	2.1670574e+18	6.3332995e-02
1.3161408e+06	2.1167691e+02	2.1454949e+18	6.2702822e-02
1.3269199e+06	2.1167691e+02	2.1241468e+18	6.2078918e-02
1.3376991e+06	2.1167691e+02	2.1030112e+18	6.1461223e-02
1.3484783e+06	2.1167691e+02	2.0820859e+18	6.0849673e-02
1.3592574e+06	2.1167691e+02	2.0613688e+18	6.0244209e-02
1.3700366e+06	2.1167691e+02	2.0408578e+18	5.9644769e-02
1.3808158e+06	2.1167691e+02	2.0205510e+18	5.9051294e-02
1.3915949e+06	2.1167691e+02	2.0004462e+18	5.8463723e-02
1.4023741e+06	2.1167691e+02	1.9805414e+18	5.7882000e-02
1.4131532e+06	2.1167691e+02	1.9608347e+18	5.7306064e-02
1.4239324e+06	2.1167691e+02	1.9413240e+18	5.6735859e-02
1.4347116e+06	2.1167691e+02	1.9220075e+18	5.6171328e-02
1.4454907e+06	2.1167691e+02	1.9028832e+18	5.5612414e-02
1.4562699e+06	2.1167691e+02	1.8839492e+18	5.5059061e-02
1.4670491e+06	2.1167691e+02	1.8652036e+18	5.4511214e-02
1.4778282e+06	2.1167691e+02	1.8466445e+18	5.3968819e-02
1.4886074e+06	2.1167691e+02	1.8282701e+18	5.3431820e-02
1.4993865e+06	2.1167691e+02	1.8100785e+18	5.2900164e-02
1.5101657e+06	2.1167691e+02	1.7920680e+18	5.2373799e-02
1.5209449e+06	2.1167691e+02	1.7742366e+18	5.1852671e-02
1.5317240e+06	2.1167691e+02	1.7565826e+18	5.1336728e-02
1.5425032e+06	2.1167691e+02	1.7391043e+18	5.0825919e-02
1.5532823e+06	2.1167691e+02	1.7218000e+18	5.0320193e-02
1.5640615e+06	2.1167691e+02	1.7046678e+18	4.9819499e-02
1.5748407e+06	2.1167691e+02	1.6877060e+18	4.9323786e-02
1.5856198e+06	2.1167691e+02	1.6709131e+18	4.8833007e-02
1.5963990e+06	2.1167691e+02	1.6542872e+18	4.8347110e-02
1.6071782e+06	2.1167691e+02	1.6378268e+18	4.7866048e-02
1.6179573e+06	2.1167691e+02	1.6215301e+18	4.7389773e-02
1.6287365e+06	2.1167691e+02	1.6053956e+18	4.6918237e-02
1.6395156e+06	2.1167691e+02	1.5894217e+18	4.6451393e-02
1.6502948e+06	2.1167691e+02	1.5736067e+18	4.5989194e-02
1.6610740e+06	2.1167691e+02	1.5579490e+18	4.5531594e-02
1.6718531e+06	2.1167691e+02	1.5424472e+18	4.5078547e-02
1.6826323e+06	2.1167691e+02	1.5270996e+18	4.4630008e-02
1.6934114e+06	2.1167691e+02	1.5119047e+18	4.4185932e-02
1.7041906e+06	2.1167691e+02	1.4968610e+18	4.3746274e-02
1.7149698e+06	2.1167691e+02	1.4819670e+18	4.3310992e-02
1.7257489e+06	2.1167691e+02	1.4672211e+18	4.2880040e-02
1.7365281e+06	2.1167691e+02	1.4526220e+18	4.2453376e-02
1.7473073e+06	2.1167691e+02	1.4381682e+18	4.2030958e-02
1.7580864e+06	2.1167691e+02	1.4238582e+18	4.1612743e-02
1.7688656e+06	2.1167691e+02	1.4096906e+18	4.1198690e-02
1.7796447e+06	2.1167691e+02	1.3956639e+18	4.0788756e-02
1.7904239e+06	2.1167691e+02	1.3817768e+18	4.0382901e-02
1.8012031e+06	2.1167691e+02	1.3680279e+18	3.9981084e-02
1.8119822e+06	2.1167691e+02	1.3544158e+18	3.9583266e-02
1.8227614e+06	2.1167691e+02	1.3409392e+18	3.9189406e-02
1.8335405e+06	2.1167691e+02	1.3275966e+18	3.8799465e-02
1.8443197e+06	2.1167691e+02	1.3143868e+18	3.8413404e-02
1.8550989e+06	2.1167691e+02	1.3013084e+18	3.8031184e-02
1.8658780e+06	2.1167691e+02	1.2883602e+18	3.7652767e-02
1.8766572e+06	2.1167691e+02	1.2755408e+18	3.7278116e-02
1.8874364e+06	2.1167691e+02	1.2628489e+18	3.6907192e-02
1.8982155e+06	2.1167691e+02	1.2502834e+18	3.6539960e-02
1.9089947e+06	2.1167691e+02	1.2378429e+18	3.6176381e-02
1.9197738e+06	2.1167691e+02	1.2255261e+18	3.5816420e-02
1.9305530e+06	2.1167691e+02	1.2133319e+18	3.5460041e-02
1.9413322e+06	2.1167691e+02	1.2012591e+18	3.5107207e-02
1.9521113e+06	2.1167691e+02	1.1893063e+18	3.4757885e-02
1.9628905e+06	2.1167691e+02	1.1774725e+18	3.4412038e-02
1.9736696e+06	2.1167691e+02	1.1657565e+18	3.4069633e-02
1.9844488e+06	2.1167691e+02	1.1541570e+18	3.3730634e-02
1.9952280e+06	2.1167691e+02	1.1426730e+18	3.3395009e-02
2.0060071e+06	2.1167691e+02	1.1313032e+18	3.3062723e-02
2.0167863e+06	2.1167691e+02	1.1200465e+18	3.2733743e-02
2.0275655e+06	2.1167691e+02	1.1089019e+18	3.2408037e-02
2.0383446e+06	2.1167691e+02	1.0978681e+18	3.2085572e-02
2.0491238e+06	2.1167691e+02	1.0869442e+18	3.1766315e-02
2.0599029e+06	2.1167691e+02	1.0761289e+18	3.1450235e-02
2.0706821e+06	2.1167691e+02	1.0654212e+18	3.1137300e-02
2.0814613e+06	2.1167691e+02	1.0548201e+18	3.0827478e-02
2.0922404e+06	2.1167691e+02	1.0443245e+18	3.0520740e-02
2.1030196e+06	2.1167691e+02	1.0339333e+18	3.0217053e-02
2.1137987e+06	2.1167691e+02	1.0236455e+18	2.9916389e-02
2.1245779e+06	2.1167691e+02	1.0134600e+18	2.9618716e-02
2.1353571e+06	2.1167691e+02	1.0033759e+18	2.9324005e-02
2.1461362e+06	2.1167691e+02	9.9339216e+17	2.9032226e-02
2.1569154e+06	2.1167691e+02	9.8350774e+17	2.8743350e-02
2.1676946e+06	2.1167691e+02	9.7372168e+17	2.8457349e-02
2.1784737e+06	2.1167691e+02	9.6403299e+17	2.8174194e-02
2.1892529e+06	2.1167691e+02	9.5444070e+17	2.7893856e-02
2.2000320e+06	2.1167691e+02	9.4494385e+17	2.7616307e-02
2.2108112e+06	2.1167691e+02	9.3554151e+17	2.7341521e-02
2.2215904e+06	2.1167691e+02	9.2623271e+17	2.7069468e-02
2.2323695e+06	2.1167691e+02	9.1701654e+17	2.6800122e-02
2.2431487e+06	2.1167691e+02	9.0789208e+17	2.6533457e-02
2.2539279e+06	2.1167691e+02	8.9885840e+17	2.6269444e-02
2.2647070e+06	2.1167691e+02	8.8991461e+17	2.6008059e-02
2.2754862e+06	2.1167691e+02	8.8105981e+17	2.5749274e-02
2.2862653e+06	2.1167691e+02	8.7229312e+17	2.5493065e-02
2.2970445e+06	2.1167691e+02	8.6361366e+17	2.5239405e-02
2.3078237e+06	2.1167691e+02	8.5502056e+17	2.4988268e-02
2.3186028e+06	2.1167691e+02	8.4651296e+17	2.4739631e-02
2.3293820e+06	2.1167691e+02	8.3809002e+17	2.4493467e-02
2.3401611e+06	2.1167691e+02	8.2975088e+17	2.4249753e-02
2.3509403e+06	2.1167691e+02	8.2149472e+17	2.4008464e-02
2.3617195e+06	2.1167691e+02	8.1332071e+17	2.3769576e-02
2.3724986e+06	2.1167691e+02	8.0522804e+17	2.3533065e-02
2.3832778e+06	2.1167691e+02	7.9721588e+17	2.3298907e-02
2.3940570e+06	2.1167691e+02	7.8928345e+17	2.3067079e-02
2.4048361e+06	2.1167691e+02	7.8142995e+17	2.2837558e-02
2.4156153e+06	2.1167691e+02	7.7365459e+17	2.2610320e-02
2.4263944e+06	2.1167691e+02	7.6595660e+17	2.2385344e-02
2.4371736e+06	2.1167691e+02	7.5833521e+17	2.2162606e-02
2.4479528e+06	2.1167691e+02	7.5078964e+17	2.1942084e-02
2.4587319e+06	2.1167691e+02	7.4331916e+17	2.1723757e-02
2.4695111e+06	2.1167691e+02	7.3592301e+17	2.1507602e-02
2.4802902e+06	2.1167691e+02	7.2860046e+17	2.1293598e-02
2.4910694e+06	2.1167691e+02	7.2135076e+17	2.1081723e-02
2.5018486e+06	2.1167691e+02	7.1417320e+17	2.0871956e-02
2.5126277e+06	2.1167691e+02	7.0706706e+17	2.0664277e-02
2.5234069e+06	2.1167691e+02	7.0003162e+17	2.0458664e-02
2.5341861e+06	2.1167691e+02	6.9306619e+17	2.0255097e-02
2.5449652e+06	2.1167691e+02	6.8617007e+17	2.0053555e-02
2.5557444e+06	2.1167691e+02	6.7934256e+17	1.9854019e-02
2.5665235e+06	2.1167691e+02	6.7258299e+17	1.9656468e-02
2.5773027e+06	2.1167691e+02	6.6589068e+17	1.9460883e-02
2.5880819e+06	2.1167691e+02	6.5926496e+17	1.9267244e-02
2.5988610e+06	2.1167691e+02	6.5270516e+17	1.9075532e-02
2.6096402e+06	2.1167691e+02	6.4621064e+17	1.8885727e-02
2.6204193e+06	2.1167691e+02	6.3978073e+17	1.8697811e-02
2.6311985e+06	2.1167691e+02	6.3341481e+17	1.8511764e-02
2.6419777e+06	2.1167691e+02	6.2711223e+17	1.8327569e-02
2.6527568e+06	2.1167691e+02	6.2087235e+17	1.8145207e-02
2.6635360e+06	2.1167691e+02	6.1469457e+17	1.7964659e-02
2.6743152e+06	2.1167691e+02	6.0857826e+17	1.7785908e-02
2.6850943e+06	2.1167691e+02	6.0252280e+17	1.7608935e-02
2.6958735e+06	2.1167691e+02	5.9652760e+17	1.7433723e-02
2.7066526e+06	2.1167691e+02	5.9059205e+17	1.7260255e-02
2.7174318e+06	2.1167691e+02	5.8471556e+17	1.7088512e-02
2.7282110e+06	2.1167691e+02	5.7889755e+17	1.6918479e-02
2.7389901e+06	2.1167691e+02	5.7313742e+17	1.6750137e-02
2.7497693e+06	2.1167691e+02	5.6743461e+17	1.6583471e-02
2.7605484e+06	2.1167691e+02	5.6178854e+17	1.6418462e-02
2.7713276e+06	2.1167691e+02	5.5619865e+17	1.6255096e-02
2.7821068e+06	2.1167691e+02	5.5066438e+17	1.6093355e-02
2.7928859e+06	2.1167691e+02	5.4518518e+17	1.5933223e-02
2.8036651e+06	2.1167691e+02	5.3976049e+17	1.5774685e-02
2.8144443e+06	2.1167691e+02	5.3438979e+17	1.5617724e-02
2.8252234e+06	2.1167691e+02	5.2907252e+17	1.5462325e-02
2.8360026e+06	2.1167691e+02	5.2380816e+17	1.5308473e-02
2.8467817e+06	2.1167691e+02	5.1859618e+17	1.5156151e-02
2.8575609e+06	2.1167691e+02	5.1343606e+17	1.5005345e-02
2.8683401e+06	2.1167691e+02	5.0832729e+17	1.4856039e-02
2.8791192e+06	2.1167691e+02	5.0326935e+17	1.4708219e-02
2.8898984e+06	2.1167691e+02	4.9826174e+17	1.4561870e-02
2.9006775e+06	2.1167691e+02	4.9330395e+17	1.4416977e-02
2.9114567e+06	2.1167691e+02	4.8839549e+17	1.4273525e-02
2.9222359e+06	2.1167691e+02	4.8353588e+17	1.4131501e-02
2.9330150e+06	2.1167691e+02	4.7872461e+17	1.3990891e-02
2.9437942e+06	2.1167691e+02	4.7396122e+17	1.3851679e-02
2.9545734e+06	2.1167691e+02	4.6924523e+17	1.3713852e-02
2.9653525e+06	2.1167691e+02	4.6457616e+17	1.3577397e-02
2.9761317e+06	2.1167691e+02	4.5995355e+17	1.3442300e-02
2.9869108e+06	2.1167691e+02	4.5537694e+17	1.3308547e-02
2.9976900e+06	2.1167691e+02	4.5084586e+17	1.3176125e-02
3.0084692e+06	2.1167691e+02	4.4635987e+17	1.3045020e-02
3.0192483e+06	2.1167691e+02	4.4191852e+17	1.2915220e-02
3.0300275e+06	2.1167691e+02	4.3752135e+17	1.2786711e-02
3.0408067e+06	2.1167691e+02	4.3316794e+17	1.2659481e-02
3.0515858e+06	2.1167691e+02	4.2885785e+17	1.2533517e-02
3.0623650e+06	2.1167691e+02	4.2459064e+17	1.2408807e-02
3.0731441e+06	2.1167691e+02	4.2036590e+17	1.2285337e-02
3.0839233e+06	2.1167691e+02	4.1618319e+17	1.2163096e-02
3.0947025e+06	2.1167691e+02	4.1204209e+17	1.2042071e-02
3.1054816e+06	2.1167691e+02	4.0794221e+17	1.1922251e-02
3.1162608e+06	2.1167691e+02	4.0388311e+17	1.1803622e-02
3.1270399e+06	2.1167691e+02	3.9986441e+17	1.1686174e-02
3.1378191e+06	2.1167691e+02	3.9588569e+17	1.1569895e-02
3.1485983e+06	2.1167691e+02	3.9194656e+17	1.1454772e-02
3.1593774e+06	2.1167691e+02	3.8804663e+17	1.1340796e-02
3.1701566e+06	2.1167691e+02	3.8418550e+17	1.1227953e-02
3.1809358e+06	2.1167691e+02	3.8036279e+17	1.1116233e-02
3.1917149e+06	2.1167691e+02	3.7657812e+17	1.1005624e-02
3.2024941e+06	2.1167691e+02	3.7283110e+17	1.0896117e-02
3.2132732e+06	2.1167691e+02	3.6912137e+17	1.0787698e-02
3.2240524e+06	2.1167691e+02	3.6544855e+17	1.0680359e-02
3.2348316e+06	2.1167691e+02	3.6181228e+17	1.0574088e-02
3.2456107e+06	2.1167691e+02	3.5821219e+17	1.0468874e-02
3.2563899e+06	2.1167691e+02	3.5464792e+17	1.0364707e-02
3.2671690e+06	2.1167691e+02	3.5111911e+17	1.0261576e-02
3.2779482e+06	2.1167691e+02	3.4762542e+17	1.0159472e-02
3.2887274e+06	2.1167691e+02	3.4416649e+17	1.0058383e-02
3.2995065e+06	2.1167691e+02	3.4074197e+17	9.9583007e-03
3.3102857e+06	2.1167691e+02	3.3735153e+17	9.8592140e-03
3.3210649e+06	2.1167691e+02	3.3399483e+17	9.7611132e-03
3.3318440e+06	2.1167691e+02	3.3067153e+17	9.6639885e-03
3.3426232e+06	2.1167691e+02	3.2738129e+17	9.5678302e-03
3.3534023e+06	2.1167691e+02	3.2412379e+17	9.4726287e-03
3.3641815e+06	2.1167691e+02	3.2089870e+17	9.3783745e-03
3.3749607e+06	2.1167691e+02	3.1770571e+17	9.2850581e-03
3.3857398e+06	2.1167691e+02	3.1454448e+17	9.1926702e-03
3.3965190e+06	2.1167691e+02	3.1141471e+17	9.1012016e-03
3.4072981e+06	2.1167691e+02	3.0831609e+17	9.0106431e-03
3.4180773e+06	2.1167691e+02	3.0524829e+17	8.9209857e-03
3.4288565e+06	2.1167691e+02	3.0221102e+17	8.8322204e-03
3.4396356e+06	2.1167691e+02	2.9920397e+17	8.7443384e-03
3.4504148e+06	2.1167691e+02	2.9622684e+17	8.6573308e-03
3.4611940e+06	2.1167691e+02	2.9327933e+17	8.5711889e-03
3.4719731e+06	2.1167691e+02	2.9036116e+17	8.4859041e-03
3.4827523e+06	2.1167691e+02	2.8747201e+17	8.4014680e-03
3.4935314e+06	2.1167691e+02	2.8461162e+17	8.3178720e-03
3.5043106e+06	2.1167691e+02	2.8177969e+17	8.2351078e-03
3.5150898e+06	2.1167691e+02	2.7897593e+17	8.1531671e-03
3.5258689e+06	2.1167691e+02	2.7620007e+17	8.0720417e-03
3.5366481e+06	2.1167691e+02	2.7345184e+17	7.9917235e-03
3.5474272e+06	2.1167691e+02	2.7073095e+17	7.9122046e-03
3.5582064e+06	2.1167691e+02	2.6803713e+17	7.8334768e-03
3.5689856e+06	2.1167691e+02	2.6537012e+17	7.7555324e-03
3.5797647e+06	2.1167691e+02	2.6272964e+17	7.6783636e-03
3.5905439e+06	2.1167691e+02	2.6011543e+17	7.6019626e-03
3.6013231e+06	2.1167691e+02	2.5752724e+17	7.5263218e-03
3.6121022e+06	2.1167691e+02	2.5496480e+17	7.4514336e-03
3.6228814e+06	2.1167691e+02	2.5242786e+17	7.3772906e-03
3.6336605e+06	2.1167691e+02	2.4991616e+17	7.3038854e-03
3.6444397e+06	2.1167691e+02	2.4742946e+17	7.2312105e-03
3.6552189e+06	2.1167691e+02	2.4496749e+17	7.1592587e-03
3.6659980e+06	2.1167691e+02	2.4253002e+17	7.0880229e-03
3.6767772e+06	2.1167691e+02	2.4011681e+17	7.0174959e-03
3.6875563e+06	2.1167691e+02	2.3772761e+17	6.9476707e-03
3.6983355e+06	2.1167691e+02	2.3536218e+17	6.8785402e-03
3.7091147e+06	2.1167691e+02	2.3302029e+17	6.8100976e-03
3.7198938e+06	2.1167691e+02	2.3070169e+17	6.7423360e-03
3.7306730e+06	2.1167691e+02	2.2840617e+17	6.6752486e-03
3.7414522e+06	2.1167691e+02	2.2613350e+17	6.6088288e-03
3.7522313e+06	2.1167691e+02	2.2388343e+17	6.5430698e-03
3.7630105e+06	2.1167691e+02	2.2165575e+17	6.4779652e-03
3.7737896e+06	2.1167691e+02	2.1945024e+17	6.4135084e-03
3.7845688e+06	2.1167691e+02	2.1726667e+17	6.3496929e-03
3.7953480e+06	2.1167691e+02	2.1510483e+17	6.2865124e-03
3.8061271e+06	2.1167691e+02	2.1296451e+17	6.2239605e-03
3.8169063e+06	2.1167691e+02	2.1084547e+17	6.1620311e-03
3.8276855e+06	2.1167691e+02	2.0874753e+17	6.1007179e-03
3.8384646e+06	2.1167691e+02	2.0667045e+17	6.0400147e-03
3.8492438e+06	2.1167691e+02	2.0461405e+17	5.9799156e-03
3.8600229e+06	2.1167691e+02	2.0257810e+17	5.9204144e-03
3.8708021e+06	2.1167691e+02	2.0056242e+17	5.8615053e-03
3.8815813e+06	2.1167691e+02	1.9856679e+17	5.8031824e-03
3.8923604e+06	2.1167691e+02	1.9659102e+17	5.7454397e-03
3.9031396e+06	2.1167691e+02	1.9463490e+17	5.6882716e-03
3.9139187e+06	2.1167691e+02	1.9269825e+17	5.6316724e-03
3.9246979e+06	2.1167691e+02	1.9078087e+17	5.5756363e-03
3.9354771e+06	2.1167691e+02	1.8888257e+17	5.5201578e-03
3.9462562e+06	2.1167691e+02	1.8700316e+17	5.4652313e-03
3.9570354e+06	2.1167691e+02	1.8514245e+17	5.4108514e-03
3.9678146e+06	2.1167691e+02	1.8330025e+17	5.3570125e-03
3.9785937e+06	2.1167691e+02	1.8147638e+17	5.3037093e-03
3.9893729e+06	2.1167691e+02	1.7967066e+17	5.2509365e-03
4.0001520e+06	2.1167691e+02	1.7788291e+17	5.1986888e-03
4.0109312e+06	2.1167691e+02	1.7611294e+17	5.1469610e-03
4.0217104e+06	2.1167691e+02	1.7436059e+17	5.0957479e-03
4.0324895e+06	2.1167691e+02	1.7262567e+17	5.0450444e-03
4.0432687e+06	2.1167691e+02	1.7090802e+17	4.9948453e-03
4.0540478e+06	2.1167691e+02	1.6920746e+17	4.9451458e-03
4.0648270e+06	2.1167691e+02	1.6752381e+17	4.8959408e-03
4.0756062e+06	2.1167691e+02	1.6585692e+17	4.8472254e-03
4.0863853e+06	2.1167691e+02	1.6420662e+17	4.7989947e-03
4.0971645e+06	2.1167691e+02	1.6257274e+17	4.7512439e-03
4.1079437e+06	2.1167691e+02	1.6095511e+17	4.7039682e-03
4.1187228e+06	2.1167691e+02	1.5935358e+17	4.6571629e-03
4.1295020e+06	2.1167691e+02	1.5776799e+17	4.6108234e-03
4.1402811e+06	2.1167691e+02	1.5619817e+17	4.5649449e-03
4.1510603e+06	2.1167691e+02	1.5464397e+17	4.5195230e-03
4.1618395e+06	2.1167691e+02	1.5310524e+17	4.4745530e-03
4.1726186e+06	2.1167691e+02	1.5158181e+17	4.4300304e-03
4.1833978e+06	2.1167691e+02	1.5007355e+17	4.3859509e-03
4.1941769e+06	2.1167691e+02	1.4858029e+17	4.3423099e-03
4.2049561e+06	2.1167691e+02	1.4710190e+17	4.2991032e-03
4.2157353e+06	2.1167691e+02	1.4563821e+17	4.2563264e-03
4.2265144e+06	2.1167691e+02	1.4418908e+17	4.2139753e-03
4.2372936e+06	2.1167691e+02	1.4275438e+17	4.1720455e-03
4.2480728e+06	2.1167691e+02	1.4133395e+17	4.1305330e-03
4.2588519e+06	2.1167691e+02	1.3992765e+17	4.0894335e-03
4.2696311e+06	2.1167691e+02	1.3853535e+17	4.0487429e-03
4.2804102e+06	2.1167691e+02	1.3715690e+17	4.0084573e-03
4.2911894e+06	2.1167691e+02	1.3579216e+17	3.9685725e-03
4.3019686e+06	2.1167691e+02	1.3444101e+17	3.9290845e-03
4.3127477e+06	2.1167691e+02	1.3310330e+17	3.8899895e-03
4.3235269e+06	2.1167691e+02	1.3177890e+17	3.8512834e-03
4.3343060e+06	2.1167691e+02	1.3046768e+17	3.8129625e-03
4.3450852e+06	2.1167691e+02	1.2916950e+17	3.7750229e-03
4.3558644e+06	2.1167691e+02	1.2788424e+17	3.7374608e-03
4.3666435e+06	2.1167691e+02	1.2661177e+17	3.7002724e-03
4.3774227e+06	2.1167691e+02	1.2535197e+17	3.6634541e-03
4.3882019e+06	2.1167691e+02	1.2410469e+17	3.6270021e-03
4.3989810e+06	2.1167691e+02	1.2286983e+17	3.5909129e-03
4.4097602e+06	2.1167691e+02	1.2164726e+17	3.5551827e-03
4.4205393e+06	2.1167691e+02	1.2043685e+17	3.5198080e-03
4.4313185e+06	2.1167691e+02	1.1923848e+17	3.4847853e-03
4.4420977e+06	2.1167691e+02	1.1805204e+17	3.4501112e-03
4.4528768e+06	2.1167691e+02	1.1687740e+17	3.4157820e-03
4.4636560e+06	2.1167691e+02	1.1571445e+17	3.3817944e-03
4.4744352e+06	2.1167691e+02	1.1456307e+17	3.3481450e-03
4.4852143e+06	2.1167691e+02	1.1342315e+17	3.3148304e-03
4.4959935e+06	2.1167691e+02	1.1229457e+17	3.2818472e-03
4.5067726e+06	2.1167691e+02	1.1117722e+17	3.2491923e-03
4.5175518e+06	2.1167691e+02	1.1007099e+17	3.2168623e-03
4.5283310e+06	2.1167691e+02	1.0897576e+17	3.1848540e-03
4.5391101e+06	2.1167691e+02	1.0789144e+17	3.1531642e-03
4.5498893e+06	2.1167691e+02	1.0681790e+17	3.1217897e-03
4.5606684e+06	2.1167691e+02	1.0575504e+17	3.0907273e-03
4.5714476e+06	2.1167691e+02	1.0470276e+17	3.0599741e-03
4.5822268e+06	2.1167691e+02	1.0366095e+17	3.0295268e-03
4.5930059e+06	2.1167691e+02	1.0262951e+17	2.9993825e-03
4.6037851e+06	2.1167691e+02	1.0160833e+17	2.9695382e-03
4.6145643e+06	2.1167691e+02	1.0059731e+17	2.9399908e-03
4.6253434e+06	2.1167691e+02	9.9596349e+16	2.9107374e-03
4.6361226e+06	2.1167691e+02	9.8605349e+16	2.8817751e-03
4.6469017e+06	2.1167691e+02	9.7624210e+16	2.8531009e-03
4.6576809e+06	2.1167691e+02	9.6652832e+16	2.8247121e-03
4.6684601e+06	2.1167691e+02	9.5691121e+16	2.7966057e-03
4.6792392e+06	2.1167691e+02	9.4738978e+16	2.7687791e-03
4.6900184e+06	2.1167691e+02	9.3796310e+16	2.7412292e-03
4.7007975e+06	2.1167691e+02	9.2863021e+16	2.7139536e-03
4.7115767e+06	2.1167691e+02	9.1939018e+16	2.6869493e-03
4.7223559e+06	2.1167691e+02	9.1024210e+16	2.6602137e-03
4.7331350e+06	2.1167691e+02	9.0118504e+16	2.6337441e-03
4.7439142e+06	2.1167691e+02	8.9221810e+16	2.6075379e-03
4.7546934e+06	2.1167691e+02	8.8334038e+16	2.5815925e-03
4.7654725e+06	2.1167691e+02	8.7455099e+16	2.5559052e-03
4.7762517e+06	2.1167691e+02	8.6584907e+16	2.5304735e-03
4.7870308e+06	2.1167691e+02	8.5723372e+16	2.5052949e-03
4.7978100e+06	2.1167691e+02	8.4870411e+16	2.4803668e-03
4.8085892e+06	2.1167691e+02	8.4025936e+16	2.4556867e-03
4.8193683e+06	2.1167691e+02	8.3189864e+16	2.4312522e-03
4.8301475e+06	2.1167691e+02	8.2362111e+16	2.4070609e-03
4.8409266e+06	2.1167691e+02	8.1542594e+16	2.3831102e-03
4.8517058e+06	2.1167691e+02	8.0731232e+16	2.3593979e-03
4.8624850e+06	2.1167691e+02	7.9927943e+16	2.3359215e-03
4.8732641e+06	2.1167691e+02	7.9132646e+16	2.3126787e-03
4.8840433e+06	2.1167691e+02	7.8345263e+16	2.2896671e-03
4.8948225e+06	2.1167691e+02	7.7565715e+16	2.2668846e-03
4.9056016e+06	2.1167691e+02	7.6793923e+16	2.2443287e-03
4.9163808e+06	2.1167691e+02	7.6029811e+16	2.2219972e-03
4.9271599e+06	2.1167691e+02	7.5273302e+16	2.1998880e-03
4.9379391e+06	2.1167691e+02	7.4524320e+16	2.1779987e-03
4.9487183e+06	2.1167691e+02	7.3782790e+16	2.1563273e-03
4.9594974e+06	2.1167691e+02	7.3048639e+16	2.1348715e-03
4.9702766e+06	2.1167691e+02	7.2321793e+16	2.1136292e-03
4.9810557e+06	2.1167691e+02	7.1602179e+16	2.0925982e-03
4.9918349e+06	2.1167691e+02	7.0889726e+16	2.0717765e-03
5.0026141e+06	2.1167691e+02	7.0184361e+16	2.0511620e-03
5.0133932e+06	2.1167691e+02	6.9486015e+16	2.0307526e-03
5.0241724e+06	2.1167691e+02	6.8794618e+16	2.0105462e-03
5.0349516e+06	2.1167691e+02	6.8110100e+16	1.9905410e-03
5.0457307e+06	2.1167691e+02	6.7432393e+16	1.9707348e-03
5.0565099e+06	2.1167691e+02	6.6761430e+16	1.9511256e-03
5.0672890e+06	2.1167691e+02	6.6097142e+16	1.9317116e-03
5.0780682e+06	2.1167691e+02	6.5439465e+16	1.9124907e-03
5.0888474e+06	2.1167691e+02	6.4788331e+16	1.8934611e-03
5.0996265e+06	2.1167691e+02	6.4143676e+16	1.8746209e-03
5.1104057e+06	2.1167691e+02	6.3505436e+16	1.8559681e-03
5.1211848e+06	2.1167691e+02	6.2873547e+16	1.8375009e-03
5.1319640e+06	2.1167691e+02	6.2247944e+16	1.8192175e-03
5.1427432e+06	2.1167691e+02	6.1628567e+16	1.8011160e-03
5.1535223e+06	2.1167691e+02	6.1015352e+16	1.7831946e-03
5.1643015e+06	2.1167691e+02	6.0408240e+16	1.7654515e-03
5.1750807e+06	2.1167691e+02	5.9807168e+16	1.7478849e-03
5.1858598e+06	2.1167691e+02	5.9212076e+16	1.7304932e-03
5.1966390e+06	2.1167691e+02	5.8622906e+16	1.7132745e-03
5.2074181e+06	2.1167691e+02	5.8039599e+16	1.6962271e-03
5.2181973e+06	2.1167691e+02	5.7462095e+16	1.6793494e-03
5.2289765e+06	2.1167691e+02	5.6890338e+16	1.6626396e-03
5.2397556e+06	2.1167691e+02	5.6324269e+16	1.6460960e-03
5.2505348e+06	2.1167691e+02	5.5763833e+16	1.6297171e-03
5.2613140e+06	2.1167691e+02	5.5208974e+16	1.6135012e-03
5.2720931e+06	2.1167691e+02	5.4659635e+16	1.5974466e-03
5.2828723e+06	2.1167691e+02	5.4115763e+16	1.5815517e-03
5.2936514e+06	2.1167691e+02	5.3577302e+16	1.5658150e-03
5.3044306e+06	2.1167691e+02	5.3044199e+16	1.5502349e-03
5.3152098e+06	2.1167691e+02	5.2516401e+16	1.5348098e-03
5.3259889e+06	2.1167691e+02	5.1993854e+16	1.5195382e-03
5.3367681e+06	2.1167691e+02	5.1476506e+16	1.5044185e-03
5.3475472e+06	2.1167691e+02	5.0964306e+16	1.4894493e-03
5.3583264e+06	2.1167691e+02	5.0457203e+16	1.4746290e-03
5.3691056e+06	2.1167691e+02	4.9955145e+16	1.4599562e-03
5.3798847e+06	2.1167691e+02	4.9458083e+16	1.4454294e-03
5.3906639e+06	2.1167691e+02	4.8965967e+16	1.4310471e-03
5.4014431e+06	2.1167691e+02	4.8478748e+16	1.4168080e-03
5.4122222e+06	2.1167691e+02	4.7996376e+16	1.4027105e-03
5.4230014e+06	2.1167691e+02	4.7518804e+16	1.3887533e-03
5.4337805e+06	2.1167691e+02	4.7045984e+16	1.3749350e-03
5.4445597e+06	2.1167691e+02	4.6577869e+16	1.3612542e-03
5.4553389e+06	2.1167691e+02	4.6114411e+16	1.3477095e-03
5.4661180e+06	2.1167691e+02	4.5655565e+16	1.3342995e-03
5.4768972e+06	2.1167691e+02	4.5201285e+16	1.3210230e-03
5.4876763e+06	2.1167691e+02	4.4751525e+16	1.3078786e-03
5.4984555e+06	2.1167691e+02	4.4306239e+16	1.2948650e-03
5.5092347e+06	2.1167691e+02	4.3865385e+16	1.2819809e-03
5.5200138e+06	2.1167691e+02	4.3428917e+16	1.2692250e-03
5.5307930e+06	2.1167691e+02	4.2996792e+16	1.2565960e-03
5.5415722e+06	2.1167691e+02	4.2568967e+16	1.2440926e-03
5.5523513e+06	2.1167691e+02	4.2145399e+16	1.2317137e-03
5.5631305e+06	2.1167691e+02	4.1726045e+16	1.2194579e-03
5.5739096e+06	2.1167691e+02	4.1310864e+16	1.2073241e-03
5.5846888e+06	2.1167691e+02	4.0899814e+16	1.1953111e-03
5.5954680e+06	2.1167691e+02	4.0492854e+16	1.1834175e-03
5.6062471e+06	2.1167691e+02	4.0089943e+16	1.1716423e-03
5.6170263e+06	2.1167691e+02	3.9691042e+16	1.1599843e-03
5.6278054e+06	2.1167691e+02	3.9296109e+16	1.1484422e-03
5.6385846e+06	2.1167691e+02	3.8905106e+16	1.1370150e-03
5.6493638e+06	2.1167691e+02	3.8517994e+16	1.1257016e-03
5.6601429e+06	2.1167691e+02	3.8134734e+16	1.1145006e-03
5.6709221e+06	2.1167691e+02	3.7755287e+16	1.1034112e-03
5.6817013e+06	2.1167691e+02	3.7379615e+16	1.0924320e-03
5.6924804e+06	2.1167691e+02	3.7007682e+16	1.0815622e-03
5.7032596e+06	2.1167691e+02	3.6639449e+16	1.0708004e-03
5.7140387e+06	2.1167691e+02	3.6274881e+16	1.0601458e-03
5.7248179e+06	2.1167691e+02	3.5913940e+16	1.0495972e-03
5.7355971e+06	2.1167691e+02	3.5556590e+16	1.0391535e-03
5.7463762e+06	2.1167691e+02	3.5202796e+16	1.0288138e-03
5.7571554e+06	2.1167691e+02	3.4852522e+16	1.0185769e-03
5.7679345e+06	2.1167691e+02	3.4505734e+16	1.0084419e-03
5.7787137e+06	2.1167691e+02	3.4162396e+16	9.9840772e-04
5.7894929e+06	2.1167691e+02	3.3822475e+16	9.8847339e-04
5.8002720e+06	2.1167691e+02	3.3485935e+16	9.7863792e-04
5.8110512e+06	2.1167691e+02	3.3152745e+16	9.6890031e-04
5.8218304e+06	2.1167691e+02	3.2822869e+16	9.5925959e-04
5.8326095e+06	2.1167691e+02	3.2496276e+16	9.4971480e-04
5.8433887e+06	2.1167691e+02	3.2172933e+16	9.4026498e-04
5.8541678e+06	2.1167691e+02	3.1852807e+16	9.3090919e-04
5.8649470e+06	2.1167691e+02	3.1535866e+16	9.2164648e-04
5.8757262e+06	2.1167691e+02	3.1222079e+16	9.1247595e-04
5.8865053e+06	2.1167691e+02	3.0911414e+16	9.0339666e-04
5.8972845e+06	2.1167691e+02	3.0603841e+16	8.9440771e-04
5.9080636e+06	2.1167691e+02	3.0299327e+16	8.8550821e-04
5.9188428e+06	2.1167691e+02	2.9997844e+16	8.7669725e-04
5.9296220e+06	2.1167691e+02	2.9699360e+16	8.6797397e-04
5.9404011e+06	2.1167691e+02	2.9403847e+16	8.5933749e-04
5.9511803e+06	2.1167691e+02	2.9111274e+16	8.5078694e-04
5.9619595e+06	2.1167691e+02	2.8821612e+16	8.4232146e-04
5.9727386e+06	2.1167691e+02	2.8534832e+16	8.3394023e-04
5.9835178e+06	2.1167691e+02	2.8250906e+16	8.2564238e-04
5.9942969e+06	2.1167691e+02	2.7969804e+16	8.1742710e-04
6.0050761e+06	2.1167691e+02	2.7691500e+16	8.0929357e-04
6.0158553e+06	2.1167691e+02	2.7415965e+16	8.0124096e-04
6.0266344e+06	2.1167691e+02	2.7143172e+16	7.9326848e-04
6.0374136e+06	2.1167691e+02	2.6873093e+16	7.8537533e-04
6.0481928e+06	2.1167691e+02	2.6605701e+16	7.7756071e-04
6.0589719e+06	2.1167691e+02	2.6340970e+16	7.6982385e-04
6.0697511e+06	2.1167691e+02	2.6078873e+16	7.6216398e-04
6.0805302e+06	2.1167691e+02	2.5819384e+16	7.5458032e-04
6.0913094e+06	2.1167691e+02	2.5562476e+16	7.4707212e-04
6.1020886e+06	2.1167691e+02	2.5308126e+16	7.3963863e-04
6.1128677e+06	2.1167691e+02	2.5056305e+16	7.3227910e-04
6.1236469e+06	2.1167691e+02	2.4806991e+16	7.2499280e-04
6.1344260e+06	2.1167691e+02	2.4560157e+16	7.1777900e-04
6.1452052e+06	2.1167691e+02	2.4315780e+16	7.1063698e-04
6.1559844e+06	2.1167691e+02	2.4073834e+16	7.0356603e-04
6.1667635e+06	2.1167691e+02	2.3834295e+16	6.9656543e-04
6.1775427e+06	2.1167691e+02	2.3597140e+16	6.8963449e-04
6.1883219e+06	2.1167691e+02	2.3362344e+16	6.8277251e-04
6.1991010e+06	2.1167691e+02	2.3129885e+16	6.7597881e-04
6.2098802e+06	2.1167691e+02	2.2899739e+16	6.6925271e-04
6.2206593e+06	2.1167691e+02	2.2671883e+16	6.6259353e-04
6.2314385e+06	2.1167691e+02	2.2446294e+16	6.5600062e-04
6.2422177e+06	2.1167691e+02	2.2222949e+16	6.4947330e-04
6.2529968e+06	2.1167691e+02	2.2001827e+16	6.4301093e-04
6.2637760e+06	2.1167691e+02	2.1782906e+16	6.3661287e-04
6.2745551e+06	2.1167691e+02	2.1566162e+16	6.3027846e-04
6.2853343e+06	2.1167691e+02	2.1351575e+16	6.2400709e-04
6.2961135e+06	2.1167691e+02	2.1139123e+16	6.1779811e-04
6.3068926e+06	2.1167691e+02	2.0928786e+16	6.1165092e-04
6.3176718e+06	2.1167691e+02	2.0720541e+16	6.0556489e-04
6.3284510e+06	2.1167691e+02	2.0514368e+16	5.9953942e-04
6.3392301e+06	2.1167691e+02	2.0310246e+16	5.9357390e-04
6.3500093e+06	2.1167691e+02	2.0108156e+16	5.8766774e-04
6.3607884e+06	2.1167691e+02	1.9908077e+16	5.8182035e-04
6.3715676e+06	2.1167691e+02	1.9709988e+16	5.7603114e-04
6.3823468e+06	2.1167691e+02	1.9513870e+16	5.7029954e-04
6.3931259e+06	2.1167691e+02	1.9319704e+16	5.6462496e-04
6.4039051e+06	2.1167691e+02	1.9127470e+16	5.5900685e-04
6.4146842e+06	2.1167691e+02	1.8937148e+16	5.5344464e-04
6.4254634e+06	2.1167691e+02	1.8748721e+16	5.4793777e-04
6.4362426e+06	2.1167691e+02	1.8562168e+16	5.4248570e-04
6.4470217e+06	2.1167691e+02	1.8377471e+16	5.3708788e-04
6.4578009e+06	2.1167691e+02	1.8194612e+16	5.3174376e-04
6.4685801e+06	2.1167691e+02	1.8013573e+16	5.2645283e-04
6.4793592e+06	2.1167691e+02	1.7834335e+16	5.2121453e-04
6.4901384e+06	2.1167691e+02	1.7656880e+16	5.1602836e-04
6.5009175e+06	2.1167691e+02	1.7481191e+16	5.1089379e-04
6.5116967e+06	2.1167691e+02	1.7307250e+16	5.0581031e-04
6.5224759e+06	2.1167691e+02	1.7135040e+16	5.0077742e-04
6.5332550e+06	2.1167691e+02	1.6964544e+16	4.9579460e-04
6.5440342e+06	2.1167691e+02	1.6795744e+16	4.9086136e-04
6.5548133e+06	2.1167691e+02	1.6628623e+16	4.8597721e-04
6.5655925e+06	2.1167691e+02	1.6463166e+16	4.8114165e-04
6.5763717e+06	2.1167691e+02	1.6299355e+16	4.7635422e-04
6.5871508e+06	2.1167691e+02	1.6137173e+16	4.7161441e-04
6.5979300e+06	2.1167691e+02	1.5976606e+16	4.6692177e-04
6.6087092e+06	2.1167691e+02	1.5817636e+16	4.6227582e-04
6.6194883e+06	2.1167691e+02	1.5660248e+16	4.5767610e-04
6.6302675e+06	2.1167691e+02	1.5504426e+16	4.5312215e-04
6.6410466e+06	2.1167691e+02	1.5350154e+16	4.4861351e-04
6.6518258e+06	2.1167691e+02	1.5197417e+16	4.4414973e-04
6.6626050e+06	2.1167691e+02	1.5046201e+16	4.3973036e-04
6.6733841e+06	2.1167691e+02	1.4896488e+16	4.3535497e-04
6.6841633e+06	2.1167691e+02	1.4748266e+16	4.3102312e-04
6.6949424e+06	2.1167691e+02	1.4601518e+16	4.2673437e-04
6.7057216e+06	2.1167691e+02	1.4456231e+16	4.2248829e-04
6.7165008e+06	2.1167691e+02	1.4312389e+16	4.1828446e-04
6.7272799e+06	2.1167691e+02	1.4169978e+16	4.1412246e-04
6.7380591e+06	2.1167691e+02	1.4028985e+16	4.1000187e-04
6.7488383e+06	2.1167691e+02	1.3889394e+16	4.0592229e-04
6.7596174e+06	2.1167691e+02	1.3751192e+16	4.0188329e-04
6.7703966e+06	2.1167691e+02	1.3614365e+16	3.9788449e-04
6.7811757e+06	2.1167691e+02	1.3478900e+16	3.9392547e-04
6.7919549e+06	2.1167691e+02	1.3344783e+16	3.9000585e-04
6.8027341e+06	2.1167691e+02	1.3212000e+16	3.8612522e-04
6.8135132e+06	2.1167691e+02	1.3080538e+16	3.8228321e-04
6.8242924e+06	2.1167691e+02	1.2950385e+16	3.7847943e-04
6.8350716e+06	2.1167691e+02	1.2821526e+16	3.7471350e-04
6.8458507e+06	2.1167691e+02	1.2693950e+16	3.7098504e-04
6.8566299e+06	2.1167691e+02	1.2567643e+16	3.6729367e-04
6.8674090e+06	2.1167691e+02	1.2442593e+16	3.6363904e-04
6.8781882e+06	2.1167691e+02	1.2318787e+16	3.6002077e-04
6.8889674e+06	2.1167691e+02	1.2196213e+16	3.5643850e-04
6.8997465e+06	2.1167691e+02	1.2074859e+16	3.5289188e-04
6.9105257e+06	2.1167691e+02	1.1954712e+16	3.4938055e-04
6.9213048e+06	2.1167691e+02	1.1835761e+16	3.4590415e-04
6.9320840e+06	2.1167691e+02	1.1717993e+16	3.4246235e-04
6.9428632e+06	2.1167691e+02	1.1601397e+16	3.3905479e-04
6.9536423e+06	2.1167691e+02	1.1485961e+16	3.3568114e-04
6.9644215e+06	2.1167691e+02	1.1371674e+16	3.3234106e-04
6.9752007e+06	2.1167691e+02	1.1258524e+16	3.2903421e-04
6.9859798e+06	2.1167691e+02	1.1146500e+16	3.2576027e-04
6.9967590e+06	2.1167691e+02	1.1035590e+16	3.2251890e-04
7.0075381e+06	2.1167691e+02	1.0925784e+16	3.1930978e-04
7.0183173e+06	2.1167691e+02	1.0817071e+16	3.1613259e-04
7.0290965e+06	2.1167691e+02	1.0709439e+16	3.1298702e-04
7.0398756e+06	2.1167691e+02	1.0602878e+16	3.0987275e-04
7.0506548e+06	2.1167691e+02	1.0497378e+16	3.0678946e-04
7.0614339e+06	2.1167691e+02	1.0392927e+16	3.0373686e-04
7.0722131e+06	2.1167691e+02	1.0289516e+16	3.0071463e-04
7.0829923e+06	2.1167691e+02	1.0187134e+16	2.9772247e-04
7.0937714e+06	2.1167691e+02	1.0085770e+16	2.9476008e-04
7.1045506e+06	2.1167691e+02	9.9854148e+15	2.9182717e-04
7.1153298e+06	2.1167691e+02	9.8860583e+15	2.8892344e-04
7.1261089e+06	2.1167691e+02	9.7876904e+15	2.8604860e-04
7.1368881e+06	2.1167691e+02	9.6903012e+15	2.8320237e-04
7.1476672e+06	2.1167691e+02	9.5938811e+15	2.8038446e-04
7.1584464e+06	2.1167691e+02	9.4984204e+15	2.7759459e-04
7.1692256e+06	2.1167691e+02	9.4039095e+15	2.7483247e-04
7.1800047e+06	2.1167691e+02	9.3103391e+15	2.7209785e-04
7.1907839e+06	2.1167691e+02	9.2176997e+15	2.6939043e-04
7.2015630e+06	2.1167691e+02	9.1259820e+15	2.6670995e-04
7.2123422e+06	2.1167691e+02	9.0351770e+15	2.6405614e-04
7.2231214e+06	2.1167691e+02	8.9452755e+15	2.6142874e-04
7.2339005e+06	2.1167691e+02	8.8562685e+15	2.5882748e-04
7.2446797e+06	2.1167691e+02	8.7681471e+15	2.5625210e-04
7.2554589e+06	2.1167691e+02	8.6809026e+15	2.5370235e-04
7.2662380e+06	2.1167691e+02	8.5945262e+15	2.5117797e-04
7.2770172e+06	2.1167691e+02	8.5090092e+15	2.4867871e-04
7.2877963e+06	2.1167691e+02	8.4243432e+15	2.4620431e-04
7.2985755e+06	2.1167691e+02	8.3405196e+15	2.4375454e-04
7.3093547e+06	2.1167691e+02	8.2575300e+15	2.4132914e-04
7.3201338e+06	2.1167691e+02	8.1753662e+15	2.3892787e-04
7.3309130e+06	2.1167691e+02	8.0940200e+15	2.3655050e-04
7.3416921e+06	2.1167691e+02	8.0134831e+15	2.3419679e-04
7.3524713e+06	2.1167691e+02	7.9337476e+15	2.3186649e-04
7.3632505e+06	2.1167691e+02	7.8548055e+15	2.2955938e-04
7.3740296e+06	2.1167691e+02	7.7766489e+15	2.2727522e-04
7.3848088e+06	2.1167691e+02	7.6992699e+15	2.2501380e-04
7.3955880e+06	2.1167691e+02	7.6226609e+15	2.2277487e-04
7.4063671e+06	2.1167691e+02	7.5468142e+15	2.2055823e-04
7.4171463e+06	2.1167691e+02	7.4717221e+15	2.1836364e-04
7.4279254e+06	2.1167691e+02	7.3973773e+15	2.1619088e-04
7.4387046e+06	2.1167691e+02	7.3237721e+15	2.1403975e-04
7.4494838e+06	2.1167691e+02	7.2508994e+15	2.1191002e-04
7.4602629e+06	2.1167691e+02	7.1787517e+15	2.0980148e-04
7.4710421e+06	2.1167691e+02	7.1073219e+15	2.0771392e-04
7.4818213e+06	2.1167691e+02	7.0366029e+15	2.0564713e-04
7.4926004e+06	2.1167691e+02	6.9665875e+15	2.0360090e-04
7.5033796e+06	2.1167691e+02	6.8972688e+15	2.0157504e-04
7.5141587e+06	2.1167691e+02	6.8286399e+15	1.9956934e-04
7.5249379e+06	2.1167691e+02	6.7606938e+15	1.9758359e-04
7.5357171e+06	2.1167691e+02	6.6934237e+15	1.9561760e-04
7.5464962e+06	2.1167691e+02	6.6268231e+15	1.9367117e-04
7.5572754e+06	2.1167691e+02	6.5608851e+15	1.9174411e-04
7.5680545e+06	2.1167691e+02	6.4956032e+15	1.8983623e-04
7.5788337e+06	2.1167691e+02	6.4309708e+15	1.8794732e-04
7.5896129e+06	2.1167691e+02	6.3669816e+15	1.8607722e-04
7.6003920e+06	2.1167691e+02	6.3036291e+15	1.8422572e-04
7.6111712e+06	2.1167691e+02	6.2409069e+15	1.8239264e-04
7.6219504e+06	2.1167691e+02	6.1788089e+15	1.8057780e-04
7.6327295e+06	2.1167691e+02	6.1173287e+15	1.7878102e-04
7.6435087e+06	2.1167691e+02	6.0564602e+15	1.7700212e-04
7.6542878e+06	2.1167691e+02	5.9961975e+15	1.7524092e-04
7.6650670e+06	2.1167691e+02	5.9365343e+15	1.7349725e-04
7.6758462e+06	2.1167691e+02	5.8774648e+15	1.7177092e-04
7.6866253e+06	2.1167691e+02	5.8189830e+15	1.7006177e-04
7.6974045e+06	2.1167691e+02	5.7610832e+15	1.6836963e-04
7.7081836e+06	2.1167691e+02	5.7037595e+15	1.6669432e-04
7.7189628e+06	2.1167691e+02	5.6470061e+15	1.6503569e-04
7.7297420e+06	2.1167691e+02	5.5908175e+15	1.6339355e-04
7.7405211e+06	2.1167691e+02	5.5351879e+15	1.6176776e-04
7.7513003e+06	2.1167691e+02	5.4801119e+15	1.6015814e-04
7.7620795e+06	2.1167691e+02	5.4255838e+15	1.5856454e-04
7.7728586e+06	2.1167691e+02	5.3715984e+15	1.5698680e-04
7.7836378e+06	2.1167691e+02	5.3181501e+15	1.5542476e-04
7.7944169e+06	2.1167691e+02	5.2652336e+15	1.5387825e-04
7.8051961e+06	2.1167691e+02	5.2128436e+15	1.5234714e-04
7.8159753e+06	2.1167691e+02	5.1609750e+15	1.5083126e-04
7.8267544e+06	2.1167691e+02	5.1096224e+15	1.4933046e-04
7.8375336e+06	2.1167691e+02	5.0587808e+15	1.4784460e-04
7.8483127e+06	2.1167691e+02	5.0084451e+15	1.4637352e-04
7.8590919e+06	2.1167691e+02	4.9586103e+15	1.4491708e-04
7.8698711e+06	2.1167691e+02	4.9092713e+15	1.4347513e-04
7.8806502e+06	2.1167691e+02	4.8604232e+15	1.4204753e-04
7.8914294e+06	2.1167691e+02	4.8120612e+15	1.4063413e-04
7.9022086e+06	2.1167691e+02	4.7641804e+15	1.3923480e-04
7.9129877e+06	2.1167691e+02	4.7167760e+15	1.3784939e-04
7.9237669e+06	2.1167691e+02	4.6698433e+15	1.3647777e-04
7.9345460e+06	2.1167691e+02	4.6233776e+15	1.3511979e-04
7.9453252e+06	2.1167691e+02	4.5773742e+15	1.3377533e-04
7.9561044e+06	2.1167691e+02	4.5318286e+15	1.3244424e-04
7.9668835e+06	2.1167691e+02	4.4867361e+15	1.3112640e-04
7.9776627e+06	2.1167691e+02	4.4420923e+15	1.2982167e-04
7.9884418e+06	2.1167691e+02	4.3978928e+15	1.2852992e-04
7.9992210e+06	2.1167691e+02	4.3541330e+15	1.2725103e-04
8.0100002e+06	2.1167691e+02	4.3108087e+15	1.2598486e-04
8.0207793e+06	2.1167691e+02	4.2679154e+15	1.2473129e-04
8.0315585e+06	2.1167691e+02	4.2254489e+15	1.2349019e-04
8.0423377e+06	2.1167691e+02	4.1834050e+15	1.2226144e-04
8.0531168e+06	2.1167691e+02	4.1417794e+15	1.2104492e-04
8.0638960e+06	2.1167691e+02	4.1005680e+15	1.1984050e-04
8.0746751e+06	2.1167691e+02	4.0597667e+15	1.1864807e-04
8.0854543e+06	2.1167691e+02	4.0193714e+15	1.1746750e-04
8.0962335e+06	2.1167691e+02	3.9793779e+15	1.1629868e-04
8.1070126e+06	2.1167691e+02	3.9397825e+15	1.1514149e-04
8.1177918e+06	2.1167691e+02	3.9005810e+15	1.1399581e-04
8.1285709e+06	2.1167691e+02	3.8617696e+15	1.1286154e-04
8.1393501e+06	2.1167691e+02	3.8233443e+15	1.1173855e-04
8.1501293e+06	2.1167691e+02	3.7853014e+15	1.1062673e-04
8.1609084e+06	2.1167691e+02	3.7476370e+15	1.0952597e-04
8.1716876e+06	2.1167691e+02	3.7103474e+15	1.0843617e-04
8.1824668e+06	2.1167691e+02	3.6734288e+15	1.0735721e-04
8.1932459e+06	2.1167691e+02	3.6368776e+15	1.0628899e-04
8.2040251e+06	2.1167691e+02	3.6006901e+15	1.0523140e-04
8.2148042e+06	2.1167691e+02	3.5648626e+15	1.0418433e-04
8.2255834e+06	2.1167691e+02	3.5293916e+15	1.0314768e-04
8.2363626e+06	2.1167691e+02	3.4942736e+15	1.0212134e-04
8.2471417e+06	2.1167691e+02	3.4595050e+15	1.0110522e-04
8.2579209e+06	2.1167691e+02	3.4250823e+15	1.0009920e-04
8.2687001e+06	2.1167691e+02	3.3910022e+15	9.9103200e-05
8.2794792e+06	2.1167691e+02	3.3572612e+15	9.8117106e-05
8.2902584e+06	2.1167691e+02	3.3238559e+15	9.7140825e-05
8.3010375e+06	2.1167691e+02	3.2907829e+15	9.6174257e-05
8.3118167e+06	2.1167691e+02	3.2580391e+15	9.5217308e-05
8.3225959e+06	2.1167691e+02	3.2256211e+15	9.4269880e-05
8.3333750e+06	2.1167691e+02	3.1935256e+15	9.3331879e-05
8.3441542e+06	2.1167691e+02	3.1617495e+15	9.2403211e-05
8.3549333e+06	2.1167691e+02	3.1302896e+15	9.1483784e-05
8.3657125e+06	2.1167691e+02	3.0991427e+15	9.0573505e-05
8.3764917e+06	2.1167691e+02	3.0683057e+15	8.9672283e-05
8.3872708e+06	2.1167691e+02	3.0377755e+15	8.8780029e-05
8.3980500e+06	2.1167691e+02	3.0075492e+15	8.7896653e-05
8.4088292e+06	2.1167691e+02	2.9776235e+15	8.7022067e-05
8.4196083e+06	2.1167691e+02	2.9479957e+15	8.6156183e-05
8.4303875e+06	2.1167691e+02	2.9186626e+15	8.5298914e-05
8.4411666e+06	2.1167691e+02	2.8896215e+15	8.4450176e-05
8.4519458e+06	2.1167691e+02	2.8608692e+15	8.3609883e-05
8.4627250e+06	2.1167691e+02	2.8324031e+15	8.2777950e-05
8.4735041e+06	2.1167691e+02	2.8042202e+15	8.1954296e-05
8.4842833e+06	2.1167691e+02	2.7763178e+15	8.1138837e-05
8.4950624e+06	2.1167691e+02	2.7486930e+15	8.0331492e-05
8.5058416e+06	2.1167691e+02	2.7213430e+15	7.9532181e-05
8.5166208e+06	2.1167691e+02	2.6942652e+15	7.8740822e-05
8.5273999e+06	2.1167691e+02	2.6674568e+15	7.7957338e-05
8.5381791e+06	2.1167691e+02	2.6409152e+15	7.7181649e-05
8.5489583e+06	2.1167691e+02	2.6146376e+15	7.6413679e-05
8.5597374e+06	2.1167691e+02	2.5886215e+15	7.5653350e-05
8.5705166e+06	2.1167691e+02	2.5628643e+15	7.4900587e-05
8.5812957e+06	2.1167691e+02	2.5373634e+15	7.4155314e-05
8.5920749e+06	2.1167691e+02	2.5121162e+15	7.3417456e-05
8.6028541e+06	2.1167691e+02	2.4871202e+15	7.2686940e-05
8.6136332e+06	2.1167691e+02	2.4623730e+15	7.1963693e-05
8.6244124e+06	2.1167691e+02	2.4378720e+15	7.1247642e-05
8.6351915e+06	2.1167691e+02	2.4136147e+15	7.0538716e-05
8.6459707e+06	2.1167691e+02	2.3895989e+15	6.9836844e-05
8.6567499e+06	2.1167691e+02	2.3658220e+15	6.9141956e-05
8.6675290e+06	2.1167691e+02	2.3422816e+15	6.8453982e-05
8.6783082e+06	2.1167691e+02	2.3189755e+15	6.7772854e-05
8.6890874e+06	2.1167691e+02	2.2959014e+15	6.7098503e-05
8.6998665e+06	2.1167691e+02	2.2730568e+15	6.6430861e-05
8.7106457e+06	2.1167691e+02	2.2504395e+15	6.5769863e-05
8.7214248e+06	2.1167691e+02	2.2280472e+15	6.5115442e-05
8.7322040e+06	2.1167691e+02	2.2058778e+15	6.4467533e-05
8.7429832e+06	2.1167691e+02	2.1839289e+15	6.3826070e-05
8.7537623e+06	2.1167691e+02	2.1621985e+15	6.3190990e-05
8.7645415e+06	2.1167691e+02	2.1406842e+15	6.2562229e-05
8.7753206e+06	2.1167691e+02	2.1193841e+15	6.1939725e-05
8.7860998e+06	2.1167691e+02	2.0982958e+15	6.1323414e-05
8.7968790e+06	2.1167691e+02	2.0774175e+15	6.0713236e-05
8.8076581e+06	2.1167691e+02	2.0567468e+15	6.0109129e-05
8.8184373e+06	2.1167691e+02	2.0362818e+15	5.9511033e-05
8.8292165e+06	2.1167691e+02	2.0160205e+15	5.8918889e-05
8.8399956e+06	2.1167691e+02	1.9959607e+15	5.8332636e-05
8.8507748e+06	2.1167691e+02	1.9761006e+15	5.7752216e-05
8.8615539e+06	2.1167691e+02	1.9564381e+15	5.7177572e-05
8.8723331e+06	2.1167691e+02	1.9369712e+15	5.6608646e-05
8.8831123e+06	2.1167691e+02	1.9176980e+15	5.6045380e-05
8.8938914e+06	2.1167691e+02	1.8986166e+15	5.5487720e-05
8.9046706e+06	2.1167691e+02	1.8797250e+15	5.4935608e-05
8.9154497e+06	2.1167691e+02	1.8610215e+15	5.4388989e-05
8.9262289e+06	2.1167691e+02	1.8425040e+15	5.3847810e-05
8.9370081e+06	2.1167691e+02	1.8241708e+15	5.3312015e-05
8.9477872e+06	2.1167691e+02	1.8060200e+15	5.2781552e-05
8.9585664e+06	2.1167691e+02	1.7880498e+15	5.2256366e-05
8.9693456e+06	2.1167691e+02	1.7702584e+15	5.1736407e-05
8.9801247e+06	2.1167691e+02	1.7526440e+15	5.1221621e-05
8.9909039e+06	2.1167691e+02	1.7352049e+15	5.0711957e-05
9.0016830e+06	2.1167691e+02	1.7179393e+15	5.0207365e-05
9.0124622e+06	2.1167691e+02	1.7008456e+15	4.9707793e-05
9.0232414e+06	2.1167691e+02	1.6839219e+15	4.9213192e-05
9.0340205e+06	2.1167691e+02	1.6671666e+15	4.8723513e-05
9.0447997e+06	2.1167691e+02	1.6505780e+15	4.8238706e-05
9.0555789e+06	2.1167691e+02	1.6341544e+15	4.7758723e-05
9.0663580e+06	2.1167691e+02	1.6178943e+15	4.7283516e-05
9.0771372e+06	2.1167691e+02	1.6017960e+15	4.6813037e-05
9.0879163e+06	2.1167691e+02	1.5858579e+15	4.6347239e-05
9.0986955e+06	2.1167691e+02	1.5700783e+15	4.5886077e-05
9.1094747e+06	2.1167691e+02	1.5544558e+15	4.5429502e-05
9.1202538e+06	2.1167691e+02	1.5389887e+15	4.4977471e-05
9.1310330e+06	2.1167691e+02	1.5236755e+15	4.4529938e-05
9.1418121e+06	2.1167691e+02	1.5085147e+15	4.4086858e-05
9.1525913e+06	2.1167691e+02	1.4935047e+15	4.3648186e-05
9.1633705e+06	2.1167691e+02	1.4786441e+15	4.3213879e-05
9.1741496e+06	2.1167691e+02	1.4639313e+15	4.2783894e-05
9.1849288e+06	2.1167691e+02	1.4493650e+15	4.2358187e-05
9.1957080e+06	2.1167691e+02	1.4349436e+15	4.1936716e-05
9.2064871e+06	2.1167691e+02	1.4206656e+15	4.1519439e-05
9.2172663e+06	2.1167691e+02	1.4065298e+15	4.1106314e-05
9.2280454e+06	2.1167691e+02	1.3925346e+15	4.0697299e-05
9.2388246e+06	2.1167691e+02	1.3786786e+15	4.0292354e-05
9.2496038e+06	2.1167691e+02	1.3649605e+15	3.9891439e-05
9.2603829e+06	2.1167691e+02	1.3513789e+15	3.9494512e-05
9.2711621e+06	2.1167691e+02	1.3379325e+15	3.9101535e-05
9.2819412e+06	2.1167691e+02	1.3246198e+15	3.8712468e-05
9.2927204e+06	2.1167691e+02	1.3114397e+15	3.8327273e-05
9.3034996e+06	2.1167691e+02	1.2983906e+15	3.7945910e-05
9.3142787e+06	2.1167691e+02	1.2854714e+15	3.7568342e-05
9.3250579e+06	2.1167691e+02	1.2726808e+15	3.7194531e-05
9.3358371e+06	2.1167691e+02	1.2600174e+15	3.6824439e-05
9.3466162e+06	2.1167691e+02	1.2474800e+15	3.6458030e-05
9.3573954e+06	2.1167691e+02	1.2350674e+15	3.6095266e-05
9.3681745e+06	2.1167691e+02	1.2227782e+15	3.5736112e-05
9.3789537e+06	2.1167691e+02	1.2106114e+15	3.5380532e-05
9.3897329e+06	2.1167691e+02	1.1985656e+15	3.5028490e-05
9.4005120e+06	2.1167691e+02	1.1866397e+15	3.4679951e-05
9.4112912e+06	2.1167691e+02	1.1748324e+15	3.4334879e-05
9.4220703e+06	2.1167691e+02	1.1631426e+15	3.3993242e-05
9.4328495e+06	2.1167691e+02	1.1515692e+15	3.3655003e-05
9.4436287e+06	2.1167691e+02	1.1401109e+15	3.3320130e-05
9.4544078e+06	2.1167691e+02	1.1287666e+15	3.2988589e-05
9.4651870e+06	2.1167691e+02	1.1175352e+15	3.2660348e-05
9.4759662e+06	2.1167691e+02	1.1064155e+15	3.2335372e-05
9.4867453e+06	2.1167691e+02	1.0954065e+15	3.2013629e-05
9.4975245e+06	2.1167691e+02	1.0845070e+15	3.1695088e-05
9.5083036e+06	2.1167691e+02	1.0737160e+15	3.1379717e-05
9.5190828e+06	2.1167691e+02	1.0630323e+15	3.1067484e-05
9.5298620e+06	2.1167691e+02	1.0524550e+15	3.0758357e-05
9.5406411e+06	2.1167691e+02	1.0419829e+15	3.0452306e-05
9.5514203e+06	2.1167691e+02	1.0316150e+15	3.0149301e-05
9.5621994e+06	2.1167691e+02	1.0213502e+15	2.9849310e-05
9.5729786e+06	2.1167691e+02	1.0111876e+15	2.9552305e-05
9.5837578e+06	2.1167691e+02	1.0011261e+15	2.9258254e-05
9.5945369e+06	2.1167691e+02	9.9116477e+14	2.8967130e-05
9.6053161e+06	2.1167691e+02	9.8130252e+14	2.8678902e-05
9.6160953e+06	2.1167691e+02	9.7153840e+14	2.8393542e-05
9.6268744e+06	2.1167691e+02	9.6187143e+14	2.8111022e-05
9.6376536e+06	2.1167691e+02	9.5230065e+14	2.7831312e-05
9.6484327e+06	2.1167691e+02	9.4282510e+14	2.7554386e-05
9.6592119e+06	2.1167691e+02	9.3344383e+14	2.7280215e-05
9.6699911e+06	2.1167691e+02	9.2415591e+14	2.7008773e-05
9.6807702e+06	2.1167691e+02	9.1496040e+14	2.6740031e-05
9.6915494e+06	2.1167691e+02	9.0585640e+14	2.6473963e-05
9.7023286e+06	2.1167691e+02	8.9684297e+14	2.6210543e-05
9.7131077e+06	2.1167691e+02	8.8791924e+14	2.5949744e-05
9.7238869e+06	2.1167691e+02	8.7908429e+14	2.5691539e-05
9.7346660e+06	2.1167691e+02	8.7033726e+14	2.5435904e-05
9.7454452e+06	2.1167691e+02	8.6167726e+14	2.5182813e-05
9.7562244e+06	2.1167691e+02	8.5310343e+14	2.4932240e-05
9.7670035e+06	2.1167691e+02	8.4461491e+14	2.4684160e-05
9.7777827e+06	2.1167691e+02	8.3621085e+14	2.4438548e-05
9.7885618e+06	2.1167691e+02	8.2789041e+14	2.4195381e-05
9.7993410e+06	2.1167691e+02	8.1965276e+14	2.3954632e-05
9.8101202e+06	2.1167691e+02	8.1149708e+14	2.3716280e-05
9.8208993e+06	2.1167691e+02	8.0342255e+14	2.3480299e-05
9.8316785e+06	2.1167691e+02	7.9542836e+14	2.3246666e-05
9.8424577e+06	2.1167691e+02	7.8751372e+14	2.3015358e-05
9.8532368e+06	2.1167691e+02	7.7967783e+14	2.2786351e-05
9.8640160e+06	2.1167691e+02	7.7191990e+14	2.2559623e-05
9.8747951e+06	2.1167691e+02	7.6423917e+14	2.2335151e-05
9.8855743e+06	2.1167691e+02	7.5663486e+14	2.2112913e-05
9.8963535e+06	2.1167691e+02	7.4910622e+14	2.1892886e-05
9.9071326e+06	2.1167691e+02	7.4165249e+14	2.1675048e-05
9.9179118e+06	2.1167691e+02	7.3427292e+14	2.1459377e-05
9.9286909e+06	2.1167691e+02	7.2696679e+14	2.1245853e-05
9.9394701e+06	2.1167691e+02	7.1973335e+14	2.1034453e-05
9.9502493e+06	2.1167691e+02	7.1257188e+14	2.0825157e-05
9.9610284e+06	2.1167691e+02	7.0548167e+14	2.0617943e-05
9.9718076e+06	2.1167691e+02	6.9846201e+14	2.0412791e-05
9.9825868e+06	2.1167691e+02	6.9151220e+14	2.0209681e-05
9.9933659e+06	2.1167691e+02	6.8463154e+14	2.0008591e-05
1.0004145e+07	2.1167691e+02	6.7781934e+14	1.9809502e-05
1.0014924e+07	2.1167691e+02	6.7107492e+14	1.9612394e-05
1.0025703e+07	2.1167691e+02	6.6439762e+14	1.9417248e-05
1.0036483e+07	2.1167691e+02	6.5778675e+14	1.9224043e-05
1.0047262e+07	2.1167691e+02	6.5124166e+14	1.9032760e-05
1.0058041e+07	2.1167691e+02	6.4476170e+14	1.8843381e-05
1.0068820e+07	2.1167691e+02	6.3834621e+14	1.8655887e-05
1.0079599e+07	2.1167691e+02	6.3199456e+14	1.8470257e-05
1.0090378e+07	2.1167691e+02	6.2570611e+14	1.8286475e-05
1.0101158e+07	2.1167691e+02	6.1948023e+14	1.8104522e-05
1.0111937e+07	2.1167691e+02	6.1331630e+14	1.7924379e-05
1.0122716e+07	2.1167691e+02	6.0721370e+14	1.7746028e-05
1.0133495e+07	2.1167691e+02	6.0117182e+14	1.7569452e-05
1.0144274e+07	2.1167691e+02	5.9519006e+14	1.7394633e-05
1.0155053e+07	2.1167691e+02	5.8926782e+14	1.7221554e-05
1.0165833e+07	2.1167691e+02	5.8340451e+14	1.7050196e-05
1.0176612e+07	2.1167691e+02	5.7759954e+14	1.6880544e-05
1.0187391e+07	2.1167691e+02	5.7185233e+14	1.6712580e-05
1.0198170e+07	2.1167691e+02	5.6616230e+14	1.6546287e-05
1.0208949e+07	2.1167691e+02	5.6052889e+14	1.6381649e-05
1.0219728e+07	2.1167691e+02	5.5495154e+14	1.6218649e-05
1.0230507e+07	2.1167691e+02	5.4942968e+14	1.6057270e-05
1.0241287e+07	2.1167691e+02	5.4396276e+14	1.5897498e-05
1.0252066e+07	2.1167691e+02	5.3855024e+14	1.5739315e-05
1.0262845e+07	2.1167691e+02	5.3319158e+14	1.5582706e-05
1.0273624e+07	2.1167691e+02	5.2788623e+14	1.5427656e-05
1.0284403e+07	2.1167691e+02	5.2263368e+14	1.5274148e-05
1.0295182e+07	2.1167691e+02	5.1743338e+14	1.5122168e-05
1.0305962e+07	2.1167691e+02	5.1228484e+14	1.4971700e-05
1.0316741e+07	2.1167691e+02	5.0718752e+14	1.4822729e-05
1.0327520e+07	2.1167691e+02	5.0214092e+14	1.4675240e-05
1.0338299e+07	2.1167691e+02	4.9714453e+14	1.4529219e-05
1.0349078e+07	2.1167691e+02	4.9219786e+14	1.4384651e-05
1.0359857e+07	2.1167691e+02	4.8730041e+14	1.4241521e-05
1.0370637e+07	2.1167691e+02	4.8245169e+14	1.4099816e-05
1.0381416e+07	2.1167691e+02	4.7765122e+14	1.3959520e-05
1.0392195e+07	2.1167691e+02	4.7289851e+14	1.3820621e-05
1.0402974e+07	2.1167691e+02	4.6819309e+14	1.3683103e-05
1.0413753e+07	2.1167691e+02	4.6353449e+14	1.3546954e-05
1.0424532e+07	2.1167691e+02	4.5892224e+14	1.3412160e-05
1.0435312e+07	2.1167691e+02	4.5435589e+14	1.3278706e-05
1.0446091e+07	2.1167691e+02	4.4983497e+14	1.3146581e-05
1.0456870e+07	2.1167691e+02	4.4535904e+14	1.3015770e-05
1.0467649e+07	2.1167691e+02	4.4092764e+14	1.2886261e-05
1.0478428e+07	2.1167691e+02	4.3654034e+14	1.2758041e-05
1.0489207e+07	2.1167691e+02	4.3219669e+14	1.2631096e-05
1.0499987e+07	2.1167691e+02	4.2789626e+14	1.2505415e-05
1.0510766e+07	2.1167691e+02	4.2363862e+14	1.2380984e-05
1.0521545e+07	2.1167691e+02	4.1942335e+14	1.2257791e-05
1.0532324e+07	2.1167691e+02	4.1525002e+14	1.2135824e-05
1.0543103e+07	2.1167691e+02	4.1111821e+14	1.2015070e-05
1.0553882e+07	2.1167691e+02	4.0702752e+14	1.1895518e-05
1.0564661e+07	2.1167691e+02	4.0297752e+14	1.1777156e-05
1.0575441e+07	2.1167691e+02	3.9896783e+14	1.1659971e-05
1.0586220e+07	2.1167691e+02	3.9499804e+14	1.1543953e-05
1.0596999e+07	2.1167691e+02	3.9106774e+14	1.1429088e-05
1.0607778e+07	2.1167691e+02	3.8717655e+14	1.1315367e-05
1.0618557e+07	2.1167691e+02	3.8332408e+14	1.1202777e-05
1.0629336e+07	2.1167691e+02	3.7950994e+14	1.1091308e-05
1.0640116e+07	2.1167691e+02	3.7573375e+14	1.0980948e-05
1.0650895e+07	2.1167691e+02	3.7199514e+14	1.0871685e-05
1.0661674e+07	2.1167691e+02	3.6829373e+14	1.0763510e-05
1.0672453e+07	2.1167691e+02	3.6462914e+14	1.0656411e-05
1.0683232e+07	2.1167691e+02	3.6100102e+14	1.0550378e-05
1.0694011e+07	2.1167691e+02	3.5740900e+14	1.0445400e-05
1.0704791e+07	2.1167691e+02	3.5385272e+14	1.0341467e-05
1.0715570e+07	2.1167691e+02	3.5033183e+14	1.0238568e-05
1.0726349e+07	2.1167691e+02	3.4684597e+14	1.0136692e-05
1.0737128e+07	2.1167691e+02	3.4339479e+14	1.0035830e-05
1.0747907e+07	2.1167691e+02	3.3997796e+14	9.9359722e-06
1.0758686e+07	2.1167691e+02	3.3659512e+14	9.8371076e-06
1.0769466e+07	2.1167691e+02	3.3324595e+14	9.7392268e-06
1.0780245e+07	2.1167691e+02	3.2993009e+14	9.6423198e-06
1.0791024e+07	2.1167691e+02	3.2664723e+14	9.5463772e-06
1.0801803e+07	2.1167691e+02	3.2339704e+14	9.4513891e-06
1.0812582e+07	2.1167691e+02	3.2017918e+14	9.3573462e-06
1.0823361e+07	2.1167691e+02	3.1699335e+14	9.2642391e-06
1.0834141e+07	2.1167691e+02	3.1383921e+14	9.1720584e-06
1.0844920e+07	2.1167691e+02	3.1071646e+14	9.0807949e-06
1.0855699e+07	2.1167691e+02	3.0762478e+14	8.9904394e-06
1.0866478e+07	2.1167691e+02	3.0456386e+14	8.9009831e-06
1.0877257e+07	2.1167691e+02	3.0153340e+14	8.8124168e-06
1.0888036e+07	2.1167691e+02	2.9853309e+14	8.7247318e-06
1.0898815e+07	2.1167691e+02	2.9556264e+14	8.6379193e-06
1.0909595e+07	2.1167691e+02	2.9262174e+14	8.5519705e-06
1.0920374e+07	2.1167691e+02	2.8971011e+14	8.4668770e-06
1.0931153e+07	2.1167691e+02	2.8682744e+14	8.3826302e-06
1.0941932e+07	2.1167691e+02	2.8397346e+14	8.2992216e-06
