# Formed from form_atmospheric_profiles_paper_model.py
# Z (cm)	T (K)	DEN (cm**-3)	P (bar)
0.0000000e+00	2.5000000e+02	6.0146699e+17	2.0760505e-02
1.2730677e+04	2.5000000e+02	5.9548229e+17	2.0553935e-02
2.5461354e+04	2.5000000e+02	5.8955714e+17	2.0349420e-02
3.8192031e+04	2.5000000e+02	5.8369095e+17	2.0146940e-02
5.0922708e+04	2.5000000e+02	5.7788313e+17	1.9946474e-02
6.3653385e+04	2.5000000e+02	5.7213310e+17	1.9748003e-02
7.6384063e+04	2.5000000e+02	5.6644028e+17	1.9551508e-02
8.9114740e+04	2.5000000e+02	5.6080410e+17	1.9356967e-02
1.0184542e+05	2.5000000e+02	5.5522401e+17	1.9164362e-02
1.1457609e+05	2.5000000e+02	5.4969944e+17	1.8973673e-02
1.2730677e+05	2.5000000e+02	5.4422984e+17	1.8784882e-02
1.4003745e+05	2.5000000e+02	5.3881466e+17	1.8597969e-02
1.5276813e+05	2.5000000e+02	5.3345336e+17	1.8412916e-02
1.6549880e+05	2.5000000e+02	5.2814541e+17	1.8229705e-02
1.7822948e+05	2.5000000e+02	5.2289028e+17	1.8048316e-02
1.9096016e+05	2.5000000e+02	5.1768743e+17	1.7868732e-02
2.0369083e+05	2.5000000e+02	5.1253636e+17	1.7690936e-02
2.1642151e+05	2.5000000e+02	5.0743654e+17	1.7514908e-02
2.2915219e+05	2.5000000e+02	5.0238746e+17	1.7340632e-02
2.4188286e+05	2.5000000e+02	4.9738862e+17	1.7168089e-02
2.5461354e+05	2.5000000e+02	4.9243952e+17	1.6997264e-02
2.6734422e+05	2.5000000e+02	4.8753967e+17	1.6828138e-02
2.8007490e+05	2.5000000e+02	4.8268857e+17	1.6660696e-02
2.9280557e+05	2.5000000e+02	4.7788573e+17	1.6494919e-02
3.0553625e+05	2.5000000e+02	4.7313069e+17	1.6330792e-02
3.1826693e+05	2.5000000e+02	4.6842296e+17	1.6168298e-02
3.3099760e+05	2.5000000e+02	4.6376208e+17	1.6007420e-02
3.4372828e+05	2.5000000e+02	4.5914757e+17	1.5848144e-02
3.5645896e+05	2.5000000e+02	4.5457897e+17	1.5690452e-02
3.6918964e+05	2.5000000e+02	4.5005583e+17	1.5534330e-02
3.8192031e+05	2.5000000e+02	4.4557770e+17	1.5379761e-02
3.9465099e+05	2.5000000e+02	4.4114413e+17	1.5226729e-02
4.0738167e+05	2.5000000e+02	4.3675467e+17	1.5075221e-02
4.2011234e+05	2.5000000e+02	4.3240889e+17	1.4925220e-02
4.3284302e+05	2.5000000e+02	4.2810635e+17	1.4776712e-02
4.4557370e+05	2.5000000e+02	4.2384662e+17	1.4629681e-02
4.5830438e+05	2.5000000e+02	4.1962928e+17	1.4484113e-02
4.7103505e+05	2.5000000e+02	4.1545390e+17	1.4339994e-02
4.8376573e+05	2.5000000e+02	4.1132006e+17	1.4197308e-02
4.9649641e+05	2.5000000e+02	4.0722736e+17	1.4056043e-02
5.0922708e+05	2.5000000e+02	4.0317538e+17	1.3916183e-02
5.2195776e+05	2.5000000e+02	3.9916372e+17	1.3777715e-02
5.3468844e+05	2.5000000e+02	3.9519197e+17	1.3640624e-02
5.4741911e+05	2.5000000e+02	3.9125975e+17	1.3504897e-02
5.6014979e+05	2.5000000e+02	3.8736665e+17	1.3370522e-02
5.7288047e+05	2.5000000e+02	3.8351228e+17	1.3237483e-02
5.8561115e+05	2.5000000e+02	3.7969627e+17	1.3105767e-02
5.9834182e+05	2.5000000e+02	3.7591823e+17	1.2975363e-02
6.1107250e+05	2.5000000e+02	3.7217778e+17	1.2846256e-02
6.2380318e+05	2.5000000e+02	3.6847455e+17	1.2718433e-02
6.3653385e+05	2.5000000e+02	3.6480817e+17	1.2591883e-02
6.4926453e+05	2.5000000e+02	3.6117827e+17	1.2466592e-02
6.6199521e+05	2.5000000e+02	3.5758448e+17	1.2342547e-02
6.7472589e+05	2.5000000e+02	3.5402646e+17	1.2219737e-02
6.8745656e+05	2.5000000e+02	3.5050384e+17	1.2098148e-02
7.0018724e+05	2.5000000e+02	3.4701627e+17	1.1977770e-02
7.1291792e+05	2.5000000e+02	3.4356340e+17	1.1858589e-02
7.2564859e+05	2.5000000e+02	3.4014488e+17	1.1740594e-02
7.3837927e+05	2.5000000e+02	3.3676038e+17	1.1623773e-02
7.5110995e+05	2.5000000e+02	3.3340956e+17	1.1508115e-02
7.6384063e+05	2.5000000e+02	3.3009208e+17	1.1393607e-02
7.7657130e+05	2.5000000e+02	3.2680761e+17	1.1280239e-02
7.8930198e+05	2.5000000e+02	3.2355582e+17	1.1167998e-02
8.0203266e+05	2.5000000e+02	3.2033639e+17	1.1056875e-02
8.1476333e+05	2.5000000e+02	3.1714899e+17	1.0946857e-02
8.2749401e+05	2.5000000e+02	3.1399330e+17	1.0837934e-02
8.4022469e+05	2.5000000e+02	3.1086902e+17	1.0730095e-02
8.5295537e+05	2.5000000e+02	3.0777582e+17	1.0623329e-02
8.6568604e+05	2.5000000e+02	3.0471340e+17	1.0517625e-02
8.7841672e+05	2.5000000e+02	3.0168145e+17	1.0412973e-02
8.9114740e+05	2.5000000e+02	2.9867967e+17	1.0309362e-02
9.0387807e+05	2.5000000e+02	2.9570776e+17	1.0206782e-02
9.1660875e+05	2.5000000e+02	2.9276541e+17	1.0105223e-02
9.2933943e+05	2.5000000e+02	2.8985235e+17	1.0004674e-02
9.4207010e+05	2.5000000e+02	2.8696827e+17	9.9051259e-03
9.5480078e+05	2.5000000e+02	2.8411289e+17	9.8065683e-03
9.6753146e+05	2.5000000e+02	2.8128592e+17	9.7089913e-03
9.8026214e+05	2.5000000e+02	2.7848708e+17	9.6123852e-03
9.9299281e+05	2.5000000e+02	2.7571608e+17	9.5167404e-03
1.0057235e+06	2.5000000e+02	2.7297266e+17	9.4220473e-03
1.0184542e+06	2.5000000e+02	2.7025654e+17	9.3282963e-03
1.0311848e+06	2.5000000e+02	2.6756744e+17	9.2354782e-03
1.0439155e+06	2.5000000e+02	2.6490510e+17	9.1435837e-03
1.0566462e+06	2.5000000e+02	2.6226925e+17	9.0526035e-03
1.0693769e+06	2.5000000e+02	2.5965963e+17	8.9625286e-03
1.0821076e+06	2.5000000e+02	2.5707597e+17	8.8733499e-03
1.0948382e+06	2.5000000e+02	2.5451802e+17	8.7850586e-03
1.1075689e+06	2.5000000e+02	2.5198553e+17	8.6976458e-03
1.1202996e+06	2.5000000e+02	2.4947823e+17	8.6111028e-03
1.1330303e+06	2.5000000e+02	2.4699588e+17	8.5254209e-03
1.1457609e+06	2.5000000e+02	2.4453823e+17	8.4405916e-03
1.1584916e+06	2.5000000e+02	2.4210503e+17	8.3566063e-03
1.1712223e+06	2.5000000e+02	2.3969605e+17	8.2734566e-03
1.1839530e+06	2.5000000e+02	2.3731103e+17	8.1911344e-03
1.1966836e+06	2.5000000e+02	2.3494975e+17	8.1096312e-03
1.2094143e+06	2.5000000e+02	2.3261196e+17	8.0289390e-03
1.2221450e+06	2.5000000e+02	2.3029743e+17	7.9490498e-03
1.2348757e+06	2.5000000e+02	2.2800593e+17	7.8699554e-03
1.2476064e+06	2.5000000e+02	2.2573724e+17	7.7916480e-03
1.2603370e+06	2.5000000e+02	2.2349111e+17	7.7141198e-03
1.2730677e+06	2.5000000e+02	2.2126734e+17	7.6373631e-03
1.2857984e+06	2.5000000e+02	2.1906569e+17	7.5613700e-03
1.2985291e+06	2.5000000e+02	2.1688595e+17	7.4861331e-03
1.3112597e+06	2.5000000e+02	2.1472790e+17	7.4116449e-03
1.3239904e+06	2.5000000e+02	2.1259132e+17	7.3378978e-03
1.3367211e+06	2.5000000e+02	2.1047600e+17	7.2648845e-03
1.3494518e+06	2.5000000e+02	2.0838173e+17	7.1925977e-03
1.3621824e+06	2.5000000e+02	2.0630830e+17	7.1210301e-03
1.3749131e+06	2.5000000e+02	2.0425550e+17	7.0501747e-03
1.3876438e+06	2.5000000e+02	2.0222312e+17	6.9800243e-03
1.4003745e+06	2.5000000e+02	2.0021097e+17	6.9105719e-03
1.4131052e+06	2.5000000e+02	1.9821884e+17	6.8418105e-03
1.4258358e+06	2.5000000e+02	1.9624653e+17	6.7737334e-03
1.4385665e+06	2.5000000e+02	1.9429384e+17	6.7063336e-03
1.4512972e+06	2.5000000e+02	1.9236058e+17	6.6396045e-03
1.4640279e+06	2.5000000e+02	1.9044656e+17	6.5735393e-03
1.4767585e+06	2.5000000e+02	1.8855159e+17	6.5081315e-03
1.4894892e+06	2.5000000e+02	1.8667547e+17	6.4433745e-03
1.5022199e+06	2.5000000e+02	1.8481802e+17	6.3792619e-03
1.5149506e+06	2.5000000e+02	1.8297905e+17	6.3157872e-03
1.5276813e+06	2.5000000e+02	1.8115838e+17	6.2529440e-03
1.5404119e+06	2.5000000e+02	1.7935582e+17	6.1907262e-03
1.5531426e+06	2.5000000e+02	1.7757120e+17	6.1291274e-03
1.5658733e+06	2.5000000e+02	1.7580434e+17	6.0681416e-03
1.5786040e+06	2.5000000e+02	1.7405505e+17	6.0077626e-03
1.5913346e+06	2.5000000e+02	1.7232318e+17	5.9479843e-03
1.6040653e+06	2.5000000e+02	1.7060853e+17	5.8888009e-03
1.6167960e+06	2.5000000e+02	1.6891095e+17	5.8302064e-03
1.6295267e+06	2.5000000e+02	1.6723026e+17	5.7721948e-03
1.6422573e+06	2.5000000e+02	1.6556629e+17	5.7147605e-03
1.6549880e+06	2.5000000e+02	1.6391888e+17	5.6578977e-03
1.6677187e+06	2.5000000e+02	1.6228786e+17	5.6016007e-03
1.6804494e+06	2.5000000e+02	1.6067307e+17	5.5458638e-03
1.6931801e+06	2.5000000e+02	1.5907434e+17	5.4906816e-03
1.7059107e+06	2.5000000e+02	1.5749153e+17	5.4360484e-03
1.7186414e+06	2.5000000e+02	1.5592446e+17	5.3819588e-03
1.7313721e+06	2.5000000e+02	1.5437298e+17	5.3284074e-03
1.7441028e+06	2.5000000e+02	1.5283695e+17	5.2753889e-03
1.7568334e+06	2.5000000e+02	1.5131619e+17	5.2228979e-03
1.7695641e+06	2.5000000e+02	1.4981057e+17	5.1709292e-03
1.7822948e+06	2.5000000e+02	1.4831993e+17	5.1194776e-03
1.7950255e+06	2.5000000e+02	1.4684413e+17	5.0685379e-03
1.8077561e+06	2.5000000e+02	1.4538300e+17	5.0181051e-03
1.8204868e+06	2.5000000e+02	1.4393642e+17	4.9681741e-03
1.8332175e+06	2.5000000e+02	1.4250423e+17	4.9187400e-03
1.8459482e+06	2.5000000e+02	1.4108628e+17	4.8697977e-03
1.8586789e+06	2.5000000e+02	1.3968245e+17	4.8213424e-03
1.8714095e+06	2.5000000e+02	1.3829259e+17	4.7733692e-03
1.8841402e+06	2.5000000e+02	1.3691656e+17	4.7258734e-03
1.8968709e+06	2.5000000e+02	1.3555421e+17	4.6788502e-03
1.9096016e+06	2.5000000e+02	1.3420543e+17	4.6322949e-03
1.9223322e+06	2.5000000e+02	1.3287006e+17	4.5862028e-03
1.9350629e+06	2.5000000e+02	1.3154798e+17	4.5405693e-03
1.9477936e+06	2.5000000e+02	1.3023906e+17	4.4953899e-03
1.9605243e+06	2.5000000e+02	1.2894316e+17	4.4506600e-03
1.9732549e+06	2.5000000e+02	1.2766015e+17	4.4063752e-03
1.9859856e+06	2.5000000e+02	1.2638991e+17	4.3625310e-03
1.9987163e+06	2.5000000e+02	1.2513231e+17	4.3191231e-03
2.0114470e+06	2.5000000e+02	1.2388722e+17	4.2761471e-03
2.0241777e+06	2.5000000e+02	1.2265452e+17	4.2335987e-03
2.0369083e+06	2.5000000e+02	1.2143409e+17	4.1914737e-03
2.0496390e+06	2.5000000e+02	1.2022580e+17	4.1497679e-03
2.0623697e+06	2.5000000e+02	1.1902953e+17	4.1084770e-03
2.0751004e+06	2.5000000e+02	1.1784517e+17	4.0675970e-03
2.0878310e+06	2.5000000e+02	1.1667259e+17	4.0271237e-03
2.1005617e+06	2.5000000e+02	1.1551168e+17	3.9870531e-03
2.1132924e+06	2.5000000e+02	1.1436232e+17	3.9473813e-03
2.1260231e+06	2.5000000e+02	1.1322440e+17	3.9081042e-03
2.1387538e+06	2.5000000e+02	1.1209779e+17	3.8692179e-03
2.1514844e+06	2.5000000e+02	1.1098240e+17	3.8307185e-03
2.1642151e+06	2.5000000e+02	1.0987811e+17	3.7926023e-03
2.1769458e+06	2.5000000e+02	1.0878480e+17	3.7548652e-03
2.1896765e+06	2.5000000e+02	1.0770238e+17	3.7175037e-03
2.2024071e+06	2.5000000e+02	1.0663072e+17	3.6805139e-03
2.2151378e+06	2.5000000e+02	1.0556973e+17	3.6438922e-03
2.2278685e+06	2.5000000e+02	1.0451929e+17	3.6076349e-03
2.2405992e+06	2.5000000e+02	1.0347931e+17	3.5717383e-03
2.2533298e+06	2.5000000e+02	1.0244967e+17	3.5361989e-03
2.2660605e+06	2.5000000e+02	1.0143028e+17	3.5010131e-03
2.2787912e+06	2.5000000e+02	1.0042103e+17	3.4661775e-03
2.2915219e+06	2.5000000e+02	9.9421825e+16	3.4316884e-03
2.3042526e+06	2.5000000e+02	9.8432561e+16	3.3975426e-03
2.3169832e+06	2.5000000e+02	9.7453141e+16	3.3637365e-03
2.3297139e+06	2.5000000e+02	9.6483466e+16	3.3302667e-03
2.3424446e+06	2.5000000e+02	9.5523439e+16	3.2971300e-03
2.3551753e+06	2.5000000e+02	9.4572965e+16	3.2643230e-03
2.3679059e+06	2.5000000e+02	9.3631948e+16	3.2318425e-03
2.3806366e+06	2.5000000e+02	9.2700295e+16	3.1996851e-03
2.3933673e+06	2.5000000e+02	9.1777911e+16	3.1678477e-03
2.4060980e+06	2.5000000e+02	9.0864706e+16	3.1363271e-03
2.4188286e+06	2.5000000e+02	8.9960587e+16	3.1051201e-03
2.4315593e+06	2.5000000e+02	8.9065464e+16	3.0742236e-03
2.4442900e+06	2.5000000e+02	8.8179248e+16	3.0436346e-03
2.4570207e+06	2.5000000e+02	8.7301850e+16	3.0133499e-03
2.4697514e+06	2.5000000e+02	8.6433182e+16	2.9833666e-03
2.4824820e+06	2.5000000e+02	8.5573157e+16	2.9536816e-03
2.4952127e+06	2.5000000e+02	8.4721690e+16	2.9242920e-03
2.5079434e+06	2.5000000e+02	8.3878695e+16	2.8951948e-03
2.5206741e+06	2.5000000e+02	8.3044088e+16	2.8663871e-03
2.5334047e+06	2.5000000e+02	8.2217786e+16	2.8378661e-03
2.5461354e+06	2.5000000e+02	8.1399705e+16	2.8096289e-03
2.5588661e+06	2.5000000e+02	8.0589765e+16	2.7816726e-03
2.5715968e+06	2.5000000e+02	7.9787883e+16	2.7539945e-03
2.5843274e+06	2.5000000e+02	7.8993980e+16	2.7265918e-03
2.5970581e+06	2.5000000e+02	7.8207977e+16	2.6994617e-03
2.6097888e+06	2.5000000e+02	7.7429795e+16	2.6726016e-03
2.6225195e+06	2.5000000e+02	7.6659356e+16	2.6460088e-03
2.6352502e+06	2.5000000e+02	7.5896582e+16	2.6196806e-03
2.6479808e+06	2.5000000e+02	7.5141399e+16	2.5936143e-03
2.6607115e+06	2.5000000e+02	7.4393729e+16	2.5678074e-03
2.6734422e+06	2.5000000e+02	7.3653499e+16	2.5422573e-03
2.6861729e+06	2.5000000e+02	7.2920635e+16	2.5169614e-03
2.6989035e+06	2.5000000e+02	7.2195062e+16	2.4919173e-03
2.7116342e+06	2.5000000e+02	7.1476709e+16	2.4671223e-03
2.7243649e+06	2.5000000e+02	7.0765504e+16	2.4425740e-03
2.7370956e+06	2.5000000e+02	7.0061376e+16	2.4182700e-03
2.7498263e+06	2.5000000e+02	6.9364253e+16	2.3942078e-03
2.7625569e+06	2.5000000e+02	6.8674067e+16	2.3703850e-03
2.7752876e+06	2.5000000e+02	6.7990749e+16	2.3467993e-03
2.7880183e+06	2.5000000e+02	6.7314230e+16	2.3234482e-03
2.8007490e+06	2.5000000e+02	6.6644442e+16	2.3003296e-03
2.8134796e+06	2.5000000e+02	6.5981319e+16	2.2774409e-03
2.8262103e+06	2.5000000e+02	6.5324794e+16	2.2547800e-03
2.8389410e+06	2.5000000e+02	6.4674801e+16	2.2323445e-03
2.8516717e+06	2.5000000e+02	6.4031276e+16	2.2101323e-03
2.8644023e+06	2.5000000e+02	6.3394154e+16	2.1881412e-03
2.8771330e+06	2.5000000e+02	6.2763372e+16	2.1663688e-03
2.8898637e+06	2.5000000e+02	6.2138866e+16	2.1448131e-03
2.9025944e+06	2.5000000e+02	6.1520574e+16	2.1234718e-03
2.9153251e+06	2.5000000e+02	6.0908434e+16	2.1023429e-03
2.9280557e+06	2.5000000e+02	6.0302385e+16	2.0814243e-03
2.9407864e+06	2.5000000e+02	5.9702366e+16	2.0607137e-03
2.9535171e+06	2.5000000e+02	5.9108318e+16	2.0402093e-03
2.9662478e+06	2.5000000e+02	5.8520180e+16	2.0199089e-03
2.9789784e+06	2.5000000e+02	5.7937895e+16	1.9998104e-03
2.9917091e+06	2.5000000e+02	5.7361403e+16	1.9799120e-03
3.0044398e+06	2.5000000e+02	5.6790647e+16	1.9602115e-03
3.0171705e+06	2.5000000e+02	5.6225571e+16	1.9407071e-03
3.0299011e+06	2.5000000e+02	5.5666117e+16	1.9213968e-03
3.0426318e+06	2.5000000e+02	5.5112230e+16	1.9022785e-03
3.0553625e+06	2.5000000e+02	5.4563854e+16	1.8833505e-03
3.0680932e+06	2.5000000e+02	5.4020935e+16	1.8646109e-03
3.0808239e+06	2.5000000e+02	5.3483418e+16	1.8460577e-03
3.0935545e+06	2.5000000e+02	5.2951249e+16	1.8276891e-03
3.1062852e+06	2.5000000e+02	5.2424375e+16	1.8095033e-03
3.1190159e+06	2.5000000e+02	5.1902744e+16	1.7914985e-03
3.1317466e+06	2.5000000e+02	5.1386303e+16	1.7736727e-03
3.1444772e+06	2.5000000e+02	5.0875000e+16	1.7560244e-03
3.1572079e+06	2.5000000e+02	5.0368786e+16	1.7385517e-03
3.1699386e+06	2.5000000e+02	4.9867608e+16	1.7212528e-03
3.1826693e+06	2.5000000e+02	4.9371417e+16	1.7041260e-03
3.1954000e+06	2.5000000e+02	4.8880163e+16	1.6871697e-03
3.2081306e+06	2.5000000e+02	4.8393797e+16	1.6703821e-03
3.2208613e+06	2.5000000e+02	4.7912271e+16	1.6537615e-03
3.2335920e+06	2.5000000e+02	4.7435536e+16	1.6373063e-03
3.2463227e+06	2.5000000e+02	4.6963545e+16	1.6210148e-03
3.2590533e+06	2.5000000e+02	4.6496249e+16	1.6048855e-03
3.2717840e+06	2.5000000e+02	4.6033604e+16	1.5889166e-03
3.2845147e+06	2.5000000e+02	4.5575562e+16	1.5731066e-03
3.2972454e+06	2.5000000e+02	4.5122078e+16	1.5574539e-03
3.3099760e+06	2.5000000e+02	4.4673105e+16	1.5419570e-03
3.3227067e+06	2.5000000e+02	4.4228601e+16	1.5266143e-03
3.3354374e+06	2.5000000e+02	4.3788519e+16	1.5114242e-03
3.3481681e+06	2.5000000e+02	4.3352816e+16	1.4963853e-03
3.3608988e+06	2.5000000e+02	4.2921448e+16	1.4814960e-03
3.3736294e+06	2.5000000e+02	4.2494372e+16	1.4667549e-03
3.3863601e+06	2.5000000e+02	4.2071546e+16	1.4521604e-03
3.3990908e+06	2.5000000e+02	4.1652927e+16	1.4377112e-03
3.4118215e+06	2.5000000e+02	4.1238474e+16	1.4234057e-03
3.4245521e+06	2.5000000e+02	4.0828144e+16	1.4092426e-03
3.4372828e+06	2.5000000e+02	4.0421897e+16	1.3952204e-03
3.4500135e+06	2.5000000e+02	4.0019693e+16	1.3813377e-03
3.4627442e+06	2.5000000e+02	3.9621490e+16	1.3675932e-03
3.4754748e+06	2.5000000e+02	3.9227250e+16	1.3539854e-03
3.4882055e+06	2.5000000e+02	3.8836932e+16	1.3405130e-03
3.5009362e+06	2.5000000e+02	3.8450498e+16	1.3271747e-03
3.5136669e+06	2.5000000e+02	3.8067909e+16	1.3139691e-03
3.5263976e+06	2.5000000e+02	3.7689127e+16	1.3008949e-03
3.5391282e+06	2.5000000e+02	3.7314114e+16	1.2879508e-03
3.5518589e+06	2.5000000e+02	3.6942833e+16	1.2751354e-03
3.5645896e+06	2.5000000e+02	3.6575245e+16	1.2624476e-03
3.5773203e+06	2.5000000e+02	3.6211315e+16	1.2498861e-03
3.5900509e+06	2.5000000e+02	3.5851007e+16	1.2374495e-03
3.6027816e+06	2.5000000e+02	3.5494283e+16	1.2251367e-03
3.6155123e+06	2.5000000e+02	3.5141109e+16	1.2129463e-03
3.6282430e+06	2.5000000e+02	3.4791450e+16	1.2008773e-03
3.6409736e+06	2.5000000e+02	3.4445269e+16	1.1889284e-03
3.6537043e+06	2.5000000e+02	3.4102533e+16	1.1770984e-03
3.6664350e+06	2.5000000e+02	3.3763207e+16	1.1653860e-03
3.6791657e+06	2.5000000e+02	3.3427257e+16	1.1537903e-03
3.6918964e+06	2.5000000e+02	3.3094650e+16	1.1423098e-03
3.7046270e+06	2.5000000e+02	3.2765353e+16	1.1309437e-03
3.7173577e+06	2.5000000e+02	3.2439333e+16	1.1196906e-03
3.7300884e+06	2.5000000e+02	3.2116556e+16	1.1085495e-03
3.7428191e+06	2.5000000e+02	3.1796991e+16	1.0975192e-03
3.7555497e+06	2.5000000e+02	3.1480605e+16	1.0865987e-03
3.7682804e+06	2.5000000e+02	3.1167368e+16	1.0757869e-03
3.7810111e+06	2.5000000e+02	3.0857248e+16	1.0650826e-03
3.7937418e+06	2.5000000e+02	3.0550213e+16	1.0544849e-03
3.8064725e+06	2.5000000e+02	3.0246233e+16	1.0439926e-03
3.8192031e+06	2.5000000e+02	2.9945278e+16	1.0336047e-03
3.8319338e+06	2.5000000e+02	2.9647318e+16	1.0233202e-03
3.8446645e+06	2.5000000e+02	2.9352322e+16	1.0131380e-03
3.8573952e+06	2.5000000e+02	2.9060261e+16	1.0030571e-03
3.8701258e+06	2.5000000e+02	2.8771107e+16	9.9307647e-04
3.8828565e+06	2.5000000e+02	2.8484830e+16	9.8319520e-04
3.8955872e+06	2.5000000e+02	2.8201401e+16	9.7341224e-04
3.9083179e+06	2.5000000e+02	2.7920792e+16	9.6372663e-04
3.9210485e+06	2.5000000e+02	2.7642976e+16	9.5413739e-04
3.9337792e+06	2.5000000e+02	2.7367924e+16	9.4464356e-04
3.9465099e+06	2.5000000e+02	2.7095608e+16	9.3524420e-04
3.9592406e+06	2.5000000e+02	2.6826002e+16	9.2593837e-04
3.9719713e+06	2.5000000e+02	2.6559079e+16	9.1672513e-04
3.9847019e+06	2.5000000e+02	2.6294812e+16	9.0760356e-04
3.9974326e+06	2.5000000e+02	2.6033174e+16	8.9857275e-04
4.0101633e+06	2.5000000e+02	2.5774140e+16	8.8963180e-04
4.0228940e+06	2.5000000e+02	2.5517683e+16	8.8077982e-04
4.0356246e+06	2.5000000e+02	2.5263778e+16	8.7201591e-04
4.0483553e+06	2.5000000e+02	2.5012399e+16	8.6333921e-04
4.0610860e+06	2.5000000e+02	2.4763521e+16	8.5474884e-04
4.0738167e+06	2.5000000e+02	2.4517120e+16	8.4624395e-04
4.0865473e+06	2.5000000e+02	2.4273171e+16	8.3782368e-04
4.0992780e+06	2.5000000e+02	2.4031649e+16	8.2948720e-04
4.1120087e+06	2.5000000e+02	2.3792530e+16	8.2123366e-04
4.1247394e+06	2.5000000e+02	2.3555790e+16	8.1306225e-04
4.1374701e+06	2.5000000e+02	2.3321406e+16	8.0497215e-04
4.1502007e+06	2.5000000e+02	2.3089354e+16	7.9696254e-04
4.1629314e+06	2.5000000e+02	2.2859611e+16	7.8903263e-04
4.1756621e+06	2.5000000e+02	2.2632154e+16	7.8118162e-04
4.1883928e+06	2.5000000e+02	2.2406961e+16	7.7340874e-04
4.2011234e+06	2.5000000e+02	2.2184008e+16	7.6571319e-04
4.2138541e+06	2.5000000e+02	2.1963273e+16	7.5809422e-04
4.2265848e+06	2.5000000e+02	2.1744735e+16	7.5055105e-04
4.2393155e+06	2.5000000e+02	2.1528371e+16	7.4308295e-04
4.2520461e+06	2.5000000e+02	2.1314160e+16	7.3568915e-04
4.2647768e+06	2.5000000e+02	2.1102081e+16	7.2836892e-04
4.2775075e+06	2.5000000e+02	2.0892112e+16	7.2112153e-04
4.2902382e+06	2.5000000e+02	2.0684232e+16	7.1394625e-04
4.3029689e+06	2.5000000e+02	2.0478420e+16	7.0684236e-04
4.3156995e+06	2.5000000e+02	2.0274656e+16	6.9980916e-04
4.3284302e+06	2.5000000e+02	2.0072920e+16	6.9284595e-04
4.3411609e+06	2.5000000e+02	1.9873191e+16	6.8595201e-04
4.3538916e+06	2.5000000e+02	1.9675450e+16	6.7912668e-04
4.3666222e+06	2.5000000e+02	1.9479676e+16	6.7236925e-04
4.3793529e+06	2.5000000e+02	1.9285850e+16	6.6567907e-04
4.3920836e+06	2.5000000e+02	1.9093952e+16	6.5905545e-04
4.4048143e+06	2.5000000e+02	1.8903964e+16	6.5249774e-04
4.4175450e+06	2.5000000e+02	1.8715867e+16	6.4600528e-04
4.4302756e+06	2.5000000e+02	1.8529641e+16	6.3957742e-04
4.4430063e+06	2.5000000e+02	1.8345268e+16	6.3321352e-04
4.4557370e+06	2.5000000e+02	1.8162729e+16	6.2691294e-04
4.4684677e+06	2.5000000e+02	1.7982007e+16	6.2067505e-04
4.4811983e+06	2.5000000e+02	1.7803083e+16	6.1449923e-04
4.4939290e+06	2.5000000e+02	1.7625940e+16	6.0838486e-04
4.5066597e+06	2.5000000e+02	1.7450558e+16	6.0233133e-04
4.5193904e+06	2.5000000e+02	1.7276923e+16	5.9633803e-04
4.5321210e+06	2.5000000e+02	1.7105014e+16	5.9040437e-04
4.5448517e+06	2.5000000e+02	1.6934817e+16	5.8452975e-04
4.5575824e+06	2.5000000e+02	1.6766312e+16	5.7871358e-04
4.5703131e+06	2.5000000e+02	1.6599485e+16	5.7295528e-04
4.5830438e+06	2.5000000e+02	1.6434317e+16	5.6725428e-04
4.5957744e+06	2.5000000e+02	1.6270793e+16	5.6161001e-04
4.6085051e+06	2.5000000e+02	1.6108896e+16	5.5602190e-04
4.6212358e+06	2.5000000e+02	1.5948610e+16	5.5048939e-04
4.6339665e+06	2.5000000e+02	1.5789918e+16	5.4501192e-04
4.6466971e+06	2.5000000e+02	1.5632806e+16	5.3958897e-04
4.6594278e+06	2.5000000e+02	1.5477257e+16	5.3421997e-04
4.6721585e+06	2.5000000e+02	1.5323256e+16	5.2890439e-04
4.6848892e+06	2.5000000e+02	1.5170787e+16	5.2364170e-04
4.6976198e+06	2.5000000e+02	1.5019835e+16	5.1843138e-04
4.7103505e+06	2.5000000e+02	1.4870385e+16	5.1327290e-04
4.7230812e+06	2.5000000e+02	1.4722422e+16	5.0816575e-04
4.7358119e+06	2.5000000e+02	1.4575932e+16	5.0310942e-04
4.7485426e+06	2.5000000e+02	1.4430899e+16	4.9810339e-04
4.7612732e+06	2.5000000e+02	1.4287309e+16	4.9314718e-04
4.7740039e+06	2.5000000e+02	1.4145148e+16	4.8824029e-04
4.7867346e+06	2.5000000e+02	1.4004401e+16	4.8338221e-04
4.7994653e+06	2.5000000e+02	1.3865055e+16	4.7857248e-04
4.8121959e+06	2.5000000e+02	1.3727095e+16	4.7381061e-04
4.8249266e+06	2.5000000e+02	1.3590509e+16	4.6909611e-04
4.8376573e+06	2.5000000e+02	1.3455281e+16	4.6442853e-04
4.8503880e+06	2.5000000e+02	1.3321399e+16	4.5980739e-04
4.8631186e+06	2.5000000e+02	1.3188848e+16	4.5523223e-04
4.8758493e+06	2.5000000e+02	1.3057617e+16	4.5070259e-04
4.8885800e+06	2.5000000e+02	1.2927692e+16	4.4621802e-04
4.9013107e+06	2.5000000e+02	1.2799059e+16	4.4177808e-04
4.9140414e+06	2.5000000e+02	1.2671706e+16	4.3738231e-04
4.9267720e+06	2.5000000e+02	1.2545621e+16	4.3303029e-04
4.9395027e+06	2.5000000e+02	1.2420790e+16	4.2872156e-04
4.9522334e+06	2.5000000e+02	1.2297201e+16	4.2445571e-04
4.9649641e+06	2.5000000e+02	1.2174842e+16	4.2023231e-04
4.9776947e+06	2.5000000e+02	1.2053700e+16	4.1605093e-04
4.9904254e+06	2.5000000e+02	1.1933764e+16	4.1191115e-04
5.0031561e+06	2.5000000e+02	1.1815021e+16	4.0781257e-04
5.0158868e+06	2.5000000e+02	1.1697459e+16	4.0375476e-04
5.0286175e+06	2.5000000e+02	1.1581068e+16	3.9973734e-04
5.0413481e+06	2.5000000e+02	1.1465834e+16	3.9575988e-04
5.0540788e+06	2.5000000e+02	1.1351747e+16	3.9182201e-04
5.0668095e+06	2.5000000e+02	1.1238795e+16	3.8792331e-04
5.0795402e+06	2.5000000e+02	1.1126967e+16	3.8406341e-04
5.0922708e+06	2.5000000e+02	1.1016252e+16	3.8024192e-04
5.1050015e+06	2.5000000e+02	1.0906639e+16	3.7645845e-04
5.1177322e+06	2.5000000e+02	1.0798116e+16	3.7271262e-04
5.1304629e+06	2.5000000e+02	1.0690673e+16	3.6900407e-04
5.1431935e+06	2.5000000e+02	1.0584299e+16	3.6533242e-04
5.1559242e+06	2.5000000e+02	1.0478983e+16	3.6169730e-04
5.1686549e+06	2.5000000e+02	1.0374716e+16	3.5809835e-04
5.1813856e+06	2.5000000e+02	1.0271485e+16	3.5453521e-04
5.1941163e+06	2.5000000e+02	1.0169282e+16	3.5100753e-04
5.2068469e+06	2.5000000e+02	1.0068096e+16	3.4751495e-04
5.2195776e+06	2.5000000e+02	9.9679172e+15	3.4405711e-04
5.2323083e+06	2.5000000e+02	9.8687347e+15	3.4063369e-04
5.2450390e+06	2.5000000e+02	9.7705392e+15	3.3724433e-04
5.2577696e+06	2.5000000e+02	9.6733207e+15	3.3388869e-04
5.2705003e+06	2.5000000e+02	9.5770696e+15	3.3056644e-04
5.2832310e+06	2.5000000e+02	9.4817761e+15	3.2727725e-04
5.2959617e+06	2.5000000e+02	9.3874309e+15	3.2402079e-04
5.3086923e+06	2.5000000e+02	9.2940244e+15	3.2079673e-04
5.3214230e+06	2.5000000e+02	9.2015473e+15	3.1760475e-04
5.3341537e+06	2.5000000e+02	9.1099904e+15	3.1444453e-04
5.3468844e+06	2.5000000e+02	9.0193444e+15	3.1131575e-04
5.3596151e+06	2.5000000e+02	8.9296005e+15	3.0821811e-04
5.3723457e+06	2.5000000e+02	8.8407495e+15	3.0515129e-04
5.3850764e+06	2.5000000e+02	8.7527825e+15	3.0211498e-04
5.3978071e+06	2.5000000e+02	8.6656909e+15	2.9910889e-04
5.4105378e+06	2.5000000e+02	8.5794658e+15	2.9613270e-04
5.4232684e+06	2.5000000e+02	8.4940987e+15	2.9318613e-04
5.4359991e+06	2.5000000e+02	8.4095810e+15	2.9026888e-04
5.4487298e+06	2.5000000e+02	8.3259043e+15	2.8738066e-04
5.4614605e+06	2.5000000e+02	8.2430602e+15	2.8452117e-04
5.4741911e+06	2.5000000e+02	8.1610403e+15	2.8169014e-04
5.4869218e+06	2.5000000e+02	8.0798366e+15	2.7888728e-04
5.4996525e+06	2.5000000e+02	7.9994409e+15	2.7611230e-04
5.5123832e+06	2.5000000e+02	7.9198451e+15	2.7336494e-04
5.5251139e+06	2.5000000e+02	7.8410414e+15	2.7064491e-04
5.5378445e+06	2.5000000e+02	7.7630217e+15	2.6795195e-04
5.5505752e+06	2.5000000e+02	7.6857783e+15	2.6528578e-04
5.5633059e+06	2.5000000e+02	7.6093036e+15	2.6264615e-04
5.5760366e+06	2.5000000e+02	7.5335897e+15	2.6003277e-04
5.5887672e+06	2.5000000e+02	7.4586293e+15	2.5744540e-04
5.6014979e+06	2.5000000e+02	7.3844147e+15	2.5488378e-04
5.6142286e+06	2.5000000e+02	7.3109385e+15	2.5234764e-04
5.6269593e+06	2.5000000e+02	7.2381935e+15	2.4983674e-04
5.6396900e+06	2.5000000e+02	7.1661722e+15	2.4735083e-04
5.6524206e+06	2.5000000e+02	7.0948676e+15	2.4488964e-04
5.6651513e+06	2.5000000e+02	7.0242725e+15	2.4245295e-04
5.6778820e+06	2.5000000e+02	6.9543798e+15	2.4004050e-04
5.6906127e+06	2.5000000e+02	6.8851826e+15	2.3765206e-04
5.7033433e+06	2.5000000e+02	6.8166739e+15	2.3528738e-04
5.7160740e+06	2.5000000e+02	6.7488468e+15	2.3294623e-04
5.7288047e+06	2.5000000e+02	6.6816947e+15	2.3062838e-04
5.7415354e+06	2.5000000e+02	6.6152107e+15	2.2833359e-04
5.7542660e+06	2.5000000e+02	6.5493883e+15	2.2606163e-04
5.7669967e+06	2.5000000e+02	6.4842208e+15	2.2381228e-04
5.7797274e+06	2.5000000e+02	6.4197017e+15	2.2158531e-04
5.7924581e+06	2.5000000e+02	6.3558246e+15	2.1938050e-04
5.8051888e+06	2.5000000e+02	6.2925831e+15	2.1719763e-04
5.8179194e+06	2.5000000e+02	6.2299708e+15	2.1503648e-04
5.8306501e+06	2.5000000e+02	6.1679816e+15	2.1289683e-04
5.8433808e+06	2.5000000e+02	6.1066092e+15	2.1077847e-04
5.8561115e+06	2.5000000e+02	6.0458474e+15	2.0868119e-04
5.8688421e+06	2.5000000e+02	5.9856902e+15	2.0660478e-04
5.8815728e+06	2.5000000e+02	5.9261316e+15	2.0454902e-04
5.8943035e+06	2.5000000e+02	5.8671656e+15	2.0251373e-04
5.9070342e+06	2.5000000e+02	5.8087863e+15	2.0049868e-04
5.9197648e+06	2.5000000e+02	5.7509879e+15	1.9850369e-04
5.9324955e+06	2.5000000e+02	5.6937646e+15	1.9652854e-04
5.9452262e+06	2.5000000e+02	5.6371107e+15	1.9457305e-04
5.9579569e+06	2.5000000e+02	5.5810205e+15	1.9263702e-04
5.9706876e+06	2.5000000e+02	5.5254885e+15	1.9072025e-04
5.9834182e+06	2.5000000e+02	5.4705089e+15	1.8882255e-04
5.9961489e+06	2.5000000e+02	5.4160765e+15	1.8694373e-04
6.0088796e+06	2.5000000e+02	5.3621856e+15	1.8508361e-04
6.0216103e+06	2.5000000e+02	5.3088310e+15	1.8324200e-04
6.0343409e+06	2.5000000e+02	5.2560072e+15	1.8141871e-04
6.0470716e+06	2.5000000e+02	5.2037091e+15	1.7961356e-04
6.0598023e+06	2.5000000e+02	5.1519313e+15	1.7782638e-04
6.0725330e+06	2.5000000e+02	5.1006687e+15	1.7605698e-04
6.0852637e+06	2.5000000e+02	5.0499162e+15	1.7430518e-04
6.0979943e+06	2.5000000e+02	4.9996687e+15	1.7257082e-04
6.1107250e+06	2.5000000e+02	4.9499212e+15	1.7085371e-04
6.1234557e+06	2.5000000e+02	4.9006686e+15	1.6915368e-04
6.1361864e+06	2.5000000e+02	4.8519062e+15	1.6747058e-04
6.1489170e+06	2.5000000e+02	4.8036289e+15	1.6580422e-04
6.1616477e+06	2.5000000e+02	4.7558320e+15	1.6415444e-04
6.1743784e+06	2.5000000e+02	4.7085107e+15	1.6252107e-04
6.1871091e+06	2.5000000e+02	4.6616602e+15	1.6090396e-04
6.1998397e+06	2.5000000e+02	4.6152759e+15	1.5930294e-04
6.2125704e+06	2.5000000e+02	4.5693532e+15	1.5771785e-04
6.2253011e+06	2.5000000e+02	4.5238873e+15	1.5614853e-04
6.2380318e+06	2.5000000e+02	4.4788739e+15	1.5459483e-04
6.2507625e+06	2.5000000e+02	4.4343084e+15	1.5305658e-04
6.2634931e+06	2.5000000e+02	4.3901863e+15	1.5153364e-04
6.2762238e+06	2.5000000e+02	4.3465032e+15	1.5002586e-04
6.2889545e+06	2.5000000e+02	4.3032547e+15	1.4853308e-04
6.3016852e+06	2.5000000e+02	4.2604366e+15	1.4705515e-04
6.3144158e+06	2.5000000e+02	4.2180446e+15	1.4559193e-04
6.3271465e+06	2.5000000e+02	4.1760743e+15	1.4414326e-04
6.3398772e+06	2.5000000e+02	4.1345217e+15	1.4270901e-04
6.3526079e+06	2.5000000e+02	4.0933825e+15	1.4128903e-04
6.3653385e+06	2.5000000e+02	4.0526527e+15	1.3988318e-04
6.3780692e+06	2.5000000e+02	4.0123281e+15	1.3849132e-04
6.3907999e+06	2.5000000e+02	3.9724048e+15	1.3711331e-04
6.4035306e+06	2.5000000e+02	3.9328787e+15	1.3574901e-04
6.4162613e+06	2.5000000e+02	3.8937459e+15	1.3439829e-04
6.4289919e+06	2.5000000e+02	3.8550025e+15	1.3306100e-04
6.4417226e+06	2.5000000e+02	3.8166446e+15	1.3173702e-04
6.4544533e+06	2.5000000e+02	3.7786683e+15	1.3042622e-04
6.4671840e+06	2.5000000e+02	3.7410699e+15	1.2912845e-04
6.4799146e+06	2.5000000e+02	3.7038457e+15	1.2784360e-04
6.4926453e+06	2.5000000e+02	3.6669918e+15	1.2657154e-04
6.5053760e+06	2.5000000e+02	3.6305046e+15	1.2531213e-04
6.5181067e+06	2.5000000e+02	3.5943805e+15	1.2406525e-04
6.5308373e+06	2.5000000e+02	3.5586158e+15	1.2283078e-04
6.5435680e+06	2.5000000e+02	3.5232070e+15	1.2160860e-04
6.5562987e+06	2.5000000e+02	3.4881505e+15	1.2039857e-04
6.5690294e+06	2.5000000e+02	3.4534428e+15	1.1920059e-04
6.5817601e+06	2.5000000e+02	3.4190805e+15	1.1801452e-04
6.5944907e+06	2.5000000e+02	3.3850601e+15	1.1684026e-04
6.6072214e+06	2.5000000e+02	3.3513782e+15	1.1567768e-04
6.6199521e+06	2.5000000e+02	3.3180314e+15	1.1452666e-04
6.6326828e+06	2.5000000e+02	3.2850164e+15	1.1338711e-04
6.6454134e+06	2.5000000e+02	3.2523300e+15	1.1225888e-04
6.6581441e+06	2.5000000e+02	3.2199687e+15	1.1114189e-04
6.6708748e+06	2.5000000e+02	3.1879295e+15	1.1003601e-04
6.6836055e+06	2.5000000e+02	3.1562091e+15	1.0894113e-04
6.6963362e+06	2.5000000e+02	3.1248043e+15	1.0785715e-04
6.7090668e+06	2.5000000e+02	3.0937120e+15	1.0678395e-04
6.7217975e+06	2.5000000e+02	3.0629290e+15	1.0572144e-04
6.7345282e+06	2.5000000e+02	3.0324524e+15	1.0466949e-04
6.7472589e+06	2.5000000e+02	3.0022790e+15	1.0362801e-04
6.7599895e+06	2.5000000e+02	2.9724058e+15	1.0259690e-04
6.7727202e+06	2.5000000e+02	2.9428299e+15	1.0157604e-04
6.7854509e+06	2.5000000e+02	2.9135482e+15	1.0056534e-04
6.7981816e+06	2.5000000e+02	2.8845579e+15	9.9564699e-05
6.8109122e+06	2.5000000e+02	2.8558561e+15	9.8574014e-05
6.8236429e+06	2.5000000e+02	2.8274398e+15	9.7593186e-05
6.8363736e+06	2.5000000e+02	2.7993063e+15	9.6622118e-05
6.8491043e+06	2.5000000e+02	2.7714528e+15	9.5660711e-05
6.8618350e+06	2.5000000e+02	2.7438764e+15	9.4708871e-05
6.8745656e+06	2.5000000e+02	2.7165743e+15	9.3766502e-05
6.8872963e+06	2.5000000e+02	2.6895440e+15	9.2833510e-05
6.9000270e+06	2.5000000e+02	2.6627826e+15	9.1909801e-05
6.9127577e+06	2.5000000e+02	2.6362874e+15	9.0995283e-05
6.9254883e+06	2.5000000e+02	2.6100559e+15	9.0089865e-05
6.9382190e+06	2.5000000e+02	2.5840854e+15	8.9193456e-05
6.9509497e+06	2.5000000e+02	2.5583734e+15	8.8305966e-05
6.9636804e+06	2.5000000e+02	2.5329171e+15	8.7427307e-05
6.9764110e+06	2.5000000e+02	2.5077142e+15	8.6557391e-05
6.9891417e+06	2.5000000e+02	2.4827620e+15	8.5696131e-05
7.0018724e+06	2.5000000e+02	2.4580581e+15	8.4843440e-05
7.0146031e+06	2.5000000e+02	2.4336000e+15	8.3999234e-05
7.0273338e+06	2.5000000e+02	2.4093853e+15	8.3163427e-05
7.0400644e+06	2.5000000e+02	2.3854115e+15	8.2335937e-05
7.0527951e+06	2.5000000e+02	2.3616763e+15	8.1516681e-05
7.0655258e+06	2.5000000e+02	2.3381772e+15	8.0705577e-05
7.0782565e+06	2.5000000e+02	2.3149120e+15	7.9902543e-05
7.0909871e+06	2.5000000e+02	2.2918782e+15	7.9107499e-05
7.1037178e+06	2.5000000e+02	2.2690736e+15	7.8320366e-05
7.1164485e+06	2.5000000e+02	2.2464960e+15	7.7541066e-05
7.1291792e+06	2.5000000e+02	2.2241430e+15	7.6769519e-05
7.1419098e+06	2.5000000e+02	2.2020124e+15	7.6005650e-05
7.1546405e+06	2.5000000e+02	2.1801020e+15	7.5249381e-05
7.1673712e+06	2.5000000e+02	2.1584096e+15	7.4500637e-05
7.1801019e+06	2.5000000e+02	2.1369331e+15	7.3759343e-05
7.1928326e+06	2.5000000e+02	2.1156702e+15	7.3025425e-05
7.2055632e+06	2.5000000e+02	2.0946190e+15	7.2298810e-05
7.2182939e+06	2.5000000e+02	2.0737771e+15	7.1579425e-05
7.2310246e+06	2.5000000e+02	2.0531427e+15	7.0867198e-05
7.2437553e+06	2.5000000e+02	2.0327136e+15	7.0162058e-05
7.2564859e+06	2.5000000e+02	2.0124878e+15	6.9463933e-05
7.2692166e+06	2.5000000e+02	1.9924632e+15	6.8772756e-05
7.2819473e+06	2.5000000e+02	1.9726378e+15	6.8088455e-05
7.2946780e+06	2.5000000e+02	1.9530098e+15	6.7410964e-05
7.3074087e+06	2.5000000e+02	1.9335770e+15	6.6740214e-05
7.3201393e+06	2.5000000e+02	1.9143376e+15	6.6076137e-05
7.3328700e+06	2.5000000e+02	1.8952896e+15	6.5418669e-05
7.3456007e+06	2.5000000e+02	1.8764312e+15	6.4767742e-05
7.3583314e+06	2.5000000e+02	1.8577604e+15	6.4123292e-05
7.3710620e+06	2.5000000e+02	1.8392753e+15	6.3485255e-05
7.3837927e+06	2.5000000e+02	1.8209742e+15	6.2853566e-05
7.3965234e+06	2.5000000e+02	1.8028552e+15	6.2228163e-05
7.4092541e+06	2.5000000e+02	1.7849165e+15	6.1608982e-05
7.4219847e+06	2.5000000e+02	1.7671563e+15	6.0995963e-05
7.4347154e+06	2.5000000e+02	1.7495728e+15	6.0389043e-05
7.4474461e+06	2.5000000e+02	1.7321643e+15	5.9788162e-05
7.4601768e+06	2.5000000e+02	1.7149290e+15	5.9193259e-05
7.4729075e+06	2.5000000e+02	1.6978651e+15	5.8604277e-05
7.4856381e+06	2.5000000e+02	1.6809711e+15	5.8021154e-05
7.4983688e+06	2.5000000e+02	1.6642451e+15	5.7443834e-05
7.5110995e+06	2.5000000e+02	1.6476856e+15	5.6872259e-05
7.5238302e+06	2.5000000e+02	1.6312909e+15	5.6306370e-05
7.5365608e+06	2.5000000e+02	1.6150593e+15	5.5746112e-05
7.5492915e+06	2.5000000e+02	1.5989892e+15	5.5191429e-05
7.5620222e+06	2.5000000e+02	1.5830789e+15	5.4642265e-05
7.5747529e+06	2.5000000e+02	1.5673271e+15	5.4098566e-05
7.5874835e+06	2.5000000e+02	1.5517319e+15	5.3560276e-05
7.6002142e+06	2.5000000e+02	1.5362919e+15	5.3027342e-05
7.6129449e+06	2.5000000e+02	1.5210055e+15	5.2499712e-05
7.6256756e+06	2.5000000e+02	1.5058713e+15	5.1977331e-05
7.6384063e+06	2.5000000e+02	1.4908876e+15	5.1460148e-05
7.6511369e+06	2.5000000e+02	1.4760530e+15	5.0948111e-05
7.6638676e+06	2.5000000e+02	1.4613661e+15	5.0441168e-05
7.6765983e+06	2.5000000e+02	1.4468252e+15	4.9939270e-05
7.6893290e+06	2.5000000e+02	1.4324291e+15	4.9442366e-05
7.7020596e+06	2.5000000e+02	1.4181762e+15	4.8950407e-05
7.7147903e+06	2.5000000e+02	1.4040651e+15	4.8463342e-05
7.7275210e+06	2.5000000e+02	1.3900944e+15	4.7981124e-05
7.7402517e+06	2.5000000e+02	1.3762627e+15	4.7503703e-05
7.7529823e+06	2.5000000e+02	1.3625687e+15	4.7031034e-05
7.7657130e+06	2.5000000e+02	1.3490109e+15	4.6563067e-05
7.7784437e+06	2.5000000e+02	1.3355880e+15	4.6099757e-05
7.7911744e+06	2.5000000e+02	1.3222987e+15	4.5641057e-05
7.8039051e+06	2.5000000e+02	1.3091416e+15	4.5186920e-05
7.8166357e+06	2.5000000e+02	1.2961154e+15	4.4737303e-05
7.8293664e+06	2.5000000e+02	1.2832189e+15	4.4292159e-05
7.8420971e+06	2.5000000e+02	1.2704506e+15	4.3851445e-05
7.8548278e+06	2.5000000e+02	1.2578094e+15	4.3415116e-05
7.8675584e+06	2.5000000e+02	1.2452940e+15	4.2983128e-05
7.8802891e+06	2.5000000e+02	1.2329031e+15	4.2555439e-05
7.8930198e+06	2.5000000e+02	1.2206355e+15	4.2132005e-05
7.9057505e+06	2.5000000e+02	1.2084900e+15	4.1712785e-05
7.9184812e+06	2.5000000e+02	1.1964653e+15	4.1297736e-05
7.9312118e+06	2.5000000e+02	1.1845603e+15	4.0886816e-05
7.9439425e+06	2.5000000e+02	1.1727737e+15	4.0479986e-05
7.9566732e+06	2.5000000e+02	1.1611044e+15	4.0077203e-05
7.9694039e+06	2.5000000e+02	1.1495513e+15	3.9678428e-05
7.9821345e+06	2.5000000e+02	1.1381130e+15	3.9283621e-05
7.9948652e+06	2.5000000e+02	1.1267886e+15	3.8892743e-05
8.0075959e+06	2.5000000e+02	1.1155769e+15	3.8505754e-05
8.0203266e+06	2.5000000e+02	1.1044767e+15	3.8122615e-05
8.0330572e+06	2.5000000e+02	1.0934870e+15	3.7743289e-05
8.0457879e+06	2.5000000e+02	1.0826066e+15	3.7367737e-05
8.0585186e+06	2.5000000e+02	1.0718345e+15	3.6995921e-05
8.0712493e+06	2.5000000e+02	1.0611696e+15	3.6627806e-05
8.0839800e+06	2.5000000e+02	1.0506107e+15	3.6263353e-05
8.0967106e+06	2.5000000e+02	1.0401570e+15	3.5902527e-05
8.1094413e+06	2.5000000e+02	1.0298073e+15	3.5545291e-05
8.1221720e+06	2.5000000e+02	1.0195605e+15	3.5191609e-05
8.1349027e+06	2.5000000e+02	1.0094157e+15	3.4841447e-05
8.1476333e+06	2.5000000e+02	9.9937185e+14	3.4494768e-05
8.1603640e+06	2.5000000e+02	9.8942793e+14	3.4151540e-05
8.1730947e+06	2.5000000e+02	9.7958296e+14	3.3811726e-05
8.1858254e+06	2.5000000e+02	9.6983595e+14	3.3475294e-05
8.1985560e+06	2.5000000e+02	9.6018592e+14	3.3142209e-05
8.2112867e+06	2.5000000e+02	9.5063191e+14	3.2812439e-05
8.2240174e+06	2.5000000e+02	9.4117296e+14	3.2485950e-05
8.2367481e+06	2.5000000e+02	9.3180814e+14	3.2162709e-05
8.2494788e+06	2.5000000e+02	9.2253649e+14	3.1842685e-05
8.2622094e+06	2.5000000e+02	9.1335710e+14	3.1525845e-05
8.2749401e+06	2.5000000e+02	9.0426904e+14	3.1212157e-05
8.2876708e+06	2.5000000e+02	8.9527142e+14	3.0901591e-05
8.3004015e+06	2.5000000e+02	8.8636332e+14	3.0594115e-05
8.3131321e+06	2.5000000e+02	8.7754386e+14	3.0289699e-05
8.3258628e+06	2.5000000e+02	8.6881215e+14	2.9988311e-05
8.3385935e+06	2.5000000e+02	8.6016732e+14	2.9689922e-05
8.3513242e+06	2.5000000e+02	8.5160851e+14	2.9394503e-05
8.3640548e+06	2.5000000e+02	8.4313487e+14	2.9102023e-05
8.3767855e+06	2.5000000e+02	8.3474554e+14	2.8812453e-05
8.3895162e+06	2.5000000e+02	8.2643968e+14	2.8525764e-05
8.4022469e+06	2.5000000e+02	8.1821647e+14	2.8241928e-05
8.4149776e+06	2.5000000e+02	8.1007508e+14	2.7960916e-05
8.4277082e+06	2.5000000e+02	8.0201470e+14	2.7682700e-05
8.4404389e+06	2.5000000e+02	7.9403452e+14	2.7407253e-05
8.4531696e+06	2.5000000e+02	7.8613374e+14	2.7134546e-05
8.4659003e+06	2.5000000e+02	7.7831158e+14	2.6864553e-05
8.4786309e+06	2.5000000e+02	7.7056725e+14	2.6597246e-05
8.4913616e+06	2.5000000e+02	7.6289998e+14	2.6332599e-05
8.5040923e+06	2.5000000e+02	7.5530900e+14	2.6070585e-05
8.5168230e+06	2.5000000e+02	7.4779355e+14	2.5811179e-05
8.5295537e+06	2.5000000e+02	7.4035288e+14	2.5554353e-05
8.5422843e+06	2.5000000e+02	7.3298624e+14	2.5300083e-05
8.5550150e+06	2.5000000e+02	7.2569291e+14	2.5048343e-05
8.5677457e+06	2.5000000e+02	7.1847214e+14	2.4799108e-05
8.5804764e+06	2.5000000e+02	7.1132322e+14	2.4552353e-05
8.5932070e+06	2.5000000e+02	7.0424544e+14	2.4308053e-05
8.6059377e+06	2.5000000e+02	6.9723808e+14	2.4066183e-05
8.6186684e+06	2.5000000e+02	6.9030045e+14	2.3826721e-05
8.6313991e+06	2.5000000e+02	6.8343184e+14	2.3589641e-05
8.6441297e+06	2.5000000e+02	6.7663158e+14	2.3354920e-05
8.6568604e+06	2.5000000e+02	6.6989898e+14	2.3122535e-05
8.6695911e+06	2.5000000e+02	6.6323338e+14	2.2892462e-05
8.6823218e+06	2.5000000e+02	6.5663410e+14	2.2664678e-05
8.6950525e+06	2.5000000e+02	6.5010048e+14	2.2439161e-05
8.7077831e+06	2.5000000e+02	6.4363187e+14	2.2215887e-05
8.7205138e+06	2.5000000e+02	6.3722763e+14	2.1994835e-05
8.7332445e+06	2.5000000e+02	6.3088710e+14	2.1775983e-05
8.7459752e+06	2.5000000e+02	6.2460967e+14	2.1559309e-05
8.7587058e+06	2.5000000e+02	6.1839470e+14	2.1344790e-05
8.7714365e+06	2.5000000e+02	6.1224157e+14	2.1132406e-05
8.7841672e+06	2.5000000e+02	6.0614967e+14	2.0922135e-05
8.7968979e+06	2.5000000e+02	6.0011838e+14	2.0713956e-05
8.8096285e+06	2.5000000e+02	5.9414710e+14	2.0507849e-05
8.8223592e+06	2.5000000e+02	5.8823524e+14	2.0303792e-05
8.8350899e+06	2.5000000e+02	5.8238220e+14	2.0101766e-05
8.8478206e+06	2.5000000e+02	5.7658740e+14	1.9901750e-05
8.8605513e+06	2.5000000e+02	5.7085026e+14	1.9703724e-05
8.8732819e+06	2.5000000e+02	5.6517020e+14	1.9507669e-05
8.8860126e+06	2.5000000e+02	5.5954667e+14	1.9313565e-05
8.8987433e+06	2.5000000e+02	5.5397908e+14	1.9121391e-05
8.9114740e+06	2.5000000e+02	5.4846690e+14	1.8931130e-05
8.9242046e+06	2.5000000e+02	5.4300956e+14	1.8742762e-05
8.9369353e+06	2.5000000e+02	5.3760653e+14	1.8556269e-05
8.9496660e+06	2.5000000e+02	5.3225725e+14	1.8371631e-05
8.9623967e+06	2.5000000e+02	5.2696121e+14	1.8188830e-05
8.9751274e+06	2.5000000e+02	5.2171785e+14	1.8007848e-05
8.9878580e+06	2.5000000e+02	5.1652667e+14	1.7828667e-05
9.0005887e+06	2.5000000e+02	5.1138715e+14	1.7651269e-05
9.0133194e+06	2.5000000e+02	5.0629876e+14	1.7475636e-05
9.0260501e+06	2.5000000e+02	5.0126100e+14	1.7301750e-05
9.0387807e+06	2.5000000e+02	4.9627337e+14	1.7129595e-05
9.0515114e+06	2.5000000e+02	4.9133537e+14	1.6959153e-05
9.0642421e+06	2.5000000e+02	4.8644650e+14	1.6790406e-05
9.0769728e+06	2.5000000e+02	4.8160628e+14	1.6623339e-05
9.0897034e+06	2.5000000e+02	4.7681422e+14	1.6457934e-05
9.1024341e+06	2.5000000e+02	4.7206984e+14	1.6294175e-05
9.1151648e+06	2.5000000e+02	4.6737266e+14	1.6132045e-05
9.1278955e+06	2.5000000e+02	4.6272223e+14	1.5971529e-05
9.1406262e+06	2.5000000e+02	4.5811806e+14	1.5812609e-05
9.1533568e+06	2.5000000e+02	4.5355971e+14	1.5655271e-05
9.1660875e+06	2.5000000e+02	4.4904672e+14	1.5499499e-05
9.1788182e+06	2.5000000e+02	4.4457863e+14	1.5345276e-05
9.1915489e+06	2.5000000e+02	4.4015500e+14	1.5192588e-05
9.2042795e+06	2.5000000e+02	4.3577538e+14	1.5041419e-05
9.2170102e+06	2.5000000e+02	4.3143934e+14	1.4891755e-05
9.2297409e+06	2.5000000e+02	4.2714645e+14	1.4743579e-05
9.2424716e+06	2.5000000e+02	4.2289627e+14	1.4596878e-05
9.2552022e+06	2.5000000e+02	4.1868838e+14	1.4451637e-05
9.2679329e+06	2.5000000e+02	4.1452237e+14	1.4307841e-05
9.2806636e+06	2.5000000e+02	4.1039780e+14	1.4165475e-05
9.2933943e+06	2.5000000e+02	4.0631427e+14	1.4024526e-05
9.3061250e+06	2.5000000e+02	4.0227138e+14	1.3884980e-05
9.3188556e+06	2.5000000e+02	3.9826871e+14	1.3746822e-05
9.3315863e+06	2.5000000e+02	3.9430587e+14	1.3610039e-05
9.3443170e+06	2.5000000e+02	3.9038246e+14	1.3474617e-05
9.3570477e+06	2.5000000e+02	3.8649809e+14	1.3340542e-05
9.3697783e+06	2.5000000e+02	3.8265237e+14	1.3207801e-05
9.3825090e+06	2.5000000e+02	3.7884492e+14	1.3076382e-05
9.3952397e+06	2.5000000e+02	3.7507535e+14	1.2946269e-05
9.4079704e+06	2.5000000e+02	3.7134329e+14	1.2817452e-05
9.4207010e+06	2.5000000e+02	3.6764836e+14	1.2689916e-05
9.4334317e+06	2.5000000e+02	3.6399020e+14	1.2563649e-05
9.4461624e+06	2.5000000e+02	3.6036843e+14	1.2438639e-05
9.4588931e+06	2.5000000e+02	3.5678271e+14	1.2314872e-05
9.4716238e+06	2.5000000e+02	3.5323266e+14	1.2192337e-05
9.4843544e+06	2.5000000e+02	3.4971794e+14	1.2071022e-05
9.4970851e+06	2.5000000e+02	3.4623818e+14	1.1950913e-05
9.5098158e+06	2.5000000e+02	3.4279306e+14	1.1831999e-05
9.5225465e+06	2.5000000e+02	3.3938221e+14	1.1714269e-05
9.5352771e+06	2.5000000e+02	3.3600530e+14	1.1597710e-05
9.5480078e+06	2.5000000e+02	3.3266199e+14	1.1482311e-05
9.5607385e+06	2.5000000e+02	3.2935195e+14	1.1368060e-05
9.5734692e+06	2.5000000e+02	3.2607484e+14	1.1254946e-05
9.5861999e+06	2.5000000e+02	3.2283034e+14	1.1142957e-05
9.5989305e+06	2.5000000e+02	3.1961813e+14	1.1032083e-05
9.6116612e+06	2.5000000e+02	3.1643787e+14	1.0922312e-05
9.6243919e+06	2.5000000e+02	3.1328926e+14	1.0813633e-05
9.6371226e+06	2.5000000e+02	3.1017198e+14	1.0706036e-05
9.6498532e+06	2.5000000e+02	3.0708572e+14	1.0599509e-05
9.6625839e+06	2.5000000e+02	3.0403017e+14	1.0494042e-05
9.6753146e+06	2.5000000e+02	3.0100502e+14	1.0389625e-05
9.6880453e+06	2.5000000e+02	2.9800997e+14	1.0286246e-05
9.7007759e+06	2.5000000e+02	2.9504472e+14	1.0183896e-05
9.7135066e+06	2.5000000e+02	2.9210897e+14	1.0082565e-05
9.7262373e+06	2.5000000e+02	2.8920244e+14	9.9822416e-06
9.7389680e+06	2.5000000e+02	2.8632483e+14	9.8829166e-06
9.7516987e+06	2.5000000e+02	2.8347585e+14	9.7845800e-06
9.7644293e+06	2.5000000e+02	2.8065522e+14	9.6872218e-06
9.7771600e+06	2.5000000e+02	2.7786265e+14	9.5908323e-06
9.7898907e+06	2.5000000e+02	2.7509787e+14	9.4954019e-06
9.8026214e+06	2.5000000e+02	2.7236060e+14	9.4009211e-06
9.8153520e+06	2.5000000e+02	2.6965057e+14	9.3073804e-06
9.8280827e+06	2.5000000e+02	2.6696750e+14	9.2147704e-06
9.8408134e+06	2.5000000e+02	2.6431113e+14	9.1230819e-06
9.8535441e+06	2.5000000e+02	2.6168119e+14	9.0323057e-06
9.8662747e+06	2.5000000e+02	2.5907742e+14	8.9424328e-06
9.8790054e+06	2.5000000e+02	2.5649956e+14	8.8534541e-06
9.8917361e+06	2.5000000e+02	2.5394734e+14	8.7653607e-06
9.9044668e+06	2.5000000e+02	2.5142052e+14	8.6781439e-06
9.9171975e+06	2.5000000e+02	2.4891885e+14	8.5917950e-06
9.9299281e+06	2.5000000e+02	2.4644206e+14	8.5063052e-06
9.9426588e+06	2.5000000e+02	2.4398992e+14	8.4216660e-06
9.9553895e+06	2.5000000e+02	2.4156218e+14	8.3378691e-06
9.9681202e+06	2.5000000e+02	2.3915860e+14	8.2549059e-06
9.9808508e+06	2.5000000e+02	2.3677893e+14	8.1727682e-06
9.9935815e+06	2.5000000e+02	2.3442294e+14	8.0914478e-06
1.0006312e+07	2.5000000e+02	2.3209040e+14	8.0109365e-06
1.0019043e+07	2.5000000e+02	2.2978106e+14	7.9312264e-06
1.0031774e+07	2.5000000e+02	2.2749470e+14	7.8523094e-06
1.0044504e+07	2.5000000e+02	2.2523109e+14	7.7741776e-06
1.0057235e+07	2.5000000e+02	2.2299000e+14	7.6968232e-06
1.0069966e+07	2.5000000e+02	2.2077121e+14	7.6202385e-06
1.0082696e+07	2.5000000e+02	2.1857450e+14	7.5444159e-06
1.0095427e+07	2.5000000e+02	2.1639965e+14	7.4693477e-06
1.0108158e+07	2.5000000e+02	2.1424644e+14	7.3950265e-06
1.0120888e+07	2.5000000e+02	2.1211465e+14	7.3214447e-06
1.0133619e+07	2.5000000e+02	2.1000407e+14	7.2485951e-06
1.0146350e+07	2.5000000e+02	2.0791450e+14	7.1764704e-06
1.0159080e+07	2.5000000e+02	2.0584571e+14	7.1050633e-06
1.0171811e+07	2.5000000e+02	2.0379752e+14	7.0343668e-06
1.0184542e+07	2.5000000e+02	2.0176970e+14	6.9643736e-06
1.0197272e+07	2.5000000e+02	1.9976205e+14	6.8950770e-06
1.0210003e+07	2.5000000e+02	1.9777439e+14	6.8264698e-06
1.0222734e+07	2.5000000e+02	1.9580650e+14	6.7585453e-06
1.0235464e+07	2.5000000e+02	1.9385819e+14	6.6912967e-06
1.0248195e+07	2.5000000e+02	1.9192927e+14	6.6247171e-06
1.0260926e+07	2.5000000e+02	1.9001954e+14	6.5588001e-06
1.0273656e+07	2.5000000e+02	1.8812882e+14	6.4935389e-06
1.0286387e+07	2.5000000e+02	1.8625691e+14	6.4289272e-06
1.0299118e+07	2.5000000e+02	1.8440362e+14	6.3649583e-06
1.0311848e+07	2.5000000e+02	1.8256877e+14	6.3016259e-06
1.0324579e+07	2.5000000e+02	1.8075218e+14	6.2389236e-06
1.0337310e+07	2.5000000e+02	1.7895367e+14	6.1768453e-06
1.0350040e+07	2.5000000e+02	1.7717305e+14	6.1153847e-06
1.0362771e+07	2.5000000e+02	1.7541015e+14	6.0545356e-06
1.0375502e+07	2.5000000e+02	1.7366479e+14	5.9942919e-06
1.0388233e+07	2.5000000e+02	1.7193679e+14	5.9346477e-06
1.0400963e+07	2.5000000e+02	1.7022599e+14	5.8755970e-06
1.0413694e+07	2.5000000e+02	1.6853222e+14	5.8171338e-06
1.0426425e+07	2.5000000e+02	1.6685529e+14	5.7592524e-06
1.0439155e+07	2.5000000e+02	1.6519506e+14	5.7019469e-06
1.0451886e+07	2.5000000e+02	1.6355134e+14	5.6452116e-06
1.0464617e+07	2.5000000e+02	1.6192397e+14	5.5890408e-06
1.0477347e+07	2.5000000e+02	1.6031280e+14	5.5334289e-06
1.0490078e+07	2.5000000e+02	1.5871766e+14	5.4783703e-06
1.0502809e+07	2.5000000e+02	1.5713840e+14	5.4238597e-06
1.0515539e+07	2.5000000e+02	1.5557484e+14	5.3698913e-06
1.0528270e+07	2.5000000e+02	1.5402685e+14	5.3164600e-06
1.0541001e+07	2.5000000e+02	1.5249426e+14	5.2635604e-06
1.0553731e+07	2.5000000e+02	1.5097691e+14	5.2111871e-06
1.0566462e+07	2.5000000e+02	1.4947467e+14	5.1593349e-06
1.0579193e+07	2.5000000e+02	1.4798737e+14	5.1079987e-06
1.0591923e+07	2.5000000e+02	1.4651487e+14	5.0571732e-06
1.0604654e+07	2.5000000e+02	1.4505702e+14	5.0068535e-06
1.0617385e+07	2.5000000e+02	1.4361368e+14	4.9570345e-06
1.0630115e+07	2.5000000e+02	1.4218470e+14	4.9077112e-06
1.0642846e+07	2.5000000e+02	1.4076994e+14	4.8588786e-06
1.0655577e+07	2.5000000e+02	1.3936926e+14	4.8105320e-06
1.0668307e+07	2.5000000e+02	1.3798251e+14	4.7626664e-06
1.0681038e+07	2.5000000e+02	1.3660956e+14	4.7152771e-06
1.0693769e+07	2.5000000e+02	1.3525027e+14	4.6683593e-06
1.0706499e+07	2.5000000e+02	1.3390451e+14	4.6219083e-06
1.0719230e+07	2.5000000e+02	1.3257214e+14	4.5759196e-06
1.0731961e+07	2.5000000e+02	1.3125302e+14	4.5303884e-06
1.0744691e+07	2.5000000e+02	1.2994703e+14	4.4853103e-06
1.0757422e+07	2.5000000e+02	1.2865404e+14	4.4406807e-06
1.0770153e+07	2.5000000e+02	1.2737391e+14	4.3964952e-06
1.0782883e+07	2.5000000e+02	1.2610652e+14	4.3527493e-06
1.0795614e+07	2.5000000e+02	1.2485174e+14	4.3094387e-06
1.0808345e+07	2.5000000e+02	1.2360944e+14	4.2665591e-06
1.0821076e+07	2.5000000e+02	1.2237951e+14	4.2241061e-06
1.0833806e+07	2.5000000e+02	1.2116181e+14	4.1820756e-06
1.0846537e+07	2.5000000e+02	1.1995623e+14	4.1404632e-06
1.0859268e+07	2.5000000e+02	1.1876265e+14	4.0992649e-06
1.0871998e+07	2.5000000e+02	1.1758094e+14	4.0584766e-06
1.0884729e+07	2.5000000e+02	1.1641099e+14	4.0180941e-06
1.0897460e+07	2.5000000e+02	1.1525268e+14	3.9781134e-06
1.0910190e+07	2.5000000e+02	1.1410590e+14	3.9385305e-06
1.0922921e+07	2.5000000e+02	1.1297052e+14	3.8993414e-06
1.0935652e+07	2.5000000e+02	1.1184645e+14	3.8605423e-06
1.0948382e+07	2.5000000e+02	1.1073356e+14	3.8221293e-06
1.0961113e+07	2.5000000e+02	1.0963174e+14	3.7840985e-06
1.0973844e+07	2.5000000e+02	1.0854089e+14	3.7464461e-06
1.0986574e+07	2.5000000e+02	1.0746089e+14	3.7091683e-06
1.0999305e+07	2.5000000e+02	1.0639163e+14	3.6722615e-06
1.1012036e+07	2.5000000e+02	1.0533302e+14	3.6357219e-06
1.1024766e+07	2.5000000e+02	1.0428494e+14	3.5995458e-06
1.1037497e+07	2.5000000e+02	1.0324728e+14	3.5637297e-06
1.1050228e+07	2.5000000e+02	1.0221996e+14	3.5282700e-06
1.1062958e+07	2.5000000e+02	1.0120285e+14	3.4931632e-06
1.1075689e+07	2.5000000e+02	1.0019587e+14	3.4584056e-06
1.1088420e+07	2.5000000e+02	9.9198901e+13	3.4239939e-06
1.1101150e+07	2.5000000e+02	9.8211855e+13	3.3899246e-06
1.1113881e+07	2.5000000e+02	9.7234631e+13	3.3561943e-06
1.1126612e+07	2.5000000e+02	9.6267130e+13	3.3227996e-06
1.1139342e+07	2.5000000e+02	9.5309256e+13	3.2897372e-06
1.1152073e+07	2.5000000e+02	9.4360913e+13	3.2570037e-06
1.1164804e+07	2.5000000e+02	9.3422006e+13	3.2245960e-06
1.1177534e+07	2.5000000e+02	9.2492442e+13	3.1925107e-06
1.1190265e+07	2.5000000e+02	9.1572127e+13	3.1607447e-06
1.1202996e+07	2.5000000e+02	9.0660969e+13	3.1292948e-06
1.1215727e+07	2.5000000e+02	8.9758877e+13	3.0981578e-06
1.1228457e+07	2.5000000e+02	8.8865761e+13	3.0673306e-06
1.1241188e+07	2.5000000e+02	8.7981532e+13	3.0368102e-06
1.1253919e+07	2.5000000e+02	8.7106101e+13	3.0065934e-06
1.1266649e+07	2.5000000e+02	8.6239381e+13	2.9766773e-06
1.1279380e+07	2.5000000e+02	8.5381285e+13	2.9470589e-06
1.1292111e+07	2.5000000e+02	8.4531727e+13	2.9177351e-06
1.1304841e+07	2.5000000e+02	8.3690622e+13	2.8887032e-06
1.1317572e+07	2.5000000e+02	8.2857887e+13	2.8599601e-06
1.1330303e+07	2.5000000e+02	8.2033437e+13	2.8315030e-06
1.1343033e+07	2.5000000e+02	8.1217191e+13	2.8033291e-06
1.1355764e+07	2.5000000e+02	8.0409066e+13	2.7754355e-06
1.1368495e+07	2.5000000e+02	7.9608982e+13	2.7478195e-06
1.1381225e+07	2.5000000e+02	7.8816860e+13	2.7204782e-06
1.1393956e+07	2.5000000e+02	7.8032619e+13	2.6934090e-06
1.1406687e+07	2.5000000e+02	7.7256181e+13	2.6666091e-06
1.1419417e+07	2.5000000e+02	7.6487470e+13	2.6400759e-06
1.1432148e+07	2.5000000e+02	7.5726407e+13	2.6138067e-06
1.1444879e+07	2.5000000e+02	7.4972916e+13	2.5877989e-06
1.1457609e+07	2.5000000e+02	7.4226923e+13	2.5620499e-06
1.1470340e+07	2.5000000e+02	7.3488353e+13	2.5365571e-06
1.1483071e+07	2.5000000e+02	7.2757132e+13	2.5113179e-06
1.1495801e+07	2.5000000e+02	7.2033186e+13	2.4863299e-06
1.1508532e+07	2.5000000e+02	7.1316444e+13	2.4615905e-06
1.1521263e+07	2.5000000e+02	7.0606834e+13	2.4370972e-06
1.1533993e+07	2.5000000e+02	6.9904284e+13	2.4128477e-06
1.1546724e+07	2.5000000e+02	6.9208725e+13	2.3888395e-06
1.1559455e+07	2.5000000e+02	6.8520086e+13	2.3650701e-06
1.1572185e+07	2.5000000e+02	6.7838300e+13	2.3415373e-06
1.1584916e+07	2.5000000e+02	6.7163298e+13	2.3182386e-06
1.1597647e+07	2.5000000e+02	6.6495012e+13	2.2951717e-06
1.1610378e+07	2.5000000e+02	6.5833375e+13	2.2723344e-06
1.1623108e+07	2.5000000e+02	6.5178322e+13	2.2497243e-06
1.1635839e+07	2.5000000e+02	6.4529787e+13	2.2273392e-06
1.1648570e+07	2.5000000e+02	6.3887705e+13	2.2051768e-06
1.1661300e+07	2.5000000e+02	6.3252012e+13	2.1832349e-06
1.1674031e+07	2.5000000e+02	6.2622644e+13	2.1615113e-06
1.1686762e+07	2.5000000e+02	6.1999538e+13	2.1400039e-06
1.1699492e+07	2.5000000e+02	6.1382632e+13	2.1187106e-06
1.1712223e+07	2.5000000e+02	6.0771865e+13	2.0976290e-06
1.1724954e+07	2.5000000e+02	6.0167175e+13	2.0767573e-06
1.1737684e+07	2.5000000e+02	5.9568501e+13	2.0560932e-06
1.1750415e+07	2.5000000e+02	5.8975785e+13	2.0356347e-06
1.1763146e+07	2.5000000e+02	5.8388966e+13	2.0153798e-06
1.1775876e+07	2.5000000e+02	5.7807986e+13	1.9953265e-06
1.1788607e+07	2.5000000e+02	5.7232787e+13	1.9754726e-06
1.1801338e+07	2.5000000e+02	5.6663311e+13	1.9558163e-06
1.1814068e+07	2.5000000e+02	5.6099502e+13	1.9363556e-06
1.1826799e+07	2.5000000e+02	5.5541302e+13	1.9170886e-06
1.1839530e+07	2.5000000e+02	5.4988657e+13	1.8980132e-06
1.1852260e+07	2.5000000e+02	5.4441511e+13	1.8791277e-06
1.1864991e+07	2.5000000e+02	5.3899809e+13	1.8604301e-06
1.1877722e+07	2.5000000e+02	5.3363497e+13	1.8419185e-06
1.1890452e+07	2.5000000e+02	5.2832521e+13	1.8235911e-06
1.1903183e+07	2.5000000e+02	5.2306829e+13	1.8054460e-06
1.1915914e+07	2.5000000e+02	5.1786367e+13	1.7874816e-06
1.1928644e+07	2.5000000e+02	5.1271084e+13	1.7696958e-06
1.1941375e+07	2.5000000e+02	5.0760928e+13	1.7520870e-06
1.1954106e+07	2.5000000e+02	5.0255849e+13	1.7346535e-06
1.1966836e+07	2.5000000e+02	4.9755795e+13	1.7173934e-06
1.1979567e+07	2.5000000e+02	4.9260716e+13	1.7003050e-06
1.1992298e+07	2.5000000e+02	4.8770564e+13	1.6833867e-06
1.2005028e+07	2.5000000e+02	4.8285289e+13	1.6666368e-06
1.2017759e+07	2.5000000e+02	4.7804842e+13	1.6500534e-06
1.2030490e+07	2.5000000e+02	4.7329176e+13	1.6336351e-06
1.2043221e+07	2.5000000e+02	4.6858243e+13	1.6173802e-06
1.2055951e+07	2.5000000e+02	4.6391995e+13	1.6012870e-06
1.2068682e+07	2.5000000e+02	4.5930387e+13	1.5853539e-06
1.2081413e+07	2.5000000e+02	4.5473372e+13	1.5695794e-06
1.2094143e+07	2.5000000e+02	4.5020905e+13	1.5539618e-06
1.2106874e+07	2.5000000e+02	4.4572939e+13	1.5384996e-06
1.2119605e+07	2.5000000e+02	4.4129431e+13	1.5231913e-06
1.2132335e+07	2.5000000e+02	4.3690336e+13	1.5080353e-06
1.2145066e+07	2.5000000e+02	4.3255610e+13	1.4930301e-06
1.2157797e+07	2.5000000e+02	4.2825209e+13	1.4781742e-06
1.2170527e+07	2.5000000e+02	4.2399091e+13	1.4634661e-06
1.2183258e+07	2.5000000e+02	4.1977213e+13	1.4489044e-06
1.2195989e+07	2.5000000e+02	4.1559533e+13	1.4344875e-06
1.2208719e+07	2.5000000e+02	4.1146009e+13	1.4202142e-06
1.2221450e+07	2.5000000e+02	4.0736599e+13	1.4060828e-06
1.2234181e+07	2.5000000e+02	4.0331263e+13	1.3920920e-06
1.2246911e+07	2.5000000e+02	3.9929960e+13	1.3782405e-06
1.2259642e+07	2.5000000e+02	3.9532651e+13	1.3645268e-06
1.2272373e+07	2.5000000e+02	3.9139294e+13	1.3509495e-06
1.2285103e+07	2.5000000e+02	3.8749852e+13	1.3375073e-06
1.2297834e+07	2.5000000e+02	3.8364284e+13	1.3241989e-06
1.2310565e+07	2.5000000e+02	3.7982553e+13	1.3110229e-06
1.2323295e+07	2.5000000e+02	3.7604621e+13	1.2979780e-06
1.2336026e+07	2.5000000e+02	3.7230448e+13	1.2850629e-06
1.2348757e+07	2.5000000e+02	3.6859999e+13	1.2722763e-06
1.2361487e+07	2.5000000e+02	3.6493236e+13	1.2596170e-06
1.2374218e+07	2.5000000e+02	3.6130122e+13	1.2470836e-06
1.2386949e+07	2.5000000e+02	3.5770622e+13	1.2346749e-06
1.2399679e+07	2.5000000e+02	3.5414698e+13	1.2223897e-06
1.2412410e+07	2.5000000e+02	3.5062316e+13	1.2102267e-06
1.2425141e+07	2.5000000e+02	3.4713440e+13	1.1981847e-06
1.2437872e+07	2.5000000e+02	3.4368035e+13	1.1862626e-06
1.2450602e+07	2.5000000e+02	3.4026068e+13	1.1744591e-06
1.2463333e+07	2.5000000e+02	3.3687503e+13	1.1627730e-06
1.2476064e+07	2.5000000e+02	3.3352307e+13	1.1512032e-06
1.2488794e+07	2.5000000e+02	3.3020446e+13	1.1397486e-06
1.2501525e+07	2.5000000e+02	3.2691887e+13	1.1284079e-06
1.2514256e+07	2.5000000e+02	3.2366597e+13	1.1171800e-06
1.2526986e+07	2.5000000e+02	3.2044544e+13	1.1060639e-06
1.2539717e+07	2.5000000e+02	3.1725695e+13	1.0950584e-06
1.2552448e+07	2.5000000e+02	3.1410019e+13	1.0841624e-06
1.2565178e+07	2.5000000e+02	3.1097485e+13	1.0733748e-06
1.2577909e+07	2.5000000e+02	3.0788059e+13	1.0626945e-06
1.2590640e+07	2.5000000e+02	3.0481713e+13	1.0521205e-06
1.2603370e+07	2.5000000e+02	3.0178415e+13	1.0416518e-06
1.2616101e+07	2.5000000e+02	2.9878135e+13	1.0312871e-06
1.2628832e+07	2.5000000e+02	2.9580842e+13	1.0210257e-06
1.2641562e+07	2.5000000e+02	2.9286508e+13	1.0108663e-06
1.2654293e+07	2.5000000e+02	2.8995102e+13	1.0008080e-06
1.2667024e+07	2.5000000e+02	2.8706596e+13	9.9084979e-07
1.2679754e+07	2.5000000e+02	2.8420961e+13	9.8099067e-07
1.2692485e+07	2.5000000e+02	2.8138168e+13	9.7122965e-07
1.2705216e+07	2.5000000e+02	2.7858188e+13	9.6156576e-07
1.2717946e+07	2.5000000e+02	2.7580995e+13	9.5199802e-07
1.2730677e+07	2.5000000e+02	2.7306559e+13	9.4252548e-07
1.2743408e+07	2.5000000e+02	2.7034854e+13	9.3314720e-07
1.2756138e+07	2.5000000e+02	2.6765853e+13	9.2386223e-07
1.2768869e+07	2.5000000e+02	2.6499528e+13	9.1466964e-07
1.2781600e+07	2.5000000e+02	2.6235854e+13	9.0556853e-07
1.2794330e+07	2.5000000e+02	2.5974802e+13	8.9655797e-07
1.2807061e+07	2.5000000e+02	2.5716349e+13	8.8763707e-07
1.2819792e+07	2.5000000e+02	2.5460467e+13	8.7880493e-07
1.2832523e+07	2.5000000e+02	2.5207131e+13	8.7006068e-07
1.2845253e+07	2.5000000e+02	2.4956316e+13	8.6140343e-07
