# Formed from form_atmospheric_profiles_paper_model.py
# Z (cm)	T (K)	DEN (cm**-3)	P (bar)
0.0000000e+00	2.5000000e+02	5.7965471e+19	2.0007623e+00
1.2715405e+04	2.4940056e+02	5.7525592e+19	1.9808183e+00
2.5400322e+04	2.4880256e+02	5.7089098e+19	1.9610747e+00
3.8054824e+04	2.4820599e+02	5.6655961e+19	1.9415294e+00
5.0678983e+04	2.4761085e+02	5.6226153e+19	1.9221804e+00
6.3272872e+04	2.4701714e+02	5.5799645e+19	1.9030256e+00
7.5836564e+04	2.4642485e+02	5.5376412e+19	1.8840630e+00
8.8370131e+04	2.4583398e+02	5.4956424e+19	1.8652906e+00
1.0087365e+05	2.4524453e+02	5.4539657e+19	1.8467064e+00
1.1334718e+05	2.4465649e+02	5.4126083e+19	1.8283084e+00
1.2579081e+05	2.4406986e+02	5.3715677e+19	1.8100948e+00
1.3820459e+05	2.4348464e+02	5.3308412e+19	1.7920636e+00
1.5058862e+05	2.4290082e+02	5.2904263e+19	1.7742130e+00
1.6294295e+05	2.4231840e+02	5.2503205e+19	1.7565411e+00
1.7526765e+05	2.4173738e+02	5.2105212e+19	1.7390461e+00
1.8756281e+05	2.4115775e+02	5.1710260e+19	1.7217261e+00
1.9982848e+05	2.4057951e+02	5.1318325e+19	1.7045794e+00
2.1206475e+05	2.4000266e+02	5.0929382e+19	1.6876041e+00
2.2427167e+05	2.3942719e+02	5.0543407e+19	1.6707986e+00
2.3644933e+05	2.3885310e+02	5.0160377e+19	1.6541610e+00
2.4859778e+05	2.3828039e+02	4.9780268e+19	1.6376898e+00
2.6071711e+05	2.3770905e+02	4.9403057e+19	1.6213831e+00
2.7280738e+05	2.3713908e+02	4.9028721e+19	1.6052394e+00
2.8486866e+05	2.3657048e+02	4.8657236e+19	1.5892569e+00
2.9690101e+05	2.3600324e+02	4.8288582e+19	1.5734340e+00
3.0890452e+05	2.3543736e+02	4.7922734e+19	1.5577691e+00
3.2087925e+05	2.3487283e+02	4.7559672e+19	1.5422606e+00
3.3282526e+05	2.3430966e+02	4.7199373e+19	1.5269068e+00
3.4474263e+05	2.3374784e+02	4.6841815e+19	1.5117064e+00
3.5663142e+05	2.3318737e+02	4.6486977e+19	1.4966576e+00
3.6849171e+05	2.3262825e+02	4.6134838e+19	1.4817590e+00
3.8032356e+05	2.3207046e+02	4.5785377e+19	1.4670090e+00
3.9212704e+05	2.3151401e+02	4.5438572e+19	1.4524061e+00
4.0390222e+05	2.3095889e+02	4.5094403e+19	1.4379489e+00
4.1564916e+05	2.3040511e+02	4.4752850e+19	1.4236358e+00
4.2736794e+05	2.2985265e+02	4.4413892e+19	1.4094655e+00
4.3905862e+05	2.2930152e+02	4.4077508e+19	1.3954365e+00
4.5072127e+05	2.2875171e+02	4.3743680e+19	1.3815474e+00
4.6235595e+05	2.2820322e+02	4.3412387e+19	1.3677967e+00
4.7396273e+05	2.2765604e+02	4.3083609e+19	1.3541830e+00
4.8554169e+05	2.2711017e+02	4.2757328e+19	1.3407051e+00
4.9709288e+05	2.2656562e+02	4.2433523e+19	1.3273615e+00
5.0861638e+05	2.2602237e+02	4.2112176e+19	1.3141508e+00
5.2011224e+05	2.2548042e+02	4.1793267e+19	1.3010718e+00
5.3158054e+05	2.2493977e+02	4.1476779e+19	1.2881231e+00
5.4302134e+05	2.2440042e+02	4.1162692e+19	1.2753035e+00
5.5443471e+05	2.2386236e+02	4.0850987e+19	1.2626115e+00
5.6582071e+05	2.2332559e+02	4.0541647e+19	1.2500460e+00
5.7717942e+05	2.2279011e+02	4.0234654e+19	1.2376057e+00
5.8851088e+05	2.2225591e+02	3.9929989e+19	1.2252892e+00
5.9981518e+05	2.2172299e+02	3.9627634e+19	1.2130955e+00
6.1109237e+05	2.2119136e+02	3.9327572e+19	1.2010232e+00
6.2234252e+05	2.2066099e+02	3.9029785e+19	1.1890711e+00
6.3356570e+05	2.2013190e+02	3.8734256e+19	1.1772381e+00
6.4476196e+05	2.1960407e+02	3.8440967e+19	1.1655229e+00
6.5593138e+05	2.1907752e+02	3.8149901e+19	1.1539244e+00
6.6707402e+05	2.1855222e+02	3.7861042e+19	1.1424413e+00
6.7818994e+05	2.1802818e+02	3.7574372e+19	1.1310726e+00
6.8927920e+05	2.1750540e+02	3.7289875e+19	1.1198171e+00
7.0034188e+05	2.1698388e+02	3.7007534e+19	1.1086737e+00
7.1137803e+05	2.1646360e+02	3.6727333e+19	1.0976412e+00
7.2238772e+05	2.1594457e+02	3.6449255e+19	1.0867185e+00
7.3337101e+05	2.1542679e+02	3.6173284e+19	1.0759046e+00
7.4432797e+05	2.1491025e+02	3.5899405e+19	1.0651983e+00
7.5525865e+05	2.1439494e+02	3.5627600e+19	1.0545987e+00
7.6616313e+05	2.1388088e+02	3.5357855e+19	1.0441045e+00
7.7704146e+05	2.1336804e+02	3.5090153e+19	1.0337148e+00
7.8789370e+05	2.1285643e+02	3.4824480e+19	1.0234286e+00
7.9871992e+05	2.1234605e+02	3.4560819e+19	1.0132447e+00
8.0952019e+05	2.1183690e+02	3.4299155e+19	1.0031622e+00
8.2029456e+05	2.1132896e+02	3.4039474e+19	9.9318003e-01
8.3104309e+05	2.1082225e+02	3.3781759e+19	9.8329723e-01
8.4176585e+05	2.1031675e+02	3.3525997e+19	9.7351281e-01
8.5246290e+05	2.0981246e+02	3.3272172e+19	9.6382577e-01
8.6313431e+05	2.0930938e+02	3.3020269e+19	9.5423515e-01
8.7378012e+05	2.0880750e+02	3.2770275e+19	9.4473998e-01
8.8440041e+05	2.0830683e+02	3.2522173e+19	9.3533931e-01
8.9499523e+05	2.0780736e+02	3.2275951e+19	9.2603221e-01
9.0556465e+05	2.0730909e+02	3.2031594e+19	9.1681773e-01
9.1610873e+05	2.0681201e+02	3.1789087e+19	9.0769496e-01
9.2662752e+05	2.0631612e+02	3.1548417e+19	8.9866298e-01
9.3712109e+05	2.0582143e+02	3.1309569e+19	8.8972089e-01
9.4758951e+05	2.0532792e+02	3.1072530e+19	8.8086779e-01
9.5803282e+05	2.0483559e+02	3.0837286e+19	8.7210280e-01
9.6845109e+05	2.0434444e+02	3.0603824e+19	8.6342503e-01
9.7884438e+05	2.0385447e+02	3.0372129e+19	8.5483362e-01
9.8921274e+05	2.0336568e+02	3.0142189e+19	8.4632771e-01
9.9955625e+05	2.0287806e+02	2.9913990e+19	8.3790645e-01
1.0098750e+06	2.0239160e+02	2.9687519e+19	8.2956899e-01
1.0201689e+06	2.0190631e+02	2.9462763e+19	8.2131450e-01
1.0304382e+06	2.0142219e+02	2.9239709e+19	8.1314215e-01
1.0406829e+06	2.0093923e+02	2.9018343e+19	8.0505113e-01
1.0509030e+06	2.0045742e+02	2.8798654e+19	7.9704062e-01
1.0610986e+06	1.9997677e+02	2.8580629e+19	7.8910983e-01
1.0712697e+06	1.9949728e+02	2.8364254e+19	7.8125795e-01
1.0814164e+06	1.9901893e+02	2.8149517e+19	7.7348422e-01
1.0915389e+06	1.9854173e+02	2.7936407e+19	7.6578783e-01
1.1016370e+06	1.9806567e+02	2.7724910e+19	7.5816804e-01
1.1117110e+06	1.9759076e+02	2.7515014e+19	7.5062406e-01
1.1217608e+06	1.9711698e+02	2.7306707e+19	7.4315516e-01
1.1317864e+06	1.9664435e+02	2.7099978e+19	7.3576058e-01
1.1417881e+06	1.9617284e+02	2.6894814e+19	7.2843958e-01
1.1517658e+06	1.9570246e+02	2.6691203e+19	7.2119143e-01
1.1617195e+06	1.9523321e+02	2.6489134e+19	7.1401540e-01
1.1716494e+06	1.9476509e+02	2.6288595e+19	7.0691078e-01
1.1815555e+06	1.9429809e+02	2.6089574e+19	6.9987686e-01
1.1914378e+06	1.9383221e+02	2.5892060e+19	6.9291292e-01
1.2012964e+06	1.9336745e+02	2.5696041e+19	6.8601829e-01
1.2111314e+06	1.9290380e+02	2.5501506e+19	6.7919226e-01
1.2209428e+06	1.9244126e+02	2.5308444e+19	6.7243415e-01
1.2307306e+06	1.9197983e+02	2.5116844e+19	6.6574328e-01
1.2404951e+06	1.9151951e+02	2.4926695e+19	6.5911900e-01
1.2502360e+06	1.9106029e+02	2.4737985e+19	6.5256063e-01
1.2599537e+06	1.9060217e+02	2.4550703e+19	6.4606752e-01
1.2696480e+06	1.9014516e+02	2.4364840e+19	6.3963901e-01
1.2793191e+06	1.8968923e+02	2.4180384e+19	6.3327448e-01
1.2889670e+06	1.8923440e+02	2.3997324e+19	6.2697327e-01
1.2985918e+06	1.8878066e+02	2.3815650e+19	6.2073477e-01
1.3081935e+06	1.8845747e+02	2.3619116e+19	6.1455834e-01
1.3177874e+06	1.8834542e+02	2.3398014e+19	6.0844338e-01
1.3273756e+06	1.8823350e+02	2.3178973e+19	6.0238926e-01
1.3369581e+06	1.8812172e+02	2.2961974e+19	5.9639539e-01
1.3465349e+06	1.8801007e+02	2.2746999e+19	5.9046115e-01
1.3561061e+06	1.8789855e+02	2.2534029e+19	5.8458596e-01
1.3656715e+06	1.8778716e+02	2.2323044e+19	5.7876924e-01
1.3752313e+06	1.8767591e+02	2.2114028e+19	5.7301038e-01
1.3847855e+06	1.8756479e+02	2.1906960e+19	5.6730883e-01
1.3943339e+06	1.8745380e+02	2.1701824e+19	5.6166401e-01
1.4038768e+06	1.8734294e+02	2.1498602e+19	5.5607536e-01
1.4134140e+06	1.8723221e+02	2.1297275e+19	5.5054232e-01
1.4229455e+06	1.8712161e+02	2.1097826e+19	5.4506433e-01
1.4324714e+06	1.8701114e+02	2.0900237e+19	5.3964085e-01
1.4419918e+06	1.8690081e+02	2.0704492e+19	5.3427133e-01
1.4515064e+06	1.8679060e+02	2.0510573e+19	5.2895524e-01
1.4610155e+06	1.8668052e+02	2.0318463e+19	5.2369204e-01
1.4705190e+06	1.8657058e+02	2.0128146e+19	5.1848122e-01
1.4800169e+06	1.8646076e+02	1.9939604e+19	5.1332224e-01
1.4895092e+06	1.8635107e+02	1.9752821e+19	5.0821460e-01
1.4989959e+06	1.8624151e+02	1.9567782e+19	5.0315778e-01
1.5084770e+06	1.8613208e+02	1.9384469e+19	4.9815127e-01
1.5179526e+06	1.8602278e+02	1.9202867e+19	4.9319458e-01
1.5274226e+06	1.8591360e+02	1.9022959e+19	4.8828721e-01
1.5368870e+06	1.8580456e+02	1.8844731e+19	4.8342867e-01
1.5463459e+06	1.8569564e+02	1.8668166e+19	4.7861848e-01
1.5557993e+06	1.8558685e+02	1.8493248e+19	4.7385614e-01
1.5652471e+06	1.8547818e+02	1.8319964e+19	4.6914119e-01
1.5746894e+06	1.8536965e+02	1.8148297e+19	4.6447316e-01
1.5841262e+06	1.8526124e+02	1.7978233e+19	4.5985157e-01
1.5935574e+06	1.8515296e+02	1.7809756e+19	4.5527597e-01
1.6029831e+06	1.8504480e+02	1.7642852e+19	4.5074590e-01
1.6124034e+06	1.8493677e+02	1.7477506e+19	4.4626090e-01
1.6218181e+06	1.8482887e+02	1.7313703e+19	4.4182053e-01
1.6312273e+06	1.8472109e+02	1.7151430e+19	4.3742434e-01
1.6406311e+06	1.8461344e+02	1.6990673e+19	4.3307189e-01
1.6500294e+06	1.8450591e+02	1.6831416e+19	4.2876276e-01
1.6594222e+06	1.8439851e+02	1.6673646e+19	4.2449649e-01
1.6688095e+06	1.8429123e+02	1.6517350e+19	4.2027268e-01
1.6781914e+06	1.8418408e+02	1.6362513e+19	4.1609090e-01
1.6875678e+06	1.8407706e+02	1.6209122e+19	4.1195072e-01
1.6969388e+06	1.8397015e+02	1.6057164e+19	4.0785174e-01
1.7063043e+06	1.8386337e+02	1.5906625e+19	4.0379355e-01
1.7156645e+06	1.8375672e+02	1.5757492e+19	3.9977574e-01
1.7250191e+06	1.8365019e+02	1.5609752e+19	3.9579790e-01
1.7343684e+06	1.8354378e+02	1.5463392e+19	3.9185964e-01
1.7437122e+06	1.8343750e+02	1.5318399e+19	3.8796057e-01
1.7530507e+06	1.8333133e+02	1.5174760e+19	3.8410030e-01
1.7623837e+06	1.8322530e+02	1.5032464e+19	3.8027844e-01
1.7717113e+06	1.8311938e+02	1.4891496e+19	3.7649460e-01
1.7810336e+06	1.8301359e+02	1.4751846e+19	3.7274842e-01
1.7903504e+06	1.8290791e+02	1.4613500e+19	3.6903951e-01
1.7996619e+06	1.8280236e+02	1.4476447e+19	3.6536750e-01
1.8089680e+06	1.8269694e+02	1.4340675e+19	3.6173204e-01
1.8182687e+06	1.8259163e+02	1.4206171e+19	3.5813274e-01
1.8275641e+06	1.8248645e+02	1.4072924e+19	3.5456926e-01
1.8368541e+06	1.8238138e+02	1.3940923e+19	3.5104124e-01
1.8461388e+06	1.8227644e+02	1.3810155e+19	3.4754832e-01
1.8554182e+06	1.8217162e+02	1.3680609e+19	3.4409015e-01
1.8646922e+06	1.8206691e+02	1.3552273e+19	3.4066640e-01
1.8739608e+06	1.8196233e+02	1.3425138e+19	3.3727671e-01
1.8832242e+06	1.8185787e+02	1.3299190e+19	3.3392075e-01
1.8924822e+06	1.8175353e+02	1.3174420e+19	3.3059818e-01
1.9017350e+06	1.8164931e+02	1.3050816e+19	3.2730867e-01
1.9109824e+06	1.8154521e+02	1.2928367e+19	3.2405190e-01
1.9202245e+06	1.8144122e+02	1.2807063e+19	3.2082753e-01
1.9294613e+06	1.8133736e+02	1.2686893e+19	3.1763524e-01
1.9386929e+06	1.8123361e+02	1.2567847e+19	3.1447471e-01
1.9479192e+06	1.8112999e+02	1.2449913e+19	3.1134564e-01
1.9571402e+06	1.8102648e+02	1.2333082e+19	3.0824770e-01
1.9663559e+06	1.8092309e+02	1.2217344e+19	3.0518058e-01
1.9755663e+06	1.8081982e+02	1.2102687e+19	3.0214398e-01
1.9847716e+06	1.8071666e+02	1.1989103e+19	2.9913760e-01
1.9939715e+06	1.8061363e+02	1.1876581e+19	2.9616113e-01
2.0031662e+06	1.8051071e+02	1.1765111e+19	2.9321428e-01
2.0123557e+06	1.8040790e+02	1.1654684e+19	2.9029675e-01
2.0215399e+06	1.8030522e+02	1.1545289e+19	2.8740824e-01
2.0307190e+06	1.8020265e+02	1.1436917e+19	2.8454848e-01
2.0398928e+06	1.8010020e+02	1.1329559e+19	2.8171718e-01
2.0490613e+06	1.7999787e+02	1.1223205e+19	2.7891405e-01
2.0582247e+06	1.7989565e+02	1.1117846e+19	2.7613880e-01
2.0673829e+06	1.7979354e+02	1.1013473e+19	2.7339118e-01
2.0765359e+06	1.7969156e+02	1.0910076e+19	2.7067089e-01
2.0856837e+06	1.7958969e+02	1.0807646e+19	2.6797767e-01
2.0948263e+06	1.7948793e+02	1.0706174e+19	2.6531124e-01
2.1039637e+06	1.7938629e+02	1.0605651e+19	2.6267135e-01
2.1130959e+06	1.7928476e+02	1.0506069e+19	2.6005773e-01
2.1222230e+06	1.7918335e+02	1.0407419e+19	2.5747011e-01
2.1313449e+06	1.7908206e+02	1.0309692e+19	2.5490824e-01
2.1404617e+06	1.7898088e+02	1.0212879e+19	2.5237186e-01
2.1495733e+06	1.7887981e+02	1.0116972e+19	2.4986072e-01
2.1586798e+06	1.7877886e+02	1.0021962e+19	2.4737456e-01
2.1677811e+06	1.7867802e+02	9.9278419e+18	2.4491314e-01
2.1768773e+06	1.7857729e+02	9.8346023e+18	2.4247622e-01
2.1859684e+06	1.7847668e+02	9.7422352e+18	2.4006354e-01
2.1950544e+06	1.7837618e+02	9.6507325e+18	2.3767486e-01
2.2041352e+06	1.7827580e+02	9.5600863e+18	2.3530996e-01
2.2132109e+06	1.7817552e+02	9.4702885e+18	2.3296859e-01
2.2222816e+06	1.7807536e+02	9.3813312e+18	2.3065051e-01
2.2313471e+06	1.7797532e+02	9.2932065e+18	2.2835550e-01
2.2404075e+06	1.7787538e+02	9.2059068e+18	2.2608332e-01
2.2494629e+06	1.7777556e+02	9.1194242e+18	2.2383376e-01
2.2585132e+06	1.7767585e+02	9.0337513e+18	2.2160657e-01
2.2675584e+06	1.7757625e+02	8.9488804e+18	2.1940155e-01
2.2765985e+06	1.7747676e+02	8.8648041e+18	2.1721847e-01
2.2856336e+06	1.7737738e+02	8.7815149e+18	2.1505711e-01
2.2946636e+06	1.7727812e+02	8.6990055e+18	2.1291725e-01
2.3036885e+06	1.7717897e+02	8.6172687e+18	2.1079869e-01
2.3127084e+06	1.7707992e+02	8.5362972e+18	2.0870121e-01
2.3217233e+06	1.7698099e+02	8.4560839e+18	2.0662460e-01
2.3307331e+06	1.7688217e+02	8.3766218e+18	2.0456865e-01
2.3397379e+06	1.7678346e+02	8.2979038e+18	2.0253316e-01
2.3487377e+06	1.7668486e+02	8.2199229e+18	2.0051792e-01
2.3577325e+06	1.7658636e+02	8.1426724e+18	1.9852273e-01
2.3667222e+06	1.7648798e+02	8.0661453e+18	1.9654740e-01
2.3757070e+06	1.7638971e+02	7.9903350e+18	1.9459172e-01
2.3846867e+06	1.7629155e+02	7.9152347e+18	1.9265550e-01
2.3936615e+06	1.7619349e+02	7.8408379e+18	1.9073854e-01
2.4026312e+06	1.7609555e+02	7.7671380e+18	1.8884066e-01
2.4115960e+06	1.7599771e+02	7.6941284e+18	1.8696166e-01
2.4205558e+06	1.7589999e+02	7.6218027e+18	1.8510136e-01
2.4295106e+06	1.7580237e+02	7.5501546e+18	1.8325957e-01
2.4384605e+06	1.7570486e+02	7.4791777e+18	1.8143611e-01
2.4474053e+06	1.7560745e+02	7.4088657e+18	1.7963079e-01
2.4563453e+06	1.7551016e+02	7.3392125e+18	1.7784344e-01
2.4652802e+06	1.7541297e+02	7.2702119e+18	1.7607386e-01
2.4742103e+06	1.7531589e+02	7.2018578e+18	1.7432190e-01
2.4831354e+06	1.7521892e+02	7.1341442e+18	1.7258737e-01
2.4920555e+06	1.7512206e+02	7.0670651e+18	1.7087009e-01
2.5009707e+06	1.7502530e+02	7.0006145e+18	1.6916991e-01
2.5098810e+06	1.7492865e+02	6.9347867e+18	1.6748664e-01
2.5187864e+06	1.7483211e+02	6.8695757e+18	1.6582012e-01
2.5276869e+06	1.7473567e+02	6.8049759e+18	1.6417018e-01
2.5365825e+06	1.7463934e+02	6.7409816e+18	1.6253666e-01
2.5454731e+06	1.7454311e+02	6.6775870e+18	1.6091939e-01
2.5543589e+06	1.7444700e+02	6.6147865e+18	1.5931822e-01
2.5632397e+06	1.7435098e+02	6.5525747e+18	1.5773298e-01
2.5721157e+06	1.7425507e+02	6.4909461e+18	1.5616351e-01
2.5809868e+06	1.7415927e+02	6.4298951e+18	1.5460965e-01
2.5898531e+06	1.7406358e+02	6.3694164e+18	1.5307126e-01
2.5987144e+06	1.7396798e+02	6.3095047e+18	1.5154818e-01
2.6075709e+06	1.7387250e+02	6.2501546e+18	1.5004025e-01
2.6164225e+06	1.7377712e+02	6.1913610e+18	1.4854732e-01
2.6252693e+06	1.7368184e+02	6.1331185e+18	1.4706925e-01
2.6341112e+06	1.7358667e+02	6.0754221e+18	1.4560589e-01
2.6429483e+06	1.7349160e+02	6.0182667e+18	1.4415708e-01
2.6517805e+06	1.7339663e+02	5.9616472e+18	1.4272270e-01
2.6606080e+06	1.7330177e+02	5.9055585e+18	1.4130258e-01
2.6694305e+06	1.7320702e+02	5.8499959e+18	1.3989660e-01
2.6782483e+06	1.7311236e+02	5.7949542e+18	1.3850460e-01
2.6870612e+06	1.7301781e+02	5.7404288e+18	1.3712646e-01
2.6958694e+06	1.7292337e+02	5.6864146e+18	1.3576203e-01
2.7046727e+06	1.7282902e+02	5.6329071e+18	1.3441117e-01
2.7134712e+06	1.7273478e+02	5.5799013e+18	1.3307376e-01
2.7222649e+06	1.7264064e+02	5.5273927e+18	1.3174965e-01
2.7310539e+06	1.7254661e+02	5.4753766e+18	1.3043872e-01
2.7398380e+06	1.7245267e+02	5.4238484e+18	1.2914084e-01
2.7486174e+06	1.7235884e+02	5.3728035e+18	1.2785586e-01
2.7573920e+06	1.7226511e+02	5.3222375e+18	1.2658367e-01
2.7661618e+06	1.7217149e+02	5.2721458e+18	1.2532415e-01
2.7749269e+06	1.7207796e+02	5.2225240e+18	1.2407715e-01
2.7836872e+06	1.7198454e+02	5.1733677e+18	1.2284256e-01
2.7924427e+06	1.7189122e+02	5.1246725e+18	1.2162026e-01
2.8011935e+06	1.7179800e+02	5.0764343e+18	1.2041012e-01
2.8099395e+06	1.7170488e+02	5.0286486e+18	1.1921202e-01
2.8186809e+06	1.7161186e+02	4.9813113e+18	1.1802584e-01
2.8274174e+06	1.7151894e+02	4.9344181e+18	1.1685146e-01
2.8361493e+06	1.7142612e+02	4.8879650e+18	1.1568877e-01
2.8448764e+06	1.7133340e+02	4.8419477e+18	1.1453764e-01
2.8535988e+06	1.7124079e+02	4.7963623e+18	1.1339798e-01
2.8623165e+06	1.7114827e+02	4.7512046e+18	1.1226965e-01
2.8710295e+06	1.7105585e+02	4.7064707e+18	1.1115255e-01
2.8797377e+06	1.7096353e+02	4.6621567e+18	1.1004656e-01
2.8884413e+06	1.7087132e+02	4.6182586e+18	1.0895158e-01
2.8971402e+06	1.7077920e+02	4.5747724e+18	1.0786749e-01
2.9058344e+06	1.7068718e+02	4.5316944e+18	1.0679419e-01
2.9145239e+06	1.7059526e+02	4.4890208e+18	1.0573157e-01
2.9232087e+06	1.7050344e+02	4.4467477e+18	1.0467952e-01
2.9318889e+06	1.7041172e+02	4.4048714e+18	1.0363795e-01
2.9405644e+06	1.7032009e+02	4.3633882e+18	1.0260673e-01
2.9492352e+06	1.7022857e+02	4.3222945e+18	1.0158578e-01
2.9579014e+06	1.7013714e+02	4.2815865e+18	1.0057498e-01
2.9665629e+06	1.7008478e+02	4.2402890e+18	9.9574244e-02
2.9752241e+06	1.7008478e+02	4.1980975e+18	9.8583463e-02
2.9838853e+06	1.7008478e+02	4.1563257e+18	9.7602542e-02
2.9925464e+06	1.7008478e+02	4.1149696e+18	9.6631380e-02
3.0012076e+06	1.7008478e+02	4.0740249e+18	9.5669882e-02
3.0098688e+06	1.7008478e+02	4.0334877e+18	9.4717951e-02
3.0185300e+06	1.7008478e+02	3.9933538e+18	9.3775491e-02
3.0271912e+06	1.7008478e+02	3.9536193e+18	9.2842409e-02
3.0358523e+06	1.7008478e+02	3.9142801e+18	9.1918612e-02
3.0445135e+06	1.7008478e+02	3.8753324e+18	9.1004007e-02
3.0531747e+06	1.7008478e+02	3.8367722e+18	9.0098502e-02
3.0618359e+06	1.7008478e+02	3.7985957e+18	8.9202007e-02
3.0704970e+06	1.7008478e+02	3.7607990e+18	8.8314432e-02
3.0791582e+06	1.7008478e+02	3.7233784e+18	8.7435688e-02
3.0878194e+06	1.7008478e+02	3.6863302e+18	8.6565689e-02
3.0964806e+06	1.7008478e+02	3.6496506e+18	8.5704346e-02
3.1051418e+06	1.7008478e+02	3.6133360e+18	8.4851573e-02
3.1138029e+06	1.7008478e+02	3.5773827e+18	8.4007286e-02
3.1224641e+06	1.7008478e+02	3.5417871e+18	8.3171400e-02
3.1311253e+06	1.7008478e+02	3.5065458e+18	8.2343830e-02
3.1397865e+06	1.7008478e+02	3.4716550e+18	8.1524496e-02
3.1484476e+06	1.7008478e+02	3.4371115e+18	8.0713313e-02
3.1571088e+06	1.7008478e+02	3.4029117e+18	7.9910202e-02
3.1657700e+06	1.7008478e+02	3.3690521e+18	7.9115083e-02
3.1744312e+06	1.7008478e+02	3.3355295e+18	7.8327874e-02
3.1830923e+06	1.7008478e+02	3.3023404e+18	7.7548499e-02
3.1917535e+06	1.7008478e+02	3.2694816e+18	7.6776879e-02
3.2004147e+06	1.7008478e+02	3.2369497e+18	7.6012936e-02
3.2090759e+06	1.7008478e+02	3.2047415e+18	7.5256594e-02
3.2177371e+06	1.7008478e+02	3.1728538e+18	7.4507779e-02
3.2263982e+06	1.7008478e+02	3.1412834e+18	7.3766414e-02
3.2350594e+06	1.7008478e+02	3.1100271e+18	7.3032426e-02
3.2437206e+06	1.7008478e+02	3.0790818e+18	7.2305741e-02
3.2523818e+06	1.7008478e+02	3.0484444e+18	7.1586287e-02
3.2610429e+06	1.7008478e+02	3.0181119e+18	7.0873992e-02
3.2697041e+06	1.7008478e+02	2.9880812e+18	7.0168784e-02
3.2783653e+06	1.7008478e+02	2.9583493e+18	6.9470593e-02
3.2870265e+06	1.7008478e+02	2.9289132e+18	6.8779349e-02
3.2956877e+06	1.7008478e+02	2.8997700e+18	6.8094983e-02
3.3043488e+06	1.7008478e+02	2.8709168e+18	6.7417426e-02
3.3130100e+06	1.7008478e+02	2.8423507e+18	6.6746612e-02
3.3216712e+06	1.7008478e+02	2.8140689e+18	6.6082472e-02
3.3303324e+06	1.7008478e+02	2.7860684e+18	6.5424940e-02
3.3389935e+06	1.7008478e+02	2.7583466e+18	6.4773951e-02
3.3476547e+06	1.7008478e+02	2.7309006e+18	6.4129440e-02
3.3563159e+06	1.7008478e+02	2.7037277e+18	6.3491341e-02
3.3649771e+06	1.7008478e+02	2.6768251e+18	6.2859592e-02
3.3736383e+06	1.7008478e+02	2.6501903e+18	6.2234128e-02
3.3822994e+06	1.7008478e+02	2.6238204e+18	6.1614888e-02
3.3909606e+06	1.7008478e+02	2.5977130e+18	6.1001810e-02
3.3996218e+06	1.7008478e+02	2.5718653e+18	6.0394832e-02
3.4082830e+06	1.7008478e+02	2.5462748e+18	5.9793893e-02
3.4169441e+06	1.7008478e+02	2.5209390e+18	5.9198934e-02
3.4256053e+06	1.7008478e+02	2.4958552e+18	5.8609895e-02
3.4342665e+06	1.7008478e+02	2.4710210e+18	5.8026717e-02
3.4429277e+06	1.7008478e+02	2.4464340e+18	5.7449341e-02
3.4515888e+06	1.7008478e+02	2.4220915e+18	5.6877711e-02
3.4602500e+06	1.7008478e+02	2.3979913e+18	5.6311768e-02
3.4689112e+06	1.7008478e+02	2.3741309e+18	5.5751456e-02
3.4775724e+06	1.7008478e+02	2.3505079e+18	5.5196720e-02
3.4862336e+06	1.7008478e+02	2.3271200e+18	5.4647504e-02
3.4948947e+06	1.7008478e+02	2.3039647e+18	5.4103752e-02
3.5035559e+06	1.7008478e+02	2.2810399e+18	5.3565411e-02
3.5122171e+06	1.7008478e+02	2.2583432e+18	5.3032426e-02
3.5208783e+06	1.7008478e+02	2.2358723e+18	5.2504744e-02
3.5295394e+06	1.7008478e+02	2.2136250e+18	5.1982313e-02
3.5382006e+06	1.7008478e+02	2.1915990e+18	5.1465081e-02
3.5468618e+06	1.7008478e+02	2.1697923e+18	5.0952995e-02
3.5555230e+06	1.7008478e+02	2.1482025e+18	5.0446004e-02
3.5641842e+06	1.7008478e+02	2.1268275e+18	4.9944058e-02
3.5728453e+06	1.7008478e+02	2.1056652e+18	4.9447106e-02
3.5815065e+06	1.7008478e+02	2.0847135e+18	4.8955099e-02
3.5901677e+06	1.7008478e+02	2.0639703e+18	4.8467988e-02
3.5988289e+06	1.7008478e+02	2.0434334e+18	4.7985723e-02
3.6074900e+06	1.7008478e+02	2.0231009e+18	4.7508257e-02
3.6161512e+06	1.7008478e+02	2.0029707e+18	4.7035542e-02
3.6248124e+06	1.7008478e+02	1.9830408e+18	4.6567531e-02
3.6334736e+06	1.7008478e+02	1.9633092e+18	4.6104176e-02
3.6421348e+06	1.7008478e+02	1.9437740e+18	4.5645432e-02
3.6507959e+06	1.7008478e+02	1.9244331e+18	4.5191252e-02
3.6594571e+06	1.7008478e+02	1.9052847e+18	4.4741592e-02
3.6681183e+06	1.7008478e+02	1.8863268e+18	4.4296406e-02
3.6767795e+06	1.7008478e+02	1.8675575e+18	4.3855649e-02
3.6854406e+06	1.7008478e+02	1.8489750e+18	4.3419278e-02
3.6941018e+06	1.7008478e+02	1.8305774e+18	4.2987249e-02
3.7027630e+06	1.7008478e+02	1.8123629e+18	4.2559519e-02
3.7114242e+06	1.7008478e+02	1.7943295e+18	4.2136044e-02
3.7200853e+06	1.7008478e+02	1.7764757e+18	4.1716784e-02
3.7287465e+06	1.7008478e+02	1.7587994e+18	4.1301695e-02
3.7374077e+06	1.7008478e+02	1.7412991e+18	4.0890736e-02
3.7460689e+06	1.7008478e+02	1.7239729e+18	4.0483866e-02
3.7547301e+06	1.7008478e+02	1.7068191e+18	4.0081045e-02
3.7633912e+06	1.7008478e+02	1.6898359e+18	3.9682232e-02
3.7720524e+06	1.7008478e+02	1.6730218e+18	3.9287387e-02
3.7807136e+06	1.7008478e+02	1.6563749e+18	3.8896471e-02
3.7893748e+06	1.7008478e+02	1.6398937e+18	3.8509445e-02
3.7980359e+06	1.7008478e+02	1.6235765e+18	3.8126270e-02
3.8066971e+06	1.7008478e+02	1.6074217e+18	3.7746907e-02
3.8153583e+06	1.7008478e+02	1.5914275e+18	3.7371319e-02
3.8240195e+06	1.7008478e+02	1.5755926e+18	3.6999468e-02
3.8326807e+06	1.7008478e+02	1.5599152e+18	3.6631317e-02
3.8413418e+06	1.7008478e+02	1.5443937e+18	3.6266829e-02
3.8500030e+06	1.7008478e+02	1.5290268e+18	3.5905968e-02
3.8586642e+06	1.7008478e+02	1.5138127e+18	3.5548698e-02
3.8673254e+06	1.7008478e+02	1.4987500e+18	3.5194983e-02
3.8759865e+06	1.7008478e+02	1.4838372e+18	3.4844787e-02
3.8846477e+06	1.7008478e+02	1.4690728e+18	3.4498075e-02
3.8933089e+06	1.7008478e+02	1.4544553e+18	3.4154814e-02
3.9019701e+06	1.7008478e+02	1.4399832e+18	3.3814968e-02
3.9106313e+06	1.7008478e+02	1.4256551e+18	3.3478503e-02
3.9192924e+06	1.7008478e+02	1.4114696e+18	3.3145386e-02
3.9279536e+06	1.7008478e+02	1.3974253e+18	3.2815584e-02
3.9366148e+06	1.7008478e+02	1.3835206e+18	3.2489064e-02
3.9452760e+06	1.7008478e+02	1.3697544e+18	3.2165792e-02
3.9539371e+06	1.7008478e+02	1.3561251e+18	3.1845737e-02
3.9625983e+06	1.7008478e+02	1.3426314e+18	3.1528867e-02
3.9712595e+06	1.7008478e+02	1.3292720e+18	3.1215149e-02
3.9799207e+06	1.7008478e+02	1.3160455e+18	3.0904553e-02
3.9885818e+06	1.7008478e+02	1.3029507e+18	3.0597048e-02
3.9972430e+06	1.7008478e+02	1.2899861e+18	3.0292602e-02
4.0059042e+06	1.7008478e+02	1.2771505e+18	2.9991186e-02
4.0145654e+06	1.7008478e+02	1.2644427e+18	2.9692769e-02
4.0232266e+06	1.7008478e+02	1.2518612e+18	2.9397321e-02
4.0318877e+06	1.7008478e+02	1.2394050e+18	2.9104812e-02
4.0405489e+06	1.7008478e+02	1.2270727e+18	2.8815215e-02
4.0492101e+06	1.7008478e+02	1.2148632e+18	2.8528498e-02
4.0578713e+06	1.7008478e+02	1.2027751e+18	2.8244635e-02
4.0665324e+06	1.7008478e+02	1.1908072e+18	2.7963596e-02
4.0751936e+06	1.7008478e+02	1.1789585e+18	2.7685354e-02
4.0838548e+06	1.7008478e+02	1.1672277e+18	2.7409880e-02
4.0925160e+06	1.7008478e+02	1.1556136e+18	2.7137147e-02
4.1011772e+06	1.7008478e+02	1.1441150e+18	2.6867128e-02
4.1098383e+06	1.7008478e+02	1.1327309e+18	2.6599796e-02
4.1184995e+06	1.7008478e+02	1.1214600e+18	2.6335123e-02
4.1271607e+06	1.7008478e+02	1.1103013e+18	2.6073084e-02
4.1358219e+06	1.7008478e+02	1.0992536e+18	2.5813653e-02
4.1444830e+06	1.7008478e+02	1.0883159e+18	2.5556803e-02
4.1531442e+06	1.7008478e+02	1.0774870e+18	2.5302508e-02
4.1618054e+06	1.7008478e+02	1.0667658e+18	2.5050744e-02
4.1704666e+06	1.7008478e+02	1.0561513e+18	2.4801485e-02
4.1791278e+06	1.7008478e+02	1.0456424e+18	2.4554706e-02
4.1877889e+06	1.7008478e+02	1.0352381e+18	2.4310383e-02
4.1964501e+06	1.7008478e+02	1.0249373e+18	2.4068490e-02
4.2051113e+06	1.7008478e+02	1.0147390e+18	2.3829005e-02
4.2137725e+06	1.7008478e+02	1.0046422e+18	2.3591902e-02
4.2224336e+06	1.7008478e+02	9.9464582e+17	2.3357159e-02
4.2310948e+06	1.7008478e+02	9.8474893e+17	2.3124751e-02
4.2397560e+06	1.7008478e+02	9.7495052e+17	2.2894656e-02
4.2484172e+06	1.7008478e+02	9.6524960e+17	2.2666851e-02
4.2570783e+06	1.7008478e+02	9.5564520e+17	2.2441312e-02
4.2657395e+06	1.7008478e+02	9.4613637e+17	2.2218017e-02
4.2744007e+06	1.7008478e+02	9.3672216e+17	2.1996944e-02
4.2830619e+06	1.7008478e+02	9.2740162e+17	2.1778071e-02
4.2917231e+06	1.7008478e+02	9.1817382e+17	2.1561375e-02
4.3003842e+06	1.7008478e+02	9.0903783e+17	2.1346836e-02
4.3090454e+06	1.7008478e+02	8.9999276e+17	2.1134431e-02
4.3177066e+06	1.7008478e+02	8.9103768e+17	2.0924140e-02
4.3263678e+06	1.7008478e+02	8.8217171e+17	2.0715942e-02
4.3350289e+06	1.7008478e+02	8.7339395e+17	2.0509815e-02
4.3436901e+06	1.7008478e+02	8.6470354e+17	2.0305739e-02
4.3523513e+06	1.7008478e+02	8.5609959e+17	2.0103693e-02
4.3610125e+06	1.7008478e+02	8.4758126e+17	1.9903658e-02
4.3696737e+06	1.7008478e+02	8.3914768e+17	1.9705613e-02
4.3783348e+06	1.7008478e+02	8.3079803e+17	1.9509539e-02
4.3869960e+06	1.7008478e+02	8.2253145e+17	1.9315416e-02
4.3956572e+06	1.7008478e+02	8.1434712e+17	1.9123224e-02
4.4043184e+06	1.7008478e+02	8.0624423e+17	1.8932945e-02
4.4129795e+06	1.7008478e+02	7.9822197e+17	1.8744559e-02
4.4216407e+06	1.7008478e+02	7.9027953e+17	1.8558048e-02
4.4303019e+06	1.7008478e+02	7.8241612e+17	1.8373392e-02
4.4389631e+06	1.7008478e+02	7.7463095e+17	1.8190574e-02
4.4476243e+06	1.7008478e+02	7.6692324e+17	1.8009575e-02
4.4562854e+06	1.7008478e+02	7.5929222e+17	1.7830376e-02
4.4649466e+06	1.7008478e+02	7.5173714e+17	1.7652961e-02
4.4736078e+06	1.7008478e+02	7.4425723e+17	1.7477311e-02
4.4822690e+06	1.7008478e+02	7.3685175e+17	1.7303409e-02
4.4909301e+06	1.7008478e+02	7.2951995e+17	1.7131237e-02
4.4995913e+06	1.7008478e+02	7.2226111e+17	1.6960779e-02
4.5082525e+06	1.7008478e+02	7.1507449e+17	1.6792016e-02
4.5169137e+06	1.7008478e+02	7.0795938e+17	1.6624933e-02
4.5255748e+06	1.7008478e+02	7.0091506e+17	1.6459512e-02
4.5342360e+06	1.7008478e+02	6.9394084e+17	1.6295737e-02
4.5428972e+06	1.7008478e+02	6.8703602e+17	1.6133592e-02
4.5515584e+06	1.7008478e+02	6.8019989e+17	1.5973060e-02
4.5602196e+06	1.7008478e+02	6.7343179e+17	1.5814125e-02
4.5688807e+06	1.7008478e+02	6.6673103e+17	1.5656772e-02
4.5775419e+06	1.7008478e+02	6.6009695e+17	1.5500984e-02
4.5862031e+06	1.7008478e+02	6.5352887e+17	1.5346747e-02
4.5948643e+06	1.7008478e+02	6.4702615e+17	1.5194044e-02
4.6035254e+06	1.7008478e+02	6.4058814e+17	1.5042861e-02
4.6121866e+06	1.7008478e+02	6.3421418e+17	1.4893182e-02
4.6208478e+06	1.7008478e+02	6.2790364e+17	1.4744993e-02
4.6295090e+06	1.7008478e+02	6.2165589e+17	1.4598277e-02
4.6381702e+06	1.7008478e+02	6.1547032e+17	1.4453022e-02
4.6468313e+06	1.7008478e+02	6.0934628e+17	1.4309212e-02
4.6554925e+06	1.7008478e+02	6.0328319e+17	1.4166833e-02
4.6641537e+06	1.7008478e+02	5.9728042e+17	1.4025871e-02
4.6728149e+06	1.7008478e+02	5.9133738e+17	1.3886311e-02
4.6814760e+06	1.7008478e+02	5.8545347e+17	1.3748140e-02
4.6901372e+06	1.7008478e+02	5.7962811e+17	1.3611344e-02
4.6987984e+06	1.7008478e+02	5.7386072e+17	1.3475908e-02
4.7074596e+06	1.7008478e+02	5.6815071e+17	1.3341821e-02
4.7161208e+06	1.7008478e+02	5.6249751e+17	1.3209068e-02
4.7247819e+06	1.7008478e+02	5.5690057e+17	1.3077635e-02
4.7334431e+06	1.7008478e+02	5.5135932e+17	1.2947511e-02
4.7421043e+06	1.7008478e+02	5.4587320e+17	1.2818681e-02
4.7507655e+06	1.7008478e+02	5.4044167e+17	1.2691133e-02
4.7594266e+06	1.7008478e+02	5.3506419e+17	1.2564854e-02
4.7680878e+06	1.7008478e+02	5.2974021e+17	1.2439831e-02
4.7767490e+06	1.7008478e+02	5.2446921e+17	1.2316053e-02
4.7854102e+06	1.7008478e+02	5.1925065e+17	1.2193506e-02
4.7940714e+06	1.7008478e+02	5.1408402e+17	1.2072179e-02
4.8027325e+06	1.7008478e+02	5.0896880e+17	1.1952059e-02
4.8113937e+06	1.7008478e+02	5.0390447e+17	1.1833134e-02
4.8200549e+06	1.7008478e+02	4.9889054e+17	1.1715392e-02
4.8287161e+06	1.7008478e+02	4.9392650e+17	1.1598822e-02
4.8373772e+06	1.7008478e+02	4.8901185e+17	1.1483412e-02
4.8460384e+06	1.7008478e+02	4.8414610e+17	1.1369150e-02
4.8546996e+06	1.7008478e+02	4.7932876e+17	1.1256025e-02
4.8633608e+06	1.7008478e+02	4.7455936e+17	1.1144026e-02
4.8720219e+06	1.7008478e+02	4.6983742e+17	1.1033141e-02
4.8806831e+06	1.7008478e+02	4.6516246e+17	1.0923359e-02
4.8893443e+06	1.7008478e+02	4.6053401e+17	1.0814670e-02
4.8980055e+06	1.7008478e+02	4.5595162e+17	1.0707062e-02
4.9066667e+06	1.7008478e+02	4.5141483e+17	1.0600525e-02
4.9153278e+06	1.7008478e+02	4.4692318e+17	1.0495048e-02
4.9239890e+06	1.7008478e+02	4.4247622e+17	1.0390621e-02
4.9326502e+06	1.7008478e+02	4.3807351e+17	1.0287232e-02
4.9413114e+06	1.7008478e+02	4.3371460e+17	1.0184873e-02
4.9499725e+06	1.7008478e+02	4.2939907e+17	1.0083531e-02
4.9586337e+06	1.7008478e+02	4.2512648e+17	9.9831985e-03
4.9672949e+06	1.7008478e+02	4.2089640e+17	9.8838641e-03
4.9759561e+06	1.7008478e+02	4.1670841e+17	9.7855180e-03
4.9846173e+06	1.7008478e+02	4.1256209e+17	9.6881504e-03
4.9932784e+06	1.7008478e+02	4.0845703e+17	9.5917517e-03
5.0019396e+06	1.7008478e+02	4.0439281e+17	9.4963122e-03
5.0106008e+06	1.7008478e+02	4.0036904e+17	9.4018223e-03
5.0192620e+06	1.7008478e+02	3.9638530e+17	9.3082726e-03
5.0279231e+06	1.7008478e+02	3.9244120e+17	9.2156538e-03
5.0365843e+06	1.7008478e+02	3.8853634e+17	9.1239565e-03
5.0452455e+06	1.7008478e+02	3.8467034e+17	9.0331716e-03
5.0539067e+06	1.7008478e+02	3.8084281e+17	8.9432900e-03
5.0625679e+06	1.7008478e+02	3.7705336e+17	8.8543028e-03
5.0712290e+06	1.7008478e+02	3.7330162e+17	8.7662010e-03
5.0798902e+06	1.7008478e+02	3.6958720e+17	8.6789759e-03
5.0885514e+06	1.7008478e+02	3.6590975e+17	8.5926186e-03
5.0972126e+06	1.7008478e+02	3.6226889e+17	8.5071206e-03
5.1058737e+06	1.7008478e+02	3.5866425e+17	8.4224734e-03
5.1145349e+06	1.7008478e+02	3.5509548e+17	8.3386684e-03
5.1231961e+06	1.7008478e+02	3.5156222e+17	8.2556972e-03
5.1318573e+06	1.7008478e+02	3.4806412e+17	8.1735517e-03
5.1405184e+06	1.7008478e+02	3.4460082e+17	8.0922235e-03
5.1491796e+06	1.7008478e+02	3.4117199e+17	8.0117045e-03
5.1578408e+06	1.7008478e+02	3.3777727e+17	7.9319867e-03
5.1665020e+06	1.7008478e+02	3.3441633e+17	7.8530621e-03
5.1751632e+06	1.7008478e+02	3.3108883e+17	7.7749228e-03
5.1838243e+06	1.7008478e+02	3.2779444e+17	7.6975611e-03
5.1924855e+06	1.7008478e+02	3.2453283e+17	7.6209691e-03
5.2011467e+06	1.7008478e+02	3.2130368e+17	7.5451391e-03
5.2098079e+06	1.7008478e+02	3.1810665e+17	7.4700638e-03
5.2184690e+06	1.7008478e+02	3.1494144e+17	7.3957354e-03
5.2271302e+06	1.7008478e+02	3.1180772e+17	7.3221466e-03
5.2357914e+06	1.7008478e+02	3.0870518e+17	7.2492900e-03
5.2444526e+06	1.7008478e+02	3.0563351e+17	7.1771584e-03
5.2531138e+06	1.7008478e+02	3.0259241e+17	7.1057444e-03
5.2617749e+06	1.7008478e+02	2.9958156e+17	7.0350411e-03
5.2704361e+06	1.7008478e+02	2.9660068e+17	6.9650413e-03
5.2790973e+06	1.7008478e+02	2.9364945e+17	6.8957380e-03
5.2877585e+06	1.7008478e+02	2.9072759e+17	6.8271242e-03
5.2964196e+06	1.7008478e+02	2.8783480e+17	6.7591932e-03
5.3050808e+06	1.7008478e+02	2.8497080e+17	6.6919381e-03
5.3137420e+06	1.7008478e+02	2.8213529e+17	6.6253522e-03
5.3224032e+06	1.7008478e+02	2.7932800e+17	6.5594289e-03
5.3310644e+06	1.7008478e+02	2.7654864e+17	6.4941614e-03
5.3397255e+06	1.7008478e+02	2.7379693e+17	6.4295435e-03
5.3483867e+06	1.7008478e+02	2.7107261e+17	6.3655684e-03
5.3570479e+06	1.7008478e+02	2.6837539e+17	6.3022300e-03
5.3657091e+06	1.7008478e+02	2.6570501e+17	6.2395217e-03
5.3743702e+06	1.7008478e+02	2.6306120e+17	6.1774375e-03
5.3830314e+06	1.7008478e+02	2.6044370e+17	6.1159709e-03
5.3916926e+06	1.7008478e+02	2.5785224e+17	6.0551160e-03
5.4003538e+06	1.7008478e+02	2.5528657e+17	5.9948666e-03
5.4090149e+06	1.7008478e+02	2.5274643e+17	5.9352167e-03
5.4176761e+06	1.7008478e+02	2.5023156e+17	5.8761603e-03
5.4263373e+06	1.7008478e+02	2.4774171e+17	5.8176915e-03
5.4349985e+06	1.7008478e+02	2.4527664e+17	5.7598045e-03
5.4436597e+06	1.7008478e+02	2.4283610e+17	5.7024935e-03
5.4523208e+06	1.7008478e+02	2.4041984e+17	5.6457527e-03
5.4609820e+06	1.7008478e+02	2.3802762e+17	5.5895766e-03
5.4696432e+06	1.7008478e+02	2.3565921e+17	5.5339593e-03
5.4783044e+06	1.7008478e+02	2.3331436e+17	5.4788955e-03
5.4869655e+06	1.7008478e+02	2.3099284e+17	5.4243796e-03
5.4956267e+06	1.7008478e+02	2.2869442e+17	5.3704061e-03
5.5042879e+06	1.7008478e+02	2.2641888e+17	5.3169697e-03
5.5129491e+06	1.7008478e+02	2.2416597e+17	5.2640650e-03
5.5216103e+06	1.7008478e+02	2.2193548e+17	5.2116866e-03
5.5302714e+06	1.7008478e+02	2.1972719e+17	5.1598295e-03
5.5389326e+06	1.7008478e+02	2.1754086e+17	5.1084883e-03
5.5475938e+06	1.7008478e+02	2.1537630e+17	5.0576580e-03
5.5562550e+06	1.7008478e+02	2.1323327e+17	5.0073335e-03
5.5649161e+06	1.7008478e+02	2.1111156e+17	4.9575097e-03
5.5735773e+06	1.7008478e+02	2.0901097e+17	4.9081816e-03
5.5822385e+06	1.7008478e+02	2.0693127e+17	4.8593444e-03
5.5908997e+06	1.7008478e+02	2.0487227e+17	4.8109931e-03
5.5995609e+06	1.7008478e+02	2.0283376e+17	4.7631229e-03
5.6082220e+06	1.7008478e+02	2.0081553e+17	4.7157291e-03
5.6168832e+06	1.7008478e+02	1.9881738e+17	4.6688068e-03
5.6255444e+06	1.7008478e+02	1.9683911e+17	4.6223514e-03
5.6342056e+06	1.7008478e+02	1.9488053e+17	4.5763582e-03
5.6428667e+06	1.7008478e+02	1.9294144e+17	4.5308227e-03
5.6515279e+06	1.7008478e+02	1.9102164e+17	4.4857403e-03
5.6601891e+06	1.7008478e+02	1.8912094e+17	4.4411064e-03
5.6688503e+06	1.7008478e+02	1.8723916e+17	4.3969167e-03
5.6775114e+06	1.7008478e+02	1.8537610e+17	4.3531666e-03
5.6861726e+06	1.7008478e+02	1.8353157e+17	4.3098519e-03
5.6948338e+06	1.7008478e+02	1.8170540e+17	4.2669681e-03
5.7034950e+06	1.7008478e+02	1.7989740e+17	4.2245111e-03
5.7121562e+06	1.7008478e+02	1.7810740e+17	4.1824765e-03
5.7208173e+06	1.7008478e+02	1.7633520e+17	4.1408602e-03
5.7294785e+06	1.7008478e+02	1.7458063e+17	4.0996579e-03
5.7381397e+06	1.7008478e+02	1.7284353e+17	4.0588656e-03
5.7468009e+06	1.7008478e+02	1.7112370e+17	4.0184792e-03
5.7554620e+06	1.7008478e+02	1.6942100e+17	3.9784947e-03
5.7641232e+06	1.7008478e+02	1.6773523e+17	3.9389080e-03
5.7727844e+06	1.7008478e+02	1.6606624e+17	3.8997152e-03
5.7814456e+06	1.7008478e+02	1.6441385e+17	3.8609124e-03
5.7901068e+06	1.7008478e+02	1.6277790e+17	3.8224957e-03
5.7987679e+06	1.7008478e+02	1.6115824e+17	3.7844612e-03
5.8074291e+06	1.7008478e+02	1.5955468e+17	3.7468052e-03
5.8160903e+06	1.7008478e+02	1.5796709e+17	3.7095239e-03
5.8247515e+06	1.7008478e+02	1.5639529e+17	3.6726135e-03
5.8334126e+06	1.7008478e+02	1.5483913e+17	3.6360704e-03
5.8420738e+06	1.7008478e+02	1.5329846e+17	3.5998909e-03
5.8507350e+06	1.7008478e+02	1.5177311e+17	3.5640714e-03
5.8593962e+06	1.7008478e+02	1.5026294e+17	3.5286083e-03
5.8680574e+06	1.7008478e+02	1.4876780e+17	3.4934980e-03
5.8767185e+06	1.7008478e+02	1.4728754e+17	3.4587371e-03
5.8853797e+06	1.7008478e+02	1.4582200e+17	3.4243221e-03
5.8940409e+06	1.7008478e+02	1.4437105e+17	3.3902496e-03
5.9027021e+06	1.7008478e+02	1.4293453e+17	3.3565160e-03
5.9113632e+06	1.7008478e+02	1.4151231e+17	3.3231181e-03
5.9200244e+06	1.7008478e+02	1.4010424e+17	3.2900525e-03
5.9286856e+06	1.7008478e+02	1.3871018e+17	3.2573160e-03
5.9373468e+06	1.7008478e+02	1.3732999e+17	3.2249051e-03
5.9460079e+06	1.7008478e+02	1.3596353e+17	3.1928168e-03
5.9546691e+06	1.7008478e+02	1.3461067e+17	3.1610477e-03
5.9633303e+06	1.7008478e+02	1.3327128e+17	3.1295948e-03
5.9719915e+06	1.7008478e+02	1.3194520e+17	3.0984548e-03
5.9806527e+06	1.7008478e+02	1.3063233e+17	3.0676247e-03
5.9893138e+06	1.7008478e+02	1.2933251e+17	3.0371013e-03
5.9979750e+06	1.7008478e+02	1.2804563e+17	3.0068816e-03
6.0066362e+06	1.7008478e+02	1.2677156e+17	2.9769626e-03
6.0152974e+06	1.7008478e+02	1.2551016e+17	2.9473414e-03
6.0239585e+06	1.7008478e+02	1.2426131e+17	2.9180148e-03
6.0326197e+06	1.7008478e+02	1.2302489e+17	2.8889801e-03
6.0412809e+06	1.7008478e+02	1.2180077e+17	2.8602343e-03
6.0499421e+06	1.7008478e+02	1.2058884e+17	2.8317745e-03
6.0586033e+06	1.7008478e+02	1.1938896e+17	2.8035978e-03
6.0672644e+06	1.7008478e+02	1.1820102e+17	2.7757016e-03
6.0759256e+06	1.7008478e+02	1.1702490e+17	2.7480829e-03
6.0845868e+06	1.7008478e+02	1.1586048e+17	2.7207390e-03
6.0932480e+06	1.7008478e+02	1.1470765e+17	2.6936672e-03
6.1019091e+06	1.7008478e+02	1.1356629e+17	2.6668648e-03
6.1105703e+06	1.7008478e+02	1.1243629e+17	2.6403290e-03
6.1192315e+06	1.7008478e+02	1.1131753e+17	2.6140573e-03
6.1278927e+06	1.7008478e+02	1.1020990e+17	2.5880470e-03
6.1365539e+06	1.7008478e+02	1.0911329e+17	2.5622955e-03
6.1452150e+06	1.7008478e+02	1.0802760e+17	2.5368002e-03
6.1538762e+06	1.7008478e+02	1.0695270e+17	2.5115586e-03
6.1625374e+06	1.7008478e+02	1.0588851e+17	2.4865682e-03
6.1711986e+06	1.7008478e+02	1.0483490e+17	2.4618265e-03
6.1798597e+06	1.7008478e+02	1.0379177e+17	2.4373309e-03
6.1885209e+06	1.7008478e+02	1.0275903e+17	2.4130790e-03
6.1971821e+06	1.7008478e+02	1.0173656e+17	2.3890685e-03
6.2058433e+06	1.7008478e+02	1.0072426e+17	2.3652969e-03
6.2145044e+06	1.7008478e+02	9.9722040e+16	2.3417618e-03
6.2231656e+06	1.7008478e+02	9.8729789e+16	2.3184608e-03
6.2318268e+06	1.7008478e+02	9.7747411e+16	2.2953918e-03
6.2404880e+06	1.7008478e+02	9.6774808e+16	2.2725522e-03
6.2491492e+06	1.7008478e+02	9.5811883e+16	2.2499400e-03
6.2578103e+06	1.7008478e+02	9.4858539e+16	2.2275527e-03
6.2664715e+06	1.7008478e+02	9.3914681e+16	2.2053882e-03
6.2751327e+06	1.7008478e+02	9.2980214e+16	2.1834442e-03
6.2837939e+06	1.7008478e+02	9.2055045e+16	2.1617186e-03
6.2924550e+06	1.7008478e+02	9.1139082e+16	2.1402091e-03
6.3011162e+06	1.7008478e+02	9.0232233e+16	2.1189137e-03
6.3097774e+06	1.7008478e+02	8.9334407e+16	2.0978301e-03
6.3184386e+06	1.7008478e+02	8.8445515e+16	2.0769564e-03
6.3270998e+06	1.7008478e+02	8.7565468e+16	2.0562903e-03
6.3357609e+06	1.7008478e+02	8.6694177e+16	2.0358299e-03
6.3444221e+06	1.7008478e+02	8.5831555e+16	2.0155730e-03
6.3530833e+06	1.7008478e+02	8.4977517e+16	1.9955177e-03
6.3617445e+06	1.7008478e+02	8.4131977e+16	1.9756620e-03
6.3704056e+06	1.7008478e+02	8.3294849e+16	1.9560038e-03
6.3790668e+06	1.7008478e+02	8.2466052e+16	1.9365413e-03
6.3877280e+06	1.7008478e+02	8.1645501e+16	1.9172724e-03
6.3963892e+06	1.7008478e+02	8.0833115e+16	1.8981952e-03
6.4050504e+06	1.7008478e+02	8.0028812e+16	1.8793078e-03
6.4137115e+06	1.7008478e+02	7.9232512e+16	1.8606084e-03
6.4223727e+06	1.7008478e+02	7.8444135e+16	1.8420950e-03
6.4310339e+06	1.7008478e+02	7.7663603e+16	1.8237659e-03
6.4396951e+06	1.7008478e+02	7.6890837e+16	1.8056191e-03
6.4483562e+06	1.7008478e+02	7.6125760e+16	1.7876529e-03
6.4570174e+06	1.7008478e+02	7.5368297e+16	1.7698655e-03
6.4656786e+06	1.7008478e+02	7.4618369e+16	1.7522550e-03
6.4743398e+06	1.7008478e+02	7.3875904e+16	1.7348198e-03
6.4830009e+06	1.7008478e+02	7.3140827e+16	1.7175580e-03
6.4916621e+06	1.7008478e+02	7.2413063e+16	1.7004680e-03
6.5003233e+06	1.7008478e+02	7.1692541e+16	1.6835481e-03
6.5089845e+06	1.7008478e+02	7.0979189e+16	1.6667965e-03
6.5176457e+06	1.7008478e+02	7.0272934e+16	1.6502116e-03
6.5263068e+06	1.7008478e+02	6.9573707e+16	1.6337917e-03
6.5349680e+06	1.7008478e+02	6.8881437e+16	1.6175352e-03
6.5436292e+06	1.7008478e+02	6.8196055e+16	1.6014405e-03
6.5522904e+06	1.7008478e+02	6.7517493e+16	1.5855059e-03
6.5609515e+06	1.7008478e+02	6.6845682e+16	1.5697298e-03
6.5696127e+06	1.7008478e+02	6.6180557e+16	1.5541108e-03
6.5782739e+06	1.7008478e+02	6.5522049e+16	1.5386471e-03
6.5869351e+06	1.7008478e+02	6.4870094e+16	1.5233373e-03
6.5955963e+06	1.7008478e+02	6.4224626e+16	1.5081799e-03
6.6042574e+06	1.7008478e+02	6.3585580e+16	1.4931732e-03
6.6129186e+06	1.7008478e+02	6.2952893e+16	1.4783159e-03
6.6215798e+06	1.7008478e+02	6.2326501e+16	1.4636064e-03
6.6302410e+06	1.7008478e+02	6.1706342e+16	1.4490433e-03
6.6389021e+06	1.7008478e+02	6.1092354e+16	1.4346251e-03
6.6475633e+06	1.7008478e+02	6.0484475e+16	1.4203503e-03
6.6562245e+06	1.7008478e+02	5.9882644e+16	1.4062176e-03
6.6648857e+06	1.7008478e+02	5.9286802e+16	1.3922255e-03
6.6735469e+06	1.7008478e+02	5.8696888e+16	1.3783726e-03
6.6822080e+06	1.7008478e+02	5.8112845e+16	1.3646576e-03
6.6908692e+06	1.7008478e+02	5.7534612e+16	1.3510790e-03
6.6995304e+06	1.7008478e+02	5.6962133e+16	1.3376355e-03
6.7081916e+06	1.7008478e+02	5.6395350e+16	1.3243258e-03
6.7168527e+06	1.7008478e+02	5.5834207e+16	1.3111486e-03
6.7255139e+06	1.7008478e+02	5.5278648e+16	1.2981024e-03
6.7341751e+06	1.7008478e+02	5.4728616e+16	1.2851861e-03
6.7428363e+06	1.7008478e+02	5.4184057e+16	1.2723983e-03
6.7514974e+06	1.7008478e+02	5.3644917e+16	1.2597377e-03
6.7601586e+06	1.7008478e+02	5.3111141e+16	1.2472031e-03
6.7688198e+06	1.7008478e+02	5.2582676e+16	1.2347932e-03
6.7774810e+06	1.7008478e+02	5.2059470e+16	1.2225068e-03
6.7861422e+06	1.7008478e+02	5.1541469e+16	1.2103427e-03
6.7948033e+06	1.7008478e+02	5.1028623e+16	1.1982996e-03
6.8034645e+06	1.7008478e+02	5.0520880e+16	1.1863763e-03
6.8121257e+06	1.7008478e+02	5.0018189e+16	1.1745717e-03
6.8207869e+06	1.7008478e+02	4.9520500e+16	1.1628845e-03
6.8294480e+06	1.7008478e+02	4.9027762e+16	1.1513136e-03
6.8381092e+06	1.7008478e+02	4.8539928e+16	1.1398578e-03
6.8467704e+06	1.7008478e+02	4.8056948e+16	1.1285160e-03
6.8554316e+06	1.7008478e+02	4.7578773e+16	1.1172871e-03
6.8640928e+06	1.7008478e+02	4.7105356e+16	1.1061699e-03
6.8727539e+06	1.7008478e+02	4.6636650e+16	1.0951634e-03
6.8814151e+06	1.7008478e+02	4.6172608e+16	1.0842663e-03
6.8900763e+06	1.7008478e+02	4.5713183e+16	1.0734777e-03
6.8987375e+06	1.7008478e+02	4.5258329e+16	1.0627964e-03
6.9073986e+06	1.7008478e+02	4.4808001e+16	1.0522214e-03
6.9160598e+06	1.7008478e+02	4.4362154e+16	1.0417516e-03
6.9247210e+06	1.7008478e+02	4.3920743e+16	1.0313860e-03
6.9333822e+06	1.7008478e+02	4.3483724e+16	1.0211235e-03
6.9420434e+06	1.7008478e+02	4.3051054e+16	1.0109632e-03
6.9507045e+06	1.7008478e+02	4.2622689e+16	1.0009039e-03
6.9593657e+06	1.7008478e+02	4.2198586e+16	9.9094478e-04
6.9680269e+06	1.7008478e+02	4.1778703e+16	9.8108472e-04
6.9766881e+06	1.7008478e+02	4.1362998e+16	9.7132276e-04
6.9853492e+06	1.7008478e+02	4.0951429e+16	9.6165794e-04
6.9940104e+06	1.7008478e+02	4.0543956e+16	9.5208928e-04
7.0026716e+06	1.7008478e+02	4.0140537e+16	9.4261583e-04
7.0113328e+06	1.7008478e+02	3.9741132e+16	9.3323665e-04
7.0199939e+06	1.7008478e+02	3.9345701e+16	9.2395079e-04
7.0286551e+06	1.7008478e+02	3.8954205e+16	9.1475733e-04
7.0373163e+06	1.7008478e+02	3.8566604e+16	9.0565534e-04
7.0459775e+06	1.7008478e+02	3.8182860e+16	8.9664392e-04
7.0546387e+06	1.7008478e+02	3.7802934e+16	8.8772216e-04
7.0632998e+06	1.7008478e+02	3.7426788e+16	8.7888918e-04
7.0719610e+06	1.7008478e+02	3.7054386e+16	8.7014409e-04
7.0806222e+06	1.7008478e+02	3.6685688e+16	8.6148601e-04
7.0892834e+06	1.7008478e+02	3.6320660e+16	8.5291408e-04
7.0979445e+06	1.7008478e+02	3.5959263e+16	8.4442744e-04
7.1066057e+06	1.7008478e+02	3.5601462e+16	8.3602525e-04
7.1152669e+06	1.7008478e+02	3.5247222e+16	8.2770666e-04
7.1239281e+06	1.7008478e+02	3.4896506e+16	8.1947084e-04
7.1325893e+06	1.7008478e+02	3.4549280e+16	8.1131697e-04
7.1412504e+06	1.7008478e+02	3.4205509e+16	8.0324423e-04
7.1499116e+06	1.7008478e+02	3.3865159e+16	7.9525182e-04
7.1585728e+06	1.7008478e+02	3.3528195e+16	7.8733893e-04
7.1672340e+06	1.7008478e+02	3.3194584e+16	7.7950477e-04
7.1758951e+06	1.7008478e+02	3.2864292e+16	7.7174857e-04
7.1845563e+06	1.7008478e+02	3.2537287e+16	7.6406955e-04
7.1932175e+06	1.7008478e+02	3.2213535e+16	7.5646693e-04
7.2018787e+06	1.7008478e+02	3.1893005e+16	7.4893995e-04
7.2105399e+06	1.7008478e+02	3.1575665e+16	7.4148788e-04
7.2192010e+06	1.7008478e+02	3.1261481e+16	7.3410995e-04
7.2278622e+06	1.7008478e+02	3.0950425e+16	7.2680543e-04
7.2365234e+06	1.7008478e+02	3.0642463e+16	7.1957360e-04
7.2451846e+06	1.7008478e+02	3.0337565e+16	7.1241372e-04
7.2538457e+06	1.7008478e+02	3.0035701e+16	7.0532509e-04
7.2625069e+06	1.7008478e+02	2.9736841e+16	6.9830699e-04
7.2711681e+06	1.7008478e+02	2.9440955e+16	6.9135871e-04
7.2798293e+06	1.7008478e+02	2.9148012e+16	6.8447958e-04
7.2884904e+06	1.7008478e+02	2.8857985e+16	6.7766889e-04
7.2971516e+06	1.7008478e+02	2.8570843e+16	6.7092598e-04
7.3058128e+06	1.7008478e+02	2.8286558e+16	6.6425015e-04
7.3144740e+06	1.7008478e+02	2.8005102e+16	6.5764075e-04
7.3231352e+06	1.7008478e+02	2.7726447e+16	6.5109712e-04
7.3317963e+06	1.7008478e+02	2.7450564e+16	6.4461859e-04
7.3404575e+06	1.7008478e+02	2.7177426e+16	6.3820453e-04
7.3491187e+06	1.7008478e+02	2.6907006e+16	6.3185429e-04
7.3577799e+06	1.7008478e+02	2.6639277e+16	6.2556723e-04
7.3664410e+06	1.7008478e+02	2.6374212e+16	6.1934274e-04
7.3751022e+06	1.7008478e+02	2.6111784e+16	6.1318017e-04
7.3837634e+06	1.7008478e+02	2.5851968e+16	6.0707893e-04
7.3924246e+06	1.7008478e+02	2.5594736e+16	6.0103839e-04
7.4010858e+06	1.7008478e+02	2.5340064e+16	5.9505796e-04
7.4097469e+06	1.7008478e+02	2.5087927e+16	5.8913703e-04
7.4184081e+06	1.7008478e+02	2.4838297e+16	5.8327502e-04
7.4270693e+06	1.7008478e+02	2.4591152e+16	5.7747134e-04
7.4357305e+06	1.7008478e+02	2.4346466e+16	5.7172540e-04
7.4443916e+06	1.7008478e+02	2.4104215e+16	5.6603664e-04
7.4530528e+06	1.7008478e+02	2.3864374e+16	5.6040448e-04
7.4617140e+06	1.7008478e+02	2.3626919e+16	5.5482836e-04
7.4703752e+06	1.7008478e+02	2.3391828e+16	5.4930773e-04
7.4790364e+06	1.7008478e+02	2.3159075e+16	5.4384203e-04
7.4876975e+06	1.7008478e+02	2.2928638e+16	5.3843071e-04
7.4963587e+06	1.7008478e+02	2.2700495e+16	5.3307323e-04
7.5050199e+06	1.7008478e+02	2.2474621e+16	5.2776907e-04
7.5136811e+06	1.7008478e+02	2.2250995e+16	5.2251768e-04
7.5223422e+06	1.7008478e+02	2.2029594e+16	5.1731854e-04
7.5310034e+06	1.7008478e+02	2.1810396e+16	5.1217113e-04
7.5396646e+06	1.7008478e+02	2.1593378e+16	5.0707494e-04
7.5483258e+06	1.7008478e+02	2.1378521e+16	5.0202946e-04
7.5569869e+06	1.7008478e+02	2.1165801e+16	4.9703419e-04
7.5656481e+06	1.7008478e+02	2.0955198e+16	4.9208862e-04
7.5743093e+06	1.7008478e+02	2.0746690e+16	4.8719225e-04
7.5829705e+06	1.7008478e+02	2.0540257e+16	4.8234461e-04
7.5916317e+06	1.7008478e+02	2.0335878e+16	4.7754520e-04
7.6002928e+06	1.7008478e+02	2.0133533e+16	4.7279354e-04
7.6089540e+06	1.7008478e+02	1.9933201e+16	4.6808917e-04
7.6176152e+06	1.7008478e+02	1.9734862e+16	4.6343161e-04
7.6262764e+06	1.7008478e+02	1.9538497e+16	4.5882038e-04
7.6349375e+06	1.7008478e+02	1.9344086e+16	4.5425504e-04
7.6435987e+06	1.7008478e+02	1.9151609e+16	4.4973513e-04
7.6522599e+06	1.7008478e+02	1.8961047e+16	4.4526019e-04
7.6609211e+06	1.7008478e+02	1.8772381e+16	4.4082978e-04
7.6695823e+06	1.7008478e+02	1.8585593e+16	4.3644345e-04
7.6782434e+06	1.7008478e+02	1.8400663e+16	4.3210076e-04
7.6869046e+06	1.7008478e+02	1.8217574e+16	4.2780129e-04
7.6955658e+06	1.7008478e+02	1.8036306e+16	4.2354460e-04
7.7042270e+06	1.7008478e+02	1.7856842e+16	4.1933026e-04
7.7128881e+06	1.7008478e+02	1.7679163e+16	4.1515785e-04
7.7215493e+06	1.7008478e+02	1.7503252e+16	4.1102696e-04
7.7302105e+06	1.7008478e+02	1.7329092e+16	4.0693718e-04
7.7388717e+06	1.7008478e+02	1.7156665e+16	4.0288808e-04
7.7475329e+06	1.7008478e+02	1.6985953e+16	3.9887928e-04
7.7561940e+06	1.7008478e+02	1.6816940e+16	3.9491036e-04
7.7648552e+06	1.7008478e+02	1.6649609e+16	3.9098094e-04
7.7735164e+06	1.7008478e+02	1.6483942e+16	3.8709062e-04
7.7821776e+06	1.7008478e+02	1.6319924e+16	3.8323900e-04
7.7908387e+06	1.7008478e+02	1.6157538e+16	3.7942571e-04
7.7994999e+06	1.7008478e+02	1.5996768e+16	3.7565036e-04
7.8081611e+06	1.7008478e+02	1.5837598e+16	3.7191257e-04
7.8168223e+06	1.7008478e+02	1.5680011e+16	3.6821198e-04
7.8254834e+06	1.7008478e+02	1.5523992e+16	3.6454821e-04
7.8341446e+06	1.7008478e+02	1.5369526e+16	3.6092090e-04
7.8428058e+06	1.7008478e+02	1.5216597e+16	3.5732967e-04
7.8514670e+06	1.7008478e+02	1.5065189e+16	3.5377418e-04
7.8601282e+06	1.7008478e+02	1.4915288e+16	3.5025407e-04
7.8687893e+06	1.7008478e+02	1.4766878e+16	3.4676899e-04
7.8774505e+06	1.7008478e+02	1.4619945e+16	3.4331858e-04
7.8861117e+06	1.7008478e+02	1.4474474e+16	3.3990250e-04
7.8947729e+06	1.7008478e+02	1.4330451e+16	3.3652041e-04
7.9034340e+06	1.7008478e+02	1.4187861e+16	3.3317198e-04
7.9120952e+06	1.7008478e+02	1.4046689e+16	3.2985686e-04
7.9207564e+06	1.7008478e+02	1.3906922e+16	3.2657473e-04
7.9294176e+06	1.7008478e+02	1.3768546e+16	3.2332526e-04
7.9380788e+06	1.7008478e+02	1.3631547e+16	3.2010812e-04
7.9467399e+06	1.7008478e+02	1.3495911e+16	3.1692299e-04
7.9554011e+06	1.7008478e+02	1.3361624e+16	3.1376955e-04
7.9640623e+06	1.7008478e+02	1.3228674e+16	3.1064750e-04
7.9727235e+06	1.7008478e+02	1.3097046e+16	3.0755650e-04
7.9813846e+06	1.7008478e+02	1.2966728e+16	3.0449626e-04
7.9900458e+06	1.7008478e+02	1.2837707e+16	3.0146647e-04
7.9987070e+06	1.7008478e+02	1.2709970e+16	2.9846683e-04
8.0073682e+06	1.7008478e+02	1.2583504e+16	2.9549704e-04
8.0160294e+06	1.7008478e+02	1.2458296e+16	2.9255679e-04
8.0246905e+06	1.7008478e+02	1.2334334e+16	2.8964580e-04
8.0333517e+06	1.7008478e+02	1.2211605e+16	2.8676378e-04
8.0420129e+06	1.7008478e+02	1.2090097e+16	2.8391043e-04
8.0506741e+06	1.7008478e+02	1.1969799e+16	2.8108548e-04
8.0593352e+06	1.7008478e+02	1.1850697e+16	2.7828863e-04
8.0679964e+06	1.7008478e+02	1.1732781e+16	2.7551961e-04
8.0766576e+06	1.7008478e+02	1.1616038e+16	2.7277815e-04
8.0853188e+06	1.7008478e+02	1.1500456e+16	2.7006396e-04
8.0939799e+06	1.7008478e+02	1.1386025e+16	2.6737678e-04
8.1026411e+06	1.7008478e+02	1.1272732e+16	2.6471633e-04
8.1113023e+06	1.7008478e+02	1.1160566e+16	2.6208236e-04
8.1199635e+06	1.7008478e+02	1.1049517e+16	2.5947460e-04
8.1286247e+06	1.7008478e+02	1.0939572e+16	2.5689278e-04
8.1372858e+06	1.7008478e+02	1.0830722e+16	2.5433666e-04
8.1459470e+06	1.7008478e+02	1.0722954e+16	2.5180597e-04
8.1546082e+06	1.7008478e+02	1.0616259e+16	2.4930045e-04
8.1632694e+06	1.7008478e+02	1.0510626e+16	2.4681987e-04
8.1719305e+06	1.7008478e+02	1.0406043e+16	2.4436397e-04
8.1805917e+06	1.7008478e+02	1.0302501e+16	2.4193251e-04
8.1892529e+06	1.7008478e+02	1.0199990e+16	2.3952524e-04
8.1979141e+06	1.7008478e+02	1.0098498e+16	2.3714193e-04
8.2065753e+06	1.7008478e+02	9.9980164e+15	2.3478233e-04
8.2152364e+06	1.7008478e+02	9.8985345e+15	2.3244620e-04
8.2238976e+06	1.7008478e+02	9.8000424e+15	2.3013332e-04
8.2325588e+06	1.7008478e+02	9.7025304e+15	2.2784346e-04
8.2412200e+06	1.7008478e+02	9.6059886e+15	2.2557638e-04
8.2498811e+06	1.7008478e+02	9.5104074e+15	2.2333186e-04
8.2585423e+06	1.7008478e+02	9.4157773e+15	2.2110967e-04
8.2672035e+06	1.7008478e+02	9.3220887e+15	2.1890959e-04
8.2758647e+06	1.7008478e+02	9.2293324e+15	2.1673140e-04
8.2845259e+06	1.7008478e+02	9.1374990e+15	2.1457489e-04
8.2931870e+06	1.7008478e+02	9.0465794e+15	2.1243983e-04
8.3018482e+06	1.7008478e+02	8.9565644e+15	2.1032602e-04
8.3105094e+06	1.7008478e+02	8.8674451e+15	2.0823324e-04
8.3191706e+06	1.7008478e+02	8.7792125e+15	2.0616129e-04
8.3278317e+06	1.7008478e+02	8.6918579e+15	2.0410995e-04
8.3364929e+06	1.7008478e+02	8.6053725e+15	2.0207902e-04
8.3451541e+06	1.7008478e+02	8.5197476e+15	2.0006830e-04
8.3538153e+06	1.7008478e+02	8.4349747e+15	1.9807759e-04
8.3624765e+06	1.7008478e+02	8.3510453e+15	1.9610668e-04
8.3711376e+06	1.7008478e+02	8.2679510e+15	1.9415539e-04
8.3797988e+06	1.7008478e+02	8.1856835e+15	1.9222351e-04
8.3884600e+06	1.7008478e+02	8.1042346e+15	1.9031085e-04
8.3971212e+06	1.7008478e+02	8.0235961e+15	1.8841723e-04
8.4057823e+06	1.7008478e+02	7.9437600e+15	1.8654245e-04
8.4144435e+06	1.7008478e+02	7.8647183e+15	1.8468632e-04
8.4231047e+06	1.7008478e+02	7.7864630e+15	1.8284866e-04
8.4317659e+06	1.7008478e+02	7.7089864e+15	1.8102928e-04
8.4404270e+06	1.7008478e+02	7.6322807e+15	1.7922801e-04
8.4490882e+06	1.7008478e+02	7.5563383e+15	1.7744466e-04
8.4577494e+06	1.7008478e+02	7.4811514e+15	1.7567906e-04
8.4664106e+06	1.7008478e+02	7.4067127e+15	1.7393103e-04
8.4750718e+06	1.7008478e+02	7.3330147e+15	1.7220038e-04
8.4837329e+06	1.7008478e+02	7.2600500e+15	1.7048696e-04
8.4923941e+06	1.7008478e+02	7.1878113e+15	1.6879059e-04
8.5010553e+06	1.7008478e+02	7.1162914e+15	1.6711109e-04
8.5097165e+06	1.7008478e+02	7.0454831e+15	1.6544831e-04
8.5183776e+06	1.7008478e+02	6.9753794e+15	1.6380207e-04
8.5270388e+06	1.7008478e+02	6.9059732e+15	1.6217221e-04
8.5357000e+06	1.7008478e+02	6.8372576e+15	1.6055857e-04
8.5443612e+06	1.7008478e+02	6.7692258e+15	1.5896099e-04
8.5530224e+06	1.7008478e+02	6.7018708e+15	1.5737930e-04
8.5616835e+06	1.7008478e+02	6.6351861e+15	1.5581335e-04
8.5703447e+06	1.7008478e+02	6.5691649e+15	1.5426298e-04
8.5790059e+06	1.7008478e+02	6.5038006e+15	1.5272804e-04
8.5876671e+06	1.7008478e+02	6.4390867e+15	1.5120837e-04
8.5963282e+06	1.7008478e+02	6.3750167e+15	1.4970382e-04
8.6049894e+06	1.7008478e+02	6.3115843e+15	1.4821424e-04
8.6136506e+06	1.7008478e+02	6.2487829e+15	1.4673949e-04
8.6223118e+06	1.7008478e+02	6.1866065e+15	1.4527940e-04
8.6309730e+06	1.7008478e+02	6.1250488e+15	1.4383385e-04
8.6396341e+06	1.7008478e+02	6.0641035e+15	1.4240268e-04
8.6482953e+06	1.7008478e+02	6.0037647e+15	1.4098575e-04
8.6569565e+06	1.7008478e+02	5.9440262e+15	1.3958292e-04
8.6656177e+06	1.7008478e+02	5.8848822e+15	1.3819404e-04
8.6742788e+06	1.7008478e+02	5.8263266e+15	1.3681899e-04
8.6829400e+06	1.7008478e+02	5.7683537e+15	1.3545762e-04
8.6916012e+06	1.7008478e+02	5.7109576e+15	1.3410979e-04
8.7002624e+06	1.7008478e+02	5.6541326e+15	1.3277538e-04
8.7089235e+06	1.7008478e+02	5.5978731e+15	1.3145424e-04
8.7175847e+06	1.7008478e+02	5.5421733e+15	1.3014625e-04
8.7262459e+06	1.7008478e+02	5.4870278e+15	1.2885127e-04
8.7349071e+06	1.7008478e+02	5.4324309e+15	1.2756918e-04
8.7435683e+06	1.7008478e+02	5.3783773e+15	1.2629985e-04
8.7522294e+06	1.7008478e+02	5.3248616e+15	1.2504314e-04
8.7608906e+06	1.7008478e+02	5.2718783e+15	1.2379894e-04
8.7695518e+06	1.7008478e+02	5.2194223e+15	1.2256712e-04
8.7782130e+06	1.7008478e+02	5.1674881e+15	1.2134756e-04
8.7868741e+06	1.7008478e+02	5.1160708e+15	1.2014013e-04
8.7955353e+06	1.7008478e+02	5.0651650e+15	1.1894472e-04
8.8041965e+06	1.7008478e+02	5.0147658e+15	1.1776120e-04
8.8128577e+06	1.7008478e+02	4.9648680e+15	1.1658945e-04
8.8215189e+06	1.7008478e+02	4.9154668e+15	1.1542937e-04
8.8301800e+06	1.7008478e+02	4.8665571e+15	1.1428083e-04
8.8388412e+06	1.7008478e+02	4.8181340e+15	1.1314371e-04
8.8475024e+06	1.7008478e+02	4.7701928e+15	1.1201791e-04
8.8561636e+06	1.7008478e+02	4.7227286e+15	1.1090332e-04
8.8648247e+06	1.7008478e+02	4.6757366e+15	1.0979981e-04
8.8734859e+06	1.7008478e+02	4.6292123e+15	1.0870729e-04
8.8821471e+06	1.7008478e+02	4.5831508e+15	1.0762563e-04
8.8908083e+06	1.7008478e+02	4.5375477e+15	1.0655474e-04
8.8994695e+06	1.7008478e+02	4.4923984e+15	1.0549450e-04
8.9081306e+06	1.7008478e+02	4.4476983e+15	1.0444481e-04
8.9167918e+06	1.7008478e+02	4.4034429e+15	1.0340557e-04
8.9254530e+06	1.7008478e+02	4.3596279e+15	1.0237667e-04
8.9341142e+06	1.7008478e+02	4.3162489e+15	1.0135800e-04
8.9427753e+06	1.7008478e+02	4.2733015e+15	1.0034947e-04
8.9514365e+06	1.7008478e+02	4.2307815e+15	9.9350978e-05
8.9600977e+06	1.7008478e+02	4.1886845e+15	9.8362419e-05
8.9687589e+06	1.7008478e+02	4.1470064e+15	9.7383697e-05
8.9774200e+06	1.7008478e+02	4.1057430e+15	9.6414713e-05
8.9860812e+06	1.7008478e+02	4.0648901e+15	9.5455370e-05
8.9947424e+06	1.7008478e+02	4.0244438e+15	9.4505574e-05
9.0034036e+06	1.7008478e+02	3.9843999e+15	9.3565227e-05
9.0120648e+06	1.7008478e+02	3.9447545e+15	9.2634238e-05
9.0207259e+06	1.7008478e+02	3.9055035e+15	9.1712512e-05
9.0293871e+06	1.7008478e+02	3.8666431e+15	9.0799957e-05
9.0380483e+06	1.7008478e+02	3.8281694e+15	8.9896482e-05
9.0467095e+06	1.7008478e+02	3.7900784e+15	8.9001997e-05
9.0553706e+06	1.7008478e+02	3.7523665e+15	8.8116413e-05
9.0640318e+06	1.7008478e+02	3.7150299e+15	8.7239640e-05
9.0726930e+06	1.7008478e+02	3.6780647e+15	8.6371591e-05
9.0813542e+06	1.7008478e+02	3.6414673e+15	8.5512179e-05
9.0900154e+06	1.7008478e+02	3.6052341e+15	8.4661319e-05
9.0986765e+06	1.7008478e+02	3.5693615e+15	8.3818925e-05
9.1073377e+06	1.7008478e+02	3.5338457e+15	8.2984912e-05
