# Formed from form_atmospheric_profiles_paper_model.py
# Z (cm)	T (K)	DEN (cm**-3)	P (bar)
0.0000000e+00	2.5000000e+02	5.8163656e+18	2.0076029e-01
1.2715405e+04	2.4940056e+02	5.7712843e+18	1.9872660e-01
2.5400322e+04	2.4880256e+02	5.7265993e+18	1.9671512e-01
3.8054824e+04	2.4820599e+02	5.6823048e+18	1.9472553e-01
5.0678983e+04	2.4761085e+02	5.6383953e+18	1.9275751e-01
6.3272872e+04	2.4701714e+02	5.5948654e+18	1.9081075e-01
7.5836564e+04	2.4642485e+02	5.5517097e+18	1.8888495e-01
8.8370131e+04	2.4583398e+02	5.5089233e+18	1.8697983e-01
1.0087365e+05	2.4524453e+02	5.4665011e+18	1.8509508e-01
1.1334718e+05	2.4465649e+02	5.4244384e+18	1.8323045e-01
1.2579081e+05	2.4406986e+02	5.3827305e+18	1.8138564e-01
1.3820459e+05	2.4348464e+02	5.3413728e+18	1.7956040e-01
1.5058862e+05	2.4290082e+02	5.3003609e+18	1.7775447e-01
1.6294295e+05	2.4231840e+02	5.2596906e+18	1.7596760e-01
1.7526765e+05	2.4173738e+02	5.2193575e+18	1.7419953e-01
1.8756281e+05	2.4115775e+02	5.1793578e+18	1.7245002e-01
1.9982848e+05	2.4057951e+02	5.1396873e+18	1.7071884e-01
2.1206475e+05	2.4000266e+02	5.1003422e+18	1.6900575e-01
2.2427167e+05	2.3942719e+02	5.0613188e+18	1.6731053e-01
2.3644933e+05	2.3885310e+02	5.0226134e+18	1.6563295e-01
2.4859778e+05	2.3828039e+02	4.9842224e+18	1.6397280e-01
2.6071711e+05	2.3770905e+02	4.9461422e+18	1.6232986e-01
2.7280738e+05	2.3713908e+02	4.9083695e+18	1.6070393e-01
2.8486866e+05	2.3657048e+02	4.8709009e+18	1.5909479e-01
2.9690101e+05	2.3600324e+02	4.8337332e+18	1.5750224e-01
3.0890452e+05	2.3543736e+02	4.7968631e+18	1.5592610e-01
3.2087925e+05	2.3487283e+02	4.7602876e+18	1.5436616e-01
3.3282526e+05	2.3430966e+02	4.7240035e+18	1.5282223e-01
3.4474263e+05	2.3374784e+02	4.6880080e+18	1.5129413e-01
3.5663142e+05	2.3318737e+02	4.6522981e+18	1.4978167e-01
3.6849171e+05	2.3262825e+02	4.6168708e+18	1.4828468e-01
3.8032356e+05	2.3207046e+02	4.5817235e+18	1.4680297e-01
3.9212704e+05	2.3151401e+02	4.5468533e+18	1.4533638e-01
4.0390222e+05	2.3095889e+02	4.5122575e+18	1.4388472e-01
4.1564916e+05	2.3040511e+02	4.4779336e+18	1.4244784e-01
4.2736794e+05	2.2985265e+02	4.4438789e+18	1.4102556e-01
4.3905862e+05	2.2930152e+02	4.4100908e+18	1.3961773e-01
4.5072127e+05	2.2875171e+02	4.3765669e+18	1.3822418e-01
4.6235595e+05	2.2820322e+02	4.3433046e+18	1.3684476e-01
4.7396273e+05	2.2765604e+02	4.3103017e+18	1.3547930e-01
4.8554169e+05	2.2711017e+02	4.2775556e+18	1.3412767e-01
4.9709288e+05	2.2656562e+02	4.2450641e+18	1.3278970e-01
5.0861638e+05	2.2602237e+02	4.2128249e+18	1.3146524e-01
5.2011224e+05	2.2548042e+02	4.1808357e+18	1.3015416e-01
5.3158054e+05	2.2493977e+02	4.1490942e+18	1.2885630e-01
5.4302134e+05	2.2440042e+02	4.1175984e+18	1.2757153e-01
5.5443471e+05	2.2386236e+02	4.0863459e+18	1.2629970e-01
5.6582071e+05	2.2332559e+02	4.0553348e+18	1.2504068e-01
5.7717942e+05	2.2279011e+02	4.0245629e+18	1.2379433e-01
5.8851088e+05	2.2225591e+02	3.9940282e+18	1.2256051e-01
5.9981518e+05	2.2172299e+02	3.9637286e+18	1.2133910e-01
6.1109237e+05	2.2119136e+02	3.9336620e+18	1.2012995e-01
6.2234252e+05	2.2066099e+02	3.9038267e+18	1.1893295e-01
6.3356570e+05	2.2013190e+02	3.8742205e+18	1.1774797e-01
6.4476196e+05	2.1960407e+02	3.8448415e+18	1.1657487e-01
6.5593138e+05	2.1907752e+02	3.8156880e+18	1.1541354e-01
6.6707402e+05	2.1855222e+02	3.7867579e+18	1.1426386e-01
6.7818994e+05	2.1802818e+02	3.7580494e+18	1.1312569e-01
6.8927920e+05	2.1750540e+02	3.7295607e+18	1.1199892e-01
7.0034188e+05	2.1698388e+02	3.7012901e+18	1.1088344e-01
7.1137803e+05	2.1646360e+02	3.6732356e+18	1.0977913e-01
7.2238772e+05	2.1594457e+02	3.6453956e+18	1.0868587e-01
7.3337101e+05	2.1542679e+02	3.6177683e+18	1.0760354e-01
7.4432797e+05	2.1491025e+02	3.5903519e+18	1.0653204e-01
7.5525865e+05	2.1439494e+02	3.5631448e+18	1.0547126e-01
7.6616313e+05	2.1388088e+02	3.5361453e+18	1.0442108e-01
7.7704146e+05	2.1336804e+02	3.5093518e+18	1.0338139e-01
7.8789370e+05	2.1285643e+02	3.4827624e+18	1.0235210e-01
7.9871992e+05	2.1234605e+02	3.4563758e+18	1.0133308e-01
8.0952019e+05	2.1183690e+02	3.4301901e+18	1.0032425e-01
8.2029935e+05	2.1167691e+02	3.3986223e+18	9.9325900e-02
8.3107851e+05	2.1167691e+02	3.3648054e+18	9.8337590e-02
8.4185767e+05	2.1167691e+02	3.3313251e+18	9.7359115e-02
8.5263684e+05	2.1167691e+02	3.2981778e+18	9.6390376e-02
8.6341600e+05	2.1167691e+02	3.2653604e+18	9.5431275e-02
8.7419516e+05	2.1167691e+02	3.2328695e+18	9.4481718e-02
8.8497432e+05	2.1167691e+02	3.2007019e+18	9.3541609e-02
8.9575348e+05	2.1167691e+02	3.1688544e+18	9.2610855e-02
9.0653264e+05	2.1167691e+02	3.1373238e+18	9.1689362e-02
9.1731181e+05	2.1167691e+02	3.1061069e+18	9.0777037e-02
9.2809097e+05	2.1167691e+02	3.0752006e+18	8.9873791e-02
9.3887013e+05	2.1167691e+02	3.0446019e+18	8.8979531e-02
9.4964929e+05	2.1167691e+02	3.0143076e+18	8.8094170e-02
9.6042845e+05	2.1167691e+02	2.9843147e+18	8.7217619e-02
9.7120761e+05	2.1167691e+02	2.9546203e+18	8.6349789e-02
9.8198678e+05	2.1167691e+02	2.9252213e+18	8.5490594e-02
9.9276594e+05	2.1167691e+02	2.8961149e+18	8.4639948e-02
1.0035451e+06	2.1167691e+02	2.8672981e+18	8.3797767e-02
1.0143243e+06	2.1167691e+02	2.8387680e+18	8.2963965e-02
1.0251034e+06	2.1167691e+02	2.8105218e+18	8.2138460e-02
1.0358826e+06	2.1167691e+02	2.7825566e+18	8.1321169e-02
1.0466617e+06	2.1167691e+02	2.7548697e+18	8.0512009e-02
1.0574409e+06	2.1167691e+02	2.7274583e+18	7.9710902e-02
1.0682201e+06	2.1167691e+02	2.7003196e+18	7.8917765e-02
1.0789992e+06	2.1167691e+02	2.6734510e+18	7.8132520e-02
1.0897784e+06	2.1167691e+02	2.6468497e+18	7.7355088e-02
1.1005576e+06	2.1167691e+02	2.6205131e+18	7.6585392e-02
1.1113367e+06	2.1167691e+02	2.5944386e+18	7.5823355e-02
1.1221159e+06	2.1167691e+02	2.5686235e+18	7.5068900e-02
1.1328950e+06	2.1167691e+02	2.5430652e+18	7.4321952e-02
1.1436742e+06	2.1167691e+02	2.5177613e+18	7.3582436e-02
1.1544534e+06	2.1167691e+02	2.4927092e+18	7.2850279e-02
1.1652325e+06	2.1167691e+02	2.4679063e+18	7.2125406e-02
1.1760117e+06	2.1167691e+02	2.4433502e+18	7.1407747e-02
1.1867908e+06	2.1167691e+02	2.4190385e+18	7.0697228e-02
1.1975700e+06	2.1167691e+02	2.3949687e+18	6.9993778e-02
1.2083492e+06	2.1167691e+02	2.3711383e+18	6.9297329e-02
1.2191283e+06	2.1167691e+02	2.3475451e+18	6.8607809e-02
1.2299075e+06	2.1167691e+02	2.3241866e+18	6.7925150e-02
1.2406867e+06	2.1167691e+02	2.3010606e+18	6.7249283e-02
1.2514658e+06	2.1167691e+02	2.2781647e+18	6.6580142e-02
1.2622450e+06	2.1167691e+02	2.2554965e+18	6.5917658e-02
1.2730241e+06	2.1167691e+02	2.2330540e+18	6.5261766e-02
1.2838033e+06	2.1167691e+02	2.2108347e+18	6.4612401e-02
1.2945825e+06	2.1167691e+02	2.1888365e+18	6.3969497e-02
1.3053616e+06	2.1167691e+02	2.1670573e+18	6.3332990e-02
1.3161408e+06	2.1167691e+02	2.1454947e+18	6.2702816e-02
1.3269199e+06	2.1167691e+02	2.1241466e+18	6.2078913e-02
1.3376991e+06	2.1167691e+02	2.1030110e+18	6.1461217e-02
1.3484783e+06	2.1167691e+02	2.0820857e+18	6.0849668e-02
1.3592574e+06	2.1167691e+02	2.0613686e+18	6.0244203e-02
1.3700366e+06	2.1167691e+02	2.0408577e+18	5.9644764e-02
1.3808158e+06	2.1167691e+02	2.0205508e+18	5.9051288e-02
1.3915949e+06	2.1167691e+02	2.0004460e+18	5.8463718e-02
1.4023741e+06	2.1167691e+02	1.9805412e+18	5.7881994e-02
1.4131532e+06	2.1167691e+02	1.9608345e+18	5.7306059e-02
1.4239324e+06	2.1167691e+02	1.9413239e+18	5.6735854e-02
1.4347116e+06	2.1167691e+02	1.9220074e+18	5.6171323e-02
1.4454907e+06	2.1167691e+02	1.9028831e+18	5.5612409e-02
1.4562699e+06	2.1167691e+02	1.8839491e+18	5.5059056e-02
1.4670491e+06	2.1167691e+02	1.8652035e+18	5.4511209e-02
1.4778282e+06	2.1167691e+02	1.8466444e+18	5.3968814e-02
1.4886074e+06	2.1167691e+02	1.8282700e+18	5.3431815e-02
1.4993865e+06	2.1167691e+02	1.8100784e+18	5.2900160e-02
1.5101657e+06	2.1167691e+02	1.7920678e+18	5.2373794e-02
1.5209449e+06	2.1167691e+02	1.7742364e+18	5.1852666e-02
1.5317240e+06	2.1167691e+02	1.7565825e+18	5.1336724e-02
1.5425032e+06	2.1167691e+02	1.7391042e+18	5.0825915e-02
1.5532823e+06	2.1167691e+02	1.7217998e+18	5.0320189e-02
1.5640615e+06	2.1167691e+02	1.7046676e+18	4.9819494e-02
1.5748407e+06	2.1167691e+02	1.6877059e+18	4.9323782e-02
1.5856198e+06	2.1167691e+02	1.6709129e+18	4.8833002e-02
1.5963990e+06	2.1167691e+02	1.6542871e+18	4.8347106e-02
1.6071782e+06	2.1167691e+02	1.6378266e+18	4.7866044e-02
1.6179573e+06	2.1167691e+02	1.6215300e+18	4.7389769e-02
1.6287365e+06	2.1167691e+02	1.6053955e+18	4.6918233e-02
1.6395156e+06	2.1167691e+02	1.5894215e+18	4.6451389e-02
1.6502948e+06	2.1167691e+02	1.5736065e+18	4.5989190e-02
1.6610740e+06	2.1167691e+02	1.5579489e+18	4.5531589e-02
1.6718531e+06	2.1167691e+02	1.5424470e+18	4.5078543e-02
1.6826323e+06	2.1167691e+02	1.5270994e+18	4.4630004e-02
1.6934114e+06	2.1167691e+02	1.5119045e+18	4.4185928e-02
1.7041906e+06	2.1167691e+02	1.4968608e+18	4.3746270e-02
1.7149698e+06	2.1167691e+02	1.4819668e+18	4.3310988e-02
1.7257489e+06	2.1167691e+02	1.4672210e+18	4.2880036e-02
1.7365281e+06	2.1167691e+02	1.4526219e+18	4.2453373e-02
1.7473073e+06	2.1167691e+02	1.4381681e+18	4.2030954e-02
1.7580864e+06	2.1167691e+02	1.4238581e+18	4.1612740e-02
1.7688656e+06	2.1167691e+02	1.4096905e+18	4.1198686e-02
1.7796447e+06	2.1167691e+02	1.3956638e+18	4.0788752e-02
1.7904239e+06	2.1167691e+02	1.3817767e+18	4.0382897e-02
1.8012031e+06	2.1167691e+02	1.3680278e+18	3.9981081e-02
1.8119822e+06	2.1167691e+02	1.3544157e+18	3.9583262e-02
1.8227614e+06	2.1167691e+02	1.3409390e+18	3.9189402e-02
1.8335405e+06	2.1167691e+02	1.3275965e+18	3.8799461e-02
1.8443197e+06	2.1167691e+02	1.3143867e+18	3.8413400e-02
1.8550989e+06	2.1167691e+02	1.3013083e+18	3.8031180e-02
1.8658780e+06	2.1167691e+02	1.2883601e+18	3.7652764e-02
1.8766572e+06	2.1167691e+02	1.2755407e+18	3.7278113e-02
1.8874364e+06	2.1167691e+02	1.2628488e+18	3.6907189e-02
1.8982155e+06	2.1167691e+02	1.2502833e+18	3.6539956e-02
1.9089947e+06	2.1167691e+02	1.2378427e+18	3.6176378e-02
1.9197738e+06	2.1167691e+02	1.2255260e+18	3.5816417e-02
1.9305530e+06	2.1167691e+02	1.2133318e+18	3.5460038e-02
1.9413322e+06	2.1167691e+02	1.2012590e+18	3.5107204e-02
1.9521113e+06	2.1167691e+02	1.1893062e+18	3.4757882e-02
1.9628905e+06	2.1167691e+02	1.1774724e+18	3.4412035e-02
1.9736696e+06	2.1167691e+02	1.1657564e+18	3.4069630e-02
1.9844488e+06	2.1167691e+02	1.1541569e+18	3.3730631e-02
1.9952280e+06	2.1167691e+02	1.1426729e+18	3.3395006e-02
2.0060071e+06	2.1167691e+02	1.1313031e+18	3.3062720e-02
2.0167863e+06	2.1167691e+02	1.1200464e+18	3.2733740e-02
2.0275655e+06	2.1167691e+02	1.1089018e+18	3.2408034e-02
2.0383446e+06	2.1167691e+02	1.0978680e+18	3.2085569e-02
2.0491238e+06	2.1167691e+02	1.0869441e+18	3.1766312e-02
2.0599029e+06	2.1167691e+02	1.0761288e+18	3.1450232e-02
2.0706821e+06	2.1167691e+02	1.0654211e+18	3.1137297e-02
2.0814613e+06	2.1167691e+02	1.0548200e+18	3.0827476e-02
2.0922404e+06	2.1167691e+02	1.0443244e+18	3.0520737e-02
2.1030196e+06	2.1167691e+02	1.0339332e+18	3.0217051e-02
2.1137987e+06	2.1167691e+02	1.0236454e+18	2.9916386e-02
2.1245779e+06	2.1167691e+02	1.0134599e+18	2.9618713e-02
2.1353571e+06	2.1167691e+02	1.0033758e+18	2.9324002e-02
2.1461362e+06	2.1167691e+02	9.9339207e+17	2.9032223e-02
2.1569154e+06	2.1167691e+02	9.8350766e+17	2.8743348e-02
2.1676946e+06	2.1167691e+02	9.7372159e+17	2.8457347e-02
2.1784737e+06	2.1167691e+02	9.6403290e+17	2.8174191e-02
2.1892529e+06	2.1167691e+02	9.5444061e+17	2.7893853e-02
2.2000320e+06	2.1167691e+02	9.4494377e+17	2.7616305e-02
2.2108112e+06	2.1167691e+02	9.3554142e+17	2.7341518e-02
2.2215904e+06	2.1167691e+02	9.2623263e+17	2.7069466e-02
2.2323695e+06	2.1167691e+02	9.1701646e+17	2.6800120e-02
2.2431487e+06	2.1167691e+02	9.0789199e+17	2.6533454e-02
2.2539279e+06	2.1167691e+02	8.9885832e+17	2.6269442e-02
2.2647070e+06	2.1167691e+02	8.8991453e+17	2.6008057e-02
2.2754862e+06	2.1167691e+02	8.8105973e+17	2.5749272e-02
2.2862653e+06	2.1167691e+02	8.7229304e+17	2.5493063e-02
2.2970445e+06	2.1167691e+02	8.6361358e+17	2.5239402e-02
2.3078237e+06	2.1167691e+02	8.5502048e+17	2.4988266e-02
2.3186028e+06	2.1167691e+02	8.4651288e+17	2.4739629e-02
2.3293820e+06	2.1167691e+02	8.3808994e+17	2.4493465e-02
2.3401611e+06	2.1167691e+02	8.2975081e+17	2.4249751e-02
2.3509403e+06	2.1167691e+02	8.2149465e+17	2.4008462e-02
2.3617195e+06	2.1167691e+02	8.1332064e+17	2.3769574e-02
2.3724986e+06	2.1167691e+02	8.0522796e+17	2.3533063e-02
2.3832778e+06	2.1167691e+02	7.9721581e+17	2.3298905e-02
2.3940570e+06	2.1167691e+02	7.8928338e+17	2.3067077e-02
2.4048361e+06	2.1167691e+02	7.8142988e+17	2.2837556e-02
2.4156153e+06	2.1167691e+02	7.7365452e+17	2.2610318e-02
2.4263944e+06	2.1167691e+02	7.6595653e+17	2.2385342e-02
2.4371736e+06	2.1167691e+02	7.5833514e+17	2.2162604e-02
2.4479528e+06	2.1167691e+02	7.5078958e+17	2.1942082e-02
2.4587319e+06	2.1167691e+02	7.4331910e+17	2.1723755e-02
2.4695111e+06	2.1167691e+02	7.3592295e+17	2.1507600e-02
2.4802902e+06	2.1167691e+02	7.2860039e+17	2.1293596e-02
2.4910694e+06	2.1167691e+02	7.2135070e+17	2.1081721e-02
2.5018486e+06	2.1167691e+02	7.1417314e+17	2.0871954e-02
2.5126277e+06	2.1167691e+02	7.0706700e+17	2.0664275e-02
2.5234069e+06	2.1167691e+02	7.0003156e+17	2.0458662e-02
2.5341861e+06	2.1167691e+02	6.9306613e+17	2.0255095e-02
2.5449652e+06	2.1167691e+02	6.8617001e+17	2.0053553e-02
2.5557444e+06	2.1167691e+02	6.7934250e+17	1.9854017e-02
2.5665235e+06	2.1167691e+02	6.7258293e+17	1.9656466e-02
2.5773027e+06	2.1167691e+02	6.6589062e+17	1.9460881e-02
2.5880819e+06	2.1167691e+02	6.5926490e+17	1.9267242e-02
2.5988610e+06	2.1167691e+02	6.5270510e+17	1.9075530e-02
2.6096402e+06	2.1167691e+02	6.4621058e+17	1.8885725e-02
2.6204193e+06	2.1167691e+02	6.3978067e+17	1.8697809e-02
2.6311985e+06	2.1167691e+02	6.3341475e+17	1.8511763e-02
2.6419777e+06	2.1167691e+02	6.2711217e+17	1.8327568e-02
2.6527568e+06	2.1167691e+02	6.2087230e+17	1.8145205e-02
2.6635360e+06	2.1167691e+02	6.1469452e+17	1.7964658e-02
2.6743152e+06	2.1167691e+02	6.0857820e+17	1.7785906e-02
2.6850943e+06	2.1167691e+02	6.0252275e+17	1.7608933e-02
2.6958735e+06	2.1167691e+02	5.9652755e+17	1.7433722e-02
2.7066526e+06	2.1167691e+02	5.9059200e+17	1.7260253e-02
2.7174318e+06	2.1167691e+02	5.8471551e+17	1.7088511e-02
2.7282110e+06	2.1167691e+02	5.7889749e+17	1.6918477e-02
2.7389901e+06	2.1167691e+02	5.7313737e+17	1.6750136e-02
2.7497693e+06	2.1167691e+02	5.6743456e+17	1.6583469e-02
2.7605484e+06	2.1167691e+02	5.6178849e+17	1.6418461e-02
2.7713276e+06	2.1167691e+02	5.5619860e+17	1.6255094e-02
2.7821068e+06	2.1167691e+02	5.5066433e+17	1.6093353e-02
2.7928859e+06	2.1167691e+02	5.4518513e+17	1.5933222e-02
2.8036651e+06	2.1167691e+02	5.3976045e+17	1.5774684e-02
2.8144443e+06	2.1167691e+02	5.3438974e+17	1.5617723e-02
2.8252234e+06	2.1167691e+02	5.2907247e+17	1.5462324e-02
2.8360026e+06	2.1167691e+02	5.2380811e+17	1.5308471e-02
2.8467817e+06	2.1167691e+02	5.1859614e+17	1.5156150e-02
2.8575609e+06	2.1167691e+02	5.1343602e+17	1.5005343e-02
2.8683401e+06	2.1167691e+02	5.0832724e+17	1.4856038e-02
2.8791192e+06	2.1167691e+02	5.0326930e+17	1.4708218e-02
2.8898984e+06	2.1167691e+02	4.9826169e+17	1.4561868e-02
2.9006775e+06	2.1167691e+02	4.9330390e+17	1.4416975e-02
2.9114567e+06	2.1167691e+02	4.8839545e+17	1.4273524e-02
2.9222359e+06	2.1167691e+02	4.8353583e+17	1.4131500e-02
2.9330150e+06	2.1167691e+02	4.7872457e+17	1.3990889e-02
2.9437942e+06	2.1167691e+02	4.7396118e+17	1.3851678e-02
2.9545734e+06	2.1167691e+02	4.6924519e+17	1.3713851e-02
2.9653525e+06	2.1167691e+02	4.6457612e+17	1.3577396e-02
2.9761317e+06	2.1167691e+02	4.5995351e+17	1.3442299e-02
2.9869108e+06	2.1167691e+02	4.5537690e+17	1.3308546e-02
2.9976900e+06	2.1167691e+02	4.5084582e+17	1.3176123e-02
3.0084692e+06	2.1167691e+02	4.4635983e+17	1.3045019e-02
3.0192483e+06	2.1167691e+02	4.4191848e+17	1.2915219e-02
3.0300275e+06	2.1167691e+02	4.3752131e+17	1.2786710e-02
3.0408067e+06	2.1167691e+02	4.3316790e+17	1.2659480e-02
3.0515858e+06	2.1167691e+02	4.2885781e+17	1.2533516e-02
3.0623650e+06	2.1167691e+02	4.2459060e+17	1.2408806e-02
3.0731441e+06	2.1167691e+02	4.2036586e+17	1.2285336e-02
3.0839233e+06	2.1167691e+02	4.1618315e+17	1.2163095e-02
3.0947025e+06	2.1167691e+02	4.1204206e+17	1.2042070e-02
3.1054816e+06	2.1167691e+02	4.0794217e+17	1.1922249e-02
3.1162608e+06	2.1167691e+02	4.0388308e+17	1.1803621e-02
3.1270399e+06	2.1167691e+02	3.9986437e+17	1.1686173e-02
3.1378191e+06	2.1167691e+02	3.9588566e+17	1.1569894e-02
3.1485983e+06	2.1167691e+02	3.9194653e+17	1.1454771e-02
3.1593774e+06	2.1167691e+02	3.8804659e+17	1.1340795e-02
3.1701566e+06	2.1167691e+02	3.8418547e+17	1.1227952e-02
3.1809358e+06	2.1167691e+02	3.8036276e+17	1.1116232e-02
3.1917149e+06	2.1167691e+02	3.7657808e+17	1.1005623e-02
3.2024941e+06	2.1167691e+02	3.7283107e+17	1.0896116e-02
3.2132732e+06	2.1167691e+02	3.6912134e+17	1.0787697e-02
3.2240524e+06	2.1167691e+02	3.6544852e+17	1.0680358e-02
3.2348316e+06	2.1167691e+02	3.6181225e+17	1.0574087e-02
3.2456107e+06	2.1167691e+02	3.5821215e+17	1.0468873e-02
3.2563899e+06	2.1167691e+02	3.5464788e+17	1.0364706e-02
3.2671690e+06	2.1167691e+02	3.5111908e+17	1.0261575e-02
3.2779482e+06	2.1167691e+02	3.4762539e+17	1.0159471e-02
3.2887274e+06	2.1167691e+02	3.4416646e+17	1.0058382e-02
3.2995065e+06	2.1167691e+02	3.4074194e+17	9.9582998e-03
3.3102857e+06	2.1167691e+02	3.3735150e+17	9.8592131e-03
3.3210649e+06	2.1167691e+02	3.3399480e+17	9.7611123e-03
3.3318440e+06	2.1167691e+02	3.3067150e+17	9.6639876e-03
3.3426232e+06	2.1167691e+02	3.2738126e+17	9.5678293e-03
3.3534023e+06	2.1167691e+02	3.2412376e+17	9.4726278e-03
3.3641815e+06	2.1167691e+02	3.2089868e+17	9.3783736e-03
3.3749607e+06	2.1167691e+02	3.1770568e+17	9.2850572e-03
3.3857398e+06	2.1167691e+02	3.1454446e+17	9.1926694e-03
3.3965190e+06	2.1167691e+02	3.1141469e+17	9.1012008e-03
3.4072981e+06	2.1167691e+02	3.0831606e+17	9.0106423e-03
3.4180773e+06	2.1167691e+02	3.0524826e+17	8.9209849e-03
3.4288565e+06	2.1167691e+02	3.0221099e+17	8.8322196e-03
3.4396356e+06	2.1167691e+02	2.9920394e+17	8.7443376e-03
3.4504148e+06	2.1167691e+02	2.9622681e+17	8.6573300e-03
3.4611940e+06	2.1167691e+02	2.9327931e+17	8.5711881e-03
3.4719731e+06	2.1167691e+02	2.9036113e+17	8.4859034e-03
3.4827523e+06	2.1167691e+02	2.8747199e+17	8.4014672e-03
3.4935314e+06	2.1167691e+02	2.8461159e+17	8.3178712e-03
3.5043106e+06	2.1167691e+02	2.8177966e+17	8.2351070e-03
3.5150898e+06	2.1167691e+02	2.7897591e+17	8.1531663e-03
3.5258689e+06	2.1167691e+02	2.7620005e+17	8.0720410e-03
3.5366481e+06	2.1167691e+02	2.7345181e+17	7.9917228e-03
3.5474272e+06	2.1167691e+02	2.7073092e+17	7.9122038e-03
3.5582064e+06	2.1167691e+02	2.6803710e+17	7.8334761e-03
3.5689856e+06	2.1167691e+02	2.6537009e+17	7.7555317e-03
3.5797647e+06	2.1167691e+02	2.6272961e+17	7.6783629e-03
3.5905439e+06	2.1167691e+02	2.6011541e+17	7.6019619e-03
3.6013231e+06	2.1167691e+02	2.5752722e+17	7.5263211e-03
3.6121022e+06	2.1167691e+02	2.5496478e+17	7.4514330e-03
3.6228814e+06	2.1167691e+02	2.5242784e+17	7.3772900e-03
3.6336605e+06	2.1167691e+02	2.4991614e+17	7.3038847e-03
3.6444397e+06	2.1167691e+02	2.4742943e+17	7.2312098e-03
3.6552189e+06	2.1167691e+02	2.4496747e+17	7.1592581e-03
3.6659980e+06	2.1167691e+02	2.4253000e+17	7.0880223e-03
3.6767772e+06	2.1167691e+02	2.4011679e+17	7.0174953e-03
3.6875563e+06	2.1167691e+02	2.3772759e+17	6.9476700e-03
3.6983355e+06	2.1167691e+02	2.3536216e+17	6.8785396e-03
3.7091147e+06	2.1167691e+02	2.3302026e+17	6.8100970e-03
3.7198938e+06	2.1167691e+02	2.3070167e+17	6.7423354e-03
3.7306730e+06	2.1167691e+02	2.2840615e+17	6.6752480e-03
3.7414522e+06	2.1167691e+02	2.2613347e+17	6.6088282e-03
3.7522313e+06	2.1167691e+02	2.2388341e+17	6.5430692e-03
3.7630105e+06	2.1167691e+02	2.2165573e+17	6.4779646e-03
3.7737896e+06	2.1167691e+02	2.1945022e+17	6.4135078e-03
3.7845688e+06	2.1167691e+02	2.1726665e+17	6.3496923e-03
3.7953480e+06	2.1167691e+02	2.1510482e+17	6.2865118e-03
3.8061271e+06	2.1167691e+02	2.1296449e+17	6.2239600e-03
3.8169063e+06	2.1167691e+02	2.1084545e+17	6.1620306e-03
3.8276855e+06	2.1167691e+02	2.0874751e+17	6.1007173e-03
3.8384646e+06	2.1167691e+02	2.0667043e+17	6.0400142e-03
3.8492438e+06	2.1167691e+02	2.0461403e+17	5.9799150e-03
3.8600229e+06	2.1167691e+02	2.0257809e+17	5.9204139e-03
3.8708021e+06	2.1167691e+02	2.0056240e+17	5.8615048e-03
3.8815813e+06	2.1167691e+02	1.9856677e+17	5.8031818e-03
3.8923604e+06	2.1167691e+02	1.9659100e+17	5.7454392e-03
3.9031396e+06	2.1167691e+02	1.9463489e+17	5.6882711e-03
3.9139187e+06	2.1167691e+02	1.9269824e+17	5.6316719e-03
3.9246979e+06	2.1167691e+02	1.9078086e+17	5.5756358e-03
3.9354771e+06	2.1167691e+02	1.8888256e+17	5.5201573e-03
3.9462562e+06	2.1167691e+02	1.8700314e+17	5.4652308e-03
3.9570354e+06	2.1167691e+02	1.8514243e+17	5.4108509e-03
3.9678146e+06	2.1167691e+02	1.8330023e+17	5.3570120e-03
3.9785937e+06	2.1167691e+02	1.8147636e+17	5.3037088e-03
3.9893729e+06	2.1167691e+02	1.7967064e+17	5.2509361e-03
4.0001520e+06	2.1167691e+02	1.7788289e+17	5.1986884e-03
4.0109312e+06	2.1167691e+02	1.7611293e+17	5.1469606e-03
4.0217104e+06	2.1167691e+02	1.7436057e+17	5.0957474e-03
4.0324895e+06	2.1167691e+02	1.7262566e+17	5.0450439e-03
4.0432687e+06	2.1167691e+02	1.7090800e+17	4.9948449e-03
4.0540478e+06	2.1167691e+02	1.6920744e+17	4.9451454e-03
4.0648270e+06	2.1167691e+02	1.6752380e+17	4.8959403e-03
4.0756062e+06	2.1167691e+02	1.6585691e+17	4.8472249e-03
4.0863853e+06	2.1167691e+02	1.6420661e+17	4.7989942e-03
4.0971645e+06	2.1167691e+02	1.6257272e+17	4.7512434e-03
4.1079437e+06	2.1167691e+02	1.6095510e+17	4.7039678e-03
4.1187228e+06	2.1167691e+02	1.5935357e+17	4.6571625e-03
4.1295020e+06	2.1167691e+02	1.5776797e+17	4.6108230e-03
4.1402811e+06	2.1167691e+02	1.5619815e+17	4.5649445e-03
4.1510603e+06	2.1167691e+02	1.5464396e+17	4.5195226e-03
4.1618395e+06	2.1167691e+02	1.5310522e+17	4.4745526e-03
4.1726186e+06	2.1167691e+02	1.5158180e+17	4.4300300e-03
4.1833978e+06	2.1167691e+02	1.5007354e+17	4.3859505e-03
4.1941769e+06	2.1167691e+02	1.4858028e+17	4.3423095e-03
4.2049561e+06	2.1167691e+02	1.4710188e+17	4.2991028e-03
4.2157353e+06	2.1167691e+02	1.4563819e+17	4.2563260e-03
4.2265144e+06	2.1167691e+02	1.4418907e+17	4.2139749e-03
4.2372936e+06	2.1167691e+02	1.4275436e+17	4.1720451e-03
4.2480728e+06	2.1167691e+02	1.4133393e+17	4.1305326e-03
4.2588519e+06	2.1167691e+02	1.3992764e+17	4.0894331e-03
4.2696311e+06	2.1167691e+02	1.3853534e+17	4.0487426e-03
4.2804102e+06	2.1167691e+02	1.3715689e+17	4.0084569e-03
4.2911894e+06	2.1167691e+02	1.3579215e+17	3.9685721e-03
4.3019686e+06	2.1167691e+02	1.3444100e+17	3.9290842e-03
4.3127477e+06	2.1167691e+02	1.3310329e+17	3.8899891e-03
4.3235269e+06	2.1167691e+02	1.3177889e+17	3.8512831e-03
4.3343060e+06	2.1167691e+02	1.3046767e+17	3.8129622e-03
4.3450852e+06	2.1167691e+02	1.2916949e+17	3.7750226e-03
4.3558644e+06	2.1167691e+02	1.2788423e+17	3.7374605e-03
4.3666435e+06	2.1167691e+02	1.2661176e+17	3.7002721e-03
4.3774227e+06	2.1167691e+02	1.2535196e+17	3.6634538e-03
4.3882019e+06	2.1167691e+02	1.2410468e+17	3.6270018e-03
4.3989810e+06	2.1167691e+02	1.2286982e+17	3.5909125e-03
4.4097602e+06	2.1167691e+02	1.2164724e+17	3.5551824e-03
4.4205393e+06	2.1167691e+02	1.2043683e+17	3.5198077e-03
4.4313185e+06	2.1167691e+02	1.1923847e+17	3.4847850e-03
4.4420977e+06	2.1167691e+02	1.1805203e+17	3.4501108e-03
4.4528768e+06	2.1167691e+02	1.1687739e+17	3.4157817e-03
4.4636560e+06	2.1167691e+02	1.1571444e+17	3.3817941e-03
4.4744352e+06	2.1167691e+02	1.1456306e+17	3.3481447e-03
4.4852143e+06	2.1167691e+02	1.1342314e+17	3.3148301e-03
4.4959935e+06	2.1167691e+02	1.1229456e+17	3.2818470e-03
4.5067726e+06	2.1167691e+02	1.1117721e+17	3.2491920e-03
4.5175518e+06	2.1167691e+02	1.1007098e+17	3.2168620e-03
4.5283310e+06	2.1167691e+02	1.0897575e+17	3.1848537e-03
4.5391101e+06	2.1167691e+02	1.0789143e+17	3.1531639e-03
4.5498893e+06	2.1167691e+02	1.0681789e+17	3.1217894e-03
4.5606684e+06	2.1167691e+02	1.0575503e+17	3.0907271e-03
4.5714476e+06	2.1167691e+02	1.0470275e+17	3.0599738e-03
4.5822268e+06	2.1167691e+02	1.0366094e+17	3.0295266e-03
4.5930059e+06	2.1167691e+02	1.0262950e+17	2.9993823e-03
4.6037851e+06	2.1167691e+02	1.0160832e+17	2.9695379e-03
4.6145643e+06	2.1167691e+02	1.0059730e+17	2.9399905e-03
4.6253434e+06	2.1167691e+02	9.9596341e+16	2.9107371e-03
4.6361226e+06	2.1167691e+02	9.8605340e+16	2.8817748e-03
4.6469017e+06	2.1167691e+02	9.7624201e+16	2.8531007e-03
4.6576809e+06	2.1167691e+02	9.6652824e+16	2.8247118e-03
4.6684601e+06	2.1167691e+02	9.5691112e+16	2.7966055e-03
4.6792392e+06	2.1167691e+02	9.4738970e+16	2.7687788e-03
4.6900184e+06	2.1167691e+02	9.3796301e+16	2.7412290e-03
4.7007975e+06	2.1167691e+02	9.2863012e+16	2.7139533e-03
4.7115767e+06	2.1167691e+02	9.1939010e+16	2.6869490e-03
4.7223559e+06	2.1167691e+02	9.1024202e+16	2.6602134e-03
4.7331350e+06	2.1167691e+02	9.0118496e+16	2.6337439e-03
4.7439142e+06	2.1167691e+02	8.9221802e+16	2.6075377e-03
4.7546934e+06	2.1167691e+02	8.8334030e+16	2.5815922e-03
4.7654725e+06	2.1167691e+02	8.7455092e+16	2.5559050e-03
4.7762517e+06	2.1167691e+02	8.6584899e+16	2.5304733e-03
4.7870308e+06	2.1167691e+02	8.5723365e+16	2.5052947e-03
4.7978100e+06	2.1167691e+02	8.4870403e+16	2.4803666e-03
4.8085892e+06	2.1167691e+02	8.4025928e+16	2.4556865e-03
4.8193683e+06	2.1167691e+02	8.3189856e+16	2.4312520e-03
4.8301475e+06	2.1167691e+02	8.2362103e+16	2.4070607e-03
4.8409266e+06	2.1167691e+02	8.1542587e+16	2.3831100e-03
4.8517058e+06	2.1167691e+02	8.0731225e+16	2.3593977e-03
4.8624850e+06	2.1167691e+02	7.9927935e+16	2.3359213e-03
4.8732641e+06	2.1167691e+02	7.9132639e+16	2.3126785e-03
4.8840433e+06	2.1167691e+02	7.8345256e+16	2.2896669e-03
4.8948225e+06	2.1167691e+02	7.7565708e+16	2.2668844e-03
4.9056016e+06	2.1167691e+02	7.6793916e+16	2.2443285e-03
4.9163808e+06	2.1167691e+02	7.6029804e+16	2.2219970e-03
4.9271599e+06	2.1167691e+02	7.5273295e+16	2.1998878e-03
4.9379391e+06	2.1167691e+02	7.4524313e+16	2.1779985e-03
4.9487183e+06	2.1167691e+02	7.3782784e+16	2.1563271e-03
4.9594974e+06	2.1167691e+02	7.3048633e+16	2.1348713e-03
4.9702766e+06	2.1167691e+02	7.2321787e+16	2.1136290e-03
4.9810557e+06	2.1167691e+02	7.1602173e+16	2.0925980e-03
4.9918349e+06	2.1167691e+02	7.0889719e+16	2.0717763e-03
5.0026141e+06	2.1167691e+02	7.0184355e+16	2.0511618e-03
5.0133932e+06	2.1167691e+02	6.9486009e+16	2.0307524e-03
5.0241724e+06	2.1167691e+02	6.8794612e+16	2.0105461e-03
5.0349516e+06	2.1167691e+02	6.8110094e+16	1.9905408e-03
5.0457307e+06	2.1167691e+02	6.7432387e+16	1.9707346e-03
5.0565099e+06	2.1167691e+02	6.6761424e+16	1.9511254e-03
5.0672890e+06	2.1167691e+02	6.6097136e+16	1.9317114e-03
5.0780682e+06	2.1167691e+02	6.5439459e+16	1.9124906e-03
5.0888474e+06	2.1167691e+02	6.4788325e+16	1.8934610e-03
5.0996265e+06	2.1167691e+02	6.4143671e+16	1.8746207e-03
5.1104057e+06	2.1167691e+02	6.3505431e+16	1.8559679e-03
5.1211848e+06	2.1167691e+02	6.2873541e+16	1.8375007e-03
5.1319640e+06	2.1167691e+02	6.2247939e+16	1.8192173e-03
5.1427432e+06	2.1167691e+02	6.1628561e+16	1.8011158e-03
5.1535223e+06	2.1167691e+02	6.1015347e+16	1.7831944e-03
5.1643015e+06	2.1167691e+02	6.0408234e+16	1.7654513e-03
5.1750807e+06	2.1167691e+02	5.9807162e+16	1.7478848e-03
5.1858598e+06	2.1167691e+02	5.9212071e+16	1.7304930e-03
5.1966390e+06	2.1167691e+02	5.8622901e+16	1.7132743e-03
5.2074181e+06	2.1167691e+02	5.8039593e+16	1.6962270e-03
5.2181973e+06	2.1167691e+02	5.7462090e+16	1.6793492e-03
5.2289765e+06	2.1167691e+02	5.6890332e+16	1.6626394e-03
5.2397556e+06	2.1167691e+02	5.6324264e+16	1.6460959e-03
5.2505348e+06	2.1167691e+02	5.5763828e+16	1.6297170e-03
5.2613140e+06	2.1167691e+02	5.5208969e+16	1.6135010e-03
5.2720931e+06	2.1167691e+02	5.4659631e+16	1.5974464e-03
5.2828723e+06	2.1167691e+02	5.4115758e+16	1.5815515e-03
5.2936514e+06	2.1167691e+02	5.3577297e+16	1.5658148e-03
5.3044306e+06	2.1167691e+02	5.3044194e+16	1.5502347e-03
5.3152098e+06	2.1167691e+02	5.2516396e+16	1.5348096e-03
5.3259889e+06	2.1167691e+02	5.1993849e+16	1.5195380e-03
5.3367681e+06	2.1167691e+02	5.1476501e+16	1.5044184e-03
5.3475472e+06	2.1167691e+02	5.0964302e+16	1.4894492e-03
5.3583264e+06	2.1167691e+02	5.0457198e+16	1.4746289e-03
5.3691056e+06	2.1167691e+02	4.9955141e+16	1.4599561e-03
5.3798847e+06	2.1167691e+02	4.9458079e+16	1.4454293e-03
5.3906639e+06	2.1167691e+02	4.8965963e+16	1.4310470e-03
5.4014431e+06	2.1167691e+02	4.8478743e+16	1.4168079e-03
5.4122222e+06	2.1167691e+02	4.7996372e+16	1.4027104e-03
5.4230014e+06	2.1167691e+02	4.7518800e+16	1.3887532e-03
5.4337805e+06	2.1167691e+02	4.7045980e+16	1.3749349e-03
5.4445597e+06	2.1167691e+02	4.6577865e+16	1.3612540e-03
5.4553389e+06	2.1167691e+02	4.6114407e+16	1.3477093e-03
5.4661180e+06	2.1167691e+02	4.5655561e+16	1.3342994e-03
5.4768972e+06	2.1167691e+02	4.5201281e+16	1.3210229e-03
5.4876763e+06	2.1167691e+02	4.4751521e+16	1.3078785e-03
5.4984555e+06	2.1167691e+02	4.4306235e+16	1.2948649e-03
5.5092347e+06	2.1167691e+02	4.3865381e+16	1.2819808e-03
5.5200138e+06	2.1167691e+02	4.3428913e+16	1.2692248e-03
5.5307930e+06	2.1167691e+02	4.2996788e+16	1.2565959e-03
5.5415722e+06	2.1167691e+02	4.2568963e+16	1.2440925e-03
5.5523513e+06	2.1167691e+02	4.2145395e+16	1.2317136e-03
5.5631305e+06	2.1167691e+02	4.1726041e+16	1.2194578e-03
5.5739096e+06	2.1167691e+02	4.1310860e+16	1.2073240e-03
5.5846888e+06	2.1167691e+02	4.0899810e+16	1.1953109e-03
5.5954680e+06	2.1167691e+02	4.0492850e+16	1.1834174e-03
5.6062471e+06	2.1167691e+02	4.0089940e+16	1.1716422e-03
5.6170263e+06	2.1167691e+02	3.9691038e+16	1.1599842e-03
5.6278054e+06	2.1167691e+02	3.9296106e+16	1.1484421e-03
5.6385846e+06	2.1167691e+02	3.8905103e+16	1.1370149e-03
5.6493638e+06	2.1167691e+02	3.8517991e+16	1.1257015e-03
5.6601429e+06	2.1167691e+02	3.8134730e+16	1.1145005e-03
5.6709221e+06	2.1167691e+02	3.7755283e+16	1.1034111e-03
5.6817013e+06	2.1167691e+02	3.7379612e+16	1.0924320e-03
5.6924804e+06	2.1167691e+02	3.7007679e+16	1.0815621e-03
5.7032596e+06	2.1167691e+02	3.6639446e+16	1.0708003e-03
5.7140387e+06	2.1167691e+02	3.6274878e+16	1.0601457e-03
5.7248179e+06	2.1167691e+02	3.5913936e+16	1.0495971e-03
5.7355971e+06	2.1167691e+02	3.5556587e+16	1.0391534e-03
5.7463762e+06	2.1167691e+02	3.5202793e+16	1.0288137e-03
5.7571554e+06	2.1167691e+02	3.4852519e+16	1.0185768e-03
5.7679345e+06	2.1167691e+02	3.4505731e+16	1.0084418e-03
5.7787137e+06	2.1167691e+02	3.4162393e+16	9.9840763e-04
5.7894929e+06	2.1167691e+02	3.3822472e+16	9.8847331e-04
5.8002720e+06	2.1167691e+02	3.3485932e+16	9.7863783e-04
5.8110512e+06	2.1167691e+02	3.3152742e+16	9.6890022e-04
5.8218304e+06	2.1167691e+02	3.2822867e+16	9.5925950e-04
5.8326095e+06	2.1167691e+02	3.2496274e+16	9.4971471e-04
5.8433887e+06	2.1167691e+02	3.2172930e+16	9.4026489e-04
5.8541678e+06	2.1167691e+02	3.1852804e+16	9.3090910e-04
5.8649470e+06	2.1167691e+02	3.1535863e+16	9.2164640e-04
5.8757262e+06	2.1167691e+02	3.1222076e+16	9.1247587e-04
5.8865053e+06	2.1167691e+02	3.0911412e+16	9.0339658e-04
5.8972845e+06	2.1167691e+02	3.0603838e+16	8.9440763e-04
5.9080636e+06	2.1167691e+02	3.0299325e+16	8.8550813e-04
5.9188428e+06	2.1167691e+02	2.9997841e+16	8.7669718e-04
5.9296220e+06	2.1167691e+02	2.9699358e+16	8.6797389e-04
5.9404011e+06	2.1167691e+02	2.9403844e+16	8.5933741e-04
5.9511803e+06	2.1167691e+02	2.9111271e+16	8.5078686e-04
5.9619595e+06	2.1167691e+02	2.8821609e+16	8.4232139e-04
5.9727386e+06	2.1167691e+02	2.8534829e+16	8.3394015e-04
5.9835178e+06	2.1167691e+02	2.8250903e+16	8.2564231e-04
5.9942969e+06	2.1167691e+02	2.7969802e+16	8.1742703e-04
6.0050761e+06	2.1167691e+02	2.7691498e+16	8.0929349e-04
6.0158553e+06	2.1167691e+02	2.7415963e+16	8.0124089e-04
6.0266344e+06	2.1167691e+02	2.7143169e+16	7.9326841e-04
6.0374136e+06	2.1167691e+02	2.6873090e+16	7.8537526e-04
6.0481928e+06	2.1167691e+02	2.6605698e+16	7.7756064e-04
6.0589719e+06	2.1167691e+02	2.6340967e+16	7.6982378e-04
6.0697511e+06	2.1167691e+02	2.6078870e+16	7.6216391e-04
6.0805302e+06	2.1167691e+02	2.5819381e+16	7.5458025e-04
6.0913094e+06	2.1167691e+02	2.5562474e+16	7.4707205e-04
6.1020886e+06	2.1167691e+02	2.5308123e+16	7.3963856e-04
6.1128677e+06	2.1167691e+02	2.5056303e+16	7.3227904e-04
6.1236469e+06	2.1167691e+02	2.4806989e+16	7.2499274e-04
6.1344260e+06	2.1167691e+02	2.4560155e+16	7.1777894e-04
6.1452052e+06	2.1167691e+02	2.4315778e+16	7.1063692e-04
6.1559844e+06	2.1167691e+02	2.4073832e+16	7.0356596e-04
6.1667635e+06	2.1167691e+02	2.3834293e+16	6.9656537e-04
6.1775427e+06	2.1167691e+02	2.3597138e+16	6.8963442e-04
6.1883219e+06	2.1167691e+02	2.3362342e+16	6.8277245e-04
6.1991010e+06	2.1167691e+02	2.3129883e+16	6.7597875e-04
6.2098802e+06	2.1167691e+02	2.2899737e+16	6.6925265e-04
6.2206593e+06	2.1167691e+02	2.2671881e+16	6.6259347e-04
6.2314385e+06	2.1167691e+02	2.2446292e+16	6.5600056e-04
6.2422177e+06	2.1167691e+02	2.2222947e+16	6.4947324e-04
6.2529968e+06	2.1167691e+02	2.2001825e+16	6.4301088e-04
6.2637760e+06	2.1167691e+02	2.1782904e+16	6.3661281e-04
6.2745551e+06	2.1167691e+02	2.1566160e+16	6.3027841e-04
6.2853343e+06	2.1167691e+02	2.1351573e+16	6.2400703e-04
6.2961135e+06	2.1167691e+02	2.1139121e+16	6.1779806e-04
6.3068926e+06	2.1167691e+02	2.0928784e+16	6.1165086e-04
6.3176718e+06	2.1167691e+02	2.0720539e+16	6.0556484e-04
6.3284510e+06	2.1167691e+02	2.0514366e+16	5.9953937e-04
6.3392301e+06	2.1167691e+02	2.0310245e+16	5.9357385e-04
6.3500093e+06	2.1167691e+02	2.0108154e+16	5.8766769e-04
6.3607884e+06	2.1167691e+02	1.9908075e+16	5.8182030e-04
6.3715676e+06	2.1167691e+02	1.9709986e+16	5.7603109e-04
6.3823468e+06	2.1167691e+02	1.9513869e+16	5.7029949e-04
6.3931259e+06	2.1167691e+02	1.9319702e+16	5.6462491e-04
6.4039051e+06	2.1167691e+02	1.9127468e+16	5.5900680e-04
6.4146842e+06	2.1167691e+02	1.8937147e+16	5.5344459e-04
6.4254634e+06	2.1167691e+02	1.8748719e+16	5.4793772e-04
6.4362426e+06	2.1167691e+02	1.8562166e+16	5.4248565e-04
6.4470217e+06	2.1167691e+02	1.8377469e+16	5.3708783e-04
6.4578009e+06	2.1167691e+02	1.8194610e+16	5.3174372e-04
6.4685801e+06	2.1167691e+02	1.8013571e+16	5.2645278e-04
6.4793592e+06	2.1167691e+02	1.7834333e+16	5.2121449e-04
6.4901384e+06	2.1167691e+02	1.7656878e+16	5.1602831e-04
6.5009175e+06	2.1167691e+02	1.7481190e+16	5.1089375e-04
6.5116967e+06	2.1167691e+02	1.7307249e+16	5.0581027e-04
6.5224759e+06	2.1167691e+02	1.7135039e+16	5.0077737e-04
6.5332550e+06	2.1167691e+02	1.6964542e+16	4.9579456e-04
6.5440342e+06	2.1167691e+02	1.6795742e+16	4.9086132e-04
6.5548133e+06	2.1167691e+02	1.6628622e+16	4.8597717e-04
6.5655925e+06	2.1167691e+02	1.6463164e+16	4.8114161e-04
6.5763717e+06	2.1167691e+02	1.6299353e+16	4.7635417e-04
6.5871508e+06	2.1167691e+02	1.6137172e+16	4.7161437e-04
6.5979300e+06	2.1167691e+02	1.5976604e+16	4.6692173e-04
6.6087092e+06	2.1167691e+02	1.5817634e+16	4.6227578e-04
6.6194883e+06	2.1167691e+02	1.5660246e+16	4.5767606e-04
6.6302675e+06	2.1167691e+02	1.5504424e+16	4.5312211e-04
6.6410466e+06	2.1167691e+02	1.5350153e+16	4.4861347e-04
6.6518258e+06	2.1167691e+02	1.5197416e+16	4.4414969e-04
6.6626050e+06	2.1167691e+02	1.5046199e+16	4.3973032e-04
6.6733841e+06	2.1167691e+02	1.4896487e+16	4.3535493e-04
6.6841633e+06	2.1167691e+02	1.4748265e+16	4.3102308e-04
6.6949424e+06	2.1167691e+02	1.4601517e+16	4.2673433e-04
6.7057216e+06	2.1167691e+02	1.4456229e+16	4.2248825e-04
6.7165008e+06	2.1167691e+02	1.4312388e+16	4.1828442e-04
6.7272799e+06	2.1167691e+02	1.4169977e+16	4.1412242e-04
6.7380591e+06	2.1167691e+02	1.4028983e+16	4.1000184e-04
6.7488383e+06	2.1167691e+02	1.3889393e+16	4.0592225e-04
6.7596174e+06	2.1167691e+02	1.3751191e+16	4.0188326e-04
6.7703966e+06	2.1167691e+02	1.3614364e+16	3.9788445e-04
6.7811757e+06	2.1167691e+02	1.3478899e+16	3.9392543e-04
6.7919549e+06	2.1167691e+02	1.3344782e+16	3.9000581e-04
6.8027341e+06	2.1167691e+02	1.3211999e+16	3.8612519e-04
6.8135132e+06	2.1167691e+02	1.3080537e+16	3.8228318e-04
6.8242924e+06	2.1167691e+02	1.2950384e+16	3.7847940e-04
6.8350716e+06	2.1167691e+02	1.2821525e+16	3.7471346e-04
6.8458507e+06	2.1167691e+02	1.2693949e+16	3.7098500e-04
6.8566299e+06	2.1167691e+02	1.2567642e+16	3.6729364e-04
6.8674090e+06	2.1167691e+02	1.2442592e+16	3.6363901e-04
6.8781882e+06	2.1167691e+02	1.2318786e+16	3.6002074e-04
6.8889674e+06	2.1167691e+02	1.2196212e+16	3.5643847e-04
6.8997465e+06	2.1167691e+02	1.2074858e+16	3.5289185e-04
6.9105257e+06	2.1167691e+02	1.1954711e+16	3.4938052e-04
6.9213048e+06	2.1167691e+02	1.1835760e+16	3.4590412e-04
6.9320840e+06	2.1167691e+02	1.1717992e+16	3.4246232e-04
6.9428632e+06	2.1167691e+02	1.1601396e+16	3.3905476e-04
6.9536423e+06	2.1167691e+02	1.1485960e+16	3.3568111e-04
6.9644215e+06	2.1167691e+02	1.1371673e+16	3.3234103e-04
6.9752007e+06	2.1167691e+02	1.1258523e+16	3.2903418e-04
6.9859798e+06	2.1167691e+02	1.1146499e+16	3.2576024e-04
6.9967590e+06	2.1167691e+02	1.1035589e+16	3.2251887e-04
7.0075381e+06	2.1167691e+02	1.0925783e+16	3.1930975e-04
7.0183173e+06	2.1167691e+02	1.0817070e+16	3.1613257e-04
7.0290965e+06	2.1167691e+02	1.0709438e+16	3.1298699e-04
7.0398756e+06	2.1167691e+02	1.0602877e+16	3.0987272e-04
7.0506548e+06	2.1167691e+02	1.0497377e+16	3.0678944e-04
7.0614339e+06	2.1167691e+02	1.0392926e+16	3.0373683e-04
7.0722131e+06	2.1167691e+02	1.0289515e+16	3.0071460e-04
7.0829923e+06	2.1167691e+02	1.0187133e+16	2.9772244e-04
7.0937714e+06	2.1167691e+02	1.0085769e+16	2.9476005e-04
7.1045506e+06	2.1167691e+02	9.9854139e+15	2.9182714e-04
7.1153298e+06	2.1167691e+02	9.8860574e+15	2.8892341e-04
7.1261089e+06	2.1167691e+02	9.7876895e+15	2.8604857e-04
7.1368881e+06	2.1167691e+02	9.6903004e+15	2.8320234e-04
7.1476672e+06	2.1167691e+02	9.5938803e+15	2.8038443e-04
7.1584464e+06	2.1167691e+02	9.4984196e+15	2.7759456e-04
7.1692256e+06	2.1167691e+02	9.4039087e+15	2.7483245e-04
7.1800047e+06	2.1167691e+02	9.3103382e+15	2.7209782e-04
7.1907839e+06	2.1167691e+02	9.2176988e+15	2.6939040e-04
7.2015630e+06	2.1167691e+02	9.1259812e+15	2.6670992e-04
7.2123422e+06	2.1167691e+02	9.0351762e+15	2.6405612e-04
7.2231214e+06	2.1167691e+02	8.9452747e+15	2.6142871e-04
7.2339005e+06	2.1167691e+02	8.8562677e+15	2.5882745e-04
7.2446797e+06	2.1167691e+02	8.7681464e+15	2.5625208e-04
7.2554589e+06	2.1167691e+02	8.6809018e+15	2.5370233e-04
7.2662380e+06	2.1167691e+02	8.5945254e+15	2.5117795e-04
7.2770172e+06	2.1167691e+02	8.5090085e+15	2.4867868e-04
7.2877963e+06	2.1167691e+02	8.4243424e+15	2.4620429e-04
7.2985755e+06	2.1167691e+02	8.3405188e+15	2.4375452e-04
7.3093547e+06	2.1167691e+02	8.2575293e+15	2.4132912e-04
7.3201338e+06	2.1167691e+02	8.1753655e+15	2.3892785e-04
7.3309130e+06	2.1167691e+02	8.0940192e+15	2.3655048e-04
7.3416921e+06	2.1167691e+02	8.0134824e+15	2.3419676e-04
7.3524713e+06	2.1167691e+02	7.9337469e+15	2.3186647e-04
7.3632505e+06	2.1167691e+02	7.8548048e+15	2.2955936e-04
7.3740296e+06	2.1167691e+02	7.7766482e+15	2.2727520e-04
7.3848088e+06	2.1167691e+02	7.6992693e+15	2.2501378e-04
7.3955880e+06	2.1167691e+02	7.6226602e+15	2.2277485e-04
7.4063671e+06	2.1167691e+02	7.5468135e+15	2.2055821e-04
7.4171463e+06	2.1167691e+02	7.4717215e+15	2.1836362e-04
7.4279254e+06	2.1167691e+02	7.3973766e+15	2.1619086e-04
7.4387046e+06	2.1167691e+02	7.3237715e+15	2.1403973e-04
7.4494838e+06	2.1167691e+02	7.2508987e+15	2.1191000e-04
7.4602629e+06	2.1167691e+02	7.1787511e+15	2.0980146e-04
7.4710421e+06	2.1167691e+02	7.1073213e+15	2.0771390e-04
7.4818213e+06	2.1167691e+02	7.0366023e+15	2.0564711e-04
7.4926004e+06	2.1167691e+02	6.9665869e+15	2.0360089e-04
7.5033796e+06	2.1167691e+02	6.8972682e+15	2.0157502e-04
7.5141587e+06	2.1167691e+02	6.8286392e+15	1.9956932e-04
7.5249379e+06	2.1167691e+02	6.7606932e+15	1.9758357e-04
7.5357171e+06	2.1167691e+02	6.6934231e+15	1.9561758e-04
7.5464962e+06	2.1167691e+02	6.6268225e+15	1.9367115e-04
7.5572754e+06	2.1167691e+02	6.5608845e+15	1.9174409e-04
7.5680545e+06	2.1167691e+02	6.4956026e+15	1.8983621e-04
7.5788337e+06	2.1167691e+02	6.4309703e+15	1.8794731e-04
7.5896129e+06	2.1167691e+02	6.3669810e+15	1.8607720e-04
7.6003920e+06	2.1167691e+02	6.3036285e+15	1.8422570e-04
7.6111712e+06	2.1167691e+02	6.2409064e+15	1.8239262e-04
7.6219504e+06	2.1167691e+02	6.1788083e+15	1.8057779e-04
7.6327295e+06	2.1167691e+02	6.1173281e+15	1.7878101e-04
7.6435087e+06	2.1167691e+02	6.0564597e+15	1.7700211e-04
7.6542878e+06	2.1167691e+02	5.9961969e+15	1.7524091e-04
7.6650670e+06	2.1167691e+02	5.9365338e+15	1.7349723e-04
7.6758462e+06	2.1167691e+02	5.8774643e+15	1.7177090e-04
7.6866253e+06	2.1167691e+02	5.8189825e+15	1.7006176e-04
7.6974045e+06	2.1167691e+02	5.7610827e+15	1.6836961e-04
7.7081836e+06	2.1167691e+02	5.7037589e+15	1.6669431e-04
7.7189628e+06	2.1167691e+02	5.6470056e+15	1.6503567e-04
7.7297420e+06	2.1167691e+02	5.5908170e+15	1.6339354e-04
7.7405211e+06	2.1167691e+02	5.5351874e+15	1.6176775e-04
7.7513003e+06	2.1167691e+02	5.4801114e+15	1.6015813e-04
7.7620795e+06	2.1167691e+02	5.4255833e+15	1.5856453e-04
7.7728586e+06	2.1167691e+02	5.3715979e+15	1.5698679e-04
7.7836378e+06	2.1167691e+02	5.3181496e+15	1.5542474e-04
7.7944169e+06	2.1167691e+02	5.2652331e+15	1.5387824e-04
7.8051961e+06	2.1167691e+02	5.2128432e+15	1.5234713e-04
7.8159753e+06	2.1167691e+02	5.1609745e+15	1.5083125e-04
7.8267544e+06	2.1167691e+02	5.1096220e+15	1.4933045e-04
7.8375336e+06	2.1167691e+02	5.0587804e+15	1.4784459e-04
7.8483127e+06	2.1167691e+02	5.0084447e+15	1.4637351e-04
7.8590919e+06	2.1167691e+02	4.9586098e+15	1.4491707e-04
7.8698711e+06	2.1167691e+02	4.9092708e+15	1.4347512e-04
7.8806502e+06	2.1167691e+02	4.8604228e+15	1.4204752e-04
7.8914294e+06	2.1167691e+02	4.8120607e+15	1.4063412e-04
7.9022086e+06	2.1167691e+02	4.7641799e+15	1.3923479e-04
7.9129877e+06	2.1167691e+02	4.7167756e+15	1.3784938e-04
7.9237669e+06	2.1167691e+02	4.6698429e+15	1.3647776e-04
7.9345460e+06	2.1167691e+02	4.6233771e+15	1.3511978e-04
7.9453252e+06	2.1167691e+02	4.5773738e+15	1.3377531e-04
7.9561044e+06	2.1167691e+02	4.5318281e+15	1.3244423e-04
7.9668835e+06	2.1167691e+02	4.4867357e+15	1.3112639e-04
7.9776627e+06	2.1167691e+02	4.4420919e+15	1.2982166e-04
7.9884418e+06	2.1167691e+02	4.3978924e+15	1.2852991e-04
7.9992210e+06	2.1167691e+02	4.3541326e+15	1.2725102e-04
8.0100002e+06	2.1167691e+02	4.3108083e+15	1.2598485e-04
8.0207793e+06	2.1167691e+02	4.2679150e+15	1.2473128e-04
8.0315585e+06	2.1167691e+02	4.2254486e+15	1.2349018e-04
8.0423377e+06	2.1167691e+02	4.1834046e+15	1.2226143e-04
8.0531168e+06	2.1167691e+02	4.1417791e+15	1.2104491e-04
8.0638960e+06	2.1167691e+02	4.1005677e+15	1.1984049e-04
8.0746751e+06	2.1167691e+02	4.0597663e+15	1.1864806e-04
8.0854543e+06	2.1167691e+02	4.0193710e+15	1.1746749e-04
8.0962335e+06	2.1167691e+02	3.9793776e+15	1.1629867e-04
8.1070126e+06	2.1167691e+02	3.9397821e+15	1.1514148e-04
8.1177918e+06	2.1167691e+02	3.9005806e+15	1.1399580e-04
8.1285709e+06	2.1167691e+02	3.8617692e+15	1.1286153e-04
8.1393501e+06	2.1167691e+02	3.8233440e+15	1.1173854e-04
8.1501293e+06	2.1167691e+02	3.7853011e+15	1.1062672e-04
8.1609084e+06	2.1167691e+02	3.7476367e+15	1.0952596e-04
8.1716876e+06	2.1167691e+02	3.7103471e+15	1.0843616e-04
8.1824668e+06	2.1167691e+02	3.6734285e+15	1.0735720e-04
8.1932459e+06	2.1167691e+02	3.6368773e+15	1.0628898e-04
8.2040251e+06	2.1167691e+02	3.6006897e+15	1.0523139e-04
8.2148042e+06	2.1167691e+02	3.5648623e+15	1.0418432e-04
8.2255834e+06	2.1167691e+02	3.5293913e+15	1.0314767e-04
8.2363626e+06	2.1167691e+02	3.4942733e+15	1.0212133e-04
8.2471417e+06	2.1167691e+02	3.4595047e+15	1.0110521e-04
8.2579209e+06	2.1167691e+02	3.4250820e+15	1.0009919e-04
8.2687001e+06	2.1167691e+02	3.3910019e+15	9.9103191e-05
8.2794792e+06	2.1167691e+02	3.3572609e+15	9.8117097e-05
8.2902584e+06	2.1167691e+02	3.3238556e+15	9.7140816e-05
8.3010375e+06	2.1167691e+02	3.2907826e+15	9.6174249e-05
8.3118167e+06	2.1167691e+02	3.2580388e+15	9.5217299e-05
8.3225959e+06	2.1167691e+02	3.2256208e+15	9.4269871e-05
8.3333750e+06	2.1167691e+02	3.1935253e+15	9.3331870e-05
8.3441542e+06	2.1167691e+02	3.1617492e+15	9.2403203e-05
8.3549333e+06	2.1167691e+02	3.1302893e+15	9.1483775e-05
8.3657125e+06	2.1167691e+02	3.0991424e+15	9.0573497e-05
8.3764917e+06	2.1167691e+02	3.0683054e+15	8.9672275e-05
8.3872708e+06	2.1167691e+02	3.0377753e+15	8.8780021e-05
8.3980500e+06	2.1167691e+02	3.0075489e+15	8.7896645e-05
8.4088292e+06	2.1167691e+02	2.9776233e+15	8.7022059e-05
8.4196083e+06	2.1167691e+02	2.9479954e+15	8.6156175e-05
8.4303875e+06	2.1167691e+02	2.9186624e+15	8.5298907e-05
8.4411666e+06	2.1167691e+02	2.8896212e+15	8.4450168e-05
8.4519458e+06	2.1167691e+02	2.8608690e+15	8.3609875e-05
8.4627250e+06	2.1167691e+02	2.8324029e+15	8.2777943e-05
8.4735041e+06	2.1167691e+02	2.8042200e+15	8.1954289e-05
8.4842833e+06	2.1167691e+02	2.7763175e+15	8.1138830e-05
8.4950624e+06	2.1167691e+02	2.7486927e+15	8.0331485e-05
8.5058416e+06	2.1167691e+02	2.7213428e+15	7.9532173e-05
8.5166208e+06	2.1167691e+02	2.6942650e+15	7.8740815e-05
8.5273999e+06	2.1167691e+02	2.6674566e+15	7.7957331e-05
8.5381791e+06	2.1167691e+02	2.6409149e+15	7.7181643e-05
8.5489583e+06	2.1167691e+02	2.6146374e+15	7.6413672e-05
8.5597374e+06	2.1167691e+02	2.5886213e+15	7.5653344e-05
8.5705166e+06	2.1167691e+02	2.5628641e+15	7.4900580e-05
8.5812957e+06	2.1167691e+02	2.5373632e+15	7.4155307e-05
8.5920749e+06	2.1167691e+02	2.5121160e+15	7.3417449e-05
8.6028541e+06	2.1167691e+02	2.4871200e+15	7.2686934e-05
8.6136332e+06	2.1167691e+02	2.4623728e+15	7.1963686e-05
8.6244124e+06	2.1167691e+02	2.4378717e+15	7.1247636e-05
8.6351915e+06	2.1167691e+02	2.4136145e+15	7.0538710e-05
8.6459707e+06	2.1167691e+02	2.3895986e+15	6.9836838e-05
8.6567499e+06	2.1167691e+02	2.3658217e+15	6.9141950e-05
8.6675290e+06	2.1167691e+02	2.3422814e+15	6.8453976e-05
8.6783082e+06	2.1167691e+02	2.3189753e+15	6.7772848e-05
8.6890874e+06	2.1167691e+02	2.2959011e+15	6.7098497e-05
8.6998665e+06	2.1167691e+02	2.2730565e+15	6.6430855e-05
8.7106457e+06	2.1167691e+02	2.2504393e+15	6.5769857e-05
8.7214248e+06	2.1167691e+02	2.2280470e+15	6.5115436e-05
8.7322040e+06	2.1167691e+02	2.2058776e+15	6.4467527e-05
8.7429832e+06	2.1167691e+02	2.1839287e+15	6.3826064e-05
8.7537623e+06	2.1167691e+02	2.1621983e+15	6.3190984e-05
8.7645415e+06	2.1167691e+02	2.1406840e+15	6.2562223e-05
8.7753206e+06	2.1167691e+02	2.1193839e+15	6.1939719e-05
8.7860998e+06	2.1167691e+02	2.0982957e+15	6.1323408e-05
8.7968790e+06	2.1167691e+02	2.0774173e+15	6.0713230e-05
8.8076581e+06	2.1167691e+02	2.0567466e+15	6.0109124e-05
8.8184373e+06	2.1167691e+02	2.0362816e+15	5.9511028e-05
8.8292165e+06	2.1167691e+02	2.0160203e+15	5.8918883e-05
8.8399956e+06	2.1167691e+02	1.9959606e+15	5.8332631e-05
8.8507748e+06	2.1167691e+02	1.9761004e+15	5.7752211e-05
8.8615539e+06	2.1167691e+02	1.9564379e+15	5.7177567e-05
8.8723331e+06	2.1167691e+02	1.9369710e+15	5.6608641e-05
8.8831123e+06	2.1167691e+02	1.9176978e+15	5.6045375e-05
8.8938914e+06	2.1167691e+02	1.8986164e+15	5.5487715e-05
8.9046706e+06	2.1167691e+02	1.8797249e+15	5.4935603e-05
8.9154497e+06	2.1167691e+02	1.8610213e+15	5.4388984e-05
8.9262289e+06	2.1167691e+02	1.8425038e+15	5.3847805e-05
8.9370081e+06	2.1167691e+02	1.8241706e+15	5.3312010e-05
8.9477872e+06	2.1167691e+02	1.8060198e+15	5.2781547e-05
8.9585664e+06	2.1167691e+02	1.7880496e+15	5.2256362e-05
8.9693456e+06	2.1167691e+02	1.7702582e+15	5.1736402e-05
8.9801247e+06	2.1167691e+02	1.7526439e+15	5.1221616e-05
8.9909039e+06	2.1167691e+02	1.7352048e+15	5.0711953e-05
9.0016830e+06	2.1167691e+02	1.7179392e+15	5.0207360e-05
9.0124622e+06	2.1167691e+02	1.7008454e+15	4.9707789e-05
9.0232414e+06	2.1167691e+02	1.6839217e+15	4.9213188e-05
9.0340205e+06	2.1167691e+02	1.6671664e+15	4.8723509e-05
9.0447997e+06	2.1167691e+02	1.6505778e+15	4.8238702e-05
9.0555789e+06	2.1167691e+02	1.6341543e+15	4.7758719e-05
9.0663580e+06	2.1167691e+02	1.6178942e+15	4.7283511e-05
9.0771372e+06	2.1167691e+02	1.6017959e+15	4.6813033e-05
9.0879163e+06	2.1167691e+02	1.5858577e+15	4.6347235e-05
9.0986955e+06	2.1167691e+02	1.5700782e+15	4.5886072e-05
9.1094747e+06	2.1167691e+02	1.5544557e+15	4.5429498e-05
9.1202538e+06	2.1167691e+02	1.5389886e+15	4.4977467e-05
9.1310330e+06	2.1167691e+02	1.5236754e+15	4.4529934e-05
9.1418121e+06	2.1167691e+02	1.5085145e+15	4.4086854e-05
9.1525913e+06	2.1167691e+02	1.4935046e+15	4.3648182e-05
9.1633705e+06	2.1167691e+02	1.4786440e+15	4.3213876e-05
9.1741496e+06	2.1167691e+02	1.4639312e+15	4.2783890e-05
9.1849288e+06	2.1167691e+02	1.4493648e+15	4.2358184e-05
9.1957080e+06	2.1167691e+02	1.4349434e+15	4.1936713e-05
9.2064871e+06	2.1167691e+02	1.4206655e+15	4.1519435e-05
9.2172663e+06	2.1167691e+02	1.4065296e+15	4.1106310e-05
9.2280454e+06	2.1167691e+02	1.3925344e+15	4.0697295e-05
9.2388246e+06	2.1167691e+02	1.3786785e+15	4.0292351e-05
9.2496038e+06	2.1167691e+02	1.3649604e+15	3.9891435e-05
9.2603829e+06	2.1167691e+02	1.3513788e+15	3.9494509e-05
9.2711621e+06	2.1167691e+02	1.3379324e+15	3.9101532e-05
9.2819412e+06	2.1167691e+02	1.3246197e+15	3.8712465e-05
9.2927204e+06	2.1167691e+02	1.3114395e+15	3.8327269e-05
9.3034996e+06	2.1167691e+02	1.2983905e+15	3.7945907e-05
9.3142787e+06	2.1167691e+02	1.2854713e+15	3.7568339e-05
9.3250579e+06	2.1167691e+02	1.2726806e+15	3.7194527e-05
9.3358371e+06	2.1167691e+02	1.2600173e+15	3.6824436e-05
9.3466162e+06	2.1167691e+02	1.2474799e+15	3.6458026e-05
9.3573954e+06	2.1167691e+02	1.2350672e+15	3.6095263e-05
9.3681745e+06	2.1167691e+02	1.2227781e+15	3.5736109e-05
9.3789537e+06	2.1167691e+02	1.2106113e+15	3.5380529e-05
9.3897329e+06	2.1167691e+02	1.1985655e+15	3.5028487e-05
9.4005120e+06	2.1167691e+02	1.1866396e+15	3.4679947e-05
9.4112912e+06	2.1167691e+02	1.1748323e+15	3.4334876e-05
9.4220703e+06	2.1167691e+02	1.1631425e+15	3.3993239e-05
9.4328495e+06	2.1167691e+02	1.1515691e+15	3.3655000e-05
9.4436287e+06	2.1167691e+02	1.1401108e+15	3.3320127e-05
9.4544078e+06	2.1167691e+02	1.1287665e+15	3.2988586e-05
9.4651870e+06	2.1167691e+02	1.1175351e+15	3.2660345e-05
9.4759662e+06	2.1167691e+02	1.1064154e+15	3.2335369e-05
9.4867453e+06	2.1167691e+02	1.0954064e+15	3.2013626e-05
9.4975245e+06	2.1167691e+02	1.0845069e+15	3.1695086e-05
9.5083036e+06	2.1167691e+02	1.0737159e+15	3.1379714e-05
9.5190828e+06	2.1167691e+02	1.0630322e+15	3.1067481e-05
9.5298620e+06	2.1167691e+02	1.0524549e+15	3.0758354e-05
9.5406411e+06	2.1167691e+02	1.0419828e+15	3.0452303e-05
9.5514203e+06	2.1167691e+02	1.0316149e+15	3.0149298e-05
9.5621994e+06	2.1167691e+02	1.0213501e+15	2.9849307e-05
9.5729786e+06	2.1167691e+02	1.0111875e+15	2.9552302e-05
9.5837578e+06	2.1167691e+02	1.0011261e+15	2.9258252e-05
9.5945369e+06	2.1167691e+02	9.9116468e+14	2.8967127e-05
9.6053161e+06	2.1167691e+02	9.8130243e+14	2.8678899e-05
9.6160953e+06	2.1167691e+02	9.7153831e+14	2.8393540e-05
9.6268744e+06	2.1167691e+02	9.6187134e+14	2.8111019e-05
9.6376536e+06	2.1167691e+02	9.5230056e+14	2.7831310e-05
9.6484327e+06	2.1167691e+02	9.4282501e+14	2.7554384e-05
9.6592119e+06	2.1167691e+02	9.3344375e+14	2.7280213e-05
9.6699911e+06	2.1167691e+02	9.2415583e+14	2.7008770e-05
9.6807702e+06	2.1167691e+02	9.1496032e+14	2.6740028e-05
9.6915494e+06	2.1167691e+02	9.0585632e+14	2.6473961e-05
9.7023286e+06	2.1167691e+02	8.9684289e+14	2.6210540e-05
9.7131077e+06	2.1167691e+02	8.8791916e+14	2.5949741e-05
9.7238869e+06	2.1167691e+02	8.7908422e+14	2.5691537e-05
9.7346660e+06	2.1167691e+02	8.7033718e+14	2.5435902e-05
9.7454452e+06	2.1167691e+02	8.6167718e+14	2.5182810e-05
9.7562244e+06	2.1167691e+02	8.5310335e+14	2.4932237e-05
9.7670035e+06	2.1167691e+02	8.4461483e+14	2.4684157e-05
9.7777827e+06	2.1167691e+02	8.3621077e+14	2.4438546e-05
9.7885618e+06	2.1167691e+02	8.2789034e+14	2.4195378e-05
9.7993410e+06	2.1167691e+02	8.1965269e+14	2.3954630e-05
9.8101202e+06	2.1167691e+02	8.1149701e+14	2.3716278e-05
9.8208993e+06	2.1167691e+02	8.0342248e+14	2.3480297e-05
9.8316785e+06	2.1167691e+02	7.9542829e+14	2.3246664e-05
9.8424577e+06	2.1167691e+02	7.8751365e+14	2.3015356e-05
9.8532368e+06	2.1167691e+02	7.7967776e+14	2.2786349e-05
9.8640160e+06	2.1167691e+02	7.7191983e+14	2.2559621e-05
9.8747951e+06	2.1167691e+02	7.6423910e+14	2.2335149e-05
9.8855743e+06	2.1167691e+02	7.5663480e+14	2.2112911e-05
9.8963535e+06	2.1167691e+02	7.4910615e+14	2.1892884e-05
9.9071326e+06	2.1167691e+02	7.4165242e+14	2.1675046e-05
9.9179118e+06	2.1167691e+02	7.3427286e+14	2.1459376e-05
9.9286909e+06	2.1167691e+02	7.2696672e+14	2.1245851e-05
9.9394701e+06	2.1167691e+02	7.1973328e+14	2.1034451e-05
9.9502493e+06	2.1167691e+02	7.1257182e+14	2.0825155e-05
9.9610284e+06	2.1167691e+02	7.0548161e+14	2.0617941e-05
9.9718076e+06	2.1167691e+02	6.9846195e+14	2.0412789e-05
9.9825868e+06	2.1167691e+02	6.9151214e+14	2.0209679e-05
9.9933659e+06	2.1167691e+02	6.8463148e+14	2.0008589e-05
1.0004145e+07	2.1167691e+02	6.7781928e+14	1.9809500e-05
1.0014924e+07	2.1167691e+02	6.7107486e+14	1.9612393e-05
1.0025703e+07	2.1167691e+02	6.6439756e+14	1.9417246e-05
1.0036483e+07	2.1167691e+02	6.5778669e+14	1.9224041e-05
1.0047262e+07	2.1167691e+02	6.5124160e+14	1.9032759e-05
1.0058041e+07	2.1167691e+02	6.4476164e+14	1.8843380e-05
1.0068820e+07	2.1167691e+02	6.3834616e+14	1.8655885e-05
1.0079599e+07	2.1167691e+02	6.3199451e+14	1.8470256e-05
1.0090378e+07	2.1167691e+02	6.2570606e+14	1.8286474e-05
1.0101158e+07	2.1167691e+02	6.1948018e+14	1.8104520e-05
1.0111937e+07	2.1167691e+02	6.1331625e+14	1.7924377e-05
1.0122716e+07	2.1167691e+02	6.0721365e+14	1.7746027e-05
1.0133495e+07	2.1167691e+02	6.0117177e+14	1.7569451e-05
1.0144274e+07	2.1167691e+02	5.9519001e+14	1.7394632e-05
1.0155053e+07	2.1167691e+02	5.8926777e+14	1.7221552e-05
1.0165833e+07	2.1167691e+02	5.8340446e+14	1.7050195e-05
1.0176612e+07	2.1167691e+02	5.7759949e+14	1.6880543e-05
1.0187391e+07	2.1167691e+02	5.7185228e+14	1.6712578e-05
1.0198170e+07	2.1167691e+02	5.6616225e+14	1.6546286e-05
1.0208949e+07	2.1167691e+02	5.6052884e+14	1.6381647e-05
1.0219728e+07	2.1167691e+02	5.5495149e+14	1.6218647e-05
1.0230507e+07	2.1167691e+02	5.4942963e+14	1.6057269e-05
1.0241287e+07	2.1167691e+02	5.4396271e+14	1.5897496e-05
1.0252066e+07	2.1167691e+02	5.3855019e+14	1.5739314e-05
1.0262845e+07	2.1167691e+02	5.3319153e+14	1.5582705e-05
1.0273624e+07	2.1167691e+02	5.2788618e+14	1.5427654e-05
1.0284403e+07	2.1167691e+02	5.2263363e+14	1.5274147e-05
1.0295182e+07	2.1167691e+02	5.1743334e+14	1.5122166e-05
1.0305962e+07	2.1167691e+02	5.1228479e+14	1.4971698e-05
1.0316741e+07	2.1167691e+02	5.0718747e+14	1.4822727e-05
1.0327520e+07	2.1167691e+02	5.0214087e+14	1.4675239e-05
1.0338299e+07	2.1167691e+02	4.9714449e+14	1.4529218e-05
1.0349078e+07	2.1167691e+02	4.9219782e+14	1.4384650e-05
1.0359857e+07	2.1167691e+02	4.8730037e+14	1.4241520e-05
1.0370637e+07	2.1167691e+02	4.8245165e+14	1.4099814e-05
1.0381416e+07	2.1167691e+02	4.7765117e+14	1.3959519e-05
1.0392195e+07	2.1167691e+02	4.7289846e+14	1.3820619e-05
1.0402974e+07	2.1167691e+02	4.6819305e+14	1.3683102e-05
1.0413753e+07	2.1167691e+02	4.6353445e+14	1.3546953e-05
1.0424532e+07	2.1167691e+02	4.5892220e+14	1.3412158e-05
1.0435312e+07	2.1167691e+02	4.5435585e+14	1.3278705e-05
1.0446091e+07	2.1167691e+02	4.4983493e+14	1.3146580e-05
1.0456870e+07	2.1167691e+02	4.4535900e+14	1.3015769e-05
1.0467649e+07	2.1167691e+02	4.4092760e+14	1.2886260e-05
1.0478428e+07	2.1167691e+02	4.3654030e+14	1.2758040e-05
1.0489207e+07	2.1167691e+02	4.3219665e+14	1.2631095e-05
1.0499987e+07	2.1167691e+02	4.2789622e+14	1.2505414e-05
1.0510766e+07	2.1167691e+02	4.2363859e+14	1.2380983e-05
1.0521545e+07	2.1167691e+02	4.1942331e+14	1.2257790e-05
1.0532324e+07	2.1167691e+02	4.1524998e+14	1.2135823e-05
1.0543103e+07	2.1167691e+02	4.1111817e+14	1.2015069e-05
1.0553882e+07	2.1167691e+02	4.0702748e+14	1.1895517e-05
1.0564661e+07	2.1167691e+02	4.0297749e+14	1.1777155e-05
1.0575441e+07	2.1167691e+02	3.9896780e+14	1.1659970e-05
1.0586220e+07	2.1167691e+02	3.9499800e+14	1.1543952e-05
1.0596999e+07	2.1167691e+02	3.9106770e+14	1.1429087e-05
1.0607778e+07	2.1167691e+02	3.8717652e+14	1.1315366e-05
1.0618557e+07	2.1167691e+02	3.8332404e+14	1.1202776e-05
1.0629336e+07	2.1167691e+02	3.7950991e+14	1.1091307e-05
1.0640116e+07	2.1167691e+02	3.7573372e+14	1.0980947e-05
1.0650895e+07	2.1167691e+02	3.7199511e+14	1.0871684e-05
1.0661674e+07	2.1167691e+02	3.6829369e+14	1.0763509e-05
1.0672453e+07	2.1167691e+02	3.6462911e+14	1.0656411e-05
1.0683232e+07	2.1167691e+02	3.6100099e+14	1.0550377e-05
1.0694011e+07	2.1167691e+02	3.5740897e+14	1.0445399e-05
1.0704791e+07	2.1167691e+02	3.5385269e+14	1.0341466e-05
1.0715570e+07	2.1167691e+02	3.5033180e+14	1.0238567e-05
1.0726349e+07	2.1167691e+02	3.4684594e+14	1.0136691e-05
1.0737128e+07	2.1167691e+02	3.4339476e+14	1.0035829e-05
1.0747907e+07	2.1167691e+02	3.3997793e+14	9.9359713e-06
1.0758686e+07	2.1167691e+02	3.3659509e+14	9.8371067e-06
1.0769466e+07	2.1167691e+02	3.3324592e+14	9.7392259e-06
1.0780245e+07	2.1167691e+02	3.2993006e+14	9.6423190e-06
1.0791024e+07	2.1167691e+02	3.2664720e+14	9.5463763e-06
1.0801803e+07	2.1167691e+02	3.2339701e+14	9.4513883e-06
1.0812582e+07	2.1167691e+02	3.2017916e+14	9.3573454e-06
1.0823361e+07	2.1167691e+02	3.1699332e+14	9.2642382e-06
1.0834141e+07	2.1167691e+02	3.1383918e+14	9.1720575e-06
1.0844920e+07	2.1167691e+02	3.1071643e+14	9.0807940e-06
1.0855699e+07	2.1167691e+02	3.0762475e+14	8.9904386e-06
1.0866478e+07	2.1167691e+02	3.0456383e+14	8.9009823e-06
1.0877257e+07	2.1167691e+02	3.0153337e+14	8.8124160e-06
1.0888036e+07	2.1167691e+02	2.9853307e+14	8.7247310e-06
1.0898815e+07	2.1167691e+02	2.9556261e+14	8.6379185e-06
1.0909595e+07	2.1167691e+02	2.9262172e+14	8.5519698e-06
1.0920374e+07	2.1167691e+02	2.8971008e+14	8.4668762e-06
1.0931153e+07	2.1167691e+02	2.8682742e+14	8.3826294e-06
1.0941932e+07	2.1167691e+02	2.8397344e+14	8.2992209e-06
