# Formed from form_atmospheric_profiles_paper_model.py
# Z (cm)	T (K)	DEN (cm**-3)	P (bar)
0.0000000e+00	2.5000000e+02	6.0146137e+17	2.0760311e-02
1.2730677e+04	2.5000000e+02	5.9547673e+17	2.0553743e-02
2.5461354e+04	2.5000000e+02	5.8955164e+17	2.0349230e-02
3.8192031e+04	2.5000000e+02	5.8368550e+17	2.0146751e-02
5.0922708e+04	2.5000000e+02	5.7787773e+17	1.9946288e-02
6.3653385e+04	2.5000000e+02	5.7212775e+17	1.9747819e-02
7.6384063e+04	2.5000000e+02	5.6643499e+17	1.9551325e-02
8.9114740e+04	2.5000000e+02	5.6079886e+17	1.9356786e-02
1.0184542e+05	2.5000000e+02	5.5521882e+17	1.9164183e-02
1.1457609e+05	2.5000000e+02	5.4969430e+17	1.8973496e-02
1.2730677e+05	2.5000000e+02	5.4422475e+17	1.8784706e-02
1.4003745e+05	2.5000000e+02	5.3880963e+17	1.8597796e-02
1.5276813e+05	2.5000000e+02	5.3344838e+17	1.8412744e-02
1.6549880e+05	2.5000000e+02	5.2814048e+17	1.8229535e-02
1.7822948e+05	2.5000000e+02	5.2288540e+17	1.8048148e-02
1.9096016e+05	2.5000000e+02	5.1768260e+17	1.7868566e-02
2.0369083e+05	2.5000000e+02	5.1253157e+17	1.7690770e-02
2.1642151e+05	2.5000000e+02	5.0743180e+17	1.7514744e-02
2.2915219e+05	2.5000000e+02	5.0238277e+17	1.7340470e-02
2.4188286e+05	2.5000000e+02	4.9738397e+17	1.7167929e-02
2.5461354e+05	2.5000000e+02	4.9243492e+17	1.6997105e-02
2.6734422e+05	2.5000000e+02	4.8753511e+17	1.6827981e-02
2.8007490e+05	2.5000000e+02	4.8268406e+17	1.6660540e-02
2.9280557e+05	2.5000000e+02	4.7788127e+17	1.6494765e-02
3.0553625e+05	2.5000000e+02	4.7312627e+17	1.6330639e-02
3.1826693e+05	2.5000000e+02	4.6841859e+17	1.6168147e-02
3.3099760e+05	2.5000000e+02	4.6375774e+17	1.6007271e-02
3.4372828e+05	2.5000000e+02	4.5914328e+17	1.5847996e-02
3.5645896e+05	2.5000000e+02	4.5457472e+17	1.5690306e-02
3.6918964e+05	2.5000000e+02	4.5005163e+17	1.5534185e-02
3.8192031e+05	2.5000000e+02	4.4557354e+17	1.5379617e-02
3.9465099e+05	2.5000000e+02	4.4114001e+17	1.5226587e-02
4.0738167e+05	2.5000000e+02	4.3675059e+17	1.5075080e-02
4.2011234e+05	2.5000000e+02	4.3240485e+17	1.4925081e-02
4.3284302e+05	2.5000000e+02	4.2810235e+17	1.4776573e-02
4.4557370e+05	2.5000000e+02	4.2384266e+17	1.4629544e-02
4.5830438e+05	2.5000000e+02	4.1962536e+17	1.4483978e-02
4.7103505e+05	2.5000000e+02	4.1545002e+17	1.4339860e-02
4.8376573e+05	2.5000000e+02	4.1131622e+17	1.4197176e-02
4.9649641e+05	2.5000000e+02	4.0722356e+17	1.4055911e-02
5.0922708e+05	2.5000000e+02	4.0317161e+17	1.3916053e-02
5.2195776e+05	2.5000000e+02	3.9915999e+17	1.3777586e-02
5.3468844e+05	2.5000000e+02	3.9518828e+17	1.3640497e-02
5.4741911e+05	2.5000000e+02	3.9125609e+17	1.3504771e-02
5.6014979e+05	2.5000000e+02	3.8736303e+17	1.3370397e-02
5.7288047e+05	2.5000000e+02	3.8350870e+17	1.3237359e-02
5.8561115e+05	2.5000000e+02	3.7969273e+17	1.3105645e-02
5.9834182e+05	2.5000000e+02	3.7591472e+17	1.2975242e-02
6.1107250e+05	2.5000000e+02	3.7217431e+17	1.2846136e-02
6.2380318e+05	2.5000000e+02	3.6847111e+17	1.2718315e-02
6.3653385e+05	2.5000000e+02	3.6480476e+17	1.2591765e-02
6.4926453e+05	2.5000000e+02	3.6117489e+17	1.2466475e-02
6.6199521e+05	2.5000000e+02	3.5758114e+17	1.2342432e-02
6.7472589e+05	2.5000000e+02	3.5402315e+17	1.2219622e-02
6.8745656e+05	2.5000000e+02	3.5050056e+17	1.2098035e-02
7.0018724e+05	2.5000000e+02	3.4701302e+17	1.1977658e-02
7.1291792e+05	2.5000000e+02	3.4356019e+17	1.1858478e-02
7.2564859e+05	2.5000000e+02	3.4014171e+17	1.1740484e-02
7.3837927e+05	2.5000000e+02	3.3675724e+17	1.1623664e-02
7.5110995e+05	2.5000000e+02	3.3340645e+17	1.1508007e-02
7.6384063e+05	2.5000000e+02	3.3008900e+17	1.1393500e-02
7.7657130e+05	2.5000000e+02	3.2680456e+17	1.1280133e-02
7.8930198e+05	2.5000000e+02	3.2355280e+17	1.1167894e-02
8.0203266e+05	2.5000000e+02	3.2033339e+17	1.1056772e-02
8.1476333e+05	2.5000000e+02	3.1714602e+17	1.0946755e-02
8.2749401e+05	2.5000000e+02	3.1399037e+17	1.0837833e-02
8.4022469e+05	2.5000000e+02	3.1086611e+17	1.0729995e-02
8.5295537e+05	2.5000000e+02	3.0777294e+17	1.0623229e-02
8.6568604e+05	2.5000000e+02	3.0471055e+17	1.0517526e-02
8.7841672e+05	2.5000000e+02	3.0167863e+17	1.0412875e-02
8.9114740e+05	2.5000000e+02	2.9867688e+17	1.0309265e-02
9.0387807e+05	2.5000000e+02	2.9570499e+17	1.0206687e-02
9.1660875e+05	2.5000000e+02	2.9276268e+17	1.0105128e-02
9.2933943e+05	2.5000000e+02	2.8984964e+17	1.0004581e-02
9.4207010e+05	2.5000000e+02	2.8696559e+17	9.9050334e-03
9.5480078e+05	2.5000000e+02	2.8411023e+17	9.8064767e-03
9.6753146e+05	2.5000000e+02	2.8128329e+17	9.7089006e-03
9.8026214e+05	2.5000000e+02	2.7848447e+17	9.6122954e-03
9.9299281e+05	2.5000000e+02	2.7571351e+17	9.5166515e-03
1.0057235e+06	2.5000000e+02	2.7297011e+17	9.4219592e-03
1.0184542e+06	2.5000000e+02	2.7025401e+17	9.3282092e-03
1.0311848e+06	2.5000000e+02	2.6756494e+17	9.2353919e-03
1.0439155e+06	2.5000000e+02	2.6490263e+17	9.1434983e-03
1.0566462e+06	2.5000000e+02	2.6226680e+17	9.0525189e-03
1.0693769e+06	2.5000000e+02	2.5965720e+17	8.9624449e-03
1.0821076e+06	2.5000000e+02	2.5707357e+17	8.8732670e-03
1.0948382e+06	2.5000000e+02	2.5451565e+17	8.7849766e-03
1.1075689e+06	2.5000000e+02	2.5198317e+17	8.6975646e-03
1.1202996e+06	2.5000000e+02	2.4947590e+17	8.6110224e-03
1.1330303e+06	2.5000000e+02	2.4699357e+17	8.5253413e-03
1.1457609e+06	2.5000000e+02	2.4453594e+17	8.4405127e-03
1.1584916e+06	2.5000000e+02	2.4210277e+17	8.3565282e-03
1.1712223e+06	2.5000000e+02	2.3969381e+17	8.2733794e-03
1.1839530e+06	2.5000000e+02	2.3730882e+17	8.1910579e-03
1.1966836e+06	2.5000000e+02	2.3494755e+17	8.1095555e-03
1.2094143e+06	2.5000000e+02	2.3260979e+17	8.0288640e-03
1.2221450e+06	2.5000000e+02	2.3029528e+17	7.9489755e-03
1.2348757e+06	2.5000000e+02	2.2800380e+17	7.8698819e-03
1.2476064e+06	2.5000000e+02	2.2573513e+17	7.7915752e-03
1.2603370e+06	2.5000000e+02	2.2348903e+17	7.7140478e-03
1.2730677e+06	2.5000000e+02	2.2126527e+17	7.6372917e-03
1.2857984e+06	2.5000000e+02	2.1906365e+17	7.5612994e-03
1.2985291e+06	2.5000000e+02	2.1688393e+17	7.4860632e-03
1.3112597e+06	2.5000000e+02	2.1472590e+17	7.4115756e-03
1.3239904e+06	2.5000000e+02	2.1258934e+17	7.3378292e-03
1.3367211e+06	2.5000000e+02	2.1047404e+17	7.2648166e-03
1.3494518e+06	2.5000000e+02	2.0837979e+17	7.1925305e-03
1.3621824e+06	2.5000000e+02	2.0630637e+17	7.1209636e-03
1.3749131e+06	2.5000000e+02	2.0425359e+17	7.0501088e-03
1.3876438e+06	2.5000000e+02	2.0222123e+17	6.9799591e-03
1.4003745e+06	2.5000000e+02	2.0020910e+17	6.9105073e-03
1.4131052e+06	2.5000000e+02	1.9821698e+17	6.8417466e-03
1.4258358e+06	2.5000000e+02	1.9624469e+17	6.7736701e-03
1.4385665e+06	2.5000000e+02	1.9429202e+17	6.7062710e-03
1.4512972e+06	2.5000000e+02	1.9235879e+17	6.6395425e-03
1.4640279e+06	2.5000000e+02	1.9044479e+17	6.5734779e-03
1.4767585e+06	2.5000000e+02	1.8854983e+17	6.5080707e-03
1.4894892e+06	2.5000000e+02	1.8667373e+17	6.4433143e-03
1.5022199e+06	2.5000000e+02	1.8481629e+17	6.3792023e-03
1.5149506e+06	2.5000000e+02	1.8297734e+17	6.3157281e-03
1.5276813e+06	2.5000000e+02	1.8115668e+17	6.2528856e-03
1.5404119e+06	2.5000000e+02	1.7935414e+17	6.1906684e-03
1.5531426e+06	2.5000000e+02	1.7756954e+17	6.1290702e-03
1.5658733e+06	2.5000000e+02	1.7580269e+17	6.0680849e-03
1.5786040e+06	2.5000000e+02	1.7405343e+17	6.0077065e-03
1.5913346e+06	2.5000000e+02	1.7232157e+17	5.9479288e-03
1.6040653e+06	2.5000000e+02	1.7060694e+17	5.8887459e-03
1.6167960e+06	2.5000000e+02	1.6890937e+17	5.8301519e-03
1.6295267e+06	2.5000000e+02	1.6722870e+17	5.7721409e-03
1.6422573e+06	2.5000000e+02	1.6556474e+17	5.7147071e-03
1.6549880e+06	2.5000000e+02	1.6391735e+17	5.6578449e-03
1.6677187e+06	2.5000000e+02	1.6228634e+17	5.6015484e-03
1.6804494e+06	2.5000000e+02	1.6067156e+17	5.5458120e-03
1.6931801e+06	2.5000000e+02	1.5907286e+17	5.4906303e-03
1.7059107e+06	2.5000000e+02	1.5749005e+17	5.4359976e-03
1.7186414e+06	2.5000000e+02	1.5592300e+17	5.3819085e-03
1.7313721e+06	2.5000000e+02	1.5437154e+17	5.3283576e-03
1.7441028e+06	2.5000000e+02	1.5283552e+17	5.2753396e-03
1.7568334e+06	2.5000000e+02	1.5131478e+17	5.2228491e-03
1.7695641e+06	2.5000000e+02	1.4980917e+17	5.1708809e-03
1.7822948e+06	2.5000000e+02	1.4831855e+17	5.1194297e-03
1.7950255e+06	2.5000000e+02	1.4684275e+17	5.0684906e-03
1.8077561e+06	2.5000000e+02	1.4538164e+17	5.0180582e-03
1.8204868e+06	2.5000000e+02	1.4393507e+17	4.9681277e-03
1.8332175e+06	2.5000000e+02	1.4250289e+17	4.9186940e-03
1.8459482e+06	2.5000000e+02	1.4108497e+17	4.8697522e-03
1.8586789e+06	2.5000000e+02	1.3968115e+17	4.8212974e-03
1.8714095e+06	2.5000000e+02	1.3829130e+17	4.7733246e-03
1.8841402e+06	2.5000000e+02	1.3691528e+17	4.7258293e-03
1.8968709e+06	2.5000000e+02	1.3555295e+17	4.6788065e-03
1.9096016e+06	2.5000000e+02	1.3420417e+17	4.6322516e-03
1.9223322e+06	2.5000000e+02	1.3286882e+17	4.5861599e-03
1.9350629e+06	2.5000000e+02	1.3154675e+17	4.5405269e-03
1.9477936e+06	2.5000000e+02	1.3023784e+17	4.4953479e-03
1.9605243e+06	2.5000000e+02	1.2894195e+17	4.4506184e-03
1.9732549e+06	2.5000000e+02	1.2765896e+17	4.4063340e-03
1.9859856e+06	2.5000000e+02	1.2638873e+17	4.3624903e-03
1.9987163e+06	2.5000000e+02	1.2513114e+17	4.3190828e-03
2.0114470e+06	2.5000000e+02	1.2388606e+17	4.2761072e-03
2.0241777e+06	2.5000000e+02	1.2265338e+17	4.2335592e-03
2.0369083e+06	2.5000000e+02	1.2143296e+17	4.1914346e-03
2.0496390e+06	2.5000000e+02	1.2022468e+17	4.1497291e-03
2.0623697e+06	2.5000000e+02	1.1902842e+17	4.1084386e-03
2.0751004e+06	2.5000000e+02	1.1784407e+17	4.0675590e-03
2.0878310e+06	2.5000000e+02	1.1667150e+17	4.0270861e-03
2.1005617e+06	2.5000000e+02	1.1551060e+17	3.9870159e-03
2.1132924e+06	2.5000000e+02	1.1436125e+17	3.9473444e-03
2.1260231e+06	2.5000000e+02	1.1322334e+17	3.9080677e-03
2.1387538e+06	2.5000000e+02	1.1209675e+17	3.8691818e-03
2.1514844e+06	2.5000000e+02	1.1098137e+17	3.8306828e-03
2.1642151e+06	2.5000000e+02	1.0987708e+17	3.7925668e-03
2.1769458e+06	2.5000000e+02	1.0878379e+17	3.7548302e-03
2.1896765e+06	2.5000000e+02	1.0770137e+17	3.7174690e-03
2.2024071e+06	2.5000000e+02	1.0662972e+17	3.6804795e-03
2.2151378e+06	2.5000000e+02	1.0556874e+17	3.6438582e-03
2.2278685e+06	2.5000000e+02	1.0451831e+17	3.6076012e-03
2.2405992e+06	2.5000000e+02	1.0347834e+17	3.5717049e-03
2.2533298e+06	2.5000000e+02	1.0244871e+17	3.5361659e-03
2.2660605e+06	2.5000000e+02	1.0142933e+17	3.5009804e-03
2.2787912e+06	2.5000000e+02	1.0042009e+17	3.4661451e-03
2.2915219e+06	2.5000000e+02	9.9420896e+16	3.4316564e-03
2.3042526e+06	2.5000000e+02	9.8431641e+16	3.3975108e-03
2.3169832e+06	2.5000000e+02	9.7452230e+16	3.3637050e-03
2.3297139e+06	2.5000000e+02	9.6482564e+16	3.3302356e-03
2.3424446e+06	2.5000000e+02	9.5522547e+16	3.2970992e-03
2.3551753e+06	2.5000000e+02	9.4572081e+16	3.2642925e-03
2.3679059e+06	2.5000000e+02	9.3631074e+16	3.2318123e-03
2.3806366e+06	2.5000000e+02	9.2699429e+16	3.1996552e-03
2.3933673e+06	2.5000000e+02	9.1777054e+16	3.1678181e-03
2.4060980e+06	2.5000000e+02	9.0863857e+16	3.1362978e-03
2.4188286e+06	2.5000000e+02	8.9959747e+16	3.1050911e-03
2.4315593e+06	2.5000000e+02	8.9064632e+16	3.0741949e-03
2.4442900e+06	2.5000000e+02	8.8178424e+16	3.0436062e-03
2.4570207e+06	2.5000000e+02	8.7301034e+16	3.0133218e-03
2.4697514e+06	2.5000000e+02	8.6432375e+16	2.9833387e-03
2.4824820e+06	2.5000000e+02	8.5572358e+16	2.9536540e-03
2.4952127e+06	2.5000000e+02	8.4720899e+16	2.9242647e-03
2.5079434e+06	2.5000000e+02	8.3877912e+16	2.8951677e-03
2.5206741e+06	2.5000000e+02	8.3043313e+16	2.8663603e-03
2.5334047e+06	2.5000000e+02	8.2217018e+16	2.8378396e-03
2.5461354e+06	2.5000000e+02	8.1398945e+16	2.8096026e-03
2.5588661e+06	2.5000000e+02	8.0589012e+16	2.7816466e-03
2.5715968e+06	2.5000000e+02	7.9787138e+16	2.7539688e-03
2.5843274e+06	2.5000000e+02	7.8993242e+16	2.7265663e-03
2.5970581e+06	2.5000000e+02	7.8207247e+16	2.6994365e-03
2.6097888e+06	2.5000000e+02	7.7429071e+16	2.6725767e-03
2.6225195e+06	2.5000000e+02	7.6658639e+16	2.6459841e-03
2.6352502e+06	2.5000000e+02	7.5895873e+16	2.6196561e-03
2.6479808e+06	2.5000000e+02	7.5140697e+16	2.5935901e-03
2.6607115e+06	2.5000000e+02	7.4393034e+16	2.5677834e-03
2.6734422e+06	2.5000000e+02	7.3652811e+16	2.5422336e-03
2.6861729e+06	2.5000000e+02	7.2919953e+16	2.5169379e-03
2.6989035e+06	2.5000000e+02	7.2194388e+16	2.4918940e-03
2.7116342e+06	2.5000000e+02	7.1476042e+16	2.4670992e-03
2.7243649e+06	2.5000000e+02	7.0764843e+16	2.4425512e-03
2.7370956e+06	2.5000000e+02	7.0060721e+16	2.4182474e-03
2.7498263e+06	2.5000000e+02	6.9363605e+16	2.3941854e-03
2.7625569e+06	2.5000000e+02	6.8673426e+16	2.3703629e-03
2.7752876e+06	2.5000000e+02	6.7990114e+16	2.3467774e-03
2.7880183e+06	2.5000000e+02	6.7313601e+16	2.3234265e-03
2.8007490e+06	2.5000000e+02	6.6643819e+16	2.3003081e-03
2.8134796e+06	2.5000000e+02	6.5980702e+16	2.2774196e-03
2.8262103e+06	2.5000000e+02	6.5324183e+16	2.2547589e-03
2.8389410e+06	2.5000000e+02	6.4674197e+16	2.2323237e-03
2.8516717e+06	2.5000000e+02	6.4030678e+16	2.2101117e-03
2.8644023e+06	2.5000000e+02	6.3393562e+16	2.1881207e-03
2.8771330e+06	2.5000000e+02	6.2762786e+16	2.1663485e-03
2.8898637e+06	2.5000000e+02	6.2138285e+16	2.1447930e-03
2.9025944e+06	2.5000000e+02	6.1519999e+16	2.1234520e-03
2.9153251e+06	2.5000000e+02	6.0907865e+16	2.1023233e-03
2.9280557e+06	2.5000000e+02	6.0301821e+16	2.0814048e-03
2.9407864e+06	2.5000000e+02	5.9701808e+16	2.0606945e-03
2.9535171e+06	2.5000000e+02	5.9107765e+16	2.0401902e-03
2.9662478e+06	2.5000000e+02	5.8519633e+16	2.0198900e-03
2.9789784e+06	2.5000000e+02	5.7937353e+16	1.9997918e-03
2.9917091e+06	2.5000000e+02	5.7360867e+16	1.9798935e-03
3.0044398e+06	2.5000000e+02	5.6790117e+16	1.9601932e-03
3.0171705e+06	2.5000000e+02	5.6225046e+16	1.9406890e-03
3.0299011e+06	2.5000000e+02	5.5665597e+16	1.9213788e-03
3.0426318e+06	2.5000000e+02	5.5111715e+16	1.9022608e-03
3.0553625e+06	2.5000000e+02	5.4563344e+16	1.8833330e-03
3.0680932e+06	2.5000000e+02	5.4020430e+16	1.8645935e-03
3.0808239e+06	2.5000000e+02	5.3482918e+16	1.8460405e-03
3.0935545e+06	2.5000000e+02	5.2950754e+16	1.8276721e-03
3.1062852e+06	2.5000000e+02	5.2423885e+16	1.8094864e-03
3.1190159e+06	2.5000000e+02	5.1902259e+16	1.7914817e-03
3.1317466e+06	2.5000000e+02	5.1385823e+16	1.7736562e-03
3.1444772e+06	2.5000000e+02	5.0874525e+16	1.7560080e-03
3.1572079e+06	2.5000000e+02	5.0368315e+16	1.7385354e-03
3.1699386e+06	2.5000000e+02	4.9867142e+16	1.7212367e-03
3.1826693e+06	2.5000000e+02	4.9370956e+16	1.7041101e-03
3.1954000e+06	2.5000000e+02	4.8879707e+16	1.6871539e-03
3.2081306e+06	2.5000000e+02	4.8393345e+16	1.6703665e-03
3.2208613e+06	2.5000000e+02	4.7911823e+16	1.6537461e-03
3.2335920e+06	2.5000000e+02	4.7435093e+16	1.6372910e-03
3.2463227e+06	2.5000000e+02	4.6963106e+16	1.6209997e-03
3.2590533e+06	2.5000000e+02	4.6495815e+16	1.6048705e-03
3.2717840e+06	2.5000000e+02	4.6033174e+16	1.5889017e-03
3.2845147e+06	2.5000000e+02	4.5575136e+16	1.5730919e-03
3.2972454e+06	2.5000000e+02	4.5121656e+16	1.5574394e-03
3.3099760e+06	2.5000000e+02	4.4672688e+16	1.5419426e-03
3.3227067e+06	2.5000000e+02	4.4228187e+16	1.5266000e-03
3.3354374e+06	2.5000000e+02	4.3788110e+16	1.5114101e-03
3.3481681e+06	2.5000000e+02	4.3352411e+16	1.4963713e-03
3.3608988e+06	2.5000000e+02	4.2921047e+16	1.4814822e-03
3.3736294e+06	2.5000000e+02	4.2493975e+16	1.4667412e-03
3.3863601e+06	2.5000000e+02	4.2071153e+16	1.4521469e-03
3.3990908e+06	2.5000000e+02	4.1652538e+16	1.4376978e-03
3.4118215e+06	2.5000000e+02	4.1238089e+16	1.4233924e-03
3.4245521e+06	2.5000000e+02	4.0827763e+16	1.4092294e-03
3.4372828e+06	2.5000000e+02	4.0421520e+16	1.3952074e-03
3.4500135e+06	2.5000000e+02	4.0019319e+16	1.3813248e-03
3.4627442e+06	2.5000000e+02	3.9621120e+16	1.3675804e-03
3.4754748e+06	2.5000000e+02	3.9226883e+16	1.3539728e-03
3.4882055e+06	2.5000000e+02	3.8836569e+16	1.3405005e-03
3.5009362e+06	2.5000000e+02	3.8450139e+16	1.3271623e-03
3.5136669e+06	2.5000000e+02	3.8067554e+16	1.3139568e-03
3.5263976e+06	2.5000000e+02	3.7688775e+16	1.3008827e-03
3.5391282e+06	2.5000000e+02	3.7313766e+16	1.2879387e-03
3.5518589e+06	2.5000000e+02	3.6942487e+16	1.2751235e-03
3.5645896e+06	2.5000000e+02	3.6574904e+16	1.2624358e-03
3.5773203e+06	2.5000000e+02	3.6210977e+16	1.2498744e-03
3.5900509e+06	2.5000000e+02	3.5850672e+16	1.2374379e-03
3.6027816e+06	2.5000000e+02	3.5493952e+16	1.2251252e-03
3.6155123e+06	2.5000000e+02	3.5140781e+16	1.2129350e-03
3.6282430e+06	2.5000000e+02	3.4791124e+16	1.2008661e-03
3.6409736e+06	2.5000000e+02	3.4444947e+16	1.1889173e-03
3.6537043e+06	2.5000000e+02	3.4102214e+16	1.1770874e-03
3.6664350e+06	2.5000000e+02	3.3762891e+16	1.1653752e-03
3.6791657e+06	2.5000000e+02	3.3426945e+16	1.1537795e-03
3.6918964e+06	2.5000000e+02	3.3094341e+16	1.1422992e-03
3.7046270e+06	2.5000000e+02	3.2765047e+16	1.1309331e-03
3.7173577e+06	2.5000000e+02	3.2439029e+16	1.1196801e-03
3.7300884e+06	2.5000000e+02	3.2116256e+16	1.1085391e-03
3.7428191e+06	2.5000000e+02	3.1796694e+16	1.0975090e-03
3.7555497e+06	2.5000000e+02	3.1480311e+16	1.0865886e-03
3.7682804e+06	2.5000000e+02	3.1167077e+16	1.0757769e-03
3.7810111e+06	2.5000000e+02	3.0856959e+16	1.0650727e-03
3.7937418e+06	2.5000000e+02	3.0549927e+16	1.0544750e-03
3.8064725e+06	2.5000000e+02	3.0245951e+16	1.0439828e-03
3.8192031e+06	2.5000000e+02	2.9944998e+16	1.0335950e-03
3.8319338e+06	2.5000000e+02	2.9647041e+16	1.0233106e-03
3.8446645e+06	2.5000000e+02	2.9352048e+16	1.0131285e-03
3.8573952e+06	2.5000000e+02	2.9059990e+16	1.0030477e-03
3.8701258e+06	2.5000000e+02	2.8770838e+16	9.9306720e-04
3.8828565e+06	2.5000000e+02	2.8484564e+16	9.8318601e-04
3.8955872e+06	2.5000000e+02	2.8201137e+16	9.7340315e-04
3.9083179e+06	2.5000000e+02	2.7920531e+16	9.6371763e-04
3.9210485e+06	2.5000000e+02	2.7642717e+16	9.5412848e-04
3.9337792e+06	2.5000000e+02	2.7367668e+16	9.4463474e-04
3.9465099e+06	2.5000000e+02	2.7095355e+16	9.3523547e-04
3.9592406e+06	2.5000000e+02	2.6825752e+16	9.2592972e-04
3.9719713e+06	2.5000000e+02	2.6558831e+16	9.1671656e-04
3.9847019e+06	2.5000000e+02	2.6294566e+16	9.0759508e-04
3.9974326e+06	2.5000000e+02	2.6032931e+16	8.9856436e-04
4.0101633e+06	2.5000000e+02	2.5773899e+16	8.8962349e-04
4.0228940e+06	2.5000000e+02	2.5517444e+16	8.8077159e-04
4.0356246e+06	2.5000000e+02	2.5263542e+16	8.7200777e-04
4.0483553e+06	2.5000000e+02	2.5012165e+16	8.6333115e-04
4.0610860e+06	2.5000000e+02	2.4763290e+16	8.5474086e-04
4.0738167e+06	2.5000000e+02	2.4516891e+16	8.4623604e-04
4.0865473e+06	2.5000000e+02	2.4272944e+16	8.3781585e-04
4.0992780e+06	2.5000000e+02	2.4031424e+16	8.2947945e-04
4.1120087e+06	2.5000000e+02	2.3792307e+16	8.2122599e-04
4.1247394e+06	2.5000000e+02	2.3555570e+16	8.1305465e-04
4.1374701e+06	2.5000000e+02	2.3321188e+16	8.0496463e-04
4.1502007e+06	2.5000000e+02	2.3089138e+16	7.9695509e-04
4.1629314e+06	2.5000000e+02	2.2859398e+16	7.8902526e-04
4.1756621e+06	2.5000000e+02	2.2631943e+16	7.8117433e-04
4.1883928e+06	2.5000000e+02	2.2406751e+16	7.7340151e-04
4.2011234e+06	2.5000000e+02	2.2183800e+16	7.6570604e-04
4.2138541e+06	2.5000000e+02	2.1963068e+16	7.5808713e-04
4.2265848e+06	2.5000000e+02	2.1744532e+16	7.5054404e-04
4.2393155e+06	2.5000000e+02	2.1528170e+16	7.4307600e-04
4.2520461e+06	2.5000000e+02	2.1313961e+16	7.3568227e-04
4.2647768e+06	2.5000000e+02	2.1101884e+16	7.2836211e-04
4.2775075e+06	2.5000000e+02	2.0891916e+16	7.2111479e-04
4.2902382e+06	2.5000000e+02	2.0684038e+16	7.1393958e-04
4.3029689e+06	2.5000000e+02	2.0478229e+16	7.0683576e-04
4.3156995e+06	2.5000000e+02	2.0274467e+16	6.9980263e-04
4.3284302e+06	2.5000000e+02	2.0072733e+16	6.9283947e-04
4.3411609e+06	2.5000000e+02	1.9873006e+16	6.8594561e-04
4.3538916e+06	2.5000000e+02	1.9675266e+16	6.7912033e-04
4.3666222e+06	2.5000000e+02	1.9479494e+16	6.7236297e-04
4.3793529e+06	2.5000000e+02	1.9285670e+16	6.6567285e-04
4.3920836e+06	2.5000000e+02	1.9093774e+16	6.5904929e-04
4.4048143e+06	2.5000000e+02	1.8903788e+16	6.5249164e-04
4.4175450e+06	2.5000000e+02	1.8715692e+16	6.4599924e-04
4.4302756e+06	2.5000000e+02	1.8529468e+16	6.3957144e-04
4.4430063e+06	2.5000000e+02	1.8345096e+16	6.3320760e-04
4.4557370e+06	2.5000000e+02	1.8162560e+16	6.2690708e-04
4.4684677e+06	2.5000000e+02	1.7981839e+16	6.2066925e-04
4.4811983e+06	2.5000000e+02	1.7802917e+16	6.1449349e-04
4.4939290e+06	2.5000000e+02	1.7625775e+16	6.0837918e-04
4.5066597e+06	2.5000000e+02	1.7450395e+16	6.0232570e-04
4.5193904e+06	2.5000000e+02	1.7276761e+16	5.9633246e-04
4.5321210e+06	2.5000000e+02	1.7104854e+16	5.9039885e-04
4.5448517e+06	2.5000000e+02	1.6934658e+16	5.8452429e-04
4.5575824e+06	2.5000000e+02	1.6766156e+16	5.7870817e-04
4.5703131e+06	2.5000000e+02	1.6599330e+16	5.7294993e-04
4.5830438e+06	2.5000000e+02	1.6434164e+16	5.6724898e-04
4.5957744e+06	2.5000000e+02	1.6270641e+16	5.6160476e-04
4.6085051e+06	2.5000000e+02	1.6108745e+16	5.5601670e-04
4.6212358e+06	2.5000000e+02	1.5948461e+16	5.5048424e-04
4.6339665e+06	2.5000000e+02	1.5789771e+16	5.4500683e-04
4.6466971e+06	2.5000000e+02	1.5632660e+16	5.3958392e-04
4.6594278e+06	2.5000000e+02	1.5477112e+16	5.3421497e-04
4.6721585e+06	2.5000000e+02	1.5323113e+16	5.2889945e-04
4.6848892e+06	2.5000000e+02	1.5170645e+16	5.2363681e-04
4.6976198e+06	2.5000000e+02	1.5019695e+16	5.1842654e-04
4.7103505e+06	2.5000000e+02	1.4870246e+16	5.1326811e-04
4.7230812e+06	2.5000000e+02	1.4722285e+16	5.0816100e-04
4.7358119e+06	2.5000000e+02	1.4575796e+16	5.0310472e-04
4.7485426e+06	2.5000000e+02	1.4430764e+16	4.9809874e-04
4.7612732e+06	2.5000000e+02	1.4287175e+16	4.9314258e-04
4.7740039e+06	2.5000000e+02	1.4145016e+16	4.8823573e-04
4.7867346e+06	2.5000000e+02	1.4004270e+16	4.8337770e-04
4.7994653e+06	2.5000000e+02	1.3864926e+16	4.7856801e-04
4.8121959e+06	2.5000000e+02	1.3726967e+16	4.7380618e-04
4.8249266e+06	2.5000000e+02	1.3590382e+16	4.6909173e-04
4.8376573e+06	2.5000000e+02	1.3455155e+16	4.6442419e-04
4.8503880e+06	2.5000000e+02	1.3321274e+16	4.5980309e-04
4.8631186e+06	2.5000000e+02	1.3188725e+16	4.5522797e-04
4.8758493e+06	2.5000000e+02	1.3057495e+16	4.5069838e-04
4.8885800e+06	2.5000000e+02	1.2927571e+16	4.4621385e-04
4.9013107e+06	2.5000000e+02	1.2798939e+16	4.4177395e-04
4.9140414e+06	2.5000000e+02	1.2671588e+16	4.3737823e-04
4.9267720e+06	2.5000000e+02	1.2545503e+16	4.3302624e-04
4.9395027e+06	2.5000000e+02	1.2420674e+16	4.2871756e-04
4.9522334e+06	2.5000000e+02	1.2297086e+16	4.2445175e-04
4.9649641e+06	2.5000000e+02	1.2174728e+16	4.2022838e-04
4.9776947e+06	2.5000000e+02	1.2053587e+16	4.1604704e-04
4.9904254e+06	2.5000000e+02	1.1933652e+16	4.1190730e-04
5.0031561e+06	2.5000000e+02	1.1814910e+16	4.0780876e-04
5.0158868e+06	2.5000000e+02	1.1697350e+16	4.0375099e-04
5.0286175e+06	2.5000000e+02	1.1580959e+16	3.9973360e-04
5.0413481e+06	2.5000000e+02	1.1465727e+16	3.9575619e-04
5.0540788e+06	2.5000000e+02	1.1351641e+16	3.9181835e-04
5.0668095e+06	2.5000000e+02	1.1238690e+16	3.8791969e-04
5.0795402e+06	2.5000000e+02	1.1126863e+16	3.8405982e-04
5.0922708e+06	2.5000000e+02	1.1016149e+16	3.8023837e-04
5.1050015e+06	2.5000000e+02	1.0906537e+16	3.7645493e-04
5.1177322e+06	2.5000000e+02	1.0798015e+16	3.7270914e-04
5.1304629e+06	2.5000000e+02	1.0690573e+16	3.6900062e-04
5.1431935e+06	2.5000000e+02	1.0584200e+16	3.6532901e-04
5.1559242e+06	2.5000000e+02	1.0478885e+16	3.6169392e-04
5.1686549e+06	2.5000000e+02	1.0374619e+16	3.5809501e-04
5.1813856e+06	2.5000000e+02	1.0271389e+16	3.5453190e-04
5.1941163e+06	2.5000000e+02	1.0169187e+16	3.5100425e-04
5.2068469e+06	2.5000000e+02	1.0068002e+16	3.4751170e-04
5.2195776e+06	2.5000000e+02	9.9678241e+15	3.4405390e-04
5.2323083e+06	2.5000000e+02	9.8686425e+15	3.4063051e-04
5.2450390e+06	2.5000000e+02	9.7704479e+15	3.3724118e-04
5.2577696e+06	2.5000000e+02	9.6732303e+15	3.3388557e-04
5.2705003e+06	2.5000000e+02	9.5769801e+15	3.3056335e-04
5.2832310e+06	2.5000000e+02	9.4816875e+15	3.2727419e-04
5.2959617e+06	2.5000000e+02	9.3873432e+15	3.2401776e-04
5.3086923e+06	2.5000000e+02	9.2939375e+15	3.2079373e-04
5.3214230e+06	2.5000000e+02	9.2014613e+15	3.1760178e-04
5.3341537e+06	2.5000000e+02	9.1099052e+15	3.1444159e-04
5.3468844e+06	2.5000000e+02	9.0192602e+15	3.1131284e-04
5.3596151e+06	2.5000000e+02	8.9295170e+15	3.0821523e-04
5.3723457e+06	2.5000000e+02	8.8406669e+15	3.0514844e-04
5.3850764e+06	2.5000000e+02	8.7527008e+15	3.0211216e-04
5.3978071e+06	2.5000000e+02	8.6656099e+15	2.9910609e-04
5.4105378e+06	2.5000000e+02	8.5793857e+15	2.9612994e-04
5.4232684e+06	2.5000000e+02	8.4940194e+15	2.9318339e-04
5.4359991e+06	2.5000000e+02	8.4095025e+15	2.9026617e-04
5.4487298e+06	2.5000000e+02	8.3258265e+15	2.8737797e-04
5.4614605e+06	2.5000000e+02	8.2429831e+15	2.8451852e-04
5.4741911e+06	2.5000000e+02	8.1609641e+15	2.8168751e-04
5.4869218e+06	2.5000000e+02	8.0797611e+15	2.7888467e-04
5.4996525e+06	2.5000000e+02	7.9993662e+15	2.7610972e-04
5.5123832e+06	2.5000000e+02	7.9197712e+15	2.7336239e-04
5.5251139e+06	2.5000000e+02	7.8409681e+15	2.7064238e-04
5.5378445e+06	2.5000000e+02	7.7629492e+15	2.6794945e-04
5.5505752e+06	2.5000000e+02	7.6857065e+15	2.6528331e-04
5.5633059e+06	2.5000000e+02	7.6092325e+15	2.6264369e-04
5.5760366e+06	2.5000000e+02	7.5335194e+15	2.6003034e-04
5.5887672e+06	2.5000000e+02	7.4585596e+15	2.5744300e-04
5.6014979e+06	2.5000000e+02	7.3843457e+15	2.5488140e-04
5.6142286e+06	2.5000000e+02	7.3108702e+15	2.5234529e-04
5.6269593e+06	2.5000000e+02	7.2381258e+15	2.4983441e-04
5.6396900e+06	2.5000000e+02	7.1661053e+15	2.4734851e-04
5.6524206e+06	2.5000000e+02	7.0948013e+15	2.4488736e-04
5.6651513e+06	2.5000000e+02	7.0242069e+15	2.4245069e-04
5.6778820e+06	2.5000000e+02	6.9543149e+15	2.4003826e-04
5.6906127e+06	2.5000000e+02	6.8851183e+15	2.3764984e-04
5.7033433e+06	2.5000000e+02	6.8166102e+15	2.3528519e-04
5.7160740e+06	2.5000000e+02	6.7487838e+15	2.3294406e-04
5.7288047e+06	2.5000000e+02	6.6816323e+15	2.3062623e-04
5.7415354e+06	2.5000000e+02	6.6151489e+15	2.2833146e-04
5.7542660e+06	2.5000000e+02	6.5493271e+15	2.2605952e-04
5.7669967e+06	2.5000000e+02	6.4841602e+15	2.2381019e-04
5.7797274e+06	2.5000000e+02	6.4196417e+15	2.2158324e-04
5.7924581e+06	2.5000000e+02	6.3557652e+15	2.1937845e-04
5.8051888e+06	2.5000000e+02	6.2925243e+15	2.1719560e-04
5.8179194e+06	2.5000000e+02	6.2299126e+15	2.1503447e-04
5.8306501e+06	2.5000000e+02	6.1679240e+15	2.1289484e-04
5.8433808e+06	2.5000000e+02	6.1065521e+15	2.1077650e-04
5.8561115e+06	2.5000000e+02	6.0457909e+15	2.0867924e-04
5.8688421e+06	2.5000000e+02	5.9856343e+15	2.0660285e-04
5.8815728e+06	2.5000000e+02	5.9260762e+15	2.0454711e-04
5.8943035e+06	2.5000000e+02	5.8671108e+15	2.0251184e-04
5.9070342e+06	2.5000000e+02	5.8087320e+15	2.0049681e-04
5.9197648e+06	2.5000000e+02	5.7509342e+15	1.9850183e-04
5.9324955e+06	2.5000000e+02	5.6937114e+15	1.9652671e-04
5.9452262e+06	2.5000000e+02	5.6370581e+15	1.9457123e-04
5.9579569e+06	2.5000000e+02	5.5809684e+15	1.9263522e-04
5.9706876e+06	2.5000000e+02	5.5254368e+15	1.9071846e-04
5.9834182e+06	2.5000000e+02	5.4704578e+15	1.8882078e-04
5.9961489e+06	2.5000000e+02	5.4160259e+15	1.8694199e-04
6.0088796e+06	2.5000000e+02	5.3621355e+15	1.8508188e-04
6.0216103e+06	2.5000000e+02	5.3087814e+15	1.8324029e-04
6.0343409e+06	2.5000000e+02	5.2559581e+15	1.8141702e-04
6.0470716e+06	2.5000000e+02	5.2036604e+15	1.7961189e-04
6.0598023e+06	2.5000000e+02	5.1518832e+15	1.7782472e-04
6.0725330e+06	2.5000000e+02	5.1006211e+15	1.7605533e-04
6.0852637e+06	2.5000000e+02	5.0498690e+15	1.7430355e-04
6.0979943e+06	2.5000000e+02	4.9996220e+15	1.7256920e-04
6.1107250e+06	2.5000000e+02	4.9498749e+15	1.7085211e-04
6.1234557e+06	2.5000000e+02	4.9006229e+15	1.6915210e-04
6.1361864e+06	2.5000000e+02	4.8518608e+15	1.6746901e-04
6.1489170e+06	2.5000000e+02	4.8035840e+15	1.6580267e-04
6.1616477e+06	2.5000000e+02	4.7557876e+15	1.6415290e-04
6.1743784e+06	2.5000000e+02	4.7084667e+15	1.6251955e-04
6.1871091e+06	2.5000000e+02	4.6616167e+15	1.6090246e-04
6.1998397e+06	2.5000000e+02	4.6152328e+15	1.5930145e-04
6.2125704e+06	2.5000000e+02	4.5693105e+15	1.5771638e-04
6.2253011e+06	2.5000000e+02	4.5238451e+15	1.5614707e-04
6.2380318e+06	2.5000000e+02	4.4788321e+15	1.5459338e-04
6.2507625e+06	2.5000000e+02	4.4342669e+15	1.5305515e-04
6.2634931e+06	2.5000000e+02	4.3901452e+15	1.5153223e-04
6.2762238e+06	2.5000000e+02	4.3464626e+15	1.5002446e-04
6.2889545e+06	2.5000000e+02	4.3032145e+15	1.4853169e-04
6.3016852e+06	2.5000000e+02	4.2603968e+15	1.4705377e-04
6.3144158e+06	2.5000000e+02	4.2180052e+15	1.4559056e-04
6.3271465e+06	2.5000000e+02	4.1760353e+15	1.4414191e-04
6.3398772e+06	2.5000000e+02	4.1344831e+15	1.4270768e-04
6.3526079e+06	2.5000000e+02	4.0933443e+15	1.4128771e-04
6.3653385e+06	2.5000000e+02	4.0526148e+15	1.3988188e-04
6.3780692e+06	2.5000000e+02	4.0122906e+15	1.3849003e-04
6.3907999e+06	2.5000000e+02	3.9723677e+15	1.3711203e-04
6.4035306e+06	2.5000000e+02	3.9328420e+15	1.3574774e-04
6.4162613e+06	2.5000000e+02	3.8937095e+15	1.3439703e-04
6.4289919e+06	2.5000000e+02	3.8549665e+15	1.3305976e-04
6.4417226e+06	2.5000000e+02	3.8166089e+15	1.3173579e-04
6.4544533e+06	2.5000000e+02	3.7786330e+15	1.3042500e-04
6.4671840e+06	2.5000000e+02	3.7410350e+15	1.2912725e-04
6.4799146e+06	2.5000000e+02	3.7038111e+15	1.2784241e-04
6.4926453e+06	2.5000000e+02	3.6669575e+15	1.2657036e-04
6.5053760e+06	2.5000000e+02	3.6304707e+15	1.2531096e-04
6.5181067e+06	2.5000000e+02	3.5943469e+15	1.2406410e-04
6.5308373e+06	2.5000000e+02	3.5585826e+15	1.2282964e-04
6.5435680e+06	2.5000000e+02	3.5231741e+15	1.2160746e-04
6.5562987e+06	2.5000000e+02	3.4881179e+15	1.2039745e-04
6.5690294e+06	2.5000000e+02	3.4534106e+15	1.1919947e-04
6.5817601e+06	2.5000000e+02	3.4190485e+15	1.1801342e-04
6.5944907e+06	2.5000000e+02	3.3850284e+15	1.1683917e-04
6.6072214e+06	2.5000000e+02	3.3513469e+15	1.1567660e-04
6.6199521e+06	2.5000000e+02	3.3180004e+15	1.1452559e-04
6.6326828e+06	2.5000000e+02	3.2849857e+15	1.1338605e-04
6.6454134e+06	2.5000000e+02	3.2522996e+15	1.1225784e-04
6.6581441e+06	2.5000000e+02	3.2199387e+15	1.1114085e-04
6.6708748e+06	2.5000000e+02	3.1878997e+15	1.1003498e-04
6.6836055e+06	2.5000000e+02	3.1561796e+15	1.0894012e-04
6.6963362e+06	2.5000000e+02	3.1247751e+15	1.0785614e-04
6.7090668e+06	2.5000000e+02	3.0936831e+15	1.0678296e-04
6.7217975e+06	2.5000000e+02	3.0629004e+15	1.0572045e-04
6.7345282e+06	2.5000000e+02	3.0324240e+15	1.0466851e-04
6.7472589e+06	2.5000000e+02	3.0022509e+15	1.0362704e-04
6.7599895e+06	2.5000000e+02	2.9723780e+15	1.0259594e-04
6.7727202e+06	2.5000000e+02	2.9428024e+15	1.0157509e-04
6.7854509e+06	2.5000000e+02	2.9135210e+15	1.0056440e-04
6.7981816e+06	2.5000000e+02	2.8845310e+15	9.9563769e-05
6.8109122e+06	2.5000000e+02	2.8558294e+15	9.8573093e-05
6.8236429e+06	2.5000000e+02	2.8274134e+15	9.7592274e-05
6.8363736e+06	2.5000000e+02	2.7992802e+15	9.6621215e-05
6.8491043e+06	2.5000000e+02	2.7714269e+15	9.5659818e-05
6.8618350e+06	2.5000000e+02	2.7438507e+15	9.4707987e-05
6.8745656e+06	2.5000000e+02	2.7165490e+15	9.3765626e-05
6.8872963e+06	2.5000000e+02	2.6895188e+15	9.2832643e-05
6.9000270e+06	2.5000000e+02	2.6627577e+15	9.1908943e-05
6.9127577e+06	2.5000000e+02	2.6362628e+15	9.0994433e-05
6.9254883e+06	2.5000000e+02	2.6100316e+15	9.0089024e-05
6.9382190e+06	2.5000000e+02	2.5840613e+15	8.9192623e-05
6.9509497e+06	2.5000000e+02	2.5583495e+15	8.8305141e-05
6.9636804e+06	2.5000000e+02	2.5328935e+15	8.7426491e-05
6.9764110e+06	2.5000000e+02	2.5076908e+15	8.6556582e-05
6.9891417e+06	2.5000000e+02	2.4827388e+15	8.5695330e-05
7.0018724e+06	2.5000000e+02	2.4580351e+15	8.4842647e-05
7.0146031e+06	2.5000000e+02	2.4335773e+15	8.3998449e-05
7.0273338e+06	2.5000000e+02	2.4093628e+15	8.3162650e-05
7.0400644e+06	2.5000000e+02	2.3853892e+15	8.2335168e-05
7.0527951e+06	2.5000000e+02	2.3616542e+15	8.1515920e-05
7.0655258e+06	2.5000000e+02	2.3381554e+15	8.0704823e-05
7.0782565e+06	2.5000000e+02	2.3148903e+15	7.9901796e-05
7.0909871e+06	2.5000000e+02	2.2918568e+15	7.9106760e-05
7.1037178e+06	2.5000000e+02	2.2690524e+15	7.8319635e-05
7.1164485e+06	2.5000000e+02	2.2464750e+15	7.7540341e-05
7.1291792e+06	2.5000000e+02	2.2241222e+15	7.6768802e-05
7.1419098e+06	2.5000000e+02	2.2019918e+15	7.6004940e-05
7.1546405e+06	2.5000000e+02	2.1800816e+15	7.5248678e-05
7.1673712e+06	2.5000000e+02	2.1583894e+15	7.4499941e-05
7.1801019e+06	2.5000000e+02	2.1369131e+15	7.3758654e-05
7.1928326e+06	2.5000000e+02	2.1156505e+15	7.3024743e-05
7.2055632e+06	2.5000000e+02	2.0945994e+15	7.2298135e-05
7.2182939e+06	2.5000000e+02	2.0737578e+15	7.1578756e-05
7.2310246e+06	2.5000000e+02	2.0531235e+15	7.0866536e-05
7.2437553e+06	2.5000000e+02	2.0326946e+15	7.0161402e-05
7.2564859e+06	2.5000000e+02	2.0124690e+15	6.9463285e-05
7.2692166e+06	2.5000000e+02	1.9924446e+15	6.8772113e-05
7.2819473e+06	2.5000000e+02	1.9726194e+15	6.8087819e-05
7.2946780e+06	2.5000000e+02	1.9529915e+15	6.7410334e-05
7.3074087e+06	2.5000000e+02	1.9335589e+15	6.6739590e-05
7.3201393e+06	2.5000000e+02	1.9143197e+15	6.6075520e-05
7.3328700e+06	2.5000000e+02	1.8952719e+15	6.5418058e-05
7.3456007e+06	2.5000000e+02	1.8764136e+15	6.4767137e-05
7.3583314e+06	2.5000000e+02	1.8577430e+15	6.4122693e-05
7.3710620e+06	2.5000000e+02	1.8392581e+15	6.3484662e-05
7.3837927e+06	2.5000000e+02	1.8209572e+15	6.2852979e-05
7.3965234e+06	2.5000000e+02	1.8028384e+15	6.2227581e-05
7.4092541e+06	2.5000000e+02	1.7848999e+15	6.1608407e-05
7.4219847e+06	2.5000000e+02	1.7671398e+15	6.0995393e-05
7.4347154e+06	2.5000000e+02	1.7495565e+15	6.0388478e-05
7.4474461e+06	2.5000000e+02	1.7321481e+15	5.9787603e-05
7.4601768e+06	2.5000000e+02	1.7149129e+15	5.9192706e-05
7.4729075e+06	2.5000000e+02	1.6978493e+15	5.8603729e-05
7.4856381e+06	2.5000000e+02	1.6809554e+15	5.8020612e-05
7.4983688e+06	2.5000000e+02	1.6642296e+15	5.7443298e-05
7.5110995e+06	2.5000000e+02	1.6476702e+15	5.6871727e-05
7.5238302e+06	2.5000000e+02	1.6312756e+15	5.6305844e-05
7.5365608e+06	2.5000000e+02	1.6150442e+15	5.5745592e-05
7.5492915e+06	2.5000000e+02	1.5989742e+15	5.5190914e-05
7.5620222e+06	2.5000000e+02	1.5830642e+15	5.4641755e-05
7.5747529e+06	2.5000000e+02	1.5673124e+15	5.4098060e-05
7.5874835e+06	2.5000000e+02	1.5517174e+15	5.3559776e-05
7.6002142e+06	2.5000000e+02	1.5362775e+15	5.3026847e-05
7.6129449e+06	2.5000000e+02	1.5209913e+15	5.2499221e-05
7.6256756e+06	2.5000000e+02	1.5058572e+15	5.1976845e-05
7.6384063e+06	2.5000000e+02	1.4908737e+15	5.1459667e-05
7.6511369e+06	2.5000000e+02	1.4760392e+15	5.0947635e-05
7.6638676e+06	2.5000000e+02	1.4613524e+15	5.0440697e-05
7.6765983e+06	2.5000000e+02	1.4468117e+15	4.9938804e-05
7.6893290e+06	2.5000000e+02	1.4324157e+15	4.9441904e-05
7.7020596e+06	2.5000000e+02	1.4181629e+15	4.8949949e-05
7.7147903e+06	2.5000000e+02	1.4040520e+15	4.8462889e-05
7.7275210e+06	2.5000000e+02	1.3900814e+15	4.7980675e-05
7.7402517e+06	2.5000000e+02	1.3762499e+15	4.7503260e-05
7.7529823e+06	2.5000000e+02	1.3625559e+15	4.7030594e-05
7.7657130e+06	2.5000000e+02	1.3489983e+15	4.6562632e-05
7.7784437e+06	2.5000000e+02	1.3355755e+15	4.6099326e-05
7.7911744e+06	2.5000000e+02	1.3222863e+15	4.5640630e-05
7.8039051e+06	2.5000000e+02	1.3091294e+15	4.5186498e-05
7.8166357e+06	2.5000000e+02	1.2961033e+15	4.4736885e-05
7.8293664e+06	2.5000000e+02	1.2832069e+15	4.4291746e-05
7.8420971e+06	2.5000000e+02	1.2704387e+15	4.3851035e-05
7.8548278e+06	2.5000000e+02	1.2577977e+15	4.3414710e-05
7.8675584e+06	2.5000000e+02	1.2452824e+15	4.2982727e-05
7.8802891e+06	2.5000000e+02	1.2328916e+15	4.2555042e-05
7.8930198e+06	2.5000000e+02	1.2206241e+15	4.2131612e-05
7.9057505e+06	2.5000000e+02	1.2084787e+15	4.1712395e-05
7.9184812e+06	2.5000000e+02	1.1964542e+15	4.1297350e-05
7.9312118e+06	2.5000000e+02	1.1845492e+15	4.0886434e-05
7.9439425e+06	2.5000000e+02	1.1727628e+15	4.0479608e-05
7.9566732e+06	2.5000000e+02	1.1610936e+15	4.0076829e-05
7.9694039e+06	2.5000000e+02	1.1495405e+15	3.9678058e-05
7.9821345e+06	2.5000000e+02	1.1381024e+15	3.9283254e-05
7.9948652e+06	2.5000000e+02	1.1267781e+15	3.8892380e-05
8.0075959e+06	2.5000000e+02	1.1155665e+15	3.8505394e-05
8.0203266e+06	2.5000000e+02	1.1044664e+15	3.8122259e-05
8.0330572e+06	2.5000000e+02	1.0934768e+15	3.7742936e-05
8.0457879e+06	2.5000000e+02	1.0825965e+15	3.7367388e-05
8.0585186e+06	2.5000000e+02	1.0718245e+15	3.6995576e-05
8.0712493e+06	2.5000000e+02	1.0611596e+15	3.6627464e-05
8.0839800e+06	2.5000000e+02	1.0506009e+15	3.6263014e-05
8.0967106e+06	2.5000000e+02	1.0401473e+15	3.5902191e-05
8.1094413e+06	2.5000000e+02	1.0297976e+15	3.5544959e-05
8.1221720e+06	2.5000000e+02	1.0195510e+15	3.5191280e-05
8.1349027e+06	2.5000000e+02	1.0094063e+15	3.4841121e-05
8.1476333e+06	2.5000000e+02	9.9936251e+14	3.4494446e-05
8.1603640e+06	2.5000000e+02	9.8941869e+14	3.4151221e-05
8.1730947e+06	2.5000000e+02	9.7957381e+14	3.3811410e-05
8.1858254e+06	2.5000000e+02	9.6982689e+14	3.3474981e-05
8.1985560e+06	2.5000000e+02	9.6017695e+14	3.3141900e-05
8.2112867e+06	2.5000000e+02	9.5062303e+14	3.2812132e-05
8.2240174e+06	2.5000000e+02	9.4116417e+14	3.2485646e-05
8.2367481e+06	2.5000000e+02	9.3179943e+14	3.2162408e-05
8.2494788e+06	2.5000000e+02	9.2252787e+14	3.1842387e-05
8.2622094e+06	2.5000000e+02	9.1334857e+14	3.1525550e-05
8.2749401e+06	2.5000000e+02	9.0426060e+14	3.1211866e-05
8.2876708e+06	2.5000000e+02	8.9526305e+14	3.0901302e-05
8.3004015e+06	2.5000000e+02	8.8635504e+14	3.0593829e-05
8.3131321e+06	2.5000000e+02	8.7753566e+14	3.0289416e-05
8.3258628e+06	2.5000000e+02	8.6880403e+14	2.9988031e-05
8.3385935e+06	2.5000000e+02	8.6015929e+14	2.9689645e-05
8.3513242e+06	2.5000000e+02	8.5160056e+14	2.9394228e-05
8.3640548e+06	2.5000000e+02	8.4312699e+14	2.9101751e-05
8.3767855e+06	2.5000000e+02	8.3473774e+14	2.8812183e-05
8.3895162e+06	2.5000000e+02	8.2643196e+14	2.8525497e-05
8.4022469e+06	2.5000000e+02	8.1820882e+14	2.8241664e-05
8.4149776e+06	2.5000000e+02	8.1006751e+14	2.7960655e-05
8.4277082e+06	2.5000000e+02	8.0200720e+14	2.7682442e-05
8.4404389e+06	2.5000000e+02	7.9402710e+14	2.7406997e-05
8.4531696e+06	2.5000000e+02	7.8612640e+14	2.7134292e-05
8.4659003e+06	2.5000000e+02	7.7830431e+14	2.6864302e-05
8.4786309e+06	2.5000000e+02	7.7056005e+14	2.6596997e-05
8.4913616e+06	2.5000000e+02	7.6289285e+14	2.6332353e-05
8.5040923e+06	2.5000000e+02	7.5530194e+14	2.6070342e-05
8.5168230e+06	2.5000000e+02	7.4778656e+14	2.5810937e-05
8.5295537e+06	2.5000000e+02	7.4034596e+14	2.5554114e-05
8.5422843e+06	2.5000000e+02	7.3297939e+14	2.5299847e-05
8.5550150e+06	2.5000000e+02	7.2568613e+14	2.5048109e-05
8.5677457e+06	2.5000000e+02	7.1846543e+14	2.4798876e-05
8.5804764e+06	2.5000000e+02	7.1131658e+14	2.4552123e-05
8.5932070e+06	2.5000000e+02	7.0423886e+14	2.4307825e-05
8.6059377e+06	2.5000000e+02	6.9723157e+14	2.4065959e-05
8.6186684e+06	2.5000000e+02	6.9029400e+14	2.3826498e-05
8.6313991e+06	2.5000000e+02	6.8342546e+14	2.3589421e-05
8.6441297e+06	2.5000000e+02	6.7662526e+14	2.3354702e-05
8.6568604e+06	2.5000000e+02	6.6989273e+14	2.3122319e-05
8.6695911e+06	2.5000000e+02	6.6322718e+14	2.2892248e-05
8.6823218e+06	2.5000000e+02	6.5662796e+14	2.2664466e-05
8.6950525e+06	2.5000000e+02	6.5009440e+14	2.2438951e-05
8.7077831e+06	2.5000000e+02	6.4362586e+14	2.2215680e-05
8.7205138e+06	2.5000000e+02	6.3722167e+14	2.1994630e-05
8.7332445e+06	2.5000000e+02	6.3088121e+14	2.1775780e-05
8.7459752e+06	2.5000000e+02	6.2460384e+14	2.1559107e-05
8.7587058e+06	2.5000000e+02	6.1838893e+14	2.1344590e-05
8.7714365e+06	2.5000000e+02	6.1223585e+14	2.1132208e-05
8.7841672e+06	2.5000000e+02	6.0614400e+14	2.0921939e-05
8.7968979e+06	2.5000000e+02	6.0011277e+14	2.0713762e-05
8.8096285e+06	2.5000000e+02	5.9414155e+14	2.0507657e-05
8.8223592e+06	2.5000000e+02	5.8822974e+14	2.0303602e-05
8.8350899e+06	2.5000000e+02	5.8237676e+14	2.0101578e-05
8.8478206e+06	2.5000000e+02	5.7658201e+14	1.9901564e-05
8.8605513e+06	2.5000000e+02	5.7084493e+14	1.9703540e-05
8.8732819e+06	2.5000000e+02	5.6516492e+14	1.9507487e-05
8.8860126e+06	2.5000000e+02	5.5954144e+14	1.9313384e-05
8.8987433e+06	2.5000000e+02	5.5397391e+14	1.9121213e-05
8.9114740e+06	2.5000000e+02	5.4846178e+14	1.8930953e-05
8.9242046e+06	2.5000000e+02	5.4300449e+14	1.8742587e-05
8.9369353e+06	2.5000000e+02	5.3760151e+14	1.8556095e-05
8.9496660e+06	2.5000000e+02	5.3225228e+14	1.8371459e-05
8.9623967e+06	2.5000000e+02	5.2695628e+14	1.8188660e-05
8.9751274e+06	2.5000000e+02	5.2171298e+14	1.8007680e-05
8.9878580e+06	2.5000000e+02	5.1652185e+14	1.7828501e-05
9.0005887e+06	2.5000000e+02	5.1138237e+14	1.7651104e-05
9.0133194e+06	2.5000000e+02	5.0629403e+14	1.7475473e-05
9.0260501e+06	2.5000000e+02	5.0125632e+14	1.7301589e-05
9.0387807e+06	2.5000000e+02	4.9626874e+14	1.7129435e-05
9.0515114e+06	2.5000000e+02	4.9133078e+14	1.6958994e-05
9.0642421e+06	2.5000000e+02	4.8644196e+14	1.6790250e-05
9.0769728e+06	2.5000000e+02	4.8160178e+14	1.6623184e-05
9.0897034e+06	2.5000000e+02	4.7680976e+14	1.6457780e-05
9.1024341e+06	2.5000000e+02	4.7206543e+14	1.6294023e-05
9.1151648e+06	2.5000000e+02	4.6736830e+14	1.6131894e-05
9.1278955e+06	2.5000000e+02	4.6271790e+14	1.5971379e-05
9.1406262e+06	2.5000000e+02	4.5811378e+14	1.5812462e-05
9.1533568e+06	2.5000000e+02	4.5355548e+14	1.5655125e-05
9.1660875e+06	2.5000000e+02	4.4904252e+14	1.5499354e-05
9.1788182e+06	2.5000000e+02	4.4457448e+14	1.5345133e-05
9.1915489e+06	2.5000000e+02	4.4015089e+14	1.5192446e-05
9.2042795e+06	2.5000000e+02	4.3577131e+14	1.5041279e-05
9.2170102e+06	2.5000000e+02	4.3143531e+14	1.4891615e-05
9.2297409e+06	2.5000000e+02	4.2714246e+14	1.4743441e-05
9.2424716e+06	2.5000000e+02	4.2289232e+14	1.4596742e-05
9.2552022e+06	2.5000000e+02	4.1868447e+14	1.4451502e-05
9.2679329e+06	2.5000000e+02	4.1451849e+14	1.4307707e-05
9.2806636e+06	2.5000000e+02	4.1039397e+14	1.4165343e-05
9.2933943e+06	2.5000000e+02	4.0631048e+14	1.4024395e-05
9.3061250e+06	2.5000000e+02	4.0226762e+14	1.3884850e-05
9.3188556e+06	2.5000000e+02	3.9826499e+14	1.3746694e-05
9.3315863e+06	2.5000000e+02	3.9430219e+14	1.3609912e-05
9.3443170e+06	2.5000000e+02	3.9037882e+14	1.3474491e-05
9.3570477e+06	2.5000000e+02	3.8649448e+14	1.3340417e-05
9.3697783e+06	2.5000000e+02	3.8264880e+14	1.3207678e-05
9.3825090e+06	2.5000000e+02	3.7884138e+14	1.3076259e-05
9.3952397e+06	2.5000000e+02	3.7507184e+14	1.2946149e-05
9.4079704e+06	2.5000000e+02	3.7133982e+14	1.2817332e-05
9.4207010e+06	2.5000000e+02	3.6764492e+14	1.2689798e-05
9.4334317e+06	2.5000000e+02	3.6398680e+14	1.2563532e-05
9.4461624e+06	2.5000000e+02	3.6036507e+14	1.2438523e-05
9.4588931e+06	2.5000000e+02	3.5677937e+14	1.2314757e-05
9.4716238e+06	2.5000000e+02	3.5322936e+14	1.2192224e-05
9.4843544e+06	2.5000000e+02	3.4971467e+14	1.2070909e-05
9.4970851e+06	2.5000000e+02	3.4623495e+14	1.1950801e-05
9.5098158e+06	2.5000000e+02	3.4278985e+14	1.1831889e-05
9.5225465e+06	2.5000000e+02	3.3937904e+14	1.1714160e-05
9.5352771e+06	2.5000000e+02	3.3600216e+14	1.1597602e-05
9.5480078e+06	2.5000000e+02	3.3265888e+14	1.1482204e-05
9.5607385e+06	2.5000000e+02	3.2934887e+14	1.1367954e-05
9.5734692e+06	2.5000000e+02	3.2607180e+14	1.1254841e-05
9.5861999e+06	2.5000000e+02	3.2282733e+14	1.1142853e-05
9.5989305e+06	2.5000000e+02	3.1961514e+14	1.1031980e-05
9.6116612e+06	2.5000000e+02	3.1643492e+14	1.0922210e-05
9.6243919e+06	2.5000000e+02	3.1328634e+14	1.0813532e-05
9.6371226e+06	2.5000000e+02	3.1016909e+14	1.0705936e-05
9.6498532e+06	2.5000000e+02	3.0708285e+14	1.0599410e-05
9.6625839e+06	2.5000000e+02	3.0402733e+14	1.0493944e-05
9.6753146e+06	2.5000000e+02	3.0100220e+14	1.0389528e-05
9.6880453e+06	2.5000000e+02	2.9800718e+14	1.0286150e-05
9.7007759e+06	2.5000000e+02	2.9504196e+14	1.0183801e-05
9.7135066e+06	2.5000000e+02	2.9210625e+14	1.0082471e-05
9.7262373e+06	2.5000000e+02	2.8919974e+14	9.9821483e-06
9.7389680e+06	2.5000000e+02	2.8632215e+14	9.8828243e-06
9.7516987e+06	2.5000000e+02	2.8347320e+14	9.7844886e-06
9.7644293e+06	2.5000000e+02	2.8065260e+14	9.6871313e-06
9.7771600e+06	2.5000000e+02	2.7786006e+14	9.5907427e-06
9.7898907e+06	2.5000000e+02	2.7509530e+14	9.4953132e-06
9.8026214e+06	2.5000000e+02	2.7235806e+14	9.4008333e-06
9.8153520e+06	2.5000000e+02	2.6964805e+14	9.3072934e-06
9.8280827e+06	2.5000000e+02	2.6696501e+14	9.2146843e-06
9.8408134e+06	2.5000000e+02	2.6430866e+14	9.1229967e-06
9.8535441e+06	2.5000000e+02	2.6167875e+14	9.0322213e-06
9.8662747e+06	2.5000000e+02	2.5907500e+14	8.9423492e-06
9.8790054e+06	2.5000000e+02	2.5649716e+14	8.8533714e-06
9.8917361e+06	2.5000000e+02	2.5394497e+14	8.7652789e-06
9.9044668e+06	2.5000000e+02	2.5141818e+14	8.6780629e-06
9.9171975e+06	2.5000000e+02	2.4891652e+14	8.5917147e-06
9.9299281e+06	2.5000000e+02	2.4643976e+14	8.5062257e-06
9.9426588e+06	2.5000000e+02	2.4398765e+14	8.4215874e-06
9.9553895e+06	2.5000000e+02	2.4155993e+14	8.3377912e-06
9.9681202e+06	2.5000000e+02	2.3915637e+14	8.2548288e-06
9.9808508e+06	2.5000000e+02	2.3677672e+14	8.1726918e-06
9.9935815e+06	2.5000000e+02	2.3442075e+14	8.0913722e-06
1.0006312e+07	2.5000000e+02	2.3208823e+14	8.0108617e-06
1.0019043e+07	2.5000000e+02	2.2977891e+14	7.9311523e-06
1.0031774e+07	2.5000000e+02	2.2749257e+14	7.8522360e-06
1.0044504e+07	2.5000000e+02	2.2522898e+14	7.7741050e-06
1.0057235e+07	2.5000000e+02	2.2298792e+14	7.6967513e-06
1.0069966e+07	2.5000000e+02	2.2076915e+14	7.6201674e-06
1.0082696e+07	2.5000000e+02	2.1857246e+14	7.5443454e-06
1.0095427e+07	2.5000000e+02	2.1639763e+14	7.4692779e-06
1.0108158e+07	2.5000000e+02	2.1424444e+14	7.3949574e-06
1.0120888e+07	2.5000000e+02	2.1211267e+14	7.3213763e-06
1.0133619e+07	2.5000000e+02	2.1000211e+14	7.2485274e-06
1.0146350e+07	2.5000000e+02	2.0791256e+14	7.1764034e-06
1.0159080e+07	2.5000000e+02	2.0584379e+14	7.1049970e-06
1.0171811e+07	2.5000000e+02	2.0379561e+14	7.0343011e-06
1.0184542e+07	2.5000000e+02	2.0176781e+14	6.9643086e-06
1.0197272e+07	2.5000000e+02	1.9976019e+14	6.8950126e-06
1.0210003e+07	2.5000000e+02	1.9777254e+14	6.8264060e-06
1.0222734e+07	2.5000000e+02	1.9580467e+14	6.7584822e-06
1.0235464e+07	2.5000000e+02	1.9385638e+14	6.6912341e-06
1.0248195e+07	2.5000000e+02	1.9192748e+14	6.6246552e-06
1.0260926e+07	2.5000000e+02	1.9001777e+14	6.5587388e-06
1.0273656e+07	2.5000000e+02	1.8812706e+14	6.4934783e-06
1.0286387e+07	2.5000000e+02	1.8625517e+14	6.4288671e-06
1.0299118e+07	2.5000000e+02	1.8440190e+14	6.3648988e-06
1.0311848e+07	2.5000000e+02	1.8256707e+14	6.3015670e-06
1.0324579e+07	2.5000000e+02	1.8075049e+14	6.2388654e-06
1.0337310e+07	2.5000000e+02	1.7895200e+14	6.1767876e-06
1.0350040e+07	2.5000000e+02	1.7717139e+14	6.1153275e-06
1.0362771e+07	2.5000000e+02	1.7540851e+14	6.0544790e-06
1.0375502e+07	2.5000000e+02	1.7366316e+14	5.9942360e-06
1.0388233e+07	2.5000000e+02	1.7193519e+14	5.9345923e-06
1.0400963e+07	2.5000000e+02	1.7022440e+14	5.8755421e-06
1.0413694e+07	2.5000000e+02	1.6853064e+14	5.8170795e-06
1.0426425e+07	2.5000000e+02	1.6685373e+14	5.7591986e-06
1.0439155e+07	2.5000000e+02	1.6519351e+14	5.7018936e-06
1.0451886e+07	2.5000000e+02	1.6354981e+14	5.6451588e-06
1.0464617e+07	2.5000000e+02	1.6192246e+14	5.5889886e-06
1.0477347e+07	2.5000000e+02	1.6031131e+14	5.5333772e-06
1.0490078e+07	2.5000000e+02	1.5871618e+14	5.4783192e-06
1.0502809e+07	2.5000000e+02	1.5713693e+14	5.4238090e-06
1.0515539e+07	2.5000000e+02	1.5557339e+14	5.3698412e-06
1.0528270e+07	2.5000000e+02	1.5402541e+14	5.3164104e-06
1.0541001e+07	2.5000000e+02	1.5249283e+14	5.2635112e-06
1.0553731e+07	2.5000000e+02	1.5097550e+14	5.2111384e-06
1.0566462e+07	2.5000000e+02	1.4947327e+14	5.1592867e-06
1.0579193e+07	2.5000000e+02	1.4798599e+14	5.1079509e-06
1.0591923e+07	2.5000000e+02	1.4651350e+14	5.0571260e-06
1.0604654e+07	2.5000000e+02	1.4505567e+14	5.0068067e-06
1.0617385e+07	2.5000000e+02	1.4361234e+14	4.9569882e-06
1.0630115e+07	2.5000000e+02	1.4218337e+14	4.9076653e-06
1.0642846e+07	2.5000000e+02	1.4076863e+14	4.8588332e-06
1.0655577e+07	2.5000000e+02	1.3936795e+14	4.8104870e-06
1.0668307e+07	2.5000000e+02	1.3798122e+14	4.7626219e-06
1.0681038e+07	2.5000000e+02	1.3660828e+14	4.7152330e-06
1.0693769e+07	2.5000000e+02	1.3524901e+14	4.6683157e-06
1.0706499e+07	2.5000000e+02	1.3390326e+14	4.6218651e-06
1.0719230e+07	2.5000000e+02	1.3257090e+14	4.5758768e-06
1.0731961e+07	2.5000000e+02	1.3125180e+14	4.5303461e-06
1.0744691e+07	2.5000000e+02	1.2994582e+14	4.4852684e-06
1.0757422e+07	2.5000000e+02	1.2865284e+14	4.4406392e-06
1.0770153e+07	2.5000000e+02	1.2737272e+14	4.3964541e-06
1.0782883e+07	2.5000000e+02	1.2610534e+14	4.3527087e-06
1.0795614e+07	2.5000000e+02	1.2485057e+14	4.3093985e-06
1.0808345e+07	2.5000000e+02	1.2360829e+14	4.2665193e-06
1.0821076e+07	2.5000000e+02	1.2237836e+14	4.2240667e-06
1.0833806e+07	2.5000000e+02	1.2116068e+14	4.1820365e-06
1.0846537e+07	2.5000000e+02	1.1995511e+14	4.1404246e-06
1.0859268e+07	2.5000000e+02	1.1876154e+14	4.0992266e-06
1.0871998e+07	2.5000000e+02	1.1757984e+14	4.0584387e-06
1.0884729e+07	2.5000000e+02	1.1640990e+14	4.0180565e-06
1.0897460e+07	2.5000000e+02	1.1525160e+14	3.9780762e-06
1.0910190e+07	2.5000000e+02	1.1410483e+14	3.9384937e-06
1.0922921e+07	2.5000000e+02	1.1296947e+14	3.8993050e-06
1.0935652e+07	2.5000000e+02	1.1184540e+14	3.8605063e-06
1.0948382e+07	2.5000000e+02	1.1073252e+14	3.8220936e-06
1.0961113e+07	2.5000000e+02	1.0963072e+14	3.7840631e-06
1.0973844e+07	2.5000000e+02	1.0853987e+14	3.7464111e-06
1.0986574e+07	2.5000000e+02	1.0745988e+14	3.7091337e-06
1.0999305e+07	2.5000000e+02	1.0639064e+14	3.6722272e-06
1.1012036e+07	2.5000000e+02	1.0533203e+14	3.6356879e-06
1.1024766e+07	2.5000000e+02	1.0428396e+14	3.5995122e-06
1.1037497e+07	2.5000000e+02	1.0324632e+14	3.5636964e-06
1.1050228e+07	2.5000000e+02	1.0221900e+14	3.5282371e-06
1.1062958e+07	2.5000000e+02	1.0120191e+14	3.4931305e-06
1.1075689e+07	2.5000000e+02	1.0019493e+14	3.4583733e-06
1.1088420e+07	2.5000000e+02	9.9197974e+13	3.4239619e-06
1.1101150e+07	2.5000000e+02	9.8210938e+13	3.3898929e-06
1.1113881e+07	2.5000000e+02	9.7233722e+13	3.3561629e-06
1.1126612e+07	2.5000000e+02	9.6266231e+13	3.3227685e-06
1.1139342e+07	2.5000000e+02	9.5308366e+13	3.2897064e-06
1.1152073e+07	2.5000000e+02	9.4360032e+13	3.2569733e-06
1.1164804e+07	2.5000000e+02	9.3421134e+13	3.2245659e-06
1.1177534e+07	2.5000000e+02	9.2491578e+13	3.1924809e-06
1.1190265e+07	2.5000000e+02	9.1571271e+13	3.1607152e-06
1.1202996e+07	2.5000000e+02	9.0660122e+13	3.1292656e-06
1.1215727e+07	2.5000000e+02	8.9758039e+13	3.0981289e-06
1.1228457e+07	2.5000000e+02	8.8864931e+13	3.0673020e-06
1.1241188e+07	2.5000000e+02	8.7980710e+13	3.0367818e-06
1.1253919e+07	2.5000000e+02	8.7105288e+13	3.0065653e-06
1.1266649e+07	2.5000000e+02	8.6238576e+13	2.9766495e-06
1.1279380e+07	2.5000000e+02	8.5380487e+13	2.9470313e-06
1.1292111e+07	2.5000000e+02	8.4530937e+13	2.9177079e-06
1.1304841e+07	2.5000000e+02	8.3689840e+13	2.8886762e-06
1.1317572e+07	2.5000000e+02	8.2857113e+13	2.8599334e-06
1.1330303e+07	2.5000000e+02	8.2032671e+13	2.8314766e-06
1.1343033e+07	2.5000000e+02	8.1216432e+13	2.8033029e-06
1.1355764e+07	2.5000000e+02	8.0408315e+13	2.7754096e-06
1.1368495e+07	2.5000000e+02	7.9608239e+13	2.7477938e-06
1.1381225e+07	2.5000000e+02	7.8816124e+13	2.7204528e-06
1.1393956e+07	2.5000000e+02	7.8031890e+13	2.6933838e-06
1.1406687e+07	2.5000000e+02	7.7255460e+13	2.6665842e-06
1.1419417e+07	2.5000000e+02	7.6486755e+13	2.6400513e-06
1.1432148e+07	2.5000000e+02	7.5725699e+13	2.6137823e-06
1.1444879e+07	2.5000000e+02	7.4972216e+13	2.5877747e-06
1.1457609e+07	2.5000000e+02	7.4226230e+13	2.5620260e-06
1.1470340e+07	2.5000000e+02	7.3487667e+13	2.5365334e-06
1.1483071e+07	2.5000000e+02	7.2756452e+13	2.5112944e-06
1.1495801e+07	2.5000000e+02	7.2032513e+13	2.4863066e-06
1.1508532e+07	2.5000000e+02	7.1315778e+13	2.4615675e-06
1.1521263e+07	2.5000000e+02	7.0606174e+13	2.4370745e-06
1.1533993e+07	2.5000000e+02	6.9903631e+13	2.4128252e-06
1.1546724e+07	2.5000000e+02	6.9208078e+13	2.3888172e-06
1.1559455e+07	2.5000000e+02	6.8519446e+13	2.3650480e-06
1.1572185e+07	2.5000000e+02	6.7837666e+13	2.3415154e-06
1.1584916e+07	2.5000000e+02	6.7162670e+13	2.3182169e-06
1.1597647e+07	2.5000000e+02	6.6494390e+13	2.2951503e-06
1.1610378e+07	2.5000000e+02	6.5832760e+13	2.2723132e-06
1.1623108e+07	2.5000000e+02	6.5177713e+13	2.2497033e-06
1.1635839e+07	2.5000000e+02	6.4529184e+13	2.2273184e-06
1.1648570e+07	2.5000000e+02	6.3887108e+13	2.2051562e-06
1.1661300e+07	2.5000000e+02	6.3251421e+13	2.1832145e-06
1.1674031e+07	2.5000000e+02	6.2622059e+13	2.1614912e-06
1.1686762e+07	2.5000000e+02	6.1998959e+13	2.1399840e-06
1.1699492e+07	2.5000000e+02	6.1382059e+13	2.1186908e-06
1.1712223e+07	2.5000000e+02	6.0771297e+13	2.0976094e-06
1.1724954e+07	2.5000000e+02	6.0166613e+13	2.0767379e-06
1.1737684e+07	2.5000000e+02	5.9567945e+13	2.0560740e-06
1.1750415e+07	2.5000000e+02	5.8975234e+13	2.0356157e-06
1.1763146e+07	2.5000000e+02	5.8388420e+13	2.0153610e-06
1.1775876e+07	2.5000000e+02	5.7807446e+13	1.9953078e-06
1.1788607e+07	2.5000000e+02	5.7232252e+13	1.9754542e-06
1.1801338e+07	2.5000000e+02	5.6662782e+13	1.9557981e-06
1.1814068e+07	2.5000000e+02	5.6098978e+13	1.9363376e-06
1.1826799e+07	2.5000000e+02	5.5540784e+13	1.9170707e-06
1.1839530e+07	2.5000000e+02	5.4988144e+13	1.8979955e-06
1.1852260e+07	2.5000000e+02	5.4441002e+13	1.8791101e-06
1.1864991e+07	2.5000000e+02	5.3899305e+13	1.8604127e-06
1.1877722e+07	2.5000000e+02	5.3362998e+13	1.8419013e-06
1.1890452e+07	2.5000000e+02	5.2832028e+13	1.8235740e-06
1.1903183e+07	2.5000000e+02	5.2306340e+13	1.8054292e-06
1.1915914e+07	2.5000000e+02	5.1785883e+13	1.7874649e-06
1.1928644e+07	2.5000000e+02	5.1270605e+13	1.7696793e-06
1.1941375e+07	2.5000000e+02	5.0760454e+13	1.7520707e-06
1.1954106e+07	2.5000000e+02	5.0255379e+13	1.7346373e-06
1.1966836e+07	2.5000000e+02	4.9755330e+13	1.7173774e-06
1.1979567e+07	2.5000000e+02	4.9260256e+13	1.7002892e-06
1.1992298e+07	2.5000000e+02	4.8770108e+13	1.6833710e-06
1.2005028e+07	2.5000000e+02	4.8284838e+13	1.6666212e-06
1.2017759e+07	2.5000000e+02	4.7804395e+13	1.6500380e-06
1.2030490e+07	2.5000000e+02	4.7328734e+13	1.6336199e-06
1.2043221e+07	2.5000000e+02	4.6857805e+13	1.6173651e-06
1.2055951e+07	2.5000000e+02	4.6391562e+13	1.6012720e-06
1.2068682e+07	2.5000000e+02	4.5929958e+13	1.5853391e-06
1.2081413e+07	2.5000000e+02	4.5472948e+13	1.5695647e-06
1.2094143e+07	2.5000000e+02	4.5020484e+13	1.5539473e-06
1.2106874e+07	2.5000000e+02	4.4572523e+13	1.5384853e-06
1.2119605e+07	2.5000000e+02	4.4129019e+13	1.5231771e-06
1.2132335e+07	2.5000000e+02	4.3689928e+13	1.5080212e-06
1.2145066e+07	2.5000000e+02	4.3255206e+13	1.4930161e-06
1.2157797e+07	2.5000000e+02	4.2824809e+13	1.4781604e-06
1.2170527e+07	2.5000000e+02	4.2398695e+13	1.4634524e-06
1.2183258e+07	2.5000000e+02	4.1976821e+13	1.4488908e-06
1.2195989e+07	2.5000000e+02	4.1559145e+13	1.4344741e-06
1.2208719e+07	2.5000000e+02	4.1145624e+13	1.4202009e-06
1.2221450e+07	2.5000000e+02	4.0736219e+13	1.4060697e-06
1.2234181e+07	2.5000000e+02	4.0330886e+13	1.3920790e-06
1.2246911e+07	2.5000000e+02	3.9929587e+13	1.3782276e-06
1.2259642e+07	2.5000000e+02	3.9532281e+13	1.3645140e-06
1.2272373e+07	2.5000000e+02	3.9138929e+13	1.3509369e-06
1.2285103e+07	2.5000000e+02	3.8749490e+13	1.3374948e-06
1.2297834e+07	2.5000000e+02	3.8363926e+13	1.3241865e-06
1.2310565e+07	2.5000000e+02	3.7982199e+13	1.3110107e-06
1.2323295e+07	2.5000000e+02	3.7604269e+13	1.2979659e-06
1.2336026e+07	2.5000000e+02	3.7230101e+13	1.2850509e-06
1.2348757e+07	2.5000000e+02	3.6859655e+13	1.2722644e-06
1.2361487e+07	2.5000000e+02	3.6492895e+13	1.2596052e-06
1.2374218e+07	2.5000000e+02	3.6129785e+13	1.2470719e-06
1.2386949e+07	2.5000000e+02	3.5770287e+13	1.2346633e-06
1.2399679e+07	2.5000000e+02	3.5414367e+13	1.2223782e-06
1.2412410e+07	2.5000000e+02	3.5061988e+13	1.2102154e-06
1.2425141e+07	2.5000000e+02	3.4713116e+13	1.1981735e-06
1.2437872e+07	2.5000000e+02	3.4367714e+13	1.1862515e-06
1.2450602e+07	2.5000000e+02	3.4025750e+13	1.1744481e-06
1.2463333e+07	2.5000000e+02	3.3687188e+13	1.1627621e-06
1.2476064e+07	2.5000000e+02	3.3351995e+13	1.1511925e-06
1.2488794e+07	2.5000000e+02	3.3020137e+13	1.1397379e-06
1.2501525e+07	2.5000000e+02	3.2691581e+13	1.1283973e-06
1.2514256e+07	2.5000000e+02	3.2366295e+13	1.1171696e-06
1.2526986e+07	2.5000000e+02	3.2044245e+13	1.1060536e-06
1.2539717e+07	2.5000000e+02	3.1725399e+13	1.0950481e-06
1.2552448e+07	2.5000000e+02	3.1409726e+13	1.0841522e-06
1.2565178e+07	2.5000000e+02	3.1097194e+13	1.0733647e-06
1.2577909e+07	2.5000000e+02	3.0787772e+13	1.0626846e-06
1.2590640e+07	2.5000000e+02	3.0481428e+13	1.0521107e-06
1.2603370e+07	2.5000000e+02	3.0178133e+13	1.0416420e-06
1.2616101e+07	2.5000000e+02	2.9877856e+13	1.0312775e-06
1.2628832e+07	2.5000000e+02	2.9580566e+13	1.0210161e-06
1.2641562e+07	2.5000000e+02	2.9286234e+13	1.0108568e-06
1.2654293e+07	2.5000000e+02	2.8994831e+13	1.0007987e-06
1.2667024e+07	2.5000000e+02	2.8706328e+13	9.9084054e-07
1.2679754e+07	2.5000000e+02	2.8420695e+13	9.8098151e-07
1.2692485e+07	2.5000000e+02	2.8137905e+13	9.7122058e-07
1.2705216e+07	2.5000000e+02	2.7857928e+13	9.6155677e-07
1.2717946e+07	2.5000000e+02	2.7580737e+13	9.5198913e-07
1.2730677e+07	2.5000000e+02	2.7306304e+13	9.4251668e-07
1.2743408e+07	2.5000000e+02	2.7034602e+13	9.3313848e-07
1.2756138e+07	2.5000000e+02	2.6765603e+13	9.2385359e-07
1.2768869e+07	2.5000000e+02	2.6499281e+13	9.1466110e-07
1.2781600e+07	2.5000000e+02	2.6235608e+13	9.0556007e-07
1.2794330e+07	2.5000000e+02	2.5974560e+13	8.9654959e-07
1.2807061e+07	2.5000000e+02	2.5716109e+13	8.8762878e-07
1.2819792e+07	2.5000000e+02	2.5460229e+13	8.7879672e-07
1.2832523e+07	2.5000000e+02	2.5206896e+13	8.7005255e-07
1.2845253e+07	2.5000000e+02	2.4956083e+13	8.6139538e-07
