Left Bin Edge (nm)	Right Bin Edge (nm)	Bin Center (nm)		Top of Atm Intensity (erg/s/nm/cm2)
1.0000000e+02		1.0100000e+02		1.0050000e+02		1.9189487e-02
1.0100000e+02		1.0200000e+02		1.0150000e+02		7.4861701e-02
1.0200000e+02		1.0300000e+02		1.0250000e+02		3.9734366e-01
1.0300000e+02		1.0400000e+02		1.0350000e+02		3.0179545e-01
1.0400000e+02		1.0500000e+02		1.0450000e+02		6.0815352e-02
1.0500000e+02		1.0600000e+02		1.0550000e+02		2.0834600e-02
1.0600000e+02		1.0700000e+02		1.0650000e+02		1.9584792e-02
1.0700000e+02		1.0800000e+02		1.0750000e+02		2.1853879e-02
1.0800000e+02		1.0900000e+02		1.0850000e+02		3.0634999e-02
1.0900000e+02		1.1000000e+02		1.0950000e+02		2.4032561e-02
1.1000000e+02		1.1100000e+02		1.1050000e+02		2.3268893e-02
1.1100000e+02		1.1200000e+02		1.1150000e+02		2.1871272e-02
1.1200000e+02		1.1300000e+02		1.1250000e+02		2.2375602e-02
1.1300000e+02		1.1400000e+02		1.1350000e+02		1.7748133e-02
1.1400000e+02		1.1500000e+02		1.1450000e+02		1.3589480e-02
1.1500000e+02		1.1600000e+02		1.1550000e+02		1.8751615e-02
1.1600000e+02		1.1700000e+02		1.1650000e+02		4.3674487e-02
1.1700000e+02		1.1800000e+02		1.1750000e+02		1.5546757e-01
1.1800000e+02		1.1900000e+02		1.1850000e+02		5.2889236e-02
1.1900000e+02		1.2000000e+02		1.1950000e+02		7.3692884e-02
1.2000000e+02		1.2100000e+02		1.2050000e+02		4.0066072e-01
1.2100000e+02		1.2200000e+02		1.2150000e+02		1.5905289e+01
1.2200000e+02		1.2300000e+02		1.2250000e+02		1.0666543e-01
1.2300000e+02		1.2400000e+02		1.2350000e+02		5.7456553e-02
1.2400000e+02		1.2500000e+02		1.2450000e+02		4.6184197e-02
1.2500000e+02		1.2600000e+02		1.2550000e+02		4.5085118e-02
1.2600000e+02		1.2700000e+02		1.2650000e+02		6.3054464e-02
1.2700000e+02		1.2800000e+02		1.2750000e+02		3.3006429e-02
1.2800000e+02		1.2900000e+02		1.2850000e+02		2.6335196e-02
1.2900000e+02		1.3000000e+02		1.2950000e+02		3.5131240e-02
1.3000000e+02		1.3100000e+02		1.3050000e+02		2.8850634e-01
1.3100000e+02		1.3200000e+02		1.3150000e+02		3.9064855e-02
1.3200000e+02		1.3300000e+02		1.3250000e+02		3.0374778e-02
1.3300000e+02		1.3400000e+02		1.3350000e+02		4.1056606e-01
1.3400000e+02		1.3500000e+02		1.3450000e+02		2.8092500e-02
1.3500000e+02		1.3600000e+02		1.3550000e+02		5.8954708e-02
1.3600000e+02		1.3700000e+02		1.3650000e+02		3.8690656e-02
1.3700000e+02		1.3800000e+02		1.3750000e+02		3.9732879e-02
1.3800000e+02		1.3900000e+02		1.3850000e+02		4.0549866e-02
1.3900000e+02		1.4000000e+02		1.3950000e+02		1.3692187e-01
1.4000000e+02		1.4100000e+02		1.4050000e+02		1.1939088e-01
1.4100000e+02		1.4200000e+02		1.4150000e+02		5.7521948e-02
1.4200000e+02		1.4300000e+02		1.4250000e+02		6.2343151e-02
1.4300000e+02		1.4400000e+02		1.4350000e+02		6.9165895e-02
1.4400000e+02		1.4500000e+02		1.4450000e+02		6.6149126e-02
1.4500000e+02		1.4600000e+02		1.4550000e+02		7.0536262e-02
1.4600000e+02		1.4700000e+02		1.4650000e+02		8.6012655e-02
1.4700000e+02		1.4800000e+02		1.4750000e+02		1.0610345e-01
1.4800000e+02		1.4900000e+02		1.4850000e+02		1.0405386e-01
1.4900000e+02		1.5000000e+02		1.4950000e+02		9.4002421e-02
1.5000000e+02		1.5100000e+02		1.5050000e+02		1.0343288e-01
1.5100000e+02		1.5200000e+02		1.5150000e+02		1.0875212e-01
1.5200000e+02		1.5300000e+02		1.5250000e+02		1.3876638e-01
1.5300000e+02		1.5400000e+02		1.5350000e+02		1.5371418e-01
1.5400000e+02		1.5500000e+02		1.5450000e+02		4.1112511e-01
1.5500000e+02		1.5600000e+02		1.5550000e+02		3.3836363e-01
1.5600000e+02		1.5700000e+02		1.5650000e+02		2.0084632e-01
1.5700000e+02		1.5800000e+02		1.5750000e+02		1.8216796e-01
1.5800000e+02		1.5900000e+02		1.5850000e+02		1.6795176e-01
1.5900000e+02		1.6000000e+02		1.5950000e+02		1.6379377e-01
1.6000000e+02		1.6100000e+02		1.6050000e+02		1.7926410e-01
1.6100000e+02		1.6200000e+02		1.6150000e+02		2.0306941e-01
1.6200000e+02		1.6300000e+02		1.6250000e+02		2.2492895e-01
1.6300000e+02		1.6400000e+02		1.6350000e+02		4.7671727e-01
1.6400000e+02		1.6500000e+02		1.6450000e+02		4.8753270e-01
1.6500000e+02		1.6600000e+02		1.6550000e+02		5.7072689e-01
1.6600000e+02		1.6700000e+02		1.6650000e+02		2.6919628e-01
1.6700000e+02		1.6800000e+02		1.6750000e+02		2.8728373e-01
1.6800000e+02		1.6900000e+02		1.6850000e+02		3.0958866e-01
1.6900000e+02		1.7000000e+02		1.6950000e+02		3.8988989e-01
1.7000000e+02		1.7100000e+02		1.7050000e+02		4.3752516e-01
1.7100000e+02		1.7200000e+02		1.7150000e+02		4.3618394e-01
1.7200000e+02		1.7300000e+02		1.7250000e+02		4.5514763e-01
1.7300000e+02		1.7400000e+02		1.7350000e+02		4.5120572e-01
1.7400000e+02		1.7500000e+02		1.7450000e+02		5.3951828e-01
1.7500000e+02		1.7600000e+02		1.7550000e+02		6.4389120e-01
1.7600000e+02		1.7700000e+02		1.7650000e+02		6.9472845e-01
1.7700000e+02		1.7800000e+02		1.7750000e+02		8.1849614e-01
1.7800000e+02		1.7900000e+02		1.7850000e+02		8.9455089e-01
1.7900000e+02		1.8000000e+02		1.7950000e+02		8.6966614e-01
1.8000000e+02		1.8100000e+02		1.8050000e+02		1.0753674e+00
1.8100000e+02		1.8200000e+02		1.8150000e+02		1.3093431e+00
1.8200000e+02		1.8300000e+02		1.8250000e+02		1.2087370e+00
1.8300000e+02		1.8400000e+02		1.8350000e+02		1.2728289e+00
1.8400000e+02		1.8500000e+02		1.8450000e+02		1.0940339e+00
1.8500000e+02		1.8600000e+02		1.8550000e+02		1.2372281e+00
1.8600000e+02		1.8700000e+02		1.8650000e+02		1.4037992e+00
1.8700000e+02		1.8800000e+02		1.8750000e+02		1.5907538e+00
1.8800000e+02		1.8900000e+02		1.8850000e+02		1.6735993e+00
1.8900000e+02		1.9000000e+02		1.8950000e+02		1.8559600e+00
1.9000000e+02		1.9100000e+02		1.9050000e+02		1.9109940e+00
1.9100000e+02		1.9200000e+02		1.9150000e+02		2.0707336e+00
1.9200000e+02		1.9300000e+02		1.9250000e+02		2.1685186e+00
1.9300000e+02		1.9400000e+02		1.9350000e+02		1.6554009e+00
1.9400000e+02		1.9500000e+02		1.9450000e+02		2.6556632e+00
1.9500000e+02		1.9600000e+02		1.9550000e+02		2.5630279e+00
1.9600000e+02		1.9700000e+02		1.9650000e+02		2.8204934e+00
1.9700000e+02		1.9800000e+02		1.9750000e+02		2.8068384e+00
1.9800000e+02		1.9900000e+02		1.9850000e+02		2.7505577e+00
1.9900000e+02		2.0000000e+02		1.9950000e+02		2.8965557e+00
2.0000000e+02		2.0100000e+02		2.0050000e+02		3.0623388e+00
2.0100000e+02		2.0200000e+02		2.0150000e+02		3.2593670e+00
2.0200000e+02		2.0300000e+02		2.0250000e+02		3.2217937e+00
2.0300000e+02		2.0400000e+02		2.0350000e+02		3.4484145e+00
2.0400000e+02		2.0500000e+02		2.0450000e+02		3.7117169e+00
2.0500000e+02		2.0600000e+02		2.0550000e+02		3.7200399e+00
2.0600000e+02		2.0700000e+02		2.0650000e+02		3.7247532e+00
2.0700000e+02		2.0800000e+02		2.0750000e+02		4.0454145e+00
2.0800000e+02		2.0900000e+02		2.0850000e+02		4.3759554e+00
2.0900000e+02		2.1000000e+02		2.0950000e+02		5.6528678e+00
2.1000000e+02		2.1100000e+02		2.1050000e+02		6.9678423e+00
2.1100000e+02		2.1200000e+02		2.1150000e+02		7.9326445e+00
2.1200000e+02		2.1300000e+02		2.1250000e+02		7.0734222e+00
2.1300000e+02		2.1400000e+02		2.1350000e+02		7.2066449e+00
2.1400000e+02		2.1500000e+02		2.1450000e+02		9.2279181e+00
2.1500000e+02		2.1600000e+02		2.1550000e+02		7.9257408e+00
2.1600000e+02		2.1700000e+02		2.1650000e+02		7.3353469e+00
2.1700000e+02		2.1800000e+02		2.1750000e+02		7.5953881e+00
2.1800000e+02		2.1900000e+02		2.1850000e+02		1.0217230e+01
2.1900000e+02		2.2000000e+02		2.1950000e+02		1.0786519e+01
2.2000000e+02		2.2100000e+02		2.2050000e+02		1.0851638e+01
2.2100000e+02		2.2200000e+02		2.2150000e+02		8.6872371e+00
2.2200000e+02		2.2300000e+02		2.2250000e+02		1.1691346e+01
2.2300000e+02		2.2400000e+02		2.2350000e+02		1.5139682e+01
2.2400000e+02		2.2500000e+02		2.2450000e+02		1.4154944e+01
2.2500000e+02		2.2600000e+02		2.2550000e+02		1.2365614e+01
2.2600000e+02		2.2700000e+02		2.2650000e+02		9.0577089e+00
2.2700000e+02		2.2800000e+02		2.2750000e+02		8.8108381e+00
2.2800000e+02		2.2900000e+02		2.2850000e+02		1.2275156e+01
2.2900000e+02		2.3000000e+02		2.2950000e+02		1.1031259e+01
2.3000000e+02		2.3100000e+02		2.3050000e+02		1.2510180e+01
2.3100000e+02		2.3200000e+02		2.3150000e+02		1.1791833e+01
2.3200000e+02		2.3300000e+02		2.3250000e+02		1.2664003e+01
2.3300000e+02		2.3400000e+02		2.3350000e+02		1.1428554e+01
2.3400000e+02		2.3500000e+02		2.3450000e+02		9.9864853e+00
2.3500000e+02		2.3600000e+02		2.3550000e+02		1.3443360e+01
2.3600000e+02		2.3700000e+02		2.3650000e+02		1.2448020e+01
2.3700000e+02		2.3800000e+02		2.3750000e+02		1.3294723e+01
2.3800000e+02		2.3900000e+02		2.3850000e+02		1.1021422e+01
2.3900000e+02		2.4000000e+02		2.3950000e+02		1.2008577e+01
2.4000000e+02		2.4100000e+02		2.4050000e+02		1.1032163e+01
2.4100000e+02		2.4200000e+02		2.4150000e+02		1.2918879e+01
2.4200000e+02		2.4300000e+02		2.4250000e+02		1.7782729e+01
2.4300000e+02		2.4400000e+02		2.4350000e+02		1.6701989e+01
2.4400000e+02		2.4500000e+02		2.4450000e+02		1.5641720e+01
2.4500000e+02		2.4600000e+02		2.4550000e+02		1.2691134e+01
2.4600000e+02		2.4700000e+02		2.4650000e+02		1.2350906e+01
2.4700000e+02		2.4800000e+02		2.4750000e+02		1.3639226e+01
2.4800000e+02		2.4900000e+02		2.4850000e+02		1.0938846e+01
2.4900000e+02		2.5000000e+02		2.4950000e+02		1.3333262e+01
2.5000000e+02		2.5100000e+02		2.5050000e+02		1.4401571e+01
2.5100000e+02		2.5200000e+02		2.5150000e+02		1.2007424e+01
2.5200000e+02		2.5300000e+02		2.5250000e+02		1.0794009e+01
2.5300000e+02		2.5400000e+02		2.5350000e+02		1.3602371e+01
2.5400000e+02		2.5500000e+02		2.5450000e+02		1.5384114e+01
2.5500000e+02		2.5600000e+02		2.5550000e+02		2.0992062e+01
2.5600000e+02		2.5700000e+02		2.5650000e+02		2.7040612e+01
2.5700000e+02		2.5800000e+02		2.5750000e+02		3.3946512e+01
2.5800000e+02		2.5900000e+02		2.5850000e+02		3.5732434e+01
2.5900000e+02		2.6000000e+02		2.5950000e+02		3.0409976e+01
2.6000000e+02		2.6100000e+02		2.6050000e+02		2.4915606e+01
2.6100000e+02		2.6200000e+02		2.6150000e+02		2.5442742e+01
2.6200000e+02		2.6300000e+02		2.6250000e+02		3.0366547e+01
2.6300000e+02		2.6400000e+02		2.6350000e+02		4.5700096e+01
2.6400000e+02		2.6500000e+02		2.6450000e+02		7.1249372e+01
2.6500000e+02		2.6600000e+02		2.6550000e+02		7.4731454e+01
2.6600000e+02		2.6700000e+02		2.6650000e+02		7.2446611e+01
2.6700000e+02		2.6800000e+02		2.6750000e+02		7.2937204e+01
2.6800000e+02		2.6900000e+02		2.6850000e+02		7.2239021e+01
2.6900000e+02		2.7000000e+02		2.6950000e+02		6.7758000e+01
2.7000000e+02		2.7100000e+02		2.7050000e+02		7.8281462e+01
2.7100000e+02		2.7200000e+02		2.7150000e+02		6.5051220e+01
2.7200000e+02		2.7300000e+02		2.7250000e+02		5.2331568e+01
2.7300000e+02		2.7400000e+02		2.7350000e+02		5.5800645e+01
2.7400000e+02		2.7500000e+02		2.7450000e+02		3.8398649e+01
2.7500000e+02		2.7600000e+02		2.7550000e+02		5.1208696e+01
2.7600000e+02		2.7700000e+02		2.7650000e+02		7.1318275e+01
2.7700000e+02		2.7800000e+02		2.7750000e+02		6.8188493e+01
2.7800000e+02		2.7900000e+02		2.7850000e+02		4.7024496e+01
2.7900000e+02		2.8000000e+02		2.7950000e+02		2.6422560e+01
2.8000000e+02		2.8100000e+02		2.8050000e+02		2.8982131e+01
2.8100000e+02		2.8200000e+02		2.8150000e+02		6.0033324e+01
2.8200000e+02		2.8300000e+02		2.8250000e+02		8.1733762e+01
2.8300000e+02		2.8400000e+02		2.8350000e+02		8.4433091e+01
2.8400000e+02		2.8500000e+02		2.8450000e+02		6.2255376e+01
2.8500000e+02		2.8600000e+02		2.8550000e+02		4.0018063e+01
2.8600000e+02		2.8700000e+02		2.8650000e+02		8.2001717e+01
2.8700000e+02		2.8800000e+02		2.8750000e+02		9.5189148e+01
2.8800000e+02		2.8900000e+02		2.8850000e+02		9.0460934e+01
2.8900000e+02		2.9000000e+02		2.8950000e+02		1.3728321e+02
2.9000000e+02		2.9100000e+02		2.9050000e+02		1.8023325e+02
2.9100000e+02		2.9200000e+02		2.9150000e+02		1.7359450e+02
2.9200000e+02		2.9300000e+02		2.9250000e+02		1.5421676e+02
2.9300000e+02		2.9400000e+02		2.9350000e+02		1.6099986e+02
2.9400000e+02		2.9500000e+02		2.9450000e+02		1.4991794e+02
2.9500000e+02		2.9600000e+02		2.9550000e+02		1.6232431e+02
2.9600000e+02		2.9700000e+02		2.9650000e+02		1.4851381e+02
2.9700000e+02		2.9800000e+02		2.9750000e+02		1.5140866e+02
2.9800000e+02		2.9900000e+02		2.9850000e+02		1.3012850e+02
2.9900000e+02		3.0000000e+02		2.9950000e+02		1.4682541e+02
3.0000000e+02		3.0100000e+02		3.0050000e+02		1.1681452e+02
3.0100000e+02		3.0200000e+02		3.0150000e+02		1.3434477e+02
3.0200000e+02		3.0300000e+02		3.0250000e+02		1.4142283e+02
3.0300000e+02		3.0400000e+02		3.0350000e+02		1.8342160e+02
3.0400000e+02		3.0500000e+02		3.0450000e+02		1.7556728e+02
3.0500000e+02		3.0600000e+02		3.0550000e+02		1.7728071e+02
3.0600000e+02		3.0700000e+02		3.0650000e+02		1.6814926e+02
3.0700000e+02		3.0800000e+02		3.0750000e+02		1.8878816e+02
3.0800000e+02		3.0900000e+02		3.0850000e+02		1.8529086e+02
3.0900000e+02		3.1000000e+02		3.0950000e+02		1.5026991e+02
3.1000000e+02		3.1100000e+02		3.1050000e+02		1.8913229e+02
3.1100000e+02		3.1200000e+02		3.1150000e+02		2.2495083e+02
3.1200000e+02		3.1300000e+02		3.1250000e+02		2.0030306e+02
3.1300000e+02		3.1400000e+02		3.1350000e+02		2.1331645e+02
3.1400000e+02		3.1500000e+02		3.1450000e+02		2.0119548e+02
3.1500000e+02		3.1600000e+02		3.1550000e+02		1.9522773e+02
3.1600000e+02		3.1700000e+02		3.1650000e+02		1.9043254e+02
3.1700000e+02		3.1800000e+02		3.1750000e+02		2.4155434e+02
3.1800000e+02		3.1900000e+02		3.1850000e+02		1.9952276e+02
3.1900000e+02		3.2000000e+02		3.1950000e+02		2.1430874e+02
3.2000000e+02		3.2100000e+02		3.2050000e+02		2.4621307e+02
3.2100000e+02		3.2200000e+02		3.2150000e+02		2.0677326e+02
3.2200000e+02		3.2300000e+02		3.2250000e+02		2.0765168e+02
3.2300000e+02		3.2400000e+02		3.2350000e+02		2.0066974e+02
3.2400000e+02		3.2500000e+02		3.2450000e+02		2.3629853e+02
3.2500000e+02		3.2600000e+02		3.2550000e+02		2.7209498e+02
3.2600000e+02		3.2700000e+02		3.2650000e+02		3.0699214e+02
3.2700000e+02		3.2800000e+02		3.2750000e+02		2.9701525e+02
3.2800000e+02		3.2900000e+02		3.2850000e+02		2.8673370e+02
3.2900000e+02		3.3000000e+02		3.2950000e+02		3.3379807e+02
3.3000000e+02		3.3100000e+02		3.3050000e+02		3.1443449e+02
3.3100000e+02		3.3200000e+02		3.3150000e+02		3.0087994e+02
3.3200000e+02		3.3300000e+02		3.3250000e+02		2.9519831e+02
3.3300000e+02		3.3400000e+02		3.3350000e+02		2.8364288e+02
3.3400000e+02		3.3500000e+02		3.3450000e+02		2.9883003e+02
3.3500000e+02		3.3600000e+02		3.3550000e+02		2.9511053e+02
3.3600000e+02		3.3700000e+02		3.3650000e+02		2.4313126e+02
3.3700000e+02		3.3800000e+02		3.3750000e+02		2.5649874e+02
3.3800000e+02		3.3900000e+02		3.3850000e+02		2.7748673e+02
3.3900000e+02		3.4000000e+02		3.3950000e+02		2.9040264e+02
3.4000000e+02		3.4100000e+02		3.4050000e+02		3.0654056e+02
3.4100000e+02		3.4200000e+02		3.4150000e+02		2.7979685e+02
3.4200000e+02		3.4300000e+02		3.4250000e+02		3.0344565e+02
3.4300000e+02		3.4400000e+02		3.4350000e+02		2.9822260e+02
3.4400000e+02		3.4500000e+02		3.4450000e+02		2.3986676e+02
3.4500000e+02		3.4600000e+02		3.4550000e+02		2.8907088e+02
3.4600000e+02		3.4700000e+02		3.4650000e+02		2.8069735e+02
3.4700000e+02		3.4800000e+02		3.4750000e+02		2.7782009e+02
3.4800000e+02		3.4900000e+02		3.4850000e+02		2.8744416e+02
3.4900000e+02		3.5000000e+02		3.4950000e+02		2.7550877e+02
3.5000000e+02		3.5100000e+02		3.5050000e+02		3.3002358e+02
3.5100000e+02		3.5200000e+02		3.5150000e+02		3.0660572e+02
3.5200000e+02		3.5300000e+02		3.5250000e+02		2.8324198e+02
3.5300000e+02		3.5400000e+02		3.5350000e+02		3.2405327e+02
3.5400000e+02		3.5500000e+02		3.5450000e+02		3.4586270e+02
3.5500000e+02		3.5600000e+02		3.5550000e+02		3.2478382e+02
3.5600000e+02		3.5700000e+02		3.5650000e+02		2.8234357e+02
3.5700000e+02		3.5800000e+02		3.5750000e+02		2.4674321e+02
3.5800000e+02		3.5900000e+02		3.5850000e+02		2.1181106e+02
3.5900000e+02		3.6000000e+02		3.5950000e+02		3.0582840e+02
3.6000000e+02		3.6100000e+02		3.6050000e+02		3.0178862e+02
3.6100000e+02		3.6200000e+02		3.6150000e+02		2.8033735e+02
3.6200000e+02		3.6300000e+02		3.6250000e+02		3.1645921e+02
3.6300000e+02		3.6400000e+02		3.6350000e+02		3.0810145e+02
3.6400000e+02		3.6500000e+02		3.6450000e+02		3.2221950e+02
3.6500000e+02		3.6600000e+02		3.6550000e+02		3.6674574e+02
3.6600000e+02		3.6700000e+02		3.6650000e+02		3.9198946e+02
3.6700000e+02		3.6800000e+02		3.6750000e+02		3.7850004e+02
3.6800000e+02		3.6900000e+02		3.6850000e+02		3.4895620e+02
3.6900000e+02		3.7000000e+02		3.6950000e+02		3.8736224e+02
3.7000000e+02		3.7100000e+02		3.7050000e+02		3.6351013e+02
3.7100000e+02		3.7200000e+02		3.7150000e+02		3.7529261e+02
3.7200000e+02		3.7300000e+02		3.7250000e+02		3.1177186e+02
3.7300000e+02		3.7400000e+02		3.7350000e+02		2.7192112e+02
3.7400000e+02		3.7500000e+02		3.7450000e+02		2.7832167e+02
3.7500000e+02		3.7600000e+02		3.7550000e+02		3.1876744e+02
3.7600000e+02		3.7700000e+02		3.7650000e+02		3.3048657e+02
3.7700000e+02		3.7800000e+02		3.7750000e+02		3.8770864e+02
3.7800000e+02		3.7900000e+02		3.7850000e+02		4.0380398e+02
3.7900000e+02		3.8000000e+02		3.7950000e+02		3.2744385e+02
3.8000000e+02		3.8100000e+02		3.8050000e+02		3.5656330e+02
3.8100000e+02		3.8200000e+02		3.8150000e+02		3.2019140e+02
3.8200000e+02		3.8300000e+02		3.8250000e+02		2.2964197e+02
3.8300000e+02		3.8400000e+02		3.8350000e+02		2.0267593e+02
3.8400000e+02		3.8500000e+02		3.8450000e+02		2.7111947e+02
3.8500000e+02		3.8600000e+02		3.8550000e+02		2.8715912e+02
3.8600000e+02		3.8700000e+02		3.8650000e+02		2.8837692e+02
3.8700000e+02		3.8800000e+02		3.8750000e+02		2.8805300e+02
3.8800000e+02		3.8900000e+02		3.8850000e+02		2.9209390e+02
3.8900000e+02		3.9000000e+02		3.8950000e+02		3.5069332e+02
3.9000000e+02		3.9100000e+02		3.9050000e+02		3.6838836e+02
3.9100000e+02		3.9200000e+02		3.9150000e+02		3.9613874e+02
3.9200000e+02		3.9300000e+02		3.9250000e+02		3.0403432e+02
3.9300000e+02		3.9400000e+02		3.9350000e+02		1.8639471e+02
3.9400000e+02		3.9500000e+02		3.9450000e+02		3.0813115e+02
3.9500000e+02		3.9600000e+02		3.9550000e+02		3.7840801e+02
3.9600000e+02		3.9700000e+02		3.9650000e+02		2.6140326e+02
3.9700000e+02		3.9800000e+02		3.9750000e+02		2.9300657e+02
3.9800000e+02		3.9900000e+02		3.9850000e+02		4.5124719e+02
3.9900000e+02		4.0000000e+02		3.9950000e+02		4.9846141e+02
4.0000000e+02		4.0100000e+02		4.0050000e+02		5.1407199e+02
4.0100000e+02		4.0200000e+02		4.0150000e+02		5.3860814e+02
4.0200000e+02		4.0300000e+02		4.0250000e+02		5.4526519e+02
4.0300000e+02		4.0400000e+02		4.0350000e+02		5.2165796e+02
4.0400000e+02		4.0500000e+02		4.0450000e+02		5.1300620e+02
4.0500000e+02		4.0600000e+02		4.0550000e+02		5.1256585e+02
4.0600000e+02		4.0700000e+02		4.0650000e+02		4.9035274e+02
4.0700000e+02		4.0800000e+02		4.0750000e+02		4.9838294e+02
4.0800000e+02		4.0900000e+02		4.0850000e+02		5.2990289e+02
4.0900000e+02		4.1000000e+02		4.0950000e+02		5.2713439e+02
4.1000000e+02		4.1100000e+02		4.1050000e+02		4.8293937e+02
4.1100000e+02		4.1200000e+02		4.1150000e+02		5.5986852e+02
4.1200000e+02		4.1300000e+02		4.1250000e+02		5.4940473e+02
4.1300000e+02		4.1400000e+02		4.1350000e+02		5.2995399e+02
4.1400000e+02		4.1500000e+02		4.1450000e+02		5.3771640e+02
4.1500000e+02		4.1600000e+02		4.1550000e+02		5.3722776e+02
4.1600000e+02		4.1700000e+02		4.1650000e+02		5.5745703e+02
4.1700000e+02		4.1800000e+02		4.1750000e+02		5.0725322e+02
4.1800000e+02		4.1900000e+02		4.1850000e+02		5.2601513e+02
4.1900000e+02		4.2000000e+02		4.1950000e+02		5.3123875e+02
4.2000000e+02		4.2100000e+02		4.2050000e+02		5.3797708e+02
4.2100000e+02		4.2200000e+02		4.2150000e+02		5.2958361e+02
4.2200000e+02		4.2300000e+02		4.2250000e+02		5.0190537e+02
4.2300000e+02		4.2400000e+02		4.2350000e+02		5.3474862e+02
4.2400000e+02		4.2500000e+02		4.2450000e+02		5.5328403e+02
4.2500000e+02		4.2600000e+02		4.2550000e+02		5.3248014e+02
4.2600000e+02		4.2700000e+02		4.2650000e+02		5.3029841e+02
4.2700000e+02		4.2800000e+02		4.2750000e+02		4.9171747e+02
4.2800000e+02		4.2900000e+02		4.2850000e+02		4.9494538e+02
4.2900000e+02		4.3000000e+02		4.2950000e+02		4.6063718e+02
4.3000000e+02		4.3100000e+02		4.3050000e+02		3.7055843e+02
4.3100000e+02		4.3200000e+02		4.3150000e+02		4.5818753e+02
4.3200000e+02		4.3300000e+02		4.3250000e+02		5.1625369e+02
4.3300000e+02		4.3400000e+02		4.3350000e+02		5.6047485e+02
4.3400000e+02		4.3500000e+02		4.3450000e+02		4.7595241e+02
4.3500000e+02		4.3600000e+02		4.3550000e+02		5.3162725e+02
4.3600000e+02		4.3700000e+02		4.3650000e+02		5.9481241e+02
4.3700000e+02		4.3800000e+02		4.3750000e+02		5.2629983e+02
4.3800000e+02		4.3900000e+02		4.3850000e+02		5.1257868e+02
4.3900000e+02		4.4000000e+02		4.3950000e+02		5.7051902e+02
4.4000000e+02		4.4100000e+02		4.4050000e+02		5.4089681e+02
4.4100000e+02		4.4200000e+02		4.4150000e+02		5.9491633e+02
4.4200000e+02		4.4300000e+02		4.4250000e+02		6.2544254e+02
4.4300000e+02		4.4400000e+02		4.4350000e+02		6.0497206e+02
4.4400000e+02		4.4500000e+02		4.4450000e+02		6.2324411e+02
4.4500000e+02		4.4600000e+02		4.4550000e+02		5.7783999e+02
4.4600000e+02		4.4700000e+02		4.4650000e+02		5.8940025e+02
4.4700000e+02		4.4800000e+02		4.4750000e+02		6.3881895e+02
4.4800000e+02		4.4900000e+02		4.4850000e+02		6.2805979e+02
4.4900000e+02		4.5000000e+02		4.4950000e+02		6.3454704e+02
4.5000000e+02		4.5100000e+02		4.5050000e+02		6.7325368e+02
4.5100000e+02		4.5200000e+02		4.5150000e+02		6.7122600e+02
4.5200000e+02		4.5300000e+02		4.5250000e+02		6.3541039e+02
4.5300000e+02		4.5400000e+02		4.5350000e+02		6.0888666e+02
4.5400000e+02		4.5500000e+02		4.5450000e+02		6.4999363e+02
4.5500000e+02		4.5600000e+02		4.5550000e+02		6.4380306e+02
4.5600000e+02		4.5700000e+02		4.5650000e+02		6.6853861e+02
4.5700000e+02		4.5800000e+02		4.5750000e+02		6.7499745e+02
4.5800000e+02		4.5900000e+02		4.5850000e+02		6.3439039e+02
4.5900000e+02		4.6000000e+02		4.5950000e+02		6.5539586e+02
4.6000000e+02		4.6100000e+02		4.6050000e+02		6.4752339e+02
4.6100000e+02		4.6200000e+02		4.6150000e+02		6.6245412e+02
4.6200000e+02		4.6300000e+02		4.6250000e+02		6.6901120e+02
4.6300000e+02		4.6400000e+02		4.6350000e+02		6.4662616e+02
4.6400000e+02		4.6500000e+02		4.6450000e+02		6.5795753e+02
4.6500000e+02		4.6600000e+02		4.6550000e+02		6.3552746e+02
4.6600000e+02		4.6700000e+02		4.6650000e+02		6.3955371e+02
4.6700000e+02		4.6800000e+02		4.6750000e+02		6.4572639e+02
4.6800000e+02		4.6900000e+02		4.6850000e+02		6.3145002e+02
4.6900000e+02		4.7000000e+02		4.6950000e+02		6.4956875e+02
4.7000000e+02		4.7100000e+02		4.7050000e+02		6.1381170e+02
4.7100000e+02		4.7200000e+02		4.7150000e+02		6.4174114e+02
4.7200000e+02		4.7300000e+02		4.7250000e+02		6.5742798e+02
4.7300000e+02		4.7400000e+02		4.7350000e+02		6.4563741e+02
4.7400000e+02		4.7500000e+02		4.7450000e+02		6.6512717e+02
4.7500000e+02		4.7600000e+02		4.7550000e+02		6.6365303e+02
4.7600000e+02		4.7700000e+02		4.7650000e+02		6.3952653e+02
4.7700000e+02		4.7800000e+02		4.7750000e+02		6.6772274e+02
4.7800000e+02		4.7900000e+02		4.7850000e+02		6.6128260e+02
4.7900000e+02		4.8000000e+02		4.7950000e+02		6.6320839e+02
4.8000000e+02		4.8100000e+02		4.8050000e+02		6.6489751e+02
4.8100000e+02		4.8200000e+02		4.8150000e+02		6.6630748e+02
4.8200000e+02		4.8300000e+02		4.8250000e+02		6.6376999e+02
4.8300000e+02		4.8400000e+02		4.8350000e+02		6.5373157e+02
4.8400000e+02		4.8500000e+02		4.8450000e+02		6.4242337e+02
4.8500000e+02		4.8600000e+02		4.8550000e+02		6.0369332e+02
4.8600000e+02		4.8700000e+02		4.8650000e+02		5.2412565e+02
4.8700000e+02		4.8800000e+02		4.8750000e+02		5.9966111e+02
4.8800000e+02		4.8900000e+02		4.8850000e+02		6.3081686e+02
4.8900000e+02		4.9000000e+02		4.8950000e+02		6.1880396e+02
4.9000000e+02		4.9100000e+02		4.9050000e+02		6.5907671e+02
4.9100000e+02		4.9200000e+02		4.9150000e+02		6.2110374e+02
4.9200000e+02		4.9300000e+02		4.9250000e+02		5.9112858e+02
4.9300000e+02		4.9400000e+02		4.9350000e+02		6.2472140e+02
4.9400000e+02		4.9500000e+02		4.9450000e+02		6.4279699e+02
4.9500000e+02		4.9600000e+02		4.9550000e+02		6.3133158e+02
4.9600000e+02		4.9700000e+02		4.9650000e+02		6.3921352e+02
4.9700000e+02		4.9800000e+02		4.9750000e+02		6.5113923e+02
4.9800000e+02		4.9900000e+02		4.9850000e+02		5.9175801e+02
4.9900000e+02		5.0000000e+02		4.9950000e+02		6.3385792e+02
